/*--------------------------------*- C++ -*----------------------------------*\
  =========                 |
  \\      /  F ield         | OpenFOAM: The Open Source CFD Toolbox
   \\    /   O peration     | Website:  https://openfoam.org
    \\  /    A nd           | Version:  7
     \\/     M anipulation  |
\*---------------------------------------------------------------------------*/
FoamFile
{
    version     2.0;
    format      ascii;
    class       volScalarField;
    location    "12.5";
    object      p;
}
// * * * * * * * * * * * * * * * * * * * * * * * * * * * * * * * * * * * * * //

dimensions      [0 2 -2 0 0 0 0];

internalField   nonuniform List<scalar> 
7724
(
0.3576
0.0191973
0.788951
0.483074
-0.00266033
-0.000133068
0.815685
-0.0161393
-0.000401997
0.214595
-0.000126461
0.0071766
-0.0241034
0.109181
0.22272
-0.0308524
0.361734
-0.0315402
0.00350896
-0.134303
0.145546
0.00469059
0.0802637
0.406339
-0.0409499
0.388443
-0.00246245
0.133137
0.338952
0.00785428
-0.0428665
1.35083
0.0792458
-0.00152295
-0.000356591
0.176448
0.00889305
0.784258
-0.013484
-0.00107007
-0.0122684
-0.029841
-0.127401
-0.0435843
-0.000656716
-0.000283793
0.00463518
-0.0137438
-0.000238497
-0.131254
0.0106979
0.126453
-0.0516468
-0.00361083
0.17508
-0.01439
0.00383253
-0.0161793
-0.0659638
-0.00159012
9.77829e-05
0.013731
0.109499
0.0079106
-0.00302242
-0.041851
-0.000336418
9.56712e-06
0.112875
-0.0128287
-0.000261586
-0.110041
-0.039569
-0.0672616
-0.0304581
-0.093957
0.770237
0.14244
0.122731
-0.124085
-0.0231297
0.742016
0.205165
-0.0699327
-0.00438018
-0.00698014
-0.0172751
-0.0500855
-0.00205068
-0.0135739
0.347778
-0.0576063
-0.000447587
0.00369754
-0.0108198
-0.068923
-0.104981
0.00245796
-0.00483157
-0.00360227
-0.115559
0.135285
-0.0102852
-7.35531e-05
-0.0463759
0.354105
1.15379
-0.015265
-2.78369e-06
0.0748082
0.455918
-0.0762379
-6.10627e-06
0.0793824
0.355473
0.00133546
-0.085455
0.286007
-0.0784273
-0.0685703
-0.120021
0.70832
-0.119779
0.0305544
-0.117108
-0.00299297
-0.0382963
0.00610136
-0.00318327
-0.0427113
-0.119552
0.124402
-0.0018911
-0.00240144
-0.072393
0.444468
0.905887
-6.37916e-05
0.0238595
-0.150376
-0.063729
-0.0912812
-0.0945108
-0.0644542
1.16921
-0.0326212
0.342338
-0.0635561
-0.0882673
0.705093
0.168116
-0.0434594
-0.00452543
0.0898813
0.204613
0.712089
-0.106889
-0.0240025
1.07117
-0.000217072
0.00183895
0.421261
-7.32595e-05
-0.00625377
-0.0121917
0.530475
0.531986
1.11593
-0.00711755
-0.00942363
1.04729e-05
-0.124611
0.00130708
0.03079
0.025829
-0.0869862
-0.0188209
0.229062
-0.000444766
-0.00157593
0.487747
-0.000215232
-0.000381416
0.812954
0.0101062
-0.0671208
-0.073669
-0.0632142
-0.0393954
-0.147176
-7.86044e-05
-0.1012
0.232924
-0.010386
0.000187386
0.330505
-0.00390177
-0.0401139
-0.0387067
1.31977e-05
0.00288325
0.459482
0.277619
0.727639
-0.0755171
-0.0669247
-0.141714
0.144596
0.456792
-0.000700075
8.53946e-05
1.08974
-0.0264199
-0.00197465
-0.0966852
-0.0400758
0.638632
0.660188
-0.0991902
1.27733
-0.00361798
-0.0311076
-0.118493
0.173876
-0.155616
0.285405
1.07719
0.000148988
0.0320707
0.304564
-0.0127995
0.279025
-0.00175653
1.20465
0.700185
-0.0171818
0.00870909
-0.000997625
0.174602
-0.000329116
-0.0190838
-0.140999
-0.000261839
-0.00420564
-0.00141131
0.291167
-7.57579e-05
-0.0140991
-0.120444
1.34878
0.111396
1.17126
-0.000163137
-0.0439517
-0.000643206
0.749539
0.0132287
0.908617
0.00464628
0.00245769
0.0203995
0.150809
0.00182011
-0.000758993
0.00161406
-0.0134437
-0.0649583
-0.000153101
-0.103318
-0.0116149
-0.000488086
-0.00205604
0.855114
-0.0240097
-0.00248279
1.27717
-0.00462788
0.420092
-0.000709514
0.00327443
1.81859e-05
-0.0708807
0.16732
-0.00810104
-0.0663348
-0.0013542
-0.119398
-0.0468412
-0.000612287
0.00155208
-0.00689069
-0.0231188
0.0095829
-0.00389486
-0.0668545
-0.0554496
-0.0660469
-0.0258001
-0.0831769
0.655653
0.687896
-0.00481437
-0.0513779
-2.87033e-05
-0.0074054
-0.0697101
0.394892
0.228247
0.000266259
-0.0068048
-0.0809226
0.321046
-0.00322289
0.0117519
0.00396704
0.0899077
-0.128826
0.552012
-0.00516492
0.0170839
-0.000403113
0.0132916
-0.000193374
-0.0511674
-0.0011415
0.0154695
-0.0914769
-0.081653
0.00736085
0.0285691
-0.00240374
0.0657962
-0.0219535
0.158574
0.301045
-0.177139
-0.0520781
-0.0482391
0.0168352
-0.137114
1.14477
-0.0425498
0.0973259
1.24844
-0.00498146
-0.0056193
-0.0538618
-0.00345182
-0.0263091
0.0208998
-0.0089257
-0.00666981
0.319153
-0.000260742
0.00173571
0.000210076
-0.0108712
-0.0219149
-3.41609e-05
-0.00357536
-0.0632307
1.07906
0.0096754
-0.0259657
0.990896
0.613705
0.140996
-0.0358004
-0.126228
0.0161062
0.51015
-0.0339794
0.514763
-0.0464653
-0.130475
0.291194
0.509029
-0.0979151
0.215221
0.262952
0.452333
0.141894
-0.00978255
-0.0134803
-0.000317657
0.012461
-0.0346917
0.00328448
-0.000380206
-0.00519054
-0.120047
0.149988
-0.0506164
-0.00787534
-0.0121109
0.0123233
-0.0220766
0.00584029
0.232998
-0.00607137
-9.64894e-05
-0.000222253
0.000112172
-0.0609513
0.310617
-0.0127721
0.0894654
-0.164036
0.770727
0.0106274
0.0218119
-0.0162994
0.824208
-0.00345394
0.536388
0.349644
-0.00041246
-0.0511041
-0.0105383
-0.0870994
0.00178582
0.1564
0.011275
0.0202766
-0.0027969
0.265517
0.3302
-0.0773863
-0.0631057
-0.00728569
-0.0435454
0.0925884
1.32632
-0.0655083
0.0147439
-4.42418e-06
-0.0399111
-0.00729359
0.0602231
-0.139078
-0.063932
0.843836
0.296146
-0.124861
0.340806
0.80859
0.0872614
0.00401372
0.515108
-0.00291792
-0.000635271
-0.051712
0.000240499
-0.156101
-0.000176358
-0.0649319
0.0062746
0.347053
-0.0057561
-0.000100685
-0.140749
0.0056703
0.0710273
-0.111287
-0.14651
-0.0160032
0.307966
0.255156
0.262093
-0.000702827
0.132841
0.17079
-0.0017466
-0.0487982
0.00192043
0.0192177
-0.00566828
0.0154942
-0.0025548
0.178267
-8.04546e-05
0.000588505
0.0064329
-0.0628954
0.0660986
-0.0616625
-0.073935
-0.0614037
-0.163406
0.0260187
0.493846
-0.0676586
-0.0207305
1.22168
-0.102677
-0.0230086
-0.0732887
-0.0179073
-0.0593378
-0.0308292
0.0888187
-0.0536669
-0.000108705
0.0780797
-0.000345856
0.683074
0.114926
-0.0152535
-0.0414669
-0.000649155
0.746665
0.573703
0.108816
0.162157
-0.108053
0.940603
-0.000244679
0.0590567
-0.0526519
0.24809
1.13003
0.0768873
0.289166
-0.00546495
-0.000701871
0.146665
-0.0988009
0.781868
0.0762191
0.433231
-0.0217909
0.795525
0.547289
-0.0275097
-0.0233599
0.129035
-0.149723
-0.000314756
-0.038289
-0.143578
-0.109418
0.0356501
0.0293918
-0.000442307
0.569222
-0.00306227
-0.000370587
-0.0473902
-0.00162459
-0.000764096
0.0111847
0.392165
-0.127011
1.0467
0.000168488
0.378019
-0.0394433
-0.000287132
4.4912e-05
0.334118
0.389043
-0.0126388
0.364067
6.36857e-05
0.381567
-0.174018
-0.0287363
0.853851
-0.0928776
0.154831
-0.0702799
0.372446
0.377092
-0.0471597
-0.0594679
-0.0180847
-0.00886107
-0.00069307
-0.00347559
0.488661
-0.000110237
0.373215
-0.119469
0.659209
0.357012
-0.146801
1.00006
-0.00503037
0.0170168
-0.063145
-0.0568296
-0.0197602
-0.0459544
0.0871396
1.20485
0.000112446
-0.00592746
-0.0761536
1.36503e-05
0.690966
0.0057744
1.20827e-05
0.000564822
0.00114528
-0.0490198
0.0582639
-0.00478807
-0.000309876
-0.0209082
0.00820999
-0.154148
-0.135193
0.0670294
-8.32006e-05
-0.177025
-0.0373839
0.152993
0.658718
0.00363758
0.179135
0.000434843
-0.0358894
0.194861
-0.0197883
0.40599
-0.0367365
0.0665642
0.202073
0.287102
0.0142314
-0.0294611
0.298812
-0.128063
0.757559
-0.0265378
0.422228
-0.0264287
-0.00360924
0.27638
0.00566032
0.189245
0.00594867
1.0888e-05
-0.163877
0.228597
0.00448545
0.154972
-0.0348831
-0.180858
0.0180334
-0.0638734
-0.00515029
-0.0250504
-0.117641
-0.0754158
-0.0278074
-0.000524653
0.80486
0.178536
0.0889017
-0.000660627
0.552206
-2.3992e-06
-0.000609346
0.201069
0.00552389
0.208106
0.131411
0.0521157
-0.0431962
-0.153357
-0.017055
0.00404721
-0.108397
-8.68398e-05
0.0117546
0.39073
-0.0449617
-0.00853737
-0.0181013
-0.00601102
-0.00132596
1.25007
-0.0280321
-0.00175399
-2.21328e-05
0.280749
-0.0780943
-0.0010685
-0.0084256
0.323914
0.175157
-0.0969157
-5.41625e-06
0.357034
-0.0441669
0.335348
0.0499115
0.061293
-0.0795103
-0.000331708
0.197377
0.158426
0.0233807
-0.108216
0.497033
0.0187596
0.283099
-0.00745039
-0.0467249
-0.00126038
-0.00367338
-0.000391634
0.313719
0.344742
-0.00455725
0.0580512
-0.0476549
-0.0853136
-0.0977339
-0.00570076
0.0546594
1.19244
0.0124107
-0.000212709
0.174275
-0.0111786
1.00468
-0.0346619
-0.0314131
-0.0035437
-0.036167
-0.0187872
-0.0222374
-0.00984795
0.0046515
0.0742926
0.000284856
-0.157535
-0.00917465
0.630114
-0.0931314
0.228242
0.00628393
-0.0568206
-0.0314521
0.415228
-0.0209806
0.000276366
-0.0430901
-0.0156859
0.0603121
-0.0719231
-0.0618774
-0.0105533
-0.0405617
-0.0120255
-0.115291
1.05626e-05
0.101009
-0.101609
0.202099
-0.0577561
0.188316
-0.116243
0.52436
0.0207215
-0.0820602
-0.0322936
1.06671
-0.133313
-0.0362697
-0.1526
-0.056544
-0.134382
-0.0752876
0.290394
-0.00848906
0.496671
0.0265928
-0.00125306
-0.00368353
0.155968
1.36215
0.00329309
-0.0393112
0.339308
5.45963e-05
-0.0568868
0.0817141
0.0165369
0.0269489
-0.00492374
-0.0710888
-0.0089908
7.18477e-05
-0.088328
0.443479
0.0101988
-0.0458903
0.00578393
0.338315
-0.00122177
-0.00384938
-0.00115708
-0.00242079
0.0485829
0.0116595
0.00968539
-0.0492079
0.000109335
-0.140108
-0.0850161
-0.156463
-0.0388143
0.0445428
-0.000698749
-0.0353541
-0.117994
0.0348949
0.666988
-0.00387707
-0.130029
-0.0143673
0.0259344
0.244099
0.00127505
-0.000528708
0.136343
0.0218371
0.0454174
-0.00907629
-0.00639071
-0.108131
-0.00060271
0.00212015
-0.0371414
0.574848
0.432356
-0.0475213
-0.0974134
0.0221484
0.0139741
0.0147631
-0.11045
-0.0241629
-6.05809e-06
0.0108198
-0.0671758
-0.121249
0.0152229
-0.104663
-0.00128188
-0.00914074
0.364438
-0.076262
-1.60137e-05
-0.00860364
-0.114096
-0.000553687
-0.0308659
-0.000196762
0.0124397
-0.149684
-0.0490017
-0.000108559
7.55607e-05
0.244557
-0.0784868
0.755672
0.41032
0.0085656
-0.00184671
-0.0260201
0.000614293
-0.122527
-0.121402
-0.0187667
-0.0446134
0.362714
0.0253338
0.000753166
0.0180523
-0.142284
0.00595847
-0.0382598
-0.114156
0.00708686
0.0486182
0.140888
0.0247339
-0.0606047
-0.0798685
0.355051
-0.0461259
-1.69714e-06
-0.13606
-0.12565
-0.0547526
0.0128722
0.00223729
0.023745
-0.14481
0.0714428
-0.0722532
0.19881
-0.0634515
0.0178922
0.0427693
0.0365331
-0.0734846
-0.1287
-0.000378696
0.277787
0.390263
0.0174752
0.25354
-0.105984
0.0975082
-0.0778308
0.374188
0.196128
1.17175
7.55207e-06
0.1898
0.322523
0.0325764
-0.00352887
-0.038674
-0.00984333
9.85443e-05
-0.038546
-0.0865589
-0.0423187
-0.0465047
0.000344824
-0.0980636
-0.000941411
-0.00212046
0.450255
0.0151651
0.0687838
0.0454819
0.386665
0.0259568
-0.0010053
-0.123571
0.0186496
0.707724
0.00289717
-0.0913883
-0.000592854
-0.00134505
0.0169118
-0.0728256
-0.000102415
-0.023229
0.0636844
-0.0046097
7.27875e-05
-0.000153828
0.285314
-0.0351919
0.0154618
-0.00265345
0.0196198
0.0343986
0.0195137
-0.000749705
0.561409
-0.105111
0.41068
0.478108
-0.000539311
0.0586509
0.196394
-0.00185345
-0.000683884
-0.00107848
0.00754483
0.036285
-0.0200291
-0.0373934
-0.116045
0.317064
-0.125413
2.23536e-05
-0.040805
-0.0380905
-0.0740302
-0.00982118
0.0135132
0.00281452
0.0607475
-0.0012502
-0.0006119
-0.0364173
-0.00977929
-0.0520711
-4.48673e-05
-0.0313459
0.0728516
-0.0167604
-0.0329462
-0.0185715
-0.0249831
-0.0195777
-0.0117543
0.0220619
-0.0202115
-0.000282553
-0.00099318
0.0510667
-0.0259602
-0.0111696
0.0188896
0.00700819
-0.176485
-0.0236058
0.292209
-0.0266975
-0.104133
-0.0493288
-0.0474615
-0.0328905
-0.00850904
0.00496813
-0.00798744
-0.0294517
-0.0339769
0.33797
0.260014
0.10324
0.651636
-0.000196116
-0.00733143
-0.034628
-0.0174238
0.149635
-0.0425041
0.0985296
-0.00944089
0.348765
-0.00440714
-0.00370272
0.0374197
-0.0325439
-0.000557355
-0.0423306
-0.0132261
-0.0437497
-6.06092e-05
-0.0148486
0.00447642
-0.0368364
0.0736069
0.0747821
0.0408599
-0.0295974
-0.0653079
0.221071
-0.00292838
-0.0044823
-0.00481475
0.978553
-0.000266127
0.140903
-0.0445553
-0.042863
-0.0551933
-0.080441
-0.0597719
-0.0708215
-0.0382369
-0.0103702
-0.000260926
-0.00961314
-0.0454174
0.192079
0.00377882
0.203643
-0.0681471
-0.028014
-0.0021363
-0.0599642
-0.000272206
0.277471
-0.0626641
-0.0545256
-0.0497472
-0.00862531
-0.0670768
-0.00387035
-0.0837158
0.197156
-0.053838
-0.124838
-0.00335192
-0.0562509
-0.0387439
0.0330677
-0.00730214
0.266647
-0.00545566
-0.0401504
-0.00157868
0.298292
-0.0803459
-0.0551286
-0.00732149
-0.0208878
-0.00621768
0.306239
0.0297762
0.254188
-0.0106586
-0.00190627
-0.00289832
-0.00525088
0.226569
-0.121668
-0.015227
0.00070934
-0.0151681
-0.0172895
-0.00208897
-0.026223
-0.0330466
0.116527
-0.011131
0.011043
0.978997
-0.124798
-0.0600585
-0.116692
6.20974e-05
0.149911
-0.00798953
-0.0560449
-0.0125738
-0.0737644
0.00971214
-0.00125538
-0.00655299
0.0072228
0.370841
-0.0130815
-0.00406228
-0.0104437
-0.104901
-0.018487
-0.0465189
0.0096259
-0.0193477
-0.0198951
-0.0073925
0.376111
-0.0945301
0.0071712
-0.0094793
-0.0575259
-0.0305132
-0.101367
-0.00320037
0.17879
0.0495778
-0.0174652
-0.00392217
-0.0295607
1.00305
0.373267
-0.0247908
-0.00135449
-0.0053891
0.0123056
-0.00895653
0.0450849
-0.000992202
-0.0311571
-0.00449157
-0.0365564
-0.0995249
-0.00244318
-0.0232151
-0.0031066
0.594393
-0.0143629
-0.0256355
-0.0206517
-0.00439983
-0.0624771
0.0625418
0.864893
-0.023603
-0.0249676
-0.0048025
-0.00110831
-1.07245e-05
-1.21093e-05
-0.0222937
-0.00153963
0.172638
-0.00157914
-0.00412917
0.017997
-0.00062458
-0.0910283
-0.102153
0.0370148
0.0820211
0.0555141
0.0523658
-0.0650334
0.176304
0.13821
0.186783
0.232777
-0.0282698
-0.00200125
-0.0127554
-0.11368
-0.00791002
-0.0325811
0.0392751
0.534469
-0.0897117
-0.00114199
-0.000107199
-0.00334606
-9.87867e-06
0.0201811
-0.00130889
-0.0101116
-0.0976752
0.0011579
0.00590821
-0.000532915
0.126632
-0.0334269
-0.0530666
-0.00276997
0.617026
0.401822
-0.0221089
-0.110217
-0.0583617
-0.0510597
-0.0312432
-0.00424058
-0.12887
-0.0577076
-0.0854772
-0.0835857
-0.000160449
0.328844
-0.0234693
-0.0212309
-0.0523987
0.0404912
-0.00124865
-0.0184914
-0.00311691
0.0290032
-0.00342982
0.261863
0.000734462
0.0218952
-0.000978351
-0.109797
0.0195511
-0.00176691
0.0255083
0.000841191
0.0319457
0.212944
0.00380071
-0.00329614
-0.000320662
-0.00134022
-0.00119068
-0.12285
0.236855
0.0246964
-0.000646881
0.0207203
-0.00108434
0.423752
-0.120475
0.423533
-0.087987
-0.00106509
-0.000708487
-0.0161882
-0.0125556
-0.00148471
-5.06644e-05
0.05373
0.0615002
-0.00057291
-0.000811538
-0.0420398
-6.06701e-05
0.31358
-0.00217234
-0.106435
-0.0405827
-0.014107
-0.111514
-0.121897
0.283679
-0.0305765
-0.0430784
-0.000760574
-0.113927
-0.0439023
0.0209978
0.134357
0.650542
-0.00268631
-0.119225
0.0288336
0.528317
0.0821548
-0.000304958
-0.0134019
-0.00908487
-0.0110443
-0.0970068
0.170814
0.000334662
0.0414994
0.00661125
0.143067
-0.00122546
-0.000327503
-0.10102
0.474324
-0.109918
0.250548
-0.00283975
-0.000494425
-7.11019e-06
-0.124592
-0.0849814
-0.000827269
0.186334
0.0242446
-0.0118813
0.805624
-0.000952663
-0.00825286
-0.117571
-0.037953
-0.00513012
0.254963
-0.0954338
-0.000411403
0.0281456
-0.000449875
-0.00026516
0.252579
0.0060332
-0.0010644
-0.104006
-0.0516526
-0.00780151
-0.0455255
0.00529851
-0.0480453
0.00370793
-0.00780829
-0.128738
-0.0776339
0.042392
-0.00208291
0.286644
0.386296
-0.127328
0.0213545
0.0410844
-0.00955895
0.310318
0.194421
-0.0583974
-0.000405228
0.0217557
-0.111042
0.0271563
-0.057519
-0.00471753
0.0899974
-0.0574277
-0.000344738
-0.000203365
-0.0539919
-0.0513828
-0.0542897
0.0212358
0.0183821
-0.0893632
-0.000393213
-0.00314803
-0.000522268
-0.0663152
-6.60544e-05
-0.00435148
-0.0759296
-0.14631
0.156069
-0.00665258
0.00913411
-0.0445892
-0.0531765
-0.000329181
-0.0936452
0.134866
0.294575
4.06673e-05
-0.000284625
0.299862
-0.00561399
-0.137594
-0.0821824
0.00740501
0.000995
-0.136908
-0.0288522
0.30698
-0.113505
-0.0033394
-0.0187497
-0.103086
-0.00133884
-0.000581404
-0.00209828
-0.00903842
-0.103097
0.217882
-0.000512567
1.02298
-0.0199322
0.000205484
-0.00221639
0.000486979
0.0005663
-4.53341e-05
0.000253475
-0.106495
-0.00167237
0.00089991
-0.000484223
0.265408
-0.0126612
-0.000473417
-0.000137704
0.597152
-0.04516
-0.0446528
0.00250622
-0.0016444
0.115866
-0.000260788
-0.0259799
-0.152337
0.00480738
-0.0139544
-0.000250433
-0.000499483
-0.0631299
-0.102734
0.0158137
-0.139207
-0.0834436
-7.61973e-05
0.0453004
0.0681316
0.209758
-0.00387926
-0.000390377
-0.112566
-0.013457
-0.00117963
-0.0993965
-0.000347275
0.0823304
-0.000258498
-0.00289061
-0.00113814
-0.004665
-0.1172
0.910135
-0.00367021
0.000556577
-0.106399
-0.0983735
0.0200275
0.0102703
-0.000376253
-0.0645795
-0.000226476
0.365779
1.27545
0.128902
0.00667607
0.00791545
-5.61404e-05
-0.0575107
-0.000165876
-0.0145639
-0.00381091
0.00074481
-0.00746666
-0.0203446
-0.000310722
0.00186606
-0.017026
-0.000746347
-0.0210733
-0.0348213
-0.00843768
-0.00256201
1.12768
-0.00160318
0.00537278
0.000486175
0.0298276
-0.100303
0.0210134
-0.000435972
-0.000256653
0.00575705
-0.000285138
-9.94903e-05
-0.0244412
0.00147224
-6.62346e-05
-0.102598
-0.00497143
-0.113214
-0.0036898
-0.000178351
-0.00694286
-0.0127961
-0.0316714
-0.0451651
0.00509489
0.0010689
-0.0010892
-0.00441492
-0.000217096
0.510171
0.00339513
-5.57548e-05
0.00121957
-0.0045023
-0.000856993
-0.127386
-0.10987
-0.000347275
-0.0153354
1.59873e-05
-0.00574738
-0.000192601
0.0738438
-0.000353862
-0.000476344
-0.0076702
-7.63554e-05
0.0291454
-0.000541505
-0.00285752
0.0402348
1.21109e-05
0.715119
-0.107502
-0.084587
-7.60263e-05
-5.77602e-05
0.00422945
-0.00268118
-0.101048
-4.78613e-05
-1.21075e-05
0.00158258
-8.5159e-06
0.000776437
0.000935086
-0.00107067
0.0016683
-0.105959
0.926916
-0.0651872
0.615865
0.0196657
-0.0348313
-5.33619e-05
-0.00199342
-0.0262823
0.000266143
0.00057331
0.000327338
0.110285
-0.00300374
-0.000547785
0.991292
-0.00123348
0.00121926
0.00105191
-1.34579e-05
0.0196624
-0.00479257
0.0024378
0.000226117
-0.00123002
-0.000177629
-0.00207619
-0.0888748
-0.000972025
-0.00351295
-4.53107e-06
-0.000291735
-0.000613217
0.358155
-0.00102878
-0.000673278
-0.138935
0.00819141
-0.000240531
-0.00300452
-0.00015957
0.327062
-0.145134
-0.000727525
-0.000904343
-0.00413121
-0.000412843
0.116862
0.209696
0.0639022
0.00104591
-1.9089e-05
-2.984e-06
0.113778
0.000507248
-0.122524
-0.0453821
-0.0335637
-0.0483288
1.13363
0.00429227
0.335054
-0.0310642
-0.0602869
0.333186
-0.000833238
-0.131301
-3.75744e-05
-0.0194477
-0.0999207
9.91505e-05
-0.0942665
-0.0021433
-0.00727121
-0.0116276
-0.0875131
-0.0864865
-0.00675493
-0.120409
-0.0901539
-0.000451194
-0.0260626
-0.000158322
-0.077026
-7.45458e-05
-0.000448808
0.0423419
0.315244
-7.16583e-07
-0.0922693
0.00778621
0.000137639
-0.0433683
3.39449e-06
-0.0293439
-0.000633572
-0.0790695
0.000235007
-0.000227389
-0.00446765
-0.000163662
0.308081
-0.0630505
0.129742
-0.000102943
0.00131899
-0.0673027
-1.55103e-07
-0.115064
-0.133185
-0.112677
1.03344
-0.0140671
-4.84558e-05
0.0556492
-0.0852529
-0.00551417
-0.000101136
-0.000221312
-0.0963893
0.000232349
0.00185457
-2.49855e-06
0.000297388
-0.0584022
0.126364
-0.0969326
0.187752
-0.0116168
-3.64715e-06
0.0142107
-0.0976357
-5.57303e-05
-3.93502e-05
0.000653958
0.000117865
0.00083819
0.286802
0.0749751
0.000102517
1.20827e-05
-0.133486
0.386717
0.337389
-0.000114487
-0.0744927
-0.0398397
-0.0217165
-0.0977593
-0.0178529
-0.00634437
0.274627
-0.000124744
-0.0548692
0.325082
-0.0992981
-7.10303e-05
-0.124367
-0.000423306
0.413588
0.0608634
-6.98492e-05
-8.22225e-05
0.348801
4.5503e-06
-0.000433392
-0.0251372
7.4155e-06
0.439005
0.00738299
-0.0158192
-0.130904
-0.0081801
-0.135266
0.353797
-0.0200404
-0.0327647
0.00209698
-6.13719e-05
-0.00227441
-4.70907e-05
-5.61707e-05
0.054338
0.3488
0.291023
-0.00101269
0.47441
-0.0228089
5.39317e-06
-0.0934167
-7.0072e-05
-0.0576955
0.0630553
-0.0300407
0.00952004
0.00404442
-0.0199444
0.000472785
-0.0036587
0.0431241
-0.00626872
-0.000144445
4.98904e-05
-0.00015967
0.0664472
9.3752e-05
-0.0449931
0.504594
-0.0129527
9.20353e-05
-0.00750337
-4.57141e-05
0.110976
-0.000814543
-0.000170642
-0.000211663
-4.01186e-05
0.406856
-0.000374382
0.422651
-0.123056
0.000199196
-0.103064
-0.00111837
0.303348
1.0183
-0.00308622
3.69921e-06
1.55125e-05
-6.22902e-05
0.245956
6.40739e-07
0.00222262
-0.050648
0.407726
6.14766e-06
1.64689e-05
4.86699e-06
4.11355e-05
-0.0430239
2.2858e-06
0.354076
-0.0331851
-0.000303392
5.12196e-05
-0.00449035
-0.0600185
2.41459e-06
-0.000145816
0.319485
5.81335e-05
-0.0658126
-0.0857579
0.000248525
1.02914e-06
-0.172066
1.95533e-06
0.310268
2.51439e-05
-0.00101994
1.43515e-05
-0.000416755
0.185428
7.75694e-07
-0.00356716
3.58604e-06
0.0289346
-0.00733043
-0.0137196
0.00197035
0.298019
-0.000647884
-0.000210757
-0.0189195
-0.0182873
-0.000571385
-0.000163567
-0.00199838
6.38471e-05
0.252817
-0.0215039
0.977802
-8.9701e-06
-0.0163459
-0.000405195
0.247463
9.84316e-05
-0.0542414
3.90694e-05
-0.00345259
-0.0686696
-0.000538692
-0.0330572
-0.100318
0.0108097
-4.72284e-05
-0.106884
-0.000757259
-0.000709548
-0.0118854
-0.0258166
0.0027637
-0.000162771
-0.000993802
-0.00197454
-0.00281213
1.07758e-05
-0.00266082
0.981431
0.000180411
-0.00702245
-0.0716316
-0.147192
-0.127334
-0.0973113
-0.0452035
-0.00118891
-0.0299802
0.000139864
-0.000210274
0.969692
-0.00023543
0.308147
-0.0010101
0.000792115
-0.00249545
-0.0994352
-0.000953379
0.00141658
-5.23421e-05
-0.000896864
-7.07243e-05
-0.000203583
-0.0314493
-0.000278571
-0.000103461
-0.000210441
0.000246973
-4.39212e-05
-0.0864375
0.308394
-2.98148e-05
-0.00133029
-2.26463e-06
5.14268e-05
-0.00184017
1.08597e-05
-0.00199278
0.000546572
-0.00083779
-0.12927
-0.00152869
-0.00394187
4.00302e-06
-0.00334464
0.000673636
-4.06457e-05
-3.1586e-05
2.08555e-05
-0.00175308
0.0010844
-0.0899059
-0.0547788
-0.130663
0.00131282
-0.00395198
-0.0187427
-0.13168
-0.000232633
0.0338511
0.0145259
-0.00227287
-0.0248715
-0.113548
0.848726
-0.000949875
-4.36033e-05
0.00186998
8.29987e-05
2.74055e-05
0.149285
0.00774312
0.173404
-0.070358
0.837504
-0.00115956
2.94555e-07
0.000279704
-5.61823e-05
-0.00295786
0.282272
0.423205
-2.48551e-05
-0.000406532
-6.23652e-05
0.401057
0.0408081
-0.0110697
1.83163e-05
3.15514e-05
0.0155349
-0.00153415
-0.141944
-0.034742
2.64195e-05
0.00742798
-0.0626222
-0.000155789
0.00391289
-0.000186026
-0.092918
-0.00381456
0.273627
2.61671e-05
0.00357584
-0.000134928
2.09341e-05
0.00032268
-0.0474342
2.14548e-05
-0.00200012
2.91109e-05
-0.040657
-0.0924146
-0.00638832
-0.0140086
-0.0181061
0.0195683
-0.0183447
-0.00533173
0.000120363
0.000180588
2.73811e-05
2.45608e-05
-0.000145013
0.0190177
-0.112352
0.000991702
-0.0807841
-0.00659704
-0.095427
0.000160404
-2.99443e-05
0.00277173
-0.0812287
2.62268e-05
-0.0813688
-0.0302683
0.00574761
-0.0797482
4.14014e-05
-0.00732979
0.000366347
-0.158315
0.258251
1.05173e-06
-0.118375
-0.0450885
-0.00899457
5.7442e-05
-2.73277e-05
0.0586863
-0.0344073
2.9155e-05
-0.0142796
-4.33246e-05
0.000409471
0.237827
-2.49692e-05
-2.34347e-05
-0.000232453
5.29231e-05
0.00189119
0.000161424
-0.0110254
0.000443927
-0.0261094
0.00232783
-0.000496802
-0.0630182
-0.0861254
-0.0132266
-4.11299e-05
3.06823e-05
-0.111705
0.0122296
-0.0956051
3.45711e-05
-0.0109117
-9.28236e-05
3.42584e-05
0.142234
-0.0146764
-0.00594134
-2.8981e-05
-0.036286
8.45284e-05
-0.133113
3.66762e-05
-0.150148
8.11642e-06
-1.87059e-05
0.000156002
0.00214799
-0.110371
-0.0372985
-0.136952
1.22295e-05
0.000159243
-0.152931
-0.0468551
-0.0176194
-2.00538e-05
-0.0400037
-0.0986539
-0.154987
-1.56528e-05
-2.73732e-05
-2.96397e-05
-0.112846
-0.131662
0.00150044
-0.0229226
-0.000156207
0.305632
0.00017318
5.72456e-06
0.000278289
-6.12184e-05
-3.07298e-05
-0.0076555
0.000195891
-0.00539537
-0.125951
-0.0270496
-0.117108
5.38683e-05
-0.000131114
0.105562
-0.08456
-0.00994754
0.216696
-3.79149e-05
-4.42642e-05
-3.99747e-05
0.174177
0.000324989
-6.42001e-05
-3.05122e-05
-0.113569
-0.0318924
-1.96215e-05
0.000102181
-0.0192119
-0.0133931
0.000851642
0.427219
-0.114057
0.000384331
1.28963
-9.05866e-05
-0.00152609
-0.0171015
-0.156218
-6.24246e-06
-4.07513e-05
3.39511e-05
0.0101224
-0.0627452
-0.000779666
-0.0982973
-0.0161152
2.7377e-05
-1.41871e-05
-0.021042
-0.00207558
-0.00753048
-0.0893835
-0.0916262
-0.0783397
0.0171629
-0.054087
-0.000163671
0.000690535
0.0245577
0.00109233
-0.000235713
0.0015796
2.52002e-05
-0.000261556
-0.0249859
-3.3384e-05
-9.14873e-05
0.0775633
-0.02361
-0.00041484
-0.000150691
-2.68275e-05
0.469179
-0.0138079
0.00162809
-0.0564334
0.000442534
0.000376162
0.000320667
-0.000131577
0.000960361
-0.0758697
0.0369546
-2.61389e-05
-0.000414223
-0.0824124
-0.0621324
0.0975836
-0.00108098
0.00392427
0.0372598
-1.72768e-05
9.30555e-05
-0.0896175
3.42768e-05
0.310186
-2.25191e-05
0.00887019
0.000312509
0.000426185
-0.140533
-0.0152759
-0.0365642
-0.0051106
4.19269e-05
0.0141819
0.122206
-0.0253125
-0.000327572
0.184586
0.304703
-1.22903e-06
-0.104265
-0.000177667
-3.97948e-05
-0.000115623
-0.00123806
0.0411095
-5.59442e-05
0.000472527
-0.0501282
-0.0523575
-0.0450765
0.593597
2.48608e-07
-0.000178091
0.319532
-0.00720678
-0.00796782
-0.00142276
0.315494
5.48666e-05
-0.000730465
4.67853e-05
1.07715e-05
5.02045e-05
5.69025e-05
0.000133214
-0.0365227
-8.97905e-06
-0.0069744
-0.0899714
0.426642
-0.000370705
-0.000128253
0.00992962
0.166895
-0.0872513
-0.00163786
-0.140621
0.58572
7.14283e-05
0.778461
-1.75398e-05
0.00700185
0.0505067
0.000862349
0.857067
-8.49151e-05
-2.06387e-05
0.00244451
4.76931e-05
-0.00187449
0.000506625
-4.58361e-06
-0.00418383
-2.81281e-05
-0.000349734
-0.00696983
0.455701
0.104785
0.0457419
-0.0886787
-1.7131e-05
-6.55411e-05
0.0070948
-0.104548
-3.69256e-05
-0.0943238
-0.000141581
0.201159
0.12308
-0.0662283
-0.00290601
-0.0240206
-0.00212131
-0.0305619
0.00886859
-0.015082
0.127732
1.19868e-06
0.356986
0.070733
-0.0012755
0.388494
-0.0275831
-3.38456e-05
1.52369e-05
0.000118376
-0.000489233
-0.000301934
0.462595
-0.00213012
0.473463
-0.00227575
0.311599
0.403468
0.189995
-0.0146805
-2.96335e-05
7.07701e-05
-0.0219831
-0.170137
-0.0967512
0.00314851
-1.84137e-06
-0.077676
-0.000713986
-5.01102e-05
0.00211
-0.00231662
-0.00137486
0.0684305
0.000135915
-0.0984726
0.117124
0.000101119
0.000512018
-0.0287691
-0.113082
-0.00159663
-0.00114494
-8.45307e-06
0.000470439
0.131251
-0.0346137
-0.0955251
0.0027487
0.16656
-0.0787657
3.73526e-05
1.96948e-05
0.050816
-0.00025831
0.147008
0.0046021
-0.0281131
-0.000870445
0.00347174
-0.0728305
-0.000141265
0.000977441
0.00750338
-0.14921
0.260586
-0.126423
-0.0550464
-0.00041808
-0.000117386
0.0141143
6.96453e-05
-0.151169
-0.131899
0.00112879
0.00709113
0.00799604
-0.154766
0.0012807
0.000345492
3.78449e-05
-0.0833422
3.71954e-05
0.00112095
0.234971
0.339036
-0.16828
0.0993124
0.0984408
0.048704
-0.000408892
0.0257457
0.000226381
1.47518e-05
-0.000221504
-4.47271e-06
-1.04682e-05
-0.000808299
-0.0159836
-0.0858171
-0.0203558
-0.0577088
0.107692
0.0899814
0.00856053
-0.126864
0.000280734
0.00974096
0.0235395
-0.000879226
0.150087
-0.0026122
-0.0226434
0.0257822
0.0115706
0.00211934
-0.00850927
0.089913
0.00170691
-0.0407278
-0.0339879
1.03193
-0.0504989
0.161004
0.0544361
-0.0738021
0.00470865
0.000155032
-0.00550325
6.64768e-05
-0.00561513
-0.0518714
-0.000181247
-0.000168148
0.458791
-0.00697168
-0.0855427
-0.0390354
0.000368516
-0.00301039
-7.14525e-05
-1.21622e-07
0.0808455
5.85335e-05
-0.00624934
0.151691
0.013087
0.00233323
0.0386909
-0.0121278
0.00884425
-0.158099
0.00179528
-0.00938155
-0.113797
-0.00187206
-0.0169723
0.00157834
0.00253976
0.00206028
0.0786392
-0.000732759
0.0118937
-0.110802
-0.0426056
0.000601217
-0.110434
-0.0311152
-0.0358011
0.000160272
0.0139908
-0.131306
-0.00182854
-0.0101919
-0.102782
0.000830115
-0.00255214
0.40746
-0.0425664
-0.000103553
0.0174755
-0.100284
-0.00228604
0.368701
-0.00457367
0.00211874
0.11952
-0.00307988
0.0173098
0.246064
7.2809e-05
0.00244886
0.000325438
1.79302e-05
-0.00945262
-0.0146367
-0.000345527
-0.0499289
0.19223
-0.0770265
-0.136308
0.00243035
-0.00692047
-0.0013107
-0.074487
8.4628e-07
0.0369061
2.57977e-05
-0.0331089
-0.0041832
-0.0104465
-0.0455536
0.222004
-0.145104
-0.000142427
0.346425
-0.00410512
-0.00515019
-0.121424
-0.150455
-0.0323043
-8.33961e-05
-0.00237539
0.0152909
-0.00654429
-0.00999889
0.000876584
0.171196
-0.0852538
-0.0232382
-0.0140207
0.0522665
-0.00449673
-0.00161505
0.00359494
-7.24228e-05
-0.00655312
0.218132
0.00164173
-0.173088
-0.000190241
-0.0154149
-0.00728118
-0.159121
-0.0239593
-0.179341
-0.000167673
-0.000165817
-0.00758523
0.0219821
0.00382756
-0.194227
0.169792
-0.0983588
0.000341379
-0.207518
-4.80923e-05
-0.211817
-0.0524842
-0.221829
-0.219035
-0.20964
-0.170223
-0.0923365
-0.0618811
-0.0334354
-0.00275341
0.0281074
0.125273
0.160014
0.197544
0.285858
-0.0168816
-0.0153641
0.125573
-0.0339793
0.00186539
0.0362813
-0.0827141
0.00114254
-0.00141029
-9.28318e-06
-0.0294069
0.0372183
6.90374e-05
-0.00069632
-0.0219485
-0.00857898
-0.225614
-0.0248008
-0.113948
-7.66244e-05
0.00116648
-0.000127792
-0.0969742
-0.0182334
-0.0741553
-0.0197139
0.00366221
0.000419389
0.00992839
-8.38445e-05
-0.0147326
-0.000100955
0.000721764
-0.0112313
-0.0239743
-0.000548982
0.00062919
0.0980732
-0.0214678
0.129215
-0.220341
-0.0151593
0.0916887
-0.0387787
0.0077198
-0.044377
-0.00685298
-0.0260407
-0.025651
0.660246
-0.0027555
9.69463e-05
-0.0121608
-0.0184749
3.14638e-06
0.160168
-0.00844286
0.608919
-0.125398
-0.0919135
-0.0550022
0.095397
-0.0098614
-0.000129662
-2.01715e-05
-0.00880093
-0.109884
7.30075e-05
0.602034
-0.00577592
-0.0103062
-0.000226043
-0.000854744
-0.0128093
0.059857
-0.0891343
0.231361
0.00127134
-0.0294804
-1.63057e-05
0.0559112
-0.016078
0.0403028
-0.0276898
-0.0113996
-0.00175534
0.00277494
0.0244247
-3.22178e-05
-0.0197654
0.00118427
-0.000885132
0.000932475
-0.0418628
0.000468415
0.276018
-0.0219424
0.00785483
-0.111349
0.0406536
-0.111394
-0.0238283
0.0787626
-0.0376141
0.337063
-0.0134149
-0.0071489
-0.101979
-0.00156908
-0.000124281
0.000858308
0.00015265
-0.00477301
0.00913823
0.000121561
-0.0281648
0.0453494
-0.00646551
1.88154e-05
-0.00692166
-0.0864669
0.287935
-0.068686
-0.0971953
0.0170702
0.155253
-0.0026379
0.0538109
-0.0242941
0.011074
0.0750595
-0.120059
0.211489
-0.000136596
-0.0600969
0.00237316
-0.00318358
-9.56137e-05
-0.0125673
0.200897
0.00193289
0.448585
-0.0427193
0.00785618
-0.0325894
0.000283173
-0.00350916
0.12811
-0.162669
0.421215
0.0700433
0.0505939
0.322824
-0.0861253
-0.00896374
-0.124784
0.00118403
-0.068984
0.296014
-0.0060162
0.34804
-0.00313934
0.180693
0.000163785
0.19653
0.23207
0.000404296
-0.0406363
-0.000814365
-1.57747e-05
0.0109692
0.00412188
-0.0794569
-0.0725432
-0.0118109
-0.0816283
0.308226
0.102658
-0.0939053
-0.0329264
5.62789e-06
0.00877826
0.244613
0.00953445
0.313033
-0.121187
0.0111001
0.000112108
0.000778073
-0.0435016
-0.00241022
-0.00546976
-0.0765546
-0.00133106
0.00693885
-0.0752271
-0.082271
0.276576
-8.27072e-06
-0.0380053
0.000324242
-0.0520982
-0.000789259
-0.115963
0.239964
-0.0775392
-0.0493267
-0.0034038
-0.0309391
-0.00150688
-0.0108531
0.163274
-0.0581182
-4.78652e-05
-0.0150202
-0.00866273
-0.000817253
-0.00534991
0.0248809
-0.0219915
-0.0690943
-0.00010075
0.289
-0.0553552
0.0139603
-0.000827907
-0.0165552
-0.000819835
-0.0266615
0.000532679
-0.0488411
-0.000278108
-0.0758962
0.0055952
-0.000352964
-0.0228425
0.000578747
-0.0192819
0.00244343
0.317363
0.00250851
-0.0192614
-0.0183863
0.00786445
0.241352
-0.030004
-0.0926852
-0.0322541
0.000646962
0.2352
0.0979422
0.00266037
0.000210887
0.10747
-0.0911173
0.0052228
-0.0545759
0.000724056
0.000708555
0.0371857
-0.0551783
-0.0270747
-0.0229757
0.393241
0.0556708
-0.0719656
0.0680417
-0.000941291
4.3367e-05
0.00310055
0.00594344
0.214384
-0.00756374
0.0407715
0.000155078
0.931725
0.833719
-0.00313821
0.374312
1.22376
-0.0609955
3.09532e-05
0.154542
0.250461
-0.00769914
-0.0482033
0.000342424
1.37807e-06
0.273697
0.0347913
-1.69592e-05
-0.109404
0.000137135
0.0932167
0.0893489
-0.0674649
-0.0694143
-0.0431955
-0.000638575
0.00235666
-0.0263248
0.159962
-0.0880319
0.29513
-0.0200802
0.0889836
-0.00441579
-0.000532481
0.00113688
-0.00600386
0.253799
-0.0104328
0.252518
-0.000619711
-0.146819
-0.0854314
0.253473
-0.0134016
0.000739102
-0.0741088
0.000762774
0.026067
0.219495
-0.0170286
0.278928
-0.0207641
-0.00747584
-0.166466
0.0569069
-0.125874
-0.034001
-0.001952
-0.0554075
0.00300029
-0.01935
0.0032162
-0.0618683
-0.0250065
0.0892734
-0.00852094
-0.141587
-0.0810562
0.0616138
0.0603353
0.222791
0.00880675
1.97181e-05
-0.0133498
0.363315
-0.000232045
-0.0124004
0.000751229
-0.000565878
-0.0787494
-0.00145397
0.00693702
-0.00235885
-0.00354457
0.000648231
-0.0752685
-0.00429411
-0.0292053
-0.0148508
-0.00668602
0.47124
0.105542
-0.0687903
-0.0254236
0.00324243
0.000188106
0.027502
-0.0022456
0.0173503
0.528753
0.187553
0.16623
-0.000543734
-0.0331405
-0.00302918
0.0561361
0.147218
0.214735
0.281029
0.299229
-0.0294806
-0.00191618
-0.00466999
0.074473
-0.00769223
0.314166
-1.88335e-05
-0.00331918
-4.05946e-06
-0.0115579
-0.0696662
-0.00477545
-0.0279809
-0.0577911
-0.110285
0.296335
0.260372
0.0390108
0.261533
0.140942
0.129812
-1.89363e-05
-0.0154015
-0.0202833
-0.194327
-0.0113195
-0.0822253
0.118105
-0.166078
-0.00268975
-0.122884
0.192741
0.230683
0.112501
0.0877572
-0.0741372
-0.0344345
0.0505602
-0.0106647
0.70693
0.000140725
-0.133175
0.126775
0.0362972
-0.00168516
-0.0852678
0.908239
-0.0397365
0.117444
-0.00171971
-0.152701
0.000570293
0.325511
-0.0933544
-0.0453631
0.104359
0.0405115
0.117367
0.736824
0.500008
0.00537542
0.00100385
-0.00562708
0.000293306
-0.0600918
-0.0116722
0.107872
-8.33358e-06
-0.00415166
0.154827
0.659378
-0.0509385
-3.64446e-07
0.930068
-0.135503
-0.130166
-0.00808901
0.113835
-0.15429
0.0979296
0.260707
-1.83086e-06
0.236589
-0.0569041
0.000375697
0.0731721
0.0692303
0.107318
0.677138
0.768481
0.0106417
0.110281
0.00121697
-0.0721788
-0.0633793
-0.000281504
0.261067
-0.146588
-0.133878
-0.123795
-0.00177268
6.16766e-05
0.0104872
0.0344359
0.446672
-0.0700038
-0.00557778
0.000271048
-0.00741797
0.000149758
-0.0385138
-0.0766866
-0.0177238
-0.0577399
-0.121986
-0.0838245
-1.01252e-05
-0.0810408
-0.00576453
-0.151705
0.0976636
-0.000118348
-4.66611e-07
1.40098
0.593481
0.860588
0.374213
0.0364135
0.000183067
0.0477946
-0.0603422
0.000291697
0.559777
0.00829835
-0.00143596
0.131142
0.166783
0.0756207
-0.191854
-0.106176
0.395863
-0.20149
0.0837731
0.0139957
-0.203314
-0.202343
-0.0713057
-0.040587
-0.0132078
0.0176628
0.148672
0.187568
0.122693
-0.0860677
1.12186
-0.0109659
0.0424535
-0.105441
0.012337
0.205866
-0.0181377
-0.0188636
-0.142399
-0.208091
0.0817372
0.000246606
-0.0942076
0.694705
0.0164319
0.604623
0.48246
1.03279
0.0965293
-0.202119
0.756168
0.0520028
0.116104
-0.00207173
-0.0098767
0.000678411
-0.0865427
0.176177
-0.0809514
-0.0994282
-0.00650687
-0.0984439
0.0455016
0.000383065
0.177397
-0.0780718
0.002628
-0.000761812
-0.212111
0.00968881
-0.0212888
-0.0474752
1.04786
1.66934e-05
-0.10154
0.00466867
-0.0248729
0.0124755
0.0594125
0.00267206
-0.130105
-0.00018414
-0.00915701
0.165323
-0.0119951
-0.0646847
-0.0133769
7.88669e-05
0.0379601
0.0504348
-0.0891263
-0.0502658
0.0653713
-0.00650356
-0.00421477
0.252847
-1.09283e-05
0.0860896
0.0610887
-0.124324
-1.19665e-05
-0.00333157
-6.56314e-05
-0.0709438
0.287085
-4.91487e-05
-0.0166939
0.000179282
0.00259031
-0.0452628
0.000392334
-0.0790412
-0.108598
1.44158
-0.000137115
0.137632
0.00308833
-0.00155164
0.00147007
0.0816072
-0.0344318
-0.0890702
-0.0944912
0.325068
-0.0524113
0.181339
7.84494e-06
0.477672
0.0443429
1.21206e-05
-0.141873
0.168668
-0.000873262
-0.000128381
-0.0864276
-0.0755857
1.42059
6.37775e-05
-0.0713728
-0.0879423
-7.60884e-05
0.0403049
0.00102317
-0.0491495
0.354033
-0.0692579
0.0611301
0.0127888
-0.000453128
0.435894
0.648559
0.00337328
-0.013965
-0.100247
0.309382
-0.0263148
-0.000434777
0.135664
-0.160421
-0.111931
-0.00249584
-0.00502989
0.0812892
0.0481849
-0.0671625
-0.110049
-0.138145
-0.0639909
0.095996
6.02405e-05
-0.0421424
1.38596
-0.00243781
-0.0037135
-0.0084321
1.02996
0.217894
2.49968e-06
5.1385e-06
0.313893
0.31243
-0.0560553
-0.113643
-0.101487
-0.000113404
0.0488168
0.0279687
0.243224
-0.00771985
0.32452
-0.0394853
0.0662931
0.715381
0.00044264
-0.0218458
-0.185003
-0.167519
-0.0390109
-0.000158421
0.581235
0.128692
0.0526081
-0.0543858
-0.125788
0.000105093
0.338002
0.00132393
0.000206326
-0.0781346
0.141796
0.00302709
-0.020591
-0.07825
0.23866
-0.00547051
-0.0799086
0.001627
-0.0640273
0.00074446
-0.0201679
0.000744217
0.0500825
-0.0557828
0.32605
-0.0178163
-0.000192196
0.000431785
1.19715
-0.000140797
-0.0723011
-0.0927321
0.534533
0.0916746
0.00016536
-0.0277858
-0.0357899
-0.106497
0.136342
-0.0938139
0.198122
-0.0273613
0.059508
-0.0376586
-0.0156544
0.550547
0.0048575
-0.0239438
0.255216
0.252619
0.924431
-0.0809105
-0.0599416
-0.00179785
-0.0607572
-0.1228
0.182504
-0.00224308
0.0647846
0.000238165
0.0357036
-0.00553498
0.0279287
-0.0513423
-0.0328927
-0.00319929
-0.0441212
0.000185756
0.0599472
-0.0818979
-0.00276844
0.000113183
-0.00942064
1.25842
-0.153642
-0.0337512
-0.00618293
-0.000552707
0.630946
0.0731685
2.26096e-05
0.0113917
-0.15947
-1.52319e-05
-0.00175276
-0.0756843
-0.0200454
-0.0103809
0.232695
0.533411
0.370531
-0.0774878
0.000867299
-0.0896328
0.000170649
0.246287
1.00132
0.000197665
-0.00175899
0.0322022
1.06346
-4.91492e-06
0.527682
1.13002
-0.0880427
-0.0214636
-0.00579296
0.542179
-0.0125559
-0.145853
0.981734
-0.0103831
0.573082
-0.044098
-0.0195028
0.941587
0.0925727
0.556641
0.498867
0.00490228
-3.89243e-05
0.348907
0.145161
-0.0293135
-0.161802
0.00996133
-0.140782
-0.0285236
0.539854
0.000423283
-0.0115587
-0.14195
-0.0778517
-0.0532251
-0.113478
-0.0997422
0.450092
0.11465
0.0492727
0.890322
0.00181745
-0.000106751
0.115823
0.0877741
0.125551
-0.000526824
0.0136727
-1.55989e-05
-0.0863018
0.0388033
-8.63936e-05
-0.00241899
0.00143188
0.000110766
0.165018
-0.0165014
0.000593749
-0.0186587
-0.147198
-0.0183363
-0.00600794
0.469346
-0.0393584
-0.0300218
0.00269199
-0.0286196
9.05954e-05
-0.0716286
0.241437
-0.00496504
0.229449
0.0172219
0.180746
0.269128
0.395884
-0.0476912
0.738138
-0.0273253
0.421531
-0.176861
-2.61442e-05
-0.023445
-0.0368233
0.0546577
0.276869
-0.109115
0.000490963
1.42635
0.015655
0.230105
-0.0725611
0.0941466
0.156334
0.00174719
-0.0600252
-0.139633
0.00471439
-0.0015067
-0.0207726
-0.07509
-0.00976524
-0.0145385
-0.141946
0.331574
-0.0104344
-0.0662883
-3.13263e-05
1.16406
1.32823
0.0125035
0.000102616
-0.0562129
0.000832567
-0.0628679
0.000170498
0.0860293
-0.054612
0.000294393
-0.00132163
-0.0901903
-0.00172129
-0.0376407
-0.0568079
0.492084
-0.137284
0.626346
-0.001409
-0.0212085
-0.0288496
0.0779344
0.0933556
-0.0981916
0.00432171
-0.0284662
0.465471
-0.0720512
0.000593939
8.58551e-05
-0.00566388
4.55239e-06
-0.0206446
-0.00382931
0.0255385
-0.0126987
0.214868
5.73057e-05
0.00298041
0.223638
0.27442
-0.049809
-0.00410454
0.212995
0.000487698
0.000503942
0.0818138
-0.00230907
1.01626
-0.0723484
0.535826
-0.151378
-0.000100817
-0.0168954
0.792398
0.558592
0.0338045
0.0075442
-0.000566449
0.237018
0.102094
0.0284386
-0.00260936
-0.0376207
-0.0997869
-5.00975e-06
-0.0471308
-0.0910104
-0.0688792
-0.010049
1.06083
-0.00902666
-0.049741
-0.0729508
0.00109349
3.74292e-05
0.00310114
-0.0108312
0.548697
0.0204441
0.000129535
0.00156308
-0.123171
0.843557
0.000362579
0.00128162
0.0711764
-0.0677075
0.740296
-0.0598552
0.615371
0.566287
0.000343944
0.482344
0.56255
-0.0553266
0.0810023
-0.000489565
0.59248
0.0010752
-0.000254634
-0.00802775
0.392083
-0.0160128
0.277274
0.00418235
1.07179
0.00505177
-4.19071e-06
1.48812
0.0804234
1.16948
0.252791
-0.192628
0.0400441
-0.115274
0.701328
0.000419056
-0.000287174
0.0971577
-0.00162831
1.03935
-0.179226
-0.188081
0.0043704
0.151305
0.224501
-0.135456
0.0281911
-0.0489214
-0.00981269
0.0568312
0.000776692
0.00616631
-0.052923
-0.0528645
-0.0846108
0.0935178
-0.00257671
0.163267
0.132422
1.15201
-0.102488
0.0673338
0.000817583
-0.152106
0.576817
-0.0154061
0.214235
0.451928
-0.0562728
0.032832
-0.134331
-0.000159131
-0.00844211
-0.00512712
0.0164324
-0.0101869
-0.156177
0.000196036
0.277457
0.188542
0.375864
0.210043
0.241147
0.0245054
0.113042
0.0412135
0.0518586
-0.0377702
-0.176161
0.148514
0.606342
0.0849476
-0.0110408
-0.129227
0.181475
-0.0157658
-0.167844
0.374644
-0.0344336
-0.0725042
0.259233
0.0737364
1.00481
-8.68159e-05
2.99021e-05
-0.113104
0.668964
0.609863
0.502988
0.736286
0.118985
-0.0122598
-0.0209699
0.112948
-0.0370028
-0.00346094
0.0538041
1.03398
0.0128307
0.649782
0.220116
0.0335223
0.000206437
-0.0707916
0.657769
-0.00506949
-0.0157309
0.125396
-0.136192
0.000510386
-0.0118878
-0.0829329
1.31077
-0.108009
0.324933
0.0635148
-0.0165631
0.162508
0.55089
0.675801
0.232524
-0.124927
0.230437
0.206951
1.40416
0.00143089
-0.00729842
0.721873
-0.125769
0.332497
0.800479
0.0067452
-0.067257
0.269729
8.8953e-05
0.889779
-0.0261439
0.590461
0.0232523
0.00238444
-0.0100889
-0.00247065
1.38511
0.000119021
-0.1658
0.589089
-0.000935244
0.0438748
-0.0471223
-0.0469374
0.293514
-0.0397433
0.00168003
0.272369
-0.0401204
0.00146983
0.000109645
0.205573
-0.00541678
0.432469
-0.136848
-0.0127429
0.149146
-0.00295874
-0.066945
0.129505
-0.133461
0.464708
-0.0430784
-0.00801259
0.338776
0.000312373
0.00372955
0.113839
-0.0261375
0.0131292
0.260656
0.875263
0.0841836
0.0349313
0.497056
0.73268
-0.0255832
-2.76142e-05
0.364714
-0.139211
0.0277409
-0.00184701
-0.111605
-0.000668824
-0.00151129
0.109327
-0.00893011
-0.0175535
-0.0510117
-8.91821e-06
0.320536
-0.00140964
0.0634393
-0.176346
9.54251e-05
-0.115436
-0.047295
-0.120629
0.00107293
0.0517805
0.632279
0.906537
1.26917
-8.43386e-08
-0.0510667
0.000141845
6.89913e-05
1.73655e-05
0.00142487
-0.00257953
-0.00816501
0.512727
0.044059
-0.00614024
0.112546
0.0483555
0.0165712
-0.115462
-0.091372
0.226701
0.512688
-1.51489e-05
0.0277495
-0.101999
-5.26715e-06
-0.0819203
0.111062
0.434948
8.30779e-07
0.913583
-0.0621008
0.209565
0.198595
0.00346901
0.317939
0.00526528
-0.14076
1.162
0.000249779
-0.0113478
0.180637
-0.000669373
-0.0503266
8.05865e-05
-0.00144658
0.00519778
-0.0252473
-0.00578644
0.000458539
7.13458e-05
-0.0211374
-0.127076
-0.100518
0.286051
0.133526
-0.0173397
1.03545
0.0361678
0.992045
-0.0335967
1.09741
0.947079
0.978703
0.0252056
-0.0205173
0.0215008
-0.00721141
0.000432837
0.433182
-0.0644369
0.00209103
0.434039
1.18755
0.312024
0.195487
-0.0620685
-0.0358525
-0.000319059
-0.0104652
-0.0773529
-0.0175951
0.922301
-0.000888662
1.35135
0.511649
-0.00153204
0.294288
-0.0668351
-0.146533
0.32244
0.124709
-0.00845866
0.307021
-0.0311252
0.493325
0.0965566
0.00337971
4.46645e-05
0.0362304
-0.108557
3.12493e-06
0.00592997
-0.193693
-0.00144748
-0.0628962
-1.42612e-06
-6.51898e-07
-0.152676
-8.48581e-06
-0.0116154
0.00172538
-0.053463
0.0849844
-0.103978
0.0179875
0.00123432
-0.0845993
-0.195494
0.252839
0.0365479
0.0321762
0.666563
0.589872
-0.000174003
0.335784
-0.11778
1.07609
0.455522
0.00556952
0.434573
1.08913
1.02411e-05
0.414886
0.0392691
0.0661724
-0.0793653
-5.76402e-05
-0.00543718
-0.107082
-0.00880909
-0.000591078
0.000129114
0.0317595
0.00229542
-0.112122
0.14288
-2.16159e-05
-0.163105
0.069426
-0.0153965
0.0028774
-0.0115316
-0.00181662
-9.7294e-05
1.00857
0.873605
0.129463
-0.101954
-0.0123654
-0.00393384
-0.000718442
0.000202793
-0.00621733
0.022399
-0.0914372
-0.0796576
-0.155486
0.686569
-0.0837229
1.34642
0.000975502
-0.0689463
0.774884
0.000745413
-0.10879
0.000139226
-0.00145669
5.51654e-06
0.000465379
0.31531
0.000300779
0.00309437
0.324998
0.0355167
-0.0173391
-0.0271583
-0.0184612
-0.00010275
1.22232
-0.106308
0.493852
0.224559
-0.00846615
0.628551
5.02168e-06
0.121915
3.35863e-05
0.00629571
0.0208939
1.04268
-0.00210392
0.533085
0.076122
-0.000882923
0.000152263
-0.0549789
0.655401
7.04558e-06
0.0253657
-0.00105723
-0.137736
-0.0776721
-0.187205
-0.0279796
-0.0488429
0.0489323
0.00609316
-0.178993
-0.181165
-0.0119591
0.000595553
-9.5597e-05
0.000664551
-0.00173126
6.99091e-05
0.0558317
0.0034078
0.00266256
0.506774
-0.00221556
-0.0894701
0.414772
2.92129e-05
0.0042397
-0.155276
1.2404
-0.00815963
0.437889
-0.091181
0.556435
-0.0426331
0.89506
-0.108549
-0.119192
-0.0273338
0.977864
-0.0343016
-2.16548e-05
0.000822977
0.315767
0.108208
0.270015
1.27322
-0.086844
-0.153761
0.65066
0.00216128
0.100534
0.00837873
-0.00842936
0.00378448
0.00342825
-0.000512034
-0.125702
0.305588
0.256164
-0.0223343
-0.000107091
-9.46227e-05
9.70201e-06
-0.00571742
0.000282624
-0.115175
0.640891
-0.0864917
1.39764
-0.186623
-0.00397228
1.34149
-0.0418082
-0.0148974
0.000736397
-0.00225849
-0.0170569
1.33057
1.27977
-0.0555435
-0.0279608
0.000392211
0.604045
0.195549
0.00698934
0.218962
-0.0315046
-0.0355089
-0.0038681
0.986586
0.935484
0.260365
-0.0162015
0.00229855
-0.0327793
0.0570535
-0.00173562
0.486106
-0.00247946
-0.000435916
-0.0081293
-0.129865
0.139624
-0.104199
-0.0182752
1.14622
0.319916
0.236663
-0.129792
-0.0192556
-0.0149346
-9.20842e-05
0.688126
-0.00405049
-0.00813118
-0.106791
0.0290746
0.000188248
0.406857
0.051786
-0.110737
-6.00975e-05
0.32626
-0.0696257
-0.0151881
0.0540452
1.31082
0.199782
0.862621
-0.00172548
0.195907
0.0310006
0.0004011
0.605076
0.00334425
0.0333537
-0.0517398
0.258317
-0.07965
-0.0595233
-0.0936273
-0.138709
0.000185755
-0.049159
1.00792
0.0213922
-0.0614664
-0.0163873
-0.0310907
-0.163368
1.29199
-0.0190424
-0.0157153
-0.202715
-0.0108565
-0.0263524
0.0484569
0.00561938
1.42088
0.96085
0.0375146
0.873446
0.915946
-0.016159
0.030022
0.0586
0.15846
-0.00161621
0.0658553
-0.000558815
-0.0518356
-0.133862
-0.0757058
-0.00617765
-0.163538
0.496257
0.082486
0.833386
0.833421
0.960986
0.000222833
-0.0157897
0.99535
-0.0328501
1.21601
0.608358
0.0055664
1.08983
-2.19539e-06
-0.00357894
0.0261146
0.0979187
0.726097
0.00589979
0.00901917
0.00537499
0.630621
-0.041421
0.0289687
0.923318
-0.0775611
0.965252
-0.0242995
-0.0882973
0.603954
0.960853
0.367493
0.456911
-0.0276837
-0.0150214
-0.148613
0.000400127
0.962793
0.376268
0.448721
0.47183
1.12057
0.0307978
-0.176709
1.05655
-0.000106041
1.08983
0.212375
1.27214
1.21088
-9.7313e-05
-0.080861
0.881506
0.00460656
-0.00582818
-1.11571e-06
-0.0898206
0.024153
0.722623
-0.0212696
0.0258495
0.22623
-0.101806
-0.00159561
-0.0449397
0.906029
-0.057204
0.937803
1.06781
0.703589
-0.533374
-0.00425325
-0.806365
1.63033
2.23987
0.674292
-0.145016
-0.626724
0.0961558
-0.121414
1.60614
1.37349
-0.664029
-0.165021
-0.455768
-0.282742
-0.108322
-0.388586
-0.466961
-0.158806
-0.232312
0.094695
-0.278339
-0.0705305
0.15718
-0.347693
-1.24138
-0.248749
0.687479
0.958531
1.22951
0.123058
1.67111
-0.344117
2.2098
-0.174963
0.244379
0.123218
-0.396324
-0.311846
-0.163356
-0.379264
-0.217051
1.49997
-0.151717
2.03833
-0.132318
-0.356071
1.80401
-0.146156
-0.155781
0.55432
0.824359
-0.477977
-0.0108814
1.36638
1.09521
2.11872
-0.167984
-0.251649
-0.091974
-0.771229
-0.169924
-1.08152
-0.283366
-0.00144842
-0.291331
-0.667819
-0.269028
-0.820436
-0.239769
-0.0843682
3.25111
-0.0715957
-0.385836
-0.241017
0.69791
1.66039
0.968902
1.23991
0.135447
-0.331793
-0.199716
-0.23595
-1.08796
-0.163149
-0.162196
-1.10687
-0.143063
-0.264035
-0.386786
2.21262
-0.675704
-0.27444
-0.116702
-0.785114
-0.315336
-1.11442
-0.139715
-0.30782
1.55626
-1.29241
0.127465
-0.534302
3.01931
0.235319
-0.14551
0.642587
0.029136
-0.182143
1.23197
1.58648
-0.149376
2.24413
-0.199329
-0.570325
1.52499
0.816549
0.541887
1.08739
1.3584
-0.0232582
-0.490432
2.00013
-0.170031
-0.181953
-0.462397
0.16779
-0.239235
-0.293452
-1.09431
-0.223549
-0.0683403
0.248131
0.0187367
-0.0687756
-0.290278
1.83128
-0.00648093
-0.0388518
-0.173628
-0.147219
1.19733
-0.0430636
0.0358158
-0.389672
-1.20591
0.250274
-0.256552
-0.879109
-0.279566
-0.167919
-0.599313
1.81588
-0.0172114
-0.393094
2.18328
-0.205015
-1.27154
-0.136732
0.521831
2.37111
-0.508752
-0.079813
-0.10588
-0.187824
-0.355714
0.0569569
-0.0690622
-0.150075
-0.90297
-0.225818
-0.00411372
0.0308681
0.369702
-0.0595846
-1.08306
-0.142733
-0.10427
-0.348759
-0.183552
-0.27529
-1.1795
-0.230958
-1.239
-1.02478
-0.138069
-0.0700885
2.24318
-0.262457
2.29385
-0.0835594
-0.149429
-0.109305
1.35551
0.0809065
-1.02184
-0.0301094
-0.347364
0.50919
0.818407
0.0446222
0.0443129
-0.365593
-0.0871362
-0.141465
-0.167641
-0.077464
0.390127
0.72299
0.993874
0.435813
1.61247
0.249898
0.346235
1.26552
1.98738
0.184474
-0.129278
-0.282747
-0.21812
-0.688926
-0.596558
-0.234062
-0.280495
-0.247601
-0.184081
-0.177088
-0.29281
2.27317
-0.0212369
-1.09513
-0.526533
-0.430402
-0.353797
-0.225691
-0.0891864
1.78811
-0.216274
-0.796506
-0.151594
0.023865
-0.268763
0.183792
-1.50484
-0.166068
-0.313736
-0.236956
-0.0129576
-0.119158
-0.0694865
-0.152466
1.97989
1.46776
-0.0270545
0.0539595
1.42227
-1.20838
2.05812
-0.344162
-0.131002
-0.000501932
-0.234582
-0.217436
-1.61312
-1.19381
-0.0536808
-1.08921
-0.0696419
2.29155
-0.798352
0.136835
0.867847
-0.0498338
-0.274216
-1.13592
-0.0207929
-0.341983
-0.260557
-0.26924
-0.149728
-0.166862
0.410265
-0.295054
-0.161111
-0.183952
1.69052
-0.26986
-0.919344
0.599914
0.8712
1.75658
1.14217
1.41677
0.0369178
-0.430241
0.952991
2.29218
-0.169095
-0.0119273
-0.37156
-0.240665
-0.0872075
-1.02078
-0.17227
-0.00929523
-0.394473
-0.219625
1.29899
-0.170375
-0.165409
0.0203227
-0.431665
-0.0117519
-0.315889
1.82936
-0.241115
-0.0227548
-0.208484
-0.140252
-0.0324571
-0.162316
-1.60334
2.22351
-0.158502
0.527885
0.798938
1.0698
-0.0367398
1.34177
-0.503823
-0.164742
0.971554
-0.319008
2.06438
-0.417686
-0.187002
0.575597
-0.0413436
1.88886
-0.238074
1.4941
-0.131415
1.38969
-0.301999
-0.124361
-0.515863
-0.262328
0.59447
-0.233433
1.45876
-0.423985
1.50713
-0.333594
-0.181273
-0.389106
-1.54243
-0.0464671
-0.183545
-0.261718
0.145976
-0.0874217
-0.825136
-0.135489
-0.0813603
0.843458
2.21566
0.435538
0.067465
2.0816
0.118681
-0.179541
-0.104882
-0.39709
-0.367588
1.27104
-0.114996
2.17526
-1.77212
1.50616
-1.83298
1.48179
-0.373406
2.07521
-0.1881
-0.0951203
-0.131018
-0.326155
0.279343
1.97656
-0.214943
-0.652483
-1.06194
-0.0236973
-0.0654386
-0.324706
-1.06997
-0.262778
-0.168023
-0.408432
-0.126891
0.201305
-0.107978
0.0426072
-0.399321
-0.413733
0.00596553
0.0876281
2.21254
-0.00636482
-0.382937
-0.0739992
2.23947
-0.0420561
-0.0747631
1.93994
-0.735107
-0.0753393
-0.307331
-0.245824
-1.08684
-0.0377826
1.72915
-0.402233
1.16912
0.0649259
0.898089
0.627161
-0.0309477
-0.101792
2.03487
-0.0224769
1.25679
-0.329688
-0.0832034
2.30354
-0.21685
0.834716
2.23786
0.0705544
0.0141773
-0.0906075
-0.244259
0.0094609
2.12867
2.17355
0.156898
-0.0478838
0.0289131
2.02409
1.16048
-0.516448
-0.456359
-0.741831
1.7177
-0.0467313
1.97933
-1.05709
-0.871609
0.841075
0.567556
1.11195
1.38664
0.0026565
-0.464523
-0.867088
-0.864763
1.23693
-0.1584
-0.316494
-0.751639
-0.125797
2.00667
1.49274
-0.524123
1.93008
-0.61266
-0.248476
-0.531876
2.09577
-0.449301
-0.267293
0.578003
-1.11461
-0.04723
-0.246039
-0.483784
-0.0719416
-0.164852
-0.576756
2.31298
1.89747
-0.774761
-0.0353096
-0.792046
-0.0683239
-0.684714
1.75385
-0.0933767
-1.09271
-0.959276
0.0749885
-0.227367
2.22377
2.07204
1.78986
-0.293114
-0.112316
-0.281053
-1.21638
0.0298736
-0.189589
-0.306056
-0.0324184
2.16679
-0.416886
1.70112
-0.161622
-0.566753
0.154228
-0.170013
-0.0483296
-0.0683817
-0.0769083
-0.0333295
-0.473289
-0.0378461
-1.26686
-0.0268599
2.1673
-0.0389628
-0.873521
-0.00721661
-0.242117
-0.335839
-0.360353
-0.29333
-0.197229
-0.133512
-0.400443
0.126716
-0.456038
0.440935
-0.315884
0.797531
-0.857879
-1.2076
-0.0855171
-0.0119418
-0.0834958
-0.353848
1.0167
0.745823
1.29005
-0.559013
-0.0917102
0.473336
-0.353382
2.18463
1.46115
-0.483939
-0.209299
2.13612
-0.250733
0.948082
-0.297123
-0.815897
-0.0300556
-0.00305082
1.11924
-0.0100056
-0.136448
2.0122
2.10964
-0.186974
-0.215215
-0.157745
-0.0940839
0.799795
-0.264321
-0.280295
0.170737
-0.25084
-1.44301
0.946798
-0.134292
-0.310135
-0.590416
-0.278355
1.95188
-0.166829
2.1511
2.36285
-1.04833
-0.581632
-1.32003
-1.36477
-1.10789
-0.530382
-0.0391569
-0.0712748
-0.0975452
-0.0401528
-0.290361
2.01688
-0.0673684
0.036823
-0.58104
-0.0746703
-1.02537
-0.184777
-0.0174608
-0.49042
-0.2753
-0.0765828
1.94639
0.00897748
-0.419798
-0.536151
-0.0437295
0.00550748
-0.862246
-0.0897928
-0.0289646
-0.207329
-1.20684
-0.416828
-0.815138
-0.557738
-0.0728403
-0.0116935
-0.069062
1.43702
1.81377
-0.226807
-0.349148
-0.784532
-0.209206
-0.0950034
-0.0638973
-0.0350104
-0.0921505
-0.0027443
1.58449
-1.0116
0.848905
-0.0387912
-0.556366
-0.26584
-0.0167975
-0.0457082
-0.0251369
-0.536372
-0.0576655
-0.202915
-0.0607685
-0.178301
-0.000979229
-1.54135
-0.0870601
0.0129418
0.12008
-0.246582
-0.00034486
0.783446
-0.167392
-0.032339
0.0231155
-0.00247919
-0.165729
-0.0267512
-0.23216
-1.22677
-0.164854
-0.270887
0.679115
2.07815
1.67312
-0.602842
1.54169
-0.0203739
-1.24605
-0.327685
-0.202439
0.432367
-0.0495332
-0.262647
-0.1219
-0.0622883
0.912674
-0.00925941
-0.464838
-0.00809666
-0.0143056
2.26723
-0.13989
0.256072
-0.362562
-0.0562446
-0.0683724
-0.0639482
-0.240791
0.121697
-0.0650665
0.0942713
0.0189439
-0.0170916
-0.0973863
2.23238
-0.217708
0.0101079
0.0225194
0.0775141
0.190517
-0.0989585
2.10871
-0.681462
2.01084
-0.242404
-0.196078
-1.17341
-1.0615
-1.13316
2.12443
-0.0168961
0.092769
0.0683994
-0.55472
-0.431259
-0.0103338
-0.890173
-0.930847
-0.735452
0.0543978
0.0150795
0.584727
0.856544
1.77283
1.12745
1.40212
0.0201229
-0.447033
-0.0420618
-0.0346038
-0.0188814
0.127459
1.94071
-0.734999
-0.55314
-0.21576
-0.53398
1.30989
-0.0667928
1.03928
0.768456
0.498264
-0.395349
-0.0526617
-0.158382
1.84848
-1.17268
1.82212
-0.855522
-0.218897
-1.11475
-0.692971
1.7311
2.10361
-1.30165
-0.292621
-0.0638434
1.86625
2.21704
-1.01472
-1.04432
1.77953
-0.154967
-1.3178
1.93682
-0.0526944
-0.973503
-0.0976006
-1.4101
-0.0713165
-0.19921
-1.24554
1.93548
-1.1917
-0.51024
-0.366507
-0.640636
1.11561
1.90428
-0.223423
-1.36853
-0.51965
-0.0410994
-0.329379
-0.289823
0.0738628
1.26662
-1.14268
-0.0480187
0.835882
-1.24164
-0.0878227
-0.132523
1.02659
0.0530654
1.5767
2.22923
-1.60209
-0.962237
-0.0401743
-1.26313
-0.358205
2.09548
-1.48164
-0.61613
2.06075
0.143612
-0.23587
1.55324
0.619834
0.890332
1.1612
1.73803
-0.412619
0.0544946
1.41803
-0.054715
-0.0677619
0.117267
-0.646058
-0.798421
2.15718
-0.058145
-0.169896
1.71911
-0.180826
-0.197607
1.66076
2.12587
-0.0986985
-0.138825
-0.0348155
-0.143015
-0.386905
-0.437799
-0.352236
-0.353409
-1.41593
-0.129346
1.46879
0.302619
2.14646
-0.997257
-0.0982142
-0.0021958
0.0873575
0.024448
-0.208787
-0.804549
1.20999
0.00518344
2.01051
-0.422557
-1.1282
1.58277
0.750224
-0.112105
1.40037
2.23437
0.434543
-0.0281175
-0.225918
-0.225969
-0.845843
-0.200248
-1.16632
-0.649036
0.0497035
-0.177803
-0.196039
-0.166729
-0.985333
-0.966544
-0.0216086
-0.235968
0.6917
-0.515802
-0.0400846
1.2716
-0.253201
0.245308
-0.0368825
-0.0981346
1.95366
0.537867
-0.498284
-0.493683
-0.984037
0.0938328
0.824002
-1.25636
0.0686135
0.192609
-0.533145
-0.845696
-0.205655
0.972306
1.52415
-0.0700891
-0.511075
-0.0509154
-0.55903
-0.0701915
-0.245954
0.866231
-0.00498997
-0.965986
-0.33866
-0.0650738
0.23078
0.530615
0.341185
0.662547
0.113032
0.0477479
-0.0477868
-0.112551
-0.171936
-0.165915
0.658803
-0.592863
-1.04423
-0.509309
1.50293
1.70562
1.19333
-0.380518
0.0866371
1.45752
0.922436
0.65118
-0.828637
-1.41371
1.57796
-0.837143
1.34955
-0.0985271
-0.424695
-0.0102304
-0.239674
0.206443
-0.415064
-0.132257
1.35742
-0.407137
-0.781208
-0.123766
-1.06414
-0.382375
-0.027708
1.8812
1.41824
-0.193029
1.43804
1.14116
0.0294182
-0.93759
-0.296078
-0.395949
1.09827
-0.880272
-0.537522
-0.342059
-0.117169
0.709824
-0.879206
1.87104
0.627266
-0.00749823
-0.0043052
-0.218885
-0.159306
2.01257
0.971325
-0.200792
-0.232441
-0.00687072
1.9521
-0.0591438
-0.140676
2.22644
-0.374536
1.46098
-0.335563
-0.391341
-0.205989
-0.0602445
-0.0883112
-0.0710486
-0.707581
-0.675769
-0.301216
0.913632
-0.257118
-0.228722
-0.807576
-0.0025143
-0.39021
0.719629
2.04213
-0.910781
-0.0788433
1.95673
-0.719521
-0.208971
-0.914874
0.709748
-0.624083
-0.223913
1.60768
2.21142
-0.247478
-0.193681
-0.150284
1.39984
-0.0454011
-0.238545
-0.00438302
-0.0510819
-0.85342
-0.312473
-0.414557
-0.0737876
-0.361786
-0.0743121
-0.0452324
-0.32232
1.61962
-0.438953
-0.182531
-0.477312
-0.224595
-0.0776183
-0.236411
-0.384962
2.17612
-0.73866
2.0372
-0.274877
-1.1949
-0.131669
-0.405941
-0.18444
-0.264302
2.066
-0.38998
-0.395397
-0.146326
2.03229
-0.221864
-0.92998
0.954835
1.02091
-0.222
-1.04145
-0.872394
1.9126
-0.18882
-0.0868391
-0.590434
-0.192018
-0.858826
-0.0795265
-0.143091
1.32153
-0.0119826
-0.752564
-0.86445
-0.198558
-0.372239
-0.167618
-0.229679
-0.158137
2.00108
0.5275
-0.997762
-0.806881
-0.848577
-0.768681
-0.283065
1.9202
-0.106455
-0.356518
-0.426084
-0.0235956
-0.282865
1.68851
-0.213279
-0.3985
1.41336
-0.0987831
0.959292
-0.930929
-0.905437
-0.328962
0.0571537
-0.872932
-1.04143
-0.265744
-0.606276
1.48516
-0.26813
1.72831
-0.225463
-0.30566
-0.834645
-0.396053
-0.0351706
1.86402
-0.201564
-0.000540875
0.523433
-0.320317
-1.94077
-0.49704
-0.378913
-0.600969
-0.662602
1.51568
-0.0758489
-0.181347
0.146374
0.255183
-1.21584
0.387131
0.29194
0.20565
1.59557
-0.261619
-0.176564
1.58153
-0.644586
-0.250141
0.218291
-0.153046
0.412106
0.318866
-0.620401
-0.227029
-0.254804
2.05641
-0.0766262
-0.790623
-0.200406
-0.549627
-0.19682
0.111965
2.05788
-0.358255
-1.2626
1.53245
1.28799
-0.868095
-0.333564
-0.192877
-0.904046
-0.344101
1.6442
-0.457911
-0.276805
1.75071
-0.203032
-0.850722
-0.323067
0.0699721
-0.466671
0.190693
-0.294844
1.00101
0.895338
-0.980754
-1.19549
-0.0796887
-0.0376344
1.2437
2.12248
-0.187267
-0.0334517
-1.131
-0.183671
-0.189286
-0.232083
-0.163421
0.588129
0.649578
-0.661169
0.0896128
-0.160907
-0.281614
-0.352744
1.88733
-0.563096
-0.139711
-0.215424
-0.165907
-0.461179
-0.345042
-0.161838
-0.1427
-0.242619
1.67543
-0.206754
-0.964042
-0.144067
1.06713
-0.178518
-0.188771
-0.185691
-0.0376812
-0.156896
-0.508911
-0.389667
-0.273701
-0.709062
1.8889
-0.541236
-0.519398
-0.19219
1.97607
-0.311695
-0.336706
0.0799799
1.60893
1.85766
-0.895055
-1.44966
1.00022
-0.389463
-0.674465
-0.78723
-0.0410717
-0.723572
-0.669779
-0.671645
-0.141837
0.910517
-1.088
-0.676294
-0.201033
-0.145127
-0.201304
0.0148652
0.0763298
0.0262793
-0.229514
0.715152
-0.125215
-0.26628
-0.193339
-0.154193
-0.802141
0.369739
-0.298984
0.0377641
0.0309618
-0.363052
-0.138042
-0.450251
-0.210832
-0.107289
-0.157072
-0.262164
1.55847
0.165539
-0.320545
-0.141009
0.977749
-1.04705
-0.00417573
-0.0139756
0.0183688
-0.215281
0.0239989
-0.195307
0.758853
0.0335712
0.0395232
0.0812209
-0.371283
0.126297
0.203135
-0.149714
-0.243239
-0.201298
-0.239492
-0.329779
-0.76585
-0.0983381
1.04883
-0.668985
-0.152928
-0.378428
-0.113294
-0.0115043
-0.167769
-0.150805
-0.134957
-0.713001
-0.129704
0.938432
0.787474
1.78737
-0.1922
-0.115952
-0.158875
-0.159454
-0.196368
-0.120729
-0.244059
-0.747047
-0.0998718
-0.225894
-0.890033
-0.310034
-0.333031
-0.263349
0.100759
0.13105
-0.228003
-0.622352
-0.151904
-0.450149
0.0748188
0.901088
-0.251069
-0.0079664
-1.33169
0.00165192
0.0141612
2.30839
-0.27004
2.1786
-0.0503501
-0.188186
-0.150581
-0.139569
-0.0440184
-0.0933519
0.0625863
-0.375184
-0.350322
-0.146583
-0.0600583
-0.129615
-0.0622635
-0.141041
-0.143674
-0.189691
-0.4275
-0.178852
0.842356
-0.146879
-0.0889778
-0.146129
-0.159227
-0.242202
-0.378882
0.898182
-1.08382
0.761955
-0.515631
-0.13627
-0.465937
-0.182604
-0.29501
-0.0415653
2.2076
-0.0264666
-0.561473
-0.0598785
-0.174628
-0.287161
-0.0722533
-0.0509799
-0.532566
2.12304
-0.335572
-0.349504
-0.399044
-0.0782066
-0.010542
-0.195387
-0.385069
0.518001
1.17906
-0.300436
-0.295562
-0.344779
1.08693
0.0166792
1.14523
-0.306567
0.930836
-0.3895
-0.190846
-0.132261
1.40897
-0.194245
-0.135371
-0.703122
-0.266411
-0.178504
-0.186903
0.884616
1.77583
-0.403597
-0.726275
-0.231613
-0.207182
-0.238503
-0.137781
-0.165617
-0.223203
-0.239582
2.09125
-0.335026
0.0204735
0.930413
-0.309671
-0.129866
0.0521275
-0.31494
-0.736681
-0.253077
-0.122468
1.33425
-0.489326
-0.345447
-0.134286
-0.729694
-0.43722
-0.242377
-0.161606
-0.78841
-0.333329
-0.300095
-0.815846
-0.172956
-0.21441
-0.134912
-0.756952
0.463233
0.00699027
-0.109889
-0.311402
-0.278093
-0.26512
-0.176506
-0.555376
1.03581
-0.256863
-0.200996
-0.129855
-0.16632
-0.12206
-0.323688
-0.189143
-0.269156
-0.123981
0.0123607
2.28949
-0.659523
-0.267104
-0.398695
-0.217925
-0.153193
-0.264647
-0.328484
-1.7703
-0.32702
-0.0879059
-0.316699
-0.594204
-0.21623
-0.27654
-0.223805
-0.183948
-0.415936
-0.201736
-0.750359
-0.421428
-0.182063
-0.234531
-0.265212
-0.360794
-0.182249
2.14926
-0.256683
-1.10166
-0.231163
-0.165373
-0.215763
-0.126387
-0.920366
2.35136
-0.183507
-0.337117
-0.06987
1.79077
-0.167834
-0.286573
0.453546
-1.55018
-0.319378
-0.177049
0.839343
-0.369482
-0.279103
-0.156207
-0.170954
2.15835
0.31924
-0.437654
-0.519231
-0.244788
-0.203628
-0.13269
-0.315214
-0.915979
-1.31073
-0.162457
-0.169561
-0.127644
-0.198399
-0.177857
-0.0816662
-0.194024
-0.0585148
-0.0423993
0.785792
-0.0727308
-0.189716
-0.37426
-0.918934
-0.162547
-0.304925
-0.183416
1.02792
0.0926016
-0.290367
-0.358037
-0.184705
-0.20228
1.03475
-0.240311
0.0836999
-0.170458
-0.183651
1.50762
-0.331029
-0.408812
-0.17664
-0.209073
-0.18061
-0.260886
-0.247493
-0.195643
-0.67827
-0.191934
-0.0332302
-0.316474
-0.159504
-0.375347
-0.168386
-0.28286
0.39479
0.296584
0.194899
0.418453
0.316508
0.202951
-0.169031
-0.271925
-0.26415
-0.146709
1.5574
1.59307
-0.635259
-0.613385
-0.273322
-0.148959
-0.359166
-0.66222
-0.0663491
-0.175669
0.149888
-0.118422
-0.490763
-0.184294
-0.31096
-0.202794
1.2912
-0.192776
-0.227846
-0.223096
-0.113424
-0.195313
-0.274492
-0.22379
1.05935
-0.310265
-0.274457
-0.995517
-0.543235
-0.374321
0.0470378
-0.239472
-0.354155
-0.265994
-0.220737
2.02496
1.40302
-0.236055
-0.41406
-0.238899
-0.29778
-1.42127
0.797153
-0.280671
-0.760734
0.447425
-0.392785
2.20992
-0.529062
0.968587
-0.464641
1.94465
0.844499
-0.163371
-0.287151
-0.555657
-0.27318
-0.180828
-0.232708
0.788545
-0.79303
1.57352
-0.260826
-0.438138
-0.160616
-0.263067
0.65186
-0.230411
-0.19594
-0.211465
-0.247957
-0.691264
1.82291
1.31038
-0.246278
-0.2345
-0.43617
-0.175151
0.292432
1.91435
1.66388
-0.122678
-0.349614
-1.0519
-0.173036
-0.378584
2.26536
-0.1979
-0.440582
-0.250156
-0.368759
-0.56762
-0.519889
-0.178258
-0.310058
-0.498541
-1.58077
-0.218498
-0.219484
-0.178176
-0.276395
0.07365
-0.522423
-0.319098
-0.263909
-0.150274
-0.0233362
-0.161792
-0.179413
-0.091036
-0.198801
0.64044
-0.302661
-0.216557
-0.326487
-0.41388
-0.259539
-3.57131
-0.238915
-0.298384
0.195047
-0.324471
2.1846
-0.631281
-0.249919
-1.10788
-0.21085
-0.307237
-0.358007
-0.384771
1.10547
-0.750012
-0.132493
-1.37513
0.87843
0.725393
-0.379727
-0.355182
2.17459
-0.626334
-0.542542
-0.239493
0.0276986
-0.277983
1.0732
0.0270904
-0.19978
-0.209947
-0.499438
-0.155297
-0.572498
-0.185329
-0.631876
0.18416
-0.216767
1.062
0.812197
-0.876021
-0.340486
-0.557728
-0.284859
-0.321265
1.90507
-1.07748
-0.503025
-0.330648
-0.482106
-0.252243
1.77027
-0.00416463
-0.437035
-0.404809
1.5017
-0.308904
-0.336552
1.89187
-0.251607
-0.467647
-0.306844
-0.577278
-0.650296
-0.695865
-0.0590354
-0.0501386
2.27377
-0.595571
-0.244821
-0.114239
-0.281422
-0.698032
-0.362728
-0.635473
0.575801
-0.514644
-0.0346863
-0.0472831
-0.364622
-1.03136
-0.4185
-0.19725
-0.311501
1.88564
-0.608836
-0.39723
-0.170834
-1.45139
-0.341681
-0.293739
-0.247903
-0.312603
-0.971662
-0.296234
-0.317959
0.0363981
-0.590182
-1.16631
-0.284053
-0.544129
-0.0436813
-0.476453
-0.0891926
-0.728373
0.577202
-0.385846
-0.247248
-0.294282
-0.248942
-0.562268
-0.256435
-1.48162
-0.181488
-0.366765
-0.224859
-0.511963
-0.350381
0.0286049
-0.0707818
0.0469385
-0.0474229
0.0493082
0.0662468
0.091753
0.132508
-0.293374
0.192845
-0.382078
0.185285
-0.30117
-0.269429
-0.116707
-0.348104
-0.011611
0.00511729
-0.127725
-0.461915
0.0491409
1.75229
0.272757
-0.228092
-2.64453
-0.177914
-0.193108
-0.174978
-0.716596
-0.397199
0.129734
0.0971799
-0.397571
-0.347632
-0.584182
-0.29702
-0.000729207
-0.376708
0.159162
-0.488838
-1.65262
0.00955906
-0.0962326
-0.400712
0.021112
-0.28145
-0.262615
-0.425647
2.18124
0.0723327
1.13983
0.0507093
1.32687
0.795112
-0.24884
2.24171
2.53978
0.0783579
-0.253989
1.63712
-0.31167
-0.194627
-1.42054
-0.310492
-0.275781
-0.662534
-0.334844
-0.0525143
-1.08739
-0.0372793
-0.181555
0.0459735
-0.197558
-0.47143
-0.361074
-0.0741361
1.47716
-0.809241
0.0258683
1.36967
-2.25527
-0.0229798
1.42115
1.03686
-0.871137
-0.070838
1.19375
2.58802
-0.227005
-1.80293
-0.613028
-0.328391
0.528996
0.691195
-0.268087
-0.44878
-1.46465
-0.91743
-0.223198
-0.116339
2.23345
-0.105578
-0.0723252
-0.483619
-0.381688
-0.122785
-0.0292803
-0.106262
-1.56373
-0.276122
-0.0878271
-0.0562418
-0.0734662
-0.562425
-0.0306352
-0.00782377
0.0135358
-0.0368958
-0.0394178
-0.0370772
-0.000160075
-0.0380137
-0.0595231
-0.061461
-0.0789567
-0.124125
-0.0787639
-0.0896844
-0.15126
-0.186079
-0.173998
0.0383432
-0.0464112
-0.384865
-0.254031
-0.125375
-0.0854185
-0.461016
-0.440234
-0.147416
-0.275094
-0.286596
-0.130015
-0.31482
2.43707
-0.269181
-0.255603
-0.149761
-0.284394
-0.207492
-0.290643
1.0059
-0.024088
-0.141398
-0.246353
-0.283243
-0.726665
-0.213142
-0.157001
-0.659026
-0.158388
-1.27912
-0.405363
1.11355
0.291983
-0.283974
-0.697357
-0.0248903
0.962608
-1.39714
2.20701
-1.99762
-0.317963
1.32194
-0.513038
-0.0173454
-1.83179
-0.533734
1.0733
-0.245724
-0.135485
2.38927
-0.127316
-0.95973
-0.204268
-0.781011
-0.576237
-0.108394
-0.763692
-0.291098
-0.222021
1.87714
1.61211
-1.21353
0.498233
-0.103265
-0.505984
-0.163962
-1.34591
0.383018
-0.288819
-0.258318
-0.0141645
-0.157653
-0.332017
0.304402
-0.964827
2.35947
1.10255
-0.575406
-0.414685
-0.278484
-0.136218
-0.195828
0.857483
-0.257763
0.125148
0.766717
-0.675383
-0.703526
-0.488703
-0.742798
0.307258
-1.10965
-0.546088
-0.170161
-0.580508
0.876379
0.0226781
2.31907
-0.654622
-0.177764
-0.383132
-0.149776
-0.332105
-0.313086
-0.338553
-0.16668
2.1051
-0.937121
1.1653
1.41311
-0.42334
-0.182491
-0.502027
-0.0149404
-0.928915
-0.0341143
2.30079
-0.254757
-0.311432
1.64094
1.52608
-0.675909
1.9992
-0.208994
-0.104504
-0.571754
0.155776
0.99739
0.259315
1.26816
0.353612
0.46081
0.726566
-0.508001
-1.28079
-0.349216
-0.655603
0.0262292
0.0633564
1.88041
-0.280283
-0.0543555
-0.0292963
-0.314594
-0.152125
-0.527163
-0.0580072
-0.909023
-0.0380872
0.0308832
-0.790538
-0.0820331
-0.187554
2.30415
0.0866864
1.00253
-0.270697
0.815171
-0.462893
-1.06193
1.31421
1.52581
-0.3442
-0.0128949
-0.997366
-0.177849
-0.576543
0.661417
-0.111974
0.00202837
1.89954
-0.110095
1.51203
-0.530604
-0.442416
-0.524358
1.07183
-0.626838
-0.755437
-0.144136
1.88454
-0.679772
0.82449
2.29386
1.39937
0.0103767
-0.0816248
-0.982957
-0.366807
0.582781
1.30481
-0.504429
1.86332
-0.129147
-0.282591
-0.297676
-0.0904704
-1.11661
0.20321
-0.64344
-0.451042
-0.158725
2.30434
0.742204
0.293121
-0.196581
-0.152525
-0.0122849
-0.509302
-0.149443
0.625994
-0.384942
0.313413
-0.498819
-0.345988
1.6762
-0.350916
1.49851
0.116222
1.22601
0.955244
0.684437
-1.04297
0.612557
1.29011
-0.269491
1.2264
-0.262367
1.31492
-0.320391
-0.331982
1.13603
2.18329
-0.342914
-0.153536
1.2204
-0.345689
-0.132711
-0.0838257
1.24181
-0.475692
-0.893122
-0.97377
1.19537
-0.203624
2.33099
-2.96788
-1.61913
2.52116
-0.543832
-0.108227
-0.241911
1.41373
-0.263092
1.92969
-0.757204
-0.746307
1.82509
2.28466
2.36006
-0.143021
-0.192385
-1.45386
-0.133412
0.745411
-0.611824
0.661612
-1.28323
1.05234
-0.0557111
-0.0726551
-0.0697088
0.816994
-0.674804
-0.456677
-0.960424
-0.253285
-0.0633543
1.5386
2.19918
-0.315211
-0.432806
-2.21445
-0.205599
-0.231449
0.645154
-0.208434
-1.19863
-0.000135213
-0.322165
-1.06464
-0.156338
-0.275314
2.01576
-0.205537
-0.239911
-0.250389
-0.452655
2.41242
0.795435
0.42837
-0.610533
2.31215
-1.82989
-1.26697
-0.476925
1.75492
-0.908595
0.647737
-0.354376
1.69472
-0.521055
-0.16607
-1.18901
-0.626942
-0.00202194
1.81075
0.425049
-0.418957
-0.293583
0.267548
-0.159456
1.74127
-0.795747
-0.256008
1.66594
0.202374
-0.0176223
-0.210555
-0.127456
0.610301
-0.0505602
0.0484192
-0.425819
-0.0334096
-0.0528216
-0.872081
-0.161564
0.388718
-0.0011451
-0.453358
0.270456
-0.611085
0.62822
-0.102786
-0.0124163
-0.115225
0.723392
0.0108715
-0.154535
-1.10367
-0.276121
-1.11015
-0.0500299
2.28013
-0.0144527
-0.0903773
0.00535716
-0.0120603
-0.141488
-0.839883
0.402507
-0.722532
-0.0237892
-0.0181178
-0.186543
-0.278686
-1.23609
1.96584
0.054003
-0.334858
-0.116484
-0.014355
2.33071
-0.213151
-0.185924
-1.49047
-2.43355
0.0272017
0.816898
-1.26047
-1.00012
-0.0788415
0.202425
-0.636508
-0.526411
-0.312623
-0.0132096
-0.116423
-0.739625
0.636335
-0.190779
0.334717
-1.29095
-0.363721
-0.170964
-0.19244
-0.0830079
-0.0530404
-0.341014
0.367553
-0.572472
0.0323278
-1.30138
-0.332315
0.114655
-0.404833
-0.742577
0.0624775
0.116075
0.212043
2.10721
0.832982
-0.165073
-1.72878
0.133179
-0.133932
0.646539
0.0172102
-1.24668
-0.651744
-0.116485
-0.144187
-0.0277134
-0.0314563
-0.237839
0.027638
0.00360938
-0.0341032
2.59876
0.8279
-1.00961
-0.317608
-1.18349
-1.34317
-0.255056
-0.846131
1.52527
-0.0370215
-0.0672641
-0.00388141
2.26026
-0.17329
-0.19978
1.526
-0.0791215
-0.25673
-0.0131634
0.365878
-0.0325675
-0.224661
-0.286886
-0.231021
1.30553
-0.110747
-0.0630886
0.429042
0.405678
1.10946
-0.0817247
1.56824
-1.34547
0.901285
2.51694
-0.170213
-0.0365084
-0.704659
-0.193738
-0.497457
-0.209732
-0.653196
-1.02146
-0.217189
2.40704
-2.14507
-0.366616
-0.103541
-1.15803
2.18898
-0.15432
2.06422
-0.285246
0.0498311
-1.90102
-0.0121531
-0.248275
-0.110454
-0.118168
-0.0768368
-0.0336733
-0.444655
-0.0945792
-0.0459597
-0.534587
0.0142773
-0.0412463
-0.0386525
-0.0653427
-0.0382985
-0.103723
-0.0270885
-0.168414
-0.0160055
-0.152732
-0.125697
-0.343111
0.0271753
-0.103116
-0.24294
-0.262141
-0.158629
-0.277233
-0.27492
-0.506861
-0.0430308
0.665094
-0.244168
-0.146536
-0.0415286
-1.42607
1.77857
-0.2496
-0.656167
-0.263468
1.50139
1.68312
-0.293863
0.286142
1.69058
-0.305382
2.20078
1.9909
-0.200311
-0.405854
0.00847571
-0.89871
-1.08522
-0.27777
2.43043
-0.158517
-0.98733
-0.161219
-0.348693
0.34154
1.13366
-0.230873
-0.864205
-1.18398
-1.02033
-0.23852
1.50001
0.121922
-0.964295
-0.205192
0.352062
-0.0251077
-1.23848
-0.362411
-0.497378
-0.0579034
-0.00184786
-1.37247
-0.533564
-1.21854
-1.31207
-0.111835
-1.07504
2.12067
2.22383
-0.370542
0.131158
1.14269
-0.691279
2.3595
1.18255
-0.127184
-0.0160174
-0.0911525
0.975965
1.95592
-0.191531
2.03151
-0.144834
-0.505666
-0.00204442
1.88874
-0.0358324
0.794392
0.706927
-0.224988
-0.388703
-0.262416
-2.009
0.933176
-0.0253476
-0.268257
-1.13837
1.00101
2.05152
-0.129754
-0.126505
0.636832
-0.391468
0.682154
0.345319
-0.207351
-0.269236
-0.219891
-0.169593
2.22555
-0.527281
-0.0224917
-1.27666
-0.551925
-0.245615
-0.238818
-0.145941
-0.096229
1.73561
2.35635
2.24602
-1.22315
-0.431849
1.79607
1.24871
-1.66245
-0.461538
-0.14948
-0.27771
0.541889
-0.0214933
-0.225151
-0.236267
-0.066418
-0.0024845
-0.0175582
1.86718
-0.505045
0.242012
0.261002
-0.44293
1.49979
-1.37167
-0.103143
-1.64284
-0.194667
-1.38883
0.380527
2.11515
-1.60985
2.3408
1.23212
-2.09043
-0.0480467
0.322893
-0.343427
1.60093
1.60022
0.952417
-1.67658
0.288456
0.185698
-1.2639
-0.0624028
0.0470514
-0.0833045
1.75309
-0.0785988
0.475379
-0.471539
-1.32932
-0.0974774
-0.214794
-1.43232
1.15424
-1.26853
-1.54414
0.233278
-1.36873
-0.960633
-1.5936
-1.03033
-0.13076
-0.0405629
-1.08591
2.04567
-0.142687
-1.23584
0.100853
-1.16448
2.30299
1.69111
-0.479831
-0.143871
-1.25023
-1.00125
-1.07885
-0.0445141
-0.028239
-0.11429
0.00764683
-0.271932
2.21908
1.6214
-0.141068
-0.104245
-0.0580381
-0.19594
-0.0801631
-0.0215649
-1.86888
0.446338
-0.212303
-0.250105
-1.50406
0.0086091
-0.276311
0.779025
2.30728
-0.417544
-0.425177
-0.0190756
-0.0542412
-0.0913117
1.52424
0.0186775
1.63483
-0.0747348
-0.678604
-0.372294
-0.234292
-0.515744
-0.655904
0.188296
-0.187997
1.64054
0.426359
-0.746338
0.569871
-0.0961521
-0.278874
0.280047
0.330275
0.153748
0.3781
-0.13915
0.611344
0.0466028
-0.781677
-0.606449
1.56715
1.89382
0.00478392
1.69841
0.469159
0.516671
0.232887
-0.462352
1.84064
2.06513
1.97581
1.74633
-0.420542
-0.313352
0.746144
0.709794
-0.0486214
0.787706
-0.56328
-0.978978
-0.827591
0.0948296
1.15317
1.05851
-0.700471
1.25171
1.32977
1.28767
1.78816
0.882272
1.11184
0.980583
0.929253
2.02097
1.42419
1.01695
0.840976
0.65852
1.93174
1.38318
1.2002
1.60974
-0.13512
-0.250841
-0.866759
2.20717
-0.852706
1.57013
0.710967
-0.214934
2.29684
-0.142045
-0.586929
2.28303
-0.0351039
-0.0609955
-0.229055
-0.117395
-0.174796
-0.219448
1.78646
-0.669353
-0.327117
-0.340272
1.76752
2.24511
-1.35296
2.28199
-1.11363
-0.282206
-0.147352
-0.562827
0.128935
-0.0340137
0.0211954
1.03302
2.07901
-0.104433
-0.669181
-0.147604
0.201888
-1.42171
-0.0748231
-1.15999
-0.0534057
-0.0714209
2.42754
-0.252801
-0.022602
2.26754
-0.115365
0.157185
-0.133292
-0.203817
0.00467104
0.876943
0.601266
-0.114744
-0.0490304
-0.0421809
-0.100469
-0.904709
-0.343322
0.606852
-0.136855
1.52777
-0.147516
-0.293421
2.32038
-0.162719
-1.11429
-0.140013
-0.22057
-0.194766
1.23716
-0.414805
-0.171842
0.515836
-0.138871
-0.716123
-1.06198
-1.51046
0.0201882
-1.15235
-0.0548598
-1.33269
-0.18124
0.0242007
-0.0793577
0.543202
-0.150072
-1.28777
-0.0724573
-0.180903
-0.121809
-0.619726
-0.102017
-0.00732908
-0.0987154
0.359069
-0.422146
-0.929662
-0.227002
-0.128973
2.44539
-0.846425
-0.0270089
-0.0138276
-0.450749
0.119759
-0.0868621
2.36195
0.0314168
0.0051521
2.20812
-0.292609
-1.30966
1.83957
1.60951
-0.242065
0.444834
0.116117
-0.573804
-0.0688458
0.00951122
0.596174
2.31293
1.07629
-0.192132
0.90244
-1.00194
-0.312135
-1.33602
-0.0239277
-0.200124
0.883953
1.19033
-0.228333
-0.45709
-0.51223
1.13654
-0.171598
-1.12483
-0.228599
-0.170812
-0.90775
-0.289292
-0.123889
-0.321207
0.500008
0.762879
-0.0651177
-0.532205
1.30566
1.03371
0.953456
-0.0934263
-0.213793
0.208385
-0.19704
0.148722
0.00272536
-0.0980139
-0.163978
-0.154511
0.0861451
-0.259526
0.263233
0.160508
0.455362
2.33722
-1.21973
2.34445
0.0135913
-0.147706
-0.119961
-0.616132
0.00233011
-0.273071
-0.025409
-0.114164
2.185
-0.275915
2.3763
0.731043
-0.59932
-1.38681
-1.27796
0.241731
-1.27751
-0.452888
-0.546455
-0.395188
1.00843
2.26246
-0.280656
-0.215059
-0.145277
0.720726
-0.067351
2.43415
0.397513
-0.736485
-0.573718
-0.0953885
0.00819897
-0.0607023
-0.322077
-1.09585
-0.101674
1.09292
0.0666722
0.473125
-0.308447
-0.168645
-0.263719
-0.00580784
-0.46208
0.0452038
0.363066
-0.164288
-0.19077
-2.34257
-0.572038
1.02705
1.96238
1.25184
-0.0648571
-0.175651
-0.335204
-0.315251
1.05177
1.79148
-0.0385504
0.964182
-0.279983
-1.09431
-0.413502
2.2575
0.202295
-0.259815
-0.926224
1.28716
-0.174438
-0.945464
-0.340113
-0.0556655
-0.603381
-0.954055
2.0588
0.437891
-0.0721044
-0.330527
1.51299
-0.281397
-0.302329
1.21084
-0.241401
-1.69019
-1.03492
0.293172
1.22323
0.580834
1.40586
1.99598
-0.0457472
-0.0703205
2.38352
-0.259259
2.30513
0.211418
-1.06155
-1.92019
-0.692573
-0.313061
-0.0383601
-1.30415
-0.272382
-0.309183
0.806802
1.48427
-1.8026
0.0758265
-1.40444
0.0790875
2.05347
0.0477189
0.032406
-0.117538
-2.00709
-0.135916
-0.0154838
-0.120713
0.34554
-0.142178
-0.0337206
-0.091132
-1.26823
-0.430464
-0.40769
-0.281307
-0.294553
0.0649725
0.0968985
-1.72505
0.0288567
-1.05435
2.36242
-1.27155
-0.456274
-0.283712
-0.0286571
-0.153125
-0.182497
-2.12152
2.1952
2.24689
-1.31083
0.0401674
-0.207271
-0.569261
0.571038
1.62162
0.69051
-0.18827
-0.292137
-1.21831
-0.419179
-0.159279
2.08394
0.873583
-2.02542
-0.268249
0.747624
-1.2977
-1.27346
-0.0941869
-1.22129
-0.151117
-0.218184
0.0495361
-0.52052
-1.32179
-0.581954
-0.892394
-1.37623
-0.380826
-1.48297
2.27247
1.67536
-0.0191807
-0.0922526
-0.975611
-0.566196
-0.91907
-0.506878
0.722757
-0.105128
-0.257311
-0.0318971
1.51853
-1.14498
0.223102
0.00757166
-1.23525
0.477634
2.14078
-0.0923468
-0.0839324
-0.0783599
1.42296
-0.209557
-0.214796
0.0249548
-0.605658
1.67151
2.11888
0.0774337
-0.326283
0.659402
-0.256626
1.78491
-0.176221
-1.14471
-0.406239
-0.905583
1.65666
-1.03905
0.711663
1.81917
-0.173245
-0.0741754
-1.0179
-0.276625
-0.0304833
-0.163706
-0.466383
-0.266086
-1.12485
-0.300996
-1.22024
-1.31644
-0.313753
-0.173885
0.733131
1.95668
-1.14275
-0.851334
-0.1574
-0.984538
-0.266704
-1.30435
0.138193
0.447851
-0.21353
0.848585
0.260449
-0.261203
0.0108415
0.303832
-0.397558
-0.360327
0.853106
1.57634
-0.223175
-0.188537
-0.127231
-1.88542
-1.2893
-0.0809299
2.27848
-0.119489
0.363092
-0.248063
0.218172
0.471246
-0.982459
-0.024762
1.59327
-0.211446
-0.0491027
-0.323109
-0.0272069
-0.342731
0.0302842
-0.200681
-0.158927
-0.263519
0.203639
-0.156081
-0.383932
-0.216287
-0.36211
-0.623478
0.440023
0.348257
-0.515559
-0.50863
0.523678
0.409667
0.311805
-0.724938
0.180711
0.587383
-0.28639
1.84649
1.70986
0.251096
-0.125295
0.647327
1.6888
-0.0484084
-0.0415086
-0.818635
-0.444878
-0.685688
0.105024
0.516872
0.0831894
0.0222541
-0.756437
2.06626
1.61372
1.94337
1.77059
0.725279
1.83342
0.786784
-0.592423
1.92489
0.795189
1.18903
1.99048
0.918099
1.32824
1.06601
1.05758
1.26723
1.59593
1.12907
0.668735
0.939505
0.996078
1.33751
1.40089
0.858197
1.21045
-0.858098
-0.263671
-0.164319
-0.00171102
0.770428
-0.206939
-0.279776
-0.850366
-1.14341
0.27357
-0.135024
-0.203657
-1.22412
1.61749
-1.33652
-0.0786077
0.0283879
-0.0471026
-0.0495776
-0.074829
-1.35431
-0.582064
-0.0314268
-0.743092
-0.0196332
-0.24323
-0.215542
-0.21767
0.759141
-0.721766
-0.118213
-0.767884
1.82297
-0.374134
-0.0352495
-0.931461
-0.159389
-0.914243
-0.153055
0.0775786
-0.790188
-0.396223
-0.388703
0.0404104
0.13763
0.874844
-0.706913
-0.102803
-0.112363
-0.150971
-0.473581
-0.220942
1.37355
-0.652938
-0.0678082
-1.14667
-0.13279
-0.0630582
0.0249811
0.0447571
1.53248
-1.51772
1.01602
-0.0849685
-0.530951
-0.31693
-0.0536218
2.09291
-0.23852
1.95197
-0.730152
0.704213
-0.0965557
-0.0266422
2.11613
0.129929
0.473779
-0.137313
-0.315535
-1.01703
1.4962
-0.079648
1.56724
1.82577
-0.300499
-1.10941
0.0066256
-0.460689
-0.056334
-0.0153215
0.413542
-1.03487
-0.927521
0.797828
0.967374
-0.891888
-0.056914
-0.624949
1.60116
-0.259263
-0.157195
0.208244
0.31307
0.408272
-0.15889
2.26839
-1.11278
-0.344652
-0.430767
-1.26771
0.0532738
-1.11464
-0.0983419
-0.381842
-0.349956
-0.0267049
-1.1192
-0.0869151
-0.543553
-1.25504
-0.069201
-0.0583649
-0.0599586
-0.164421
0.127066
-0.0157306
0.0339262
1.15607
-0.0386562
-0.169878
-0.458096
1.18546
0.404144
-0.0543708
-0.0751375
2.09023
0.884236
0.0188934
-0.70251
-0.151836
2.28893
-1.14042
-0.0581132
-0.215054
-0.0678944
1.80433
1.45141
-0.166219
-0.297682
-1.18475
0.471449
-1.27483
-1.04084
-0.239876
-0.100195
-1.15209
-0.060782
-0.0543789
-0.110043
-1.4482
-0.138936
-0.300524
-0.143357
-1.70011
-0.679065
-0.0419421
-0.167987
-1.13971
-0.950753
0.542416
-0.324367
2.10279
-0.0153086
-0.0252007
-0.0568002
1.86992
2.29591
-1.27622
-0.108141
1.649
0.0178145
1.25085
-0.206313
0.534835
2.25139
-0.208634
-0.0636211
-0.0424441
-1.24341
0.0290995
-0.0343578
-0.720223
1.94763
0.0251855
0.103611
0.43547
-0.0761492
-0.0384371
-1.57388
0.977896
2.17984
2.18233
-0.483065
1.89389
-1.43125
-0.0623127
-0.457569
2.19605
2.12923
-0.0684949
2.20325
0.312541
0.381548
-0.0194779
-0.240112
-0.443688
1.78336
1.79805
-0.44354
2.25199
)
;

boundaryField
{
    frontAndBack
    {
        type            empty;
    }
    bottom
    {
        type            zeroGradient;
    }
    inlet
    {
        type            zeroGradient;
    }
    top
    {
        type            zeroGradient;
    }
    outlet
    {
        type            fixedValue;
        value           uniform 0;
    }
    car
    {
        type            zeroGradient;
    }
}


// ************************************************************************* //
