/*--------------------------------*- C++ -*----------------------------------*\
  =========                 |
  \\      /  F ield         | OpenFOAM: The Open Source CFD Toolbox
   \\    /   O peration     | Website:  https://openfoam.org
    \\  /    A nd           | Version:  7
     \\/     M anipulation  |
\*---------------------------------------------------------------------------*/
FoamFile
{
    version     2.0;
    format      ascii;
    class       volScalarField;
    location    "11";
    object      p;
}
// * * * * * * * * * * * * * * * * * * * * * * * * * * * * * * * * * * * * * //

dimensions      [0 2 -2 0 0 0 0];

internalField   nonuniform List<scalar> 
7807
(
0.51829
0.0433618
0.694566
0.475216
-0.00285165
-0.000124642
0.69214
-0.0177951
-0.000392268
0.217216
-0.000117655
0.00794888
-0.0266491
0.114861
0.22474
-0.0333997
0.530577
-0.0350402
0.00440579
-0.142705
0.157809
0.00521695
0.0861566
0.383405
-0.0456116
0.529659
-0.0026241
0.139314
0.327939
0.00931209
-0.0472845
0.993881
0.0851894
-0.00161476
-0.000352034
0.181036
0.0104146
0.672852
-0.0146457
-0.00112517
-0.0132396
-0.0324192
-0.127154
0.0319073
-0.000674143
-0.000275609
0.00515504
-0.014866
-0.000228323
-0.137825
0.0118539
0.132437
-0.0577528
0.00106885
0.179967
-0.0158154
0.00480665
-0.0178735
-0.0733498
-0.00169212
0.000133651
0.0151687
0.115095
0.0087547
-0.00326924
-0.0460059
-0.000320146
1.45662e-05
0.265195
-0.0138302
-0.000253013
-0.119908
-0.0440125
-0.0757834
-0.0337678
-0.10544
0.685363
0.153973
0.171814
-0.138784
-0.0255479
0.624088
0.218163
-0.07851
-0.0047742
-0.00761645
-0.0190402
-0.0559445
-0.00217942
-0.0149232
0.335487
0.0413292
-0.000449386
0.00444842
-0.0118809
-0.0774082
-0.114232
0.00773618
-0.00527797
-0.00390875
-0.131742
0.185989
-0.0112899
-6.7256e-05
0.0609018
0.349148
0.869069
-0.016784
-2.25747e-06
0.0839105
0.453559
-0.0673062
-4.99696e-06
0.0891933
0.348235
0.00154477
-0.0578387
0.287673
-0.0839317
-0.0770734
-0.137138
0.599917
-0.116884
0.033997
-0.133715
-0.00322194
-0.0420532
0.00721808
-0.00344453
-0.0468645
-0.016197
0.168788
-0.0020201
-0.0025716
-0.0813745
0.440684
0.720841
-5.80364e-05
0.026229
-0.173141
-0.0717488
-0.0955451
-0.105809
-0.0724679
0.878624
-0.0274942
0.331352
-0.0700583
-0.100099
0.598057
0.172958
0.0474699
-0.00490648
0.237603
0.216655
0.633951
-0.119826
-0.0265517
0.830715
-0.000206636
0.00244737
0.395365
-6.33989e-05
-0.00670918
-0.0134089
0.477327
0.478683
0.856374
-0.00770236
-0.0103188
1.63531e-05
-0.142742
0.00152414
0.0555911
0.0284181
-0.0984989
0.0891779
0.34008
-0.000445319
-0.00166664
0.484578
-0.000205712
-0.000378902
0.696423
0.0361923
-0.0632116
-0.0785347
-0.0708499
-0.0354689
-0.169424
-6.93102e-05
-0.109891
0.352539
-0.0113884
0.000243774
0.40468
-0.00422994
-0.0439698
-0.0360157
1.90528e-05
0.00324024
0.448539
0.394571
0.634202
-0.0486372
-0.0560126
-0.102676
0.150827
0.440769
-0.000722186
0.000117798
0.831728
-0.0286432
-0.00211045
-0.104682
-0.0440338
0.587347
0.596414
-0.104
0.946667
-0.00391983
-0.0346591
-0.135257
0.183593
-0.156027
0.47276
0.831698
0.000212086
0.0355323
0.303396
-0.0138952
0.282966
-0.00184942
0.910138
0.621746
-0.0189626
0.0101103
-0.00104479
0.355261
-0.000322872
-0.0205103
-0.161134
-0.00025264
-0.00454517
-0.00146581
0.336948
-6.3708e-05
-0.0155128
-0.134269
0.991696
0.15391
0.884006
-0.000154204
-0.0422285
-0.0006464
0.657017
0.0146379
0.723594
0.00570372
0.00277381
0.0332294
0.156724
0.00207969
-0.000785906
0.00185259
-0.0146046
-0.0578737
-0.000144042
-0.115756
-0.0127624
-0.000491527
-0.00220073
0.694971
-0.0265413
-0.00267333
0.940492
-0.00502761
0.491402
-0.00072042
0.00650092
2.65433e-05
-0.0763543
0.176516
0.106334
-0.073579
-0.00142312
-0.127156
-0.0522604
-0.000625254
0.00179717
-0.00745852
-0.0255072
0.01062
-0.00422097
-0.0749938
-0.0466261
-0.0741506
0.0505343
-0.0939567
0.622729
0.64127
-0.005244
0.0741463
-2.56153e-05
-0.00798943
-0.0785633
0.37427
0.240758
0.000338259
-0.00731508
-0.0913461
0.343288
-0.00348058
0.0129756
0.00444229
0.189753
-0.0393303
0.606496
-0.0056256
0.0473613
-0.000399551
0.015093
-0.000183688
-0.0557746
-0.00120474
0.0203976
0.0451682
-0.0903578
0.0110546
0.031766
-0.00258346
0.0762295
-0.0226274
0.204534
0.339126
-0.12687
0.0157747
-0.0539648
0.0186288
-0.156436
0.874208
0.0194529
0.107339
0.928857
-0.00541868
-0.00613056
0.0289893
-0.00373554
-0.0208873
0.0228704
-0.00977492
-0.00727004
0.320088
-0.000236798
0.0019946
0.000273581
-0.011954
-0.0238295
-3.06442e-05
-0.00387727
-0.0702261
0.827809
0.0140583
-0.0281901
0.783315
0.536184
0.177177
0.0907201
-0.144874
0.0179174
0.463932
-0.0377346
0.541385
-0.0427046
-0.120955
0.395696
0.546292
-0.110015
0.228861
0.471999
0.507369
0.148495
-0.0107224
-0.0148061
-0.000311097
0.01946
-0.0385625
0.00366687
-0.000377601
-0.00564565
-0.129273
0.240331
-0.0565137
-0.00783523
-0.0133265
0.0395013
-0.0243662
0.0068538
0.432719
-0.00661165
-7.77118e-05
-0.000192017
0.000170098
-0.0682615
0.311672
-0.0140365
0.0974885
-0.161297
0.66118
0.012187
0.0241977
-0.0179468
0.675232
-0.00374173
0.602701
0.337395
-0.000412019
-0.0482697
-0.0115951
-0.0900757
0.00205147
0.189378
0.0141025
0.02252
-0.00301516
0.316608
0.346558
-0.0737466
-0.0697205
-0.00789345
-0.0423355
0.228005
0.978696
-0.0290453
0.0167673
-3.23023e-06
-0.044386
-0.00797478
0.0698478
-0.139406
0.0524231
0.699672
0.323844
-0.0821667
0.421295
0.662877
0.093547
0.00446816
0.486418
-0.00312531
-0.000647136
-0.0579378
0.000306321
-0.116361
0.0016119
-0.0699551
0.00696032
0.409325
-0.00626291
-8.49394e-05
-0.134377
0.00627693
0.138257
-0.126654
-0.168302
0.147417
0.305251
0.254828
0.260959
-0.000724854
0.229414
0.218488
-0.0018583
-0.0544434
0.00219392
0.0241107
-0.00197666
0.0170432
-0.00274017
0.341847
-6.93521e-05
0.000708261
0.00711125
-0.0704429
0.0730824
-0.0668326
-0.0834535
-0.0560302
-0.157028
0.0379106
0.474605
0.0651282
-0.0228838
0.920019
-0.110954
-0.0250704
-0.0823656
-0.0183164
-0.0664222
-0.0341536
0.099218
0.011574
-9.15239e-05
0.0869267
-0.000340788
0.621666
0.280173
-0.0167753
-0.0462076
-0.000665732
0.625749
0.579513
0.202528
0.372687
-0.116236
0.741294
-0.000221003
0.081301
-0.0590028
0.347514
0.859024
0.207654
0.309329
-0.00525658
-0.000722222
0.344462
0.00761912
0.650779
0.138499
0.421249
-0.0240501
0.671956
0.557125
-0.0304652
-0.0257952
0.307066
-0.172356
-0.000296555
-0.0425585
-0.164458
-0.113902
0.0390862
0.0326362
-0.000437213
0.584931
-0.00278601
-0.000364855
-0.0381473
-0.00172706
-0.000789871
0.013185
0.434147
-0.121931
0.809585
0.000219184
0.431974
-0.033128
-0.000264435
6.37695e-05
0.324401
0.417113
-0.01387
0.381293
9.04826e-05
0.399697
-0.126299
-0.0318348
0.690059
-0.100628
0.356498
-0.0789489
0.398454
0.415027
-0.0525026
-0.0664708
-0.0195328
-0.00970936
-0.000708244
-0.00333772
0.517748
-9.57303e-05
0.383642
-0.109258
0.576513
0.366865
-0.168584
0.790089
-0.00547604
0.0238476
-0.0410194
-0.0636014
-0.0217855
-0.0408728
0.114355
0.902909
0.00015057
-0.00646637
-0.069283
2.13863e-05
0.631504
0.00639155
2.0669e-05
0.000682196
0.00133546
-0.0536033
0.0675456
-0.00520946
-0.000303585
-0.023062
0.0101264
-0.158619
-0.15502
0.073638
-7.63532e-05
-0.152339
-0.0415493
0.312015
0.566042
0.00418099
0.313573
0.00053525
-0.0398787
0.198149
-0.0217882
0.463733
-0.0407422
0.0900612
0.205212
0.321132
0.0171417
-0.0326304
0.381028
-0.134692
0.668109
-0.0293057
0.511228
-0.0292237
-0.0039071
0.295739
0.0119461
0.201017
0.00662502
1.81139e-05
-0.167472
0.422853
0.00507268
0.300768
-0.038648
-0.161073
0.0395703
-0.069232
-0.00560678
-0.0277217
-0.127048
-0.084901
-0.0307685
-0.000506779
0.698232
0.301464
0.0974618
-0.00067519
0.552199
1.43544e-05
-0.000620027
0.312771
0.0097934
0.384103
0.13776
0.0582969
0.000472037
-0.13845
0.13836
0.00452436
-0.12317
-6.41937e-05
0.0135815
0.448496
-0.0499919
-0.00934526
-0.0115148
-0.00656368
-0.00137394
0.923132
-0.0309842
-0.00186642
-1.99478e-05
0.277555
-0.0867067
-0.00110439
-0.00923079
0.318307
0.212893
-0.109128
5.04003e-06
0.343841
-0.0484934
0.391816
0.054233
0.0662016
-0.0895535
-0.000323342
0.200441
0.200216
0.179803
-0.0949323
0.514833
0.0205659
0.376357
-0.00719668
-0.0392767
-0.0013281
-0.00209777
-0.000360189
0.32919
0.487521
-0.00495307
0.0649107
-0.0531486
-0.069017
-0.0841299
-0.00623336
0.0752787
0.89433
0.14877
-0.000182954
0.207873
-0.0119182
0.777423
-0.038452
-0.032265
0.00410535
-0.0373228
-0.0187884
-0.0245502
-0.00991391
0.00546336
0.102226
0.000360828
-0.0842824
0.0912031
0.612866
-0.104711
0.390611
0.00698156
-0.02791
-0.0290101
0.394631
-0.023119
0.000362576
-0.0471387
-0.0168791
0.079536
-0.0808086
-0.0692066
0.059211
-0.0452458
-0.00538465
-0.119156
1.88546e-05
0.130723
-0.104945
0.351819
-0.0157808
0.199106
-0.108664
0.572366
0.0361171
-0.0925131
-0.0258588
0.816575
-0.0722097
-0.0402694
-0.146935
-0.0455971
-0.121999
-0.0590263
0.364717
-0.0092831
0.453193
0.029242
-0.00130979
-0.0039859
0.185187
0.997956
0.0039808
-0.0315955
0.332214
7.63827e-05
-0.0635039
0.0892322
0.0536574
0.029631
-0.00535964
-0.0760425
-0.0095112
9.89082e-05
-0.0954186
0.47543
0.0185834
-0.0511726
0.00640875
0.332589
-0.00127373
-0.00417123
-0.00121457
-0.00257148
0.199253
0.0239488
0.0128398
-0.0548468
0.000153212
-0.116989
0.0309623
-0.134151
-0.03908
0.0492996
-0.000717523
-0.0388102
-0.131282
0.167924
0.579445
-0.00414895
-0.147498
-0.0157711
0.0404057
0.333544
0.0014785
-0.000528627
0.322382
0.139142
0.0516973
-0.00993367
-0.00699134
-0.119182
-0.000597153
0.00963652
-0.0413255
0.508471
0.477877
-0.0193749
-0.0991778
0.0243191
0.019851
0.11226
-0.112563
-0.0164168
-1.64943e-06
0.093678
-0.0752077
-0.124486
0.0233587
-0.118699
-0.00135134
-0.0100082
0.368765
-0.0857683
-1.40192e-05
-0.0094508
-0.0506901
-0.000562478
-0.0217521
-0.000168983
0.0149516
-0.153354
-0.0247115
-7.26163e-05
0.000103344
0.244581
-0.0751511
0.629272
0.494277
0.0779397
-0.00193622
-0.0216459
0.000735173
-0.0343511
-0.105609
0.116833
-0.0496604
0.488275
0.0316592
0.000915271
0.0238291
-0.109704
0.00660266
-0.0274303
-0.126681
0.0123264
0.0540214
0.147904
0.0321673
-0.0673542
-0.044968
0.344591
-0.0332522
-1.10006e-06
-0.117337
-0.142533
-0.0392995
0.0161538
0.00254265
0.0325353
-0.144186
0.0794487
-0.0816929
0.29998
-0.0447074
0.0216112
0.0479309
0.0515364
-0.083026
-0.0539547
-0.000348414
0.274766
0.373068
0.0192647
0.428372
-0.0976281
0.106693
-0.0734808
0.361039
0.203861
0.888032
1.43337e-05
0.2197
0.33302
0.0357398
-0.00381836
-0.0430813
0.0742094
0.000143326
-0.0427964
-0.0876866
-0.0472145
-0.0518029
0.000431787
-0.00959781
-0.000961272
-0.00228268
0.41687
0.017784
0.242652
0.0514348
0.367328
0.031335
-0.00102094
-0.0738269
0.0219412
0.602822
0.00327348
-0.0939336
-0.000576903
-0.00141975
0.0211581
-0.0502211
-8.19703e-05
-0.0256605
0.0724584
-0.00499698
0.00010284
-0.000121162
0.281382
0.0160334
0.0176112
-0.00285645
0.0222993
0.0377841
0.0224704
-0.000750799
0.597562
-0.052541
0.389686
0.531937
-0.000546026
0.225426
0.240427
-0.00197719
-0.000688402
-0.00109914
0.0655676
0.0488007
-0.0154158
-0.035838
-0.124554
0.315593
-0.098724
3.26567e-05
-0.0452863
-0.0412778
-0.0834688
-0.0107686
0.0154011
0.00318306
0.0668333
-0.00131998
-0.00059694
-0.0401482
-0.0107076
-0.0580126
-4.03355e-05
-0.0346685
0.0804308
0.0258557
-0.00297637
-0.0204546
-0.0275935
-0.021582
-0.0129054
0.0324354
-0.0223017
-0.00026905
-0.00101892
0.0578756
-0.028712
-0.0122476
0.0213725
0.00941439
-0.173987
-0.0260242
0.287817
-0.0295561
-0.115837
-0.0528124
-0.0527539
-0.0364463
-0.009316
0.0056829
-0.00873472
-0.032588
-0.0377055
0.362112
0.298907
0.127058
0.563775
-0.000184889
-0.007816
-0.0384612
-0.019151
0.230858
-0.0472615
0.130523
-0.0101466
0.394876
-0.00478253
-0.00400162
0.0554054
-0.0292955
-0.000557214
-0.0434077
-0.0145415
-0.0487222
-5.09797e-05
-0.0163328
0.00498933
-0.0407978
0.0925357
0.0802107
0.0445334
-0.0327479
-0.0730662
0.222925
-0.00314019
-0.00486899
-0.00523586
0.777077
-0.000224833
0.169025
-0.0496696
-0.0476173
-0.0617965
-0.0868388
-0.0669486
-0.0794134
-0.042193
-0.0113523
-0.000246994
-0.0105379
-0.0505727
0.199038
0.00422007
0.338844
-0.0763357
-0.0309232
-0.00229383
-0.0669393
-0.000260359
0.275154
-0.0700342
-0.0608089
-0.0553543
-0.00915817
-0.0739631
-0.00420177
-0.0943124
0.200965
-0.0600995
-0.129937
-0.00362605
-0.0628699
-0.0429483
0.0362554
-0.00797549
0.26473
-0.00595006
-0.0446624
-0.00166682
0.293135
-0.0903975
-0.0616347
-0.00801302
-0.0229864
-0.00678215
0.369777
0.0670787
0.414243
-0.0115065
-0.00202286
-0.00312386
-0.00571612
0.375674
-0.137681
-0.0167116
0.000841184
-0.0148845
-0.00948418
-0.0022105
-0.0233772
-0.0365827
0.122244
-0.0122171
0.014754
0.762446
-0.141835
-0.0673965
-0.132212
8.76526e-05
0.156149
-0.00874395
-0.0627402
-0.0137809
-0.0828304
0.0113267
-0.00131825
-0.00715554
0.00800388
0.354531
-0.0143923
-0.00440438
-0.0114451
-0.115697
-0.0203825
-0.0519797
0.0109967
-0.0213491
-0.021948
-0.00808166
0.363873
-0.106804
0.00793375
-0.0103923
-0.0644093
-0.0338247
-0.114852
-0.00344872
0.186232
0.0547967
-0.0192209
-0.00424877
-0.0326609
0.798502
0.356831
-0.0274036
-0.00143239
-0.00587325
0.0220552
-0.00979246
0.0496812
-0.00102312
-0.0297753
-0.00488309
-0.0407095
0.0242515
-0.00260519
-0.0239602
-0.00335117
0.532666
-0.0157107
-0.028371
0.0412971
-0.00476448
-0.0700292
0.221709
0.715189
-0.0260566
-0.0275497
-0.00522155
-0.00114361
4.50968e-06
-9.93772e-06
-0.0245867
-0.00163356
0.263919
-0.00165582
-0.00448034
0.0202984
-0.000637685
-0.102686
-0.103191
0.040442
0.0877299
0.0601349
0.192475
-0.0516385
0.183005
0.144021
0.190226
0.233753
-0.0313471
-0.00214398
-0.0136992
-0.115547
-0.00865388
-0.036132
0.16224
0.568573
-0.0904316
-0.00119598
-7.32328e-05
-0.00362082
-5.10599e-07
0.0244433
-0.00136663
-0.0108321
-0.110503
0.00134411
0.00657207
-0.000538118
0.161953
-0.0371539
-0.0187845
-0.00295583
0.538375
0.508684
-0.0243524
-0.0940647
-0.0652798
-0.0571871
-0.0346033
-0.00460298
-0.13103
-0.0538446
-0.0949241
0.0159334
-0.00012336
0.359898
-0.0143192
-0.0234839
-0.047615
0.0446547
-0.00131144
-0.0203436
-0.00336634
0.0351516
-0.00367942
0.340955
0.00086789
0.024111
-0.00102191
-0.0377874
0.021483
-0.0018495
0.0429028
0.0010156
0.136549
0.245516
0.00607285
-0.00355866
-0.000310094
-0.00141195
-0.0012486
-0.139928
0.237819
0.114817
-0.000663004
0.0244655
-0.00112837
0.397038
-0.136754
0.453891
-0.0991083
-0.00111455
-0.000707216
-0.0177801
-0.0137916
-0.00155253
-4.55195e-05
0.0596809
0.067295
-0.00058233
-0.000818937
-0.0467941
-5.49692e-05
0.306711
-0.00231217
-0.120621
-0.0450999
-0.0155402
-0.1264
-0.137717
0.279855
-0.0197661
-0.0480171
-0.000783721
-0.129492
-0.0489175
0.0969627
0.264643
0.584018
-0.00289058
-0.135572
0.0360007
0.531348
0.0891871
-0.000295459
-0.0147007
-0.0099575
-0.0121003
-0.11016
0.197259
0.000442678
0.0555606
0.00762942
0.183439
-0.00128815
-0.000301459
-0.0406845
0.493623
-0.124724
0.300045
-0.00301842
-0.000496244
-6.08649e-06
-0.105274
-0.0960976
-0.000840556
0.234467
0.0266926
-0.013023
0.661602
-0.000965836
-0.00899466
-0.132914
-0.0251261
-0.00558786
0.253989
-0.0843976
-0.000410027
0.0365945
-0.000432347
-0.000248914
0.277437
0.016139
-0.00111597
-0.118311
-0.0576262
-0.00854149
-0.0303023
0.00586573
-0.0536026
0.00413003
-0.00853503
-0.14654
-0.087216
0.0592473
-0.00222332
0.299668
0.367677
-0.0951152
0.0246823
0.0450903
-0.0104585
0.303787
0.232396
-0.065559
-0.000399126
0.024764
-0.126645
0.0371477
-0.06362
-0.00512721
0.114803
-0.0640191
-0.000339
-0.000181173
-0.0356743
-0.054936
-0.0607433
0.0239689
0.0825552
-0.100344
-0.000376948
-0.00337686
-0.000514647
-0.0705618
-5.81522e-05
-0.00472719
-0.0689443
-0.134667
0.27698
-0.00726434
0.0101596
-0.0493065
-0.0594206
-0.000317069
-0.106331
0.277146
0.289677
5.79606e-05
-0.000275642
0.294415
-0.00611955
-0.133924
-0.0928822
0.00820433
0.00118467
-0.1578
0.00560273
0.300764
-0.129689
-0.00360892
-0.0185064
-0.114217
-0.00141052
-0.000592679
-0.00223257
0.0394064
-0.117033
0.309432
-0.000516936
0.792535
0.0712904
0.000283427
-0.00234822
0.000611559
0.000701158
-3.48877e-05
0.000333956
-0.121292
-0.0017639
0.00105431
-0.000487505
0.263478
-0.0138957
-0.000474761
-0.000109545
0.606744
-0.0501367
0.00961825
0.00283239
-0.00175049
0.141413
-0.000241414
-0.0265849
-0.0799822
0.00533124
-0.0149261
-0.000238146
-0.000502066
-0.0702318
-0.0963511
0.0174231
-0.0884628
-0.0530642
-6.87757e-05
0.0493039
0.0732698
0.212142
-0.00420699
-0.000384827
-0.12736
-0.014793
-0.00121935
-0.112666
-0.000338001
0.102982
-0.000219631
-0.00311782
0.119267
-0.0049888
-0.133414
0.734692
-0.00395812
0.000670543
-0.117835
-0.102144
0.022582
0.0113949
-0.000371897
-0.0723358
-0.000207447
0.350538
0.945819
0.208236
0.007396
0.00878894
-4.54375e-05
-0.0637988
-0.000141243
-0.0145229
-0.00413142
0.00090079
-0.00816755
-0.0218877
-0.000302746
0.00212581
-0.0175072
-0.000767363
-0.0226739
-0.0385213
0.000541063
-0.00272538
0.853848
-0.00167535
0.00595719
0.00059119
0.0327554
-0.113892
0.0232082
-0.000432201
-0.00024586
0.00654188
-0.000269218
-7.13257e-05
-0.0263253
0.00169254
-5.90648e-05
-0.116095
-0.00529043
-0.129313
-0.00399574
-0.000167245
-0.00758894
-0.00721717
-0.0345613
-0.0456086
0.00563674
0.00126655
-0.00113487
-0.00480605
-0.000194267
0.478524
0.00379981
-4.80954e-05
0.0014335
-0.00488803
-0.0008667
-0.145831
-0.125115
-0.000319652
-0.0168534
3.29016e-05
-0.00607857
-0.000180311
0.0792687
-0.000343066
-0.0004582
-0.00817142
-5.7042e-05
0.0320236
-0.000547523
-0.00307621
0.0439112
2.97806e-05
0.621723
-0.121671
-0.0951546
-6.13809e-05
-5.12764e-05
0.00470424
-0.00288496
-0.11237
-4.11395e-05
-5.3664e-06
0.00181571
-7.42256e-06
0.000919363
0.00108986
-0.00111561
0.00191324
-0.120408
0.756979
-0.0685265
0.571922
0.0216637
-0.0376017
-4.4959e-05
-0.00213378
-0.0289838
0.000347287
0.000688944
0.000412098
0.179874
-0.00318538
-0.000530365
0.770248
-0.00130491
0.00143049
0.0012222
-1.15151e-05
0.18774
-0.00521562
0.00276045
0.0003006
-0.00125949
-0.000167359
-0.00217773
-0.0999348
-0.00101261
-0.00370555
-3.94607e-06
0.000273089
-0.000625131
0.344172
-0.00107264
-0.000659101
-0.159455
0.00909838
-0.000206317
-0.00323777
-0.00014942
0.318326
-0.166045
-0.00071206
-0.000940147
-0.00432284
-0.000378737
0.130003
0.239265
0.121036
0.00123995
-1.65608e-05
-2.54131e-06
0.142186
0.000615345
-0.139984
-0.0442087
-0.0368309
0.110534
0.854046
0.00477758
0.377113
-0.0340316
-0.0671612
0.323117
-0.000863674
-0.149877
-3.0527e-05
-0.0213815
-0.113663
0.000133392
-0.101381
-0.00229595
0.00289961
-0.0123609
-0.099171
-0.0975655
-0.00708704
-0.134938
-0.102349
-0.000453439
-0.0288355
-0.000124362
-0.0868044
-6.76847e-05
-0.000450681
0.0623164
0.308242
-1.39318e-07
-0.103924
0.00866034
0.000184761
-0.0471074
1.42494e-05
-0.0325651
-0.000628747
-0.0893304
0.000304626
-0.000211265
-0.00481317
-0.000116018
0.3017
-0.0703724
0.201112
-7.28277e-05
0.0015235
-0.0755971
1.89904e-06
-0.13063
-0.15239
-0.128429
0.799945
-0.0154233
-4.23773e-05
0.0610178
-0.0963143
-0.00585222
-5.88757e-05
-0.000207336
-0.109176
0.000307131
0.0021264
-1.27249e-06
0.000385269
-0.0654075
0.299032
-0.0777574
0.214266
-0.012724
-3.17778e-06
0.0163637
-0.104915
-5.0488e-05
-3.30117e-05
0.000778501
0.000155926
0.000982238
0.455133
0.0815608
0.000136691
2.65756e-05
-0.153205
0.369143
0.336476
-0.000107098
-0.0835692
-0.0430976
-0.0232662
-0.110919
-0.0191023
-0.00692753
0.271725
-9.96672e-05
-0.061106
0.318406
-0.112177
-4.15871e-05
-0.142334
-0.000419908
0.530922
0.0687648
-3.36136e-05
-6.61728e-05
0.353216
8.77661e-06
-0.000429507
-0.0278007
3.11288e-05
0.456281
0.00852576
-0.0174014
-0.150594
-0.00893801
-0.143151
0.342576
-0.0162476
0.00900562
0.0023956
-4.66339e-05
-0.0024225
-1.89771e-05
-3.82289e-05
0.0715164
0.336591
0.286433
-0.00104973
0.435383
-0.0228933
1.85087e-05
-0.106016
-4.28314e-05
-0.06421
0.070782
-0.0323598
0.010704
0.00449335
-0.022025
0.000598217
-0.00395767
0.0492127
-0.00685018
-0.000114725
7.15365e-05
-0.00014809
0.0717128
0.000133917
-0.0479369
0.457616
-0.0141442
0.000123058
-0.00820152
-2.39359e-05
0.226525
-0.000846772
-0.00015757
-0.000203207
-3.10395e-05
0.383503
-0.000359108
0.439544
-0.138735
0.000268116
-0.114755
-0.00114216
0.297498
0.78757
-0.00333502
5.85064e-06
3.883e-05
-5.02685e-05
0.291533
1.68719e-06
0.00252917
-0.056548
0.417886
1.6069e-05
3.66387e-05
7.07597e-06
6.00252e-05
-0.0477196
4.33626e-06
0.503379
-0.0358882
-0.00029646
7.15787e-05
-0.00487974
-0.0674943
3.48529e-06
-0.000135452
0.312383
8.10981e-05
-0.0735454
-0.0743903
0.000318841
2.10948e-06
-0.137768
3.08539e-06
0.319562
3.57155e-05
-0.00105788
2.79656e-05
-0.000416712
0.190034
7.60935e-06
-0.00386051
1.97525e-05
0.034234
-0.00797866
-0.015092
0.00261857
0.292707
-0.000633958
-0.000192134
-0.0208659
-0.020159
-0.000580505
-0.000124357
-0.00211849
9.7306e-05
0.373505
-0.0233173
0.782937
-1.44121e-06
-0.0179763
-0.000372211
0.276347
0.000137856
-0.0598736
5.66863e-05
-0.00373222
-0.0768469
-0.00054657
-0.0365406
-0.113167
0.0122873
-2.14269e-05
-0.114469
-0.000785055
-0.000694809
-0.0130415
-0.0236047
0.00312569
-0.00011846
-0.00103285
-0.00207341
-0.00302358
3.15473e-05
-0.00285923
0.765213
0.000234228
-0.00767314
-0.0802759
-0.169602
-0.145175
-0.110358
-0.0501096
-0.00121657
-0.029136
0.000185867
-0.000194373
0.767582
-0.000224198
0.356791
-0.00106065
0.000954975
-0.00267965
-0.0764541
-0.000990442
0.00190599
-3.60714e-05
-0.000930784
-3.69462e-05
-0.000189741
-0.0349675
-0.000259493
-6.36419e-05
-0.000198059
0.000346584
-2.41256e-05
-0.0965249
0.460479
-2.32867e-05
-0.00141148
7.06333e-05
7.42552e-05
-0.00196737
2.20334e-05
-0.00213112
0.000677628
-0.000866766
-0.147822
-0.00162303
-0.00426861
1.17019e-05
-0.00353285
0.000803118
-3.59639e-05
-2.29303e-05
3.23633e-05
-0.00187232
0.00128971
-0.100757
-0.0598847
-0.149726
0.00156225
-0.00414944
0.0328527
-0.151035
-0.000224038
0.0388371
0.016414
-0.00244437
-0.0274057
-0.129776
0.710154
-0.000994859
-3.53839e-05
0.00214838
0.000118834
4.25405e-05
0.154888
0.00886905
0.177656
-0.0743602
0.689173
-0.00122422
5.17831e-06
0.000359623
-4.29189e-05
-0.00319112
0.307903
0.396031
-1.24707e-05
-0.00039941
-4.10004e-05
0.378906
0.052635
-0.0106813
2.83281e-05
4.64945e-05
0.0171596
-0.00163286
-0.161337
-0.0383655
5.80949e-05
0.00830657
-0.0686086
-0.000143204
0.00437354
-0.000159165
-0.105058
-0.00413103
0.291301
4.00777e-05
0.00400058
0.000225005
3.58912e-05
0.000410013
-0.0526386
3.5359e-05
-0.00214245
5.43532e-05
-0.0451908
-0.104789
-0.00672082
-0.0141755
-0.0199717
0.0214647
-0.020154
-0.0058071
0.000162315
0.000249521
4.92193e-05
4.29194e-05
-0.000133862
0.021371
-0.124226
0.00117341
-0.0827636
-0.00721162
-0.10165
0.000209723
-5.96106e-06
0.00312611
0.00238121
4.36339e-05
-0.0847588
-0.0330326
0.152214
-0.0798876
6.38802e-05
-0.00801494
0.00046173
-0.0806097
0.257248
2.74864e-05
-0.13335
-0.0491917
-0.0098621
9.14607e-05
-2.00386e-05
0.0746317
-0.0382626
5.76793e-05
-0.0157041
-1.06243e-05
0.000512951
0.244989
-1.96283e-05
7.58105e-06
-0.000199963
8.31557e-05
0.00215366
0.000210318
-0.0120945
0.000555846
-0.0287487
0.00264395
-0.000489873
-0.0673458
-0.0965002
-0.0144905
-3.59441e-05
5.16414e-05
-0.117681
0.0135858
-0.107852
6.93023e-05
-0.0119412
-8.57488e-05
5.88152e-05
0.167306
-0.0161648
-0.0064799
-2.69598e-06
-0.0398489
0.000119475
-0.151603
6.47538e-05
-0.171529
4.52975e-05
-1.40148e-05
0.000203917
0.00243672
-0.0688635
-0.0415203
-0.15441
3.85149e-05
0.000223121
-0.175933
-0.0469908
-0.0194428
-1.10144e-05
-0.0165551
-0.109044
-0.178258
8.48556e-06
-1.77913e-05
1.09418e-05
-0.086162
-0.147684
0.00172793
-0.0253476
-0.000132787
0.444386
0.000224142
3.4783e-05
0.000357013
-2.02494e-05
-1.95433e-05
-0.00836025
0.000269505
-0.0058797
-0.140641
-0.029975
-0.134115
9.52909e-05
-0.000121255
0.127154
-0.0752792
-0.0109166
0.224303
1.15744e-05
-3.11565e-05
-2.84201e-05
0.275261
0.000411905
-5.02306e-06
-1.06008e-05
-0.12214
-0.0353962
1.40735e-05
0.000185797
-0.021093
-0.0147228
0.00101706
0.401522
-0.125493
0.000562068
0.953282
-4.282e-05
-0.00159276
-0.0182954
-0.180667
1.54928e-05
-5.42556e-06
5.15795e-05
0.0113341
-0.0662259
-0.000789684
-0.110204
-0.0177683
6.52044e-05
-1.08116e-05
-0.0232491
0.00681643
0.0323507
-0.0388709
-0.103698
-0.0878892
0.070877
-0.0594156
-0.000149235
0.00083817
0.045136
0.00127719
-0.000183304
0.00182392
7.40019e-05
-0.000215923
-0.0276424
-2.80594e-05
-6.69256e-05
0.0949653
0.00493081
-0.00037328
-9.64918e-05
-1.26125e-05
0.432113
-0.0151134
0.00188061
-0.0621447
0.000542971
0.000471516
0.000404624
-0.000114824
0.00114328
-0.0844016
0.0445725
-2.14007e-05
-0.000378441
-0.091019
-0.0669534
0.103792
-0.00113814
0.00436634
0.0408845
4.59162e-06
0.000142547
-0.0949927
5.30497e-05
0.304018
2.10551e-05
0.00983671
0.00039402
0.000530428
-0.161472
-0.0167189
-0.040402
-0.00556561
6.3355e-05
0.0164617
0.12879
-0.0277973
-0.000313105
0.1904
0.299131
8.45208e-06
-0.117756
-0.000157076
-2.35335e-05
-0.000105076
-0.0013105
0.0449313
-1.22866e-05
0.000586227
-0.05582
-0.0582312
-0.050257
0.525234
4.27003e-05
-0.000163102
0.311737
-0.00154567
-0.00869443
-0.00151239
0.308148
0.000105788
-0.000713957
0.00010881
6.45158e-05
7.54571e-05
8.63156e-05
0.000174639
-0.0406601
1.99296e-05
-0.00756866
-0.10163
0.437268
-0.000319415
-0.00011699
0.0110269
0.172836
-0.0914512
-0.00174574
-0.161306
0.524036
0.000102919
0.657334
-1.0156e-05
0.00785582
0.0552697
0.00102822
0.699668
-3.3524e-05
-1.39447e-05
0.00277602
7.40541e-05
-0.00200439
0.000619799
2.69924e-05
-0.00454192
2.51898e-05
-0.000336943
-0.00761786
0.425221
0.118543
0.0499737
-0.100395
-1.18318e-05
-4.2195e-05
0.00801656
-0.111843
-2.24412e-05
-0.106811
-0.000126437
0.206923
0.130119
-0.0729248
-0.00312665
-0.0259667
-0.00228107
-0.033914
0.011007
-0.0162352
0.138127
5.13827e-06
0.470359
0.122964
-0.00130824
0.386395
-0.0303992
-2.90825e-05
5.5763e-05
0.000159337
-0.000493532
-0.000278773
0.426913
-0.00227769
0.438733
-0.00237537
0.304797
0.405399
0.273891
-0.0160804
-1.17137e-05
0.000148077
-0.0243043
-0.152309
-0.107381
0.00353416
4.79545e-05
-0.0875622
-0.000692172
1.37056e-05
0.00239695
-0.00248649
-0.00140151
0.0742711
0.000179215
-0.111886
0.129481
0.000138278
0.000635288
-0.0310122
-0.123532
-0.00169923
-0.0012058
3.07145e-05
0.000589823
0.239478
-0.0378433
-0.105635
0.0030995
0.241713
-0.0877683
8.41751e-05
5.42998e-05
0.0847219
-0.000210433
0.213189
0.00729313
-0.0311848
-0.000891985
0.00389196
-0.0803211
-8.35207e-05
0.0011618
0.0185131
-0.170894
0.318178
-0.144622
-0.0610239
-0.000380486
-0.000107531
0.0155559
0.000110979
-0.173868
-0.148484
0.00133017
0.00806684
0.00885048
-0.147065
0.0015062
0.000451111
9.06429e-05
-0.092837
6.86469e-05
0.00131956
0.237584
0.329662
-0.152702
0.105434
0.106239
0.0771424
-0.000363901
0.0304405
0.000290674
2.1073e-05
-0.000166149
-1.35756e-06
6.61207e-05
-0.000834365
-0.0175298
-0.0667085
-0.0223685
-0.0623309
0.116516
0.0969248
0.0095474
-0.142129
0.000380129
0.0110677
0.026355
-0.000907421
0.164973
-0.0026993
-0.0247362
0.0290793
0.01278
0.00260503
-0.00929007
0.101028
0.00196112
-0.0451191
-0.0374197
0.80992
-0.0554368
0.174585
0.0950871
-0.0795003
0.00522347
0.000240494
-0.00600796
0.000133775
-0.00612172
-0.0572425
-0.000163781
-0.000101005
0.502102
-0.00762076
-0.0960491
-0.0434459
0.000484292
-0.00305862
-5.38099e-05
1.8943e-05
0.092287
9.62653e-05
-0.00682727
0.168234
0.0147901
0.0026429
0.0433611
-0.0132759
0.00984845
-0.128547
0.0020648
-0.0102521
-0.128336
-0.00197682
-0.0186286
0.00182554
0.00347951
0.00234573
0.0909897
-0.000714243
0.0132426
-0.126156
-0.0470335
0.000752773
-0.125938
-0.0343567
-0.0398492
0.00025437
0.0154654
-0.141689
-0.00195153
-0.0111056
-0.117178
0.00171426
-0.0027361
0.404383
-0.0448887
-9.62912e-05
0.0192204
-0.110305
-0.00244964
0.354139
-0.00474879
0.00240948
0.125004
-0.00332559
0.0194188
0.246115
0.000172108
0.00276891
0.000419773
8.46654e-05
-0.0103651
-0.0156081
-0.000289196
-0.0554841
0.206925
-0.0869025
-0.14669
0.0027522
-0.00755827
-0.00134358
-0.0608347
6.23888e-05
0.0434629
0.000103978
-0.0367697
-0.00454262
-0.0114737
0.0956945
0.247489
-0.155232
-0.000124636
0.379698
-0.0043841
-0.00529743
-0.138488
-0.159754
-0.0355415
-7.00097e-05
-0.00247232
0.0169246
-0.00714474
-0.0109338
0.00105508
0.182389
-0.092192
-0.0255781
-0.0154383
0.066639
-0.00364675
-0.000737539
0.00401991
9.76049e-06
-0.00716264
0.240782
0.0018954
-0.142753
-0.000128591
-0.0169907
-0.00758771
-0.168199
-0.0262951
-0.182919
-0.000150896
-0.000146085
-0.00673316
0.0246292
0.0044022
-0.192438
0.193385
-0.109866
0.000441958
-0.200322
3.63431e-05
-0.199956
-0.0582706
-0.178857
-0.163592
-0.138452
-0.0656439
0.0641876
0.112729
0.156952
0.201597
0.245263
0.367667
0.40651
0.443194
0.505707
-0.0186107
-0.016746
0.156026
-0.0339031
0.00214267
0.0468015
-0.0924702
0.00133874
-0.00142953
-6.65849e-06
-0.032221
0.0408436
0.000106406
-0.000671986
-0.0242694
-0.00376525
-0.194849
-0.0240181
-0.128368
-8.03801e-06
0.00137501
-0.00012018
-0.0960469
-0.0198773
-0.0820436
-0.0189857
0.00410445
0.000553593
0.0110162
-7.66607e-05
-0.00435359
-3.64727e-05
0.000872844
-0.0104034
-0.0265177
-0.000482077
0.000765983
0.104218
-0.0234496
0.153166
-0.19893
-0.0143653
0.328467
-0.0429163
0.00868556
-0.0490436
-0.00745736
-0.028821
-0.0275606
0.568483
-0.00283113
0.000163307
-0.0132689
-0.0200603
7.56521e-06
0.166777
-0.00906235
0.537643
0.0142235
-0.104445
-0.0611209
0.115513
-0.0103637
-0.000115414
-1.78793e-05
-0.00959631
-0.11688
0.000134043
0.591864
-0.00630551
-0.0111968
-0.000154533
-0.000882603
-0.013534
0.287145
-0.0144869
0.237837
0.00149621
-0.032526
-1.46237e-05
0.0610675
-0.0170608
0.0440563
-0.0133874
-0.0124694
-0.00162433
0.00315119
0.0273038
-2.84698e-05
-0.0210353
0.00140418
-0.00091105
0.00109538
-0.0217071
0.000601736
0.277752
-0.0241376
0.00888701
-0.0755594
0.115162
-0.0883969
-0.0254286
0.101704
-0.0418482
0.327209
0.0220148
-0.00779617
-0.114666
-0.00155479
-0.000112091
0.00102472
0.000210377
-0.0049408
0.0102275
0.000200161
-0.0301427
0.0494915
-0.00705633
0.000101911
-0.0075552
-0.0966007
0.284432
-0.0746678
-0.10699
0.0188487
0.178323
-0.00284336
0.154982
-0.0267149
0.012247
0.0812795
-0.133051
0.218263
-0.0001236
-0.0663765
0.00269411
-0.00341512
-1.87402e-05
-0.013741
0.22429
0.0022126
0.418681
-0.0473002
0.0564203
-0.0359435
0.000417405
-0.00337035
0.139555
-0.116062
0.422228
0.0859653
0.055185
0.315317
-0.0954566
-0.00975991
-0.142509
0.00162036
-0.0770351
0.293976
-0.00653959
0.545057
-0.00316937
0.186032
0.000231113
0.201845
0.269155
0.00687316
-0.0449604
-0.000847323
-1.33121e-05
0.0121948
0.00485195
-0.0887513
-0.0808806
-0.0129079
-0.0916928
0.301979
0.117732
-0.0868171
-0.0353161
9.67937e-05
0.009774
0.449917
0.0106423
0.307478
-0.134786
0.012327
0.000199874
0.000948525
-0.0468847
-0.00258508
-0.00588589
-0.0772356
-0.00140915
0.00794962
-0.0738365
-0.0901499
0.42153
-7.33653e-06
-0.0408652
0.000446667
-0.0576717
-0.000812502
-0.128035
0.242946
-0.0798085
-0.0532627
-0.00337505
-0.0340993
-0.00150869
-0.0118259
0.169051
-0.0617263
-4.3168e-05
-0.015707
-0.00885751
-0.000834331
-0.00546581
0.0279025
-0.0240949
-0.07678
-9.02838e-05
0.286472
-0.0582938
0.0157311
-0.000849642
-0.0179899
-0.00084321
-0.00164289
0.000668225
-0.053771
-0.000212986
-0.0846435
0.00641314
-9.27216e-05
-0.0240668
0.000702012
-0.0210294
0.00299614
0.310187
0.00284668
-0.0212843
-0.0203053
0.00895547
0.242954
-0.0329642
-0.0486779
-0.0342852
0.000804063
0.236826
0.105263
0.00301487
0.000273134
0.115655
-0.100466
0.00605333
-0.0595352
0.00327718
0.000869808
0.071201
-0.0619097
-0.0295994
-0.0252463
0.565899
0.0603859
-0.0187139
0.0736599
-0.000985266
6.1069e-05
0.00416441
0.00731288
0.297337
-0.00786503
0.048002
0.000232567
0.754006
0.709249
-0.0033946
0.357644
0.916563
-0.0666005
4.35714e-05
0.264134
0.26752
-0.00842541
-0.0528997
0.000467191
1.52291e-05
0.27144
0.0880576
-5.07102e-06
-0.120039
0.00024559
0.0994399
0.139326
-0.0738511
-0.0781317
-0.0461318
-0.000606589
0.00267886
-0.0291641
0.172335
-0.0971314
0.352918
-0.0221905
0.106032
-0.00384455
-0.000538401
0.00220109
-0.00650535
0.259338
-0.010907
0.264777
-0.000578581
-0.152943
-0.0964922
0.261942
-0.0141382
0.00107228
-0.0813583
0.000912674
0.0291337
0.224856
-0.0180007
0.290286
-0.0220365
-0.00700985
-0.174757
0.0881523
-0.14419
-0.0369039
-0.00208026
-0.0594867
0.00337211
-0.0210188
0.00379515
-0.0643057
-0.0266177
0.0958125
-0.00934347
-0.163149
-0.0891775
0.0669215
0.0975398
0.226297
0.00976635
2.81112e-05
-0.0145388
0.349204
-0.000224076
-0.0136671
0.00141306
-0.000570359
-0.0890769
-0.000384195
0.00771693
-0.00252757
-0.00383976
0.000785663
-0.0843365
-0.00320929
-0.0290774
-0.0108554
-0.00728987
0.597762
0.112694
-0.0756645
-0.024223
0.00364749
0.000272748
0.0307926
-0.00240319
0.0193497
0.61997
0.263422
0.2336
-0.000461161
-0.0367805
-0.00326673
0.0695521
0.206693
0.219536
0.281203
0.295999
-0.0314798
-0.00204585
-0.00507686
0.0850672
-0.00659759
0.30786
-3.18616e-06
-0.00331429
-3.5449e-06
-0.00998535
-0.072629
-0.00519995
-0.0282307
-0.0619645
-0.122487
0.291467
0.264122
0.0802849
0.267734
0.159004
0.15136
-1.20853e-06
-0.0143234
-0.0191893
-0.10564
-0.0102285
-0.0922143
0.138586
-0.110683
-0.00290492
-0.140537
0.209511
0.249774
0.119036
0.195076
-0.0835516
-0.0368592
0.0626927
-0.0116415
0.603837
0.000193777
-0.141839
0.135395
0.0397514
-0.00163648
-0.0933295
0.744602
-0.0426395
0.127485
-0.00164507
-0.176485
0.000693935
0.44799
-0.103669
-0.0488005
0.111051
0.0489994
0.12657
0.683812
0.463843
0.00606077
0.00118256
-0.00609464
0.000389786
-0.0674963
-0.0128436
0.118408
1.10857e-05
-0.00450681
0.175428
0.617435
-0.055337
1.37737e-06
0.748888
-0.145609
-0.0155967
-0.00886461
0.241025
-0.178581
0.116289
0.274218
5.87586e-06
0.246779
-0.0619798
0.000467908
0.0878649
0.0816401
0.118854
0.597273
0.6912
0.0120488
0.116553
0.00141809
-0.0807588
-0.0691358
-0.000273745
0.270619
-0.155255
-0.153649
-0.00204782
-0.00161273
8.49585e-05
0.0118016
0.038843
0.528203
-0.0765656
-0.00607419
0.000346404
-0.00805218
0.000195789
-0.0403113
-0.0841534
-0.0194396
-0.060559
-0.139088
-0.0921895
-4.94167e-06
-0.0865776
-0.00623098
-0.159835
0.109584
-9.48228e-05
5.82583e-07
1.02203
0.640544
0.70669
0.472822
0.045356
0.000297725
0.0566177
-0.0617124
0.000383361
0.541631
0.0485477
-0.00151851
0.188732
0.185471
0.111971
-0.186138
-0.116542
0.380805
-0.188725
0.0982719
0.0154623
-0.153684
-0.136527
0.0926973
0.133644
0.17849
0.221136
0.381108
0.422145
0.155924
-0.0922671
0.854095
-0.011926
0.0914884
-0.118833
0.013664
0.209471
0.00569485
-0.0206252
-0.161265
-0.168882
0.0879333
0.000319268
-0.104937
0.670901
0.0612919
0.585623
0.456753
0.813173
0.109463
-0.183948
0.67399
0.0604595
0.34644
-0.00221252
-0.0108341
0.000827615
-0.0918873
0.18967
-0.0386674
-0.105671
0.0183639
-0.107814
0.103891
0.00409562
0.192214
-0.0816179
0.00297752
0.000730851
-0.183609
0.0109577
-0.00917552
-0.0525813
0.805416
2.73747e-05
0.0422927
0.00540569
-0.0272312
0.013822
0.107579
0.0029882
-0.147365
-0.00017537
-0.00992048
0.182018
-0.00865458
-0.0727525
-0.0136424
0.000106734
0.101198
0.26438
-0.0987446
-0.0525771
0.109521
-0.0069657
-0.00458189
0.287504
2.20405e-06
0.0994515
0.0662164
-0.135271
-7.36952e-06
-0.00361406
-5.92646e-05
-0.0708419
0.291579
-4.3894e-05
-0.0182988
0.000234603
0.0263281
-0.0490721
0.000485522
-0.0884965
-0.114478
1.05093
-0.000116061
0.14716
0.00347503
-0.00165144
0.00170748
0.304551
-0.0175165
-0.0953775
-0.107166
0.49267
-0.0586041
0.243774
1.30138e-05
0.449764
0.132145
2.26465e-05
-0.146932
0.177301
-0.000911642
-0.00010863
-0.0978785
-0.0832887
1.03578
0.000109107
-0.0775117
-0.0994235
-6.75264e-05
0.0503173
0.00121743
-0.0534153
0.354459
-0.0772391
0.0660817
0.0143997
-0.000232784
0.547367
0.65835
0.00379209
-0.00202462
-0.114122
0.516135
-0.00981987
-0.000428079
0.149389
-0.167885
-0.107721
-0.00268385
-0.00132039
0.152646
0.0558179
-0.00774177
-0.123928
-0.156929
-0.0662597
0.102405
8.29915e-05
-0.046907
1.01087
-0.00262445
-0.00358118
-0.00916592
0.795153
0.220248
3.56194e-06
7.59239e-06
0.307777
0.306607
-0.062819
-0.122681
-0.111037
-0.000104774
0.053153
0.0316383
0.266057
-0.008444
0.417831
-0.0430104
0.0797397
0.647864
0.00054402
-0.0223869
-0.107584
-0.0694227
-0.0425809
0.000242002
0.559334
0.13451
0.132891
-0.0550784
-0.135898
0.000158885
0.328171
0.0015293
0.000288111
-0.0827662
0.161836
0.00340803
-0.0227166
-0.0764382
0.243503
-0.00590813
-0.0882298
0.00186626
-0.0721108
0.000886441
-0.00617343
0.000899948
0.118569
-0.059346
0.317644
-0.01948
-0.000183442
0.000557877
0.909818
-0.000133068
-0.0750755
-0.101746
0.492889
0.107253
0.000269925
-0.0302644
-0.0347703
-0.121483
0.145116
-0.102387
0.219033
-0.0300953
0.177037
-0.039008
-0.0162812
0.498555
0.00541478
-0.0251532
0.327061
0.25606
0.740897
-0.085479
-0.066067
-0.00191608
-0.0589842
-0.122904
0.203663
-0.00192086
0.0699052
0.000340993
0.0406693
-0.00604429
0.0586142
-0.0553607
-0.0133749
-0.00345493
-0.046599
0.000281723
0.153628
-0.0926305
-0.00298597
0.000150662
0.0485321
0.934867
-0.177951
-0.0357782
-0.00618897
-0.000397215
0.597658
0.0786777
3.36682e-05
0.0260835
-0.184723
-1.22164e-05
-0.00146439
-0.0846701
-0.0219893
-0.0113978
0.237029
0.527818
0.54416
-0.084715
0.00104235
-0.098451
0.000245397
0.384542
0.808599
0.000253636
-0.00151271
0.076954
0.840801
7.62453e-06
0.484764
0.873652
-0.0996429
-0.0237032
-0.00590049
0.487017
-0.0136769
-0.16683
0.772607
-0.0113446
0.525265
-0.049263
-0.0204036
0.777283
0.302383
0.498881
0.454357
0.00543727
-3.51142e-05
0.3369
0.153199
-0.0324711
-0.186249
0.0434941
-0.16255
-0.030168
0.488733
0.000635981
-0.012699
-0.142648
-0.00663951
-0.0594631
-0.12305
-0.0698572
0.548899
0.12203
0.0536071
0.748792
0.00208242
-9.44672e-05
0.123682
0.0939689
0.133537
-0.000532546
0.0153099
-5.62777e-06
-0.024171
0.0451811
-7.8282e-05
-0.00259341
0.00165695
0.000175102
0.17199
-0.017851
0.000876796
-0.0195922
-0.169677
-0.0200887
-0.00654359
0.538579
-0.0418108
-0.0309967
0.00304457
-0.0317617
0.000143817
-0.0731182
0.242362
0.0282946
0.304785
0.0189403
0.199555
0.331938
0.382898
-0.0535123
0.632678
-0.0289514
0.573482
-0.174597
-2.27513e-05
-0.0232839
-0.038716
0.0592677
0.275909
-0.123147
0.00062866
1.0424
0.0172178
0.261902
-0.0804636
0.205778
0.164187
0.00198895
-0.0658227
-0.159697
0.00522056
-0.00160314
-0.022747
-0.0820677
-0.0106611
-0.0160139
-0.161969
0.322243
-0.0113057
-0.0739136
-2.82169e-05
0.87574
0.975511
0.0139861
0.000197864
-0.061915
0.00353633
-0.0639304
0.000241928
0.124906
-0.0566386
0.000401991
-0.00140144
-0.0883734
-0.00183526
-0.0401201
-0.0586032
0.599849
-0.157315
0.555109
-0.00148872
-0.0232747
-0.0317576
0.198607
0.138765
-0.0971694
0.00480141
-0.0312653
0.473968
-0.0796143
0.000740219
0.000117097
-0.00615406
1.11995e-05
0.000329366
-0.0033993
0.0292102
-0.0139733
0.271133
0.000105898
0.00339274
0.454689
0.486001
-0.0552047
-0.00445789
0.401112
0.000592807
0.000635632
0.124414
-0.00248178
0.791425
-0.0807946
0.516445
-0.0860873
-8.75228e-05
-0.018604
0.686103
0.497015
0.0371452
0.00935333
-0.000441088
0.250814
0.155171
0.0313281
-0.00279891
-0.00126618
-0.11353
1.81962e-06
-0.048758
-0.0994009
-0.0706526
-0.0109612
0.817958
-0.00923991
-0.0550221
-0.0768579
0.00128393
5.25105e-05
0.00348845
-0.0105955
0.62163
0.038839
0.000170682
0.00179864
-0.128015
0.721876
0.000453398
0.00149177
0.101756
-0.0681238
0.680115
-0.0663115
0.56
0.516203
0.000430372
0.492712
0.537204
-0.0598922
0.114166
-0.000493311
0.553731
0.00125629
-0.000246948
-0.00863459
0.385645
-0.0174925
0.409839
0.00463391
0.824193
0.00559172
9.66528e-07
1.07522
0.0863814
0.889476
0.254453
-0.152758
0.0446321
-0.128792
0.669071
0.000543461
-0.000279008
0.155632
-0.00173561
0.800241
-0.180018
-0.186038
0.00486823
0.161725
0.226837
-0.154761
0.0328544
-0.0503497
-0.0100034
0.0640373
0.000940448
0.00769151
-0.0468447
-0.053674
-0.0841124
0.168
0.0253518
0.218928
0.139485
0.870692
-0.107473
0.0724617
0.000969428
-0.175125
0.564082
0.00242075
0.224579
0.426696
-0.0536438
0.0364056
-0.152641
-0.000150748
-0.00918541
-0.00551127
0.0184346
-0.0109816
-0.0453321
0.000256373
0.285072
0.197663
0.368262
0.228295
0.481558
0.026895
0.174512
0.0464865
0.0593894
-0.0411813
-0.179693
0.155504
0.54913
0.0909294
-0.0119621
-0.00151832
0.237723
-0.0125885
-0.157885
0.369782
-0.0382422
-0.0784679
0.261071
0.0794025
0.779147
-7.82372e-05
4.25832e-05
-0.123444
0.576494
0.641617
0.485835
0.625065
0.137527
-0.012696
-0.0191682
0.197113
-0.0380629
-0.00159301
0.0652635
0.819869
0.0141591
0.565263
0.261917
0.0374565
0.000274312
-0.0800456
0.655999
-0.00551433
-0.0170165
0.343694
-0.0397939
0.000622016
-0.00996331
-0.0457702
0.967614
-0.120379
0.316505
0.265042
-0.0144974
0.167441
0.513183
0.64934
0.287579
-0.139866
0.239457
0.223305
1.02897
0.00165298
-0.00568321
0.618782
-0.142105
0.515737
0.667005
0.00751891
-0.0744341
0.268572
0.00014795
0.714947
-0.0286511
0.611206
0.0255614
0.00405405
0.0195713
-0.00265371
1.0125
0.000180328
-0.171797
0.54651
-0.000978574
0.0478157
-0.0520087
-0.0515883
0.289901
-0.0441358
0.00205346
0.27263
-0.0400348
0.00178742
0.000158431
0.209905
-0.00591212
0.408654
-0.154895
0.00738416
0.158578
-0.00319744
-0.0222291
0.146974
-0.15132
0.429893
-0.0481607
-0.00553446
0.339693
0.000430377
0.0041718
0.318582
-0.0285683
0.0146207
0.290565
0.726732
0.283316
0.040557
0.456207
0.659736
-0.027969
-2.37088e-05
0.455581
-0.141878
0.0307054
-0.00197628
-0.124389
-0.00068054
-0.0016094
0.126921
-0.00972609
-0.0193495
-0.0491236
-5.68767e-06
0.432669
-0.00149886
0.0748703
-0.156237
0.000151402
-0.114442
-0.0526472
-0.130613
0.00126426
0.0615498
0.621282
0.727095
0.942
5.26609e-07
-0.0509363
0.000185452
9.44901e-05
2.91572e-05
0.00165573
-0.0027854
-0.00894234
0.468681
0.0479485
-0.00669668
0.151631
0.0587321
0.0189673
-0.129564
-0.102
0.243875
0.509356
-1.35239e-05
0.0318766
-0.0661693
-2.76893e-06
-0.0927076
0.126999
0.412842
2.78737e-06
0.741959
-0.0698551
0.218663
0.261472
0.00388592
0.323714
0.00582204
-0.162114
0.889413
0.000357558
-0.012492
0.387822
-0.000677869
-0.0561746
0.000111168
-0.00153447
0.00575569
-0.0260053
-0.00631229
0.000561546
9.8131e-05
-0.0186614
-0.146515
-0.105859
0.294607
0.141056
-0.0189848
0.82365
0.0402657
0.774263
-0.0338712
0.85568
0.769225
0.793788
0.0279532
-0.0226596
0.0235023
-0.00535409
0.000533313
0.417418
-0.0608028
0.00235277
0.405308
0.893716
0.305898
0.205178
-0.0106958
-0.0393228
0.0208895
0.0046502
-0.0872027
-0.0194179
0.763697
-0.000924364
0.989707
0.50322
-0.00162605
0.412584
-0.0655041
-0.167456
0.314601
0.138359
-0.00919815
0.312129
-0.0343745
0.560777
0.284087
0.00386481
8.92783e-05
0.0646018
-0.108795
6.87089e-06
0.00796851
-0.179367
-0.00153394
-0.0705493
2.84474e-06
5.14143e-07
-0.175615
-7.44572e-06
-0.0127288
0.00312625
-0.0600866
0.261172
-0.118688
0.0201461
0.12936
-0.0954213
-0.197442
0.25331
0.0405409
0.0366365
0.586563
0.520177
-0.00016558
0.435634
-0.134753
0.822575
0.43213
0.00617402
0.564411
0.832957
1.4827e-05
0.401649
0.0627426
0.0917921
-0.0862729
-5.15807e-05
0.162413
-0.119385
-0.00953416
-0.00060364
0.000171167
0.0357107
0.00258507
-0.125477
0.150345
-1.82128e-05
-0.166465
0.175626
-0.0169818
0.00338043
-0.012073
-0.00194418
-8.60002e-05
0.804195
0.736259
0.145216
-0.116461
-0.00979902
-0.00426278
-0.000732592
0.000259955
-0.00678128
0.0250711
-0.101717
-0.0898455
-0.0272287
0.596143
-0.0912863
0.989462
0.00113921
-0.0766067
0.648376
0.000892771
-0.105733
0.000198058
-0.000926633
7.40347e-06
0.00093607
0.309045
0.000382233
0.00344255
0.316482
0.0567664
-0.0190875
-0.0300668
-0.0204082
-9.52348e-05
0.921225
-0.119494
0.457258
0.293535
-0.00928889
0.561164
9.91379e-06
0.137129
4.79507e-05
0.00696469
0.0232766
0.808166
-0.00226775
0.509182
0.167497
-0.000919427
0.000203697
-0.0542755
0.60214
1.10752e-05
0.0294822
-0.000441695
-0.156728
-0.0840988
-0.12136
-0.0291308
-0.0512034
0.0728085
0.00684444
-0.18585
-0.145649
-0.0132025
0.00128337
-8.77279e-05
0.000795567
-0.00184252
9.52578e-05
0.246914
0.00381514
0.00301284
0.5852
-0.0023625
-0.101761
0.398896
4.30244e-05
0.00581175
-0.157965
0.92633
0.00897404
0.407742
-0.0855555
0.521826
-0.047382
0.717881
-0.121444
-0.130203
-0.0302731
0.789985
-0.0373663
-1.78004e-05
0.000984943
0.308899
0.141458
0.269101
0.948171
-0.0945051
-0.178038
0.636699
0.00248841
0.137999
0.021419
-0.00911863
0.00508768
0.021648
-0.000516101
-0.14184
0.300007
0.274698
-0.0243453
-9.76578e-05
-8.54116e-05
1.38642e-05
0.00719968
0.000357016
-0.132318
0.63949
-0.0963686
1.02054
-0.178051
-0.00430359
0.985739
-0.0439895
-0.0162682
0.00088721
-0.00241867
-0.018812
0.975815
0.95016
-0.0609353
-0.0310495
0.000485811
0.571321
0.418105
0.0271246
0.222158
-0.0330856
-0.0395936
0.0107767
0.77019
0.740053
0.259636
-0.0178597
0.0026886
-0.0342771
0.0616695
-0.00185103
0.583422
-0.00265449
0.0104296
-0.00524961
-0.146343
0.1541
-0.111127
-0.0201984
0.878404
0.312284
0.298862
-0.145664
0.13315
-0.0164325
-8.22749e-05
0.651839
-0.00129014
-0.00889793
-0.121553
0.226192
0.00025065
0.472821
0.0561718
-0.124627
0.186591
0.317547
-0.067564
-0.016578
0.0805553
0.968319
0.270887
0.723983
-0.00183752
0.24674
0.0345344
0.0130183
0.532316
0.00374807
0.0366711
-0.0547139
0.258875
-0.0898177
-0.0596163
-0.0913979
-0.141837
0.00338269
-0.0521932
0.781405
0.205503
-0.061288
-0.014791
-0.034662
-0.147609
0.959311
-0.0210004
-0.0171776
-0.172973
-0.0119127
-0.0276557
0.0527269
0.0211281
1.04005
0.754941
0.043008
0.703991
0.730531
-0.0177949
0.033096
0.0633052
0.166985
-0.00171872
0.144812
-0.000566099
-0.0498596
-0.151272
-0.0825934
-0.00674865
-0.0627988
0.569456
0.166749
0.679394
0.7122
0.75962
0.000285107
-0.0174236
0.773806
-0.0363335
0.909059
0.62495
0.00623447
0.846187
2.12955e-07
-0.00124699
0.20039
0.177409
0.66728
0.00658123
0.0265448
0.00597126
0.591631
-0.0426743
0.0319784
0.762079
-0.0873706
0.773586
-0.026398
-0.0823035
0.628668
0.757619
0.439716
0.423077
0.117024
-0.0165551
-0.0665484
0.000495617
0.778664
0.456401
0.563619
0.440209
0.86295
0.0338311
-0.163474
0.831088
-9.72559e-05
0.849793
0.262912
0.945886
0.902587
-8.89719e-05
-0.0917083
0.736812
0.00512824
-0.00636468
1.76859e-06
-0.0852425
0.0268246
0.661845
-0.023516
0.0286272
0.271932
-0.0978094
-0.00169688
-0.0467561
0.749348
-0.0562315
0.742077
0.833165
0.649595
0.0794192
0.256934
-0.51869
0.525043
0.814054
1.12936
0.441962
-1.04322
0.0465829
0.824746
-0.679355
0.027367
0.61541
-0.767615
1.06188
-1.44091
-0.163885
1.30456
-0.0938881
0.65917
0.112347
-1.90809
0.559909
1.14906
0.194495
0.773458
-0.209109
1.15302
-1.46814
-0.925319
1.03172
1.3825
1.73321
0.300964
2.30415
-0.303625
1.13707
0.355701
-0.0757718
-0.161406
-0.223946
-1.54791
0.27719
0.148232
-1.00861
0.194145
0.853573
-0.280875
0.731648
-0.0756112
0.114862
-0.694185
-0.729639
0.501352
0.378811
0.0572504
0.30138
0.452716
-1.35577
-0.0604119
-1.38515
2.0828
-0.276751
0.778373
0.565968
0.644447
-1.27948
0.248807
2.43023
2.47665
-0.301616
1.04485
0.501102
0.858957
1.20843
-0.477284
0.127222
1.90989
1.55898
0.262165
0.569519
0.606098
0.315454
-0.75242
0.553224
0.603082
0.580961
-0.200566
0.209097
1.29521
-0.907803
-0.273462
0.535064
-0.302595
0.833331
-0.0422424
0.377062
-0.387323
-0.534471
2.79377
1.04505
2.29038
1.39575
1.7465
0.316873
-0.287806
1.18269
-0.654772
-0.461848
-0.180993
-0.164821
-1.76002
0.000558683
0.468489
1.29763
0.787945
-0.126519
1.45645
-0.29475
-0.186971
1.3473
0.715637
2.83616
-0.0159528
2.15605
0.115536
-0.984082
-2.0195
0.0632986
-0.341038
-0.140159
0.766766
-0.209891
-0.162271
0.738773
-0.0613565
-0.0298906
-0.534975
0.182857
0.178729
-0.875018
1.15349
-0.642041
1.22189
2.39397
1.19867
0.843143
1.54919
1.8999
0.111496
-0.493078
0.322663
0.525753
0.807732
0.679355
-1.78762
0.593275
0.609897
-0.0624558
-0.231499
-0.243701
-0.81976
0.276264
-0.203575
-0.302654
0.201014
-0.237454
-0.303755
0.82453
0.616881
0.264438
-0.233848
0.448092
-2.09774
-0.150157
0.706277
0.564323
-1.27069
-0.17716
0.633089
-0.187013
0.384938
2.49054
-0.135866
-1.7275
-0.388743
-0.915369
-0.0294925
0.0459837
0.535469
0.213117
-0.210014
-0.0909462
0.148311
0.348187
-0.0431367
-0.488097
-0.315676
-0.172315
0.404084
1.37313
0.359992
-0.3733
0.456708
0.0637298
0.43188
0.45435
0.909444
-0.17413
0.170997
1.40879
0.866818
0.809584
1.33611
0.120054
-0.177659
0.283078
-0.175762
1.23953
-0.498161
-0.212015
1.09531
-0.352508
0.28949
0.36504
-1.25132
-0.764665
0.472643
0.520667
0.376638
-0.315879
-0.327547
0.646205
0.664219
0.34289
0.686107
0.439832
1.07865
-0.473337
0.436385
0.311438
0.285288
0.719751
-1.51378
0.00884921
-0.346604
0.130826
-1.45091
1.12022
-2.21321
1.07035
-0.11956
0.461186
0.014711
0.764655
-0.241772
0.149783
-0.287822
-0.0719467
2.92792
-1.30381
-0.320599
1.07741
1.42797
0.705521
2.22828
0.464872
0.589633
1.77954
0.380522
-0.0260114
-0.224135
-0.140881
-0.750011
-0.63071
1.10218
0.320773
2.74985
0.759119
0.384263
-0.332779
0.893266
-0.442567
2.67469
-0.0289411
1.08331
0.328909
0.113356
0.399004
-0.314378
0.113314
-0.76672
-0.228069
-0.192601
0.489543
0.635138
0.571767
0.529234
0.816697
0.611179
-1.58351
0.701159
1.36185
-0.199732
0.667484
-0.233747
-0.133262
0.45918
-0.130109
-0.138629
0.166032
-1.17658
0.65799
0.102291
0.231482
-0.273855
0.706779
0.673702
0.584604
2.86416
-0.396934
0.774329
-0.0619224
0.0656047
0.245637
0.513963
-0.653403
-1.48012
0.260602
0.448024
0.20065
0.0852625
-0.332321
-0.317343
0.145535
-0.458842
0.435851
0.924814
0.126405
0.321757
-1.20562
-1.5064
-1.25232
-0.643397
-0.891909
-0.253247
-0.184428
-0.271022
0.844697
-0.107238
-0.278975
0.609119
-0.581417
0.556685
0.442131
1.40967
0.312336
0.448265
1.35943
1.20165
0.286117
0.744426
-0.553391
0.917941
1.26904
2.41514
1.61974
1.97512
0.189074
-0.415497
0.441804
0.232465
-1.03315
1.1038
0.193272
0.0280804
0.5475
-1.00148
-0.345901
0.44427
0.730465
-0.33132
0.864631
0.741681
0.137045
0.544632
0.286013
-0.125836
-1.27707
0.438929
0.280994
-1.35876
0.762356
2.50965
-0.168399
-1.09382
-0.975195
-0.516247
-0.00575342
0.697452
-0.98128
0.6263
0.824725
1.17553
1.52608
0.093763
1.87806
-0.510733
0.508488
0.313009
0.762828
1.06453
1.40217
-0.674499
0.227321
-0.0864914
-0.42185
0.398899
0.722745
1.29898
0.416157
0.412041
1.42182
0.0461454
-0.302423
0.360459
-0.087557
-0.583349
0.433979
1.1953
2.02945
-0.61806
-0.608455
-0.209371
0.748459
0.354749
0.694927
0.00876951
1.40164
0.477383
0.667505
-0.256514
0.775728
0.652723
0.466719
-0.235384
0.581257
-0.268314
0.312503
0.373397
1.04873
-0.288064
0.603305
0.314209
-0.924975
-1.49918
-1.43529
-0.294739
0.170746
-0.0965811
-0.981571
-2.09645
-1.2479
0.454773
-0.385057
2.05932
-1.67118
0.261218
0.424065
0.339366
-0.861992
0.351399
-0.206831
-0.197632
-0.226358
0.245695
0.228846
0.445176
1.19269
1.92272
-0.0441355
-0.0136954
-0.253748
-0.234566
1.22589
-0.339914
0.678022
0.484113
-0.158678
-0.223579
-0.265971
-0.0939054
-0.906841
0.917897
0.0511062
0.321611
0.700646
-1.22316
-1.0106
-0.301624
-0.335853
0.757942
-0.809448
0.328198
-0.289164
0.544106
-0.336276
2.68546
0.365284
-0.29996
0.384688
2.37976
-0.379228
1.65463
0.225344
1.30385
0.953228
0.605663
-0.0213832
0.175213
0.428331
0.325741
0.301903
1.11857
0.449967
0.296588
0.895202
0.371689
0.643518
-1.32887
-1.16889
0.160048
-0.360078
0.581483
-1.48054
0.348149
-0.656008
0.545579
0.12722
-0.248613
0.158868
-0.363448
0.558234
-2.23029
0.0509151
1.04875
-0.523418
-1.28837
0.10275
0.313099
1.86191
-2.16812
0.0668887
1.04854
-0.359798
1.2304
0.876378
1.58098
1.93648
0.14504
-0.459547
-0.114595
0.783953
2.87224
0.189997
-1.63882
-0.0891751
0.38648
-0.00789017
-0.372568
-1.28395
0.646178
-1.0864
-0.399102
-0.259568
-1.53965
0.213077
0.524835
-0.259976
2.59393
-0.862505
-0.0617627
-0.253672
-0.389012
0.247428
0.020247
-0.153375
-0.256385
0.613409
-0.0834096
2.45681
-0.201921
0.0752875
0.602213
0.741452
-0.00928691
-0.289051
-1.31815
0.636445
0.420537
0.85219
0.573213
-0.239116
0.485893
0.76145
-0.16378
0.798241
-1.35901
-2.08992
1.00161
1.04326
-0.128353
0.545648
-0.188989
0.583745
0.334531
0.823672
0.223139
-0.232416
0.412839
0.425206
0.038918
0.315854
-0.863957
-0.192771
1.45743
1.10686
1.8112
-0.582014
0.0226895
0.754179
0.638792
0.235879
0.551621
0.473418
-0.941575
-0.213073
-0.202919
0.81131
0.92204
0.296402
-1.78358
-2.30891
1.85367
-0.217857
1.08115
0.857742
-1.60506
0.813984
-0.282059
1.45957
0.522293
-0.216988
0.37863
0.733267
-0.283615
1.02523
0.87688
0.833308
0.115392
-1.4401
1.08366
-1.25013
0.412626
2.69361
-1.43088
0.0750186
-0.59754
1.36969
0.714342
-2.13349
0.407506
-1.04267
0.180535
-0.220122
1.05606
-0.0227666
1.11137
0.290399
-1.38913
0.259016
0.640424
0.578098
-0.281954
0.243736
0.427564
-0.232172
-0.142842
-0.798571
-0.383673
-0.18168
-1.30194
0.0998226
2.00128
0.33845
0.935022
0.635954
-0.249094
0.210638
0.631867
-1.15157
1.15369
-1.2332
1.3572
-0.0429473
-0.27923
0.336016
0.0945262
-0.00194588
0.470213
-1.09623
-1.75318
0.743294
1.1701
0.774168
-0.167512
1.46177
0.721575
-1.2158
1.74439
0.250601
0.276347
0.531322
0.470929
0.153155
0.505225
-0.0735969
0.294292
0.288745
-1.9978
0.415977
0.790235
-0.506361
-1.90186
0.88782
0.305062
0.262792
-1.59055
-1.87505
-0.325701
0.925803
-0.0510938
-0.32181
-0.245528
0.670097
0.55639
0.517556
0.511508
-0.166297
-0.235181
-0.561111
1.13025
-1.51969
0.533345
0.577327
-0.887507
0.472199
-1.44429
-0.0915259
-0.303075
-0.409315
0.223894
0.844368
0.548582
0.0596926
-0.235675
0.273337
0.70518
-0.330173
0.675027
0.618199
1.14595
0.141107
-0.551025
-0.146686
0.370408
0.796305
-1.14682
0.840344
-0.960091
-0.184368
0.818268
-0.0599784
-0.167466
-1.47814
-0.272283
-0.172842
0.163217
-0.253336
0.951701
0.860462
0.25151
0.336995
0.898428
1.25022
2.43587
1.60085
1.95633
0.167465
-0.437099
0.0814231
1.21504
0.635913
-0.108847
0.799022
1.28285
-0.563161
0.00240926
0.259659
0.714301
-0.811074
0.645079
1.21389
1.08145
0.108478
0.160317
-0.36566
0.296929
-0.549691
1.83681
0.0549046
1.48662
1.13612
0.786417
-0.0557132
0.409813
0.0829835
0.393421
0.763779
0.770424
1.16963
-0.0670335
0.646074
0.266126
-0.890577
0.056763
0.70399
0.236085
0.373768
-0.8904
0.739402
0.196399
0.13248
0.119295
0.950869
2.55758
0.421185
0.429903
1.84683
0.6962
0.159606
0.297965
1.62614
0.646871
0.202169
-1.50712
0.593471
0.514986
0.710824
0.250657
-0.211507
0.188763
0.585266
0.204847
0.692194
1.33879
-0.67671
0.611627
-0.759146
-0.086953
-0.227193
0.386645
0.534792
0.408172
-0.198209
0.14304
-1.00321
0.824829
-0.168373
0.597666
0.540247
1.11524
0.280681
-2.0186
0.118091
0.575645
-0.541491
-1.75859
0.296821
0.248969
0.287283
0.589443
0.418406
0.397208
0.728579
0.522159
-1.97089
0.662218
0.480146
0.798064
0.452699
0.510038
0.445532
0.689762
0.623809
-0.731266
0.595426
0.550414
0.818052
-0.0276056
-0.769442
1.05586
0.497488
-1.32465
-0.788029
-1.18842
0.692524
0.855398
0.485775
0.359434
0.0834828
0.536537
-1.25488
0.332722
0.252341
0.658252
0.686116
0.741166
0.265844
2.74163
-1.17813
0.42569
0.944068
1.29414
1.6447
2.39089
-0.392384
0.212133
1.9769
1.08644
-1.02841
-0.396056
0.771969
-1.23313
0.731182
0.386678
-0.332022
0.185208
0.207885
0.135271
0.797664
0.432166
0.324337
-0.257688
-1.12866
0.250403
-0.461152
-1.46376
0.463659
0.606256
0.532279
-0.128748
1.23031
-0.248275
-0.119789
-1.1717
0.199086
0.0452873
0.944839
0.58118
1.07767
0.542733
1.65649
0.791003
-0.215238
0.740363
0.27123
0.63655
0.0942101
-0.342919
-0.39121
-0.3083
0.94941
0.658029
0.473217
0.429668
-0.265773
0.109939
0.619095
-0.391132
-0.0607987
-0.54949
-1.91129
0.696413
-0.25664
0.774102
0.313199
0.843435
0.500803
0.407445
0.938483
-0.388963
0.419826
0.533608
-0.743759
0.423352
-0.210146
0.606391
0.635592
1.01429
0.618265
0.701228
-0.223666
0.508253
0.985176
0.0767044
0.125959
-0.352478
0.559032
2.01249
-0.530159
0.433125
0.390736
-1.20859
2.64451
1.69645
-1.38766
0.691666
-1.22739
1.09579
1.42366
-1.19812
0.795384
0.368951
-0.57946
-1.18067
-0.748718
-0.387297
0.585584
0.604992
-0.629859
0.783812
1.15427
0.269651
0.22403
0.354196
1.02408
2.98344
0.816394
0.943425
-0.0802045
0.225176
-1.01663
-0.177201
0.683036
0.699366
1.00605
0.752885
-0.0870586
-0.451321
-0.40862
2.34861
1.68627
-0.350848
0.253716
2.02808
1.33567
0.984614
0.264972
2.35208
2.29757
-0.174142
0.884745
0.864305
-0.464087
-0.269206
0.504108
0.817478
-0.202001
-0.163186
0.419959
0.467456
-1.37413
0.718383
0.285247
-2.29843
-0.354556
-1.403
0.814132
1.05324
0.342065
0.496694
2.00262
-0.294161
0.570358
0.32307
1.11638
0.401804
-0.304843
-0.414798
0.957525
0.041564
-0.573107
0.854636
1.01284
0.151104
-0.798369
0.40869
0.0531052
0.778879
1.06833
0.411817
-0.190939
-0.369847
-0.40693
0.511911
0.475784
-0.316171
0.575018
-0.407809
0.523411
0.710316
-0.249105
0.261346
0.633739
0.621905
0.678771
-1.665
-0.261013
-0.266184
-0.232493
0.289313
0.200253
0.705264
-0.218339
1.11527
-1.82473
0.576421
0.559079
0.0632257
0.650194
-0.393256
1.02749
1.13764
1.08569
-0.608192
-0.936452
0.626097
0.3662
-0.294053
-0.329171
1.08161
-0.737665
0.331759
-0.855977
-0.191228
-0.296285
-0.210824
-0.434305
-0.168141
0.587829
-0.217951
0.660725
-0.789834
-0.298005
0.526112
-0.707184
1.22347
0.588606
-0.962918
0.249301
1.00662
-1.23018
0.519378
-0.227071
-0.2301
-1.06919
-1.11317
-0.398812
0.520793
-1.52151
-0.533728
-0.284066
1.33846
0.450314
-0.19562
0.521092
0.945507
0.440756
-0.521801
-0.306398
0.434926
0.722736
1.87868
-0.21882
0.416379
0.131986
0.288734
-0.177973
0.555361
0.265628
-0.309291
-0.544266
0.248419
-0.423338
0.372226
0.281839
0.310526
2.86493
0.258433
0.76119
-0.548036
0.0919327
-0.248869
0.625162
0.292212
0.172507
-0.370472
0.118124
-0.429804
-2.02767
1.34739
-1.49361
-0.477648
0.63435
0.310777
-0.109096
0.0958838
-0.220438
-0.210702
0.0652941
-0.159423
0.152544
0.611559
-0.0527244
-0.274424
0.685833
-0.288486
0.487678
0.984426
-0.490809
0.727481
-0.0669216
0.519128
-0.236805
0.687056
-0.128371
-1.14063
-0.186099
-0.92547
0.634962
-0.272833
-0.441932
-0.663693
-0.176913
-0.581178
-0.420671
-1.57495
0.555761
0.489572
1.28543
0.47461
-0.561635
-0.295901
-0.993109
0.678232
0.435877
0.806604
0.761487
-0.20614
-0.316681
0.49234
-0.496671
-0.497081
-0.774445
0.973691
-0.212576
0.722043
0.670907
0.103254
-0.29303
-0.390311
1.00601
0.997265
0.998628
0.563456
-0.226539
-0.546825
-0.449626
0.423697
0.686167
-0.377964
-0.510559
-0.211357
-0.382799
1.34233
-0.217206
0.246206
-0.948986
-0.139199
-0.32533
-0.743577
0.364419
-0.197827
-0.361877
-0.352138
-0.350914
0.650078
-0.380822
-0.918024
2.55456
-1.64992
0.850655
-0.459435
-0.0806015
0.206968
1.48685
-0.214292
-0.335555
-0.326939
-1.21631
-1.06274
-1.27598
-0.674609
0.642798
0.519544
0.407954
2.20643
-0.196774
-0.0868633
2.18878
-0.692117
-0.182508
0.423773
-0.0568009
0.674795
0.554101
-0.661577
0.025522
-0.140887
0.45665
0.0763837
-0.431811
0.547169
0.685144
-0.313029
0.116215
-0.288939
0.771854
0.534466
0.61826
0.506015
-0.0811404
-0.403347
0.560719
-0.287412
0.473178
-0.42448
0.59065
0.158216
-0.225161
-0.185035
0.585129
0.340713
-0.474186
-0.388179
0.488416
0.308544
-0.2917
0.300515
-0.0405317
0.35303
0.484329
0.195781
-0.672309
-0.272184
0.0199912
0.38318
1.02239
0.283666
-0.380493
0.648227
0.231803
0.416607
-0.265848
0.262674
-0.184434
0.218629
0.446548
0.414143
-0.568148
-0.364527
-0.52242
0.334376
-0.376547
0.0476851
-0.254585
0.906032
0.429505
-0.3388
-0.397549
-0.290943
-0.35886
-1.14236
-1.13206
-0.21356
0.0173492
-0.215842
0.695824
-0.306088
0.169032
0.430016
-0.321275
-0.31596
-0.278707
2.58374
0.206893
0.330938
-0.348865
-1.29082
0.0679543
-0.4444
-0.170354
1.06137
0.633145
0.117911
0.72144
0.99313
0.320264
-0.0392562
0.250784
-0.280625
0.803466
0.805898
-0.146729
-1.35377
-0.0918577
0.165021
0.610421
0.536257
-0.206949
-0.323508
0.573612
-0.262598
1.24077
0.611073
-0.420843
1.20186
0.675733
-0.204415
0.498122
0.290731
-0.302174
-0.317245
-0.281431
-0.646152
1.26253
-0.359761
-0.30141
0.820038
0.712473
0.0277182
0.384514
-0.442757
0.422876
-0.839423
-0.20199
-0.242626
0.460861
-0.246225
0.944518
0.189844
0.214635
0.854536
-0.570042
-0.275902
-0.23486
-0.341801
-0.16314
-0.254199
-0.140012
-0.507038
-0.226721
-0.32975
-1.36237
-1.32984
-0.285054
-0.0301252
0.602043
-0.399099
-0.270367
-0.92562
-0.399111
-0.25692
-0.198672
-0.617138
-0.245217
0.119304
-0.145302
1.22912
1.27623
-0.26344
0.72044
-1.33869
-0.158261
-0.210699
-0.911706
0.516673
0.576638
0.518859
0.815532
0.720843
-0.910758
-0.185793
0.403891
-0.170283
-0.245166
-0.341636
-0.171692
-0.288105
0.00189307
-0.182273
-0.155714
-0.461218
-0.207727
-0.675098
-0.775492
0.720402
-0.183723
-0.176569
-0.432526
-0.259561
0.713389
-0.171824
-0.813574
-0.153017
-0.412713
1.31745
0.702402
-0.0771929
-0.1497
-0.436761
-1.10006
-0.212912
-0.503207
0.478461
-0.431183
-0.295193
-0.412776
-0.473261
-0.169498
-0.558743
1.25462
-0.70032
0.297643
-0.268453
-0.547193
-0.13446
-0.194314
-0.21084
2.67301
0.923125
-0.325905
-1.06095
-1.1869
-0.147178
-0.58959
-0.37121
-0.178263
-0.183954
-0.170313
1.09743
0.955491
0.842832
0.587461
-0.959879
0.524349
0.686662
0.700376
0.705509
-1.80552
0.801653
0.656607
-0.239857
0.635044
0.724781
-0.25023
-0.165031
-0.0664571
-0.159096
0.695059
-0.141322
1.03575
-0.478524
-0.147854
-1.32539
-0.267649
-0.699512
0.854706
1.04692
0.611612
0.846962
-0.274785
-0.165361
-1.03
0.753507
-0.237491
0.576372
-0.644606
-0.893994
0.502043
-0.350321
0.607673
0.699197
-0.0243889
-0.410583
1.03555
-0.346699
-0.286828
0.829541
0.526441
0.512173
-0.402584
-0.483716
0.810417
0.56894
1.54763
-1.36283
1.47106
-0.526017
0.812992
-0.466163
-0.151857
0.781555
0.322416
-0.583899
-0.761354
-0.234234
0.0356949
0.453871
0.440856
-2.30375
0.790558
-0.210351
0.508023
-0.295615
-1.14861
-0.255559
-0.232915
0.358347
0.970493
-0.888357
0.778712
-0.454342
0.185318
-0.278292
1.27847
-0.208186
-1.15841
0.0948473
-0.355007
-0.478435
0.413082
0.415833
-0.397844
-0.519127
0.391324
-0.224328
-0.591998
-0.208184
0.777998
-0.234617
0.0326773
1.01673
-0.345959
-1.05527
0.733253
-0.478633
0.788497
0.776884
0.588878
-0.249692
0.316001
-0.39404
-0.189923
-0.6956
0.260787
1.41071
-0.210027
0.261501
0.29657
-0.238149
-0.213718
0.353216
-0.172385
0.608995
0.287012
-0.519697
0.747305
-0.197648
-0.230589
0.875944
-0.206251
-1.09823
-0.194493
1.53839
-0.382541
-0.809232
0.764772
0.896077
-1.39965
-0.249861
-0.205117
-0.267077
-0.259077
-1.11031
0.24671
-0.233992
0.222212
-0.728908
-0.305843
-0.277051
0.78241
0.935719
0.181109
1.06306
0.856192
-0.139848
-0.504193
0.742849
-0.937141
0.16719
-0.227396
-0.839304
0.773436
0.450212
-0.200825
0.0955245
-0.219487
1.08406
-0.453013
0.0639157
0.144213
0.706652
0.82972
-0.196493
-0.464555
-1.22061
-0.285926
2.36444
0.695235
-0.859921
-0.222438
-0.0729825
-0.261559
0.409842
-0.208705
0.669622
-0.161455
-0.225609
-0.187892
0.659947
0.352977
-0.133962
-0.326976
-0.733575
-0.215958
-0.618202
-0.0567706
-0.185851
0.801549
-0.22638
-0.25441
0.732946
-0.0709214
0.0525773
-0.190153
-0.20346
-0.669175
-0.198026
-0.237806
-0.179821
-0.876355
0.669823
-0.674233
0.468874
-0.257519
-0.229713
-1.04151
0.787633
-0.240544
-0.612958
-0.073768
-0.182105
-0.205482
-0.219388
-0.31156
-0.219882
-0.198032
-0.191589
0.890884
0.617005
-0.278617
0.348239
-0.257158
0.635119
-0.307608
1.15752
-0.205103
-1.09114
-0.274578
-0.211431
-0.215376
-2.27822
0.652663
0.525473
0.393743
0.68323
0.551156
0.403913
-0.077166
-0.210409
-0.20062
-0.0483727
2.15713
2.20334
-0.680766
-0.652495
-0.329646
-1.10352
-0.695898
0.229004
-0.251517
0.62408
-0.572923
-0.447623
-0.356357
-0.219557
0.546165
0.753633
-0.643526
0.605398
0.523408
-0.178297
-0.224611
0.576492
-0.297325
-0.210696
0.149555
0.488856
0.67837
-0.354152
-0.214312
-0.337633
-0.592198
0.984232
-0.251189
0.587395
-0.320832
0.582302
0.550819
0.791849
-0.484019
1.57843
-0.218341
-1.2678
-1.18344
0.815084
0.542725
-0.239548
0.459456
0.513855
0.785785
-0.296671
1.39825
0.625397
-0.319803
-0.316615
0.336186
0.305423
0.36914
0.399859
-1.28625
-0.375226
0.951803
0.158052
-0.97754
-0.501361
-0.288198
-0.317632
0.433415
-0.384381
-0.344725
-0.6641
1.07217
0.345808
-0.343227
-0.525665
-0.258731
0.598654
0.925867
-0.529883
0.478124
-0.177069
-0.181337
-0.175465
-0.994652
0.143973
-0.352545
0.278622
-0.26606
-0.41657
0.570445
-0.19966
-0.327676
0.0906432
-0.211649
-1.888
0.174847
0.438998
0.401918
-0.416262
0.247319
-0.361316
0.216097
0.114997
-0.778973
0.308777
0.22763
0.269859
1.37128
0.36316
-0.770679
-0.370196
-0.18125
-0.0970372
0.0499422
-0.2002
0.715396
-0.258579
0.683843
-0.114085
0.792662
0.185525
-1.02868
0.709044
0.861745
0.790461
1.073
-0.368847
0.0437215
-0.0595012
-0.347923
-0.45331
-0.0390879
-1.87965
0.0901373
-0.2859
-0.371605
-0.0104025
-0.902326
-0.802329
0.142002
0.952241
-0.205926
-0.498446
0.923875
0.964716
-0.814749
-0.00935971
1.46646
-0.850598
-0.448538
0.958343
0.871181
-0.324769
0.748129
2.18387
-0.388335
-0.265106
1.26954
0.765889
-0.234576
-0.549386
-0.437149
-0.334177
-0.226096
-0.155603
-0.0623137
0.375382
1.21663
0.758982
0.95575
-0.119054
-0.241988
-0.401572
1.2192
-0.302432
0.703169
0.507034
-1.05539
-0.587144
-0.427389
1.14677
-0.662251
-0.61176
-0.889394
0.739696
0.723493
-0.565081
-0.404085
-0.494318
1.08103
-0.482848
1.25425
-4.37555
-0.431324
0.710609
-0.324675
0.666428
-1.29803
0.661734
-0.898214
-0.225427
0.723418
1.11696
0.222071
0.372615
0.674275
-0.472841
-0.433273
0.830616
-0.24655
0.647038
0.713556
0.806722
0.359172
0.867168
0.707408
0.729428
0.749871
0.626774
0.53989
0.599453
0.686106
0.69456
0.76795
1.01898
0.613584
0.157642
-0.433877
0.856724
-0.478391
-0.206447
0.98447
-0.302531
0.698268
0.59162
0.701053
-0.435794
0.713833
0.499901
-0.533757
-1.04289
0.0585897
0.564547
-0.387657
0.980927
-1.14258
-0.350936
0.716122
0.522054
0.537213
-0.19843
-0.616845
0.448355
-0.23462
2.54799
0.470009
0.518556
0.0417174
1.16528
0.411992
0.468557
-0.455093
0.37719
-0.155172
0.427546
0.562344
0.449652
0.680735
0.41704
0.71561
1.37628
0.341058
-0.498267
0.855174
-0.524012
0.385383
0.769898
0.470414
-0.375237
-1.31123
-0.204308
0.812267
0.855706
-0.705757
-0.118914
0.520616
0.797613
0.282371
0.285017
0.678319
-0.701199
-0.541506
0.268855
0.331446
0.546622
-0.774334
-0.085365
0.74153
-0.799179
-3.27108
-0.940755
-0.366256
0.676483
0.273435
-0.763911
0.229851
-0.521578
-0.530414
-0.585568
-0.111543
-0.743525
0.748401
0.729289
0.224835
-0.257892
-0.638332
0.434107
1.0434
-1.07994
0.97022
1.02408
0.944747
0.16148
-1.97703
0.752955
0.185312
-0.41518
0.486363
0.792498
0.11953
0.788732
0.0638199
-0.589428
-0.800256
0.0791738
-0.374784
0.926128
0.0696539
-0.19404
0.762716
0.923276
1.27344
0.0512212
-0.864758
0.74918
0.950616
1.30668
0.342759
0.0244161
-0.189149
0.947066
-0.193615
-1.84876
1.11051
0.735549
-0.523084
-0.0697745
0.854116
0.970545
0.919433
2.79868
0.809891
-0.616081
-0.0621869
0.757307
-0.0465044
-0.84726
0.874092
0.517562
0.861257
-0.359057
-0.731571
-1.22822
-1.73377
-0.105485
0.912039
0.839134
0.265566
2.85131
-0.404581
0.699975
-2.75244
-0.191026
-0.472025
-0.987424
-0.951572
-2.40619
0.184183
0.833985
0.950839
-0.658095
-2.16306
-1.22788
0.765013
-1.00175
-0.246806
-0.192187
-0.76025
-0.248461
-0.876077
-1.35463
-0.502188
0.737434
-1.64961
-0.595191
-0.268465
-0.662388
1.2294
0.936797
-0.426151
-1.45506
0.683925
-0.266895
1.01032
-0.198351
-0.734329
-1.13379
0.75609
-0.760727
-0.252428
0.758682
0.195243
0.915149
0.138746
0.359874
-0.00118704
-0.450022
-1.30294
-0.709057
-1.13004
0.796613
1.12267
0.367447
-0.501016
0.919668
1.05354
-0.286689
-1.59361
-0.568445
1.20542
-0.03855
1.0447
0.550655
-0.213843
0.665241
0.747908
0.692342
1.00174
0.707559
0.789262
0.82534
0.330237
0.616644
-0.542471
0.616397
-0.805772
-0.193319
0.994979
0.589076
0.499358
1.18736
-0.357155
-0.46189
-0.0190467
0.824051
-0.765916
-0.13455
-1.77345
0.825334
0.904592
0.698118
0.508373
-1.07099
-0.377205
0.711666
-0.990927
-0.127858
0.799621
-0.392763
-0.128252
0.535129
0.437841
-1.55581
0.719828
0.823777
0.762141
0.296339
0.840989
0.892328
0.589085
0.511358
0.0972001
-0.841712
0.950721
0.0170485
1.17171
-1.78233
0.904665
-0.892053
-0.997707
-0.543352
0.258787
1.42756
0.464885
0.377706
0.58068
-0.653756
-0.261627
2.26547
2.11658
-0.733726
-0.128983
0.00635143
-0.598313
0.343019
1.43257
0.477156
1.783
0.599241
0.738177
1.08208
0.88133
0.418802
0.543782
0.641883
1.25787
-1.48894
-1.66863
0.888796
0.870567
0.409288
-0.187052
1.13703
0.905163
-0.431566
1.02172
0.596852
1.19983
1.23727
0.34768
-0.758142
0.434053
-0.140824
0.655246
0.673579
0.436983
0.96163
1.52924
0.531168
-0.61729
-0.71017
0.538811
0.469674
0.324499
1.36174
-0.711658
0.701677
0.652326
0.569011
0.287755
-0.96361
-0.200688
-0.929906
0.548078
-0.646293
-1.26903
-0.467255
0.270509
1.15804
0.984378
0.61807
0.559236
0.532329
-0.191936
0.706621
-0.381107
0.197486
-0.934426
0.455318
0.363866
0.642918
-1.52087
0.732836
0.481692
0.728245
2.311
-0.312735
2.08109
0.291813
1.72841
1.37798
1.02752
0.73614
0.305153
-1.7694
-0.669269
0.699998
0.305494
-1.74245
0.90723
0.500097
0.177525
0.700174
0.701351
0.612109
0.529654
0.904238
0.711388
0.743804
0.681688
0.917733
-0.158698
-1.37817
0.726304
1.32211
-1.46397
0.904304
0.608608
0.682572
0.708038
0.581936
0.653077
0.899524
-0.167729
0.271299
-1.28503
-0.240107
0.687179
-1.5173
0.68641
-0.307106
0.142184
0.728027
0.718523
-0.849347
0.80483
0.603739
2.61372
-0.844248
-0.265447
0.88457
-0.807179
-0.500957
0.0439113
0.750634
-0.643501
0.267587
2.1356
-0.177958
-0.227975
0.190265
0.961099
-0.215399
0.21099
-0.558018
0.781009
1.29145
0.771077
0.088253
0.568168
-1.3409
-0.645464
-0.389837
0.530874
0.708703
-0.0596141
0.540851
-3.66591
-0.21533
0.669398
-0.806116
0.0978453
-0.442165
1.1503
0.544125
-0.251972
0.436192
0.225775
-1.1552
-0.13865
0.525739
-0.426681
-1.19159
-0.196522
0.451349
0.412396
-0.156382
-0.327552
0.499371
0.478255
-0.589466
0.727349
1.23197
0.431478
-0.379414
0.500646
-1.50736
0.367953
-0.189285
0.310302
-0.252237
-0.0423477
-0.304599
-0.423084
-0.640474
0.911293
-0.39747
0.650594
0.617173
-1.31967
-0.613315
0.828239
0.879943
-1.57788
-1.52446
-0.0755566
0.788818
0.321659
-0.0941717
1.66084
-0.700397
0.2846
1.40345
0.706235
0.717305
-0.256896
-1.32339
0.57383
0.725666
0.323334
0.903689
-0.578257
-0.731479
-0.179391
0.495241
-1.70392
0.238485
0.0781132
-1.54392
0.239457
-0.258964
-0.220337
0.767412
0.256426
-0.293019
-0.324856
0.92206
0.703857
-0.144416
-1.42198
-0.47455
0.732708
0.705637
0.361997
1.08108
0.692538
0.639255
-0.253442
0.570688
0.964608
2.20049
0.137698
-0.69955
0.152555
1.38349
-1.32866
1.04962
0.580438
0.0312163
-1.50758
-1.00503
0.152884
-0.34449
0.999605
-0.102871
1.51643
0.704712
0.519771
0.184227
-1.35988
-1.91063
0.920241
-1.43017
-0.539741
-1.15855
-0.337234
-3.00639
-0.261889
0.455128
0.688324
0.928245
0.72342
-1.29753
0.594524
1.34296
0.613747
-1.04205
-0.279198
-0.145804
0.825224
0.628294
-1.25683
-0.841419
-0.346165
-1.87458
-2.05708
0.871935
-0.0550012
0.555053
-0.403014
-0.398312
-0.102435
-0.0762515
0.788708
-1.79591
0.861086
0.41574
0.484326
-0.285839
-0.643488
0.6603
-0.224184
0.855687
0.791277
-1.22729
0.298649
1.47791
0.874934
1.13995
1.04812
0.617038
1.00129
0.835245
-0.370143
0.925372
-0.749708
0.627309
0.887766
0.336658
0.507487
-2.59236
0.426506
0.0426173
0.344262
0.874497
-0.029532
1.55291
-0.34118
-2.28062
0.0348155
-1.6953
-1.43953
-0.701892
1.09818
0.42715
0.929841
-0.506731
0.00053462
-0.855278
-0.397883
-1.09059
0.22907
0.262048
0.196855
0.669928
-1.61972
0.212313
0.666473
0.324222
0.877488
-1.11313
-1.137
0.155216
1.63022
0.456372
-0.342548
0.714234
0.59438
-0.251244
0.501023
0.625368
-1.14152
-0.22717
-0.491001
0.84586
0.95286
0.279754
-0.37597
0.698046
0.902429
-0.330571
2.14043
-1.62479
-1.37416
1.62525
0.548923
-0.40571
-1.49167
0.230425
0.651316
0.575125
0.556602
0.305305
1.12759
0.33511
0.00812848
0.505889
-1.53261
1.13821
-0.378379
0.359845
-0.69157
0.48049
0.573495
0.619693
-0.300778
0.52177
0.799688
0.873621
1.66723
0.796755
-0.0388927
0.53075
0.426497
0.661337
0.514067
0.68175
-0.149347
0.457549
-1.20015
0.271141
-1.35486
-1.17144
0.750871
0.436953
0.366137
0.0837037
-0.296268
-1.57242
0.400598
-0.151065
-0.19046
0.642994
0.522218
0.616134
-1.34732
0.451308
-1.30757
0.446915
0.635534
1.71977
-0.472874
0.79303
0.831966
-2.68583
0.106632
0.677034
1.19385
-0.176051
0.822267
0.715004
-0.542928
0.732665
-0.360855
1.91204
1.19344
1.53448
-0.452963
0.133418
-1.19315
0.969473
0.264252
0.284637
0.47104
0.930328
0.99669
-1.54189
0.202168
1.22643
0.795593
1.77041
-1.2588
0.296999
0.550973
0.582596
-0.558553
0.309272
-0.487399
0.349614
-0.200534
1.5567
1.65717
-1.1833
-1.50978
0.742911
-1.56344
-0.576824
0.323245
-0.153731
0.555986
-1.12983
0.441796
-1.07563
1.2381
1.0021
-1.16937
1.0621
-1.70055
-1.66631
0.321262
1.15132
0.76843
0.606438
-0.735742
1.15043
0.503872
0.192738
0.337372
0.538091
-0.523735
0.382247
1.08017
-1.53832
1.00204
0.81705
0.135831
0.433579
-0.612675
1.64708
4.05442
0.477785
0.284627
0.0717937
0.328
-0.239652
1.23093
-0.307397
0.249789
-0.0246995
0.171886
-0.993051
-1.89568
3.00367
0.667706
3.12202
0.21405
-0.225645
-2.90285
-0.510962
2.91109
-0.107217
-0.277255
-0.67088
0.129884
-0.189682
0.758017
-0.34034
-0.161727
-0.526055
-0.707333
0.385187
-0.101834
2.26474
0.693458
-0.825061
0.879249
0.0169927
-0.219411
0.50397
0.569047
0.34062
0.630968
-0.0386041
0.932906
0.20175
-0.877216
-0.643332
2.16992
2.58473
0.147664
2.33982
0.748819
0.810298
0.442909
-0.45688
2.52325
2.82736
2.68954
2.40186
-0.402803
-0.263874
1.10738
1.06042
0.07847
1.16109
-0.587551
-1.12743
-0.957275
0.264183
1.63415
1.51157
-0.764103
1.76175
1.86261
1.8082
2.45595
1.28353
1.58069
1.41086
1.34435
2.74831
1.98483
1.45785
1.23012
0.993984
2.63994
1.93182
1.69502
2.22501
-1.00348
0.945882
-1.32198
0.645211
-0.282467
1.45698
1.48217
0.804022
-0.566183
-1.40387
-0.0966065
1.63109
0.419414
0.84263
-0.512692
1.74117
-0.426765
0.391193
-0.108341
0.372637
0.974553
-0.413648
0.848863
-0.460502
-1.07833
0.0932945
0.536403
0.0358382
0.48583
1.26508
0.402084
-0.224884
0.0636785
-0.613364
0.871232
0.362368
0.763042
-0.477302
0.289666
0.673968
0.619904
0.551707
0.234644
0.693902
0.318158
-1.37264
-0.828703
0.409381
0.696691
1.11259
1.22484
-1.02485
0.797403
0.419952
-0.186876
0.466081
1.80612
0.307108
-0.00495391
1.01642
1.84841
-0.345971
0.689151
-1.51391
0.686405
-0.433789
1.51836
0.142032
-1.15426
-0.144884
1.99771
-0.258762
1.30717
0.528421
-1.57564
0.394538
-0.52432
-0.0610504
-0.00917628
0.269885
1.18868
2.87425
0.873724
2.65534
1.6224
0.858723
-0.153116
-1.49499
1.96104
0.034912
-0.327676
-1.51921
1.37949
0.452029
1.25741
0.865113
-0.257615
2.69358
0.291727
0.495347
0.880691
-0.284593
-0.304835
0.230012
0.894663
-0.200637
-0.286913
-0.0999937
-1.97662
0.857604
-0.250786
0.532472
-1.51605
-0.0656317
-0.188433
0.195658
-0.312167
0.788923
1.12906
0.0573252
-0.547176
1.83152
1.47956
-1.16228
0.0228137
-0.375916
0.857917
-0.130509
-0.865244
-1.56123
-0.229668
0.501904
-0.266016
-0.31873
-1.53188
0.562257
0.426802
0.932845
0.291368
-0.0374085
0.681098
-1.51134
-0.478506
0.26266
0.500106
-1.66572
0.505154
0.109781
0.715119
-0.234371
0.384246
0.502835
-0.563891
1.60243
0.607421
0.72559
2.86782
-0.41024
0.168161
-0.434463
-0.210074
-0.439069
1.03513
0.571582
-0.146689
-1.44152
-0.101074
0.668427
-0.100559
-0.679713
-1.09979
0.244902
0.487096
0.086095
0.650076
0.673479
0.254483
0.173492
-1.05331
-2.33509
0.519224
-0.96215
-1.09116
0.237302
1.06234
0.841173
0.112866
0.344588
2.09998
0.859161
-0.182182
-1.70608
1.42855
0.570735
3.10407
-0.189351
0.117684
0.281931
-1.45611
0.276107
-1.22312
0.957396
1.41339
0.726607
-0.0151851
1.06404
-0.0432076
0.471456
-1.04231
-0.246309
0.651167
-0.961131
-0.0527212
0.633809
-1.61026
0.0708219
-1.624
1.48783
0.732934
0.0654311
-0.0355458
0.377109
-0.146197
0.533661
0.188828
0.115541
-2.61765
0.527012
-2.44837
-0.197065
-0.13873
0.694964
0.168828
-0.0749439
-1.09574
-0.241388
-0.181519
-0.240766
-0.585658
1.5139
0.815757
-0.15845
-0.288788
-0.772786
1.54074
0.0507077
-1.34851
0.477915
-1.44819
-0.18159
0.120767
-0.76991
-1.04152
0.513566
0.975234
0.440222
0.190416
0.169922
0.166089
0.310123
-0.0197252
-0.101292
-0.188018
0.656049
0.37537
-1.62715
-0.00281898
-0.487727
1.0324
0.156157
0.743945
-0.885472
-0.742404
-1.57389
0.260766
-1.02993
0.64959
0.30856
2.10695
1.75627
0.449081
-0.993166
0.752673
0.583544
0.261323
-0.284226
-0.161488
-0.132724
-0.137184
-1.64763
0.699484
-1.32863
0.523515
0.678964
0.956114
-0.202044
-0.562938
0.848799
0.714715
0.585396
-0.177822
-0.412077
0.38745
0.30204
-0.93456
-0.121162
-0.427647
0.565876
0.436495
0.216204
-0.621781
-1.60819
0.251437
0.973086
-2.62035
1.54351
-0.16064
0.489658
0.560385
0.733905
0.0258756
-1.42388
1.92391
-0.228711
-1.34264
0.87996
-0.886166
0.444984
0.200941
-0.145612
-0.281212
0.518052
-1.1992
-0.283448
0.641142
3.61362
0.669249
0.629136
0.15473
0.491264
0.865128
-1.06086
0.85108
-1.21814
-1.233
0.695872
0.2078
-0.6914
0.400603
0.742903
0.768765
0.275192
0.777658
2.00563
-1.1308
-0.461416
0.430002
-0.444465
-0.216439
-0.923965
1.52431
3.38026
0.15234
-0.236188
0.998506
-0.154807
-0.517164
-1.39477
0.0022132
-0.418826
3.00145
-0.0292783
1.78939
-0.394469
-0.569392
-0.266991
2.86375
-0.199634
0.404959
-0.0604244
-0.355241
-0.138502
-0.32729
-0.665266
0.711018
0.592258
-0.52549
-0.517036
0.819191
0.671935
0.545194
-0.794558
0.375599
0.90188
-0.228901
2.53036
2.3545
0.466418
-0.020808
0.979659
2.3275
0.0790716
0.0874872
-0.935619
-0.434312
-0.745961
0.277245
0.81087
0.249281
0.170228
-0.850853
2.77302
2.22992
2.68869
2.43331
1.0804
2.51459
1.1602
-0.625356
2.60921
1.1706
1.68074
2.70954
1.33007
1.86092
1.52111
1.51066
1.78177
2.20725
1.60294
1.00707
1.35748
1.43085
1.87245
1.95469
1.25236
1.70815
-0.956205
0.698676
0.775041
1.03598
-0.491636
0.995544
0.55224
0.22441
0.145521
1.13735
0.954146
3.05377
-0.651605
-0.152805
-0.13129
-0.0986942
-0.841107
-1.51551
0.519339
1.09223
0.198316
1.76071
0.964993
0.485761
-0.136706
-0.0250306
2.56172
0.683762
0.889044
0.600771
-0.367138
0.636142
0.215249
0.728327
-1.07418
-1.05628
-0.355542
0.301152
0.367288
1.09055
-0.218681
1.64753
-1.45933
0.309359
0.608909
0.642611
0.0204637
1.9109
-2.02292
0.62244
0.884773
2.12489
0.353551
-1.35662
0.988478
0.634866
-0.79874
0.87802
0.786673
-1.67118
0.737089
0.0616519
0.418445
-0.0595934
-0.405869
-1.52793
-1.32849
0.604463
-0.184365
0.618808
-1.50052
-0.0880987
-0.236419
0.0275208
0.266813
-0.667073
2.21406
-0.194056
-0.0619072
0.410994
0.546823
0.670085
0.62848
-0.703277
0.172901
0.684126
0.680422
-0.875224
0.280904
-0.176752
-1.04728
0.772507
0.858962
0.262503
0.288492
0.436622
0.692147
0.635302
-2.49169
0.599882
-0.614014
0.596265
0.50181
2.17625
-0.135919
-0.0973087
-1.59275
-1.27053
0.550509
0.617133
0.152393
-0.874045
-0.0714157
-0.147079
-0.132974
0.862582
-0.234571
-1.58173
0.116349
0.402902
0.695437
-1.49638
1.51248
-0.433544
0.308928
-1.00654
0.454353
1.22291
0.222008
-1.09454
0.513043
-0.106822
2.00348
0.214291
0.616546
-0.314552
0.226079
-1.40718
0.590397
1.1408
-0.278304
-1.40094
-1.5658
-2.44673
-1.34123
0.53048
-0.0506683
0.397867
-0.787007
0.674337
2.85058
-1.54008
0.751189
2.44298
0.337303
0.41941
0.605954
-1.56168
0.467542
2.94781
0.671366
0.423029
1.11536
0.455529
2.95701
0.193286
-0.802287
0.245277
1.93902
0.577299
1.09609
0.454236
0.587428
0.756073
-1.06206
0.457782
-1.03494
)
;

boundaryField
{
    frontAndBack
    {
        type            empty;
    }
    bottom
    {
        type            zeroGradient;
    }
    inlet
    {
        type            zeroGradient;
    }
    top
    {
        type            zeroGradient;
    }
    outlet
    {
        type            fixedValue;
        value           uniform 0;
    }
    car
    {
        type            zeroGradient;
    }
}


// ************************************************************************* //
