/*--------------------------------*- C++ -*----------------------------------*\
  =========                 |
  \\      /  F ield         | OpenFOAM: The Open Source CFD Toolbox
   \\    /   O peration     | Website:  https://openfoam.org
    \\  /    A nd           | Version:  7
     \\/     M anipulation  |
\*---------------------------------------------------------------------------*/
FoamFile
{
    version     2.0;
    format      ascii;
    class       surfaceScalarField;
    location    "34";
    object      phi;
}
// * * * * * * * * * * * * * * * * * * * * * * * * * * * * * * * * * * * * * //

dimensions      [0 3 -1 0 0 0 0];

internalField   nonuniform List<scalar> 
11512
(
140.562
-508.492
367.931
-776.441
4.26947
772.172
421.249
-372.009
-49.2395
656.32
255.436
-911.756
1510.26
-1069.4
-440.863
1216.26
-1527.1
310.842
-37.5155
469.967
-432.451
169.222
-840.557
671.335
961.931
-1610.72
648.787
-1770.76
1679.03
91.7275
-542.947
1759.2
-1142.41
1936.14
-793.73
605.029
181.412
-786.44
-25.746
-1322.41
1348.16
223.398
-1994.16
1022.09
-386.609
-635.486
-193.062
333.624
482.237
190.642
-672.879
1154.3
-1316.03
161.73
-332.242
379.539
-47.2971
1013.29
-1327.67
314.383
1221.73
800.25
-2021.98
75.2827
-1650.48
1575.2
-495.886
-1156.83
1652.72
472.179
181.98
-654.159
-183.74
-324.752
497.485
1012.77
1658.01
-1817.2
159.192
-98.0477
-1688.26
1786.31
-1561.13
657.835
903.296
-312.681
652.537
-339.855
-192.249
-126.632
318.881
1293.07
-1217.79
355.366
-1407.19
1051.83
-1754.24
1754.24
100.074
1542.48
-1642.55
-1085.26
-475.868
648.033
-685.549
-388.56
942.201
-553.642
1331.71
-1317.12
-14.5891
-1100.38
711.817
621.651
400.443
-415.692
-15.7126
431.405
-460.539
803.713
-343.175
-1618.33
1618.33
1253.53
-1437.84
184.308
-489.332
1711.06
1252.72
-310.515
1660.7
-1161.2
-499.505
57.4348
-389.676
2067.92
-1137.13
-930.791
1825.05
-167.033
449.999
156.115
-606.115
-473.846
980.872
-507.026
-1179
1279.07
-566.223
969.154
-402.931
396.507
757.797
660.269
-491.047
-438.385
588.451
-150.066
1190.53
-835.166
2308.24
-1080.7
-1227.53
1164.86
-2012.08
847.213
-1612.54
1586.8
440.485
-1582.9
-758.687
1250.23
-491.546
-670.738
358.057
1661.41
-699.482
-1106.93
-870.903
1977.83
700.315
-387.228
-313.088
690.831
561.885
-258.218
1511.75
96.181
-309.338
213.157
-284.712
756.89
-332.707
558.669
-225.962
-324.357
806.594
-320.512
-138.199
458.712
319.035
102.214
1472.23
-458.94
-1001.6
497.611
503.99
261.444
99.7833
-361.227
946.419
-341.391
-1704.52
632.17
1072.35
21.6106
-866.728
845.118
-274.371
588.289
-313.919
158.725
-1093.92
935.191
1050.48
-1066.12
15.6428
373.156
516.528
-889.684
-245.287
695.286
-1102.79
-482.752
1585.55
-676.586
949.248
-272.662
1352.48
-1450.53
-658.891
292.916
365.975
-470.211
-1011.46
1481.68
-535.789
-797.691
1333.48
574.956
-994.854
419.898
-261.167
-313.73
574.897
400.082
-303.901
-1047.94
574.092
955.615
-796.89
-110.415
943.592
-833.177
-199.67
407.268
-207.598
-637.508
-364.094
-386.737
961.693
1856.35
-1856.35
-481.228
-177.663
-946.137
1569.25
-623.112
464.806
-900.882
436.076
-921.792
355.569
-941.902
-1058.08
-1501.27
342.838
1158.43
-268.384
924.704
-335.815
631.976
-296.161
-1941.89
999.992
-1151.39
-349.882
568.585
-1514.72
1728.5
-1726.06
-2.43886
200.182
-618.993
418.811
-1471.75
975.981
495.768
275.072
224.52
-499.591
303.956
-636.663
231.66
-405.027
173.367
2017.66
-870.821
-1146.84
-556.945
141.252
614.439
841.539
-1455.98
-182.707
414.367
431.841
875.859
-1307.7
-902.426
387.185
515.24
-1051.8
1448.3
-1068.23
309.542
745.792
-93.2556
573.427
-294.281
-279.146
1026.67
-529.059
593.483
-1403.59
810.107
-1342.03
239.236
-539.289
264.918
-1191.41
923.024
1944.87
-987.705
-957.162
276.797
1579.56
-2100.39
899.008
1201.38
351.815
-34.3413
-317.473
-222.676
477.323
-254.647
-92.4734
-394.369
486.842
-458.31
137.797
335.993
-131.922
596.728
432.847
375.368
-808.215
-2043.5
1126.89
916.612
462.063
-524.505
62.4427
216.106
-356.343
140.237
1004.15
1013.51
1796.16
-253.678
752.153
-459.238
795.227
-1388.76
593.534
364.866
335.45
1064.59
-1042.98
-488.183
-254.965
743.148
466.517
-125.845
-340.671
794.854
-613.442
547.168
-735.077
187.909
503.332
1157.37
-1240.43
704.642
1032.73
-1528.62
-3.11403
-1439.42
1442.54
327.962
822.155
-1150.12
621.723
269.898
-891.621
-2270.51
1153.02
1117.5
-1100.57
-1169.94
177.487
369.681
959.196
-631.233
877.897
-897.711
19.8144
-2099.39
992.462
-216.147
-185.426
401.572
-42.1228
1770.63
-844.5
68.0591
-1032.34
-1068.05
-227.257
443.363
-695.893
214.664
-288.194
-425.693
713.887
1103.93
-1574.14
782.472
-1374.15
591.673
698.414
-442.977
1947.82
-1444.48
-378.281
-1375.96
62.6373
407.33
-538.668
542.937
31.4636
-590.301
558.837
568.434
-293.362
-597.666
274.21
323.456
788.646
-355.799
35.1988
316.616
1188.47
-1191.58
162.121
237.961
396.336
-684.53
618.15
-1004.89
-2026.78
2026.78
-272.442
-446.158
718.6
698.687
405.836
-1104.52
579.953
165.84
419.023
369.623
-2199.77
1328.86
-925.645
-680.571
1606.22
-476.405
-715.003
-251.3
557.84
-306.541
837.864
-217.635
-620.229
-462.482
662.664
362.602
-698.417
-381.388
-132.069
513.457
-1338.72
-478.482
650.238
-1126.64
-374.135
-1244.2
844.362
1463.88
304.906
-915.878
610.972
966.186
-344.535
1391.15
-797.665
439.678
-277.557
-322.473
-880.815
584.242
296.573
-349.681
-531.134
319.273
-411.746
-188.434
-159.199
347.633
-392.825
1091.51
433.373
-242.731
-382.376
1365.17
-172.865
-1192.3
-483.879
306.154
177.725
222.513
272.038
-494.552
-2.31839
-732.759
592.204
-1729.09
1136.89
1486.43
-871.991
-1048.71
-423.043
-1055.59
574.704
480.886
1392.83
-416.846
928.42
-1411.17
-174.688
-183.286
357.974
-467.401
577.912
-1629.71
427.846
903.866
299.925
298.646
-598.57
568.031
1186.21
1102.34
-709.189
-393.153
390.986
-203.171
-187.815
-1419.42
446.963
736.391
-1183.35
1473.19
-544.774
-485.792
942.395
-456.603
426.164
1186.13
-1612.3
47.4318
-724.018
-154.102
415.546
195.216
-387.465
541.137
485.533
-594.374
39.6516
554.722
1024.51
-1307.64
283.13
672.418
-253.395
468.428
-1447.19
978.766
393.068
1689.12
-524.26
894.121
1050.75
-658.199
-1684.93
759.282
563.621
411.805
-975.426
457.433
79.1
1750.2
-1829.3
1443.6
-379.491
-1064.11
1699.23
-1741.35
-364.759
-542.072
730.377
-188.306
-502.59
171.81
294.707
-373.131
-1225.91
214.445
-764.753
-638.837
-629.066
996.102
-367.035
-650.857
640.654
10.2027
654.748
-923.339
268.591
-708.419
350.237
358.182
-646.952
-701.336
346.688
354.648
-932.083
1400.51
-426.263
893.374
-467.112
-2205.32
5.55627
168.526
-529.835
361.309
144.263
1220.91
-106.217
-589.676
151.943
-590.328
1486.94
-704.469
392.703
-465.96
73.2575
-560.512
560.512
1222.95
395.387
1778.33
-1227.75
590.195
637.552
846.392
-51.5382
1292.71
775.218
-541.133
1336.36
293.71
294.58
267.457
-809.529
249.115
-709.653
224.737
-436.425
211.689
-254.732
589.205
-334.473
113.242
-367.974
-591.1
-564.706
1155.81
-379
557.371
-178.371
-1192.14
2032.03
-839.883
1288.04
-328.849
-396.082
134.915
-1982.51
825.677
1548.23
-851.535
-696.69
1987.05
-877.494
-1109.56
714.518
573.526
-239.73
464.467
-674.136
1157.71
-483.575
-769.105
1200.95
551.99
924.53
-1725.96
801.425
-554.184
-83.7019
637.886
311.534
261.893
411.995
-88.1824
-323.813
896.241
-83.5717
-812.669
937.751
-578.045
-359.706
1576.13
-472.204
895.05
-1630.44
735.394
1068.44
879.377
746.456
-435.067
-311.388
-1058.81
-258.312
573.043
574.421
-1147.46
-470.125
527.756
-57.6314
572.258
-334.581
-237.677
-989.71
563.447
594.007
892.424
-441.754
1096.5
1426.85
-789.285
-637.566
388.595
-922.568
533.973
-1046.92
409.409
572.855
-1058.65
478.239
-554.346
76.1074
489.661
314.052
-511.676
-48.8365
-793.813
-881.958
1675.77
180.743
210.243
-236.491
413.979
-29.0035
-573.269
602.273
501.155
872.243
-1373.4
-501.91
313.477
985.073
-88.8326
835.255
-1064.16
228.906
408.979
844.851
-1385.98
-462.634
838.002
1982.53
-1288.32
-694.21
269.456
608.441
255.453
795.023
97.8559
-981.585
883.729
1673.71
-1088.91
-584.795
-138.076
1888.27
-1866.14
-160.643
482.321
-620.469
138.148
-1011.25
528.414
482.836
-1730.46
538.316
-955.389
844.973
393.01
195.441
578.252
-273.346
-416.667
706.985
259.201
48.2382
721.731
-769.969
-1129.18
-899.429
2028.61
-545.353
1122.74
-577.389
-485.217
-321.75
105.603
-1658.08
864.266
-845.488
-618.561
1464.05
-328.847
-294.329
623.177
351.773
-659.321
307.548
258.278
-614.077
341.435
196.043
-537.478
367.319
-618.619
630.061
-278.288
315.535
-453.734
681.497
418.352
-195.839
-407.444
-293.892
1228.68
-2.18763
-1226.49
1038.44
-420.292
558.258
410.896
-1782.29
869.805
912.49
488.057
562.024
-1050.08
-531.836
202.988
-264.734
1182.21
-917.475
-1590.8
1212.52
504.593
-1095.69
386.266
6.43731
432.357
317.566
-749.923
367.156
-612.443
-38.7722
760.158
-721.385
-524.714
794.612
399.083
320.557
525.835
650.614
105.339
-420.843
315.504
1057.98
-644.493
-413.487
494.053
-1664.27
1170.22
-1140.27
1753.22
-612.948
1715.89
-1123.68
-333.746
607.956
-1182.99
1280.85
424.534
-800.926
1615.25
-814.322
-282.102
-201.777
-903.183
1472.96
1816.77
-610.586
-1206.19
-405.264
676.17
-1305.24
-124.637
-60.1297
472.125
-691.021
-354.184
-1236.62
-213.72
471.998
902.219
-561.4
167.031
-1674.91
-71.3332
1746.25
-1084.03
538.681
565.016
-1187.22
622.207
901.067
915.707
630.41
619.823
703.779
238.616
-1151.19
477.056
-395.977
427.44
614.006
-513.229
234.284
-731.01
496.726
712.568
-347.703
-309.904
183.272
-620.921
253.884
367.038
-885.896
-744.548
1087.67
-2145.74
394.967
-679.678
-342.777
-723.342
838.125
588.727
-341.491
325.778
379.708
240.539
633.217
-873.756
525.78
631.931
-557.514
176.126
357.57
-630.012
-1042.84
-853.159
1896
-1808.02
157.536
1106.59
-1371.32
1167.69
-712.531
-455.163
-504.689
1349.54
-1495.42
627.935
867.484
-283.607
-208.978
492.585
1428.45
558.606
362.81
-494.879
-478.944
-575.384
1054.33
-427.049
595.575
1583.43
-1131.29
-452.135
-792.796
346.638
654.423
403.557
-1623.42
416.191
1207.23
-182.828
524.263
797.542
785.885
206.269
-705.504
499.235
197.217
210.05
-275.03
-110.521
385.551
506.326
-5.48531
-500.84
-1648.64
599.935
-1612.43
1682.8
-70.3761
14.0137
-1626.44
1069.47
784.003
-351.646
-823.394
-223.522
-1134.57
-239.571
-312.093
679.25
-1812.99
-639.619
1214.04
222.268
758.604
-1333.18
-678.896
-466.171
630.654
-330.729
-1013.26
1350.81
-1933.05
582.234
647.518
1288.63
479.52
-2.19738
718.351
713.579
-1431.93
-635.43
326.687
308.743
434.58
-100.786
-333.794
140.076
325.902
151.34
-477.242
-598.018
1161.64
452.692
-648.496
-459.384
-401.851
861.235
-327.057
152.369
-455.034
151.133
-300.731
-710.518
539.691
-105.111
-578.692
967.287
571.994
-267.233
-304.762
452.129
-776.486
-650.231
460.657
-1129.37
-847.481
1190.32
-569.771
445.844
297.304
-468.11
80.8826
1026.9
-313.435
588.65
-275.215
-509.039
1578.51
-700.368
256.731
366.813
-623.544
229.819
502.224
-35.37
-466.854
-267.229
-187.805
1012.29
1108.82
564.886
-890.2
955.053
-64.8528
-450.988
167.381
-749.738
324.045
-596.692
327.624
384.944
845.67
-1250.99
405.323
775.704
-814.476
-948.817
-550.396
1499.21
-178.317
476.962
-565.562
271.281
1308.34
795.762
-589.494
1329.17
-678.928
487.035
-662.644
-402.591
-420.409
-378.488
798.898
499.823
-841.213
-473.782
102.931
370.851
-309.371
572.499
725.107
-330.14
-228.676
-175.079
403.755
-492.421
128.667
363.754
1462.58
83.1768
-1545.76
-756.207
1350.21
-1144.78
-465.936
550.228
-183.415
1153.81
-378.103
1083.41
492.723
705.642
-438.185
-884.687
-522.506
-1328.31
-19.9165
985.903
-965.987
595.306
349.676
-944.982
-352.928
-204.016
-684.521
405.545
1621.24
-197.489
386.392
339.833
-726.225
-1839.75
-2106.71
1519.15
587.554
-2037.58
349.316
382.324
532.946
-915.27
-460.594
1018.85
-414.217
-669.936
1084.15
-2030.56
1391.21
639.349
595.915
-1010.13
43.1089
435.13
386.184
184.715
254.963
323.907
978.239
882.622
675.362
-320.68
-354.682
-287.691
615.723
-328.032
569.099
533.243
564.328
514.504
-1078.83
-796.043
-699.377
750.783
403.024
-408.368
715.916
-1193.38
1609.57
439.094
-1109.03
-355.555
551.599
-1384.93
890.436
494.495
-712.097
-339.197
-776.436
339.787
436.649
447.374
717.329
-1164.7
1079.3
-591.246
-426.105
676.38
-250.275
250.337
321.657
-465.636
-432.4
898.036
-227.686
572.269
-969.839
397.57
-462.259
600.598
-1681.3
424.018
669.991
-1094.01
524.131
107.845
113.413
-2212.81
550.11
-104.266
1445.06
1777.1
-217.547
-1559.55
-438.556
1789.37
-1987.32
1194.61
792.709
395.713
350.743
-43.978
882.103
-1282.63
717.924
-867.487
-821.988
802.071
297.483
80.2732
-377.756
221.366
173.717
-395.083
1563.8
-845.453
-1530.92
-325.432
516.015
-230.295
-285.72
391.025
365.865
265.475
365.179
-11.5433
1003.68
-992.133
379.828
297.352
-677.179
-734.191
1817.44
-1083.25
-342.687
733.712
-1227.52
-415.027
-913.241
480.841
592.897
-793.064
200.167
757.872
-376.256
-381.616
-438.264
-451.936
451.509
1098.63
1242.3
-677.286
798.045
-345.916
382.419
336.181
-233.647
-232.313
-225.864
618.933
408.269
-844.729
436.46
236.626
351.051
-587.677
-419.556
827.825
753.972
-1146.8
897.077
-51.4069
-485.914
282.006
782.584
-96.6923
1385.32
1890.51
-46.3613
352.515
-318.876
424.214
-1088.57
1077.03
645.302
376.558
381.315
86.6236
429.391
261.251
510.92
-378.321
-257.109
-561.154
-89.7033
-372.442
362.738
9.70412
-257.531
-281.758
1010.74
-1540.67
529.936
-181.465
-190.544
-388.664
686.016
-1648.41
1590.92
-962.988
279.742
-682.333
584.336
1224.41
-1808.74
607.445
983.479
325.223
-1128.27
711.607
-286.869
-311.701
1387.87
-1455.78
837.551
618.231
442.272
-648.529
206.256
-397.817
493.036
-95.2197
387.101
119.225
1724.78
448.727
-251.51
557.67
-1704.79
1147.12
-99.3595
395.407
343.128
332.234
-448.77
-614.343
1063.11
410.884
-873.518
-640.143
902.219
570.975
-479.05
-229.369
-435.246
-409.482
-307.704
-826.871
1821.09
-1821.09
-101.001
-1599.96
1700.97
298.189
274.07
-916.81
-555.654
1472.46
-408.169
972.498
-610.777
-1037.86
697.039
402.83
-1099.87
468.013
-152.478
573.076
1220.34
-1793.42
-1040.49
2114.12
-1073.62
-380.178
-290.56
-487.908
834.547
-1760.6
1608.06
152.534
1760.6
-1614.57
-146.027
-238.477
516.887
-278.41
-537.314
1620.73
1575.82
-1990.85
1106.45
-294.898
-272.741
567.64
228.216
-583.772
-713.502
305.134
1343.77
638.758
587.986
478.034
-1066.02
269.59
436.052
875.191
500.112
-1375.3
541.678
-1020.62
1574.94
-564.2
-773.938
-361.915
-140.856
502.771
-490.38
1207.71
-742.203
328.956
366.33
388.425
245.786
-634.211
616.641
831.531
-602.626
262.295
692.758
-479.05
-331.888
-246.266
578.154
1168.42
-681.204
606.177
469.473
-1075.65
-1288.86
1288.86
-382.42
758.978
-274.625
-486.183
760.808
503.683
440.203
-943.886
397.409
-672.034
604.116
-871.141
267.024
-367.664
-488.609
1076.59
-658.887
-714.118
1373
-381.067
953.336
-1552.78
675.29
36.5986
-436.875
400.276
-524.67
739.334
271.705
317.5
160.746
307.267
-537.079
250.21
1870.69
-1967.38
263.694
-726.177
463.4
-826.918
363.518
-906.549
1426.55
-520.003
-430.371
-482.87
600.894
1124.15
-1725.05
-713.69
333.512
-464.372
1033.47
-796.564
1058.86
-371.745
-621.438
-504.487
753.602
537.112
-355.132
914.567
-321.714
-170.707
1599.03
-1816.58
-351.635
-618.204
-352.444
481.11
280.843
-611.572
-178.649
1074.7
-792.69
198.67
-306.779
-271.94
578.72
391.701
-892.793
501.092
-478.208
-468.382
-915.878
-365.969
604.815
-238.846
-464.931
-446.926
-358.033
-179.445
-411.464
657.251
-446.472
782.653
-1071.6
622.829
-1405.83
560.345
-28.8938
-1840.68
1869.58
570.132
-450.793
1238.97
-700.286
294.197
-294.197
674.593
-456.635
1037.45
-1648.23
-1158.74
-947.966
286.818
328.905
897.537
717.712
-511.85
-306.434
818.284
1662.24
-1691.14
-433.146
334.975
233.458
1134.86
-528.684
-943.341
1550.5
-607.156
441.286
-256.571
371.04
406.759
-777.799
545.996
467.356
-1013.35
-331.218
660.174
-38.1851
1908.88
1606.03
992.333
-1696.8
726.436
-1176.54
450.104
-492.515
1367.71
836.359
-1341.05
-580.357
285.458
812.893
-401.089
547.421
-1194.33
646.914
-632.773
-1215.52
-695.708
1911.23
-191.437
569.55
-378.113
-185.854
330.308
-521.745
338.265
362.22
-700.485
-1491.96
756.933
735.03
883.952
-1434.35
821.282
-434.097
203.654
-357.756
-613.082
281.194
-664.099
-720.832
696.954
507.722
-1204.68
381.218
-206.238
-174.979
553.76
-956.69
-583.725
-427.437
751.482
-831.355
-1155.96
-1437.94
499.749
938.188
3.17971
-658.827
357.841
300.986
-1326.35
1050.43
275.919
-615.072
-456.527
-665.479
920.932
396.484
-189.155
-207.33
508.436
980.393
-1488.83
986.199
-559.081
165.083
393.998
-422.024
691.317
-427.622
-509.987
157.543
234.104
-1522.42
525.12
554.183
-781.574
256.904
138.09
-459.804
361.269
-829.651
1954.16
-1195.38
-758.778
429.557
-698.815
269.259
320.249
345.585
103.508
-449.093
-582.725
185.453
263.274
-691.827
1374.16
-682.328
424.099
483.764
-1195.86
259.356
1866.77
-1013.59
-853.179
783.96
-555.173
189.204
1402.3
-975.096
-427.201
326.078
-782.712
-616.6
1725.42
607.235
635.067
331.138
-33.6544
265.211
-1138.33
1725.72
-587.389
-1763.55
820.21
1767.45
-1696.08
-71.3732
-670.904
274.927
583.314
-739.113
234.626
1402.55
-566.192
380.707
457.295
-1858.79
1420.23
576.73
-448.534
-128.197
199.071
-557.103
-289.463
-195.754
-348.032
691.16
-595.177
233.262
622.344
547.605
-1169.95
1113.45
-1947.68
834.225
156.746
356.711
-1700.47
1662.29
307.453
-745.638
-173.842
377.495
764.003
679.138
-1443.14
1085.97
-1088.16
522.981
-1114.23
-624.284
246.276
378.008
546.997
-293.113
-621.823
-1026.4
287.528
-734.454
-912.322
171.733
152.271
228.946
411.253
286.712
-697.965
-639.802
-834.414
-978.574
487.329
-1070.05
-320.247
497.972
534.393
655.926
-276.267
-119.815
-413.375
738.598
264.916
-1205.14
565.342
1315.89
-551.887
442.388
-1026.11
-381.378
164.86
411.87
1023.11
551.825
-1721.16
1620.16
1641.06
-584.246
-1056.81
1906.94
-1896.35
-10.5887
226.546
-545.422
-368.054
566.724
-776.164
-335.825
-335.079
1019.24
709.474
-1518.34
808.866
318.231
-26.1828
1625.22
-1104.24
423.04
-1255.64
481.705
-61.6458
1524.23
1196.95
-470.509
-485.684
-73.3968
-280.096
736.082
-1951.61
-706.396
366.808
-536.34
169.533
190.249
-503.684
1139.96
671.625
-1811.58
-637.257
188.723
941.599
-1497.25
-210.538
678.74
-468.203
873.939
1126.06
-746.231
1353.47
633.36
-498.64
-134.72
-341.697
1179.25
1049.42
-1979.79
930.371
-1180.12
540.499
1488.7
-586.481
-404.469
-153.045
-1247.17
569.887
1164.78
-92.4327
946.278
776.063
-1722.34
-194.592
578.85
-1541.71
962.862
487.028
916.381
-1403.41
630.887
583.153
412.389
-1106.6
589.116
1114.45
1215.11
-452.099
-763.01
-1186.2
-1754.93
-4.96855
-1716.19
-207.024
-441.505
1612.31
-635.209
-977.1
-490.809
1121.22
-1322.7
633.716
688.98
-1365.39
1448.57
-1335.71
589.482
1520.45
-394.962
-596.169
191.699
-1490.79
222.617
176.387
244.907
388.452
439.708
412.942
-852.65
506.461
-938.757
900.009
-1444.78
-720.755
239.713
481.042
-1056.1
458.083
-488.833
869.54
697.684
13.8236
-546.808
168.695
-886.569
-1318.75
-711.153
345.181
365.972
396.461
-721.575
325.114
-472.531
-189.361
-708.35
726.413
1540.18
-593.905
824.911
738.893
1344.59
-844.482
-970.851
-570.861
-793.046
429.073
363.973
-1035.36
-637.333
298.711
338.622
-1433.68
-296.777
-787.253
394.277
392.976
-670.565
420.539
250.026
-696.131
268.509
412.881
485.155
389.9
437.925
476.803
384.432
595.111
-968.242
696.68
464.959
451.627
355.964
-807.592
1630.72
-1079.81
-550.91
-504.92
-292.299
-1034.05
451.313
347.584
409.776
592.525
-1002.3
-1385.43
750.217
-528.173
1150.38
369.383
-43.4811
412.609
-862.811
450.202
-1899.24
299.277
438.856
-723.409
284.553
-193.531
398.986
-205.455
-659.624
298.798
360.826
-669.416
314.734
370.791
388.187
611.648
-1019.82
751.626
664.981
-1416.61
438.878
624.235
337.225
391.771
-728.996
405.695
328.018
600.577
677.184
421.45
607.253
-1038.97
431.716
-1675.53
1181.75
493.777
1696.56
-539.185
618.177
-1146.92
528.745
-639.191
344.861
437.73
-933.121
495.39
772.721
-455.155
350.736
340.424
583.066
-934.7
654.072
-1252.48
598.41
394.713
733.754
-1224.13
768.538
510.061
-1278.6
498.955
405.378
-904.332
-501.816
-936.121
-293.152
631.418
352.482
540.36
-892.842
328.942
331.232
-502.194
1944.73
435.555
-845.286
409.732
-917.559
-808.396
-744.79
363.174
-1236.95
440.388
-1744.33
1614.57
129.764
1752.78
-1608.06
-144.722
-781.162
-586.354
259.496
326.858
-1767.45
1990.85
539.161
790.51
-1329.67
440.173
715.632
689.655
385.613
-1075.27
-54.7046
1617.14
-594.027
393.123
845.844
-644.657
322.927
321.73
-378.92
-295.889
546.226
-210.328
434.848
276.06
-659.449
383.389
258.07
-571.988
-277.806
442.839
-1032.19
589.35
538.074
1092.65
365.974
595.719
308.617
350.168
-658.785
1638.65
-929.18
1692.64
-1521.38
-171.263
-328.285
-820.238
410.755
857.189
-1067.73
-601.187
273.155
-1090.52
1628.6
-1596.37
-74.5254
1670.89
-341.691
-350.514
-370.705
540.665
594.196
-501.609
-22.896
-549.553
499.071
-283.558
-215.513
1761.03
-1309.52
-619.629
294.151
325.478
403.02
357.323
734.19
-290.724
-399.608
-1752.78
1691.14
459.828
-1100
640.177
-41.7293
1661.89
570.675
476.27
-1046.94
102.966
1144.28
-1451.98
-10.2474
-1888.99
220.661
-593.291
306.326
286.965
-954.498
611.721
-895.945
465.574
-1127.78
672.34
455.436
388.075
271.498
-783.348
-310.533
1215.96
886.063
699.483
-1182.55
456.16
726.389
494.712
699.736
-1194.45
-361.362
-249.655
401.926
-958.923
439.069
519.854
21.2126
-1880
1081.53
-477.418
-512.248
558.916
-1378.01
819.095
-438.612
802.13
-405.938
502.632
-711.137
1723.43
401.273
-172.327
212.288
-158.99
-247.499
406.488
1895.35
-504.133
-1704.97
1050.53
-595.677
299.788
-1012.24
551.642
-312.632
544.475
904.931
-1449.41
-1102.85
437.371
-21.1394
-1946.24
1713.01
-663.592
-539.139
460.908
-1189.97
729.063
198.859
197.625
-278.327
774.648
698.314
836.06
816.044
-460.08
1084.06
-495.486
470.076
-185.261
-284.815
-1925.02
-712.858
-317.232
-640.328
-6.34705
646.675
457.55
-272.097
570.943
1067.71
-812.825
922.885
1243.82
-425.961
-175.366
-243.471
418.837
959.506
-888.275
-316.672
-1066.77
610.246
1564.79
-807.856
537.879
934.585
-403.652
737.816
-334.164
1129.83
-273.326
341.902
1349.43
-708.975
-213.593
448.36
-1198.22
749.856
-980.259
-137.749
1118.01
439.335
-954.132
514.797
180.332
732.121
482.987
743.002
-109.785
850.534
-426.351
1181.87
-796.255
552.525
-1465.36
912.838
-1216.64
1800.97
-431.706
-1510.19
879.274
-1401.78
-327.231
-422.692
1457.04
-1528
783.456
1491.4
193.95
276.126
-371.897
-1744.33
-287.164
-1017.69
1588.63
-1779.58
1779.58
1575.82
-1004.32
-630.904
-356.296
368.325
604.173
-377.632
-378.797
-1389.66
897.144
1125.07
600.651
1202.3
1789.49
-1216.41
-621.991
272.29
1659.24
-1916.82
257.573
815.948
-1268.08
1545.16
-561.682
798.863
323.879
-359.139
555.623
793.916
662.015
1366.59
-244.127
-445.743
-384.701
493.364
-337.249
472.048
735.661
-317.549
-131.544
-348.443
575.403
-226.96
35.5655
-370.147
1107.33
-1720.28
-458.07
-503.574
-576.129
864.307
700.482
-1596.3
904.474
-452.28
-632.513
-515.338
1251.73
355.215
1723.86
-1702.65
-1662.24
1896.35
-1560.62
840.11
720.515
-390.313
-1800.08
918.118
584.095
818.456
-393.838
1794.55
-681.096
-423.732
686.927
445.342
-1132.27
-1103.56
444.244
752.701
-1617.12
473.278
900.877
165.84
-390.808
224.968
-1604.53
-389.627
-441.912
990.175
-681.831
1442.81
-979.718
1853.66
242.284
-538.223
489.352
-295.402
474.342
893.364
543.388
977.061
-463.533
-427.882
574.368
882.67
-1392.69
-40.9932
1582.54
-843.647
519.974
971.422
-1475.77
-1115.89
1778.47
-1241.29
-537.176
1206.01
-319.354
-886.657
-182.299
445.075
-262.776
-457.288
-251.274
421.588
-170.315
134.89
-384.545
1737.81
-1742.77
-475.26
-530.885
-903.463
433.809
-196
-237.809
630.347
-469.854
-362.322
-332.215
694.536
-941.259
410.125
-1166.91
676.101
408.124
-646.967
-433.76
1586.89
-869.173
530.201
-458.476
-569.18
-463.008
356.645
-345.747
-10.8978
-1121.32
421.03
-665.056
-1033.49
1698.55
-613.713
-1425.26
711.144
562.352
-1596.24
1033.89
-406.965
-472.665
163.924
539.855
-1258.33
742.99
539.27
1005.89
-2133.17
999.981
1133.19
-385.37
405.128
-379.727
-25.4014
1477.97
-383.687
449.671
1195.63
582.693
906.008
566.098
528.113
-1094.21
154.428
-458.11
-1696.08
248.587
1127.49
-626.898
518.677
1013.54
-1532.22
1092.78
-1643.69
184.63
712.447
561.415
-878.086
-1086.28
-164.974
418.985
-254.011
-586.173
-447.742
-636.663
-622.639
344.312
-1619.81
939.239
-477.176
215.5
-387.827
528.036
-307.376
-620.734
1196.97
-1294.86
928.852
366.007
-1020.28
-390.062
-765.827
-831.603
1695.91
-477.424
1794.78
-1585.92
-208.858
-1556.57
1018.62
537.954
-733.213
-250.821
431.674
-180.853
-605.096
385.119
267.277
-652.396
-524.398
1004.82
625.046
-351.891
-1620.21
1050.44
571.82
1103.47
-1675.29
-433.05
-283.49
-376.134
-751.71
-486.13
-332.307
493.054
1557.98
-995.627
-774.048
1497.44
658.53
-323.555
725.884
1152.34
-1878.23
313.591
323.694
-487.599
-1934.67
1721.61
213.054
734.333
-475.722
-258.611
531.875
1060.74
-1592.61
356.645
-1726.44
-233.215
1752.37
-1580.64
1073.72
506.926
-1729.13
2.6881
-522.107
405.128
1700.47
-1721.61
939.266
625.358
-1564.62
368.571
-215.069
-153.502
-428.475
-267.656
65.6531
94.3589
-345.18
-424.128
-447.012
-402.163
208.632
1510.15
379.14
-219.87
-450.695
452.827
-189.554
338.107
1510.69
993.608
-169.234
-824.375
-1104.03
1704.93
-1728.96
1063.9
-707.521
-1021.44
-1265.06
1844.98
-579.917
1155.05
-1771.26
616.216
266.7
-877.614
1675.95
43.4074
-1719.36
-491.194
-1082.95
-1737.81
-980.512
552.63
1019.5
590.288
1132.96
-1723.25
276.065
-459.48
699.679
-384.944
395.249
924.295
681.922
-387.299
-651.669
582.948
1072.47
-1655.41
-409.103
-361.656
770.759
448.469
-1662.29
1521.38
140.912
579.137
-1043.51
544.764
1083.83
-1555.6
993.918
-231.274
223.004
343.721
1906.94
451.77
-71.9967
995.844
722.75
-1718.59
-696.692
1085.25
-1557.45
155.215
-569.616
189.782
263.045
-670.393
-566.559
582.701
1034.44
-710.75
-288.69
-1368.37
673.539
694.831
-403.598
751.215
87.5228
-838.737
562.312
-137.199
1557.43
-203.304
286.518
-777.788
-1934.67
1664.6
1021.99
350.237
314.473
458.248
-929.833
-995.188
-1767.26
631.395
1693.76
502.842
-474.711
1210.37
1087.03
-424.942
1029.12
-977.071
487.475
489.596
700.83
1047.89
-1748.72
479.126
488.161
-1493.87
-745.276
36.0871
776.879
-413.705
-894.72
382.472
-540.111
-800.936
610.972
-578.157
1397.25
1055.18
187.389
231.596
-550.681
1618.48
-775.477
1527.1
-1727.83
575.308
1152.53
537.634
-882.168
-1733.17
1916.82
-183.646
1721.73
172.978
-546.214
358.441
-264.082
-481.67
1210.73
568.274
1128.28
-491.13
425.734
855.603
-455.16
-774.074
437.109
336.965
1419.54
1089.53
-518.363
1422.84
-510.48
-532.975
1043.45
-602.822
500.934
-1213.46
1692.64
1839.57
-687.221
1586.08
-646.815
-1240.69
716.288
-562.933
193.041
-378.466
443.565
-233.514
-517.621
-1246.7
1870.95
-624.253
1173.39
-555.211
1120.24
-1659.42
1704.96
-573.995
-548.513
-549.851
1720.07
-316.454
-688.115
-473.438
1223.29
-1690.48
-1860.12
613.416
326.258
-946.488
158.812
205.794
-1719.02
1204.13
514.895
1162.84
558.89
-513.221
-465.453
1191.84
184.786
214.2
588.448
1251.12
-539.187
-1238.57
1777.76
-1025.23
999.985
866.782
-204.049
-1659.24
1702.65
-510.198
1411.08
-1733.17
-346.375
1.60123
344.774
-252.147
584.84
-332.693
97.254
486.988
779.666
-383.205
1257.51
1270.57
-413.376
849.492
-438.737
1817.56
-662.509
1586.66
-1723.86
-412.83
-765.491
310.215
455.276
-561.373
-563.613
79.7478
-1138.56
-985.174
-670.433
1655.61
-943.698
-1189.47
159.482
-432.223
-647.152
705.769
1167.43
650.125
1410.27
-591.815
1636.71
1317.99
-574.997
-484.293
188.891
-503.332
1396.7
1239.99
-566.448
-999.98
890.689
59.7324
-950.421
603.409
-506.217
1403.36
1495.04
-589.037
-352.422
352.422
-589.604
1623.49
1239.11
-486.412
1134.12
-63.5714
1849.88
-378.25
1489.46
-589.452
-507.703
1347.81
-650.05
1218.6
-568.545
1554.8
-591.943
761.17
578.642
-1339.81
-658.902
287.887
507.876
600.906
-1957.29
-1005.5
1586.66
357.641
-357.641
-58.5925
382.783
438.499
403.651
-16.5499
-322.63
914.882
-520.169
-428.667
811.45
-237.127
615.135
-424.922
1551.81
-444.35
-883.958
175.308
224.308
-399.615
601.175
1250.76
-1851.94
925.033
-459.459
-345.747
126.147
-1943.05
1816.9
-447.959
170.401
1180.98
-440.511
-740.467
-297.074
-597.645
-496.513
-379.727
-472.393
256.88
1158.05
-563.851
232.935
-369.681
136.746
-23.0813
-107.685
1375.96
-1268.27
34.6517
-595.806
-586.51
-445.236
445.236
-1262.34
1985.09
-1344.31
-211.575
-1824
238.075
-1025.75
-974.245
-177.026
-1639.69
709.854
1229.32
-1925.03
361.992
317.977
-679.969
-1850.02
1234.27
615.756
-558.982
558.982
-958.893
-40.1081
-1866.14
-558.183
1650.83
-675.633
1636.19
-601.75
-183.666
-1705.33
-578.818
-451.018
-594.87
-460.336
460.336
-1537.81
194.531
1343.28
162.69
222.174
-384.864
501.642
491.967
995.536
-475.682
1751.29
769.715
-415.452
390.051
523.338
1702.07
-594.738
-552.991
1636.83
462.071
1812.83
-645.395
-1804.5
-1938.07
-647.112
-473.626
473.626
-606.523
221.822
-698.276
1018.16
-466.519
-1076.46
-296.825
1579.56
1852.29
1635.37
-1635.37
-273.384
741.432
1761.52
595.804
1275.15
163.821
204.75
595.906
587.664
1603.49
-1603.49
215.404
-359.583
-439.437
450.434
950.395
-462.921
-638.573
-1130.95
1706.26
274.532
-1661.77
623.903
-288.863
461.841
1744.65
-592.124
-211.987
-427.867
378.575
735.877
1738.58
-613.511
-511.794
-771.879
1960.54
-870.462
-1090.08
1642.7
-703.146
1223.96
-1824.96
601.003
358.414
-896.636
-185.018
-100.384
1097.32
-487.075
145.892
632.294
-1658.7
430.928
626.795
-1804.5
-583.298
1787.42
883.255
-1162.88
1760.5
-597.62
1783.83
-575.556
-1208.27
438.124
926.376
-1742.77
924.447
-1486.7
252.817
1233.88
-833.231
-1254.22
-370.827
72.5306
298.296
581.774
263.244
1034.5
-437.447
844.999
-407.552
820.246
741.812
-1562.06
644.555
1066.51
-23.9377
-661.418
685.356
-1744.49
723.049
708.731
150.531
-1122.6
1936.78
-674.566
-1262.21
-537.187
1665.47
837.099
967.758
-1804.86
1227.86
683.374
-410.263
709.061
830.058
1026.97
-587.637
1761.52
625.584
1773.56
-1185.59
-587.977
-383.415
-346.834
730.249
121.455
-1185.56
1660.52
-540.286
-1437.77
1437.77
1250.56
594.426
1351.38
206.594
-556.857
280.63
-180.847
699.166
1113.66
475.208
-290.423
-869.335
-575.449
1740.09
-1740.09
998.178
-998.178
987.339
1025.17
-2012.51
1837.96
-614.002
-581.125
841.109
-947.856
-1052.16
998.162
691.41
-1689.57
-511.676
-367.847
-642.285
-808.439
2042.71
-1246.41
-613.706
1002.97
974.859
1289.78
647.003
320.759
1012.69
227.075
342.219
1186.21
1756.9
-1756.9
671.388
79.4601
-384.222
-997.06
-539.996
1674.12
990.779
1009.22
-1833.31
-216.772
-362.046
618.674
-370.087
1849.57
-1077.87
-771.706
395.329
-32.5189
-813.154
-1662.68
1662.68
912.639
1923.75
-648.601
582.031
-479.066
1708.01
-1228.95
728.702
1837.83
1156.72
-616.221
-577.077
1143.17
-811.801
-482.634
932.112
1106.41
397.031
419.013
368.659
1222.95
-1135.13
-585.152
-644.709
-1212.57
1857.28
-126.689
-255.68
340.252
-515.618
1250.3
991.191
787.204
-602.574
1878.1
-650.243
-384.256
651.533
1877.33
740.224
-545.056
370.94
-441.341
1453.18
-754.861
1172.18
588.315
-80.046
405.653
-325.607
-1244.2
902.98
398.478
1636.77
-712.474
1046.59
904.859
777.875
765.675
591.55
757.84
1003.36
720.068
1835.88
-984.051
-851.828
537.985
-329.652
291.794
-291.794
-381.725
-670.192
285.248
832.114
393.184
344.632
1888.93
-659.611
1097.84
10.476
-780.445
1118.98
458.279
-1140.04
1140.04
1758.42
-671.39
739.215
452.628
-187.712
900.029
-639.707
1314.3
1200.53
888.992
1143.71
540.446
1096.38
-555.506
-84.8224
-1090.53
1115.56
636.396
-1669.89
1198.01
-126.404
544.177
-417.772
229.387
-608.7
1859.46
1074.88
-1074.88
996.896
604.968
-1601.86
633.134
651.362
619.203
1115.31
767.602
-667.425
1731.33
386.998
1060.9
129.63
1563.64
528.621
711.366
-1215.6
-717.444
-527.003
1914.09
-1387.09
1852.19
-601.63
1513.38
-1852.28
338.903
983.987
-983.987
1772.84
-683.309
61.9123
-496.98
385.995
-645.767
1353.63
-707.862
672.381
-661.375
67.2608
529.766
621.721
-1151.49
1490.25
-754.857
1025.81
-1025.81
423.141
-323.319
323.319
310.55
1148.36
-695.073
-896.157
1591.23
1233.39
1266.33
661.077
-1927.41
-1322.14
-714.174
1425.32
1322.14
-545.509
-973.678
786.233
187.445
1154.63
-1154.63
1174.12
533.898
1202.81
-1848.21
1206.3
-1060.74
1060.74
1037.25
1052.14
801.518
586.642
-1764.16
1177.52
1092.02
-1735.44
1072.34
-614.253
-510.278
1013.12
-699.428
585.951
1291.38
1690.72
-830.773
-859.949
1048.36
-1048.36
-197.806
357.394
-159.587
-769.525
355.82
-1827.06
624.4
1202.66
-768.15
-762.394
1530.54
-317.32
-320.325
637.645
1123.34
1656.53
-717.29
265.805
196.266
875.834
-875.834
877.446
1680.3
-1035.75
638.565
-1278.27
1260.84
-1909.44
1132.26
-1794.76
-268.209
-401.983
1921.92
1135.47
-1135.47
1236.17
-1850.18
597.245
-597.245
420.167
-251.396
-168.771
609.534
953.874
-474.749
765.69
1772.45
-854.327
472.753
-851.843
851.843
1238.69
-1078.97
1254.7
-1868.41
1267.23
-1891.49
1125.47
1552.57
-769.116
-362.996
894.356
-1872.03
977.678
-361.53
528.561
-859.558
859.558
160.871
-457.697
1176.27
-1777.98
1190
-726.034
-1025.56
1751.6
597.702
-642.209
-168.221
-346.918
515.138
426.937
321.374
541.387
-371.854
636.782
1289.48
-1926.26
843.915
-843.915
1125.82
-1772.93
39.1195
-475.994
1675.9
1205.1
612.7
-1817.8
367.825
-761.029
761.029
639.436
-1852
1243.49
1075.2
-637.078
-518.728
518.728
1222.24
619.86
-1842.1
1160.27
-1752.39
1123.18
-1763.06
639.884
583.301
-1394.14
810.836
1237.85
621.61
-1771.16
1173.54
488.367
627.936
1229.34
-693.466
-1368.15
1773.69
726.929
-726.929
1095.04
-1734.5
639.458
-826.488
387.752
-719.736
1717.9
231.482
301.404
191.649
537.06
1224.28
437.011
-852.101
-808.851
1660.95
-1166.68
-660.382
555.153
-1530.92
-632.237
1089.61
-696.485
665.308
-665.308
1010.09
-1010.09
-605.799
889.257
-723.417
1876.01
-642.618
-207.084
179.224
168.786
-348.01
610.89
1112.18
-1723.07
1813.99
-576.135
-719.395
1895.66
1079.53
-1772.99
575.18
-399.054
-523.849
523.849
154.81
201.257
-356.067
1836.05
199.026
146.597
-345.624
-277.348
605.171
-605.171
-1215.64
1767.92
-552.275
704.519
-439.308
440.121
-231.489
192.6
151.248
-343.848
1802.7
-1817.27
-1745.34
1131.82
573.082
-404.387
201.954
157.019
-358.974
-1685.86
660.624
627.885
-627.885
562.807
549.588
-320.201
-2087.54
-1193.4
-675.87
1878.68
1134.3
-1721.68
-1230.63
620.145
1707.35
-1091.13
-1169.26
204.208
157.555
-361.763
-583.03
583.03
34.3228
680.17
1092.93
-1773.1
1131.17
1104.15
-672.439
322.513
741.215
-741.215
-1469
585.497
883.503
1083.27
-1678
1810.55
-604.249
411.367
-715.953
-1640.75
1039
-598.641
1796.65
282.692
565.329
-565.329
1633.29
-893.831
434.372
-712.74
712.74
-1097.61
-850.074
-458.062
198.518
168.89
-367.408
656.063
-1301.83
-469.103
-1654.15
1068.99
527.917
557.242
133.197
208.291
-341.488
-1204.06
1805.07
-608.68
-1280.41
-783.062
1603.31
261.286
519.08
-286.5
625.959
-625.959
1792.35
1497.73
316.252
-621.339
621.339
723.913
-473.887
599.725
-408.026
-199.038
464.844
-504.098
196.723
732.342
-492.629
-711.711
327.455
-1658.97
1118.68
1091
830.804
-569.553
1452.18
-1557.44
965.502
1002.72
-1673.16
611.04
1106.14
-1717.18
-1587.02
1022.82
617.682
-617.682
1223.53
628.765
-1123.02
1103.47
-663.085
732.083
-463.574
-1486.34
897.305
1033.76
-1627.79
-1183.27
-580.895
1956.12
-998.703
523.021
981.747
-1628.56
-157.051
-554.66
1603.68
-17.0121
-668.948
1209.64
-1885.51
551.744
-1681.11
1101.45
-525.548
314.677
210.871
552.301
-1199.27
1845.14
-1528.76
957.899
-256.363
-247.054
503.417
217.254
-459.859
-385.281
1451.79
-755.776
-823.919
1579.7
740.753
-1839.86
1099.11
-318.622
479.493
-1922.61
1948.94
-1948.94
-1802.87
807.682
1881.26
-649.749
170.482
-416.163
-537.97
-340.453
-879.827
387.48
-596.008
1983.88
849.013
-493.4
-355.613
-1664.52
852.078
-1869.77
1051.62
726.845
1836.1
-282.529
1669.22
1787.52
-586.985
-1627.66
545.693
1081.97
872.986
-1628.76
-606.126
-668.025
-129.275
638.914
-364.383
153.516
406.996
1006.82
452.997
-1459.82
1675.35
-543.521
-562.587
1639.67
-1703.25
926.019
-500.285
-1101.39
614.318
-26.5204
-1424.96
1630.67
-524.534
-1435.37
859.919
609.011
-1679.39
1070.38
1671.46
-588.19
-1286.91
-689.809
1919.15
-1621.24
-14.1381
-366.752
-1799.2
601.987
-1179.06
-1468.17
878.717
-502.189
923.062
774.719
-1697.78
1008.21
-1434.11
425.897
-64.3752
-231.968
-163.114
-1375.31
395.046
278.996
-941.639
529.345
-1518.46
750.314
-1598.59
790.729
-1115.22
2009.58
22.4237
-607.559
1772.83
941.696
151.48
-1819.72
1169.97
-625.664
433.136
-445.49
1071.07
-107.68
-1078.48
1186.17
-486.533
1247.7
818.961
-1650.56
192.91
1196.7
759.329
-1534.81
138.424
1670.43
611.009
-1540.19
946.113
-1542.12
-549.523
232.204
-1398.85
912.437
451.305
-109.653
1205.88
-570.817
402.567
-722.217
1400.84
-678.624
-363.697
563.452
-330.19
-528.549
816.435
-1372.67
806.476
-500.875
-694.986
-362.908
-463.58
1853.05
-1066.67
-656.4
-631.464
1870.15
-1268.27
469.423
-1239.6
799.088
-956.487
848.806
-1302.71
741.337
-828.291
-280.739
-747.678
324.986
-483.905
1209.66
606.992
1026.3
-6.54606
595.662
-97.9633
428.271
-232.058
446.258
954.268
1065.33
182.71
-1414.34
822.521
-749.768
-1128.73
388.262
-1338.36
763.361
-1596.03
752.38
1264.2
452.583
-220.987
-750.009
1328.65
-1082.79
-651.711
458.39
-341.317
31.9796
994.142
-1119.44
125.295
648.542
-735.061
208.064
-1745.3
-779.161
324.006
-227.36
1087.15
567.192
312.396
-879.589
-595.828
-821.617
370.599
-456.643
-24.0489
1443.53
944.054
258.87
272.055
-530.925
-686.538
1787.99
-65.193
-455.239
693.855
174.008
357.252
274.143
-596.647
1676.86
1382.68
1829.01
356.765
1079.67
-1766.21
792.994
682.515
-1475.51
-1505.76
1095.02
-1061.33
1709.87
-651.851
316.817
-792.365
-572.284
-989.967
1562.25
-1029.47
261.919
-357.139
1081.15
-1541
704.041
-1518.36
-860.377
583.855
276.522
-583.362
534.729
736.61
1112.96
-1668.23
1668.23
-599.546
807.01
1147.15
928.339
-1527.89
-604.881
-947.438
-416.02
-477.811
-288.799
615.486
651.726
-1427.89
-1593.72
724.55
864.968
-1627.36
637.214
739.001
740.171
-1517.96
-485.326
1390.18
-754.416
-522.274
1276.69
-1252.39
685.938
929.914
-401.501
580.53
-1313.74
-1382.68
-1339.42
616.523
722.897
-573.28
645.077
-1295.31
-683.134
740.061
-419.302
802.472
527.696
678.198
425.839
-1180.25
342.059
494.216
-836.275
-427.648
-102.187
875.769
-1593.06
1663.51
-158.246
-1053.06
-626.331
369.295
282.238
1654.65
-556.814
1476.22
-578.913
490.295
646.241
-1510.07
863.83
-1230.64
662.097
-1217.2
-494.091
1139.17
1168.63
706.294
-1228.57
735.39
-1728.34
848.817
467.074
1009.03
-471.972
-165.034
-1050.7
-257.76
412.187
-474.685
673.576
-1569.73
-1184.04
525.843
1034.76
708.462
-1202.55
-603.254
-1635.16
0.830627
357.61
411.86
-901.171
1526.53
324.149
788.869
-417.928
5.12068
1574.58
881.871
-352.527
310.245
42.2816
-470.383
1237.98
561.053
-1046.1
485.043
-324.149
-21.5982
530.422
-1071.6
541.182
1179.05
-413.371
334.345
-744.608
72.5652
941.672
429.819
-232.193
-500.384
-1062.79
-1191.7
636.488
-713.952
-1612.54
-658.624
797.715
608.25
870.642
-1478.89
1037.64
-1085.16
1660.62
-621.618
-486.267
-317.317
1162.43
-289.821
346.09
-392.629
46.5394
-735.35
-594.793
-1415.57
783.058
-975.637
-626.227
-46.6006
-14.2861
-244.845
490.64
-1149.54
246.737
-297.454
50.7163
-1092.06
-589.045
-676.055
586.185
-1150.04
-178.63
344.751
-400.352
55.601
423.836
378.636
-1097.4
-591.345
815.822
430.93
-495.55
916.522
629.805
-1546.33
901.831
230.957
861.763
-438.622
461.489
527.649
510.717
-1038.37
597.941
485.857
-1083.8
689.033
607.86
802.216
-1410.08
968.915
1130.3
-639.655
943.127
648.102
879.571
-39.3487
573.685
-1102.37
298.311
-359.266
60.9548
466.295
382.718
-410.515
332.965
77.5502
1112.41
506.823
-1017.1
-1632.59
863.479
1422.21
-757.224
-454.756
368.505
86.251
1132.18
-711.154
188.708
-1072.97
1712.42
326.817
-415.026
88.2088
1477.99
-599.275
355.727
-443.866
88.1383
-620.496
256.114
-474.411
404.474
69.9375
398.304
-456.14
57.8358
400.586
-444.484
43.8979
465.556
-480.56
15.0038
-447.108
467.336
-20.228
463.658
-434.526
-29.1319
440.011
-403.495
-36.5167
436.026
-393.526
-42.4998
421.142
-373.634
-47.5078
-386.92
445.809
-58.8897
422.29
-360.738
-61.5517
399.575
-335.876
-63.6988
-402.031
468.812
-66.7808
-20.7881
-800.827
490.313
-159.66
755.404
-685.435
467.241
508.466
651.438
-1458.69
807.251
-597.021
-648.01
430.309
381.14
418.993
-434.494
355.458
79.036
382.192
-756.271
374.079
110.066
1571.47
-605.963
-1292.64
188.918
-560.816
444.099
-926.766
482.667
532.939
389.978
-842.44
452.462
1688.15
-744.095
1500.45
-879.808
-1587.77
-800.648
1763.76
-672.767
475.423
-952.841
757.535
-1354.56
1112.05
1586.8
511.424
418.49
437.939
357.242
-442.329
85.0869
-897.659
450.646
-381.364
436.906
-55.5418
-759.135
-568.978
504.84
638.335
-423.778
-580.004
1646.08
-575.704
492.958
534.014
508.276
-1016.08
507.803
-1537.46
1173.76
-688.444
1696.66
1127.03
-598.285
-368.486
-409.705
419.563
-9.85875
-283.812
433.761
542.772
-1039.28
477.049
1178.85
-548.076
-546.135
-330.707
344.53
1057.89
-351.839
-633.648
-535.611
512.082
-1058.1
546.022
1425.36
-602.842
1400.92
-500.895
495.344
-981.61
433.755
-381.951
-51.8044
207.389
-885.699
-671.187
1469.11
351.986
-828.87
481.536
-944.456
1833.66
-960.678
-739.308
281.198
542.513
594.154
651.641
-1245.8
684.814
-1432.69
747.877
1074.21
466.847
-906.285
731.967
621.663
-504.77
1417.41
-1770.39
1503.21
267.177
271.47
1453.65
-1020.41
1516.18
185.118
-718.878
249.024
437.207
-860.985
-640.078
-1111.2
295.438
1119.16
-159.027
1289.84
-603.9
-1600.39
1098.2
1921.16
-1110.49
-810.672
-582.164
844.172
1041.9
416.734
-824.286
-809.801
-1121.25
-648.315
-501.101
-382.207
-1350.9
-245.466
316.499
-573.608
198.33
435.699
-830.16
230.126
-653.859
854.046
-1810.6
-854.594
200.201
164.479
-364.679
-932.843
456.955
-1098.74
894.63
1015.98
432.019
1416.78
-1536.55
697.107
281.647
779.656
1379.2
576.351
-1183.41
607.055
466.396
-859.835
-888.798
1879.58
-443.983
187.62
-559.244
1120.3
208.368
626.25
688.05
-196.562
-396.759
593.32
1607.52
-1007.59
-509.256
1147.59
335.884
-268.612
-67.2715
628.381
-1258.76
-856.131
345.065
511.066
-1122.75
-1621.18
783.19
877.762
651.37
721.635
195.671
312.796
138.819
-510.348
371.529
544.007
-298.305
707.244
-1193.78
545.517
397.879
-781.084
-782.49
-627.586
-2.49043
1605.61
-981.703
-820.019
968.617
1529.53
-850.812
-678.721
341.887
-689.678
347.791
-540.209
1298.05
1268.36
179.857
209.236
-1053.72
742.505
682.813
-512.489
140.635
-457.495
262.854
194.641
239.055
1469.11
374.717
-734.3
643.437
968.323
-1540.61
181.643
321.333
337.597
-658.93
1189.39
-603.21
361.728
698.492
-372.144
603.625
1282.78
477.609
-935.721
458.112
543.941
529.464
-1073.4
676.42
-1428.13
894.142
-451.509
-597.104
1679.07
-598.021
1784.34
-1186.32
-626.44
254.296
1511.13
-775.745
-356.728
889.29
292.775
-910.263
-387.638
669.876
822.109
-734.092
1277.89
444.251
-895.623
451.372
-1063.14
-756.576
-763.722
-1060.28
-974.601
-714.97
597.401
-597.401
-7.76998
-733.004
541.061
-1531.03
808.945
200.671
406.367
-753.313
346.946
656.783
872.75
-1293.18
1834.24
-889.683
1660.04
-718.339
1267.8
-866.637
457.294
-249.23
1404.45
305.97
-595.61
289.641
-1071.51
614.863
-934.143
1535.05
838.691
-129.331
-463.012
844.152
415.425
461.675
-394.251
-67.4233
-1641.57
781.731
-575.134
167.108
1633.34
-880.957
1122.75
17.2964
1523.68
-653.621
-1129.49
-409.571
-559.597
-863.27
-1678.81
1052.47
507.756
-586.725
78.9686
-273.649
336.286
-751.197
1847.67
-8.82571
278.228
-598.553
-1523.68
-138.997
1126.14
-685.788
-440.351
-726.666
-117.248
583.606
277.376
-770.005
-591.166
1768.69
382.047
-743.694
1824.84
358.729
-887.277
277.468
289.809
-567.277
-325.421
368.345
340.716
-1377.28
-418.592
221.341
235.953
846.354
-1119.09
456.002
1075.97
-45.3233
-585.747
1156.21
-554.22
-946.038
-448.099
-497.153
-812.161
1309.31
-613.922
102.041
229.097
-221.328
-944.728
1376.3
-431.576
-500.075
-680.514
1297.04
250.778
-515.963
265.185
619.114
1390.46
620.255
-1553.1
1182.94
-816.934
-469.078
-538.372
278.993
-345.737
66.744
-547.98
-252.038
-8.68549
-626.8
-1197.39
736.566
460.82
-572.289
1098.74
-670.356
1393.25
-585.183
252.49
1640.28
-915.735
726.666
34.3628
-60.6276
237.14
-484.194
804.466
-537.53
919.935
642.316
1020.24
-445.532
784.874
-1370.51
672.083
-247.549
1052.42
-654.302
1154.05
-372.248
332.14
-573.081
-890.465
1600.32
751.197
1731.16
526.213
-329.491
-531.543
866.952
-484.76
849.921
618.057
388.536
-321.681
-66.8545
713.926
-1603.61
-411.639
969.81
-636.909
-847.599
-742.372
394.23
-328.543
-65.6874
-454.175
-497.611
-602.106
370.786
1097.87
-636.377
881.598
-510.999
587.107
-426.407
1305.55
-1686.65
704.943
-1797.53
607.23
-530.855
507.681
-842.912
335.232
217.521
-543.649
326.128
-763.01
380.769
-355.035
174.191
570.143
-289.132
-470.303
1176.6
1123.68
-685.746
-587.87
-468.361
405.365
-434.793
29.4279
-502.194
191.991
451.245
-209.623
-344.723
-303.516
762.959
-1080.28
486.484
945.504
1038.37
-458.811
375.109
325.421
483.613
1029.05
500.681
852.495
1068.66
823.717
-1477.3
653.583
468.274
-1259.47
679.469
-190.449
-267.046
161.381
-392.413
604.173
796.668
-597.377
-158.123
243.251
238.228
208.03
1659.43
-460.109
-739.159
-315.054
370.779
-55.7252
1167.35
-475.855
-691.49
438.531
-394.166
261.738
410.345
-576.73
493.902
-720.349
1156.05
215.637
643.567
1399.17
-1204.64
696.51
-429.196
150.049
-184.276
-685.326
607.147
524.769
-317.382
1101.49
-665.011
1131.41
-495.03
1203.49
751.922
-615.001
371.379
-52.344
1513.01
-774.007
1654.34
-993.718
1370.51
-1243.74
252.038
-87.2934
602.531
-780.004
-782.053
-404.947
1253.76
-66.4757
-521.201
-264.161
-1190.85
-588.869
731.754
-278.823
890.848
-456.476
-365.154
171.813
229.759
582.377
-215.386
-284.206
1229.85
-592.301
-543.385
583.238
-656.731
226.21
67.9869
388.673
-324.784
-63.8886
253.124
-1087.01
765.276
279.339
-1018.5
367.662
200.29
-567.953
627.262
-262.33
703.656
-441.326
-780.321
-378.573
-1024.84
517.504
463.803
-1184.15
-883.511
345.981
-127.939
174.717
931.065
-59.2986
498.236
-1163.25
1783.4
-901.533
-55.5533
32.5309
27.6159
38.8367
639.203
-471.956
101.169
-697.862
-432.599
-625.506
-510.429
787.806
-441.556
-963.385
-1213.93
-95.5933
-466.115
758.89
901.059
-418.392
155.43
-353.237
-30.0206
785.69
800.815
426.936
-322.938
381.633
-58.6958
-498.674
-627.529
275.69
-625.709
284.225
704.317
-219.007
321.221
1161.44
64.445
-518.646
647.172
-1593.83
946.657
301.555
177.938
-397.671
584.378
-383.708
223.411
-689.526
-412.679
180.485
-262.13
-213.625
925.232
764.764
189.489
325.649
-952.278
522.786
-86.8707
276.851
-752.111
-660.594
-968.69
799.456
-1220.65
-894.901
306.006
-502.718
145.997
-352.235
-428.261
888.092
-342.07
-475.982
698.25
66.1701
394.166
465.266
1154.36
-748.259
60.1212
-387.83
642.126
-530.269
-626.779
732.121
-434.68
1209.81
-319.949
281.476
38.4739
1779.07
869.195
515.794
-335.937
864.001
-1428.08
-1840.42
856.364
766.348
-332.178
1603.68
504.786
106.305
-134.728
-178.697
313.425
1695.64
711.608
-1390.23
1687.63
-733.36
1036.46
-42.3149
1217.08
54.9555
279.026
-726.768
-267.477
-344.295
303.606
-801.217
1020.05
541.637
231.705
-673.616
-701.27
-160.58
1211.97
-243.516
-265.74
-184.153
-134.121
318.274
-1032.35
-212.3
-689.758
-619.767
-1310.31
538.43
-546.824
-1248.34
1102.32
737.128
-336.834
-91.0331
370.974
-309.449
-61.5252
1771.24
-523.797
133.461
-354.448
-66.1472
-460.281
955.915
-641.531
484.973
544.979
-637.192
-68.312
298.172
-114.476
286.342
147.229
210.165
-1154.36
-406.996
-191.325
-133.898
325.224
-757.223
-810.515
-372.891
-82.2994
-886.391
-1122.2
-1464.15
-535.889
-1464.15
1465.83
534.165
1465.83
344.295
-318.002
130.197
1034.7
724.505
1274.45
-1121.91
-460.971
-852.773
-437.095
-840.591
-261.049
658.627
-399.926
295.66
-1752.2
-441.951
30.7636
-374.046
732.103
-573.629
406.642
-668.972
-487.173
633.885
-433.595
-1114.3
-725.567
672.012
-1701.49
-771.369
-687.319
1679.74
-503.587
219.381
1056.26
-560.502
-100.916
-85.0488
-1470.47
584.775
1566.53
386.419
-1419.65
-470.913
-1398.96
248.59
-1014.63
461.091
439.968
1009.51
-862.899
-132.431
-214.49
346.92
-1292.64
-354.159
439.679
-241.35
-768.085
-445.38
-592.387
1487.02
686.137
363.52
-765.692
435.448
1132.35
-700.328
-819.194
-656.382
278.75
-649.158
-22.876
-470.455
1243.94
-848.894
1462.24
-385.211
-361.65
746.331
-391.115
-900.33
-828.261
-430.306
492.748
-361.683
-136.575
498.259
113.856
421.193
-456.621
1424.38
1573.06
-604.447
-627.361
1157.13
-968.757
260.645
-298.104
-455.299
1099.49
-534.788
-209.821
946.837
-443.49
-154.184
365.873
757.223
-1342.45
-26.757
-442.346
-248.488
248.488
-319.683
-433.63
932.488
-617.698
1297.17
-411.892
-511.784
-1586
828.532
-327.44
-342.399
-1193.94
1176.84
-569.784
175.295
413.364
-891.175
-722.636
269.896
491.122
-296.481
-633.679
-488.051
-218.07
-147.408
365.478
-819.742
-143.281
-216.763
360.044
-217.411
-136.598
354.009
-275.215
35.1599
899.49
-1518.05
359.713
-190.927
185.293
-965.739
1043.63
-501.114
-672.629
-410.82
1083.45
939.533
-225.949
-144.259
370.208
-391.532
446.487
1352.49
1661.65
1282.78
-1483.89
718.202
185.131
461.544
92.4127
-340.901
458.578
-292.596
788.057
-441.111
503.592
-693.268
-608.562
-465.191
156.481
521.441
-35.3102
-476.383
-403.31
-657.496
-1583.32
773.52
-226.957
-147.262
374.219
-887.812
-512.165
1610.36
-1524.13
-870.549
1129.86
-1175.18
1601.39
1058.98
-818.796
-899.798
126.117
-613.794
1671.69
900.186
910.37
679.339
-257.397
874.455
-350.7
-298.583
-371.381
712.096
399.152
576.902
601.592
532.499
-350.856
754.016
336.76
1580.43
1399.84
-468.778
314.473
-363.31
-667.492
-5.71547
167.606
-883.075
360.374
-801.591
946.178
838.164
226.21
-263.534
474.405
271.437
-583.708
783.101
207.339
214.382
189.373
1560.46
48.3984
905.537
-953.935
475.75
-402.069
171.898
-1098.56
473.052
56.0402
819.341
908.104
-178.132
-178.34
-389.613
-369.597
-513.915
-609.027
243.873
-929.322
463.846
-468.074
-356.537
72.5491
752.687
-457.465
899.866
-80.4118
-480.404
576.534
885.704
351.48
-198.223
269.405
931.939
603.11
53.3533
303.592
261.499
-1226.8
465.191
-907.691
592.614
315.078
1688.75
-429.015
-338.366
272.973
-404.48
976.889
112.513
336.708
1220.72
1514.71
-650.88
-679.465
686.935
-316.758
843.969
-527.211
-679.67
658.882
-400.554
823.488
383.896
612.623
-383.287
-1348.8
1038.55
-248.264
1857.45
-680.982
194.099
527.936
-203.481
695.447
-313.247
238.957
-1100.04
436.966
-1356.59
1339.61
406.636
-231.957
-145.743
377.7
-784.018
-1623.72
-929.047
164.938
56.3249
-608.695
1018.82
1190.85
-670.888
-758.084
-660.83
554.297
500.251
533.578
-1228.56
930.281
-248.996
1175.18
-526.111
777.111
-1290.33
1098.67
-84.5054
310.715
-607.05
1392.74
230.693
-632.955
-907.651
405.109
1202.1
200.498
215.048
47.8418
-972.78
907.444
-971.82
-242.909
325.024
761.965
712.034
1156.45
355.209
-661.89
-327.417
-326.977
-290.442
-734.521
-456.151
537.246
-392.823
-18.9237
83.5579
-43.3063
-759.994
299.712
-1335.6
292.625
501.92
666.55
-1168.47
-1099.85
-356.128
-382.063
-1009.51
-1135
-1518.12
617.672
-330.511
-1103.8
-379.735
-383.438
776.731
398.78
-1099.11
-65.3932
347.155
284.581
286.603
608.498
-1019.52
332.27
-430.915
373.939
-215.322
-399.118
-194.19
-1533.29
290.686
-1508.55
-1457.75
-211.121
1089.32
46.1901
-459.065
1054.83
-554.145
-679.937
1131.18
813.321
360.778
-772.417
688.067
-270.644
-378.515
-405.759
-565.925
1049.54
361.35
-179.954
-181.396
-341.584
-802.736
-400.991
1203.73
1914.48
72.1846
388.352
183.338
-541.419
-301.494
291.265
325.977
-120.519
-205.458
-374.689
169.234
-399.581
459.702
-409.077
769.855
628.285
466.315
-418.474
-367.836
-89.0514
-907.954
387.335
-238.548
-754.195
640.079
500.441
1170.45
1019.84
-1156.14
789.105
-543.421
-118.897
1548.54
-579.563
1102.35
-325.447
1648.22
-131.24
-214.497
357.991
921.162
416.032
-1376.71
-330.021
-1431.79
1315.37
-636.029
706.805
-1354.35
666.162
356.688
-456.402
-628.267
-562.357
496.66
-205.006
-976.202
-834.152
292.733
1126.09
1511.21
1003.91
223.126
471.931
46.9064
442.756
507.562
969.974
573.335
-320.211
-292.124
1528.74
-178.526
888.046
-1353.68
955.843
445.856
-607.068
-190.459
-489.211
337.143
-590.538
1131.06
555.536
-312.285
331.428
436.708
-322.852
246.165
-429.771
-141.98
-805.838
331.425
-600.835
-492.187
417.103
-1013.1
197.787
1011.15
507.445
809.412
351.794
-244.409
-400.991
1530.83
-752.18
-474.618
17.8029
-747.921
1168.08
-1708.89
1176.13
-208.603
1324.41
312.94
-349.841
-174.144
584.489
-354.34
464.39
1517.23
-148.182
328.808
-539.5
1391.89
-1196.67
-1326.7
417.979
399.368
-968.288
143.913
-353.362
341.853
-373.357
467.51
1061.23
-560.995
-572.722
1203.71
-1208.19
529.259
331.877
-1190.04
-1270.94
-257.676
74.9869
-483.109
309.946
-762.992
292.079
-49.2387
-607.388
416.929
-371.215
264.403
-142.175
-899.541
-472.512
-350.514
1115.85
-383.897
-295.623
280.136
417.757
430.073
-535.135
272.129
1632.57
-1575.08
-300.704
529.268
-87.7483
-720.402
289.179
82.1156
-1100.07
-430.953
-881.829
266.828
966.039
-332.236
-958.096
-330.467
-2.41453
204.086
-699.305
781.128
-713.069
501.4
-158.01
-240.658
398.669
-341.359
57.341
-347.764
973.303
998.797
-406.936
178.529
173.265
-651.201
221.275
500.539
-539.888
1080.02
238.882
-379.219
1131.82
-635.159
-269.862
289.173
143.713
-1671.57
366.289
1330.99
182.527
76.0515
1.75939
-425.056
192.079
1474.02
162.121
-802.681
424.578
-1532.95
1543.39
274.643
-158.31
-437.495
-188.375
1107.26
143.484
-283.33
319.664
-326.018
662.779
642.804
294.617
-628.3
-986.276
194.396
-155.044
593.877
-325.896
654.704
337.365
304.761
-777.922
1188.85
72.1069
372.59
-480.505
769.91
324.983
718.429
348.951
123.174
-625.183
913.164
304.651
-463.28
274.515
271.002
-941.139
-215.001
35.0449
-134.475
1500.95
-295.497
1338.6
-196.226
339.71
324.335
-1136.88
427.443
-820.866
357.587
-327.599
-674.431
1021.07
655.799
-487.489
-759.192
235.395
396.519
263.203
-343.262
-140.274
332.353
-557.664
-983.501
691.572
184.132
-607.869
-181.985
-759.526
-467.113
-124.363
-843.925
-159.438
1053.56
506.554
1725.1
-622.788
-83.7733
421.5
-662.839
-175.918
-151.681
-496.981
-119.148
-1465.17
440.599
-223.479
-305.231
-458.121
750.854
352.598
554.815
603.189
-308.828
565.522
198.282
996.25
-814.602
1291.76
585.955
383.033
-306.982
-544.657
-47.2807
-433.123
-1010.75
43.7705
-379.719
-380.445
71.1321
-336.5
-794.553
109.606
-16.7331
118.994
1113.24
-555.485
-118.54
803.661
292.657
-361.09
-982.472
625.548
-367.359
277.623
803.635
325.414
44.2668
-427.93
-248.906
1443.71
485.618
252.903
-99.7713
1213.01
-207.378
-163.837
382.36
-838.559
-234.604
206.266
147.096
-328.492
1380.3
-499.524
-180.937
-144.958
72.3145
11.4343
-131.811
120.377
-17.0896
17.8837
-0.794081
-318.556
216.613
101.943
340.156
-56.3808
-283.776
-177.452
230.04
-52.5887
-16.4356
174.443
-158.008
-3.78282
-7.12608
10.9089
35.5077
-21.4447
-14.063
175.193
-163.759
57.599
-235.051
184.836
-106.297
-78.5391
385.159
-405.258
20.099
17.6668
-11.6479
-6.01894
147.677
37.1587
-211.323
295.308
-83.9847
-48.4821
58.3036
-9.82152
425.374
-161.62
-263.754
-213.314
102.302
111.013
-38.654
107.326
-68.6724
391.584
4.22259
-395.806
-495.513
464.529
30.9846
-5.68204
-39.8478
45.5298
-13.6684
-0.424689
14.0931
-132.97
116.534
70.5302
282.9
-353.431
-229.968
12.7457
217.222
260.631
-410.169
149.538
-40.5879
235.994
-195.406
-0.748988
-0.935512
1.6845
74.9019
59.431
-134.333
-3.20461
3.5954
-0.390793
-3.20218
3.59332
-0.391135
-3.20255
3.59401
-0.391462
-3.17739
3.58818
-0.41079
3.17348
-3.57709
0.403606
-3.17738
3.58796
-0.410584
-256.202
215.614
-25.8201
171.773
-145.953
-26.6205
18.4365
8.18399
186.55
238.824
-334.428
292.124
42.3041
-0.682091
-0.0668968
-11.9301
-0.636109
12.5662
28.5785
95.4276
-124.006
13.937
21.5707
391.947
-321.417
112.875
-303.223
190.347
243.788
-248.063
4.27494
100.468
-125.637
25.1689
-2.70788
22.7618
-20.0539
182.957
-154.378
87.0672
66.3306
-153.398
-106.759
-96.3422
203.101
-8.5591
-8.53051
109.242
-135.062
40.3627
48.714
-89.0767
282.846
69.7044
-352.551
16.2193
-20.0021
28.9101
-35.0295
6.11937
-16.2768
-10.3437
-79.017
30.5349
-3.37312
2.80719
0.565926
270.815
-27.0265
59.3954
-57.7147
-1.6807
5.62014
-124.493
118.873
361.08
30.5036
-6.61661
6.61661
-304.281
-5.26979
309.551
17.2264
8.69481
-25.9212
-7.11133
-0.228586
7.33992
-251.8
-146.912
398.712
-258.539
47.2159
329.961
10.1958
7.0168
0.314004
-7.3308
7.08248
0.260309
-7.34279
7.01517
0.311576
-7.32675
7.01573
0.311132
-7.32686
7.13795
0.261701
-7.39965
7.08251
0.260012
-7.34252
-12.6531
0.722972
-2.43115
-11.2372
26.7645
92.7889
-119.553
0.655501
11.9033
-12.5588
-187.602
80.843
146.593
-140.973
-15.1747
-172.44
187.615
-124.16
150.924
390.436
-129.805
7.88906
1.16256
-9.05161
-93.4245
-119.89
2.68814
-2.38871
-0.299429
-465.675
297.886
167.789
-272.19
215.809
264.233
-237.647
-26.5863
-200.956
313.831
-43.639
375.873
-332.234
-193.958
235.611
-41.6529
-261.149
136.065
125.084
-261.981
-56.5749
-3.60356
4.09426
-0.490698
-3.86953
0.664919
3.69701
-0.523525
-3.86924
0.667055
-3.87128
0.668731
-3.72985
0.552455
-3.72865
0.551275
-223.919
284.724
-60.8055
-106.199
193.267
-158.366
325.974
-167.608
204.422
-404.593
200.171
440.709
-185.681
-255.028
-0.286306
0.285082
0.00122391
35.6426
349.517
-106.669
127.431
-20.7624
38.0132
108.694
-146.707
0.0720575
-1.77964
40.8153
-39.0357
-120.493
-20.8235
141.317
16.1703
321.766
-117.344
-63.4003
101.414
10.9445
-11.7632
0.818728
-4.0684
0.464839
162.552
-180.823
18.2706
-3.13258
-0.240541
93.7815
-53.4188
2.15609
0.532052
-0.310447
0.430462
-0.120015
8.38757
85.394
-180.982
276.46
-95.4776
107.802
-37.8428
-69.9589
14.6222
-3.67771
-213.534
361.453
-147.919
169.51
271.198
30.3883
29.0072
57.2982
-95.9522
-436.758
393.119
-309.385
149.526
159.858
118.45
-90.7274
-27.723
-108.441
-19.4952
127.937
33.806
-33.806
-223.919
171.031
-267.373
3.75226
104.942
0.292915
16.9334
-3.31821
3.71712
-0.398912
-3.37798
3.77518
-0.3972
-3.31812
3.71709
-0.398974
-3.24696
3.65919
-0.412232
-3.37769
3.77588
-0.398192
-3.37815
3.77631
-0.398157
-4.76401
31.5054
-365.963
334.458
-45.1934
-12.5213
178.117
-240.788
62.671
-57.2942
51.6122
265.212
-280.387
-19.5805
-18.6556
38.2361
-0.0204838
-27.6259
27.6464
-308.157
-26.2709
230.317
136.324
-366.641
-6.19158
39.9976
309.855
-27.0086
82.7886
-296.323
-436.755
184.955
9.70096
8.18272
235.547
65.504
-301.051
98.0629
-397.561
299.498
100.057
-301.013
-411.195
83.4575
327.737
5.57401
-86.7254
322.273
-5.00822
21.2275
-0.213317
-0.0971298
46.8171
240.447
-287.264
11.5999
6.06691
-25.5729
-276.394
301.967
-6.3192
-0.297401
225.924
-380.569
154.644
-50.1148
-213.733
-127.755
-229.687
35.7285
3.28931
-3.68944
0.400133
-265.767
-98.9118
0.129296
-0.415602
-42.2831
-86.7741
129.057
109.01
-34.1086
-1.82015
49.3637
-47.5435
-69.5555
118.27
-20.7769
-17.9329
38.7098
-13.1088
0.191306
12.9175
-131.676
-278.493
106.719
16.7913
-123.51
-328.508
-167.005
-104.664
58.0832
46.5811
169.188
-6.63555
-310.401
152.035
-24.8941
177.164
-152.27
-351.287
189.668
-113.173
-7.24267
120.416
-95.7294
-50.9778
-31.9904
6.77272
25.2176
-263.689
182.169
81.5199
36.2507
-142.919
26.0453
-27.8654
-33.0507
28.0425
73.2447
16.4626
-89.7074
-285.161
-1.23797
286.399
-164.017
122.053
41.9638
63.4388
-133.899
13.4052
-116.465
6.58239
109.883
284.821
-184.764
-202.759
61.8549
140.904
163.443
-68.0158
-179.125
-172.162
11.8587
-107.47
95.6115
-122.086
-194.873
13.8394
181.034
-137.34
118.562
18.7781
11.0974
96.7042
-298.786
55.1312
243.655
-259.767
78.7851
-68.1227
79.9814
-7.32938
-24.661
-1.34336
1.34336
-157.287
-30.3149
75.0957
-1.85099
-2.41723
-6.14187
35.1881
-42.5175
-201.476
285.768
-84.2921
74.984
-14.5621
4.19381
10.3683
6.31238
40.4452
-46.7576
0.672176
171.101
84.5695
-330.251
245.682
-8.92118
-24.1296
48.4174
126.026
-6.85911
-130.481
36.855
-45.7762
16.4737
-117.352
-8.44604
125.798
209.492
19.1423
-228.634
-0.519471
0.585958
-0.066487
-18.0564
40.4572
-43.1651
253.991
13.7319
-267.723
3.69061
-4.62612
-223.919
0.897876
0.180074
-1.07795
-27.4357
-62.3567
89.7924
-126.347
88.5043
21.5798
-24.011
-5.6296
-43.464
-219.902
263.366
50.1322
-50.1527
18.1112
-13.9279
-4.18331
277.67
-47.3533
-129.357
147.627
3.83365
-0.111279
-3.72237
33.5333
-4.62315
243.269
-204.806
-38.4636
-3.88049
0.0109593
-3.87998
0.0107374
-4.37188
4.4983
-0.126419
3.95401
-0.257004
-4.44771
4.56499
-0.117279
-4.44646
4.54867
-0.102215
-3.88267
0.011391
-3.97158
0.241737
-4.3717
4.49823
-0.126525
-3.97107
0.242416
-4.44414
4.55641
-0.112265
4.59961
-4.45513
-0.144475
-4.37281
4.49902
-0.126211
86.7966
51.6262
211.557
-263.183
-8.69481
5.69118
3.00364
141.057
12.3608
-153.418
14.2576
360.742
-262.679
196.11
-58.8397
-137.27
173.074
152.9
-27.5466
-195.96
223.506
-28.0629
-270.723
-63.1674
-41.4968
184.135
-1.1784
-27.0782
5.62195
93.8879
-20.6242
-18.0932
38.7174
338.581
130.313
-468.893
-306.305
92.5725
-31.3097
10.5328
-22.9841
145.124
-122.14
239.639
-2.99294
29.9915
-26.9985
5.4098
32.8619
-38.2717
-235.843
63.4026
58.5914
-0.287804
-22.2383
-82.2378
104.476
-136.525
40.7951
-366.436
238.866
127.57
233.653
-55.5357
97.9173
-437.753
339.836
68.4927
-334.26
30.0496
-8.46979
193.496
-176.704
-136.543
28.1021
1.25984
-1.25984
66.9282
-89.9123
229.931
24.0606
34.3969
224.357
-258.754
159.803
-184.697
96.9573
3.51111
338.759
-254.19
0.527763
-12.1757
-0.234747
-194.329
-66.82
217.593
-261.057
-4.66645
-9.98344
14.6499
-2.20353
43.7054
-41.5019
-0.782867
-12.3259
-360.781
392.286
-18.6603
59.1175
0.0695528
0.265542
-0.335094
-0.201819
-20.4714
20.6732
-259.011
-12.1127
271.123
1.6889
8.12739
-9.81629
68.9346
395.594
-136.043
319.657
-183.614
200.206
-336.249
20.8663
-19.1774
192.54
-199.399
-72.8299
423.555
-350.725
-77.5729
106.832
-29.2588
37.1274
-37.3293
26.9745
-24.7691
-2.20539
-4.89408
3.02265
1.87143
6.06114
52.5303
-3.3966
-0.343481
3.74008
-34.0885
-93.1998
127.288
1.38941
-3.77812
-310.948
408.865
347.411
-107.007
-240.404
-189.81
-275.865
-92.7223
-23.7428
319.596
-26.4814
-293.115
-457.86
15.4292
-139.589
-77.0093
213.057
-136.047
207.934
-230.459
22.525
2.32982
-295.074
292.744
38.0351
28.6049
-66.6401
21.3347
-138.687
43.919
-46.912
-132.59
69.1895
18.5066
-213.38
4.09545
32.9941
-37.0896
118.819
-92.7721
-3.26856
3.01989
0.248669
-3.26831
3.01036
0.257954
3.25116
-3.00928
-0.241881
-3.26904
3.01048
0.258555
-3.81303
2.84195
0.971085
-3.26274
3.01842
0.244321
-3.26247
3.01855
0.243915
-1.44749
11.7114
-10.264
-24.9543
25.6098
-72.1451
147.074
-74.9289
-60.1834
32.7477
158.19
-177.685
13.5063
285.22
-298.727
-29.2875
9.70696
4.56719
-2.41111
218.683
-184.689
-33.9939
323.768
-396.598
-136.879
-185.076
321.955
134.881
165.109
31.0002
-20.3227
26.6351
298.372
-284.64
236.946
-29.0116
-20.8589
366.413
4.47728
2.13932
-22.0299
-6.40703
28.4369
148.882
-157.328
-19.3846
-15.6449
-37.9046
285.827
-247.922
-7.11133
412.029
-242.518
-152.205
68.8428
83.362
120.653
-192.798
-208.458
18.4793
-0.368163
-35.6563
-137.771
173.427
7.57334
9.21233
-16.7857
-12.706
4.85499
7.85103
7.0168
7.08248
7.08251
7.01573
7.13795
7.01517
8.01975
-162.236
142.064
20.1723
230.339
169.924
125.383
59.6084
-21.5733
-104.681
70.5927
313.939
-279.542
349.391
-166.998
340.072
498.276
-362.003
-136.273
0.0601404
-33.9346
-168.824
25.9008
1.07376
154.709
-161.952
74.1994
-167.624
-90.3572
91.5792
-1.22203
330.338
-143.618
-186.72
356.365
4.05645
-360.422
-131.432
2.07489
-74.0391
55.3788
326.098
64.6411
171.352
1.4161
-1.4161
246.943
-75.9121
-183.209
164.794
-42.7409
-146.894
159.255
-280.403
8.82314
271.58
-0.227243
-12.4788
57.5507
-8.18701
-79.1235
-53.4663
12.1398
-149.36
137.22
57.6607
-17.2155
319.728
-278.468
-41.2599
-257.807
-271.422
26.2114
245.211
16.238
-275.249
-300.211
395.595
-95.3843
-290.402
14.0074
-89.2448
387.131
313.861
-262.235
-469.583
390.849
78.7342
-182.045
244.784
-62.7394
191.405
86.2655
-140.758
156.187
29.6529
369.844
-399.497
133.279
-56.7402
-76.5393
-0.811466
0.291995
-0.0546232
0.124176
262.923
67.4146
-10.8219
33.3933
-22.5714
-28.1837
23.5172
-11.4255
18.9988
-4.56845
-0.710227
5.27868
-2.02946
-2.86462
4.96212
-214.981
210.019
-127.624
3.69337
-0.886175
0.33852
-2.36979
2.03127
29.6135
-5.46624
-24.1472
48.6295
-11.7745
2.26945
354.096
170.274
-110.843
45.0149
-9.82675
-155.127
-211.308
290.468
99.9682
96.2581
-358.833
262.575
387.476
-392.746
96.2468
-27.6302
-68.6166
291.959
-304.071
-44.3875
-3.95101
48.3385
-75.718
41.9407
33.7773
23.8855
-1.12371
-242.379
214.832
276.476
43.2526
-445.513
352.666
92.8464
15.2209
-12.0492
372.791
-17.3902
-254.032
296.849
33.1113
-119.42
-154.736
274.156
-108.813
447.393
-267.248
47.8303
-7.01499
-18.9988
-14.8072
61.7593
-14.968
-116.843
-112.528
16.8924
95.6357
-31.2968
-0.0835242
1.66642
2.90077
83.403
179.52
13.8774
36.4662
-12.1172
-24.3489
6.66182
-8.2186
1.55678
12.9442
-1.04087
-195.065
-74.7949
137.65
-62.8555
-206.747
-126.758
333.505
4.1342
-0.0399446
152.609
-43.3669
218.463
-288.62
70.1575
-189.825
-279.758
-0.325926
0.325491
0.324977
0.325441
0.325007
0.326845
387.37
-303.912
32.6671
-6.62178
441.607
-378.168
103.713
-111.906
8.19242
40.0805
245.188
-33.6315
-284.265
244.199
-239.237
4.84433
-237.7
236.462
439.386
-266.026
292.237
125.125
-57.7605
-67.3646
6.3192
0.991415
-7.31062
24.4881
-26.6916
-201.432
16.7434
147.961
2.96277
-0.511635
0.114797
0.396839
244.67
-9.05832
38.4933
-371.939
5.97578
-18.6593
-8.81514
27.4745
-295.115
389.456
-94.3406
3.93043
-134.683
63.2055
289.948
-353.153
-3.67057
-427.472
22.2137
-225.001
42.9569
301.562
-2.56845
-0.828155
2.90448
9.08849
-11.993
407.119
-377.466
-93.5652
26.1804
67.3848
-24.0189
20.3697
3.64923
11.0551
-101.412
-353.526
133.438
220.089
260.954
-3.0579
-3.06398
-3.05811
-2.98526
-3.06656
-3.06657
-42.1726
296.788
-254.616
-73.3757
-52.2616
-6.19295
6.08167
-2.62693
23.4933
0.467816
268.949
-311.122
-14.6459
-26.7607
22.5282
4.23256
-171.077
-30.3551
-2.37294
-54.6433
35.9877
-124.607
31.6366
92.9707
-35.1854
185.665
-150.479
341.059
-271.133
-69.9259
-0.568416
-0.113675
-53.1761
42.3542
-158.519
215.657
-57.1381
-311.986
16.8713
-6.66141
6.66141
6.66182
38.0832
9.74716
254.333
-118.601
31.8267
-42.6102
37.144
-228.873
459.537
-405.962
-53.5747
12.5239
19.2014
-25.2203
14.4451
-137.955
3.06072
-503.435
394.622
-22.8502
-246.777
269.627
-126.012
102.275
23.7366
-319.287
182.408
29.3819
-35.5313
6.14943
-61.7746
280.237
85.6965
-79.6353
10.7542
30.2953
-41.0494
-41.5439
35.1368
-18.8453
24.2551
-57.2619
39.3289
-227.084
323.342
277.74
-353.441
75.7012
28.3637
8.10246
173.093
238.935
-49.3015
37.1843
1.98852
9.1346
-11.1231
-0.0332434
-104.01
26.4367
-85.7025
-18.3071
-81.5071
404.375
-341.17
-114.124
319.946
-82.2011
-80.0352
48.6771
-15.8152
-31.7246
-104.819
-218.179
354.503
4.30735
5.85921
30.5617
-36.4209
-392.855
412.955
4.96616
26.9921
-31.9582
-217.547
116.826
100.721
285.227
-46.3607
-3.21525
-0.66473
-3.21522
-0.665268
-3.15996
-0.722716
-3.23956
-1.13325
-3.23937
-1.13233
-3.23848
-1.1334
29.9556
-2.27267
-32.5509
350.381
-72.6412
24.6603
-15.448
-366.477
274.64
-191.851
-203.458
73.609
-132.449
439.548
-0.783781
-1.586
-5.47234
-18.5466
-75.718
9.82058
282.303
26.646
-112.348
5.04659
-23.8919
-1.22061
3.25187
-5.54836
10.5949
306.289
-114.884
-60.695
134.894
-431.614
70.833
-261.598
219.945
261.375
24.4519
61.2926
-11.1604
-232.521
-121.005
37.4971
-14.1522
-23.3449
11.1834
-17.8033
6.61998
0.950474
-14.8783
1.62988
-31.283
198.126
-166.843
2.69794
17.4465
-20.1444
-6.54651
7.42676
-0.880253
-0.359972
0.484148
-358.538
-31.6024
-125.684
-72.0437
218.872
-199.73
11.2357
-1.46838
-9.76731
19.78
91.7224
41.5571
86.7258
114.074
-332.253
212.883
-244.166
-1.87799
22.0573
-20.1794
-191.235
-39.2571
230.492
21.8679
-16.9017
5.67913
-21.495
-6.16095
17.7609
-0.00135217
7.91096
-7.90961
212.732
-274.507
-132.362
27.5427
25.6392
-169.92
347.526
-177.606
45.6014
-7.5182
79.8664
-219.443
139.576
-47.8574
62.9117
-15.0543
299.228
48.1831
11.8325
-9.52058
32.0488
-0.119667
34.415
210.255
-17.6693
-202.819
220.488
-207.296
25.1558
182.14
213.691
10.6658
45.3448
-15.0496
-99.9796
-24.6277
208.77
-190.264
16.971
68.7255
-34.2228
35.1981
-5.81615
365.014
40.9942
-406.008
109.157
-63.7826
-45.3741
50.1617
-6.45627
8.09153
-9.12234
1.03082
-13.8572
57.7763
-116.949
-35.2556
5.29774
-6.08152
25.7393
13.4933
-39.2326
-50.123
-157.573
207.696
-17.224
33.8807
-16.6567
-41.8014
-8.35128
-153.374
151.19
2.18393
-327.341
142.264
-3.90617
4.47541
-0.569239
-91.2892
15.5712
8.32887
-99.0563
-5.53998
31.1498
32.6478
-2.6563
91.0368
-78.8971
43.9579
-6.8305
43.012
-30.187
-12.8251
160.803
8.38498
-86.1356
40.1927
-7.19856
10.5255
39.5266
-8.96487
-54.3082
9.11476
240.174
-47.6342
0.926769
4.35191
-24.9192
-13.3525
34.5234
-7.53137
124.033
-125.218
1.18512
-7.61806
6.39745
1.35723
188.975
-29.1721
16.7142
-15.5969
-1.11739
-33.3201
-5.71561
-91.57
-231.493
323.063
13.4352
264.153
-201.482
230.789
-263.34
-0.350284
8.20498
-7.8547
-18.9834
207.316
-13.8204
-164.575
-20.1221
-52.5739
-21.4652
-23.4611
-188.632
212.093
0.198645
78.4265
28.5047
9.73142
-67.8448
-102.548
170.393
-0.067985
11.7794
0.388906
-0.748878
-15.9015
98.2441
187.524
-162.834
-36.565
41.5121
-69.2351
175.315
-10.2061
-21.3571
-9.09471
30.4518
-40.6411
-6.90241
-351.975
-70.1364
422.112
-29.0036
254.196
-225.192
-18.6081
-10.734
29.3422
151.737
-358.484
-23.7946
-5.99903
29.7937
-20.541
-9.55511
30.0961
-90.0805
27.7237
-35.1428
-6.3591
208.572
177.368
-284.807
4.40363
20.6626
-134.398
113.735
-1.04204
-0.217795
125.751
-119.169
119.588
51.9091
-171.497
-236.656
-143.913
-31.4531
-17.8484
-18.9361
0.27677
-84.3833
1.39617
7.93328
-9.32945
-75.1628
287.895
3.79997
-30.7664
-6.5629
183.692
-201.361
7.62739
-8.95804
1.33065
-397.227
-0.0440892
-0.0475435
0.0514398
-0.0476252
-0.143308
-0.0481407
-0.0480195
-161.18
-2.57862
-165.647
115.524
-53.4654
298.676
313.451
-44.5018
132.755
15.6656
-148.421
124.852
-58.8016
306.145
-20.9245
-34.6527
-7.95754
83.1623
-2.40076
-5.81784
210.687
-38.2473
-175.133
-20.1379
-204.864
305.173
-6.80151
3.81172
26.1412
-30.1323
-6.95727
0.536748
0.499232
0.536513
0.501845
0.501902
0.536701
-281.951
-29.1712
-272.676
1.82467
270.852
-3.0219
11.1134
13.9553
-275.553
167.496
-318.969
151.473
-168.64
21.7459
26.3573
149.666
-0.783489
9.95485
-101.089
91.1338
-282.323
-16.4037
42.1267
-16.3874
-150.851
150.368
0.483085
-34.397
-8.12056
221.428
-141.561
10.5223
-29.1304
-177.91
0.225076
103.301
20.4941
86.3376
-3.28097
-0.408475
-31.3458
-10.1981
-10.6393
-21.3504
-72.2148
-31.3926
-15.3649
-284.138
-0.502023
-15.2643
107.846
-117.471
9.62443
314.096
-0.15731
-3.22995
-39.3458
-15.2975
-33.9173
-12.9947
-12.7313
16.9251
46.5316
-9.38759
-225.283
-141.358
-32.3693
46.5299
-14.1606
-44.3262
-8.84988
9.96595
156.437
-166.403
84.1866
162.757
-26.3704
5.82934
44.4383
125.835
9.64842
23.0187
320.055
-414.396
8.75668
-26.8977
5.54055
-5.12962
-21.9486
354.521
151.225
113.079
12.6718
-3.86312
-16.4725
20.3356
-45.3201
22.955
41.9244
-13.4197
91.711
121.346
25.3755
36.4204
-61.7959
4.39112
-281.789
2.24729
310.793
3.06855
-167.56
5.60846
21.484
-23.7235
22.2551
-66.9209
-5.50265
72.4235
-155.847
6.48665
-9.53174
20.7151
131.31
5.91032
159.502
-167.849
8.34651
-39.8156
-152.959
12.201
171.748
-127.31
8.91224
147.275
-141.666
152.974
22.3412
24.1942
28.2738
-34.4654
-199.042
126.709
72.3326
8.52283
6.27001
45.3909
-51.6609
135.256
-3.17084
6.19349
18.8388
-272.871
-12.578
-11.314
71.3892
320.897
228.768
135.548
11.0452
-3.90617
9.34526
140.608
-154.693
14.085
-6.97506
-20.7709
27.746
-4.36894
-7.39429
0.580588
-6.54651
4.47541
292.963
-1.00428
-7.08213
-7.08484
-7.08397
7.09804
-7.08283
-7.08254
-6.42857
-275.22
-105.617
174.46
154.11
-189.295
51.397
73.7281
30.6091
-294.787
296.657
-1.86926
157.584
195.161
-352.745
29.9583
7.1701
-17.1239
1.55316
242.646
7.38221
-8.7313
1.34909
95.4178
109.942
34.0508
115.36
-149.411
0.0743223
-7.222
30.4751
-26.233
-4.24212
-42.2878
-14.9741
265.536
47.9149
-21.3687
-68.7118
345.246
-105.627
-239.619
-399.658
376.534
23.1235
9.63244
-7.761
4.00093
-39.7473
103.455
-63.7076
-289.568
-63.5856
71.4854
18.1918
-91.2892
382.322
-452.458
-10.8504
11.4609
-0.610531
12.3513
132.773
-16.8459
188.54
-222.534
10.3378
203.959
-353.483
149.524
86.5208
-126.268
-283.795
17.7688
-3.45327
-16.9643
20.4176
-23.9295
37.3647
-20.3819
9.25644
11.1254
272.112
20.1251
-152.895
-167.753
320.648
12.5568
-8.55583
94.2424
-230.29
-19.9447
264.956
17.5234
-282.479
-214.713
296.505
-81.7917
-136.614
304.109
7.00258
-8.9698
3.42144
3.65559
181.836
-348.835
32.3009
-107.096
-11.4251
51.4227
-39.9976
32.9071
185.138
-218.045
-267.766
-201.128
123.447
-30.6583
261.806
-218.849
-0.834559
19.774
37.8867
-301.597
-106.838
-211.347
318.186
409.682
-2.73851
-406.943
-405.09
436.075
-180.815
338.399
-142.14
-229.799
41.9407
240.475
-146.233
3.69066
0.765351
86.4958
-0.767654
2.39753
159.781
13.6465
29.049
4.48431
-49.6878
-149.354
-143.408
-2.21637
19.6629
-21.3185
301.06
7.12221
-113.419
31.1162
-2.06725
14.5875
153.682
-229.407
75.7248
-18.2899
256.89
-94.1336
-5.40026
-3.56954
-119.276
-13.6936
-355.314
402.116
-46.802
420.668
-354.609
-66.0596
433.008
6.37862
-125.025
111.038
13.9868
-3.63691
-0.0854649
-135.749
37.0657
-50.4183
-17.2749
-11.4255
-0.308736
-27.3172
0.506153
35.1884
-49.3406
15.3773
-384.654
179.897
-388.356
139.329
-192.03
52.7012
7.09804
-7.08397
-7.08283
-7.08254
-6.42857
-7.08484
-7.08213
96.1921
-25.9212
-31.9112
32.2042
209.699
-303.937
94.2382
-55.3826
39.5675
22.8696
203.033
-225.902
148.83
-114.779
320.225
101.886
452.259
8.37841
40.251
-222.999
0.0762037
0.407944
-242.262
0.00741953
-24.3786
5.83201
5.79235
-3.18984
-65.5305
48.4066
-98.3788
17.1039
1.42983
7.24634
-8.67617
1.29643
352.903
-148.944
6.74059
38.2743
-15.6948
197.677
47.8254
-245.503
-165.446
14.9662
232.872
12.5127
45.038
-159.712
95.8194
63.8925
42.1797
-60.0281
106.432
138.352
135.79
90.0717
-104.718
389.454
-218.514
13.6509
82.9508
-228.251
355.82
-333.711
-324.833
157.08
-337.595
408.428
414.424
-343.034
-158.322
-76.777
68.3168
-83.3711
9.01942
-101.787
380.36
-278.572
204.959
-201.143
-3.81581
-59.0835
7.49291
16.6389
-24.1319
117.052
-144.913
27.8614
-2.32033
103.36
173.116
-289.876
-427.974
326.187
-58.0604
42.6954
24.2785
-304.571
280.292
-84.6247
-1.72961
408.441
-88.4951
8.19093
18.3748
-26.5658
-56.5399
41.4903
-64.0486
203.377
92.7029
14.123
-204.387
-39.7866
-119.925
-60.4427
45.1452
-106.534
254.082
-56.405
234.686
-46.1453
144.011
169.414
40.3122
-51.7373
-115.81
-101.737
-280.984
52.7335
63.7099
-74.8703
87.2942
305.743
-393.038
120.642
94.7361
-215.378
290.724
-81.0252
23.4681
24.0944
-91.0153
2.19885
-244.047
217.461
16.3213
-8.13041
51.4227
-119.998
184.639
-58.1031
43.9425
-106.628
-27.7049
4.55832
200.4
-245.96
12.1865
233.774
-54.9755
42.1504
277.95
-15.3949
-262.555
85.7825
4.50631
6.01942
-10.5257
-124.403
24.4231
172.115
167.957
-58.5192
45.5245
-2.93199
115.123
79.5636
-194.687
208.057
46.0251
-11.1866
63.6111
-71.9624
294.632
-53.814
43.6159
84.1572
50.0856
-134.243
-196.222
-57.6509
47.0116
-22.1754
-33.1769
55.3523
59.9577
-257.273
281.552
-52.1529
43.188
-91.7156
95.6461
12.9668
-5.33943
60.865
-68.3832
44.808
-52.7656
-190.376
-94.4848
73.0196
-57.911
48.5234
-152.718
-53.8401
45.7195
44.8279
-52.0265
-48.2429
40.7115
-2.83997
-3.35298
-9.49669
16.4993
-75.6328
63.1115
177.625
129.047
-306.672
-62.8605
56.4042
73.3654
223.139
-50.0183
43.061
-51.2031
44.6402
351.077
-169.241
54.4729
-60.832
-130.65
-34.7954
-3.35381
85.5031
-56.8982
0.503703
-154.451
102.567
51.8836
340.263
-405.95
-118.515
52.9386
-59.9536
-10.7335
277.95
-4.88199
-273.611
-62.686
55.7836
105.044
-54.424
47.5936
-18.358
54.3457
-51.0609
45.2448
-56.5796
264.637
-63.593
46.3774
394.916
-30.8769
216.492
-185.615
137.475
128.691
-227.784
99.0925
-68.2784
46.103
-52.6617
46.9461
-16.4739
271.539
124.056
33.9502
-7.31505
6.91915
-2.44375
44.5966
-62.2706
43.9126
180.32
90.4945
-177.744
121.715
56.0293
-132.986
-103.767
-53.006
148.825
128.532
70.3152
-198.847
0.0219264
-62.4605
47.4864
-242.137
-158.137
-61.8642
-77.9794
139.844
253.676
43.446
-7.02402
-36.422
5.08797
-76.265
90.5225
190.549
-168.207
-164.628
186.374
-296.009
140.882
-62.9331
49.0759
136.073
104.402
-70.2937
247.916
13.8895
248.894
-164.657
186.141
-21.2754
202.116
-345.734
-217.982
153.933
-232.595
13.746
-119.6
133.586
9.26492
-150.238
-272.668
179.016
117.019
-235.046
118.027
-59.9419
48.1674
-166.044
179.691
49.396
153.981
208.255
406.306
-165.754
180.541
-180.541
310.922
-8.05123
5.64012
22.9431
74.7956
-103.899
243.475
-55.9498
46.1231
378.2
-383.082
66.0726
-235.453
169.381
-220.054
170.671
49.3834
172.565
-307.248
-162.583
176.668
-130.858
-119.035
249.894
6.83963
36.6064
-0.44992
82.4649
-46.0445
234.815
-211.945
-75.1769
-63.1776
54.3277
11.3635
18.187
-29.5505
-197.429
177.307
62.4066
-236.999
174.592
-233.077
186.932
74.9955
-6.91915
4.47728
65.2198
-13.7971
-1.1113
-3.33516
-1.08804
-3.35968
-1.33901
-2.63258
1.27933
2.67468
-1.34189
-2.62918
-1.10792
-3.33622
-0.539096
-2.59348
-1.11216
-3.34297
2.05
2.50641
2.05691
2.50808
1.04798
3.45025
1.04739
3.45092
1.08073
3.46794
1.04808
3.45094
-64.5548
56.3678
174.976
-188.796
-17.3146
-178.289
175.71
346.792
-166.895
42.2821
95.3683
-276.088
293.611
58.5709
-252.536
193.965
-176.22
175.042
-216.612
187.44
-50.8064
17.6296
-158.273
169.318
-163.395
175.596
-159.156
167.502
184.065
-199.967
-89.4497
169.589
-160.324
145.528
207.375
-163.557
170.044
-161.84
170.752
171.401
-167.589
-262.267
-321.34
15.5745
-8.08159
-65.3087
310.86
-157.96
-259.935
193.649
66.2866
-168.591
194.347
-25.7567
-264.122
207.717
-185.448
170.183
181.074
-187.71
170.565
-169.893
-253.876
172.437
-172.212
116.399
-50.0682
214.111
-270.69
-179.595
173.965
173.112
-164.355
-125.102
23.0211
203.506
-277.622
295.39
-170.53
171.013
168.844
-163.235
49.7309
214.906
-169.12
168.336
-444.944
315.139
-164.273
170.183
97.5397
-79.2938
-18.2459
10.8234
-3.44123
178.338
-214.827
36.4889
-279.684
59.3262
220.358
160.13
-138.978
-120.957
-86.9829
185.323
28.8998
6.77598
2.85645
279.314
-1.36329
-332.976
312.052
-24.4688
7.8121
-281.802
197.51
186.595
22.0205
-208.616
22.3247
10.3231
132.938
267.761
-263.486
-3.73089
-305.348
305.19
-294.134
303.479
-67.6184
4.73432
-0.257041
310.763
-327.166
158.143
186.554
247.442
-433.996
175.127
370.767
294.231
-301.033
-21.1043
-236.356
-9.60414
-347.694
318.523
302.336
-300.089
-144.761
346.876
15.8094
249.306
-265.116
-31.357
-226.45
-47.3165
331.3
-283.983
-18.85
15.6601
-348.78
304.279
-294.319
293.817
-281.572
301.697
-293.873
312.065
279.314
-77.9434
-289.454
303.462
-65.5733
-64.1344
-12.1513
21.1708
179.184
11.6489
-186.781
-15.6371
-280.189
4.86843
275.32
-297.899
308.095
-296.491
299.559
-183.362
-98.4399
-62.9727
65.2198
-226.501
189.936
-37.4785
30.5034
446.617
-57.1633
-323.13
321.261
171.39
-307.318
306.314
-120.274
240.928
-383.294
310.975
72.3184
61.7094
-289.427
227.718
-305.96
298.738
-293.985
70.4611
223.524
-219.793
16.9743
3.44747
-0.814881
9.90337
195.827
-164.826
-73.3412
340.684
-133.309
-262.555
-167.422
373.104
-220.62
301.028
-348.344
327.73
-150.105
-278.84
4.91147
-0.38371
-1.98923
-290.819
203.836
161.022
317.492
-169.651
274.232
84.519
125.453
-209.972
-115.052
-237.641
352.693
66.1768
265.123
164.727
-174.789
5.46548
169.324
67.2751
293.887
-269.435
56.3655
-10.9746
200.015
173.089
101.028
38.9169
-141.465
17.4908
40.2854
-11.7007
0.463483
3.93125
-300.36
296.428
-24.4486
-44.5491
311.674
-138.58
282.067
-106.275
-195.87
-227.342
227.342
244.329
-351.336
338.687
-67.4889
-228.822
-159.534
57.7557
113.992
238.677
-121.852
-287.942
-39.3985
-218.981
-124.867
-376.094
261.97
-237.143
189.509
-284.54
218.966
38.965
153.918
-349.788
56.4271
-33.1446
-23.2825
54.7037
217.073
-96.4316
-3.86778
-162.535
19.8262
294.522
-314.348
-129.57
-341.559
407.736
-104.111
-247.239
188.438
244.742
-127.722
-93.3089
105.764
-135.954
355.372
-107.929
-259.195
183.283
-204.709
170.774
23.6893
-67.7836
44.0943
13.0859
-81.2087
-217.265
97.5397
336.073
-286.189
3.25395
-18.3169
-186.726
10.7662
-17.6695
6.90328
-73.0056
309.87
-377.359
-145.771
-113.599
-330.87
208.784
317.571
-204.391
-15.2298
-23.3508
40.9261
-92.0772
118.752
-76.4702
295.889
-354.584
-19.0954
307.444
-359.788
0.228773
0.0563094
-27.2262
-18.6532
303.918
-80.7788
-18.9524
-35.0085
103.345
-68.3365
156.053
199.319
18.0573
-20.8975
-218.944
252.522
-148.12
-335.078
0.151475
-2.71992
195.923
64.0015
-20.4607
-37.0839
-12.2567
213.211
146.833
-86.0398
-37.8902
-74.8176
298.342
-17.177
-143.86
195.77
19.9248
98.8276
191.673
-191.673
-17.1254
-117.246
10.5081
0.605318
-136.594
225.069
264.057
-160.245
373.455
-15.6465
-16.3688
-160.342
160.342
127.196
-111.611
-15.5845
273.186
15.2357
-288.422
-18.518
-86.4141
-31.0565
2.47373
121.903
-108.497
98.9085
205.233
127.196
-185.884
276.41
-3.22421
1.54505
-59.1837
191.942
-132.759
-66.3741
294.092
11.105
-2.92098
-13.5286
-14.035
-14.3131
-10.0654
-179.696
384.93
-70.9948
351.287
-17.4086
-211.172
3.74974
-90.8126
229.101
19.6694
-179.075
159.406
9.85305
190.511
-179.288
245.703
-215.744
18.1649
1.49798
-173.151
-169.045
-159.006
328.051
-12.9303
-11.9018
-26.168
-10.652
-324.523
76.6044
247.919
-79.2938
-282.31
339.574
-57.2642
-10.3272
11.1597
-0.832451
219.54
-334.592
-40.7543
219.093
74.2412
-310.597
193.335
-0.173099
28.4688
-28.2957
16.3462
-97.5274
-260.337
276.147
-7.87811
284.288
-378.063
200.142
-327.232
127.09
-9.96856
-19.6612
347.723
-73.0836
-32.8551
83.5654
-50.7103
-13.103
-26.7948
38.1583
-118.121
-209.386
327.507
-7.93765
-9.30679
239.274
42.7927
-297.416
15.1064
-10.2303
-14.348
14.0393
12.6747
-8.96545
83.2598
95.7559
-243.332
-92.5384
335.87
231.968
-14.175
-104.994
17.9918
-321.303
68.2698
253.033
121.903
-28.7359
4.80642
-170.026
-297.631
294.407
-236.688
-35.2097
271.898
-12.7306
-302.206
220.414
65.1171
246.592
-311.709
204.085
-290.125
226.679
227.264
-308.043
-14.6542
34.82
-67.675
-211.172
-11.2591
25.9206
39.7362
-68.995
-8.84891
-178.02
-145.955
11.8576
-111.611
21.7166
-5.3347
56.9704
-51.6357
-9.78388
58.079
236.013
-38.9895
54.6641
-15.6746
-2.45258
-284.888
287.34
6.68584
199.472
140.102
99.0119
-308.398
-140.254
116.569
-6.28183
-13.2384
20.097
27.6193
-99.4383
217.465
-10.4764
11.9743
192.494
-285.803
-3.56503
-18.3186
21.8837
17.7991
117.363
301.714
-69.7462
-15.5892
-239.026
-359.195
225.886
-240.311
305.428
17.1072
47.9199
-83.1184
310.383
255.185
15.9894
-14.2649
-15.4446
239.186
-365.944
-32.9636
61.403
-14.074
-6.02296
248.682
-248.316
252.247
-104.983
-152.689
256.049
-7.4169
-8.77119
-78.664
278.136
248.164
84.261
-40.1667
321.375
-74.7836
-134.45
342.921
53.2102
-46.3706
152.992
-72.4779
-39.4277
-98.121
297.353
-0.0269163
-87.6286
74.2823
-13.0075
-256.997
-100.56
357.556
356.156
280.18
234.425
-317.544
-78.8737
-242.43
31.3227
-268.011
-0.820336
214.549
-363.493
6.92679
-131.309
13.2736
182.698
-281.137
-192.738
85.0775
0.604172
-97.6305
319.503
334.893
0.919612
-10.6869
-6.93078
5.81948
-6.90022
5.81218
-7.86909
6.53008
-5.8834
-5.81948
-5.81218
-6.93137
5.82345
-7.87345
6.53156
-5.82345
-5.88339
-7.85384
7.31474
-6.57451
-6.93
5.81784
-5.88192
171.47
-277.746
43.4061
-45.4734
64.6327
-0.428028
229.82
-327.941
13.8181
-269.843
175.709
18.1799
156.727
-270.327
77.098
233.285
11.316
-321.739
57.2666
26.9945
13.7561
10.162
-317.705
306.199
10.4282
224.036
-382.358
-236.452
-75.2565
216.256
-29.6608
3.94486
-304.914
-7.81768
312.732
-32.8273
257.631
-362.613
205.55
-100.808
31.7308
69.0773
28.1228
12.2432
-268.319
4.54734
11.774
9.58863
15.0147
108.816
30.6133
46.7927
-51.4158
3.25901
-26.604
201.777
-242.653
5.77121
14.1656
270.48
14.3407
-103.106
-164.231
-3.68404
8.23137
214.569
-381.991
-205.55
1.97404
8.89981
3.21943
4.48854
165.747
154.901
203.361
28.8318
192.076
-312.309
209.203
-109.667
6.94784
146.018
-266.975
192.998
-362.239
43.3987
-325.317
332.244
-121.018
-14.0714
220.885
-290.81
-166.004
-218.318
235.293
143.891
-312.935
2.13521
-343.078
-87.8931
-41.7567
-4.81923
124.309
-287.431
163.122
1.06359
-144.646
-258.343
130.621
85.2759
38.1713
-242.124
310.394
-3.24705
310.663
-77.3786
12.4793
-1.9538
4.84752
-8.58025
-16.8162
-145.376
-2.19387
-174.929
-1.19864
1.88918
23.4635
6.98827
-3.01112
-0.530083
108.497
118.403
-22.4533
-79.3653
97.4226
-3.88468
-30.9853
277.891
-313.62
35.7291
-39.305
-312.92
8.00574
-4.73073
-268.215
10.871
-41.1525
-4.92998
-3.43744
8.36741
-0.213643
27.6945
-312.582
9.14626
-9.14626
-18.8928
133.807
-317.421
-267.891
119.771
394.879
22.4397
-0.184584
-32.9348
-139.457
188.347
-357.998
-13.7442
7.92174
97.0673
-7.2157
-248.96
280.111
-31.1505
235.407
109.748
-255.981
94.2612
-73.7671
-262.886
253.282
125.43
70.3398
-48.3681
14.2207
145.376
-0.332965
-250.955
251.288
94.6943
15.1885
-39.061
128.458
245.761
-41.6004
9.68915
174.929
247.674
-178.657
-1.74136
-295.89
218.532
-306.161
112.379
-258.15
-141.774
323.717
-84.8929
-30.2573
-281.687
-181.316
-4.68693
4.68693
237.626
-223.737
-49.7023
353.981
-76.3402
-136.354
-33.3563
67.9484
28.5582
-96.5066
99.0238
2.25363
-121.629
59.7646
30.1717
-114.796
-145.339
163.082
-255.855
10.5998
3.88585
-3.88585
71.3598
31.9853
76.6098
-94.8557
188.28
-355.175
143.602
-128.634
30.2548
-130.364
29.6408
-98.3526
4.85574
-4.85574
205.363
-364.369
3.03719
-3.03719
-188.993
10.6445
-3.87546
3.57805
67.6188
-21.2414
11.0668
68.9942
-80.061
136.088
-284.007
-3.37781
3.37781
-3.14626
21.3333
105.792
-3.0881
3.0881
187.072
-337.177
73.0957
68.3733
-4.04058
4.04058
-21.1181
299.009
316.046
-288.351
-14.4791
8.33724
-271.9
3.30138
-3.30138
3.91606
-3.91606
-3.81151
3.81151
3.51282
-3.51282
-0.75306
-3.6224
3.6224
-3.14807
3.14807
-3.52862
3.52862
95.1047
-31.9932
-143.011
23.4113
64.5947
-20.6821
12.4079
-104.123
187.976
-347.51
24.2828
-236.228
233.441
-378.803
-3.85592
3.85592
2.88841
-2.88841
68.8617
-22.7587
276.851
8.33373
-299.668
291.335
-3.41716
3.41716
82.2368
87.2831
69.0192
25.2911
-94.3103
-47.2071
-227.311
241.057
1.31926
-173.891
114.085
-42.7251
2.82974
-2.82974
66.7774
-19.291
98.2915
-243.631
3.40734
-3.40734
60.0059
-14.3665
10.8015
-2.61785
2.61785
3.44613
-3.44613
3.3294
189.576
8.29233
-197.868
2.73811
-2.73811
1.51144
-57.7306
-9.12877
-5.35034
-66.7171
-3.38305
3.38305
108.744
-3.31506
3.31506
-31.3778
99.3261
-4.30604
4.30604
0.464406
10.1305
27.3544
-84.2526
-4.11278
4.11278
-70.7573
-6
6
-86.5596
-3.3187
3.3187
23.3473
-271.269
66.4368
-17.3609
-1.35619
6.26766
357.599
21.9633
-248.413
-17.3602
19.6609
-2.30063
80.5482
-213.307
-3.87082
3.87082
-21.7993
3.18433
-3.18433
-3.90731
3.90731
0.977669
-8.37196
-82.7789
32.0686
110.738
-34.1279
-3.91473
3.91473
-8.05485
0.928773
-25.6829
94.7021
141.738
-216.059
200.47
292.796
1.61111
68.0978
-53.8771
-1.03352
1.03352
-20.8403
5.39234
-153.624
-313.298
317.521
3.08936
-3.08936
21.9422
46.1556
-3.00581
3.00581
-81.1394
131.225
-70.846
166.602
-102.127
22.7621
96.3847
39.4055
-308.408
306.667
-285.699
16.2638
-3.07435
3.07435
-278.901
-55.3148
98.7135
71.1436
-22.9762
178.765
-14.8131
-152.341
27.2111
125.13
7.74858
-226.692
-13.8789
-242.264
256.143
3.71553
-3.71553
-0.309233
0.309233
6.87237
277.416
4.10286
-4.10286
135.077
-67.6
95.2442
-27.6443
-13.8557
-2.94672
16.8024
-4.10192
4.10192
-25.4098
-5.05239
5.05239
-146.476
275.524
-102.201
26.0201
76.1806
-4.68423
4.68423
-169.718
7.40159
-268.758
261.357
-5.80832
5.80832
79.7804
230.614
262.351
13.7954
19.3081
185.863
-15.0888
-3.07179
3.07179
6.44977
-314.858
-255.485
23.3275
56.8714
-10.7483
-5.81748
5.81748
-315.32
2.32769
67.1559
254.22
0.372939
-0.372939
256.211
-307.17
96.6662
4.01803
-4.01803
-32.0179
-241.189
-170.859
33.5892
-6.08167
0.948692
315.097
273.487
-120.496
-4.31993
4.31993
-9.99124
4.92403
-4.92403
-193.384
28.558
276.189
-60.3804
6.18314
-278.083
-151.674
-60.8367
4.94973
0.371715
-0.371715
-1.73709
12.2452
-9.02336
-258.988
-294.83
11.2281
-11.2281
-167.198
-304.965
-0.114499
0.114499
182.04
-309.795
-93.2364
-86.0518
5.64012
-59.5071
7.87141
0.17886
-0.17886
64.8337
-10.5059
-293.881
17.3196
-0.212104
0.212104
-104.263
28.6208
220.885
248.328
-248.328
-142.967
-371.73
2.83122
33.7752
0.86937
-33.6976
0.314514
-0.314514
163.313
133.41
-296.723
151.811
-40.2881
113.308
-197.08
181.991
-160.438
-25.1706
-59.9947
85.1653
-278.072
295.871
-200.316
166.475
315.187
122.405
-17.8755
3.81251
-28.9227
84.3015
-255.249
-13.5098
-2.86004
2.86004
-5.75257
5.75257
-94.3774
-121.001
-2.74328
-0.794166
3.53745
-11.1922
0.191602
11.0006
-98.4619
-12.5708
70.654
184.692
143.359
159.795
27.5088
-187.304
-112.756
-98.2499
351.926
0.263193
-0.263193
-163.072
-85.1556
62.2638
-5.89594
-3.33048
6.13711
-2.80663
356.634
-107.739
48.9656
291.211
315.715
-128.93
49.7663
-11.0925
0.765263
-269.338
283.156
-115.267
-83.5431
66.4177
21.5195
47.4177
188.787
-222.144
-97.7547
325.067
-227.312
-152.485
-2.73653
173.672
-146.052
68.1454
-222.881
10.7497
-239.499
254.735
239.098
-219.79
-178.673
198.77
23.8962
-91.4962
60.798
-59.4787
199.073
-366.272
-320.647
271.407
-57.2535
298.915
-266.936
57.2145
-128.043
51.1309
-8.02615
0.259378
-0.259378
57.0527
69.0663
-96.2925
181.147
-2.29169
-178.855
-224.13
212.873
22.4193
-95.4589
56.7557
-74.1643
-6.5595
6.5595
-60.4794
71.0793
-143.648
-1.08953
181.213
8.36291
42.176
76.8656
-2.86414
130.101
-104.263
-25.8387
52.9082
-6.32132
2.68411
3.63721
-83.9791
-171.875
6.53156
-6.57451
7.31474
-5.88339
-5.88192
6.53008
6.41778
-6.41778
6.41524
-6.41524
-5.8834
6.41721
-6.41721
-77.5093
57.0486
-64.9043
51.9739
-304.525
314.114
2.45307
15.8145
-15.6626
0.398854
-0.398854
-23.3549
59.2417
136.84
7.88828
-200.626
197.133
-350.528
198.042
31.6163
-160.546
-216.108
229.864
3.33378
-80.3376
70.1073
8.21335
-8.64138
-69.1368
274.87
59.9098
-81.1511
285.518
-294.098
7.3184
-80.7924
-27.1856
107.978
-60.7589
-22.513
83.2719
-43.5415
140.542
-262.393
-186.04
197.356
-63.291
-22.7664
86.0574
46.9028
-127.475
245.878
82.7071
-25.6927
85.6024
-283.806
-64.5625
55.597
24.4019
-309.195
-3.54451
-76.5165
-80.05
273.952
-187.614
-2.87385
-6.52915
-68.8294
53.5996
16.1355
83.0611
-72.1891
104.172
-31.9828
-61.751
-289.978
69.2966
-83.9508
-27.1212
65.6144
-185.878
191.649
189.459
-186.239
-73.6335
-20.6562
94.2897
0.233128
-0.233128
0.0743362
-80.6519
-82.3834
59.6247
-365.907
77.9648
-180.143
189.042
20.4859
50.2043
-32.3545
32.1699
1.53889
30.0419
55.9848
0.538257
-212.32
16.8944
-174.592
202.101
268.045
0.213284
28.7689
-293.639
0.72854
0.119815
-0.848355
-0.15082
-70.9982
0.168608
3.22594
-0.0599767
-21.5856
1.2661
213.804
-313.769
313.239
0.269546
5.99811
-199.86
-0.364747
-194.341
-184.462
-66.6573
285.549
16.3861
5.86805
-2.78995
-3.0781
-3.70678
-0.0241023
0.00572734
-3.78385
-200.316
116.309
92.5667
71.0081
-79.7793
-117.156
299.564
120.655
152.832
16.0195
191.298
276.608
-200.004
-271.922
282.793
45.6711
61.282
-197.91
196.712
-164.727
-173.744
199.664
-209.063
205.815
11.7772
34.9084
42.35
-77.2584
80.038
-99.6993
-6.24519
8.03371
-1.9668
56.2408
6.4851
1.54861
3.82222
-271.082
17.2022
-391.472
-207.5
-100.739
308.239
30.7421
-129.204
-258.384
377.329
-118.945
0.828283
-3.91155
3.91155
-11.0759
-0.116304
-85.4035
-145.165
-2.96756
3.95898
-0.644942
-230.034
-368.233
-63.1248
287.16
-224.328
-101.573
325.901
-0.990978
0.215576
-0.215576
0.193264
160.359
-74.3719
179.867
-198.76
153.922
244.79
221.707
-115.944
77.1988
262.077
-0.719794
-267.981
283.97
4.6074
13.1535
-20.092
-245.024
-5.41661
-272.666
-27.4048
0.141254
-0.141254
10.2245
-342.817
84.4823
-8.08926
-76.393
-25.8521
-78.8291
2.43061
285.889
-269.626
-154.825
-1.17788
-0.808513
0.19602
-12.522
-264.404
-118.827
84.385
39.8512
0.0835473
-0.20774
0.20774
-0.0685427
166.559
-205.864
-252.834
135.678
5.43579
-5.43579
-132.789
254.171
52.5929
-73.4904
223.931
-322.843
43.2292
-89.2737
-294.06
209.97
-188.253
-17.8048
0.458659
1.62332
-206.015
55.5227
-74.475
-83.0279
308.914
54.7589
-73.2769
24.6261
13.8855
0.000941777
-138.485
49.5541
-109.549
-286.306
298.55
-1.12409
-212.943
165.736
-35.1969
-143.879
-106.631
10.9065
53.9159
-70.2847
-80.001
69.495
-0.769932
0.063706
220.933
-30.3592
65.4963
74.3473
-132.916
65.5515
296.059
0.919023
130.293
54.3425
-68.3775
244.876
-308.462
21.698
-92.6962
6.81617
-12.5985
94.8353
252.456
363.537
-340.413
199.972
-186.699
0.672828
121.544
-384.028
214.31
-277.517
4.8507
-0.301899
225.356
-237.405
359.616
67.6726
11.7283
-79.4009
349.603
-34.5062
198.641
-170.083
184.367
-180.422
-156.574
-102.661
47.3465
27.89
-172.31
-17.2953
258.504
-241.209
46.9237
-105.977
59.0533
51.4765
-60.7833
-24.7091
-59.5435
221.803
-237.125
14.0746
7.25872
28.0204
-95.2992
67.2788
-12.3378
95.751
3.42144
226.946
-129.879
14.6321
-278.237
-180.4
182.374
-295.131
309.296
0.293359
7.84788
33.5989
244.222
3.60445
-3.60445
-46.1537
-20.4863
-93.6541
-8.47329
-0.057201
0.905131
0.620352
-1.52548
-183.623
190.571
238.253
84.6038
81.9982
-0.828536
57.1804
189.341
-349.779
-67.3467
7.86801
-12.4243
17.2686
-10.7044
325.527
10.9169
-13.2372
-143.234
160.341
333.789
-0.435143
3.18536
-1.95509
-1.23027
62.397
-69.271
59.4872
-32.4337
-15.9344
55.3076
-3.15026
15.0781
213.075
-156.345
-27.898
-19.9962
-176.931
-23.7241
18.4629
10.1982
-19.3445
-0.0513212
-0.0413929
57.2967
-2.78995
93.6646
-14.7161
25.9442
-318.813
315.801
-25.5094
-25.8592
340.777
355.791
-20.2484
-26.8875
22.879
-86.6616
115.999
-2.80663
-153.087
163.515
253.756
-19.1538
0.0253834
-4.71231
80.4913
-23.1946
84.2548
64.1181
-10.5618
60.093
137.832
15.4693
70.5881
-0.994953
-66.3196
-7.5694
11.4113
2.68411
-36.4303
-53.277
-0.806927
-0.00381472
150.511
-146.022
1.12153
-35.2062
-1.86942
74.9046
-68.2187
-3.56954
-19.3523
81.2994
-107.467
164.839
13.4802
-19.1689
-2.21303
2.45307
-184.547
3.23093
8.0771
7.60678
-68.7465
2.43061
17.5726
79.1316
18.8976
27.1966
-46.0942
84.2301
57.0868
198.309
-269.066
57.6922
158.564
0.898462
-171.546
-12.3125
-285.971
-4.74572
-2.87385
-20.6467
35.8676
4.71231
1.28768
59.2955
50.1222
-26.1209
-24.0013
-37.5278
-13.8805
-103.01
48.4039
-70.8628
-51.9528
-18.9101
-39.4935
-37.7649
23.2348
-0.158295
0.356939
2.23172
-88.1174
-139.93
-34.5203
-2.48755
-0.472803
212.486
-23.5541
-3.04981
-4.02371
-8.45507
-86.6888
-197.395
2.06808
-15.709
-192.907
-2.06808
-147.276
-0.0262508
193.084
-3.11022
2.07668
55.172
-52.9201
-2.77245
2.77245
-2.07668
4.07498
240.315
37.9559
-123.112
-402.467
70.2328
-13.2863
82.383
2.57263
-3.07441
0.501773
-231.46
-164.346
-1.70817
1.70817
43.8798
-7.39952
9.65422
-176.109
-136.827
-1.62271
1.62271
-20.8609
-299.357
260.296
-21.603
0.867232
-0.867232
1.15817
-1.15817
0.746546
-0.746546
-1.26506
1.26506
-1.03636
1.03636
-1.27044
1.27044
-1.26651
1.26651
-1.15633
1.15633
-1.09236
1.09236
1.14325
-1.14325
1.28293
-1.28293
-1.0354
1.0354
-1.27814
1.27814
-1.16987
1.16987
-1.2781
1.2781
1.27209
-1.27209
1.15641
-1.15641
1.18734
-1.18734
-1.19275
1.19275
1.09809
-1.09809
1.15708
-1.15708
-1.09071
1.09071
1.14574
-1.14574
1.14461
-1.14461
-0.862906
0.862906
1.28275
-1.28275
-0.74605
0.74605
1.16086
-1.16086
1.1447
-1.1447
-0.73726
0.73726
-1.38796
1.38796
0.85732
-0.85732
1.18883
-1.18883
-1.19272
1.19272
1.27782
-1.27782
1.24033
-1.24033
-1.25129
1.25129
0.746419
-0.746419
0.738427
-0.738427
-1.28329
1.28329
-1.04204
-0.798656
0.798656
-0.867311
0.867311
-1.18503
1.18503
-0.738428
0.738428
1.12058
-1.12058
-1.25151
1.25151
0.740889
-0.740889
-1.24012
1.24012
1.13739
-1.13739
-1.18488
1.18488
1.1374
-1.1374
1.25101
-1.25101
0.859875
-0.859875
-0.897265
0.897265
1.29643
-1.24027
1.24027
1.13734
-1.13734
0.860495
-0.860495
-1.16984
1.16984
1.15312
-1.15312
0.86005
-0.86005
-1.00951
1.00951
-1.33071
1.33071
77.5194
8.81824
-1.71794
110.081
90.4949
54.5117
-46.19
-0.4415
1.34663
0.613282
-12.9589
12.3456
-56.6436
298.504
-12.986
289.03
-280.953
-35.2867
27.4293
101.628
-46.7387
15.9154
-2.02178
15.3623
-252.001
194.271
147.935
-3.11022
-5.43811
17.5117
81.0013
53.7765
57.3908
-300.517
120.895
187.344
-11.2903
11.2303
2.07379
16.1058
184.294
-2.07379
-2.15944
60.6223
-64.5213
-91.2481
130.639
-2.05952
1.80933
-120.722
-1.80933
52.9703
-34.0727
2.02178
0.83826
23.1328
2.02823
57.2673
-364.252
1.75198
2.05952
-0.0175522
110.569
2.0794
41.0822
140.218
0.191114
296.604
4.31075
0.00918048
-4.31075
62.5736
-6.97656
1.21624
-24.7704
2.83997
2.85121
84.3156
187.582
-2.94143
28.5385
274.663
2.8965
-22.2223
-13.0644
-2.8965
175.041
-0.547895
0.521644
-238.79
-132.798
0.312517
186.751
-34.0522
-219.824
-242.456
-181.805
255.545
-269.055
67.8725
-187.315
182.584
6.77535
22.6917
-303.645
27.7017
-7.44756
302.403
181.003
-64.4199
2.25691
-42.516
-62.4604
45.0044
-0.54649
-248.65
60.915
-37.773
57.5364
62.5348
-1.51677
1.11791
89.0663
54.6359
-150.38
31.8821
-12.9022
111.926
-88.2454
-212.662
-7.43254
59.4065
-87.7001
-50.3255
81.9029
275.84
-88.4957
-190.588
69.5869
-0.173402
83.588
-75.4678
-16.5875
-2.24033
0.285244
-183.998
236.655
165.779
-182.625
275.412
-42.4387
185.85
0.7568
-0.7568
-2.75096
29.7943
4.42376
-4.42376
76.0214
-36.0817
35.1632
-151.37
-0.85017
65.8668
-292.885
21.7586
-1.27272
-23.5067
-56.1389
-1.06428
10.6448
73.0049
0.790271
-0.498276
187.814
-2.49034
56.0899
-3.5909
-8.60589
-175.627
-302.841
272.584
42.5218
-131.08
102.185
-12.5456
0.078674
0.046985
-0.125659
49.0486
156.767
-83.0502
7.71218
16.3235
-17.152
94.8383
-162.546
-228.927
-2.61653
3.53555
-13.6879
-7.03769
-385.616
277.877
49.7445
249.265
46.6501
236.143
67.9691
41.6708
114.937
-375.082
190.621
69.4866
23.0801
-96.5284
-10.1027
-1.34754
-2.25691
-3.46089
0.483928
2.97696
-0.407572
158.49
-60.7267
68.5947
-91.8198
71.5714
67.472
-2.0794
329.551
46.6753
-4.53736
-137.719
262.122
50.6101
-14.195
19.2711
139.013
-214.433
18.1005
95.4166
-72.3365
30.6094
-17.4695
1.62141
15.848
-0.573908
290.012
-58.1876
-0.85017
34.0602
-243.775
-81.9981
264.52
14.0484
-0.425818
-1.32157
7.91881
-8.28356
-88.3804
-38.9296
-72.0681
18.1874
11.6069
30.5412
-16.0329
-228.45
-0.477139
-9.88483
-34.886
183.495
16.0598
302.814
-34.3768
36.405
3.40465
28.0405
-78.7805
2.05337
-194.96
-141.397
101.575
-2.49619
-0.276258
-9.9169
-14.4249
-10.6458
263.142
-230.549
-6.89657
-4.25685
-8.06432
60.3348
70.1408
-25.5809
-2.88685
-101.521
-100.119
156.189
-132.169
94.6412
-189.371
163.252
56.6389
-18.8598
112.451
-258.994
0.12277
0.124493
-0.114029
-0.107974
-0.115756
-0.108264
0.0282223
-0.0812031
-238.755
55.5416
-0.905675
165.572
-157.209
-5.5706
-19.2028
22.4116
160.172
-60.5522
-14.9156
-6.42495
-0.379287
0.376674
31.823
-198.667
2.56696
206.045
0.457806
28.8227
25.2799
-0.405249
31.4788
-40.2329
-41.7652
326.022
-30.0101
275.697
-32.5931
46.7881
-1.67551
-2.22707
152.882
0.363349
-42.1961
320.073
-257.247
271.879
-20.3906
32.7653
295.426
-29.7074
-16.3957
-8.26342
0.784591
232.949
-85.9254
58.2811
8.81928
-0.359535
-0.117605
-1.11959
12.4218
108.591
6.34132
0.872938
-4.11713
-8.17987
-7.30694
-2.08308
-22.0382
0.239334
7.02347
-10.5252
51.8824
-91.3101
73.2831
-13.6596
33.029
-1.21636
)
;

boundaryField
{
    frontAndBack
    {
        type            empty;
        value           nonuniform 0();
    }
    bottom
    {
        type            calculated;
        value           uniform 0;
    }
    inlet
    {
        type            calculated;
        value           uniform -2000;
    }
    top
    {
        type            calculated;
        value           uniform 0;
    }
    outlet
    {
        type            calculated;
        value           nonuniform List<scalar> 
14
(
1999.98
1999.99
1999.96
1999.97
2000
1999.97
2000.02
2000.04
2000.03
2000.03
1999.96
2000.01
2000.04
2000
)
;
    }
    car
    {
        type            calculated;
        value           uniform 0;
    }
}


// ************************************************************************* //
