/*--------------------------------*- C++ -*----------------------------------*\
  =========                 |
  \\      /  F ield         | OpenFOAM: The Open Source CFD Toolbox
   \\    /   O peration     | Website:  https://openfoam.org
    \\  /    A nd           | Version:  7
     \\/     M anipulation  |
\*---------------------------------------------------------------------------*/
FoamFile
{
    version     2.0;
    format      ascii;
    class       volScalarField;
    location    "25";
    object      p;
}
// * * * * * * * * * * * * * * * * * * * * * * * * * * * * * * * * * * * * * //

dimensions      [0 2 -2 0 0 0 0];

internalField   nonuniform List<scalar> 
7639
(
0.22372
-0.00143481
0.435948
0.263399
-0.00129716
-5.68432e-05
0.4433
-0.00781396
-0.000182682
0.11014
-5.33913e-05
0.00355489
-0.0116456
0.0545714
0.114829
-0.0153489
0.238184
-0.015135
0.00150039
-0.0670918
0.0721127
0.00233506
0.0403676
0.216753
-0.0195908
0.239312
-0.00119828
0.0675466
0.180606
0.00356262
-0.020734
0.701531
0.0395786
-0.000730102
-0.000159114
0.0898282
0.00405917
0.427554
-0.00663543
-0.000510764
-0.00607735
-0.0147436
-0.0681752
-0.0651588
-0.000305246
-0.000124639
0.00229238
-0.00685172
-0.000103163
-0.0665258
0.00534898
0.0640891
-0.0245914
-0.00426984
0.0889963
-0.00697412
0.0016489
-0.00780358
-0.0316051
-0.000760072
5.93519e-05
0.00685072
0.0549418
0.0039243
-0.00145762
-0.0203369
-0.000147057
6.0396e-06
0.0114888
-0.00642992
-0.000114481
-0.0540667
-0.018961
-0.0316591
-0.0146527
-0.0443856
0.428411
0.070787
0.0472112
-0.0587941
-0.0111753
0.394607
0.102769
-0.0331137
-0.00216546
-0.00340701
-0.00834992
-0.0238789
-0.000987442
-0.00660201
0.184545
-0.0894586
-0.000202762
0.00172199
-0.00526377
-0.032658
-0.0515206
-0.00121815
-0.00238333
-0.0017353
-0.0534231
0.0545583
-0.00499376
-3.05732e-05
-0.0888005
0.186348
0.602876
-0.00741251
-8.6884e-07
0.0358745
0.24665
-0.0454285
-2.30588e-06
0.0380132
0.187377
0.000682843
-0.0608295
0.148776
-0.0393065
-0.0324223
-0.0553366
0.375901
-0.0654637
0.0150527
-0.0540286
-0.00145286
-0.0186882
0.00287554
-0.00153923
-0.0208749
-0.135015
0.0498119
-0.000913816
-0.00116322
-0.0342289
0.239254
0.477397
-2.63274e-05
0.0119819
-0.0684273
-0.030025
-0.0468014
-0.0447974
-0.0304451
0.609671
-0.0199639
0.181465
-0.0308355
-0.0411787
0.374703
0.0858665
-0.0751531
-0.00226166
-0.0129529
0.102466
0.390936
-0.0506277
-0.011596
0.564322
-9.3501e-05
0.000792956
0.225135
-2.88816e-05
-0.00311565
-0.00592275
0.284216
0.284747
0.587979
-0.00352406
-0.00461525
6.93209e-06
-0.0571954
0.00067376
0.00513998
0.0130259
-0.0406769
-0.0682776
0.106075
-0.000201514
-0.00076463
0.267214
-9.31879e-05
-0.000171156
0.444528
-0.00715436
-0.0377071
-0.0370806
-0.0300171
-0.0230812
-0.0670101
-3.14668e-05
-0.0498722
0.107597
-0.00503943
0.0001093
0.175349
-0.00187987
-0.019648
-0.0220493
8.2653e-06
0.00139057
0.247733
0.143204
0.395268
-0.0551559
-0.0413775
-0.0990689
0.0736927
0.246431
-0.000327236
5.24889e-05
0.569742
-0.0130959
-0.000949152
-0.0477891
-0.0195631
0.351053
0.361292
-0.0510112
0.664208
-0.00174408
-0.0148525
-0.0546905
0.0875566
-0.0827203
0.171943
0.565775
9.50949e-05
0.0158133
0.159244
-0.00625572
0.144893
-0.000837773
0.6303
0.382949
-0.00829292
0.00421282
-0.000474089
0.0583607
-0.000145917
-0.00958311
-0.0649816
-0.000114085
-0.00205845
-0.000664309
0.147992
-2.90602e-05
-0.0068524
-0.0573816
0.700776
0.0428563
0.613413
-7.02328e-05
-0.0244445
-0.000291373
0.411433
0.00657807
0.478326
0.00202654
0.00117317
0.00500686
0.0768928
0.000925576
-0.000356008
0.000821392
-0.00659631
-0.0383872
-6.56485e-05
-0.0489895
-0.00564416
-0.000222447
-0.000982936
0.45479
-0.0116137
-0.00119837
0.666741
-0.00226301
0.23996
-0.000324408
7.89258e-05
1.16622e-05
-0.0353619
0.0842413
-0.0651334
-0.0319005
-0.000646052
-0.0599415
-0.0223909
-0.000282089
0.000794165
-0.00338897
-0.0112113
0.00480151
-0.00193183
-0.0316955
-0.0339391
-0.0312741
-0.0552146
-0.039037
0.369636
0.387929
-0.0023317
-0.108522
-1.14561e-05
-0.00369568
-0.0328276
0.210463
0.115388
0.000151663
-0.00340797
-0.0380046
0.166945
-0.00156368
0.00585784
0.00197768
0.00660675
-0.122984
0.336444
-0.00249083
-0.00501067
-0.00018099
0.00659505
-8.33534e-05
-0.0251693
-0.000544538
0.00607644
-0.153944
-0.0393796
0.00219625
0.0142679
-0.00115879
0.0305442
-0.0115225
0.0697407
0.154432
-0.123986
-0.0638546
-0.0229605
0.00833233
-0.0633735
0.599981
-0.0574795
0.0471961
0.651094
-0.00240324
-0.00273211
-0.0752764
-0.00171189
-0.0167787
0.0103182
-0.00436322
-0.00324982
0.167064
-0.000109042
0.000884701
0.000121706
-0.00529694
-0.0107966
-1.38135e-05
-0.00172479
-0.0303571
0.561078
0.00316489
-0.0128352
0.525736
0.328421
0.0618541
-0.0994014
-0.0577322
0.00804275
0.273082
-0.0163321
0.294458
-0.0268545
-0.0749416
0.152349
0.294065
-0.0462206
0.107862
0.160444
0.257836
0.0715377
-0.00474129
-0.0065339
-0.000140252
0.00343863
-0.0166554
0.00155851
-0.00017054
-0.00252845
-0.0594566
0.0507488
-0.0241405
-0.00435926
-0.00588257
-0.0056404
-0.010687
0.00276308
0.123672
-0.00294375
-3.54837e-05
-8.92724e-05
7.56952e-05
-0.028959
0.1623
-0.00621457
0.043756
-0.0894141
0.418491
0.00523134
0.0109765
-0.00788958
0.438051
-0.0016683
0.329116
0.185654
-0.00018609
-0.0289243
-0.00512114
-0.0451606
0.000910294
0.0713304
0.00483867
0.0101781
-0.00134897
0.131409
0.172364
-0.0438517
-0.0305178
-0.0035982
-0.0241615
-0.00247349
0.689078
-0.0547123
0.0072613
-1.35896e-06
-0.0191218
-0.00355805
0.0279969
-0.0746791
-0.108184
0.453461
0.152116
-0.0913754
0.183422
0.427825
0.0441774
0.00191889
0.278996
-0.00142866
-0.000293256
-0.0245511
0.000137832
-0.106768
-0.000951497
-0.032263
0.00307776
0.185182
-0.00278961
-3.8682e-05
-0.0787671
0.00278971
0.0104309
-0.0516097
-0.06706
-0.110328
0.161345
0.132497
0.13644
-0.000328241
0.0392694
0.0765213
-0.000839143
-0.023287
0.000978433
0.00808476
-0.00481151
0.00767742
-0.0012361
0.0653113
-3.15037e-05
0.000317553
0.00318577
-0.029922
0.0321533
-0.0304932
-0.0347244
-0.0353611
-0.0903204
0.00852814
0.267679
-0.126709
-0.00999786
0.638298
-0.0507368
-0.0113191
-0.0347006
-0.00942249
-0.028247
-0.0148379
0.0426483
-0.0655016
-4.17073e-05
0.0374229
-0.00015394
0.377974
0.0107167
-0.00741497
-0.0198407
-0.000301499
0.396595
0.329028
0.0214137
0.0462376
-0.0538436
0.493039
-0.000101261
0.0220989
-0.0249949
0.11731
0.592475
-0.0148453
0.148944
-0.00312619
-0.000325567
0.0328063
-0.124223
0.416065
0.0145567
0.232127
-0.0105353
0.428511
0.310862
-0.0132371
-0.0112734
0.0207926
-0.0681721
-0.000136055
-0.0183462
-0.0658584
-0.0562959
0.0179112
0.0146849
-0.000201343
0.329973
-0.00187066
-0.000165431
-0.0300341
-0.000780895
-0.000356953
0.00505987
0.212099
-0.070864
0.550032
9.80939e-05
0.205982
-0.0242577
-0.000121558
2.83224e-05
0.177531
0.208867
-0.00612079
0.19249
4.02153e-05
0.202892
-0.12318
-0.0138387
0.450479
-0.0458794
0.0388972
-0.0332929
0.197984
0.202283
-0.0225648
-0.028317
-0.00898571
-0.00432104
-0.000318987
-0.00204096
0.275679
-4.35482e-05
0.197792
-0.0695026
0.354066
0.18813
-0.0671429
0.532314
-0.00244885
0.00595346
-0.045388
-0.0270521
-0.00952701
-0.0272241
0.0349727
0.628893
6.68193e-05
-0.00288295
-0.0440255
9.40022e-06
0.38505
0.00283576
8.94729e-06
0.000303192
0.000601032
-0.0239837
0.0269377
-0.00232694
-0.000135842
-0.0100864
0.00348232
-0.0805337
-0.061987
0.0327867
-3.4792e-05
-0.108065
-0.0179334
0.0367376
0.351012
0.00175364
0.0630944
0.000239813
-0.0172081
0.0995023
-0.00955454
0.224532
-0.0176476
0.0254526
0.103175
0.146793
0.00639952
-0.0141658
0.15414
-0.0654356
0.41801
-0.0127968
0.247791
-0.0127226
-0.00174112
0.142119
5.27081e-05
0.0945172
0.00292524
7.80703e-06
-0.0853897
0.118477
0.00219548
0.0439834
-0.0167785
-0.106815
-0.000444107
-0.0315502
-0.00250809
-0.0121019
-0.0581268
-0.0355655
-0.0133884
-0.000229516
0.444581
0.0662779
0.043296
-0.000305483
0.311263
5.93768e-06
-0.000281412
0.082934
0.0009847
0.094942
0.0662697
0.0252721
-0.0459101
-0.0906946
-0.0974376
0.00201574
-0.0503792
-2.96602e-05
0.00543806
0.216007
-0.0215529
-0.00413974
-0.012859
-0.00291962
-0.000620806
0.653291
-0.0135023
-0.000834133
-9.00272e-06
0.147111
-0.0374384
-0.000501208
-0.00409417
0.170401
0.0804849
-0.0456054
1.94515e-06
0.190204
-0.0214671
0.17694
0.0251137
0.030833
-0.0374561
-0.000146395
0.100694
0.0703149
-0.0685569
-0.0649938
0.278791
0.00930636
0.144772
-0.00409206
-0.0286855
-0.000596367
-0.00276157
-0.000163775
0.162946
0.209158
-0.00221721
0.028045
-0.0227778
-0.0540802
-0.0596163
-0.0027633
0.0202766
0.620552
-0.0668681
-8.50473e-05
0.0812675
-0.00564229
0.526176
-0.0166434
-0.0164763
-0.00556742
-0.0189376
-0.0101512
-0.0107166
-0.0052434
0.00226366
0.027655
0.000161557
-0.134571
-0.0598828
0.359587
-0.0439397
0.106153
0.00311833
-0.0450297
-0.0180788
0.221294
-0.0101219
0.000162474
-0.0210433
-0.00780956
0.0236876
-0.0340441
-0.0294594
-0.0416279
-0.0193577
-0.00964019
-0.059898
8.37385e-06
0.0412615
-0.0526951
0.0819255
-0.0536861
0.0943484
-0.0661622
0.308241
0.00404872
-0.0386215
-0.0204777
0.558291
-0.110434
-0.0174054
-0.0847015
-0.0357939
-0.0788507
-0.04878
0.148189
-0.00411875
0.266196
0.0133901
-0.000595639
-0.00184032
0.0724252
0.708381
0.00156051
-0.0248991
0.178703
3.39666e-05
-0.0271418
0.0399852
-0.00852626
0.0135916
-0.00244999
-0.0356575
-0.00459495
4.36069e-05
-0.043761
0.246292
0.00151868
-0.0219177
0.00287613
0.177965
-0.00057936
-0.00186091
-0.000544355
-0.00118431
-0.0451839
0.00042568
0.00377447
-0.0235128
6.73604e-05
-0.0881314
-0.123972
-0.0961845
-0.0207546
0.0220568
-0.000323417
-0.017236
-0.0563519
-0.0484014
0.357202
-0.00191013
-0.0604865
-0.00696045
0.00724175
0.116332
0.000665288
-0.000239605
0.0253756
-0.0495595
0.0214884
-0.00439654
-0.00308832
-0.0522257
-0.000268695
-0.00247549
-0.0178008
0.307181
0.240333
-0.0399664
-0.0512751
0.0110051
0.00479569
-0.0415835
-0.0582238
-0.016673
-8.72438e-07
-0.0356023
-0.0320085
-0.0631294
0.00432709
-0.0488131
-0.000606283
-0.00443844
0.192134
-0.0360179
-6.31141e-06
-0.00418207
-0.0991802
-0.000253058
-0.0209425
-7.76646e-05
0.00561597
-0.0787465
-0.0384327
-3.44619e-05
4.58457e-05
0.127146
-0.0435463
0.400783
0.238018
-0.0294478
-0.000896939
-0.016073
0.000328923
-0.126662
-0.0735126
-0.0911161
-0.0213514
0.213915
0.0106918
0.000410746
0.00704922
-0.0948632
0.00295902
-0.0258045
-0.054659
0.00130973
0.0238344
0.0709939
0.00984981
-0.0290819
-0.0621401
0.187764
-0.0310486
-4.47e-07
-0.0830042
-0.0584314
-0.0370399
0.00547324
0.00113721
0.00866506
-0.0775964
0.0343392
-0.0338253
0.0838434
-0.0435053
0.00798794
0.0208291
0.0127869
-0.0344555
-0.115256
-0.000157844
0.145673
0.207294
0.0087151
0.130755
-0.0611914
0.0475969
-0.0436747
0.198157
0.099277
0.613336
6.40513e-06
0.0906865
0.167833
0.016383
-0.00170154
-0.0185028
-0.0495254
6.32812e-05
-0.0184972
-0.0458483
-0.020208
-0.0222478
0.000194039
-0.107904
-0.000436842
-0.00101315
0.240928
0.00700676
-0.0391464
0.0217005
0.206348
0.0114399
-0.000463286
-0.0960176
0.00862736
0.377177
0.00146141
-0.0477482
-0.000262195
-0.000640279
0.00718889
-0.0507305
-3.75396e-05
-0.0112424
0.0299358
-0.00222767
4.55485e-05
-5.62657e-05
0.149924
-0.0462784
0.00741578
-0.00127386
0.00938721
0.0172179
0.0091999
-0.000340518
0.334729
-0.0862804
0.218695
0.279271
-0.000245598
-0.0446429
0.0913493
-0.000889971
-0.000309698
-0.000500165
-0.0242285
0.0137736
-0.0129961
-0.0209597
-0.0576601
0.165738
-0.0817916
1.43357e-05
-0.0195979
-0.0188525
-0.0348356
-0.00480759
0.00655861
0.00141412
0.0298133
-0.000594128
-0.000272796
-0.0176398
-0.00473932
-0.024901
-1.82725e-05
-0.0150993
0.0353834
-0.0301315
-0.0325778
-0.00896878
-0.0120445
-0.00945878
-0.00570813
0.00712346
-0.00976838
-0.000122025
-0.000464446
0.0243621
-0.0125172
-0.00541222
0.00920055
0.00268351
-0.0952999
-0.0113956
0.153544
-0.0128774
-0.0497286
-0.0247366
-0.0227639
-0.0158152
-0.00413491
0.00248696
-0.00387955
-0.0142291
-0.0163244
0.176763
0.129555
0.0452104
0.348982
-8.35751e-05
-0.00366013
-0.0166327
-0.008424
0.0541291
-0.0203719
0.0393264
-0.00474327
0.184365
-0.00214784
-0.00180339
0.0117998
-0.0190886
-0.000251311
-0.0222118
-0.00641612
-0.0209381
-2.34346e-05
-0.00721212
0.00221539
-0.0177299
0.0311742
0.0376565
0.0205452
-0.014246
-0.0310686
0.114039
-0.00142005
-0.00217025
-0.00233419
0.520327
-0.000102639
0.0641184
-0.021306
-0.0205578
-0.0262416
-0.03986
-0.0284098
-0.033595
-0.0184966
-0.00502409
-0.000112071
-0.00467608
-0.0217756
0.0973766
0.00188224
0.0854431
-0.0323549
-0.0135186
-0.00102227
-0.0286055
-0.000117916
0.144921
-0.0298371
-0.0260385
-0.023825
-0.00436372
-0.0325251
-0.00185939
-0.0394107
0.100458
-0.0256872
-0.0640007
-0.00161657
-0.0267919
-0.0186269
0.016686
-0.00355012
0.139421
-0.00264198
-0.0192618
-0.000753124
0.157062
-0.0379082
-0.0262606
-0.00356416
-0.0100958
-0.00303033
0.157636
-0.00114712
0.130481
-0.00531224
-0.000909796
-0.00139393
-0.00256283
0.1045
-0.05678
-0.007368
0.000377095
-0.00832603
-0.0130722
-0.00100329
-0.0155168
-0.0159016
0.0585411
-0.00539317
0.00423784
0.513685
-0.0579044
-0.0284577
-0.054391
3.89021e-05
0.0761103
-0.00387834
-0.0266541
-0.00609232
-0.0349083
0.0045679
-0.000596958
-0.00318422
0.00361283
0.1975
-0.00634384
-0.00197053
-0.0050554
-0.0506398
-0.00892251
-0.0221584
0.00473683
-0.00933793
-0.00962327
-0.00358888
0.199029
-0.0443031
0.00355153
-0.00462128
-0.0273386
-0.0147087
-0.0473129
-0.00155248
0.0902182
0.0244434
-0.00843559
-0.00190804
-0.0142488
0.534918
0.198827
-0.0119492
-0.000642863
-0.00262371
0.00200512
-0.00434408
0.0223946
-0.000463775
-0.0174818
-0.00217122
-0.0174787
-0.140844
-0.0011787
-0.0121638
-0.00149455
0.320725
-0.00696966
-0.0123612
-0.0426798
-0.00212237
-0.029666
-0.0363367
0.46576
-0.0113741
-0.0120417
-0.00232766
-0.000518962
1.49191e-06
-4.48063e-06
-0.0107529
-0.000741662
0.0670273
-0.000746344
-0.00199861
0.00894614
-0.000288103
-0.0427786
-0.0542816
0.0186347
0.0414015
0.0279655
-0.035917
-0.0416407
0.0890037
0.0704667
0.0950417
0.120599
-0.0135978
-0.000950155
-0.00635539
-0.0598817
-0.00384876
-0.0156581
-0.0386318
0.312323
-0.0476977
-0.000537154
-3.43899e-05
-0.00161662
-5.70572e-07
0.00890913
-0.000622397
-0.00508322
-0.0457094
0.000600243
0.00287601
-0.000244745
0.0539051
-0.0160232
-0.0463343
-0.00134331
0.329803
0.237617
-0.010676
-0.0677807
-0.0277815
-0.0242441
-0.0150207
-0.00206248
-0.0680475
-0.0329969
-0.0410164
-0.108663
-5.76922e-05
0.17122
-0.0170421
-0.0102285
-0.0305088
0.0201291
-0.000592115
-0.00892975
-0.00149967
0.012697
-0.00169474
0.127812
0.000387842
0.0109809
-0.000461414
-0.104164
0.00963483
-0.000849671
0.00560798
0.000452959
-0.0324984
0.103825
0.000983767
-0.00158683
-0.000140738
-0.000639476
-0.000562143
-0.0568593
0.122736
-0.0309354
-0.000300201
0.00952372
-0.000510454
0.226406
-0.0560196
0.231329
-0.0414216
-0.000501184
-0.000320669
-0.00782565
-0.00609131
-0.000701679
-2.05919e-05
0.0262475
0.0302817
-0.000264171
-0.000373022
-0.0201178
-2.47896e-05
0.165188
-0.00102646
-0.0496433
-0.019451
-0.00682924
-0.0519694
-0.0569622
0.14903
-0.0217053
-0.0205859
-0.000352696
-0.0529079
-0.0210154
-0.0253087
0.0311064
0.354455
-0.00129048
-0.0552937
0.0121128
0.29518
0.0403541
-0.00013385
-0.00648688
-0.00441101
-0.00534768
-0.0451906
0.0810942
0.000197115
0.0158407
0.00324143
0.0615346
-0.000579072
-0.000137759
-0.0902908
0.263158
-0.0512026
0.123907
-0.00139681
-0.00022577
-2.70017e-06
-0.0775061
-0.0398566
-0.000380216
0.0844254
0.0121922
-0.00576114
0.426867
-0.000438373
-0.00401068
-0.0549636
-0.0267198
-0.00249046
0.132953
-0.0567931
-0.000185365
0.0111555
-0.000195811
-0.000113143
0.127328
-0.00154069
-0.000503441
-0.04828
-0.0246512
-0.00379624
-0.0320246
0.00262533
-0.022967
0.00180741
-0.00379098
-0.0596379
-0.0366955
0.0149593
-0.000987389
0.147536
0.205802
-0.0866997
0.0100404
0.020429
-0.0046296
0.164336
0.0921015
-0.027634
-0.000181554
0.0103587
-0.0513357
0.00993957
-0.0277783
-0.00230122
0.0376508
-0.027436
-0.000153323
-8.26419e-05
-0.0382863
-0.0258013
-0.0258275
0.0102968
-0.0210592
-0.0422049
-0.000171652
-0.00152917
-0.000232412
-0.0334688
-2.68244e-05
-0.00211266
-0.0445135
-0.0847629
0.0480169
-0.00323847
0.00456777
-0.0215377
-0.0253335
-0.000144122
-0.0436194
0.0265624
0.155154
2.55232e-05
-0.000124596
0.158218
-0.00274195
-0.0755575
-0.0385675
0.00369843
0.00052241
-0.0620989
-0.0329384
0.162324
-0.0523184
-0.00160706
-0.0102503
-0.049497
-0.00064001
-0.000268271
-0.000993162
-0.029195
-0.0480093
0.0967529
-0.00023452
0.5372
-0.0598693
0.000126181
-0.00106764
0.000274064
0.000313687
-1.61673e-05
0.000149943
-0.049347
-0.000795209
0.00047311
-0.000221043
0.138787
-0.00614655
-0.000215451
-5.04963e-05
0.34993
-0.0216855
-0.0528985
0.00123351
-0.000797273
0.0512932
-0.000110063
-0.0136988
-0.129166
0.00238475
-0.00702918
-0.000107902
-0.000229749
-0.0302448
-0.058234
0.00789127
-0.104052
-0.0606795
-3.13024e-05
0.0228123
0.0342594
0.107669
-0.00187263
-0.000174651
-0.0525961
-0.00652282
-0.000552074
-0.0464037
-0.000153358
0.035275
-0.000100183
-0.00138916
-0.0674406
-0.00232059
-0.0543245
0.485515
-0.00179676
0.000299472
-0.0510981
-0.0508106
0.00989321
0.00514695
-0.000168269
-0.0306718
-9.43651e-05
0.194793
0.662533
0.0402359
0.00332319
0.00393373
-2.09173e-05
-0.0276543
-6.46386e-05
-0.00783599
-0.00185091
0.000404696
-0.00362852
-0.0102019
-0.00013678
0.00094843
-0.00890632
-0.000346226
-0.0106134
-0.0167757
-0.00884762
-0.00126193
0.588463
-0.000763359
0.00266407
0.000265622
0.0150582
-0.046713
0.0104255
-0.000196782
-0.000111203
0.0028791
-0.000122372
-3.31401e-05
-0.0122377
0.000758018
-2.68224e-05
-0.0479838
-0.00248773
-0.0522317
-0.00178765
-7.57419e-05
-0.00337666
-0.00950755
-0.0155542
-0.0240522
0.00253216
0.000569915
-0.000512251
-0.00212365
-8.86682e-05
0.275972
0.00169979
-2.20069e-05
0.000633732
-0.00220234
-0.000394437
-0.0585548
-0.0509093
-0.000145628
-0.00741464
1.42613e-05
-0.00287293
-8.16763e-05
0.0371071
-0.000155993
-0.000207069
-0.00385449
-2.64018e-05
0.0146596
-0.000248941
-0.00137016
0.0202822
1.28879e-05
0.387188
-0.0502324
-0.039909
-2.81353e-05
-2.3333e-05
0.00204178
-0.00128531
-0.0483171
-1.8921e-05
-2.67117e-06
0.000807507
-3.30266e-06
0.000411421
0.000488209
-0.000502022
0.000855833
-0.0492847
0.500721
-0.0332978
0.339264
0.00985857
-0.0173306
-2.05789e-05
-0.000956419
-0.0126876
0.00015557
0.000308231
0.000183667
0.0323788
-0.00147952
-0.000240777
0.518514
-0.000591952
0.000635593
0.00054675
-5.14434e-06
-0.0814673
-0.00235774
0.00123493
0.000135081
-0.000585693
-7.57864e-05
-0.00102224
-0.0419494
-0.000454478
-0.00174905
-1.69309e-06
-0.000586942
-0.000283954
0.190952
-0.000481514
-0.000301346
-0.0635644
0.00410621
-9.50705e-05
-0.00144219
-6.79833e-05
0.17324
-0.0667846
-0.000327519
-0.000422419
-0.00206342
-0.000173432
0.0568176
0.10253
0.00949798
0.000551294
-7.53941e-06
-1.02132e-06
0.0487174
0.000274935
-0.0565456
-0.0249954
-0.0163624
-0.137979
0.595803
0.00213143
0.175365
-0.0151543
-0.0288245
0.176615
-0.000389271
-0.06061
-1.4171e-05
-0.00940284
-0.0464128
5.92903e-05
-0.0469241
-0.00102647
-0.00879949
-0.00590962
-0.0408933
-0.0406488
-0.00344425
-0.0570013
-0.0419932
-0.00020443
-0.0125991
-5.81535e-05
-0.0363175
-3.07904e-05
-0.000203379
0.0135483
0.167094
-3.54039e-08
-0.0434238
0.00386899
8.18323e-05
-0.0213835
6.06556e-06
-0.0141141
-0.000283712
-0.0371152
0.000136727
-9.58574e-05
-0.00219198
-5.39107e-05
0.162719
-0.0300768
0.0441931
-3.4001e-05
0.0006808
-0.0318869
7.29601e-07
-0.0535224
-0.0612796
-0.052156
0.543001
-0.00681039
-1.93504e-05
0.0274919
-0.0400583
-0.0027408
-2.86911e-05
-9.39091e-05
-0.0450223
0.000137504
0.00094768
-5.26357e-07
0.000172286
-0.0277775
0.0147593
-0.0619256
0.0905884
-0.00562436
-1.28006e-06
0.00663289
-0.0486175
-2.29304e-05
-1.52499e-05
0.000347799
6.94841e-05
0.000439553
0.164259
0.0368275
6.06017e-05
1.1551e-05
-0.0610723
0.205442
0.17671
-4.90568e-05
-0.0352948
-0.0197562
-0.0109509
-0.0455606
-0.00900824
-0.00308325
0.143954
-4.58425e-05
-0.0262554
0.171237
-0.0465336
-1.98267e-05
-0.0571654
-0.0001906
0.255939
0.0288895
-1.65842e-05
-3.03938e-05
0.183029
3.69559e-06
-0.000197358
-0.012155
1.32669e-05
0.239545
0.00357314
-0.00768821
-0.0595962
-0.00397214
-0.0686696
0.18727
-0.0126129
-0.0392674
0.00107533
-2.15662e-05
-0.00109719
-9.58896e-06
-1.79112e-05
0.0213579
0.185536
0.153192
-0.000474864
0.255738
-0.0122525
7.87868e-06
-0.0435502
-2.01753e-05
-0.0276318
0.030061
-0.0149996
0.0047755
0.00201359
-0.00963825
0.000270005
-0.00177841
0.0202487
-0.00302985
-5.30639e-05
3.16601e-05
-6.70441e-05
0.0332127
5.90212e-05
-0.0226959
0.270707
-0.00629288
5.45177e-05
-0.0036467
-1.16137e-05
0.0163773
-0.000383728
-7.13743e-05
-9.2084e-05
-1.43774e-05
0.217205
-0.000165211
0.229376
-0.0574669
0.000120528
-0.0492778
-0.000521942
0.160295
0.533293
-0.00148894
2.58578e-06
1.66727e-05
-2.31014e-05
0.121154
6.51061e-07
0.0011271
-0.0242023
0.218152
6.923e-06
1.5811e-05
3.08708e-06
2.66304e-05
-0.0206867
1.86932e-06
0.222355
-0.0164849
-0.000133321
3.18699e-05
-0.00217071
-0.0283323
1.46599e-06
-6.13982e-05
0.169782
3.61618e-05
-0.0313304
-0.0518728
0.000142773
7.92296e-07
-0.111684
1.29229e-06
0.161307
1.57915e-05
-0.000477404
1.2159e-05
-0.000188041
0.0942647
3.16492e-06
-0.00173279
8.34864e-06
0.0130493
-0.00356761
-0.0066597
0.000806732
0.157197
-0.00028986
-8.73843e-05
-0.00915477
-0.00884425
-0.000260974
-5.85302e-05
-0.00094858
4.26214e-05
0.122649
-0.0106942
0.523041
-9.11301e-07
-0.00790784
-0.000169653
0.123888
6.06525e-05
-0.0262514
2.5042e-05
-0.00166724
-0.0326417
-0.000247229
-0.015939
-0.0471042
0.00537106
-1.05102e-05
-0.0532453
-0.000355814
-0.000317423
-0.00576049
-0.0149636
0.00137139
-5.49253e-05
-0.000464351
-0.000970517
-0.00134675
1.35713e-05
-0.00127534
0.514038
0.000104158
-0.00341555
-0.0339684
-0.0667752
-0.0588346
-0.045454
-0.0217527
-0.000561535
-0.0165489
8.20685e-05
-8.82108e-05
0.514301
-0.000101504
0.158403
-0.000479618
0.000428214
-0.001196
-0.0658282
-0.000445312
0.000633946
-1.68532e-05
-0.000418448
-1.78101e-05
-8.59989e-05
-0.0150868
-0.00011843
-3.04551e-05
-8.96095e-05
0.000155094
-1.15658e-05
-0.0411335
0.178374
-1.07884e-05
-0.000639335
3.03924e-05
3.29509e-05
-0.000882669
9.60646e-06
-0.00095572
0.000303176
-0.000390469
-0.0594782
-0.000732677
-0.00192329
5.00406e-06
-0.00166012
0.000360204
-1.63714e-05
-1.07071e-05
1.42403e-05
-0.00084181
0.000578574
-0.0425744
-0.0268584
-0.0599258
0.000610086
-0.00197217
-0.0362834
-0.0603087
-0.000101338
0.0159674
0.0072399
-0.00110568
-0.0120183
-0.0523151
0.458699
-0.000446199
-1.63544e-05
0.000942502
5.2426e-05
1.88039e-05
0.0761106
0.00383971
0.0880094
-0.0357344
0.446975
-0.00055542
2.18675e-06
0.000161539
-1.98216e-05
-0.00143646
0.144461
0.226814
-6.05039e-06
-0.00018269
-1.92413e-05
0.213812
0.01645
-0.00612412
1.24639e-05
2.06267e-05
0.00767321
-0.000737193
-0.0656775
-0.0167814
2.51384e-05
0.00371136
-0.0305763
-6.49395e-05
0.0019211
-7.30284e-05
-0.0435363
-0.0018243
0.139912
1.76371e-05
0.00178692
-0.000144251
1.5793e-05
0.000184051
-0.0227918
1.5524e-05
-0.000964868
2.37177e-05
-0.019546
-0.0431127
-0.0032408
-0.00743114
-0.00874991
0.00960496
-0.00887579
-0.00256893
7.18916e-05
0.000111503
2.15328e-05
1.88416e-05
-6.07079e-05
0.00950991
-0.0539979
0.00052599
-0.0423519
-0.00320278
-0.0480069
9.30782e-05
-3.50055e-06
0.00139355
-0.0953539
1.91201e-05
-0.0419596
-0.0148427
-0.0807111
-0.042757
2.8219e-05
-0.00357559
0.000207102
-0.135176
0.134662
1.15037e-05
-0.0555772
-0.0221084
-0.00438521
4.01078e-05
-9.3572e-06
0.0242396
-0.0165083
2.5083e-05
-0.00693342
-5.92917e-06
0.000230235
0.121777
-9.07476e-06
2.35105e-06
-9.25571e-05
3.65542e-05
0.000959047
9.3523e-05
-0.0053889
0.00024953
-0.0126297
0.00117657
-0.000221202
-0.0316071
-0.040839
-0.00640815
-1.63773e-05
2.25984e-05
-0.0566202
0.0060775
-0.0449123
2.99119e-05
-0.00528744
-3.9207e-05
2.56615e-05
0.0659217
-0.00712478
-0.0028789
-2.19206e-06
-0.0176629
5.26205e-05
-0.0616226
2.81783e-05
-0.069323
1.92168e-05
-6.4727e-06
9.04202e-05
0.00108878
-0.0830485
-0.0178677
-0.0638398
1.6386e-05
9.97955e-05
-0.0705445
-0.0251371
-0.00852274
-5.31264e-06
-0.0332867
-0.0475022
-0.070416
2.9309e-06
-8.39896e-06
3.59646e-06
-0.0752449
-0.0620784
0.000770117
-0.011077
-6.07165e-05
0.171311
0.000100425
1.45808e-05
0.000159993
-1.07421e-05
-9.26285e-06
-0.00372433
0.000120222
-0.00264884
-0.0596643
-0.0130417
-0.0537674
4.1742e-05
-5.50108e-05
0.0473684
-0.0500193
-0.00484899
0.11026
3.4869e-06
-1.4542e-05
-1.32683e-05
0.0648097
0.000184332
-3.42666e-06
-5.51834e-06
-0.0563918
-0.0153453
5.0322e-06
8.18782e-05
-0.00930346
-0.00651896
0.000456563
0.228306
-0.0550632
0.000162556
0.671489
-2.11106e-05
-0.000723595
-0.00862672
-0.0701139
6.19473e-06
-3.77494e-06
2.27398e-05
0.00505766
-0.031905
-0.000356893
-0.0464645
-0.00780521
2.80087e-05
-5.00198e-06
-0.01017
-0.00542735
-0.0236797
-0.0765248
-0.042863
-0.0371002
-0.0164548
-0.026362
-6.7742e-05
0.000376561
0.00346355
0.000566936
-8.56781e-05
0.000812479
3.18142e-05
-9.87931e-05
-0.012074
-1.28966e-05
-3.10071e-05
0.0338659
-0.0268397
-0.000172798
-4.46054e-05
-6.20315e-06
0.250781
-0.00670082
0.000834336
-0.02738
0.000242679
0.000210999
0.000181923
-5.23449e-05
0.000513469
-0.0363087
0.0162766
-9.81826e-06
-0.000174552
-0.039779
-0.0308953
0.0490922
-0.000515668
0.00194928
0.0185518
1.34744e-06
6.3483e-05
-0.0453111
2.3436e-05
0.164408
7.73617e-06
0.00442417
0.000176719
0.00023736
-0.0642129
-0.00740319
-0.0176496
-0.00247075
2.79156e-05
0.00661965
0.0615132
-0.0122769
-0.000142959
0.0936993
0.160305
3.47018e-06
-0.0488612
-7.15839e-05
-1.1223e-05
-4.77467e-05
-0.000594338
0.0205327
-7.44812e-06
0.000262502
-0.0240578
-0.0250892
-0.0215675
0.317853
1.77159e-05
-7.39625e-05
0.169369
-0.00660228
-0.00387659
-0.000684201
0.16664
4.59975e-05
-0.000331897
4.73842e-05
2.70373e-05
3.3224e-05
3.79181e-05
7.80416e-05
-0.0174841
8.006e-06
-0.00340254
-0.0421934
0.230493
-0.00015198
-5.30474e-05
0.00495351
0.0841887
-0.0447008
-0.00078687
-0.0644238
0.315202
4.55054e-05
0.418469
-4.84852e-06
0.00351067
0.0250916
0.000461879
0.4557
-1.69903e-05
-6.55801e-06
0.0012246
3.25988e-05
-0.000901507
0.000278197
1.09614e-05
-0.00202156
9.25078e-06
-0.000154026
-0.00338436
0.244281
0.0499543
0.0227909
-0.0414814
-5.51389e-06
-1.98874e-05
0.00356796
-0.0523246
-1.06216e-05
-0.0441119
-5.74618e-05
0.102304
0.0617673
-0.0321031
-0.00139836
-0.0120045
-0.00102504
-0.0147048
0.00382708
-0.00749626
0.0631745
2.19779e-06
0.205415
0.0158011
-0.0006193
0.206286
-0.013326
-1.3265e-05
2.38298e-05
7.05096e-05
-0.000222102
-0.000129192
0.248441
-0.00101993
0.254147
-0.00112765
0.164819
0.215847
0.0789868
-0.00711514
-5.89653e-06
6.56909e-05
-0.0106195
-0.100749
-0.0463595
0.00157825
2.00078e-05
-0.0365682
-0.000335847
4.51025e-06
0.00106928
-0.00111027
-0.000683703
0.0337528
7.98122e-05
-0.0458073
0.0571458
6.1272e-05
0.000284311
-0.0143808
-0.0552417
-0.000763419
-0.000543978
1.26899e-05
0.00026467
0.0326996
-0.0169726
-0.0459845
0.00138472
0.0658259
-0.0375768
3.68461e-05
2.3318e-05
0.0122533
-9.70794e-05
0.0560199
0.00116212
-0.0135305
-0.000402753
0.00171734
-0.0352304
-3.95266e-05
0.000520557
-0.00107357
-0.0686789
0.129209
-0.0581673
-0.0264974
-0.000176298
-4.87562e-05
0.0070521
4.85532e-05
-0.0690681
-0.061904
0.000596658
0.00356319
0.00398074
-0.0868528
0.000675938
0.000201335
3.91025e-05
-0.0398537
2.97697e-05
0.000591562
0.120896
0.179121
-0.100145
0.0497602
0.0484916
0.0134234
-0.000170421
0.0117318
0.000130225
9.16576e-06
-7.96288e-05
-6.76175e-07
2.55245e-05
-0.000375202
-0.00774104
-0.0559767
-0.00984893
-0.0286589
0.052924
0.0444391
0.00428
-0.0596725
0.000170062
0.00486385
0.011742
-0.000407718
0.0737271
-0.0013044
-0.0110704
0.0124118
0.0057762
0.00105005
-0.00413027
0.0430557
0.000871751
-0.0195998
-0.0164789
0.546094
-0.0245975
0.0797642
0.011219
-0.0367929
0.002317
0.000106633
-0.0026478
5.8345e-05
-0.00271156
-0.0251107
-7.44273e-05
-5.12751e-05
0.259499
-0.00339388
-0.0404371
-0.0187121
0.000214329
-0.00151088
-2.4873e-05
7.8504e-06
0.0380609
4.21526e-05
-0.00302608
0.0739052
0.00654938
0.00118384
0.018978
-0.00587725
0.00439636
-0.102278
0.00091598
-0.00454893
-0.0533889
-0.000896676
-0.00821215
0.000794922
0.000883722
0.00104603
0.0365911
-0.000335974
0.00592834
-0.0514652
-0.0206327
0.000327706
-0.051062
-0.0150141
-0.0171539
0.000109654
0.00693012
-0.064775
-0.000876469
-0.00497954
-0.047546
1.89359e-05
-0.00121515
0.217416
-0.0217345
-4.38748e-05
0.00862487
-0.048569
-0.00109349
0.195696
-0.00230453
0.00107215
0.0602282
-0.00148158
0.00868404
0.127894
6.33873e-05
0.00123703
0.00018754
3.6431e-05
-0.00461281
-0.00741794
-0.000142217
-0.0239532
0.0953927
-0.0362121
-0.0674018
0.00122752
-0.00336387
-0.000643477
-0.0467733
2.67189e-05
0.0167878
4.45612e-05
-0.01592
-0.00201662
-0.00509273
-0.113489
0.109673
-0.071818
-5.67494e-05
0.181943
-0.00203151
-0.00268416
-0.0560802
-0.0754973
-0.0156762
-3.1945e-05
-0.00118255
0.00757611
-0.00318268
-0.00484327
0.00045767
0.0855527
-0.0422061
-0.011234
-0.00680836
0.0215521
-0.00279789
-0.00128621
0.00179881
-3.60895e-05
-0.00318141
0.108372
0.000835186
-0.111008
-6.20522e-05
-0.00747027
-0.00380425
-0.0807204
-0.0116272
-0.0929744
-6.85819e-05
-6.65585e-05
-0.00448853
0.0110923
0.00190195
-0.104537
0.0814223
-0.0467435
0.000197398
-0.114283
6.6602e-06
-0.120329
-0.0252142
-0.143191
-0.153601
-0.162393
-0.170868
-0.174786
-0.167404
-0.153912
-0.12852
-0.1059
0.0129998
0.0566015
0.104186
0.186012
-0.00817891
-0.00753375
0.0545799
-0.0183206
0.000946652
0.014632
-0.0393311
0.000549506
-0.000708196
-3.07792e-06
-0.0143478
0.0185083
4.65421e-05
-0.000335199
-0.0105998
-0.00698858
-0.137774
-0.0137463
-0.0534868
-7.07871e-06
0.000601772
-5.50071e-05
-0.052546
-0.00892759
-0.0357316
-0.0109825
0.00181532
0.000233604
0.00494703
-3.49112e-05
-0.0128495
-1.84557e-05
0.000390901
-0.00646965
-0.0115838
-0.000297427
0.000343863
0.0495052
-0.0104798
0.0591429
-0.12846
-0.00859088
-0.0342809
-0.0186918
0.00386943
-0.0214356
-0.00334834
-0.0125806
-0.0128587
0.352319
-0.00137705
7.15577e-05
-0.00592502
-0.00907969
3.24005e-06
0.0806436
-0.00418921
0.326231
-0.181745
-0.0427194
-0.0263821
0.0424309
-0.00510643
-5.25084e-05
-8.09185e-06
-0.00427181
-0.055124
5.89603e-05
0.341348
-0.00282998
-0.00506488
-9.47967e-05
-0.000396803
-0.00658157
-0.070678
-0.0920125
0.11851
0.000669442
-0.0142354
-6.59308e-06
0.0277043
-0.00818342
0.0202064
-0.0217547
-0.00552709
-0.000902968
0.00131377
0.0122791
-1.28477e-05
-0.0100136
0.000535641
-0.000410033
0.000492612
-0.0323842
0.000229085
0.143509
-0.010611
0.00394208
-0.0795081
-0.0124391
-0.0722618
-0.0120226
0.0323548
-0.0180248
0.178764
-0.0244296
-0.00348671
-0.0480832
-0.000790103
-5.08851e-05
0.000460724
9.40518e-05
-0.00242882
0.00457354
8.91113e-05
-0.0141566
0.0226313
-0.00315583
4.1103e-05
-0.00337561
-0.0410585
0.150791
-0.0338372
-0.0470412
0.00839735
0.0735285
-0.0012761
-0.0170815
-0.0117589
0.00552452
0.0369965
-0.05755
0.107699
-5.60548e-05
-0.02907
0.00120668
-0.00158337
-1.49729e-05
-0.00610489
0.0983543
0.000890416
0.24025
-0.0205803
-0.0190747
-0.0157584
9.91776e-05
-0.00201014
0.0631931
-0.115912
0.226438
0.0304373
0.025164
0.171468
-0.0413601
-0.00439374
-0.0575434
0.000551304
-0.0328661
0.154961
-0.00295276
0.242095
-0.00158664
0.0917248
0.000103393
0.100113
0.113395
-0.00283062
-0.0195907
-0.000384081
-5.94152e-06
0.0054668
0.0020277
-0.0378379
-0.0346097
-0.00573817
-0.0385765
0.163171
0.0483682
-0.0540293
-0.0164987
-8.17809e-06
0.00437681
0.137463
0.0047572
0.164732
-0.0578721
0.00552608
8.69319e-05
0.000396994
-0.0216537
-0.00115235
-0.00271207
-0.0407404
-0.000636991
0.00346417
-0.0411299
-0.0400622
0.146313
-3.24001e-06
-0.0189807
0.000190448
-0.0251103
-0.000365488
-0.0556934
0.123605
-0.0404505
-0.0244944
-0.00179557
-0.0149649
-0.000757144
-0.00530512
0.0828649
-0.0293662
-1.96002e-05
-0.00775658
-0.00463414
-0.000376285
-0.00285635
0.0121786
-0.0106824
-0.0331118
-4.10762e-05
0.151285
-0.0282175
0.00701163
-0.000382452
-0.00815093
-0.000379277
-0.026514
0.000300987
-0.0237067
-0.00011309
-0.0361941
0.00280366
-0.000200876
-0.0116867
0.000315243
-0.00942312
0.00119265
0.168404
0.00126417
-0.00929494
-0.00888223
0.00394163
0.124493
-0.0145777
-0.0736865
-0.016321
0.000341637
0.121272
0.048469
0.0013333
0.000120865
0.0530336
-0.0440293
0.00259427
-0.0267557
-0.000933038
0.000383449
0.00447812
-0.0261387
-0.0132449
-0.0111325
0.26769
0.0277046
-0.067466
0.0336854
-0.000445477
2.70246e-05
0.00114272
0.00251523
0.0966119
-0.00398023
0.018543
0.000103612
0.4998
0.454746
-0.00151864
0.199198
0.640054
-0.029884
1.93636e-05
0.0505696
0.127193
-0.00375821
-0.0234895
0.000179196
6.44113e-06
0.14295
-0.00571499
-2.70797e-06
-0.053147
9.25391e-05
0.0466384
0.0275955
-0.0329457
-0.0327673
-0.0217275
-0.000320479
0.00118937
-0.0126893
0.0795704
-0.0425088
0.15056
-0.00969433
0.0401745
-0.00267018
-0.000242127
9.94795e-05
-0.00293588
0.130817
-0.00544329
0.128942
-0.000318412
-0.0753477
-0.0400767
0.130097
-0.00689033
0.000360756
-0.0360436
0.000410774
0.0129013
0.112178
-0.00869424
0.143762
-0.0105419
-0.00421317
-0.0851807
0.0167135
-0.0577932
-0.016871
-0.000944986
-0.0276948
0.00150757
-0.00952691
0.00160077
-0.0319817
-0.0126415
0.0442163
-0.00414807
-0.0642458
-0.0393087
0.0306024
0.0160619
0.114149
0.00437643
1.23162e-05
-0.00649827
0.192901
-0.00010127
-0.00600458
-1.14687e-05
-0.000257809
-0.0368758
-0.00128956
0.00343627
-0.00112535
-0.00170335
0.000351707
-0.0356874
-0.0028326
-0.0158121
-0.0100137
-0.00327146
0.309853
0.0526085
-0.0333828
-0.0142999
0.00162192
0.000121155
0.0133924
-0.00107662
0.00871267
0.33942
0.0799823
0.0683676
-0.000292597
-0.0159533
-0.0014752
0.0240299
0.0587182
0.10977
0.146482
0.156882
-0.0148551
-0.000917147
-0.00225289
0.0349469
-0.00468009
0.165422
-1.93801e-06
-0.00171542
-1.44409e-06
-0.00702036
-0.0358839
-0.00229449
-0.0149116
-0.0289103
-0.0527577
0.155834
0.134624
0.00211182
0.134804
0.0677103
0.0604144
-1.1861e-06
-0.00886841
-0.011481
-0.170568
-0.00669056
-0.0389477
0.0545032
-0.120997
-0.00129514
-0.0565144
0.0949851
0.115769
0.0565318
0.00494271
-0.0349373
-0.0172949
0.0215918
-0.00518953
0.378106
8.65391e-05
-0.0663745
0.0628293
0.0182058
-0.00084529
-0.0415805
0.48938
-0.019886
0.0577306
-0.000866897
-0.0690013
0.000312003
0.181123
-0.0447045
-0.0226232
0.0521693
0.0177879
0.0578839
0.420355
0.269081
0.00268738
0.000527252
-0.00276394
0.000174609
-0.0284339
-0.00567197
0.0526048
4.36273e-06
-0.00199517
0.0741757
0.369993
-0.0251103
5.24879e-07
0.496556
-0.0672614
-0.153622
-0.0039424
0.013502
-0.0694954
0.0444753
0.133113
2.40526e-06
0.120424
-0.0279524
0.000210071
0.0326484
0.0315524
0.05201
0.366568
0.432268
0.00533834
0.0553686
0.000631164
-0.034308
-0.031086
-0.00012373
0.134096
-0.0740697
-0.0612469
-0.158828
-0.000933304
3.7714e-05
0.00525395
0.0167463
0.26236
-0.0342108
-0.00272101
0.000155405
-0.00361963
8.73069e-05
-0.0198601
-0.0372997
-0.0085845
-0.0295666
-0.0565056
-0.040652
-2.37437e-06
-0.0406553
-0.00283407
-0.076839
0.0467319
-4.35033e-05
1.03789e-07
0.729125
0.365433
0.460097
0.214199
0.015399
6.22999e-05
0.0214742
-0.0316745
0.00017167
0.309548
-0.0145703
-0.000688584
0.0492396
0.0811291
0.0249581
-0.105557
-0.051555
0.210046
-0.114623
0.0384171
0.00693482
-0.139635
-0.152503
-0.159143
-0.144206
-0.129107
-0.106167
0.0337045
0.0827026
0.0527063
-0.0430288
0.587151
-0.00536252
0.000643105
-0.0495658
0.00613963
0.105024
-0.0214217
-0.00919321
-0.0661447
-0.135673
0.0404766
0.000143582
-0.0449347
0.405853
-0.0124298
0.340655
0.260264
0.548483
0.0457701
-0.118653
0.420703
0.0239695
-0.00572756
-0.00100568
-0.00482396
0.000368892
-0.0437027
0.0875742
-0.0667117
-0.0501858
-0.0155108
-0.0479268
-0.00199606
-0.00164685
0.0878138
-0.0400929
0.00132926
-0.00110243
-0.129217
0.00486671
-0.0172226
-0.0228771
0.549816
1.19727e-05
-0.165167
0.00233304
-0.0121254
0.00620991
0.010895
0.00127137
-0.060562
-7.90144e-05
-0.00453391
0.0810931
-0.00821655
-0.0305534
-0.00705172
4.73655e-05
-0.00854983
-0.0777212
-0.042803
-0.0258129
0.0159205
-0.00322589
-0.00201194
0.126623
5.68273e-07
0.0400941
0.0304001
-0.0607749
-3.46382e-06
-0.00159902
-2.70818e-05
-0.0381824
0.149244
-1.99247e-05
-0.00808639
0.000104731
-0.00989261
-0.0223686
0.000217348
-0.0375077
-0.0551267
0.748895
-5.29932e-05
0.0684172
0.00154885
-0.000740056
0.000765777
-0.0465835
-0.0266933
-0.0445503
-0.0440913
0.195324
-0.0249806
0.0779089
5.68319e-06
0.257272
-0.0174157
9.78119e-06
-0.0735749
0.0845753
-0.000412974
-4.95793e-05
-0.0403749
-0.036598
0.737348
4.79542e-05
-0.0352024
-0.0412101
-3.084e-05
0.0169995
0.000525106
-0.024235
0.18589
-0.0330531
0.0305955
0.00641942
-0.00023524
0.270869
0.388524
0.00168831
-0.0132406
-0.0464793
0.200943
-0.0221857
-0.000194774
0.0664688
-0.0825286
-0.0622327
-0.00119538
-0.00464545
0.0149797
0.0223514
-0.0688876
-0.0517578
-0.0640247
-0.0331961
0.0478089
3.68597e-05
-0.020212
0.719063
-0.00118199
-0.0021563
-0.00415525
0.53964
0.111737
1.35996e-06
3.16161e-06
0.166613
0.165717
-0.0266205
-0.0564403
-0.0494532
-4.797e-05
0.0244582
0.0134653
0.122226
-0.00377222
0.173611
-0.0194174
0.0295239
0.39885
0.000244368
-0.0115164
-0.152163
-0.161845
-0.0191807
-0.00018
0.322785
0.0652855
-0.00796173
-0.0288387
-0.0622136
7.09728e-05
0.178574
0.000626742
0.000128139
-0.0395677
0.0673195
0.00152022
-0.00997142
-0.0429309
0.122673
-0.00268672
-0.0386117
0.000790065
-0.0301537
0.000394887
-0.0176098
0.000344171
-0.0034222
-0.0281556
0.172026
-0.00868063
-8.31634e-05
0.000245991
0.628948
-6.10035e-05
-0.0373986
-0.0450719
0.288574
0.0422326
0.000113957
-0.0136667
-0.0197924
-0.0492218
0.067878
-0.0458709
0.0974651
-0.013253
-0.0229889
-0.0195541
-0.00812247
0.296059
0.00238285
-0.0122995
0.124473
0.130575
0.49085
-0.041069
-0.029015
-0.000862314
-0.0335436
-0.0658121
0.0887844
-0.00151124
0.0323189
0.0001499
0.0170265
-0.00272164
0.000746032
-0.0255348
-0.0273219
-0.00155631
-0.0224339
0.000124924
-0.00957235
-0.0383432
-0.00133804
6.69617e-05
-0.0346871
0.655303
-0.068569
-0.0171258
-0.0034109
-0.000286034
0.353097
0.0365054
1.47615e-05
-0.000740965
-0.0725473
-5.52069e-06
-0.00107241
-0.0359623
-0.00972064
-0.00506862
0.11954
0.296419
0.242797
-0.0378162
0.000391842
-0.0435095
0.000109403
0.118038
0.540005
0.00011331
-0.00100089
-0.00323526
0.569298
2.99582e-06
0.284345
0.598548
-0.0412339
-0.010381
-0.00313507
0.290439
-0.00611482
-0.0672741
0.518347
-0.00503582
0.310416
-0.0210154
-0.0100395
0.512251
-0.0288071
0.298737
0.266089
0.00241275
-1.57832e-05
0.184973
0.0725617
-0.0141427
-0.0733679
-0.0103368
-0.0636156
-0.0145296
0.289996
0.000183828
-0.00563375
-0.0754738
-0.0845192
-0.0254022
-0.0556683
-0.0695874
0.276896
0.0572473
0.0246355
0.48732
0.000899937
-4.28831e-05
0.057552
0.0443983
0.0624362
-0.000238618
0.00684187
-2.86657e-06
-0.0821479
0.0177162
-3.54097e-05
-0.0011484
0.000709599
7.7316e-05
0.0828738
-0.00814425
0.000290822
-0.0095726
-0.0667825
-0.00890529
-0.00295872
0.277449
-0.0199275
-0.0156729
0.00136037
-0.013756
6.44064e-05
-0.0377023
0.124975
-0.0188364
0.106264
0.00848222
0.0884974
0.13318
0.209937
-0.0225578
0.396945
-0.0138923
0.281075
-0.0958078
-1.03038e-05
-0.0127044
-0.0188745
0.0272531
0.144399
-0.0511645
0.000275848
0.7405
0.00772096
0.113918
-0.0348883
0.00417158
0.0782642
0.000804558
-0.0292648
-0.064298
0.00233237
-0.000721809
-0.0101044
-0.0366975
-0.00473735
-0.00704393
-0.0655025
0.176245
-0.00511543
-0.0316643
-1.2687e-05
0.607225
0.691364
0.00625252
8.43108e-05
-0.0272233
-0.000964171
-0.0332153
0.00010816
0.029813
-0.0282934
0.000179713
-0.000635013
-0.0494675
-0.000824928
-0.0189796
-0.0296106
0.316076
-0.062997
0.337841
-0.000673644
-0.0102839
-0.013968
-0.00753213
0.0315815
-0.0529379
0.00210224
-0.0138271
0.25391
-0.0348103
0.000329129
5.1965e-05
-0.00280005
4.63836e-06
-0.0211751
-0.00230279
0.0121879
-0.00616686
0.0994848
4.65588e-05
0.00143665
0.118398
0.167881
-0.0239764
-0.0019678
0.104796
0.000266409
0.000282058
0.0259302
-0.00110542
0.533856
-0.0344432
0.293212
-0.123758
-3.97866e-05
-0.00820154
0.434497
0.300012
0.0169473
0.00324609
-0.0002956
0.119933
0.0341266
0.0142873
-0.00124448
-0.038657
-0.0463214
5.58715e-07
-0.0244698
-0.0444799
-0.0360677
-0.00488752
0.555426
-0.00483014
-0.0240073
-0.0371647
0.000566645
2.33068e-05
0.00155372
-0.00590298
0.344368
0.00236238
7.6106e-05
0.000808889
-0.0637258
0.46386
0.000203303
0.000668998
0.0249409
-0.0361189
0.420698
-0.0288274
0.334463
0.306293
0.000192568
0.266703
0.309496
-0.0273885
0.0292698
-0.000222412
0.325428
0.000563243
-0.000111857
-0.00397377
0.208151
-0.00781122
0.147204
0.0020788
0.559075
0.00244529
2.92534e-07
0.778354
0.0398977
0.614119
0.13075
-0.126819
0.0197587
-0.054707
0.40575
0.000242306
-0.000125676
0.0287221
-0.000781225
0.544211
-0.093925
-0.102797
0.00215877
0.07505
0.115237
-0.0624333
0.0131223
-0.0255274
-0.00522461
0.0271964
0.00041756
0.00257222
-0.0313928
-0.0280123
-0.0454694
0.0199548
-0.0149905
0.0685099
0.0664381
0.601466
-0.0525706
0.0337907
0.00043597
-0.0690902
0.322422
-0.0167649
0.108103
0.242329
-0.0314773
0.016225
-0.0623632
-6.87322e-05
-0.00411237
-0.00253488
0.00828512
-0.00503772
-0.165003
0.000114396
0.143634
0.0949978
0.198566
0.104273
0.1576
0.0123015
0.0378289
0.0198321
0.0243519
-0.018564
-0.0928617
0.0747857
0.328833
0.0425312
-0.00540248
-0.164741
0.0803602
-0.0100679
-0.0952293
0.197871
-0.0165581
-0.0357528
0.134247
0.0365357
0.525899
-3.5417e-05
1.89042e-05
-0.055235
0.358128
0.371005
0.273359
0.393666
0.0558044
-0.00643354
-0.0121473
0.0290831
-0.0193498
-0.00283496
0.0235926
0.552006
0.00638747
0.347809
0.105865
0.016367
0.00012302
-0.0331324
0.389722
-0.00244399
-0.0077757
0.0119953
-0.144004
0.000278206
-0.00737282
-0.064125
0.681451
-0.0514646
0.171964
-0.0569057
-0.00994441
0.0825119
0.299168
0.3873
0.111267
-0.0592449
0.117427
0.102915
0.729378
0.000737451
-0.00477824
0.387266
-0.0587749
0.21943
0.427866
0.00335083
-0.0323582
0.14028
6.55819e-05
0.47097
-0.0127408
0.350509
0.0115018
0.000492655
-0.0196947
-0.00118774
0.719134
8.00345e-05
-0.0854566
0.32152
-0.00044065
0.0219442
-0.0228159
-0.0228684
0.153787
-0.0191192
0.000821224
0.141794
-0.0216431
0.000709354
7.02411e-05
0.104787
-0.00261009
0.23133
-0.0635889
-0.0165484
0.0741798
-0.00142796
-0.0599068
0.0618796
-0.061996
0.248791
-0.0204993
-0.00560317
0.177565
0.00018789
0.00184978
-0.00811623
-0.0127904
0.00652828
0.131
0.473659
-0.0353674
0.0160223
0.266501
0.407268
-0.012523
-1.08023e-05
0.204328
-0.0736644
0.014077
-0.000883921
-0.0531348
-0.000305964
-0.000725673
0.0509092
-0.00435144
-0.00850379
-0.0284577
-2.62673e-06
0.175147
-0.000677545
0.028844
-0.105988
6.73081e-05
-0.0625277
-0.0227009
-0.0594246
0.000564378
0.0232052
0.364773
0.481913
0.658848
2.65948e-07
-0.0274559
8.31957e-05
4.21442e-05
1.29166e-05
0.000739748
-0.00124153
-0.00397857
0.275396
0.0220991
-0.00297388
0.0447849
0.0212017
0.00783473
-0.0544619
-0.0434904
0.113903
0.28308
-5.95928e-06
0.0132269
-0.0753491
-1.29959e-06
-0.0383505
0.052511
0.232563
1.08874e-06
0.48955
-0.0293139
0.105993
0.0888325
0.00165297
0.165266
0.00256554
-0.0639903
0.612867
0.000157078
-0.00551208
0.0611721
-0.000305498
-0.0240498
4.89032e-05
-0.000691811
0.00256087
-0.0132412
-0.00280402
0.000251284
4.3594e-05
-0.0126331
-0.0575863
-0.0509574
0.148048
0.0665785
-0.00841766
0.554556
0.0178528
0.521351
-0.0179536
0.583249
0.508392
0.528284
0.0128487
-0.00991304
0.0105437
-0.00486719
0.000237335
0.231899
-0.0364826
0.000983447
0.232236
0.619346
0.165463
0.0982497
-0.0615837
-0.017476
-0.0101299
-0.0127649
-0.0364473
-0.00850311
0.501594
-0.000416832
0.702658
0.280542
-0.000735176
0.155423
-0.0366083
-0.0676256
0.171483
0.0608786
-0.00414928
0.159649
-0.0150983
0.29414
-0.0165469
0.00166717
3.92332e-05
0.00645699
-0.0579176
2.8499e-06
0.00227102
-0.112015
-0.000689944
-0.0298423
1.11995e-06
2.6658e-07
-0.0695141
-3.2996e-06
-0.00568707
0.00026185
-0.0252478
-0.0297971
-0.0479634
0.00905154
-0.0698026
-0.039847
-0.103394
0.130686
0.0181095
0.0155035
0.360444
0.313934
-7.48647e-05
0.18374
-0.0541553
0.564309
0.244439
0.00270603
0.288105
0.572374
6.47181e-06
0.221247
0.0101875
0.024433
-0.0390145
-2.33219e-05
-0.10585
-0.0511436
-0.00432965
-0.00026896
7.60606e-05
0.0154261
0.00105461
-0.0531673
0.0715098
-8.29874e-06
-0.0857742
-0.00722043
-0.00744997
0.00142686
-0.00598386
-0.000869887
-3.91464e-05
0.539368
0.477884
0.0626
-0.0469689
-0.0079379
-0.00189267
-0.000329682
0.000115674
-0.00302835
0.0112747
-0.0437369
-0.0374923
-0.191879
0.368773
-0.0410038
0.700191
0.00051107
-0.0330118
0.414283
0.000397512
-0.0599686
8.88834e-05
-0.00113802
3.23202e-06
2.84154e-05
0.167437
0.000170214
0.0014628
0.171498
0.00925528
-0.00840993
-0.0131136
-0.00889842
-4.29355e-05
0.639296
-0.0500209
0.26552
0.104896
-0.00411559
0.339349
4.14614e-06
0.0585418
2.14204e-05
0.00311228
0.0104826
0.54661
-0.00101041
0.290429
0.00136867
-0.000415698
9.05021e-05
-0.0299993
0.362171
4.83687e-06
0.0119059
-0.000887307
-0.0637627
-0.0383406
-0.145154
-0.0145249
-0.0250422
0.0154703
0.00304194
-0.0917483
-0.11789
-0.00577713
-0.000111376
-3.97464e-05
0.000356729
-0.000832582
4.20857e-05
-0.0600234
0.00170122
0.0013383
0.312147
-0.00104806
-0.0415097
0.220948
1.89991e-05
0.00149647
-0.0819537
0.645911
-0.0125921
0.234613
-0.0515801
0.302797
-0.0204956
0.472815
-0.0514427
-0.0582083
-0.0131859
0.525769
-0.0168736
-8.17649e-06
0.000435385
0.167872
0.0446388
0.140657
0.664399
-0.0426477
-0.0690247
0.375842
0.00103769
0.0381414
-0.00151191
-0.00417387
0.00140471
-0.00670089
-0.00023346
-0.0587742
0.160784
0.130199
-0.0109925
-4.45411e-05
-3.89721e-05
6.01615e-06
-0.00915513
0.000160773
-0.0525221
0.375285
-0.0411922
0.726781
-0.104482
-0.0019018
0.697587
-0.021275
-0.00724262
0.000394882
-0.00109574
-0.00825077
0.692746
0.666691
-0.0270162
-0.0134279
0.000218148
0.333865
0.0959304
-0.00574397
0.112148
-0.0161575
-0.0169471
-0.00905567
0.518034
0.49302
0.135019
-0.00784506
0.00109878
-0.0168928
0.0286235
-0.000831595
0.305532
-0.00117281
-0.00535522
-0.00586654
-0.0609126
0.0684905
-0.0520338
-0.00881101
0.603763
0.169533
0.11266
-0.0612183
-0.107768
-0.00725587
-3.76924e-05
0.393693
-0.00366688
-0.00397019
-0.0495782
-0.0923017
0.000112507
0.228907
0.0260569
-0.0520341
-0.11582
0.173366
-0.0384611
-0.00740291
0.0171101
0.681736
0.0874809
0.468719
-0.000828262
0.0897453
0.0151886
-0.00583389
0.323776
0.0016745
0.0166885
-0.026306
0.133662
-0.037507
-0.0319217
-0.0509203
-0.0724204
-0.00155291
-0.0248587
0.529118
-0.0882398
-0.0330619
-0.00960388
-0.014833
-0.0960098
0.674872
-0.00921978
-0.00763707
-0.125418
-0.00531021
-0.0135267
0.0242275
-0.00420949
0.736774
0.502846
0.0175114
0.45928
0.48436
-0.0078404
0.0150949
0.0292383
0.0791411
-0.000775725
-0.000313894
-0.000253141
-0.0287851
-0.0623968
-0.0369834
-0.00299845
-0.170707
0.302744
0.00969484
0.442977
0.457884
0.507775
0.000126817
-0.00763313
0.521994
-0.0159016
0.633728
0.35985
0.00274216
0.575671
-6.42604e-08
-0.00315931
-0.084931
0.0212099
0.410749
0.00290262
-0.00344989
0.00262735
0.351182
-0.0216317
0.014557
0.500773
-0.0365884
0.515266
-0.0120294
-0.0506647
0.362566
0.506489
0.200587
0.245216
-0.106511
-0.00727572
-0.132536
0.000221818
0.518203
0.210016
0.283019
0.252903
0.591942
0.0155136
-0.101879
0.560984
-4.40385e-05
0.578678
0.0997577
0.663643
0.632449
-4.01651e-05
-0.0376613
0.479244
0.00222766
-0.00282706
6.9377e-07
-0.0507613
0.0121664
0.406194
-0.0102602
0.0129976
0.108649
-0.0568543
-0.000765544
-0.0232827
0.490107
-0.0310819
0.495367
0.566459
0.395405
-0.340378
-0.158204
-0.494029
0.40045
-0.829776
-0.154396
-0.571453
-0.586197
-0.735938
-0.310799
-0.225712
-0.965089
-0.150861
-0.153029
-0.818067
-0.823398
-0.230813
0.669456
0.407449
0.663551
0.325836
-0.209109
-0.375591
-0.568408
-0.887319
-0.126557
-0.525439
0.584915
0.576154
0.824817
1.07336
0.0655084
1.48822
-0.357955
0.554678
-0.495224
-0.465314
-0.855625
0.83848
-0.134821
0.507172
0.654208
-0.189585
-0.194728
-0.721787
0.353815
-0.339762
0.301571
0.710435
0.777412
-0.580107
-0.0773725
0.856309
0.3646
-0.598009
0.25144
0.385117
-0.083719
1.32935
-0.239196
-0.267876
-0.15394
-0.383336
-0.151555
-0.367918
1.60133
0.462787
0.710627
-0.471749
-0.0483259
1.20801
0.959122
-0.247018
-0.376871
1.19078
0.412161
0.298783
-0.652009
-0.214575
0.739525
-0.208987
0.775363
-0.788423
-0.223476
0.413057
-0.717167
-0.714564
-0.4035
-0.783824
0.0851694
0.516518
1.41579
-0.299613
-0.267743
-0.10139
-0.503344
0.589075
1.47567
0.837691
1.08625
0.0792102
-0.344301
-0.939667
-0.112582
0.0195396
0.370948
0.875974
0.317954
-0.567594
-0.824221
-0.129383
0.303861
-0.125362
0.673743
0.67043
-0.135879
1.37268
0.479805
-0.148237
-0.520462
-0.505336
-0.653506
-0.587445
-0.664365
-0.116848
-0.360709
-0.818178
0.214657
-0.0848655
-0.185799
-0.543739
-0.0899597
0.0155314
0.978846
-0.38322
0.549472
-0.179956
0.696537
0.445624
0.945045
1.1939
-0.065388
-0.488837
-0.227032
-0.292147
0.559772
-0.00500053
-0.353307
-0.19415
-0.49419
-0.245642
-0.337299
-0.283091
0.494559
0.638606
-0.435586
-0.112056
0.190608
0.475942
-0.591444
-0.483366
-0.285512
0.765017
-0.64158
-0.654751
0.652101
0.44865
-0.781739
-0.689269
-0.540782
1.61813
-0.417669
0.495278
-0.85606
-0.49348
-0.0925961
0.16845
0.130834
-0.121051
-0.526117
0.744819
0.094564
-0.332316
-0.266873
-0.465068
0.160842
-0.10936
-0.560146
-0.174712
0.564614
-0.643797
-0.0686413
-0.069214
-0.355032
0.457788
0.465504
-0.661906
0.646868
0.263207
-0.844883
0.568772
-0.180619
-0.323291
-0.592987
0.514176
0.16901
-0.135558
0.700393
-0.34464
-0.538681
0.799542
-0.317196
0.238754
-0.139037
-0.238209
0.697598
-0.0731713
-0.692682
0.340674
0.841874
-0.221266
-0.901879
0.656402
-0.137063
0.0534997
0.711914
0.614253
0.8628
0.356033
1.43523
0.187593
0.273795
1.11179
1.77567
0.120198
-0.1549
-0.303306
-0.236451
-0.662079
-0.578405
-0.268094
0.13286
0.20807
0.455258
0.566533
0.491498
-0.681078
0.482895
-0.758408
1.39707
-0.166027
-0.285383
0.0839993
0.703943
-0.140832
-0.715524
1.96717
0.450272
-0.655227
1.84901
1.19393
-0.9572
-0.591808
0.786924
-0.0483055
0.280672
-0.154517
-0.174204
0.774847
0.722261
-0.286244
0.714851
0.524658
0.465991
0.280919
0.508829
-0.761549
-0.745738
0.409322
-0.255821
-0.147007
-0.0949506
-1.05946
0.133059
-0.45596
0.63109
0.999425
-0.730073
-0.125571
-0.360209
-0.312712
-0.075518
-0.7064
-0.106921
0.621302
-0.472419
0.504731
0.753564
1.55826
1.00213
1.254
-0.00495585
-0.428408
0.27671
0.154642
-0.476782
-0.253241
-0.134068
-0.785392
-0.378862
-0.0733832
0.334145
-0.449912
-0.128467
-0.647468
-0.512824
-0.105903
0.365676
-0.53345
-0.121789
-0.0636313
-0.786683
-0.63546
-0.310461
-0.753834
-0.518673
1.62425
-0.507538
0.762811
0.197786
-0.156696
2.23821
0.438951
0.687687
0.936198
-0.0717436
1.18534
-0.495164
-0.462026
-0.439414
0.718841
-0.102269
-0.273749
0.725255
0.361335
-0.741791
0.208685
-0.580815
-0.482456
-0.302185
0.976453
0.580411
-0.277775
0.38323
-0.253288
-0.115435
-0.431529
0.15096
-0.20188
-0.294018
1.42209
-0.0139859
0.482298
1.29235
-0.370874
0.487299
0.443864
-0.912007
0.517792
0.628065
1.93011
1.90179
1.867
0.375774
0.124807
-0.111916
-0.337213
1.1901
1.31146
0.316353
-0.134859
-0.194198
0.706403
-0.239161
-0.400388
-0.616031
0.602169
-0.373448
0.0923882
-0.925953
1.05874
0.384875
0.145907
0.712611
0.885366
0.421679
0.749209
-0.308937
0.207683
-0.41495
-0.453886
0.65291
0.291209
-0.556561
1.13728
0.492559
-0.136831
-0.682573
-0.767059
-0.177627
0.763998
0.886819
-0.531506
0.416033
0.0131737
1.72733
-0.708474
-0.486233
-0.320958
0.711736
-0.385374
-0.241079
-0.654322
0.408189
1.53303
-0.402819
1.027
0.0206325
0.778396
0.52981
-0.428438
-0.354145
-0.708969
0.953225
0.316258
0.675358
0.318129
-0.410045
-0.0760661
-0.43698
0.460826
0.792097
0.708099
-0.117296
0.0706464
-0.116366
-0.140036
0.612302
0.401113
0.402526
0.0872383
-0.688811
-0.202632
-0.773212
-0.452399
-0.112117
-0.24541
0.591965
0.323175
0.6709
0.633525
-0.449171
1.05725
0.429225
0.159592
0.719046
0.468807
0.967575
1.21916
-0.0420582
-0.465517
-0.185921
1.87485
0.318649
0.462989
-0.111914
0.149949
-0.104062
0.367999
-0.0710054
0.596014
0.5188
-0.156228
0.216517
-0.264946
-0.0456488
-0.541589
-0.353662
-0.117502
-0.170691
-0.603465
0.408567
1.69195
-0.743573
0.517487
-0.308714
-0.562795
0.755406
-0.389022
-0.537719
-0.933215
0.517486
-0.412851
-0.626981
-0.802271
0.878326
-0.287076
-0.196384
-0.204492
-0.548391
0.33248
-0.374201
0.9766
1.59458
-0.783347
-0.0564317
-0.564623
0.645848
-0.521674
-0.0718494
-0.638126
1.03382
-0.539158
-0.835347
-0.140324
-0.732324
-0.279125
-0.557095
-0.682121
-0.513822
1.00723
1.05919
-0.0840086
-0.806427
-0.180833
-0.308816
-0.0148807
-0.315098
-0.11456
-0.133322
-0.108704
-0.735575
-0.52962
-0.649524
-0.494218
-0.162564
0.885523
0.636979
1.13596
-0.546743
-0.123231
0.387692
0.835241
0.97078
-0.706068
0.142531
-0.218982
-0.935419
1.07749
-0.651636
-0.378414
-0.771601
-0.344987
-0.511092
-0.10656
-0.387197
-0.689233
1.11622
0.625747
-0.631006
-0.644983
0.692136
1.90403
0.0617778
-0.46121
-0.592533
0.550178
-0.504916
-0.467782
-0.520631
-0.7598
-0.541695
-0.611044
-0.658149
-0.737887
-0.105898
-0.293701
-0.503267
0.447715
-0.473427
-0.731461
-0.667137
-0.110782
-0.792963
-0.635732
-0.525683
-0.115504
1.09092
0.706035
0.959739
-0.245386
-0.622278
-0.253888
-0.571867
-0.340319
-0.6732
0.39241
-0.423478
0.88513
-0.552594
-0.541445
0.640553
0.168286
0.804028
-0.208441
-0.629809
0.198279
0.999507
-0.230098
0.396271
-0.159642
1.27353
-0.344404
-0.593567
-0.225666
-0.207515
-0.74499
-0.279884
-0.677633
0.476208
0.61069
-0.715367
-0.468708
-0.679119
0.211559
-0.0819643
-0.704672
0.77431
-0.497538
-0.51532
0.621895
-0.563305
1.87999
-0.105727
-0.692696
-0.140267
-0.199641
0.0685453
-0.684586
-0.530341
-0.551113
-0.320747
0.00117322
-0.27891
1.02662
-0.603615
-0.646275
-0.648226
0.053343
0.999207
-0.566886
0.81039
-0.624458
0.0926721
-0.633062
-0.491343
1.11525
-0.55429
-0.521515
-0.11809
-0.834649
0.583394
-0.525247
1.79618
-0.0959961
1.06127
-0.231373
-0.61609
-0.550533
-0.0993278
0.225273
0.0380238
0.925353
0.708369
-0.128966
0.558382
0.791934
-0.576882
0.144402
-0.472119
-0.557358
-0.672277
-0.515998
-0.67949
0.406579
0.992458
0.487954
0.737122
1.57568
0.98566
1.23693
-0.0227272
-0.446173
-0.102794
0.18577
0.642443
-0.54343
0.609899
0.241781
0.748468
0.917343
0.716949
0.122966
-0.627679
-0.0973055
-0.587832
1.73484
-0.701837
-0.102422
-0.597253
-0.634396
-0.523242
1.15593
-0.0997758
0.907471
0.658964
0.411169
0.429806
0.938832
0.0937123
-0.324729
-0.570296
-0.738497
0.325302
-0.442293
0.382584
-0.0139897
0.30214
-0.769916
0.291891
-0.16339
-0.53755
-0.750755
-0.563753
-0.163859
1.65708
0.706478
0.0641289
-0.704559
0.367761
-0.204443
-0.173738
-0.231374
0.421146
0.427095
-0.121654
0.404622
0.342209
0.253818
0.180966
-0.534757
0.349001
-0.318992
0.801195
-0.400312
-0.510813
0.381984
0.595158
-0.652479
-0.154513
0.17924
-0.667443
0.524746
0.505875
0.474725
0.669131
-0.0998936
0.234437
-0.703413
-0.488816
0.375252
0.909378
-0.109218
0.211293
-0.390039
-0.366269
-0.580156
0.961292
0.582841
0.739669
-0.591465
-0.702242
0.788207
-0.209708
0.151182
-0.546017
0.733849
-0.66682
-0.540768
-0.102454
-0.113224
-0.742199
0.516398
0.76463
1.01311
1.54759
-0.418345
0.00507981
1.25195
0.393161
0.322836
-0.529159
-0.371104
-0.597458
0.862817
0.773503
0.122335
0.720036
-0.0789992
-0.540918
-0.663455
0.470273
-0.721727
-0.587839
-0.446124
0.794489
-0.543096
0.294014
-0.789412
-0.555027
0.720121
-0.48646
0.715219
-0.53799
0.0789675
-0.583089
-0.611438
0.41691
-0.232286
0.682363
0.237271
-0.859119
0.529925
-0.517076
-0.572165
-0.141966
1.0775
0.871821
0.36875
0.42654
0.699822
0.67023
0.687577
1.20851
-0.523843
-0.132925
0.416211
0.378662
0.388768
-0.418868
-0.74249
-0.529576
0.520393
-0.264256
0.666195
0.267216
0.451498
-0.617922
0.757663
0.900371
0.813063
-0.446477
0.740924
-0.251242
-0.629137
-0.63725
-0.572483
-0.287243
-0.31893
-0.507228
-0.211436
-0.172695
-0.531419
0.794963
0.770704
-0.665282
0.678347
0.627494
0.744908
-0.25346
0.626925
-0.326993
-0.549959
-0.109585
-0.375863
-0.334926
0.435611
-0.124522
0.226701
0.686138
-0.512095
0.924866
0.458745
0.757845
0.010725
-0.264213
0.564093
-0.0360087
-0.49357
-0.584449
-0.198152
1.01322
0.857534
-0.504736
0.733769
-0.137412
-0.0655399
-0.0639329
1.51844
1.04202
-0.389381
0.0340691
1.28615
0.793532
0.544765
-0.483514
-0.559236
0.658253
-0.290928
-0.515262
-0.586314
-0.143428
-0.164117
-0.619312
-0.497039
-0.135834
-0.469632
-0.176859
-0.322584
-0.101587
0.991465
-0.488408
0.595077
-0.11346
1.27358
-0.547628
-0.0775852
0.347763
0.0915275
-0.0896703
-0.501368
-0.320255
-0.285543
-0.687738
-0.622951
-0.583943
-0.670486
0.726158
-0.0966163
-0.196658
-0.492578
-0.246707
-0.0645061
0.630053
0.638142
1.81251
-0.162259
-0.323385
-0.513784
0.242181
0.73504
-0.738473
0.192965
-0.532396
0.412778
-0.601203
-0.247004
-0.557917
-0.177066
-0.169347
0.774535
-0.273087
-0.0909139
-0.648006
-0.168981
0.683944
-0.626228
1.75342
-0.686156
-0.417917
-0.660296
-0.672501
0.728884
-0.698879
-0.565047
-0.611125
-0.103991
-0.289347
-0.309023
-0.184219
-0.404592
-0.0864051
0.802833
-0.818331
0.781193
-0.42844
-0.240007
-0.445429
-0.183723
-0.548167
-0.789988
0.374091
-0.487715
0.661376
-0.6506
-0.093584
0.762599
0.352156
0.0899573
-0.322069
0.376798
-0.542755
-0.463497
-0.616165
0.741142
-0.186109
-0.28666
1.98939
-0.603189
-0.523028
-0.124314
-0.688479
-0.977523
-0.219304
0.779782
-0.146105
0.900564
-0.228594
-0.726558
-0.0939573
-0.594408
-0.639125
-0.0862247
-0.253281
0.573066
-0.705797
-0.757676
0.850769
-0.154166
-0.0839739
-0.503588
-0.263947
-0.547191
-0.754804
-0.00659041
1.863
-0.179164
-0.431489
-0.543265
-0.615172
0.572699
-0.706631
-0.214211
-0.0979797
-0.157707
0.105332
-0.532245
-0.0912108
0.0530593
-0.166299
-0.329036
-0.134631
-0.719772
-0.818524
-0.150713
-0.215046
-0.253109
-0.276542
-0.732243
-0.197553
-0.531123
0.882418
-0.56113
-0.520102
-0.439009
-0.158209
-0.198643
-0.663449
-0.1191
-0.423039
0.126619
-0.311319
0.461834
-0.629764
-0.648316
-0.192694
0.903418
-0.552233
0.50493
-0.454347
0.626797
-0.225002
-0.285588
-0.626903
-0.072373
-0.301781
-0.13751
-0.097606
-0.559348
0.398766
0.950164
-0.425449
-0.128882
0.19543
-0.0813813
0.57242
-0.202506
-0.0579345
1.65989
0.450902
-0.128339
0.110382
0.968818
-0.135845
0.635854
-0.748127
0.268921
-0.127445
0.305851
0.220195
0.139173
1.41883
-0.284372
-0.204173
1.39519
-0.627905
-0.261713
0.16259
-0.175682
0.335267
0.250889
-0.599218
-0.171383
0.429563
1.08474
-0.197729
-0.106126
-0.399185
-0.130973
0.672164
-0.603151
0.401246
-0.086158
-0.0997032
-0.0973186
-0.123111
0.00461856
-0.102181
-0.101728
0.979468
-0.161831
1.04755
-0.184428
0.322219
-0.0981347
0.69481
0.836623
0.313232
-0.152701
0.599122
-0.112373
-0.101755
-0.657164
-0.103805
-0.501582
-0.496754
-0.583264
-0.137735
-0.157117
-0.472847
-0.115812
-0.317279
-0.101043
-0.151727
0.187033
0.240584
0.411482
-0.145814
0.817565
0.702873
0.329091
0.303317
0.111495
-0.145273
-0.416737
0.861108
0.362936
-0.0743637
0.644731
-0.623206
-0.12882
-0.0819106
-0.0990007
0.525246
0.389398
-0.59086
-0.104515
-0.128492
-0.0963962
0.669791
0.555977
0.413922
1.67728
-0.192041
-0.497718
-0.100222
-0.13508
0.456874
-0.187085
0.456078
0.086815
-0.0945874
-0.489408
0.428905
-0.063404
-0.0807352
-0.124028
-0.108078
0.587918
0.0668282
0.749694
0.383529
0.495666
0.538208
-0.364661
-0.295172
-0.120804
-0.222359
0.571709
-0.130757
-0.131684
-0.0988828
-0.124715
-0.232304
0.656237
-0.103515
0.445294
-0.116248
0.378098
-0.127902
-0.0994748
-0.346185
0.683142
-0.159248
-0.342448
-0.107949
-0.0956799
-0.174339
-0.582882
-0.0887375
-0.101292
0.543738
0.296066
-0.0888917
-0.627326
-0.111934
-0.108948
-0.304558
0.721765
-0.214807
-0.463984
-0.114615
-0.239746
-0.478285
0.693409
-0.193776
-0.0912048
-0.406237
0.893108
-0.141608
-0.0918291
0.757744
-0.474782
-0.167207
-0.774132
-0.111937
0.571098
-0.102072
-0.0991385
-0.429071
0.557897
0.767719
-0.0966229
-0.138949
-0.212926
-0.176988
-0.471247
-0.0958858
-0.140617
-0.46847
0.126594
-0.0956175
0.604306
-0.0942308
0.455715
0.412981
-0.0938156
-0.121877
-0.0877049
-0.161575
-0.0191448
-0.100145
-0.102599
-0.0690027
-0.105189
-0.105141
-0.0669824
-0.128283
0.561836
-0.0958476
-0.0707904
-0.0655441
-0.0719744
0.367511
-0.083029
0.359772
-0.550346
0.244287
-0.297423
-0.218902
0.612811
0.0720058
0.436913
-0.0698369
-0.0963331
-0.0858976
-0.224973
0.419726
-0.0954233
-0.620151
-0.283233
0.349398
-0.108018
-0.252521
-0.163773
0.036799
-0.246282
-0.0939171
-0.0878233
-0.0780316
-0.0698596
0.660938
-0.591888
-0.103756
-0.0838824
-0.363954
-0.0286044
0.444752
-0.150211
-0.292183
-0.14986
-0.195583
-0.247749
-0.0628742
-0.142806
-0.0707841
-0.388512
-0.0654481
-0.0953042
0.432915
-0.105307
-0.0921955
-0.0679391
-0.139885
0.190452
-0.501488
-0.516827
-0.0295217
-0.0935016
-0.0670955
0.133726
-0.120911
-0.0674752
0.540324
-0.105469
-0.112789
0.105931
-0.487978
-0.0935964
-0.441541
-0.557717
-0.128821
-0.494037
-0.0991025
-0.110111
-0.315555
-0.112922
-0.120216
0.817016
0.893604
-0.472216
-0.292861
2.0343
-0.480953
-0.129215
-0.0775019
0.259178
-0.114689
-0.637903
0.183695
-0.0709656
-0.0630091
-0.0842835
-0.336099
-0.597357
-0.290344
-0.132962
1.01708
-0.126657
-0.50977
-0.547782
-0.29088
-0.0977231
-0.126805
-0.509078
-0.15441
-0.613777
-0.17503
-0.205285
-0.401435
0.659779
0.549808
-0.533334
-0.688514
-0.0640556
-0.0712989
-0.0922985
-0.464274
0.512351
-0.0766647
-0.531416
-0.120168
1.0752
0.553361
-0.0618626
-0.0757594
-0.0813189
-0.550278
0.947509
-0.559054
-0.0694662
-0.0775589
0.587129
0.861098
-0.0909338
-0.187752
-0.278276
-0.155917
-0.0588002
-0.147167
-0.124819
-0.261373
-0.117859
-0.0845777
-0.14825
-0.0617117
0.979718
-0.393896
-0.079759
-0.092643
-0.0651026
-0.143584
-0.172415
-0.410453
-0.0927496
-0.610488
-0.0929015
-0.0800069
-0.0991491
-0.132497
-0.564823
-0.148277
-0.216674
-0.161494
-0.0933892
-0.0991373
1.45816
0.265165
-0.115471
-0.162288
1.003
-0.330494
-0.0870419
-0.219132
-0.17642
-0.0831687
-0.0988
-0.0602155
-0.092817
-0.489934
-0.159735
-0.105421
-0.280052
-0.106471
-0.105141
-0.571704
-0.0734516
0.849716
0.722156
-0.259747
-0.0821681
-0.136382
-0.374917
-0.176001
-0.412825
-0.184409
-0.239912
1.09081
-0.112133
-0.0907683
-0.198847
-0.0734206
1.10966
-0.153795
-0.20253
-0.682284
-0.119131
-0.0790791
-0.356231
-0.12356
1.12522
-0.689892
-0.168759
-0.135322
-0.0899443
0.61849
-0.186806
-0.664801
-0.453157
-0.127012
-0.446585
-0.0778508
-0.0899951
-0.136248
-0.0846798
0.619298
-0.0966159
-0.0717283
0.802701
0.612818
-0.1456
-0.138633
-0.0865367
0.981652
-0.0797383
-0.0801324
-0.0774042
-0.102554
-0.0811539
0.885068
-0.0909729
-0.184102
0.482295
-0.0756802
-0.462805
-0.0871577
-0.0815216
-0.156884
0.758118
-0.0901238
0.0148009
-0.16939
0.645155
-0.57845
-0.0903294
-0.0264099
-0.0756639
-0.141693
-0.121739
-0.0873409
-0.498217
-0.101034
-0.0896523
-0.0837535
-0.733175
-0.0919031
-0.116496
-0.0860986
-0.129996
-0.0881707
-0.112688
-0.0944571
-0.109391
-0.19864
0.0946678
0.600771
-0.081817
-0.303761
0.53172
0.634657
-0.0841076
0.867223
0.313804
0.226024
0.135988
0.336352
0.246209
0.148191
-0.196423
-0.28726
-0.275218
-0.174679
1.38167
1.41352
-0.619388
-0.597939
-0.522689
-0.532398
-0.0859844
-0.331364
-0.112685
0.611457
0.547886
-0.518897
-0.0893983
0.376701
-0.15271
-0.102065
-0.0883994
-0.277298
-0.223121
0.318306
-0.734241
-0.113658
-0.535338
0.166967
-0.124157
-0.241861
-0.0876503
-0.132436
0.153399
-0.653707
-0.0889695
-0.144676
0.873504
0.498538
0.902909
1.13782
-0.280691
-0.430623
-0.142715
-0.170315
0.241604
-0.704862
0.484134
-0.184352
-0.125467
-0.190949
-0.594238
-0.798123
-0.332805
-0.235515
-0.485411
0.288384
-0.193173
-0.268996
-0.0854004
-0.401654
-0.127075
0.435911
-0.424622
-0.149726
-0.651725
-0.197066
1.07758
-0.536731
-0.398848
-0.152686
0.322124
0.659389
0.0669841
-0.350965
0.427304
0.920467
-0.0823602
-0.227058
-0.641995
-0.0821976
-0.369895
-0.212885
0.355567
-0.158286
-0.118703
-0.0847955
0.410769
-0.0597356
-0.178636
-0.164605
-0.298843
-0.472662
-0.08382
-0.242411
-0.290616
0.437759
-0.106568
-0.101632
0.644481
-0.389479
0.667928
0.981035
0.474502
0.563297
-0.126011
0.515816
-0.723188
-0.175757
-0.295339
-0.216886
-0.196128
-0.0874739
-0.759359
0.717827
-0.198192
0.550399
-0.202662
1.23932
-0.13728
-0.0849351
-0.135504
-0.257352
0.495353
-0.454995
0.21386
0.0298634
0.713723
0.16053
0.388267
0.271071
-0.162111
0.74638
-0.147436
-0.323199
-0.231691
0.00932685
0.334755
-0.274243
-0.0797797
-0.513024
0.450836
-0.11735
0.383728
-0.0953781
0.492552
-0.187719
-0.0748196
-0.530295
-0.534485
-0.149931
-0.530357
-0.324071
-0.209453
0.267352
-0.493244
-0.428069
0.124031
1.08458
-0.174331
0.0814292
-0.138815
-0.460212
-0.200925
-0.0886309
-0.352509
0.429462
0.486104
-0.468725
0.514111
-0.173673
-0.354309
-0.234062
-0.208765
-0.164963
0.610678
-0.0981276
-0.172949
0.919715
0.748256
0.504653
-0.0912979
-0.283356
-0.108178
-0.155217
0.230402
-0.178246
-0.257841
-0.0825416
-0.588534
0.149067
-0.384767
-0.611994
-0.25885
0.896038
0.371086
-0.313548
-0.711111
0.911121
-0.161112
0.257159
-0.166015
0.414477
-0.176728
-0.0801368
-0.115183
-0.574076
-0.493278
-0.4412
-0.174353
-0.0859621
-0.205597
-0.116637
-0.244057
-0.238788
0.412567
0.787584
-0.161206
0.218256
-0.755743
-0.581065
-0.555836
-0.755872
-0.418933
0.673619
-0.270738
0.284931
-0.406436
0.631761
0.511771
-0.16303
0.526547
0.760556
-0.215683
-0.648982
0.435493
0.632335
-0.189442
-0.218258
-0.20313
-0.381763
0.669466
-0.136295
-0.152083
-0.267611
-0.079143
-0.211844
-0.106666
-0.0812886
-0.119491
0.201641
-0.0795837
0.546705
0.0377805
-0.10391
0.663776
0.920196
-0.107305
-0.441591
0.615194
-0.563303
-0.354879
-0.749932
-0.0870731
-0.147666
0.57237
-0.124639
0.692412
-0.203824
-0.223528
-0.649541
0.160683
-0.0885375
-0.650165
-0.550752
-0.422263
-0.383556
-0.437864
-0.368528
-0.294681
-0.588485
-0.0773264
0.551549
-0.41004
0.615131
-0.614693
-0.265718
-0.255076
-0.672068
-0.307584
-0.589369
0.622257
-0.219878
-0.695932
0.435176
-0.703158
-0.257986
-0.280091
-0.131687
-0.256534
-0.806218
-0.259601
0.736139
0.536341
0.421497
-0.176509
0.78683
0.538052
0.4511
-0.279712
-0.266999
0.630174
-0.135518
0.507348
0.000456927
-0.737788
0.31637
0.224358
-0.528123
0.253664
-0.480967
-0.306939
-0.336172
-0.766571
0.105634
-0.370706
-0.0734006
0.4915
-0.73192
-0.754753
-0.112799
-0.550683
-0.227589
0.720212
0.252989
-0.524477
0.579935
-0.902386
-0.152931
0.467344
0.96579
-0.106993
-0.491314
-0.110195
-0.0966065
-0.243665
-0.352675
0.76811
0.24405
0.613348
0.303832
-0.250142
-0.592013
-0.408507
0.30772
-0.0862698
-0.0460966
0.867655
-0.264131
-0.281288
-0.526813
-0.800101
-0.0945893
-0.245699
-0.209848
-0.259838
-0.259273
-0.369523
0.768955
-0.27415
-0.540957
0.573764
0.524918
-0.0744124
-0.496113
0.074149
0.50554
-0.337212
-0.417244
-0.798703
-0.639186
-0.830376
-0.11553
-0.511226
0.149693
0.813752
-0.0721991
0.502147
-0.144087
-0.192917
1.01559
-0.230809
0.855962
-0.546301
1.20604
-0.0274282
-0.143466
-0.377672
-0.302354
-0.805163
0.544527
-0.504314
-0.83324
-0.454344
0.588926
-0.711335
-0.416479
-0.542059
-0.483144
-0.353236
-0.227209
-0.232567
-0.189463
-0.486127
-0.333432
-0.848091
-0.499184
0.669594
-0.258119
-0.111727
-0.30107
-0.116927
0.741426
0.57331
-0.876922
0.95011
-0.8706
-0.178636
-0.502884
0.822419
-0.0578456
-0.208379
1.56581
0.352038
0.877503
-0.616571
-0.0857935
-0.835105
-0.26706
-0.16029
-0.104103
-0.406055
-0.0662246
-0.230084
-0.247711
-0.153378
-0.251627
-0.809485
-0.4586
-0.0621493
-0.177591
0.641651
0.890583
-0.401726
0.283868
-0.398108
0.588054
-0.0722461
-0.0735645
-0.119434
-0.161817
-0.2575
-0.325417
0.541837
-0.232363
-0.83127
-0.396481
1.17094
-0.07322
1.21115
-0.333667
0.32883
-0.820057
-0.0915691
-0.551696
0.574533
0.742713
0.758802
0.4831
-0.5203
-0.444141
-0.0652906
-0.223313
-0.913567
-0.0837673
0.233656
-0.61358
-0.271477
-0.182759
-0.174762
-0.226664
0.593272
-0.350592
-0.191365
-0.176796
0.817586
0.600749
-0.66008
0.380002
0.603192
-0.682641
1.03052
-0.197573
-0.468977
0.582221
0.458386
0.533272
-0.556309
0.452009
0.645613
0.493608
0.567647
0.498457
-0.614984
-0.0926772
-0.236747
-0.452559
-0.583932
0.45996
-0.719888
0.498213
0.856944
1.01296
0.582833
-0.400342
-0.0760027
-0.469157
-0.651379
-0.426714
-0.568035
0.587209
-0.517393
0.570457
0.730204
-0.796232
1.63603
-0.0753456
0.574031
0.354736
0.392667
-0.270014
0.512182
0.821297
-0.50499
-0.136444
0.338344
-0.160474
-0.73299
-0.321425
1.45344
1.35337
-0.653903
1.78541
-0.230613
-0.138574
-0.562091
0.102066
0.865677
0.193603
1.11406
0.278749
0.37254
0.617187
-0.2006
-0.432387
0.68922
0.559085
-0.203896
-0.575349
0.598406
-0.0713436
-0.548224
-0.201113
-0.071513
-0.269042
-0.143488
-0.456049
0.427785
0.853955
0.591517
0.690856
0.566128
-0.153714
0.743021
-0.532488
-0.452681
0.589787
-0.239925
-0.24123
-0.197585
-0.214631
0.955903
0.48978
0.710684
0.42758
0.600253
0.590264
0.849659
-0.291754
0.576634
-0.697165
0.392496
-0.39647
-0.589976
0.656314
-0.404743
-0.603548
0.787212
0.818229
-0.359833
-0.844982
0.835539
0.67218
-0.306275
1.07204
0.268474
-0.348524
-0.367512
-0.5456
-0.562418
-0.287565
0.639898
0.454027
0.457205
0.157801
-0.518446
-0.492754
-0.454312
0.287245
0.521785
-0.507195
-0.507832
0.79526
-0.519813
-0.400055
-0.156847
-0.437722
-0.355313
-0.174407
0.256524
1.4872
-0.358074
1.32398
0.0653662
1.07563
0.827256
0.578782
-0.179422
0.647915
-0.453264
0.545808
-0.329502
-0.39091
0.460044
-0.353138
-0.0814926
-0.0756493
0.623341
-0.220023
-0.159795
0.253291
0.273244
1.84776
-0.471698
1.208
-0.202359
-0.677132
-0.387567
-0.159639
0.166721
0.390597
-0.254433
0.0106223
-0.242958
-0.40027
0.573436
-0.404617
-0.359869
0.576531
-0.596881
1.71246
-0.730529
-0.441385
0.168838
-0.065849
-0.0677289
-0.480943
-0.879747
-0.0573687
0.989319
-0.501992
1.40284
-0.438843
0.0195726
0.851729
0.227954
0.911413
0.280985
0.529199
-0.451233
0.057971
0.315774
0.630514
0.903154
0.0803733
0.00631963
-0.230711
-0.307234
-0.479072
-0.363447
0.210274
-0.401575
-0.53333
0.559984
0.556716
0.428112
-0.374253
-0.437493
0.228458
-0.290449
-0.561057
0.390567
-0.503993
-0.511752
-0.491783
-0.250986
0.38357
-0.614058
-0.0889352
-0.565511
-0.0376342
-0.0863768
0.554458
-0.462045
0.510874
-0.131491
-0.495502
-0.493292
-0.80456
0.310469
0.704395
0.534817
-0.421644
-0.717884
-0.675289
-0.4453
-0.737815
-0.0806971
-0.0651261
-0.749308
-0.548327
-0.491104
-0.649859
0.890159
-0.0824319
-0.260021
0.548316
-0.660705
-0.490579
-0.479298
0.601245
-0.237859
-0.733768
0.142408
-0.492476
-0.786001
-0.427772
0.535091
0.100169
-0.116985
-0.764342
-0.379797
0.653747
0.418079
-0.163485
-0.0717504
-0.305146
-0.184069
-0.742021
-0.158995
0.766069
0.582608
-0.511827
-0.055
-0.143057
-0.034316
-0.462937
-0.122658
-0.455003
-0.376722
-0.196251
-0.376354
-0.114976
0.439916
0.337939
-0.511398
-0.0666233
-0.178556
-0.801311
-0.347733
-0.335442
-0.523011
-0.251659
-0.0847566
-0.179331
0.829334
-0.865658
-0.41216
-0.763594
-0.142772
-0.856028
-0.845092
-0.322164
0.42296
-0.502248
-0.367464
0.432735
0.539441
-0.189415
-0.309455
-0.00416372
-0.230721
-0.457669
-0.449545
-0.264377
-0.447529
-0.409709
-0.257986
-0.0832238
-0.505304
-0.202565
-0.870846
-0.873931
-0.568389
0.618259
0.738207
0.475296
-0.660858
-0.0584485
-0.321639
-0.273446
-0.818226
-0.499951
0.73394
-0.422723
-0.379755
-0.0812244
-0.0562793
0.528926
-0.801422
-0.309529
-0.917894
-0.193496
-0.0392606
-0.0265548
-0.477637
-0.0742747
-0.467258
0.655426
-0.165756
-0.0560414
0.474003
-0.0646558
0.7094
-0.0730123
0.459813
-0.154406
0.511436
-0.686078
0.11746
-0.179643
-0.841343
-0.401978
-0.0723947
-0.527017
-0.638922
0.647602
-0.817714
-0.553301
-0.267261
0.798519
0.235084
0.568577
-0.219047
-0.21187
-0.437414
-0.216465
0.573889
-0.111192
-0.493195
0.175789
0.222155
-0.210461
-0.24093
0.739141
-0.865115
-0.454648
-0.158407
-0.287611
-0.196711
-0.0693651
-0.240175
0.755223
0.739253
0.529854
-0.456088
-0.700978
0.854045
-0.703675
-0.567405
-0.647816
-0.772129
-0.63705
0.961366
-0.420337
-0.171219
-0.458994
1.22599
0.540787
-0.750102
0.393455
1.27187
-0.514055
-0.730685
0.603495
-0.108978
-0.53111
0.0111462
0.793546
-0.438647
-0.12577
-0.15609
-0.194154
0.176565
-0.470771
-0.545455
0.510621
0.902371
-0.42219
-0.320692
-0.438864
0.349025
0.422645
-0.761934
-0.631916
0.639341
-0.49801
1.25469
-0.525045
0.538668
-0.148478
0.423362
-0.43648
0.347566
0.698822
-0.84262
0.805505
-0.0786438
-0.431157
0.278593
-0.333421
-0.407371
-0.733933
-0.804125
0.448705
-0.482117
0.849028
-0.677616
0.135997
0.841426
-0.429876
1.28604
-0.0649715
0.811139
0.689287
-0.706943
-0.545781
-0.519856
-0.182347
-0.0557749
0.122381
-0.568111
0.496096
0.962705
-0.449241
0.534788
0.00761333
0.91102
-0.124405
-0.524526
0.777544
-0.0780979
-0.657032
-0.34234
0.54759
-0.182099
-0.565207
0.559331
-0.594579
0.439279
-0.0785505
-0.0159441
-0.54691
0.809921
-0.184678
0.36437
0.319819
-0.275456
-0.423782
1.91729
-0.369576
-0.56616
0.0248468
-0.590154
0.810868
-0.182603
0.534384
0.499049
-0.374055
-0.657495
-0.734196
0.7389
-0.218587
-0.116247
-0.174288
0.536051
-0.150686
-0.316382
-0.303706
-0.216116
1.53374
-0.0791078
-0.525579
-0.795288
-0.126777
-0.180999
0.395377
-0.150062
1.18285
-0.544229
-0.25548
-0.0728052
0.744118
1.17529
-0.317211
-0.378145
-0.575064
0.523622
-0.0769553
-0.48848
-0.485115
0.493849
-0.233474
0.447442
0.690059
0.675739
0.70488
-0.629097
-0.331157
-0.212059
0.402583
2.6979
-0.510488
1.2373
-0.369425
-0.68154
-0.202782
0.372073
-0.172848
-0.399732
2.03284
0.825628
1.91536
-0.239505
-0.378753
-0.252953
-0.508049
-1.05402
-0.634629
0.129621
-0.21082
1.45897
0.343683
-0.716675
0.473285
-0.127363
-0.293858
0.213269
0.257506
0.0948542
0.300614
-0.167479
0.51228
0.00150703
-0.753945
-0.590983
1.38683
1.68297
-0.0376927
1.50851
0.383729
0.426485
0.170558
-0.461129
1.63668
1.84132
1.75951
1.55143
-0.421934
-0.328568
0.636044
0.600263
-0.0846182
0.675193
-0.550798
-0.946854
-0.805174
0.0446759
1.00939
0.923688
-0.67531
1.09738
-1.49159
1.17239
1.13285
1.59064
0.760873
0.970497
0.848757
0.80322
1.80189
1.25802
0.884547
0.721978
0.554757
1.71984
1.21932
1.05174
1.42673
-0.705378
-0.574627
0.386501
0.547617
0.00567295
1.81603
-0.372921
-0.48774
-0.303739
-0.352764
-0.503211
-0.576766
0.468373
-0.674202
0.335312
0.420289
1.5093
-0.253889
0.235442
1.08481
-0.527533
0.291872
0.0523352
-0.215396
0.467327
0.185504
0.503674
0.109571
-0.528298
-0.492792
0.547978
0.0776437
0.439611
0.213262
-0.0718797
-0.511848
0.185272
-0.33223
-0.173007
-0.0787771
1.21357
0.0511485
-0.188674
-0.00524959
-1.02405
-0.20242
1.29681
1.3216
-0.0371147
-0.13679
0.739252
0.494329
-0.492475
-0.562207
-0.306915
-0.615155
-0.0305514
0.987852
-0.72773
0.795281
1.50386
0.487131
-0.255398
-0.286669
-0.0694232
-0.379817
-0.248107
-0.614845
-0.182908
0.71401
0.144055
-0.655726
-0.216235
0.478135
-0.445172
-0.348917
-0.539475
-0.123541
-0.0811909
1.44627
-0.602208
0.670544
-0.177684
-0.0742837
0.441991
0.751309
-0.275116
-0.415776
-0.172191
-0.0782829
-0.396282
0.0842027
-0.472287
-0.55624
-0.226514
-0.170225
0.465517
-0.309715
-0.349612
0.521094
-0.405616
-0.445373
-0.138236
1.00629
-0.299771
-0.803464
0.8039
0.967333
-0.190986
-0.8599
0.254975
-0.56409
0.909821
1.27156
-0.417368
1.07025
0.885763
0.404278
0.100755
0.193277
-0.181447
-0.0771709
-0.0707933
-0.446455
-0.504796
-0.173271
-0.762672
0.691804
-0.290046
-0.242321
0.759129
0.710507
-0.56764
-0.0715855
-0.1634
0.407706
0.650559
-0.103308
-0.526727
1.14837
0.899053
-0.699789
-0.264404
-0.238434
0.562769
-0.537574
0.520983
0.601788
-0.104832
1.27116
-0.486205
-0.194886
-0.425684
-0.144296
-0.387632
-0.218082
0.598358
0.302408
-0.126825
-0.0775251
0.384444
-0.274743
-0.385586
-0.221419
1.73218
0.0224403
0.849948
1.321
-0.646004
-0.133014
-0.119278
-0.505039
-0.433783
0.0283098
-0.372511
0.183295
-0.480573
-0.375354
0.91341
-0.483298
-0.148065
-0.706213
-0.0772814
-0.182531
0.243106
-0.772267
0.8983
-0.436849
-0.663141
0.67305
0.216995
-0.519596
-0.209234
-0.469177
-0.5035
0.498881
-0.726706
-0.818122
-0.321823
-0.531717
-0.42283
0.0500211
-0.489574
-0.706116
-0.442672
-0.418055
-0.0107683
-0.168497
0.775966
-0.181808
-0.311435
1.1772
0.652
-0.0671833
-0.196071
1.3346
0.497241
-0.137577
-0.162687
1.38044
-0.825025
0.878118
0.0835342
-0.173015
-0.49531
0.257918
-0.611523
0.618283
-0.0755479
-0.455663
-0.72736
-0.346002
-0.412272
-0.0667145
0.802312
0.464296
0.139523
-0.566012
1.14068
-0.800206
-0.52555
-0.800896
1.01479
-1.04523
0.323078
1.76634
-0.824243
-0.529993
-0.553433
-0.450864
-0.433747
-0.781738
-0.478645
0.757793
-0.0579799
-0.204488
0.927181
0.740022
-0.0754159
-0.0766988
1.49143
-0.536652
0.00420098
0.617371
-0.402129
-0.150017
-0.534342
-0.59161
0.686748
-0.496791
0.38004
-0.65111
-0.353774
-0.275159
-0.415749
0.786459
0.0153694
-0.350986
-0.347736
0.372143
-0.481524
-0.430621
0.828187
-0.194134
-0.429968
-0.567707
-0.84275
0.40314
0.814225
-0.246133
-0.352229
-0.688818
0.777702
-0.355429
-0.328796
-0.947699
-0.327148
0.504597
0.471179
-0.592222
-0.392453
0.238292
-0.57147
-0.114911
-0.0663507
0.726092
-0.132556
1.34293
-0.522759
-0.29726
0.46739
-0.0756858
-0.447564
-0.363773
-0.780918
0.802999
0.34408
0.819613
0.383393
-0.801154
-0.559812
0.450803
0.724094
0.399737
-0.581167
0.460821
-0.391481
-0.127353
-0.618118
0.368794
-0.359528
-0.829403
0.25635
0.437872
-0.536449
-0.71166
1.10348
-0.483916
0.730518
0.461597
0.32209
-0.887318
0.431712
-0.07494
0.488224
0.0721056
-0.371905
-0.845788
-0.267879
0.46951
-0.0788457
0.530584
-0.074717
0.865327
0.90491
-0.149032
0.487456
-0.194268
0.560663
0.551528
-0.345968
-0.15023
-0.245113
0.30743
0.835105
-0.279464
-0.357926
-0.428573
0.0291178
-1.33976
0.229845
-0.0679333
0.348951
-0.0624361
-0.15631
-0.651106
-0.499563
0.340253
-0.112988
0.904284
-0.0574058
1.06357
-0.0178207
-0.681576
0.431412
-0.23865
0.792006
2.16694
0.470211
0.454244
0.188408
1.41401
0.626431
1.97425
1.86791
-0.277925
0.145557
-0.18435
-0.392052
-0.235144
-0.367194
-1.17717
-0.60787
0.358732
0.275247
-0.513331
-0.498236
0.436233
0.326932
0.239608
-0.697084
0.118046
0.490242
-0.30538
1.64568
1.52164
0.188497
-0.152348
0.54179
1.49732
-0.0898847
-0.0748104
-0.792052
-0.444214
-0.659896
0.0562473
0.421204
0.0313741
-0.0207811
-0.987542
-0.731586
1.83721
1.43583
1.73311
1.57363
0.616048
1.627
0.668911
-0.575777
1.70908
0.68515
1.03881
1.77493
0.790276
1.16565
0.93365
0.9174
1.11316
1.41173
0.987261
0.566543
0.815022
0.864542
1.18256
1.23678
0.73875
1.06353
-0.145364
1.20515
-0.80208
-0.179813
0.84992
-0.665935
-0.189999
-0.680641
-0.164667
-0.115077
-0.542322
-0.0745493
-0.584895
-0.26108
-0.0740905
-1.09058
-0.500244
-0.661327
-0.118164
-0.166488
-0.653603
-0.258953
0.179342
-0.240911
-0.234394
-0.664723
0.0818261
0.433842
-0.140645
-0.60052
-0.541392
-0.464299
-0.0813976
-0.470207
0.642401
-0.785888
0.76386
-0.292604
-0.611368
0.760372
-0.136214
-0.347347
-0.456264
0.287319
0.781969
0.0340876
-0.814785
0.339088
0.360164
1.358
-0.114396
-0.65052
1.73189
-0.707629
-0.879784
0.817849
-0.190435
0.470812
0.594752
-0.514768
-0.157279
-0.688267
1.81988
-0.228534
-0.633265
-0.501271
-0.774325
0.848685
0.339773
-0.790807
-0.894621
-0.89986
-0.535342
-0.737223
-0.507544
0.61474
-0.16889
-0.71993
-0.608513
1.41547
-0.275496
-0.184785
0.148207
0.240768
0.326342
1.45276
0.597761
0.284093
-0.885837
-0.752207
-0.340227
0.733869
-0.610937
0.187479
-0.617607
0.377046
0.749377
-0.214017
0.485589
-0.221547
-0.830625
-0.478709
-0.542254
1.13565
-0.0641194
0.0537429
-0.205193
-0.147476
-0.69212
-0.0743249
-0.498975
1.12897
0.504592
0.822041
-0.560535
0.0283711
-0.579147
0.48812
0.472652
-0.292439
-0.146351
-0.0786643
0.0933114
-0.51965
0.0832611
-0.840161
0.486102
-0.883786
-0.455316
-0.476488
-0.816625
-0.506054
-0.409978
-0.0800877
-0.450912
0.420018
1.57917
-0.576473
-0.503804
-0.506843
-0.611367
-0.0741542
-0.54259
0.0519435
-0.193718
-0.548882
-0.828219
-0.688734
-0.720776
1.62696
0.704256
1.0352
-0.245428
1.66147
-0.12735
-0.189899
-0.693432
1.73643
-0.542037
-0.623563
0.299084
-0.679258
0.0483848
-0.16319
0.0839247
0.394929
0.0997681
-0.395149
-0.0669072
-0.725264
-0.761235
-0.510022
-0.485835
0.324417
1.76192
0.0546316
1.65771
-0.516658
-0.327857
-0.00142015
-0.881896
-0.306729
0.0619458
0.0193475
-0.603816
)
;

boundaryField
{
    frontAndBack
    {
        type            empty;
    }
    bottom
    {
        type            zeroGradient;
    }
    inlet
    {
        type            zeroGradient;
    }
    top
    {
        type            zeroGradient;
    }
    outlet
    {
        type            fixedValue;
        value           uniform 0;
    }
    car
    {
        type            zeroGradient;
    }
}


// ************************************************************************* //
