/*--------------------------------*- C++ -*----------------------------------*\
  =========                 |
  \\      /  F ield         | OpenFOAM: The Open Source CFD Toolbox
   \\    /   O peration     | Website:  https://openfoam.org
    \\  /    A nd           | Version:  7
     \\/     M anipulation  |
\*---------------------------------------------------------------------------*/
FoamFile
{
    version     2.0;
    format      ascii;
    class       surfaceScalarField;
    location    "32";
    object      phi;
}
// * * * * * * * * * * * * * * * * * * * * * * * * * * * * * * * * * * * * * //

dimensions      [0 3 -1 0 0 0 0];

internalField   nonuniform List<scalar> 
11512
(
141.349
-508.205
366.856
-774.978
3.76352
771.214
420.542
-372.213
-48.3294
654.598
256.694
-911.292
1510.3
-1069.4
-440.903
1216.26
-1527.1
310.842
-39.0442
470.453
-431.408
169.197
-840.669
671.472
961.942
-1610.72
648.783
-1770.08
1678.23
91.8481
-542.947
1759.21
-1142.29
1936.03
-793.737
605.222
181.4
-786.622
-25.6833
-1321.82
1347.5
223.185
-1993.26
1022.22
-386.341
-635.875
-191.919
333.268
482.449
190.644
-673.094
1154.4
-1315.86
161.468
-330.771
379.373
-48.6028
1012.47
-1326.63
314.158
1221.72
800.186
-2021.91
75.1028
-1649.7
1574.6
-494.332
-1157.88
1652.22
472.458
181.986
-654.444
-184.507
-323.698
497.524
1012.78
1657.2
-1816.26
159.064
-97.6593
-1688.42
1786.08
-1561
657.425
903.575
-312.359
652.619
-340.26
-192.356
-127.341
319.697
1292.42
-1217.32
355.357
-1407.21
1051.85
-1754.24
1754.24
100.095
1541.66
-1641.75
-1084.85
-476.154
647.54
-686.584
-388.299
942.173
-553.874
1331.72
-1317.13
-14.5907
-1100.39
712.091
622.006
400.21
-413.863
-17.1747
431.038
-459.62
801.529
-341.908
-1618.34
1618.34
1253.53
-1437.84
184.308
-489.283
1711
1252.9
-310.727
1660.71
-1161.2
-499.504
58.7843
-389.555
2067.75
-1136.99
-930.758
1824.12
-166.917
450.351
156.121
-606.472
-472.758
980.218
-507.46
-1178.35
1278.44
-566.357
969.269
-402.912
396.825
757.571
660.342
-491.145
-438.373
588.877
-150.505
1190.54
-835.185
2308.24
-1080.7
-1227.53
1164.78
-2011.85
847.067
-1611.76
1586.08
440.5
-1582.79
-758.712
1250.26
-491.551
-670.882
358.523
1661.42
-699.474
-1106.93
-870.902
1977.83
698.716
-385.609
-313.107
690.769
562.131
-258.217
1511.75
97.3252
-309.945
212.62
-284.725
757.183
-332.846
559.094
-226.248
-324.373
806.822
-320.409
-138.851
459.26
319.481
101.062
1471.11
-458.644
-999.903
496.496
503.407
262.509
99.2145
-361.723
946.618
-341.396
-1704.29
633.205
1071.09
21.1847
-865.781
844.596
-274.775
588.767
-313.992
158.625
-1093.91
935.29
1050.54
-1066.18
15.6381
373.15
516.67
-889.82
-245.303
695.653
-1102.85
-482.715
1585.57
-676.683
949.358
-272.675
1352.84
-1450.5
-657.061
291.652
365.409
-470.21
-1011.47
1481.68
-536.005
-797.419
1333.42
575.037
-994.952
419.915
-261.433
-313.931
575.364
400.557
-303.231
-1047.26
574.503
955.605
-796.98
-110.411
943.616
-833.206
-200.303
407.979
-207.676
-636.802
-363.101
-386.738
961.775
1856.35
-1856.35
-480.399
-176.662
-946.717
1568.48
-621.765
465.682
-901.705
436.023
-921.919
355.562
-941.903
-1058.08
-1500.45
343.013
1157.43
-269.379
923.977
-334.179
630.776
-296.597
-1941.89
999.992
-1150.51
-349.94
567.23
-1513.95
1728.5
-1726.04
-2.46673
200.52
-617.633
417.113
-1470.85
975.991
494.859
275.884
223.848
-499.732
304.341
-637.186
232.303
-405.852
173.549
2017.66
-870.115
-1147.55
-556.057
142.194
614.638
841.082
-1455.72
-182.814
415.116
431.805
875.92
-1307.72
-902.793
387.587
515.206
-1051.42
1448.25
-1068.26
309.548
746.198
-93.5791
572.038
-294.092
-277.947
1025.03
-528.535
593.474
-1403.61
810.135
-1342.05
239.195
-539.772
264.997
-1190.99
921.608
1944.61
-988.099
-956.51
276.797
1579.56
-2099.99
898.731
1201.26
352.639
-34.163
-318.476
-222.755
477.647
-254.892
-93.6411
-393.388
487.029
-458.862
138.453
336.338
-131.806
597.488
431.657
375.991
-807.648
-2043.27
1126.07
917.208
462.031
-525.004
62.9736
216.473
-356.803
140.33
1004.19
1013.48
1795.23
-253.576
750.035
-458.383
795.328
-1388.83
593.5
363.424
335.292
1063.65
-1042.46
-489.138
-253.382
742.52
467.256
-126.491
-340.765
795.015
-613.615
548.081
-734.912
186.831
503.332
1157.37
-1240.41
704.405
1033.65
-1527.98
-3.11511
-1439.42
1442.54
327.809
822.32
-1150.13
621.815
269.902
-891.718
-2270.56
1152.9
1117.66
-1101.41
-1169.15
178.657
369.423
959.168
-631.359
877.973
-897.782
19.8095
-2099.39
992.461
-216.709
-185.695
402.404
-42.1003
1770.6
-843.273
68.2953
-1032.05
-1067.94
-227.411
443.884
-693.935
213.536
-286.611
-425.879
712.491
1103.94
-1574.15
782.506
-1374.17
591.66
698.332
-441.638
1947.82
-1444.49
-378.281
-1375.96
63.5499
406.903
-538.007
541.77
30.1743
-588.818
558.643
568.576
-292.691
-598.116
274.551
323.565
788.119
-356.462
35.1282
317.511
1188.47
-1191.59
163.108
237.448
396.341
-682.952
618.241
-1004.98
-2026.78
2026.78
-271.011
-446.504
717.516
698.72
405.839
-1104.56
579.946
166.252
417.824
370.295
-2199.77
1328.86
-925.709
-680.468
1606.18
-477.411
-713.575
-252.145
557.357
-305.211
837.33
-215.991
-621.339
-460.82
661.34
363.058
-697.237
-379.874
-131.817
511.691
-1338.04
-478.228
648.427
-1125.84
-374.136
-1244.21
844.36
1463.88
304.678
-916.115
611.437
966.227
-344.222
1391.16
-797.691
440.039
-276.931
-322.846
-880.409
583.047
297.362
-348.191
-532.217
318.566
-412.208
-189.344
-158.989
348.333
-392.821
1091.54
433.483
-242.839
-383.116
1364.13
-172.583
-1191.55
-482.68
304.101
178.579
223.206
270.454
-493.66
-1.19611
-733.716
592.198
-1729.09
1136.89
1486.15
-871.514
-1048.9
-421.951
-1055.7
574.629
481.07
1391.83
-415.838
928.474
-1411.19
-174.23
-184.186
358.416
-467.518
578.116
-1629.54
427.852
903.872
298.311
298.936
-597.247
568.033
1186.21
1102.47
-709.544
-392.922
391.917
-204.115
-187.802
-1419.42
446.86
736.508
-1183.37
1473.21
-544.732
-486.345
941.436
-455.091
426.163
1186.13
-1612.3
47.428
-724.111
-153.584
416.093
195.846
-388.201
540.428
484.602
-595.48
40.4643
555.015
1024.51
-1307.64
283.131
671.849
-254.025
468.418
-1447.2
978.779
394.158
1688.95
-524.17
894.171
1050.44
-658.439
-1684.91
759.198
563.679
410.77
-974.449
457.198
79.082
1750.18
-1829.26
1443.61
-379.491
-1064.12
1699.22
-1741.32
-364.93
-540.5
729.631
-189.131
-502.59
172.573
294.684
-373.136
-1225.92
214.445
-764.744
-638.864
-630.284
996.277
-365.993
-651.002
640.811
10.1915
654.765
-923.36
268.595
-709.503
350.887
358.616
-647.054
-700.532
347.254
353.279
-932.097
1400.52
-425.493
892.862
-467.369
-2205.32
5.55639
169.295
-530.29
360.995
144.068
1220.06
-105.486
-588.449
152.413
-590.785
1486.96
-704.451
391.654
-465.878
74.2242
-560.794
560.794
1222.95
395.39
1778.3
-1227.82
590.138
637.68
846.589
-51.5737
1292.63
775.115
-541.073
1336.4
293.775
294.992
268.041
-808.541
248.208
-707.829
225.126
-436.92
211.794
-253.559
588.636
-335.077
114.071
-367.63
-591.149
-564.699
1155.85
-378.5
555.907
-177.407
-1192.15
2032.03
-839.883
1288.16
-328.988
-396.434
135.001
-1982.62
824.736
1546.99
-851.34
-695.646
1987.05
-877.491
-1109.55
714.465
573.691
-239.803
464.928
-674.449
1156.56
-482.111
-769.163
1200.97
551.964
924.539
-1725.9
801.36
-553.636
-82.8494
636.485
310.495
261.544
412.218
-89.1199
-323.099
896.274
-83.5663
-812.708
936.077
-576.759
-359.318
1576.14
-472.202
894.668
-1630.19
735.527
1068.44
879.378
746.669
-435.607
-311.062
-1058.82
-258.31
572.217
574.745
-1146.96
-469.632
526.467
-56.8354
572.614
-335.251
-237.363
-989.299
563.806
594.133
892.019
-441.759
1096.52
1425.81
-788.416
-637.395
389.12
-922.754
533.634
-1045.09
408.291
571.192
-1057.54
476.517
-552.612
76.095
488.194
313.334
-511.963
-48.8306
-793.853
-881.711
1675.56
181.574
210.343
-235.784
414.441
-28.7994
-571.878
600.677
500.569
871.891
-1372.46
-502.835
313.49
985.114
-88.84
835.319
-1064.21
228.886
408.126
844.941
-1386.01
-461.594
837.585
1982.23
-1288.05
-694.175
269.489
608.484
255.478
795.065
96.6364
-980.373
883.737
1673.71
-1088.92
-584.789
-138.063
1888.24
-1866.13
-160.644
482.387
-620.536
138.15
-1011.45
528.309
483.138
-1730.46
538.316
-955.416
845.006
392.982
195.896
578.434
-273.756
-417.082
707.253
258.974
49.4594
721.228
-770.687
-1129.88
-898.593
2028.48
-544.945
1121.19
-576.247
-483.986
-322.476
105.766
-1657.86
864.009
-846.747
-617.313
1464.06
-329.006
-294.382
623.387
352.494
-658.631
306.137
257.076
-613.538
339.517
196.661
-536.178
365.63
-617.775
629.453
-276.959
315.531
-454.382
681.205
417.778
-194.572
-405.92
-294.612
1228.04
-2.21923
-1225.82
1038.52
-420.283
558.381
410.888
-1782.3
869.806
912.493
488.366
561.066
-1049.43
-532.033
203.028
-264.623
1182.13
-917.503
-1590.81
1212.53
504.598
-1095.75
386.321
5.33263
432.185
316.364
-748.549
367.486
-612.788
-38.3225
759.905
-721.583
-524.787
794.689
398.071
320.666
525.923
650.827
104.093
-419.453
315.36
1058.03
-644.532
-413.501
494.05
-1664.27
1170.22
-1140.28
1753.22
-612.94
1715.89
-1123.69
-333.822
608.373
-1183.14
1279.78
424.571
-800.698
1614.37
-813.673
-280.135
-202.545
-902.575
1472.78
1816.51
-610.632
-1205.87
-405.249
674.723
-1305.01
-124.643
-59.0082
471.227
-690.436
-354.184
-1236.63
-214.28
471.356
902.301
-561.358
167.97
-1674.89
-71.3254
1746.22
-1082.59
537.65
565.304
-1186.9
621.597
901.076
915.43
630.43
619.834
702.417
239.019
-1150.06
475.613
-396.323
426.498
614.443
-513.353
235.134
-731.17
496.036
710.997
-347.573
-310.681
183.34
-619.293
252.716
366.577
-886.033
-744.161
1087.67
-2145.74
395.235
-679.96
-342.786
-723.395
837.829
587.983
-341.736
324.561
379.245
238.909
634.427
-873.336
526.097
630.463
-555.664
175.79
357.953
-628.965
-1043.49
-852.45
1895.94
-1807.22
157.515
1106.62
-1371.25
1167.16
-713.571
-453.592
-504.624
1349.56
-1495.43
627.932
867.494
-283.807
-209.065
492.872
1428.44
558.603
361.313
-493.129
-479.331
-574.815
1054.15
-426.533
595.828
1583.36
-1131.16
-452.198
-791.6
345.095
654.449
403.584
-1623.42
416.19
1207.23
-183.54
523.057
797.56
785.8
205.474
-703.918
498.444
197.819
210.16
-276.046
-110.472
386.518
504.912
-4.93815
-499.974
-1647.86
598.964
-1612.05
1682.06
-70.0138
13.7543
-1625.8
1069.47
782.443
-350.258
-822.407
-222.686
-1134.57
-239.591
-312.106
679.592
-1812.96
-638.858
1213.6
221.582
758.636
-1332.98
-678.875
-466.129
629.177
-330.866
-1013.26
1350.81
-1933.04
582.225
647.439
1288.59
479.887
-2.23948
718.296
712.92
-1431.22
-635.708
327.341
308.367
434.916
-100.756
-334.16
140.813
323.767
151.979
-475.746
-596.999
1160.68
453.588
-647.039
-459.534
-401.858
861.391
-327.383
153.153
-455.29
152.059
-301.006
-710.441
540.18
-105.264
-578.204
967.324
572.376
-267.373
-305.003
452.353
-776.726
-649.939
459.395
-1129.37
-846.707
1189.72
-569.771
446.535
295.985
-466.988
81.3788
1027.03
-313.599
588.907
-275.308
-509.039
1578.51
-700.107
255.358
367.543
-622.901
228.807
500.801
-34.5359
-466.265
-266.478
-188.812
1011.9
1108.83
564.882
-888.991
953.997
-65.0063
-451.266
167.458
-748.465
322.585
-596.676
327.437
383.56
844.115
-1249.88
405.768
775.834
-814.156
-948.825
-550.396
1499.22
-177.154
476.09
-564.078
269.986
1307.93
794.164
-588.691
1328.14
-679.713
487.084
-663.666
-403.273
-420.597
-378.503
799.1
500.006
-841.402
-472.244
101.901
370.343
-310.209
572.494
725.373
-330.139
-229.643
-175.124
404.767
-492.326
129.641
362.686
1462.28
83.0215
-1545.3
-755.865
1350
-1144.78
-465.944
549.676
-182.133
1153.61
-377.78
1083.42
492.722
704.912
-436.871
-884.711
-522.497
-1328.32
-20.355
985.863
-965.508
595.571
348.133
-943.704
-351.086
-204.971
-684.257
405.544
1621.23
-196.029
385.184
340.43
-725.613
-1839.75
-2106.7
1519.15
587.553
-2037.75
349.333
380.81
533.33
-914.14
-460.576
1018.96
-412.717
-670.301
1083.02
-2030.56
1391.21
639.348
596.288
-1009.01
42.9269
433.59
386.225
185.584
254.455
323.648
977.099
881.463
675.682
-321.001
-354.681
-288.077
616.125
-328.048
569.392
533.074
564.391
514.528
-1078.92
-796.054
-699.373
750.906
402.707
-409.035
715.172
-1193.38
1609.57
437.591
-1107.89
-353.782
550.443
-1384.91
889.166
495.749
-712.471
-340.115
-777.019
340.933
436.085
447.358
717.39
-1164.75
1078.73
-590.365
-424.636
675.132
-250.495
250.548
321.828
-465.799
-432.388
898.186
-228.354
571.391
-968.545
397.155
-462.37
600.598
-1681.3
424.003
670.056
-1094.06
523.929
106.846
113.413
-2212.81
549.482
-102.947
1445
1777.1
-217.548
-1559.55
-438.549
1789.36
-1987.3
1194.6
792.696
396.201
350.468
-43.4697
881.298
-1282.68
717.977
-867.656
-822.065
801.71
298.121
78.792
-376.913
221.782
174.276
-396.058
1563.09
-844.794
-1530.92
-325.432
513.787
-228.997
-284.79
391.258
365.925
264.091
365.086
-11.3831
1003.55
-992.169
379.811
295.928
-675.739
-734.183
1817.43
-1083.25
-342.709
733.967
-1226.87
-414.886
-913.401
481.014
591.551
-792.357
200.807
758.133
-376.531
-381.602
-437.525
-451.465
451.363
1097.29
1241.99
-676.688
798.259
-345.906
382.835
334.681
-234.684
-231.194
-224.594
618.752
408.263
-844.937
436.674
235.119
351.455
-586.573
-419.756
828.019
754.008
-1146.83
896.329
-52.2146
-486.195
281.515
782.131
-96.6365
1385.23
1890.51
-47.6177
351.718
-319.089
423.182
-1088.41
1077.03
643.902
376.56
381.573
85.7672
428.019
261.361
509.853
-377.914
-257.795
-561.306
-89.697
-371.545
363.028
8.51727
-257.579
-282.193
1010.76
-1540.68
529.921
-182.308
-189.904
-388.7
684.629
-1647.41
1590.93
-962.998
278.327
-681.6
584.335
1224.41
-1808.74
607.443
983.488
323.79
-1127.78
710.697
-287.107
-310.141
1387.11
-1455.1
836.804
618.295
440.887
-646.919
206.033
-395.756
491.701
-95.9441
386.457
118.455
1724.72
449.437
-251.618
557.667
-1704.79
1147.12
-98.9832
395.522
343.142
332.541
-448.759
-614.426
1063.18
411.352
-872.946
-640.203
902.263
570.943
-479.63
-229.872
-435.476
-409.462
-307.679
-826.896
1821.09
-1821.09
-101.279
-1599.37
1700.65
297.911
274.703
-916.837
-555.636
1472.47
-408.174
972.565
-609.667
-1038.2
696.49
401.845
-1098.33
468.62
-153.089
573.075
1220.34
-1793.41
-1040.92
2114.16
-1073.24
-379.87
-291.012
-488.243
833.339
-1760
1607.59
152.406
1760
-1613.95
-146.047
-238.93
517.387
-278.457
-537.312
1620.73
1575.06
-1989.94
1104.78
-294.731
-271.508
566.239
228.71
-582.493
-712.69
303.656
1343.62
638.603
587.479
478.417
-1065.9
270.209
434.702
875.205
500.112
-1375.32
541.142
-1020.47
1574.94
-564.183
-774.269
-362.356
-139.431
501.786
-490.359
1207.75
-742.179
329.22
366.433
386.782
246.154
-632.936
615.492
831.557
-602.671
262.355
691.642
-479.63
-331.636
-245.159
576.795
1168.43
-680.75
606.434
469.248
-1075.68
-1288.72
1288.72
-382.665
759.224
-275.263
-485.57
760.833
502.676
440.576
-943.251
396.936
-672.199
604.584
-871.022
266.438
-367.65
-488.987
1076.47
-659.065
-713.864
1372.93
-380.629
952.019
-1552.78
675.289
36.0397
-435.319
399.279
-523.83
737.366
270.452
318.184
161.343
307.277
-535.937
248.83
1870.62
-1967.25
263.707
-724.526
462.458
-826.596
364.138
-907.377
1425.78
-518.406
-430.346
-483.055
600.884
1124.15
-1725.04
-713.836
333.966
-464.154
1033.55
-795.406
1057.76
-372.189
-621.899
-503.467
751.675
537.309
-355.323
914.027
-320.523
-171.804
1599.03
-1816.58
-351.117
-617.428
-351.314
480.955
279.398
-610.264
-178.406
1073.85
-792.336
199.357
-305.573
-272.716
578.29
391.799
-891.822
500.023
-478.732
-467.219
-916.115
-364.918
602.747
-237.828
-463.675
-445.483
-356.173
-180.004
-409.922
656.076
-446.721
781.402
-1071.68
622.916
-1406.05
559.308
-28.8331
-1840.34
1869.18
570.119
-450.724
1237.38
-699.729
294.877
-294.877
674.36
-455.404
1037.86
-1647.53
-1158.74
-947.965
287.177
328.948
896.805
717.566
-510.751
-306.014
816.764
1661.94
-1690.78
-433.224
335.796
232.78
1134.89
-528.452
-943.341
1550.5
-607.155
441.529
-255.945
371.798
405.073
-776.872
545.006
467.66
-1012.67
-331.265
660.485
-38.1665
1908.78
1605.09
992.364
-1696.82
726.478
-1176.58
450.099
-492.512
1367.72
836.443
-1341.07
-578.899
284.168
811.885
-401.116
547.753
-1193.97
646.221
-633.108
-1215.52
-695.705
1911.23
-191.522
567.832
-376.31
-184.834
328.383
-519.905
337.629
362.792
-700.421
-1491.4
756.944
734.454
883.96
-1434.36
821.548
-433.961
204.587
-358.171
-611.604
279.968
-662.819
-722.096
697.068
507.628
-1204.7
381.952
-206.161
-175.791
553.901
-956.813
-582.65
-427.577
750.162
-831.351
-1155.95
-1437.94
499.743
938.196
3.84576
-657.267
356.436
300.831
-1325.51
1050.15
275.368
-615.168
-456.507
-665.504
920.981
396.828
-190.006
-206.822
508.423
980.409
-1488.83
985.582
-559.312
165.181
394.131
-420.559
689.976
-426.269
-509.813
158.499
234.119
-1522.17
525.456
553.275
-779.641
255.811
139.116
-459.639
361.774
-828.993
1954.16
-1195.38
-758.777
428.845
-697.095
268.25
320.472
344.213
104.634
-448.847
-581.773
186.005
263.432
-691.821
1374.17
-682.347
424.098
482.301
-1194.77
259.807
1866.77
-1013.59
-853.18
784.017
-553.385
188.466
1402.3
-975.101
-427.2
326.573
-781.977
-616.594
1725.42
607.525
634.467
330.491
-32.3695
265.34
-1138.34
1725.72
-587.383
-1763.55
820.209
1766.76
-1695.53
-71.2288
-670.104
273.78
582.372
-737.323
233.856
1402.56
-566.12
381.285
456.301
-1858.78
1420.23
574.948
-447.619
-127.329
199.491
-555.664
-289.177
-194.809
-348.327
691.469
-594.189
231.834
621.506
547.855
-1169.36
1113.47
-1947.67
834.2
156.677
355.014
-1700.38
1662.22
307.935
-744.805
-173.315
377.902
763.38
679.17
-1442.55
1085.32
-1087.54
523.212
-1113.58
-624.702
246.711
377.991
545.324
-292.609
-620.586
-1026.94
287.982
-733.465
-912.322
172.075
153.044
228.908
409.746
287.082
-696.828
-639.148
-834.39
-978.565
487.559
-1069.33
-318.086
496.665
534.412
655.309
-276.474
-119.96
-413.419
737.209
265.209
-1204.75
565.602
1315.41
-552.034
442.442
-1025.09
-381.738
164.025
410.923
1023.13
551.811
-1720.91
1619.63
1640.45
-582.849
-1057.6
1906.71
-1896.06
-10.647
225.158
-544.247
-366.401
565.758
-775.514
-334.798
-335.306
1019.86
708.79
-1517.35
808.557
319.231
-26.1832
1625.22
-1102.85
422.102
-1254.53
480.257
-61.568
1523.85
1196.98
-470.498
-485.863
-73.4495
-278.983
736.078
-1951.6
-706.669
365.756
-536.179
170.423
190.317
-503.916
1139.95
671.621
-1811.57
-635.396
187.776
941.625
-1497.26
-210.536
678.75
-468.214
874.527
1125.47
-745.689
1353.21
631.627
-497.86
-133.768
-342.006
1178.81
1049.42
-1979.88
930.462
-1179.59
540.736
1488.71
-586.444
-403.12
-152.544
-1246.81
570.121
1164.62
-93.5306
946.268
776.032
-1722.3
-195.602
578.829
-1541.71
962.885
487.027
916.397
-1403.42
630.168
583.435
410.844
-1106.6
589.237
1113.97
1215.15
-452.112
-763.041
-1186.2
-1754.93
-5.14352
-1715.77
-206.561
-440.358
1611.99
-634.779
-977.216
-490.813
1121.24
-1322.38
633.89
688.494
-1365.15
1448.17
-1335.37
589.684
1520.45
-394.693
-594.277
191.158
-1490.23
223.534
176.387
243.607
388.02
439.757
411.805
-851.562
506.454
-938.774
900.057
-1444.79
-719.092
239.101
479.992
-1055.18
458.184
-487.866
869.15
697.592
14.776
-545.116
168.807
-886.569
-1318.75
-711.447
345.476
365.971
396.941
-721.71
324.769
-472.945
-189.363
-708.419
725.962
1540.15
-593.882
824.254
738.836
1344.61
-844.495
-970.879
-570.835
-793.33
429.021
364.31
-1035.45
-637.695
299.058
338.637
-1433.68
-296.777
-787.488
394.523
392.966
-669.07
419.371
249.699
-694.725
268.455
412.877
485.309
389.905
438.114
476.943
384.448
595.208
-968.345
695.504
465.175
451.752
355.999
-807.75
1630.72
-1079.81
-550.908
-504.896
-291.822
-1033.69
451.496
347.603
409.771
592.627
-1002.4
-1385.13
750.351
-528.521
1150.12
368.299
-44.5319
412.592
-862.996
450.404
-1899.09
299.72
439.019
-723.601
284.582
-193.133
399.393
-206.26
-659.811
299.368
360.443
-669.752
315.071
370.808
388.416
611.719
-1019.89
751.729
664.783
-1416.51
438.873
624.311
337.375
391.845
-729.221
405.918
328.049
600.908
677.045
420.244
606.449
-1037.72
431.27
-1675.41
1182.41
493.009
1696.56
-539.184
618.361
-1146.96
528.598
-639.426
345.044
437.711
-933.263
495.551
771.315
-454.951
350.771
340.698
582.211
-933.328
653.908
-1252.54
598.631
393.22
733.817
-1224.18
768.603
510.032
-1278.64
497.969
405.38
-903.35
-501.807
-936.132
-293.725
631.354
352.492
540.456
-892.948
329.189
331.296
-502.193
1944.73
435.65
-845.409
409.759
-917.577
-808.323
-745.06
363.458
-1235.59
440.182
-1743.59
1613.95
129.64
1752.35
-1607.59
-144.751
-781.382
-586.81
259.903
326.907
-1766.76
1989.94
539.122
790.577
-1329.7
440.17
715.678
689.697
385.615
-1075.31
-55.7905
1617.14
-594.013
392.464
844.916
-644.974
323.148
321.826
-378.906
-296.007
546.555
-211.07
434.918
276.354
-659.903
383.55
258.498
-572.489
-278.125
442.823
-1032.28
589.455
538.072
1092.65
365.98
595.794
308.805
350.307
-659.111
1637.59
-928.797
1692.59
-1521.32
-171.269
-328.313
-820.452
410.99
857.209
-1067.74
-601.599
273.551
-1090.53
1628.6
-1595.62
-74.8465
1670.46
-341.696
-350.518
-370.694
540.448
594.438
-501.734
-23.2706
-549.578
499.587
-283.594
-215.994
1760.16
-1308.79
-620.007
294.471
325.536
402.998
357.321
734.22
-291.059
-399.583
-1752.35
1690.78
459.813
-1100.07
640.258
-41.8616
1661.49
570.714
476.279
-1046.99
103.044
1144.31
-1451.99
-10.609
-1888.48
221.13
-593.668
306.415
287.253
-954.558
611.773
-896.111
465.765
-1127.83
672.416
455.416
386.618
271.171
-781.922
-310.779
1216.04
886.109
699.459
-1182.58
456.161
726.416
494.692
699.806
-1194.5
-361.434
-249.588
402.632
-959.047
439.041
520.006
21.2149
-1879.99
1081.47
-476.888
-511.172
558.869
-1378.03
819.158
-437.747
801.884
-405.915
502.297
-711.283
1723.18
402.033
-173.125
212.514
-159.727
-247.45
407.177
1895.35
-504.132
-1704.05
1050.59
-596.063
300.057
-1012.35
551.769
-312.682
544.464
904.954
-1449.42
-1102.91
437.41
-21.1149
-1946.14
1713.09
-663.665
-539.226
460.899
-1190.01
729.111
198.405
198.422
-278.541
774.325
698.459
836.2
816.188
-460.19
1084.12
-494.085
470.663
-185.79
-284.873
-1924.9
-712.938
-317.314
-640.513
-6.36515
646.878
458.191
-272.186
570.483
1067.1
-812.228
923.021
1243.85
-425.929
-176.399
-242.699
419.098
959.076
-888.291
-317.162
-1066.85
610.344
1564.27
-807.322
537.865
934.607
-402.873
737.692
-334.82
1129.87
-273.501
341.634
1349.45
-708.744
-214.01
448.357
-1198.25
749.888
-981.396
-135.772
1117.17
439.498
-954.246
514.747
179.797
732.146
483.007
743.045
-108.618
850.706
-426.322
1181.91
-796.297
552.501
-1465.37
912.871
-1216.64
1800.97
-431.706
-1510.19
879.299
-1401.8
-325.919
-422.63
1457.05
-1527.72
783.557
1491.4
194.467
276.196
-370.696
-1743.59
-287.491
-1017.17
1587.66
-1778.68
1778.68
1575.06
-1004.34
-631.142
-355.005
368.332
604.233
-377.299
-377.68
-1389.67
897.158
1125.07
600.647
1202.33
1789.49
-1216.41
-621.314
272.401
1659.23
-1916.8
257.566
815.854
-1268.05
1545.17
-561.679
797.618
323.574
-357.949
555.574
793.99
661.936
1366.54
-242.735
-445.706
-383.002
493.611
-337.49
472.032
735.717
-316.133
-132.714
-347.162
574.905
-227.743
35.077
-370.328
1107.34
-1720.28
-456.629
-502.42
-575.516
864.284
699.981
-1596.31
904.494
-452.249
-631.739
-515.249
1251.76
353.825
1723.85
-1702.64
-1661.94
1896.06
-1560.64
840.12
720.517
-389.36
-1799.81
918.095
584.037
818.526
-393.853
1794.54
-681.069
-423.205
686.53
444.142
-1130.67
-1103.34
444.237
752.738
-1617.13
473.274
900.894
166.544
-391.588
225.044
-1604.02
-389.246
-441.284
990.181
-681.207
1442.82
-979.193
1853.72
242.306
-538.63
489.897
-295.431
474.341
893.376
543.372
977.083
-463.496
-427.889
574.343
882.709
-1392.69
-40.9929
1581.88
-843.048
519.973
971.43
-1475.78
-1115.89
1778.09
-1241.51
-536.583
1206.02
-319.334
-886.686
-182.921
445.744
-262.823
-457.298
-251.271
422.266
-170.994
135.623
-385.211
1737.39
-1742.53
-474.042
-530.883
-903.472
434.539
-196.683
-237.856
630.631
-469.073
-362.286
-330.795
693.081
-940.55
408.333
-1166.94
676.123
408.85
-646.149
-434.363
1586.1
-868.531
530.2
-458.444
-569.294
-462.985
357.121
-346.257
-10.8639
-1119.98
420.249
-665.038
-1033.5
1698.54
-612.742
-1425.15
711.288
562.342
-1596.24
1033.9
-405.811
-473.216
162.828
539.589
-1258.34
743.092
539.268
1005.9
-2133.17
999.982
1133.19
-383.589
405.57
-380.183
-25.3871
1477.98
-382.651
449.664
1195.83
582.663
906.044
566.207
528.077
-1094.28
155.181
-456.823
-1695.53
249.091
1127.5
-626.018
518.666
1013.55
-1532.22
1092.78
-1643.69
185.204
711.126
560.385
-877.547
-1086.3
-165.389
419.618
-254.229
-586.226
-446.383
-636.677
-622.995
344.454
-1619.74
939.275
-477.154
215.54
-388.665
528.53
-307.4
-619.711
1196.98
-1293.53
928.614
364.911
-1020.81
-388.439
-765.252
-831.125
1695.41
-477.396
1794.87
-1585.85
-209.019
-1556.58
1018.62
537.952
-732.699
-251.401
432.386
-180.985
-604.157
385.056
267.742
-652.798
-524.37
1003.6
625.424
-351.873
-1620.22
1050.45
571.817
1103.47
-1675.29
-431.619
-284.117
-375.694
-751.24
-485.236
-332.254
493.596
1557.98
-995.638
-774.125
1497.44
658.725
-322.93
725.883
1152.35
-1878.23
311.696
322.343
-487.574
-1934.5
1721.5
213.005
734.647
-475.673
-258.973
531.873
1060.74
-1592.62
357.121
-1726.37
-233.215
1752.37
-1580.65
1073.72
506.926
-1728.88
2.50425
-522.082
405.57
1700.38
-1721.5
939.294
625.307
-1564.6
369.466
-215.345
-154.121
-427.27
-267.454
65.9881
94.4051
-345.806
-424.597
-446.426
-402.551
209.418
1510.15
379.124
-219.431
-449.64
453.494
-190.062
336.744
1510.7
993.657
-168.673
-824.984
-1104.04
1704.92
-1728.95
1063.91
-707.499
-1021.45
-1265.07
1844.98
-579.916
1155.05
-1771.26
616.208
266.997
-877.649
1675.94
43.41
-1719.35
-491.192
-1082.95
-1737.39
-980.623
552.734
1019.51
590.284
1132.97
-1723.25
276.82
-458.953
699.986
-384.915
394.116
924.334
681.843
-386.761
-650.958
582.945
1072.47
-1655.42
-408.536
-362.169
770.705
446.963
-1662.22
1521.32
140.893
579.42
-1043.57
544.763
1083.84
-1555.61
993.927
-231.72
223.591
342.167
1906.71
450.202
-72.3083
995.845
722.75
-1718.6
-696.73
1085.25
-1557.46
155.906
-569.735
190.274
263.22
-669.51
-566.078
582.689
1034.45
-710.775
-287.618
-1368.39
673.682
694.709
-404.359
752.076
86.1742
-838.25
562.277
-137.197
1557.42
-204.146
285.353
-777.366
-1934.5
1664.6
1022.65
350.887
313.398
457.917
-929.853
-995.047
-1767.26
631.767
1693.76
503.267
-474.686
1210.4
1087.04
-424.943
1029.18
-977.192
487.837
489.354
700.792
1047.89
-1748.68
479.535
487.789
-1493.88
-745.396
35.8519
777.125
-413.667
-894.038
382.866
-540.033
-801.033
611.437
-578.103
1397.26
1055.18
187.827
231.791
-550.677
1618.49
-775.292
1527.02
-1727.83
575.305
1152.53
538.045
-882.266
-1733.15
1916.8
-183.65
1721.73
173.558
-546.071
359.018
-264.613
-481.655
1210.77
568.274
1128.28
-491.141
426.161
855.803
-455.593
-774.054
436.405
337.649
1419.5
1089.53
-518.353
1422.85
-510.489
-533.002
1043.49
-602.818
499.146
-1212.72
1692.59
1839.57
-687.221
1586.06
-646.762
-1240.73
716.359
-562.905
193.624
-379.318
444.291
-234.131
-517.772
-1246.7
1870.95
-624.252
1173.4
-555.038
1120.24
-1659.43
1704.24
-573.992
-548.328
-549.849
1720.07
-316.498
-688.111
-473.43
1223.32
-1690.05
-1860.12
613.415
324.535
-945.874
159.442
206.304
-1719.02
1204.13
514.894
1162.84
558.89
-513.12
-465.449
1191.87
184.43
214.963
588.448
1251.12
-539.187
-1238.57
1777.76
-1025.24
999.985
866.782
-204.053
-1659.23
1702.64
-510.191
1411.09
-1733.15
-347.166
2.49056
344.676
-252.923
584.924
-332.001
95.7586
487.288
779.814
-382.874
1257.51
1270.58
-413.375
849.684
-438.694
1817.55
-662.501
1586.66
-1723.85
-412.827
-764.113
310.126
453.987
-561.273
-563.594
79.747
-1138.57
-985.195
-670.389
1655.58
-943.698
-1189.47
159.639
-431.147
-647.229
705.759
1167.43
650.117
1410.28
-591.75
1636.72
1318
-574.904
-484.867
189.437
-503.329
1396.7
1240
-566.319
-999.98
890.874
59.4074
-950.281
603.411
-506.212
1403.37
1495.05
-589.003
-353.299
353.299
-589.593
1623.49
1239.14
-486.401
1134.12
-64.0318
1850.11
-379.239
1489.46
-589.406
-507.702
1347.82
-650.218
1218.6
-568.387
1554.81
-591.92
760.437
578.286
-1338.72
-658.711
287.128
507.036
600.861
-1957.29
-1004.19
1586.66
358.372
-358.372
-59.3203
383.142
438.406
402.312
-15.8552
-323.271
913.689
-520.47
-428.516
811.659
-237.538
615.529
-425.522
1551.59
-444.35
-883.966
176.048
224.465
-400.513
601.174
1250.76
-1851.94
925.18
-459.416
-346.257
126.147
-1943.05
1816.9
-448.209
171.278
1181
-440.508
-740.488
-297.504
-596.534
-496.263
-380.183
-472.939
256.946
1158.08
-563.637
232.817
-370.472
137.655
-23.062
-107.684
1375.96
-1268.28
34.647
-595.953
-586.503
-445.671
445.671
-1262.34
1985.09
-1344.31
-211.707
-1824.09
238.245
-1025.75
-974.245
-177.59
-1639.56
709.712
1229.32
-1925.02
362.483
317.635
-680.118
-1850.02
1234.27
615.755
-559.144
559.144
-958.911
-40.1014
-1866.13
-558.181
1650.83
-675.74
1636.19
-601.737
-183.079
-1705.4
-579.233
-450.715
-594.866
-460.712
460.712
-1537.81
194.53
1343.28
163.35
222.42
-385.771
501.033
492.624
995.646
-475.64
1751.29
769.655
-415.917
390.53
523.181
1702.07
-594.73
-552.99
1636.83
462.675
1812.82
-645.389
-1804.47
-1938.07
-647.103
-473.943
473.943
-605.093
222.091
-697.876
1018.25
-466.484
-1076.2
-296.15
1579.56
1852.29
1635.37
-1635.37
-273.793
741.303
1761.52
595.803
1275.15
164.423
205.043
594.617
588.109
1603.49
-1603.49
215.848
-359.227
-439.147
451.047
950.49
-462.653
-638.643
-1130.95
1706.26
274.906
-1661.15
622.953
-288.906
462.463
1744.65
-592.12
-212.228
-427.242
378.691
735.274
1738.58
-613.506
-511.792
-772.225
1960.54
-870.462
-1090.08
1642.71
-703.312
1223.96
-1824.96
601.001
356.601
-895.232
-185.067
-100.694
1097.39
-487.045
144.689
631.219
-1658.16
431.404
625.404
-1804.47
-583.297
1787.42
883.318
-1162.88
1760.5
-597.617
1783.83
-575.555
-1208.28
438.049
926.761
-1742.53
924.466
-1486.88
253.152
1233.73
-833.133
-1254.22
-371.371
72.7208
298.65
581.771
263.656
1034
-437.895
845.132
-407.237
820.305
741.609
-1561.91
644.509
1066.5
-23.954
-661.531
685.485
-1744.48
723.028
708.139
150.533
-1122.61
1936.78
-674.565
-1262.21
-537.186
1665.47
836.612
967.52
-1804.13
1227.86
683.371
-409.845
709.213
830.845
1027.07
-587.573
1761.52
625.649
1773.56
-1185.59
-587.975
-383.374
-345.508
728.882
121.454
-1185.57
1660.53
-540.285
-1437.78
1437.78
1250.56
594.426
1351.39
206.585
-557.539
280.761
-181.547
699.16
1113.66
475.696
-291.266
-869.39
-575.399
1740.03
-1740.03
998.1
-998.1
987.338
1025.17
-2012.51
1837.96
-614
-581.124
839.873
-947.856
-1052.16
998.174
691.358
-1689.53
-511.963
-366.437
-642.569
-808.438
2042.7
-1246.41
-613.705
1002.97
974.859
1289.78
647.002
321.08
1012.69
227.426
341.919
1186.21
1756.9
-1756.9
671.422
79.4849
-384.488
-997.06
-539.996
1674.12
990.662
1009.34
-1833.31
-217.192
-362.042
617.676
-368.585
1849.57
-1077.87
-771.702
393.888
-32.575
-813.269
-1662.68
1662.68
912.656
1923.75
-648.6
581.809
-479.065
1708.01
-1228.95
728.749
1837.82
1156.27
-615.534
-577.029
1143.24
-811.901
-482.839
932.142
1106.42
397.126
419.062
368.681
1222.95
-1135.14
-585.143
-644.707
-1212.57
1857.27
-125.596
-256.042
339.793
-516.192
1250.3
991.211
786.626
-601.423
1878.1
-650.24
-384.131
651.873
1877.33
740.268
-545.504
371.209
-441.995
1453.02
-754.563
1172.18
588.313
-81.0005
405.832
-324.831
-1244.21
903.019
399.012
1636.73
-712.394
1046.6
904.873
777.963
765.709
591.548
757.869
1003.19
719.99
1835.88
-984.051
-851.824
538.036
-329.656
292.614
-292.614
-382.234
-670.504
285.589
832.173
392.468
345.225
1888.93
-659.608
1097.84
9.2759
-779.963
1118.98
458.598
-1140.05
1140.05
1758.41
-671.369
739.24
452.626
-187.981
900.042
-639.903
1314.26
1200.53
889.003
1143.71
540.445
1096.38
-555.702
-84.8109
-1090.53
1115.56
636.378
-1669.88
1198.01
-127.007
544.773
-417.766
227.994
-608.699
1859.46
1074.89
-1074.89
996.91
604.95
-1601.86
633.133
651.378
619.207
1115.31
767.621
-667.406
1731.32
387.816
1060.92
129.624
1563.64
528.511
711.49
-1215.59
-717.445
-527.002
1914.09
-1387.09
1852.19
-601.629
1513.38
-1852.28
338.902
984.002
-984.002
1772.82
-683.285
61.4943
-497.101
386.843
-645.867
1353.6
-707.734
672.534
-659.789
67.2604
529.973
621.098
-1151.07
1490.05
-754.526
1025.83
-1025.83
423.362
-323.905
323.905
311.636
1148.37
-695.005
-896.194
1591.2
1233.39
1266.33
661.076
-1927.41
-1321.48
-713.913
1425.2
1321.48
-545.614
-972.632
787.161
185.47
1154.64
-1154.64
1174.12
533.898
1202.81
-1848.2
1206.3
-1060.77
1060.77
1036.23
1052.16
801.561
586.641
-1764.16
1177.52
1092.03
-1735.44
1071.53
-613.342
-509.792
1013.06
-699.427
585.95
1291.38
1690.52
-830.561
-859.963
1048.38
-1048.38
-197.669
358.131
-160.462
-769.782
356.115
-1827.06
624.397
1202.67
-768.198
-762.238
1530.44
-317.934
-320.007
637.941
1123.34
1656.47
-717.197
265.932
196.743
875.861
-875.861
876.399
1680.25
-1035.75
638.357
-1278.26
1260.84
-1909.44
1132.26
-1794.76
-268.561
-401.944
1921.92
1135.49
-1135.49
1236.17
-1850.17
597.501
-597.501
420.711
-251.573
-169.139
609.748
953.891
-474.356
765.807
1772.19
-854.091
472.931
-851.881
851.881
1238.69
-1078.97
1254.71
-1868.41
1267.23
-1891.49
1125.48
1552.31
-768.75
-363.322
894.338
-1872.02
977.677
-360.575
528.545
-859.607
859.607
161.77
-457.92
1176.27
-1777.98
1190
-725.99
-1025.56
1751.55
595.903
-642.207
-169.131
-346.086
515.217
427.287
321.08
541.273
-370.851
636.78
1289.48
-1926.26
843.969
-843.969
1125.82
-1772.92
39.5352
-474.854
1675.25
1205.1
612.698
-1817.8
368.44
-761.09
761.09
639.434
-1852
1243.49
1074.2
-636.155
-518.91
518.91
1222.24
619.858
-1842.1
1160.27
-1752.39
1123.18
-1763.05
639.872
582.506
-1393.19
810.685
1237.85
621.61
-1771.16
1173.54
488.358
627.933
1229.34
-693.433
-1368.15
1773.69
727.001
-727.001
1095.04
-1734.49
639.445
-826.684
387.99
-719.687
1717.86
232.192
301.372
192.224
537.201
1224.28
436.91
-852.128
-808.662
1660.79
-1166.68
-660.379
555.268
-1530.92
-632.235
1088.33
-695.866
665.398
-665.398
1010.14
-1010.14
-605.796
889.554
-723.302
1876.01
-642.615
-207.091
179.214
169.703
-348.917
610.886
1112.18
-1723.06
1813.99
-576.135
-719.392
1895.66
1079.52
-1772.96
573.399
-397.609
-524.052
524.052
155.718
200.992
-356.71
1836.05
200.025
146.586
-346.611
-278.018
605.269
-605.269
-1215.64
1767.92
-552.275
703.306
-437.966
440.472
-231.054
193.529
151.367
-344.896
1802.7
-1817.27
-1745.33
1131.83
571.569
-402.763
201.594
157.932
-359.526
-1685.83
660.584
628.023
-628.023
562.804
548.504
-320.511
-2087.54
-1193.4
-675.865
1878.68
1134.3
-1721.68
-1230.63
620.234
1707.34
-1091.14
-1169.31
203.791
158.438
-362.229
-583.184
583.184
34.4663
680.166
1092.93
-1773.1
1131.17
1102.95
-671.676
321.08
741.28
-741.28
-1468.01
584.819
883.194
1083.27
-1678
1810.55
-604.248
411.29
-715.946
-1640.75
1039.01
-598.639
1796.65
282.028
565.509
-565.509
1633.29
-893.979
434.563
-712.826
712.826
-1097.58
-850.085
-456.581
197.995
169.713
-367.708
655.941
-1301.81
-469.67
-1654.14
1069
527.871
557.568
133.823
208.792
-342.615
-1204.06
1805.06
-608.675
-1280.41
-782.865
1603.17
261.995
519.068
-286.29
626.052
-626.052
1792.34
1497.73
316.251
-621.462
621.462
722.433
-472.733
597.91
-406.753
-199.474
465.407
-504.6
197.2
730.754
-491.654
-712.157
328.026
-1658.97
1118.68
1091
829.834
-568.473
1452.17
-1557.44
965.523
1002.74
-1673.13
611.034
1106.14
-1717.18
-1587.02
1022.84
617.831
-617.831
1223.53
628.765
-1123.02
1102.41
-662.226
730.764
-462.309
-1486.34
897.337
1033.77
-1627.79
-1183.27
-580.894
1956.32
-998.818
523.178
981.769
-1628.53
-157.541
-554.616
1603.67
-17.0137
-668.94
1209.64
-1885.5
551.743
-1681.11
1101.45
-525.955
314.549
211.406
552.439
-1198.59
1845.14
-1528.76
957.924
-257.059
-246.689
503.747
217.915
-459.715
-385.249
1451.74
-755.395
-823.895
1579.29
740.749
-1839.86
1099.11
-317.898
479.668
-1922.61
1949.05
-1949.05
-1802.73
807.68
1881.26
-649.739
171.173
-416.336
-537.909
-340.761
-879.863
387.706
-595.742
1982.85
849.191
-493.323
-355.868
-1664.53
851.49
-1868.66
1050.99
727.105
1836.09
-282.553
1669.22
1787.52
-586.983
-1627.66
545.693
1081.97
872.875
-1628.27
-606.119
-668.012
-129.384
639.255
-364.349
153.61
407.184
1007.86
451.567
-1459.43
1675.34
-543.516
-562.585
1639.41
-1703.45
925.549
-499.387
-1101.46
614.419
-26.519
-1424.59
1630.67
-524.527
-1435.37
859.968
609.001
-1679.39
1070.39
1671.45
-588.181
-1286.91
-689.807
1919.15
-1621.23
-14.1386
-366.852
-1799.2
602.099
-1179.13
-1468.16
878.759
-502.188
923.059
774.571
-1697.63
1007.69
-1433.3
425.607
-64.3742
-232.668
-163.39
-1374.64
393.244
277.342
-941.009
529.345
-1518.35
750.157
-1597.98
790.663
-1115.22
2009.56
23.6452
-607.547
1772.83
941.723
151.485
-1819.71
1169.97
-625.66
433.136
-445.481
1071.13
-105.885
-1079.48
1185.36
-486.249
1246.69
818.881
-1650.01
193.3
1196.7
759.399
-1534.69
139.353
1670.43
610.469
-1539.27
945.511
-1541.25
-549.775
231.84
-1398.88
912.477
451.211
-109.652
1205.56
-571.088
402.404
-721.749
1399.88
-678.133
-363.697
562.425
-330.591
-527.766
814.894
-1372.67
806.551
-499.287
-695.486
-363.158
-463.526
1853.05
-1066.67
-656.395
-631.462
1870.15
-1268.28
469.435
-1239.62
799.111
-955.322
849.436
-1302.72
741.446
-828.853
-279.039
-746.379
323.749
-484.071
1209.66
606.977
1026.31
-6.56057
595.798
-98.2106
426.593
-231.676
446.638
954.264
1065.34
182.736
-1414.33
822.583
-749.739
-1128.75
388.261
-1338.36
763.454
-1595.3
752.251
1264.2
453.22
-221.429
-749.362
1327.65
-1082.79
-651.695
458.791
-341.069
31.1241
994.15
-1119.45
125.303
648.526
-733.633
208.796
-1745.25
-777.803
322.852
-228.044
1087.16
566.107
312.044
-878.151
-595.808
-820.177
369.462
-457.115
-24.0405
1443.53
944.078
258.549
272.663
-531.212
-686.519
1787.97
-65.6616
-453.867
692.885
174.616
357.19
274.577
-596.617
1676.87
1382.54
1829.01
357.312
1079.67
-1766.19
793.082
682.31
-1475.39
-1505.64
1095.02
-1061.34
1709.87
-651.844
316.729
-792.348
-571.678
-989.723
1561.4
-1029.93
260.39
-356.334
1080.52
-1540.24
703.814
-1517.49
-859.091
582.754
276.337
-583.321
534.956
736.606
1112.96
-1668.23
1668.23
-599.519
807.009
1147.15
928.36
-1527.88
-604.878
-947.566
-416.224
-477.754
-288.358
615.699
651.479
-1426.99
-1592.88
724.346
864.993
-1627.23
637.198
739.108
740.25
-1517.62
-485.319
1390.19
-753.88
-521.697
1275.58
-1252.39
686.071
930.08
-401.771
580.681
-1313.38
-1382.54
-1339.36
616.339
723.025
-573.387
644.401
-1294.34
-683.09
740.345
-419.265
802.715
527.765
678.494
425.357
-1179.24
341.512
493.289
-834.802
-427.546
-102.744
875.794
-1592.99
1663.51
-158.259
-1053.07
-626.319
369.184
282.69
1654.65
-556.812
1476.21
-578.877
490.809
646.212
-1510.06
863.847
-1230.65
662.259
-1217.2
-493.956
1138.36
1168.63
705.714
-1227.41
735.49
-1728.3
848.206
467.208
1009.13
-471.924
-164.891
-1050.78
-257.654
412.836
-474.635
673.513
-1569.71
-1183.93
525.488
1034.77
707.624
-1201.58
-603.194
-1634.99
0.774263
358.244
411.8
-901.207
1526.51
324.68
789.087
-417.877
5.14179
1574.57
881.862
-352.04
310.887
41.1527
-470.38
1238
561.199
-1046.18
484.979
-324.68
-21.5772
530.688
-1071.48
540.795
1179.06
-413.356
334.921
-744.766
72.5655
941.625
430.134
-231.712
-500.379
-1063.54
-1191.71
636.676
-713.911
-1611.76
-658.61
797.78
608.197
870.685
-1478.88
1037.64
-1085.17
1660.62
-621.604
-486.006
-316.757
1161.35
-290.209
346.707
-392.007
45.2993
-735.313
-594.708
-1414.84
783.099
-975.654
-626.206
-46.599
-14.2793
-244.726
489.572
-1148.28
247.317
-296.692
49.3748
-1092.07
-589.043
-676.185
586.408
-1150.05
-179.315
345.295
-399.438
54.1432
423.766
378.949
-1097.4
-591.228
815.602
430.927
-495.514
916.559
629.748
-1546.31
901.268
230.459
861.931
-438.569
461.462
527.192
511.048
-1038.24
597.518
486.158
-1083.68
688.979
607.782
802.283
-1410.07
968.963
1129.03
-639.462
943.157
648.042
879.597
-39.3456
573.94
-1102.39
299.025
-358.408
59.3827
466.228
382.962
-408.721
332.933
75.7875
1112.41
507.21
-1017
-1632.27
863.52
1422.11
-757.324
-452.586
367.908
84.6783
1130.91
-710.659
189.406
-1072.97
1712.42
326.178
-413.056
86.8775
1477.98
-599.226
354.752
-441.871
87.1193
-620.846
256.497
-473.054
403.064
69.9904
396.959
-455.108
58.1489
399.306
-443.692
44.3864
464.313
-479.95
15.6371
-446.691
466.279
-19.5875
462.546
-434.049
-28.4972
438.987
-403.111
-35.8763
434.985
-393.145
-41.8399
420.086
-373.28
-46.8059
-386.554
444.564
-58.0104
421.09
-360.485
-60.6045
398.349
-335.668
-62.6809
-401.959
467.602
-65.643
-20.7824
-800.931
490.204
-159.272
755.26
-685.374
467.369
508.952
651.356
-1458.67
807.312
-596.913
-648.01
430.198
381.461
418.089
-432.995
354.242
78.7529
381.542
-756.13
374.589
110.786
1571.46
-605.939
-1292.65
189.776
-560.472
444.335
-926.894
482.559
533.252
390.453
-842.286
451.833
1688.1
-744.017
1500.43
-879.668
-1587.77
-799.924
1763.75
-672.749
475.861
-952.749
757.634
-1354.55
1112.05
1586.08
511.333
418.747
437.372
356.104
-440.536
84.432
-897.531
451.105
-381.004
435.731
-54.727
-758.955
-569.252
504.798
638.437
-423.475
-579.856
1646.08
-575.694
492.896
534.175
508.147
-1016.21
508.065
-1537.46
1173.76
-687.982
1695.67
1127.07
-598.469
-366.779
-409.443
418.663
-9.22002
-284.082
433.436
543.056
-1039.32
477.047
1178.85
-548.194
-546.089
-329.777
344.553
1057.9
-352.449
-633.73
-535.58
512.003
-1058.19
546.185
1425.36
-602.772
1400.93
-500.891
495.647
-981.652
432.63
-381.582
-51.0482
206.543
-885.507
-671.166
1469.11
351.987
-828.33
481.869
-944.522
1833.16
-960.281
-738.37
281.547
542.641
593.97
651.814
-1245.78
684.691
-1432.65
747.961
1074.21
467.212
-906.359
732.054
621.547
-504.76
1417.42
-1770.37
1503.19
267.179
271.687
1453.64
-1020.42
1515.28
184.959
-717.223
248.149
437.601
-861.076
-640.354
-1110.99
295.162
1119.22
-159.698
1289.83
-603.764
-1600.39
1098.2
1921.16
-1110.49
-810.667
-581.966
844.215
1041.9
417.159
-824.396
-809.388
-1121.3
-648.283
-501.07
-382.689
-1350.71
-244.909
316.139
-573.933
199.08
435.042
-830.204
229.09
-652.294
854.219
-1810.43
-853.996
199.733
165.327
-365.06
-932.528
456.903
-1098.71
894.664
1016.07
431.157
1416.75
-1536.06
697.389
281.115
779.881
1379.18
576.105
-1183.44
607.337
466.254
-859.343
-889.009
1879.67
-444.3
187.241
-559.17
1120.37
208.501
626.05
688.212
-197.009
-396.753
593.762
1606.7
-1007.74
-509.2
1147.64
334.926
-268.829
-66.0968
628.373
-1258.19
-855.052
344.045
511.007
-1122.75
-1621.18
783.016
877.774
651.152
721.777
196.218
312.734
139.291
-510.767
371.476
544.15
-298.296
706.46
-1192.71
544.671
398.339
-781.213
-782.569
-627.497
-1.67504
1604.93
-981.978
-819.856
968.634
1529.51
-850.867
-678.647
342.407
-689.834
347.428
-540.2
1298.07
1268.4
180.698
209.235
-1053.73
742.617
682.585
-512.373
141.523
-457.755
262.454
195.3
237.725
1469.11
375.213
-734.439
643.761
968.075
-1539.75
182.459
321.881
337.246
-659.127
1189.39
-602.985
362.003
698.606
-371.585
603.778
1282.78
477.31
-935.733
458.423
543.672
529.757
-1073.43
676.535
-1427.78
894.295
-451.494
-597.103
1679.07
-597.19
1783.53
-1186.34
-626.513
254.928
1510.96
-775.475
-356.596
889.302
292.799
-910.277
-387.482
670.172
822.161
-734.202
1277.86
443.917
-895.716
451.799
-1063.14
-756.564
-763.802
-1060.29
-974.62
-714.912
597.508
-597.508
-7.76133
-732.775
540.563
-1530.29
809.147
200.302
406
-753.41
347.41
656.721
872.794
-1292.82
1833.38
-889.062
1659.99
-718.271
1267.8
-866.009
457.619
-248.823
1404.36
306.506
-595.815
289.309
-1071.42
614.306
-934.171
1535.03
837.279
-129.438
-462.884
844.345
415.65
460.748
-394.525
-66.223
-1640.95
781.602
-573.461
166.709
1632.66
-880.412
1122.75
17.2978
1523.68
-653.239
-1129.39
-409.635
-559.336
-862.399
-1678.8
1052.48
507.561
-587.668
80.1063
-272.867
336.417
-751.218
1847.39
-8.1511
278.8
-598.807
-1523.68
-138.997
1124.97
-685.726
-439.242
-726.718
-117.251
583.605
276.74
-768.394
-591.164
1768.69
382.333
-743.442
1823.96
357.915
-885.681
277.112
290.44
-567.552
-325.712
367.953
341.26
-1377.28
-418.73
222.041
235.579
845.216
-1117.98
455.757
1075.94
-45.3227
-585.325
1156.25
-554.155
-945.924
-447.267
-496.122
-812.028
1308.15
-613.823
100.413
230.078
-221.787
-944.562
1375.25
-430.686
-499.783
-680.66
1297
251.413
-516.241
264.827
619.1
1390.46
619.626
-1552.15
1181.85
-816.937
-468.759
-538.704
279.616
-344.683
65.0665
-547.047
-252.605
-9.02972
-626.846
-1197.41
736.576
460.831
-572.475
1098.71
-670.159
1393.18
-585.21
253.209
1639.47
-915.129
726.718
34.3716
-60.6845
237.806
-484.495
804.333
-536.638
919.641
641.76
1020.33
-445.706
783.844
-1370.52
672.156
-247.584
1052.34
-654.312
1154.05
-372.617
332.516
-572.628
-890.487
1600.2
751.218
1731.15
526.665
-329.465
-531.03
866.87
-485.329
849.492
618.147
387.584
-321.937
-65.6466
713.662
-1602.72
-410.906
969.825
-636.895
-847.094
-742.432
393.342
-328.852
-64.4899
-454.054
-497.324
-602.301
370.764
1096.96
-635.501
880.078
-510.616
586.289
-426.057
1305.56
-1686.13
704.149
-1797.53
607.427
-530.855
507.077
-842.727
335.65
218.277
-543.689
325.412
-763.041
381.3
-354.56
173.757
569.351
-288.633
-469.738
1175.45
1122.47
-685.096
-587.868
-467.697
404.157
-434.168
30.0112
-501.644
192.513
450.792
-209.135
-343.477
-303.526
762.475
-1079.23
485.507
944.908
1037.94
-457.515
374.666
325.712
483.621
1029.13
501.8
852.492
1068.66
823.11
-1476.36
653.248
468.007
-1259.46
679.607
-191.143
-266.611
160.395
-392.033
603.884
795.999
-597.204
-158.842
241.914
237.917
208.721
1658.57
-460.272
-738.316
-315.499
370.201
-54.7015
1166.65
-474.165
-692.482
438.606
-394.458
261.76
410.396
-576.461
493.913
-719.792
1154.83
214.405
643.752
1399.17
-1204.64
696.285
-428.244
150.297
-184.653
-684.548
607.147
523.907
-317.015
1101.49
-664.17
1130.42
-494.923
1202.55
751.187
-616.015
370.86
-51.3798
1512.86
-773.753
1654.32
-993.732
1370.52
-1242.71
252.605
-86.6099
602.531
-780.086
-781.828
-405.166
1253.37
-65.4799
-521.093
-264.189
-1190.84
-588.99
731.857
-278.434
890.972
-456.409
-364.519
172.257
230.147
582.377
-216.238
-283.494
1229.9
-592.215
-543.153
583.235
-656.731
226.848
68.0298
387.86
-325.142
-62.7186
251.781
-1086.29
765.358
279.518
-1017.83
366.933
200.992
-567.925
627.25
-260.992
702.892
-441.9
-778.747
-378.57
-1024.85
516.978
463.164
-1182.96
-882.104
345.466
-126.408
175.511
931.699
-58.3041
498.047
-1162.22
1783.22
-901.353
-55.8022
31.874
26.9406
37.8635
638.345
-472.183
101.977
-698.653
-432.762
-625.425
-509.525
786.265
-442.25
-963.36
-1213.38
-95.416
-464.896
757.695
901.183
-418.624
156.301
-353.97
-29.931
785.479
800.81
427.323
-323.363
380.98
-57.617
-497.632
-626.934
274.485
-626.693
285.065
703.533
-219.712
320.774
1160.82
63.5604
-518.657
647.139
-1593.81
946.671
300.905
178.763
-397.107
582.721
-382.419
223.473
-688.37
-412.959
181.248
-261.358
-214.226
924.923
764.247
190.283
324.934
-952.272
523.116
-86.2938
277.251
-751.293
-660.917
-968.561
799.888
-1220.65
-895.094
305.369
-502.781
146.733
-352.895
-428.262
888.159
-341.974
-476.365
697.947
66.2545
394.458
464.904
1154.36
-746.594
59.35
-387.229
642.157
-529.432
-626.948
732.146
-434.808
1209.81
-319.405
281.961
37.444
1779.07
869.196
515.707
-335.009
863.938
-1428.09
-1840.41
856.36
765.243
-332.691
1603.67
505.247
107.133
-135.419
-178.994
314.413
1695.65
711.168
-1389.3
1687.59
-733.321
1036.47
-42.3202
1217.08
54.1494
279.313
-725.696
-266.234
-344.505
302.602
-799.926
1020.05
539.955
230.756
-672.04
-701.269
-159.477
1211.17
-243.62
-266.385
-184.278
-134.931
319.209
-1032.35
-212.938
-689.759
-618.922
-1309.36
537.135
-547.258
-1247.92
1101.87
737.211
-337.194
-90.0483
370.246
-309.85
-60.3958
1771.18
-522.672
133.557
-354.986
-67.0338
-459.057
955.122
-640.964
484.361
544.409
-636.099
-67.8191
298.418
-114.066
286.345
148.024
210.106
-1154.36
-407.184
-191.352
-134.723
326.075
-757.239
-810.314
-373.129
-81.9851
-886.576
-1121.53
-1464.15
-535.889
-1464.15
1465.89
534.112
1465.89
344.505
-318.178
129.366
1034.7
724.506
1274.03
-1121.62
-461.178
-852.202
-437.157
-840.646
-259.822
658.735
-399.039
296.092
-1752.19
-442.305
30.1443
-373.809
732.332
-573.854
407.115
-668.107
-486.467
633.877
-432.885
-1114.3
-725.562
671.121
-1701.05
-771.438
-687.231
1679.73
-503.697
220.202
1056.27
-560.613
-100.918
-85.8754
-1469.59
584.078
1566.51
386.727
-1419.64
-469.746
-1398.93
249.218
-1015.01
461.006
440.176
1009.52
-862.921
-133.385
-214.091
347.476
-1292.65
-353.405
439.966
-240.886
-769.093
-443.624
-592.343
1487.01
686.261
362.772
-765.19
435.703
1131.14
-699.983
-819.394
-654.928
277.629
-648.845
-23.3544
-470.829
1243.26
-850.014
1462.13
-385.097
-362.082
745.174
-391.35
-900.234
-828.974
-430.148
493.122
-360.625
-137.414
498.039
114.905
420.481
-456.317
1423.84
1573.06
-604.423
-626.776
1156.75
-968.804
260.52
-298.684
-454.01
1099.51
-534.348
-210.418
946.851
-442.95
-154.45
366.244
757.239
-1342.45
-26.4237
-443.246
-249.253
249.253
-320.174
-433.236
932.464
-617.543
1297.15
-412.529
-511.708
-1586
827.61
-327.587
-343.495
-1193.94
1176.84
-569.502
175.782
413.568
-891.322
-722.699
268.529
491.373
-296.072
-633.576
-487.03
-217.418
-148.323
365.742
-819.742
-144.186
-216.209
360.395
-216.951
-137.508
354.46
-275.588
35.1847
900.468
-1517.78
360.578
-190.875
186.392
-966.355
1043.71
-501.067
-673.544
-409.195
1082.74
939.588
-225.288
-145.106
370.393
-391.054
445.203
1352.04
1661.59
1282.78
-1482.96
717.774
185.214
461.664
92.7926
-342.046
457.446
-293.352
788.138
-440.728
502.021
-693.387
-608.421
-465.241
154.929
519.877
-36.1502
-475.071
-402.674
-657.213
-1582.79
773.398
-226.29
-148.05
374.34
-887.863
-512.164
1610.36
-1523.22
-869.975
1129.87
-1175.19
1601.22
1058.47
-818.796
-899.799
126.091
-613.785
1671.69
899.674
910.47
679.456
-258.224
874.574
-350.657
-297.56
-370.947
712.207
398.664
577.059
601.587
532.486
-350.027
752.608
335.539
1580.23
1399
-467.305
314.657
-363.488
-668.532
-6.94147
165.755
-883.075
360.911
-801.184
946.167
837.368
226.848
-263.359
474.765
271.367
-583.289
783.169
207.793
214.597
190.169
1560.39
48.3957
905.551
-953.947
475.672
-402.142
172.776
-1098.64
473.215
56.0095
819.392
908.13
-178.559
-179.08
-388.845
-368.91
-513.194
-609.067
244.549
-929.334
463.556
-468.075
-355.859
71.405
753.393
-457.391
898.343
-81.3524
-479.12
576.386
885.743
351.756
-196.9
269.893
931.959
603.073
53.3526
303.685
261.779
-1226.43
465.241
-906.267
592.234
314.033
1688.74
-429.1
-337.343
273.03
-404.42
976.921
113.042
336.704
1220.72
1514.7
-650.853
-679.484
687.425
-315.328
843.225
-527.897
-679.77
658.988
-400.122
823.425
383.49
612.504
-382.274
-1348.55
1038.57
-248.677
1857.45
-680.954
194.817
528.062
-202.861
695.485
-313.524
239.341
-1100.05
435.981
-1356.59
1339.6
406.622
-231.251
-146.512
377.763
-784.012
-1623.7
-927.676
165.681
55.3613
-609.59
1017.92
1190.84
-670.116
-757.228
-661.47
554.267
500.118
532.121
-1227.61
930.38
-249.305
1175.15
-526.132
777.137
-1290.26
1098.67
-84.881
311.729
-606.641
1392.12
230.256
-632.221
-907.532
403.659
1201.66
201.393
214.7
46.8376
-970.965
907.458
-971.832
-242.966
323.376
761.417
711.85
1156.05
354.884
-661.852
-327.683
-325.973
-290.299
-733.302
-455.934
538
-392.486
-19.7214
83.55
-43.3612
-758.942
299.885
-1334.59
292.132
500.345
667.368
-1167.71
-1099.46
-356.258
-382.882
-1009.52
-1135.08
-1517.91
617.57
-329.653
-1103.8
-378.775
-382.989
777.239
398.028
-1098.01
-64.313
347.008
284.926
285.316
608.135
-1018.79
332.053
-430.701
373.127
-215.357
-399.273
-194.766
-1532.46
290.617
-1508.56
-1457.75
-211.703
1088.87
45.1041
-457.704
1054.19
-552.39
-679.267
1130.06
813.307
361.233
-772.139
686.724
-269.931
-378.913
-406.167
-565.152
1048.77
361.605
-180.914
-180.691
-340.555
-802.182
-401.171
1203.35
1914.47
71.1297
387.208
183.166
-540.796
-301.932
290.112
326.778
-121.387
-205.391
-375.149
168.89
-399.065
458.415
-408.396
769.629
629.148
465.507
-418.669
-366.678
-89.7108
-907.811
385.658
-238.478
-755.538
639.949
500.638
1169.83
1019.84
-1155.62
789.63
-543.339
-117.873
1548.27
-579.029
1102.15
-326.283
1648.21
-129.734
-214.948
356.453
921.17
416.022
-1376.3
-329.912
-1431.25
1315.32
-635.86
706.895
-1353.61
666.956
357.293
-455.257
-627.884
-560.825
496.185
-204.87
-976.75
-833.961
293.165
1125.24
1511.2
1003.88
223.378
472.031
46.138
442.932
508.738
969.975
572.424
-320.643
-292.191
1528.33
-178.335
888.061
-1353.68
955.853
445.511
-607.017
-190.473
-489.298
336.465
-590.49
1131.06
554.516
-312.602
329.809
436.358
-321.453
245.81
-429.851
-140.77
-805.329
332.192
-600.835
-492.205
417.102
-1013.1
197.791
1010.76
507.48
808.176
352.355
-244.236
-401.587
1530.84
-751.583
-474.848
17.9131
-747.198
1167.3
-1708.89
1175.33
-207.692
1324.35
311.975
-350.336
-174.153
584.549
-353.224
464.383
1517.23
-148.179
328.4
-539.512
1391.88
-1195.71
-1325.91
418.165
399.48
-968.051
143.067
-353.717
342.284
-373.611
467.238
1061.09
-561.107
-572.161
1203.71
-1207.32
527.61
330.9
-1190.01
-1271
-256.981
75.6301
-483.159
309.987
-762.06
292.314
-49.222
-607.488
417.015
-371.395
264.403
-142.943
-899.55
-472.423
-351.337
1115.87
-383.6
-295.738
280.73
416.481
429.939
-535.135
271.505
1632.57
-1575.08
-301.585
529.517
-87.9891
-720.126
289.434
80.4095
-1099.81
-430.473
-881.407
265.393
966.42
-332.146
-958.111
-330.64
-3.1681
204.086
-699.996
780.181
-711.885
500.554
-158.664
-240.152
398.816
-340.335
56.9236
-348.189
973.333
998.802
-406.843
179.3
173.056
-651.201
221.984
500.615
-539.961
1080.04
238.184
-379.301
1130.8
-634.613
-270.255
289.551
143.715
-1671.57
366.292
1330.76
183.087
76.0351
2.40047
-425.276
192.055
1474.01
162.908
-802.574
424.794
-1532.95
1543.45
274.662
-158.329
-437.624
-188.426
1107.27
144.324
-283.841
318.277
-326.207
661.746
642.855
294.617
-628.31
-985.601
193.535
-155.741
593.347
-326.338
654.738
336.895
305.262
-776.892
1188.76
70.3675
371.084
-480.505
769.926
324.647
718.423
349.283
121.944
-625.212
913.008
305.339
-462.175
274.78
269.891
-941.265
-214.358
34.1073
-135.427
1500.94
-294.983
1338.01
-196.046
340.371
324.737
-1136.83
426.495
-819.84
357.665
-328.188
-674.589
1021.07
655.799
-487.488
-758.373
235.701
395.867
263.875
-341.764
-141.059
333.113
-557.702
-983.615
691.677
183.952
-607.868
-180.818
-759.574
-466.059
-124.031
-844.02
-159.174
1053.34
506.61
1724.53
-622.654
-83.7713
420.688
-662.196
-175.765
-152.423
-497.059
-120.081
-1465.2
439.536
-223.496
-304.598
-457.554
750.72
351.588
554.086
602.906
-308.461
565.45
199.164
996.267
-813.351
1291.43
586.112
383.382
-307.347
-544.585
-46.3208
-432.799
-1010.61
43.127
-378.905
-380.549
70.2596
-337.105
-793.646
109.173
-15.699
119.027
1113.1
-554.286
-119.134
803.702
291.688
-360.751
-982.054
625.638
-367.616
277.994
803.666
325.932
43.491
-427.93
-249.237
1443.61
485.503
252.44
-99.6221
1212.72
-206.856
-164.539
381.626
-838.987
-233.443
205.852
147.866
-328.556
1380.3
-499.318
-180.137
-144.78
71.5371
11.6361
-134.355
122.718
-17.5033
18.3166
-0.813314
-321.691
219.489
102.202
340.673
-55.8785
-284.794
-179.214
231.425
-52.2115
-16.0579
175.535
-159.477
-3.87475
-7.29721
11.172
37.6394
-22.6276
-15.0118
178.275
-166.639
56.7594
-235.973
188.82
-108.666
-80.1541
386.366
-406.022
19.6561
18.0378
-11.8865
-6.15132
150.691
38.1286
-212.567
296.116
-83.5488
-50.6296
60.3707
-9.74107
426.002
-162.749
-263.252
-214.822
103.39
111.432
-39.4636
109.598
-70.1342
390.183
5.32289
-395.506
-495.44
464.984
30.456
-6.3414
-40.8921
47.2335
-13.9941
-0.434576
14.4287
-133.801
117.743
70.072
283.409
-353.481
-230.661
11.78
218.881
261.91
-409.904
147.994
-41.1811
237.141
-195.96
-0.914094
-1.18584
2.09994
77.8596
60.0183
-137.878
-3.26784
3.66628
-0.398437
-3.26537
3.66415
-0.398786
-3.26574
3.66486
-0.39912
-3.24008
3.65893
-0.418842
3.2361
-3.64761
0.411511
-3.24007
3.6587
-0.418633
-257.395
216.214
-26.2111
174.591
-148.38
-27.2529
18.8735
8.37933
186.051
239.95
-335.618
293.659
41.9597
-0.964509
0.0504142
-12.2198
-0.651179
12.871
29.1068
97.2688
-126.376
14.6885
22.9509
391.626
-321.554
111.402
-302.784
191.382
245.318
-250.182
4.86395
101.82
-127.533
25.713
-2.78198
23.3178
-20.5358
186.168
-157.061
89.0371
67.6707
-156.708
-108.466
-98.5476
207.013
-8.76607
-8.73725
111.304
-137.515
41.2271
49.7427
-90.9698
283.356
69.0306
-352.386
16.605
-20.4798
30.0905
-36.8455
6.75498
-16.6625
-10.5904
-81.4795
30.8499
-3.43959
2.86258
0.577014
272.73
-27.4127
60.3756
-58.7037
-1.67189
5.49655
-126.401
120.904
360.917
29.266
-6.75979
6.75979
-304.127
-5.82342
309.95
17.4037
8.83458
-26.2383
-7.25294
-0.233048
7.48599
-251.539
-146.407
397.946
-259.12
46.5528
331.112
9.56108
7.1565
0.320183
-7.47669
7.22351
0.265411
-7.48892
7.15484
0.317702
-7.47255
7.15541
0.317248
-7.47266
7.28008
0.266835
-7.54691
7.22354
0.265107
-7.48865
-12.9603
0.74055
-2.49047
-11.5036
27.0073
94.5217
-121.529
0.671705
12.1917
-12.8634
-191.247
82.7815
148.656
-143.16
-15.9647
-172.927
188.892
-126.203
153.21
389.789
-127.879
8.08099
1.1909
-9.27189
-93.7535
-121.069
2.74111
-2.43582
-0.305284
-464.28
298.284
165.996
-273.102
217.224
266.196
-240.003
-26.1925
-201.827
313.229
-44.3745
376.443
-332.069
-195.787
237.998
-42.2108
-263.795
135.344
128.451
-265.237
-56.4537
-3.67491
4.17439
-0.499478
-3.94597
0.678131
3.77004
-0.533937
-3.94568
0.680309
-3.94776
0.682021
-3.80355
0.563462
-3.80233
0.562259
-224.803
286.035
-61.2319
-107.843
196.88
-159.22
327.537
-168.318
202.763
-404.236
201.473
440.641
-184.434
-256.207
-0.153824
0.153557
0.000267309
36.1514
350.214
-108.649
129.763
-21.1148
38.644
109.368
-148.012
0.763562
-1.82122
41.7672
-39.9459
-121.242
-21.1833
142.425
16.0143
321.503
-118.74
-63.8255
102.469
11.1276
-11.9621
0.834561
-4.14608
0.471165
165.406
-184.018
18.6119
-3.19434
-0.245247
95.8239
-54.5968
2.19858
0.542521
-0.417192
0.438734
-0.0215421
8.5696
87.2543
-184.218
277.978
-93.7594
110.153
-38.6641
-71.4884
14.8793
-3.75175
-211.918
361.649
-149.731
168.42
272.221
30.8361
29.5395
58.4449
-97.9085
-436.779
392.404
-312.786
150.651
162.135
120.878
-92.567
-28.3106
-110.532
-19.8435
130.375
36.1668
-36.1668
-224.803
173.509
-272.056
3.50637
105.862
0.260786
17.1429
-3.38366
3.79038
-0.406724
-3.44463
3.84961
-0.404977
-3.38356
3.79035
-0.406787
-3.311
3.7313
-0.420301
-3.44433
3.85032
-0.40599
-3.4448
3.85076
-0.405954
-4.87934
30.383
-365.055
334.672
-45.8916
-12.8122
180.02
-242.257
62.2371
-59.1917
52.8503
265.839
-281.804
-19.9813
-19.0753
39.0566
-0.0236004
-28.2783
28.3019
-309.923
-25.6953
232.984
137.176
-370.159
-6.23024
42.3971
310.058
-26.7027
84.4136
-296.332
-436.565
185.026
9.9351
8.38154
236.267
66.3945
-302.661
99.2361
-398.835
299.599
98.7185
-300.546
-409.894
82.1383
327.756
5.93142
-87.5694
323.836
-5.12976
21.7348
-0.325834
-0.0913584
46.3072
241.999
-288.306
11.8396
6.19819
-24.9013
-277.342
302.244
-6.44443
-0.315364
225.826
-381.502
155.676
-48.9769
-214.664
-127.952
-232.054
36.2666
3.35417
-3.76214
0.407968
-265.194
-99.8655
0.168699
-0.322523
-43.1881
-88.5466
131.735
112.441
-34.5812
-1.86315
50.502
-48.6388
-70.9494
120.692
-21.2337
-18.3468
39.5804
-13.4218
0.195737
13.226
-132.838
-277.066
108.812
17.0706
-125.883
-328.773
-166.667
-106.82
59.3128
47.5069
172.179
-6.77319
-312.642
153.422
-25.4274
180.613
-155.186
-351.853
189.104
-115.195
-7.43436
122.63
-96.8861
-51.1261
-32.7534
6.93606
25.8174
-266.069
185.652
80.4164
36.7734
-145.422
26.6577
-28.5208
-33.8286
28.6989
74.8105
16.7783
-91.5888
-284.773
-2.38777
287.161
-167.257
124.419
42.8379
62.8532
-134.855
13.6132
-117.945
6.40961
111.536
284.371
-185.653
-204.053
62.461
141.592
166.659
-69.3898
-178.663
-173.19
12.1062
-109.648
97.5421
-123.091
-196.404
14.5492
181.855
-140.114
120.862
19.252
11.3508
98.8018
-299.482
54.6163
244.865
-261.485
77.2666
-69.5833
81.6894
-7.50458
-25.2489
-1.36973
1.36973
-160.504
-30.7437
76.6923
-1.88187
-2.47628
-6.28979
36.0089
-43.5134
-204.508
287.057
-82.5491
73.4696
-14.8159
4.25888
10.557
6.4696
41.1836
-47.6532
0.62859
173.962
83.2345
-329.335
246.1
-9.13454
-24.6941
48.1797
127.355
-7.19355
-132.921
37.6974
-46.8319
16.8712
-119.545
-8.61326
128.158
211.33
18.3595
-229.689
-0.461419
0.52627
-0.064851
-18.4837
41.4178
-44.1998
256.487
13.6099
-270.097
4.05703
-5.24287
-224.803
0.896059
0.28507
-1.18113
-27.647
-63.216
90.863
-128.992
90.3283
22.0852
-24.5756
-5.7426
-42.4664
-221.066
263.532
51.2938
-51.3174
18.5416
-14.2596
-4.28197
280.655
-47.6709
-131.876
150.488
3.90919
-0.121016
-3.78817
35.3944
-5.30397
245.36
-207.327
-38.0324
-3.95714
0.0111696
-3.95662
0.0109435
-4.45833
4.58723
-0.128898
4.03209
-0.262054
-4.53569
4.65529
-0.119596
-4.5344
4.63862
-0.104223
-3.95937
0.0116099
-4.05003
0.246483
-4.45815
4.58716
-0.129005
-4.0495
0.247176
-4.53204
4.64652
-0.11448
4.69058
-4.54326
-0.147327
-4.45929
4.58797
-0.128684
86.9251
51.763
213.455
-265.218
-8.83458
5.81244
3.02214
143.107
12.0661
-155.173
14.5682
362.828
-263.591
197.78
-58.9273
-138.853
174.194
153.343
-27.9888
-198.159
226.148
-27.7294
-271.752
-64.4657
-42.354
187.378
-1.21033
-27.7251
5.3564
95.7092
-21.1724
-18.5278
39.7002
338.205
131.242
-469.447
-307.467
92.8027
-32.0111
10.7775
-23.0605
147.1
-124.039
240.938
-3.07056
30.6877
-27.6171
5.51448
33.3198
-38.8343
-237.126
64.1991
60.2388
0.13185
-22.842
-83.1935
106.035
-137.554
40.6681
-367.776
239.349
128.427
235.497
-55.4771
97.1236
-436.021
338.898
69.2055
-334.4
30.7566
-8.67144
196.903
-179.833
-139.191
28.6596
1.28552
-1.28552
68.1419
-91.2024
232.115
24.372
34.4642
226.463
-260.927
162.546
-187.974
98.4612
3.35888
337.808
-254.573
0.540521
-12.427
-0.236891
-194.581
-69.214
219.098
-261.565
-4.77762
-10.222
14.9996
-2.25687
44.7218
-42.4649
-0.800998
-12.6208
-360.943
391.326
-19.1489
60.5667
0.191875
0.0563314
-0.248206
-0.204714
-20.96
21.1647
-260.004
-12.6112
272.615
1.73019
8.32304
-10.0532
69.45
395.534
-133.813
319.283
-185.471
201.846
-335.659
21.3662
-19.636
195.751
-202.944
-71.8152
422.387
-350.572
-78.6959
108.185
-29.4889
37.9991
-38.2038
27.6138
-25.3584
-2.25535
-5.44694
3.41825
2.02868
5.57209
54.6667
-3.54249
-0.61283
4.15532
-35.7446
-94.8756
130.62
1.41693
-3.85276
-310.259
407.382
347.763
-106.149
-241.613
-190.186
-274.094
-94.0756
-23.8698
320.682
-27.1203
-293.561
-456.665
15.396
-141.599
-78.5123
216.072
-137.56
209.296
-232.42
23.1241
1.4495
-294.223
292.774
38.548
28.8355
-67.3836
21.7576
-141.302
44.9003
-47.9708
-133.813
69.9875
17.8685
-214.273
4.19235
33.7729
-37.9652
120.265
-93.2974
-3.33303
3.0795
0.253533
-3.33278
3.06977
0.263006
3.3153
-3.06868
-0.246624
-3.33352
3.0699
0.263619
-3.88837
2.89805
0.990318
-3.32711
3.078
0.249111
-3.32684
3.07814
0.248697
-1.48335
11.9945
-10.5112
-25.5525
26.2242
-74.9234
151.035
-76.1116
-60.8891
33.2421
160.927
-180.77
13.8124
287.052
-300.865
-29.9063
9.92499
4.65763
-2.45904
220.976
-187.421
-33.5548
323.874
-395.689
-135.79
-186.074
321.864
137.425
167.092
30.688
-20.702
27.1716
300.241
-286.631
238.934
-29.6382
-21.3601
366.989
4.61347
2.14633
-22.5448
-6.56138
29.1062
151.392
-160.006
-20.617
-16.2285
-36.7851
285.591
-248.806
-7.25294
412.15
-243.73
-155.663
69.7675
85.8958
122.23
-197.154
-210.439
18.9184
-0.376874
-35.6942
-139.665
175.36
8.04805
10.0826
-18.1306
-12.9465
4.94185
8.00467
7.1565
7.22351
7.22354
7.15541
7.28008
7.15484
8.21177
-165.015
144.459
20.5563
230.878
169.756
126.36
60.3349
-21.7869
-107.84
72.0958
315.831
-281.367
349.323
-166.756
340.951
497.035
-361.783
-135.252
0.0634519
-34.4513
-169.601
26.5156
1.0982
157.192
-164.627
75.1169
-168.87
-92.2222
93.4732
-1.251
329.479
-140.949
-188.53
356.106
4.53819
-360.645
-134.001
2.12449
-75.7898
56.6409
325.324
65.2217
171.919
1.44374
-1.44374
251.126
-77.6171
-186.355
168.001
-43.5823
-148.827
160.894
-282.059
9.13956
272.919
-0.23007
-12.7165
58.8748
-8.37283
-80.0132
-53.7998
12.4458
-151.771
139.325
58.7846
-17.601
318.572
-279.442
-39.1297
-257.851
-271.839
25.3637
246.475
16.7291
-276.733
-300.347
393.897
-93.5507
-290.537
13.1944
-87.4491
385.733
315.594
-263.831
-469.244
390.002
79.2421
-183.444
245.741
-62.2971
193.033
87.6217
-142.821
158.217
28.9562
369.863
-398.819
136.38
-58.2407
-78.1391
-0.767522
0.306103
-0.193314
0.385189
264.143
65.3357
-11.0717
34.1795
-23.1078
-28.8501
24.0725
-12.4812
20.5292
-4.824
-0.901002
5.72501
-2.1435
-3.30343
4.69051
-216.818
212.127
-130.725
3.76635
-0.903779
0.529811
-2.75208
2.22227
30.318
-5.59402
-24.724
49.748
-12.0507
1.72081
354.386
174.299
-114.281
46.0654
-10.0566
-155.304
-212.472
291.744
98.0453
94.191
-357.302
263.111
386.959
-392.782
98.2874
-28.1977
-70.0897
292.503
-305.114
-44.8832
-4.08913
48.9724
-76.4715
42.3944
34.0771
24.4679
-1.15007
-244.702
216.713
277.46
41.1118
-444.1
351.589
92.5101
15.4517
-11.2913
374.119
-16.523
-255.316
297.321
33.7913
-120.856
-156.415
277.271
-109.438
447.643
-267.593
48.9442
-7.17703
-20.5292
-15.6376
62.7027
-15.2682
-119.086
-114.612
17.1737
97.4379
-30.9274
-0.0842149
1.69957
2.95806
86.3529
177.79
13.6483
37.0685
-12.3489
-24.7196
6.79441
-8.38203
1.58762
13.258
-1.06625
-193.089
-76.1747
140.069
-63.8944
-206.621
-127.408
334.029
4.21491
-0.0405218
155.494
-44.1897
221.128
-290.244
69.1159
-190.071
-279.172
-0.332309
0.331865
0.331344
0.331814
0.331374
0.333249
386.254
-304.116
33.4363
-6.77865
440.832
-377.979
105.703
-114.094
8.39064
40.8819
247.317
-33.8626
-285.124
245.763
-241.073
4.95958
-238.689
236.302
439.025
-266.958
292.322
128.531
-58.8853
-69.6461
6.44443
1.01081
-7.45524
25.0668
-27.3237
-203.961
16.5397
150.437
2.7735
-0.45763
0.109654
0.347977
247.05
-9.05213
39.3943
-371.894
6.83852
-19.1038
-9.02087
28.1247
-295.097
387.796
-92.6987
3.99957
-133.034
62.0394
290.187
-352.226
-3.92794
-428.622
22.5999
-225.517
42.0735
304.072
-2.77698
-0.765507
2.97319
9.30585
-12.279
406.158
-377.201
-94.4915
26.498
67.9935
-24.9151
20.9889
3.92624
11.2822
-103.504
-354.462
133.166
221.296
262.919
-3.11825
-3.12445
-3.11846
-3.04417
-3.12708
-3.1271
-42.787
299.678
-256.891
-74.6037
-52.9294
-6.32772
6.2067
-2.6874
24.0536
0.69851
270.614
-313.401
-14.8854
-27.3941
23.0613
4.33278
-174.064
-29.8969
-2.75633
-55.7793
36.704
-127.879
31.5303
96.3491
-34.7985
188.432
-153.634
343.191
-272.651
-70.5401
-0.815529
-0.14898
-54.4063
43.3346
-160.29
217.716
-57.4267
-311.021
15.9238
-6.79413
6.79413
6.79441
38.9676
9.97657
255.622
-121.079
32.5321
-43.6068
38.0128
-230.889
458.671
-405.856
-52.8159
12.8153
19.5861
-25.7374
14.7388
-140.621
3.12112
-503.058
393.62
-23.212
-249.003
272.215
-128.108
103.841
24.2667
-318.812
183.022
30.0683
-36.3635
6.2952
-60.374
281.502
88.2417
-82.6696
10.9953
30.8827
-41.878
-42.5024
35.9411
-19.1147
24.6292
-58.5166
40.1698
-227.763
321.954
278.13
-352.797
74.6664
28.81
8.25846
172.309
239.841
-50.0825
37.7336
2.30211
9.78405
-12.0862
-0.040764
-105.236
26.5401
-86.8788
-18.3572
-83.1697
403.23
-341.191
-112.493
320.031
-83.6172
-81.3981
49.4201
-16.1004
-32.3661
-106.825
-220.135
357.31
4.41213
6.00063
31.2767
-37.2774
-393.364
413.02
5.08549
27.6327
-32.7182
-221.904
118.181
103.723
286.237
-46.8881
-3.27869
-0.677936
-3.27866
-0.678484
-3.2223
-0.737073
-3.30348
-1.1558
-3.30329
-1.15486
-3.30238
-1.15595
30.5815
-2.3273
-32.1643
350.086
-71.9553
26.4
-16.3174
-365.347
275.512
-191.098
-204.805
74.7697
-133.697
438.893
-0.986389
-1.76569
-5.84928
-19.0658
-76.4715
10.3774
283.281
26.6987
-113.577
5.12702
-24.2418
-1.4849
3.70717
-5.62741
10.7544
309.351
-116.318
-60.9154
136.032
-430.619
69.6763
-263.698
221.487
262.218
23.3733
62.7201
-11.4263
-232.554
-121.908
38.0244
-14.3779
-23.6465
11.3557
-18.0855
6.72979
0.973062
-15.2326
1.90662
-32.2953
199.118
-166.823
3.04645
18.4592
-21.5056
-6.67787
7.57488
-0.897014
-0.283406
0.668595
-359.172
-32.5361
-127.967
-72.3941
219.461
-201.102
11.8549
-1.7335
-10.1214
20.2515
93.6062
42.7736
88.5115
114.387
-334.521
212.872
-245.168
-1.92278
22.5799
-20.6572
-192.364
-38.7932
231.157
22.3947
-17.3092
6.35914
-22.0113
-6.30079
18.1404
-0.0046513
8.09206
-8.08741
215.054
-275.428
-134.864
28.0392
26.2521
-167.62
346.559
-178.938
46.6602
-7.69262
82.0682
-223.593
141.524
-48.9635
64.3832
-15.4197
300.216
47.5466
12.8305
-9.74149
32.8028
-0.122016
34.5906
212.459
-16.9225
-204.002
220.924
-208.456
24.7288
183.727
215.63
10.8324
46.276
-15.3934
-103.319
-24.5599
209.423
-191.554
16.6867
71.555
-34.1638
36.0204
-5.95205
364.155
41.26
-405.415
111.401
-65.0806
-46.3201
51.3228
-6.60103
8.28656
-9.34215
1.05559
-14.1799
59.0801
-119.929
-35.7344
5.61371
-6.60009
26.1875
13.7629
-39.9505
-49.8912
-158.951
208.842
-17.5201
34.4186
-16.8985
-42.7702
-8.54723
-154.661
152.244
2.41689
-327.255
141.181
-4.19168
4.92
-0.728315
-92.1102
15.6387
8.49542
-101.062
-5.67038
31.8945
33.4035
-2.71577
92.6571
-80.2112
44.9836
-6.98455
43.9823
-30.8555
-13.1268
163.624
8.55485
-87.8907
41.1376
-7.36476
10.9539
40.4539
-9.17717
-55.2001
9.30857
244.447
-48.6968
1.13641
4.5886
-25.2506
-13.5837
35.3416
-7.70886
126.369
-127.564
1.1956
-8.28967
6.80477
1.57514
192.327
-29.7806
16.9475
-15.8162
-1.13127
-34.0976
-5.84838
-92.8507
-233.294
326.145
13.7566
265.175
-202.938
232.531
-264.695
-0.360078
8.39881
-8.03874
-18.1244
211.014
-14.111
-167.432
-20.542
-53.7871
-22.0027
-22.9043
-190.038
212.942
0.106746
78.644
29.0998
9.95681
-69.6704
-104.392
174.063
-0.0694491
12.064
0.277929
-0.561335
-16.2086
97.1201
189.937
-165.587
-37.3576
42.4046
-70.7152
176.88
-9.78734
-21.8436
-9.31071
31.1543
-41.5814
-7.05744
-351.408
-70.5392
421.948
-29.3895
256.416
-227.026
-18.9454
-10.9652
29.9106
152.834
-359.454
-24.2807
-6.1513
30.432
-20.9857
-9.78054
30.7663
-91.0733
27.8573
-35.9627
-6.50219
211.911
178.822
-286.139
4.08037
20.5435
-136.103
115.559
-1.06282
-0.2227
127.223
-120.813
123.396
51.9076
-175.304
-237.906
-143.596
-31.9
-18.1825
-19.3868
0.282979
-86.1545
1.67688
8.47397
-10.1509
-73.7638
288.818
3.89006
-31.4921
-6.71171
185.045
-201.968
7.80691
-9.16945
1.36254
-397.098
-0.0449493
-0.0484737
0.0524468
-0.0485572
-0.146114
-0.0490835
-0.0489601
-164.001
-2.63817
-166.649
116.758
-52.7778
299.253
315.732
-45.1185
134.629
15.3918
-150.021
125.981
-60.1448
308.363
-21.3111
-35.4673
-8.13957
84.5707
-2.44838
-5.93365
212.398
-37.8463
-176.427
-19.3847
-206.133
307.337
-7.09619
3.86605
26.7404
-30.8457
-7.11956
0.547272
0.509002
0.547032
0.511665
0.511724
0.547223
-283.741
-29.6593
-273.823
1.43683
272.386
-3.09361
11.3802
13.7527
-277.451
168.391
-319.098
150.706
-170.267
21.44
27.0414
152.221
-0.828817
9.60158
-103.733
94.1314
-284.125
-16.7392
42.9142
-16.7267
-153.417
152.948
0.468208
-35.2005
-8.3129
226.097
-144.028
10.7337
-29.6791
-180.988
0.217304
105.424
20.5671
87.6176
-3.34568
-0.416465
-32.0633
-10.4391
-10.8908
-21.6422
-72.8493
-31.949
-15.7042
-285.866
-0.765621
-15.5465
108.868
-118.396
9.52843
316.242
-0.410155
-3.56599
-40.1247
-15.6546
-34.6715
-13.2993
-12.968
17.2269
47.6137
-9.60088
-227.496
-142.663
-33.0526
47.5457
-14.493
-45.3584
-9.04794
10.4276
157.196
-167.624
86.2497
164.876
-26.9518
5.9661
44.7863
129.513
9.87717
23.5591
319.692
-412.39
8.81265
-27.5162
5.67262
-5.25338
-22.4718
356.386
154.927
114.75
12.4723
-3.9572
-16.8399
20.797
-46.7414
23.3772
42.8332
-13.7334
93.7267
122.346
26.3519
37.1277
-63.4796
4.4959
-283.381
2.01365
312.77
2.82391
-170.223
5.59665
21.228
-24.7475
23.014
-68.235
-5.52144
73.7565
-158.197
6.42584
-9.69899
21.0547
133.45
5.8756
162.057
-170.333
8.2761
-40.7348
-154.82
11.999
175.226
-130.44
8.71773
149.5
-140.432
154.876
22.004
24.622
30.118
-36.3482
-200.01
127.924
72.0867
8.7249
5.80858
47.5014
-53.31
137.343
-3.427
6.84526
17.8887
-273.204
-12.7738
-11.468
70.3027
321.023
230.627
137.693
10.9632
-4.19168
9.08771
142.602
-156.466
13.864
-7.11817
-21.113
28.2312
-4.4484
-7.51374
0.593664
-6.67787
4.91999
294.016
-1.5133
-7.22315
-7.22591
-7.22503
7.23936
-7.22385
-7.22355
-6.5566
-275.913
-108.645
178.413
157.217
-192.015
52.1516
76.3797
29.7763
-295.453
297.761
-2.30757
155.911
196.334
-352.245
30.3759
7.31758
-17.4665
1.20837
244.555
7.54984
-8.93059
1.38075
96.2344
113.036
33.8452
118.649
-152.494
0.0686395
-7.79349
31.1632
-26.8091
-4.35415
-43.1915
-15.3251
267.058
48.6741
-21.4756
-69.5977
347.809
-106.817
-240.992
-399.602
375.844
23.7575
10.5221
-8.49341
4.09625
-40.5423
104.797
-64.255
-289.766
-62.4601
72.5058
17.4494
-92.1102
381.229
-451.769
-11.102
11.7262
-0.624212
12.2181
134.882
-16.8878
191.23
-224.785
10.5961
205.273
-352.653
147.38
87.2559
-127.798
-283.741
16.7825
-3.53718
-17.3587
20.8959
-24.4953
38.2519
-20.8659
9.47714
11.3888
273.088
19.2342
-151.649
-169.411
321.06
12.8565
-8.76027
95.7523
-233.312
-20.3895
265.852
16.4701
-282.322
-216.794
297.166
-80.3722
-135.966
304.357
7.17058
-9.09947
3.47206
3.85953
182.67
-349.426
32.6396
-108.814
-11.7161
54.1132
-42.3971
32.8963
187.136
-220.032
-268.431
-201.016
125.643
-31.1209
262.118
-220.044
-0.84786
20.2022
38.5824
-300.458
-107.756
-211.205
318.961
409.084
-2.16949
-406.915
-404.956
435.412
-182.231
338.142
-142.822
-229.072
42.3944
242.925
-147.173
3.78033
0.780751
87.2256
-0.964541
2.87116
162.001
13.3589
30.3943
5.0001
-49.3653
-150.645
-144.233
-2.53367
20.9929
-21.3522
301.841
7.10507
-115.771
32.8891
-2.49472
14.3684
155.309
-231.112
75.8031
-17.4492
261.015
-96.1391
-5.47948
-3.61999
-120.264
-13.537
-355.109
401.22
-46.1108
419.819
-354.414
-65.4046
431.928
7.09642
-126.342
112.55
13.792
-3.70384
-0.084337
-137.549
37.5444
-51.1281
-17.684
-12.4812
-0.315766
-27.9625
0.525684
35.6301
-50.0081
15.6756
-383.965
180.476
-390.915
142.609
-194.762
52.1524
7.23936
-7.22503
-7.22385
-7.22355
-6.5566
-7.22591
-7.22315
98.1357
-26.2383
-32.2814
32.5422
210.84
-303.876
93.0358
-56.1926
40.0922
21.9866
204.548
-226.535
151.98
-118.135
319.542
102.405
451.22
8.57851
41.1695
-224.343
-0.0457179
0.714313
-243.428
0.00753351
-25.1776
6.11178
5.94007
-3.61219
-66.552
49.0855
-99.6433
17.5154
1.46304
7.42068
-8.88372
1.32172
351.992
-146.719
6.90084
39.1646
-16.0677
200.041
47.2303
-247.271
-168.383
14.7495
232.615
12.8044
46.0704
-162.99
96.8182
66.1719
42.7531
-60.9356
107.444
138.297
139.114
91.8771
-106.762
389.497
-218.878
12.7455
84.5887
-228.527
356.954
-333.88
-325.919
156.507
-337.587
407.263
413.253
-342.95
-156.32
-77.1105
69.842
-85.2617
9.20857
-100.504
378.544
-278.039
207.088
-203.311
-3.77724
-59.9656
7.66339
16.995
-24.6584
118.505
-147.013
28.5079
-2.67597
105.69
171.77
-290.558
-426.017
325.513
-59.1264
43.4222
24.0765
-305.767
281.691
-85.7201
-2.0115
407.288
-87.2564
8.38316
18.7913
-27.1745
-57.6567
42.2634
-63.1792
205.788
93.5209
13.3317
-204.886
-41.5037
-121.486
-61.6523
45.9977
-108.655
255.651
-55.6107
236.676
-45.4466
144.146
170.267
42.6589
-54.375
-117.451
-104.453
-281.96
53.4332
65.1399
-76.5662
85.3086
305.92
-391.229
123.962
94.2337
-218.196
290.61
-79.7699
24.0361
24.4058
-92.6408
2.24221
-245.874
219.682
16.7008
-8.31766
54.1132
-120.44
185.662
-59.3292
44.8361
-110.293
-27.5847
4.51123
202.577
-246.921
13.263
233.658
-56.1809
43.0541
279.224
-15.2956
-263.929
85.8732
4.8531
6.64679
-11.4999
-127.588
24.2689
171.756
169.195
-59.8006
46.5013
-3.34608
115.83
81.9095
-197.739
210.175
45.4763
-11.6739
65.0436
-73.5908
295.317
-55.0241
44.585
87.3185
50.2207
-137.539
-198.644
-58.9439
48.0531
-22.6192
-33.7228
56.342
60.5751
-258.602
282.678
-53.348
44.1708
-93.588
97.5875
13.2731
-5.46618
62.24
-69.9326
45.8327
-53.9723
-193.124
-96.6367
74.634
-59.2258
49.6249
-154.163
-55.0698
46.7569
45.8579
-53.2226
-49.364
41.6551
-2.904
-3.42372
-9.72679
16.8974
-76.8412
64.029
178.597
131.501
-310.097
-64.2781
57.6771
72.1632
225.003
-51.1747
44.0551
-52.3788
45.6671
351.04
-168.37
55.7085
-62.2107
-133.899
-34.4843
-3.75864
86.4538
-57.6183
0.387583
-157.589
105.904
51.6851
340.496
-404.986
-120.746
54.1406
-61.3176
-10.9887
279.224
-2.9812
-274.084
-64.0939
57.0364
106.176
-55.6657
48.6812
-18.7811
55.4851
-52.2313
46.2792
-55.8832
266.058
-64.7797
47.1787
395.834
-31.4752
218.589
-187.114
139.09
128.92
-230.348
101.429
-69.4411
46.8218
-53.8649
48.0165
-16.8445
271.993
121.904
34.6194
-7.44777
7.62808
-2.70808
44.6334
-63.5302
44.7491
181.775
90.9554
-180.794
125.095
55.6983
-136.379
-102.403
-55.3126
152.131
131.882
69.6661
-201.548
0.141187
-63.782
48.4569
-242.941
-158.915
-64.5233
-78.572
143.095
254.958
45.5725
-7.39458
-38.1779
5.53441
-77.7353
92.3035
192.008
-170.004
-166.485
187.925
-297.278
141.974
-64.3073
50.1274
136.621
106.304
-70.2705
249.206
12.9119
249.569
-166.587
187.815
-21.6758
203.988
-344.936
-220.439
157.26
-232.794
12.7498
-121.063
134.855
9.11329
-152.273
-273.897
182.001
119.539
-237.066
117.527
-61.2826
49.2319
-168.049
181.408
48.7235
157.065
210.829
404.37
-164.685
181.656
-181.656
310.819
-8.21134
5.7523
23.4433
76.057
-106.339
247.864
-57.2236
47.1671
378.766
-381.747
65.1852
-237.676
172.491
-222.25
173.509
48.7414
175.547
-308.581
-164.605
178.469
-131.941
-118.968
250.909
7.28133
38.2911
-0.458808
84.6848
-47.557
235.15
-213.163
-74.8899
-64.5999
55.5519
11.4821
18.4177
-29.8998
-200.56
180.018
61.509
-238.863
177.354
-235.018
189.571
77.3636
-7.62808
4.61347
68.2014
-14.0882
-1.13335
-3.40105
-1.10963
-3.42606
-1.36552
-2.68451
1.30467
2.72742
-1.36846
-2.68104
-1.12991
-3.40213
-0.549724
-2.64462
-1.13424
-3.40902
2.09067
2.55585
2.09772
2.55756
1.06875
3.51841
1.06815
3.51909
1.10216
3.53646
1.06885
3.51912
-65.9998
57.627
177.682
-191.793
-17.7188
-181.076
178.437
348.156
-167.68
43.119
96.9501
-276.729
293.199
57.6998
-254.246
196.547
-178.955
177.745
-220.021
190.24
-51.6949
17.9721
-160.437
171.4
-165.488
177.487
-161.362
169.638
186.917
-203.126
-88.5565
171.594
-162.481
143.09
208.901
-165.852
172.278
-163.966
172.684
174.032
-170.165
-263.807
-321.247
15.9209
-8.25748
-66.4434
312.64
-159.297
-261.015
196.859
64.1554
-171.082
197.203
-26.1206
-265.662
210.052
-188.239
172.693
183.896
-190.669
173.012
-172.384
-255.819
175.057
-174.84
119.06
-51.3895
216.158
-272.041
-182.417
176.675
175.554
-166.741
-125.955
23.51
205.94
-278.245
295.028
-173.119
173.587
171.177
-165.58
49.2912
216.767
-171.671
170.842
-443.832
315.953
-166.605
172.481
100.902
-82.4522
-18.4499
11.0718
-3.522
180.35
-217.377
37.0267
-280.897
58.7411
222.156
162.026
-141.634
-119.38
-85.4911
186.355
30.3554
7.36271
3.15938
280.447
-1.22341
-334.604
313.293
-24.8399
7.94144
-282.629
200.08
188.779
22.1142
-210.893
22.8363
10.5671
130.753
270.022
-265.158
-3.80448
-306.708
306.298
-295.276
304.364
-66.3726
4.95719
-0.343718
312.004
-328.743
158.477
187.664
247.094
-434.759
176.103
369.762
295.393
-302.489
-20.1041
-236.286
-10.6349
-349.444
319.785
303.375
-301.361
-142.506
346.494
14.6674
250.1
-264.768
-30.3445
-227.506
-46.3226
331.125
-284.803
-20.1177
16.5055
-350.552
305.433
-295.703
294.938
-282.176
301.411
-294.47
311.92
280.447
-76.8921
-290.056
303.251
-64.7389
-64.9782
-12.3805
21.5891
179.838
10.9717
-187.398
-15.9162
-281.455
5.19267
276.262
-298.477
308.038
-297.692
300.516
-186.106
-96.5225
-61.9894
68.2014
-230.042
192.684
-38.1186
31.0004
445.999
-56.5017
-323.75
321.443
174.347
-307.919
306.405
-123.612
245.842
-381.708
311.379
70.3286
60.9642
-290.422
229.457
-306.549
298.755
-294.843
69.5094
225.333
-220.044
16.0422
3.53118
-0.834384
10.1402
197.186
-166.498
-75.3933
339.944
-131.042
-263.929
-165.89
373.716
-222.68
301.698
-348.021
330.727
-152.13
-279.866
5.3946
-0.658291
-2.09804
-291.614
206.123
164.166
319.313
-169.588
275.508
85.6098
127.748
-213.357
-113.185
-239.204
352.389
65.1526
265.973
165.595
-175.483
4.89423
170.589
66.1385
293.436
-270.062
58.45
-10.9486
199.641
174.075
103.144
40.0962
-144.488
17.8984
41.1817
-11.9785
0.474894
2.91817
-299.868
296.95
-24.8648
-44.9175
312.196
-139.887
283.12
-104.319
-195.661
-229.173
229.173
245.655
-351.805
338.46
-66.2396
-229.864
-161.051
58.6072
116.619
243.082
-124.902
-286.925
-40.3297
-219.301
-125.595
-375.336
262.843
-240.823
192.127
-285.651
220.912
39.6153
154.915
-350.577
59.1772
-34.3354
-24.8417
53.6579
219.281
-95.3195
-4.36661
-163.257
18.5809
294.716
-313.297
-132.067
-342.443
407.595
-107.315
-251.021
190.876
246.186
-126.647
-91.5345
104.552
-135.638
356.124
-109.029
-263.037
185.42
-205.893
171.442
24.2018
-70.6779
46.4761
13.3731
-82.9564
-219.513
100.902
335.805
-286.901
3.3179
-18.6481
-188.279
11.4838
-19.0433
7.5595
-75.4367
310.577
-376.816
-147.703
-111.722
-332.05
208.959
316.986
-205.547
-15.498
-23.7989
41.7517
-93.4306
120.98
-77.8611
296.388
-354.005
-19.5111
307.855
-359.235
0.190554
-0.0369971
-27.7557
-19.0743
304.555
-79.5519
-19.3889
-35.7245
104.971
-69.2465
157.069
199.055
18.4214
-21.3575
-220.049
254.437
-148.133
-335.663
-0.011259
-2.76572
197.438
66.8607
-20.8433
-37.5376
-12.4705
212.641
147.754
-84.4349
-38.6049
-73.7933
299.127
-17.5775
-147.989
199.896
20.3605
100.62
194.154
-194.154
-17.5325
-118.918
10.7604
0.619736
-139.863
226.135
263.893
-161.307
373.949
-16.011
-16.7465
-163.246
163.246
130.415
-114.929
-15.4864
272.492
16.5958
-289.088
-18.9459
-87.1964
-31.1998
2.82545
122.875
-109.262
100.863
204.434
130.415
-185.451
276.904
-4.41212
1.99937
-59.5188
195.621
-136.102
-65.5333
294.991
11.3704
-2.99108
-13.8424
-14.3589
-14.71
-10.4676
-180.58
385.015
-70.8094
352.5
-17.806
-213.158
4.13717
-90.8762
230.762
19.0229
-179.844
160.821
10.7624
189.813
-182.205
247.983
-217.607
19.3034
1.68944
-176.043
-170.074
-161.08
331.154
-13.2295
-12.1785
-26.7947
-10.899
-324.119
74.7961
249.323
-82.4522
-283.921
340.52
-56.5991
-10.5551
11.4048
-0.849687
220.8
-333.985
-41.3254
221.676
75.4115
-311.698
196.546
-0.124352
30.0222
-29.8978
16.6063
-100.809
-260.957
275.625
-6.70292
283.607
-377.023
201.553
-326.482
124.929
-10.1994
-20.1218
347.263
-71.7508
-34.6988
86.6077
-51.9089
-13.3931
-27.1425
38.6246
-116.66
-210.965
327.625
-8.11439
-9.51956
240.875
42.2447
-298.224
14.3031
-10.4667
-14.6904
14.3747
12.9436
-9.16753
85.9626
96.0388
-244.988
-90.879
335.867
233.593
-14.6893
-106.124
19.1791
-321.454
67.2015
254.253
122.875
-29.4172
4.92191
-173.799
-298.062
293.65
-237.542
-34.162
271.704
-13.3628
-302.645
222.273
64.315
247.959
-312.274
206.094
-290.529
228.437
228.938
-308.49
-14.975
35.7578
-70.4566
-213.158
-11.5226
25.5231
40.3836
-69.8724
-9.04416
-178.231
-147.336
12.1398
-114.929
21.3387
-5.46218
59.2955
-53.8333
-9.99865
57.4175
237.573
-40.467
57.212
-16.745
-3.43155
-284.445
287.876
6.8534
200.534
139.986
97.6007
-308.566
-140.978
118.799
-6.41679
-13.5295
19.7653
27.1819
-102.003
219.529
-11.2606
12.95
194.685
-286.219
-3.58045
-18.5413
22.1217
16.7066
119.948
302.428
-68.8348
-15.5559
-241.335
-358.174
227.131
-241.778
306.093
16.8028
48.9442
-81.8803
310.818
256.384
14.9539
-14.6046
-15.792
238.89
-366.298
-34.9201
60.6504
-14.2508
-6.16084
249.752
-249.049
251.967
-103.319
-151.311
257.001
-7.58569
-8.96337
-78.0828
278.617
249.494
87.4477
-40.9716
321.935
-73.9756
-132.432
342.788
55.5402
-48.2588
154.676
-73.863
-40.2312
-96.551
298.293
-0.0301551
-86.2174
75.3077
-13.3011
-258.202
-99.235
357.437
357.693
280.15
235.935
-317.815
-77.6656
-243.789
30.1775
-267.72
-0.838533
215.696
-362.415
6.56445
-129.044
12.9819
185.067
-281.589
-193.914
83.8364
0.457566
-95.844
319.771
333.44
1.06776
-11.1892
-7.0687
5.93534
-7.03751
5.92788
-8.0256
6.66008
-6.00055
-5.93534
-5.92788
-7.06929
5.93938
-8.03005
6.66159
-5.93938
-6.00055
-8.0101
7.46037
-6.70542
-7.06789
5.93365
-5.99904
173.988
-278.307
45.2164
-47.7111
65.1813
-0.438084
231.853
-328.404
12.8516
-273.636
177.497
18.0811
159.31
-271.032
76.0254
234.793
11.157
-322.244
60.0014
27.4463
13.5205
10.0388
-318.55
306.787
10.2029
225.019
-381.338
-237.952
-74.3216
218.767
-29.9881
3.78593
-305.284
-6.69309
311.977
-33.6037
258.801
-362.121
207.802
-104.165
32.126
72.0386
29.1618
11.3541
-270.016
4.65466
12.0462
8.78037
15.2632
108.826
30.7647
48.6012
-53.9052
3.31268
-26.9591
202.892
-243.528
5.67266
13.4433
271.033
13.3386
-101.153
-165.417
-3.76987
8.42452
215.342
-381.232
-207.802
1.93012
8.96365
3.17013
4.43576
167.511
153.549
204.068
30.0341
194.789
-312.519
211.366
-107.601
6.90022
148.61
-267.991
193.577
-361.948
45.636
-325.981
332.545
-118.996
-14.0265
222.175
-292.715
-166.913
-219.411
235.453
146.375
-316.449
1.48898
-342.965
-86.5812
-43.6401
-4.92372
122.422
-287.659
165.237
1.02172
-142.478
-259.736
133.089
86.6779
38.9647
-243.482
310.683
-3.33073
311.083
-76.2897
13.2421
-2.28822
4.89167
-9.16351
-17.3451
-148.496
-2.27669
-177.614
-1.25282
1.91948
24.2571
6.67219
-3.33353
-0.845239
109.262
119.47
-22.8777
-81.0026
99.424
-3.97982
-31.2044
278.213
-312.832
34.6187
-40.0028
-312.194
6.91006
-4.87606
-267.66
10.595
-43.1825
-5.04246
-3.51363
8.55609
-0.210681
28.671
-313.116
9.25747
-9.25747
-19.2301
131.904
-317.375
-269.67
121.537
394.805
23.5348
-0.520772
-33.3509
-137.396
188.756
-358.344
-13.9943
8.70779
97.8538
-7.55119
-248.757
280.919
-32.1616
236.761
111.193
-258.366
95.4021
-74.835
-263.745
253.11
129.166
70.7302
-48.9294
15.0732
148.496
0.741868
-251.841
251.099
95.9558
15.58
-39.8014
129.285
245.055
-42.0359
9.75451
177.614
248.337
-179.85
-2.88774
-295.174
220.214
-306.432
113.59
-261.293
-140.937
324.061
-84.1105
-30.7668
-281.402
-182.504
-4.75126
4.75126
237.706
-224.794
-50.336
355.769
-74.5789
-134.902
-33.9743
68.9696
29.1702
-98.1398
100.81
2.03389
-124.94
60.4172
30.2393
-115.959
-148.176
166.23
-259.527
11.0367
3.94498
-3.94498
72.3118
32.6591
79.6441
-98.0941
188.592
-356.272
144.776
-129.882
30.2385
-133.621
29.7716
-99.3693
5.03806
-5.03806
206.051
-367.131
3.08778
-3.08778
-187.655
10.8784
-3.95252
3.63715
68.898
-21.7192
11.0584
71.5875
-82.6459
134.917
-284.648
-3.43967
3.43967
-3.18097
21.5987
107.519
-3.14904
3.14904
187.588
-339.718
74.0803
67.5228
-4.12558
4.12558
-19.9923
298.206
316.524
-287.853
-14.8291
8.53936
-272.607
3.36489
-3.36489
3.98579
-3.98579
-3.87174
3.87174
3.58506
-3.58506
-0.770631
-3.70129
3.70129
-3.21149
3.21149
-3.59496
3.59496
96.6442
-32.6152
-144.313
23.2494
65.907
-21.1579
12.6617
-106.25
188.325
-349.376
23.3099
-236.473
234.4
-377.841
-3.92234
3.92234
2.954
-2.954
70.0684
-23.2465
278.045
7.15998
-298.888
291.728
-3.49622
3.49622
85.4512
89.1738
70.2678
25.8522
-96.1201
-48.1392
-228.327
241.077
0.89013
-173.191
115.905
-43.5935
2.89647
-2.89647
68.1901
-19.7331
99.1575
-247.334
3.48838
-3.48838
60.0287
-14.5118
10.9314
-2.68079
2.68079
3.52869
-3.52869
3.40779
190.079
8.89864
-198.978
2.80426
-2.80426
1.77123
-58.8942
-9.34935
-5.47979
-67.4634
-3.46504
3.46504
110.714
-3.39559
3.39559
-32.0575
101.027
-4.41076
4.41076
0.47292
10.2815
27.5139
-85.1322
-4.21286
4.21286
-72.1615
-6.07649
6.07649
-88.2161
-3.39955
3.39955
22.1994
-271.006
67.8824
-17.755
-1.56993
6.96453
356.847
20.9053
-248.412
-17.6848
20.0218
-2.33698
81.1037
-217.206
-3.96327
3.96327
-22.1554
3.26202
-3.26202
-4.00257
4.00257
0.994796
-8.50854
-85.7141
33.8052
113.984
-34.3402
-4.0101
4.0101
-8.24854
0.951329
-26.2492
96.5171
143.411
-218.499
202.943
293.198
0.451246
70.7739
-55.7008
-1.10045
1.10045
-22.248
5.93056
-155.755
-312.41
317.732
3.1644
-3.1644
23.1939
47.58
-3.07867
3.07867
-84.2512
134.472
-73.5588
169.598
-104.252
23.2492
99.025
40.0891
-308.776
305.888
-285.199
15.1362
-3.14872
3.14872
-278.334
-56.2681
101.904
72.7242
-23.4923
179.53
-15.8839
-153.612
26.9722
126.64
6.7557
-226.804
-12.8285
-243.163
255.991
3.80493
-3.80493
-0.286511
0.286511
5.68975
277.917
4.20124
-4.20124
137.108
-68.9031
97.1249
-28.2218
-14.1413
-3.00078
17.1421
-4.20013
4.20013
-24.1416
-5.17319
5.17319
-147.6
279.101
-105.19
26.5914
78.5984
-4.79632
4.79632
-169.752
8.40465
-269.512
261.108
-5.94737
5.94737
78.8277
231.855
262.999
12.6254
18.2956
187.083
-15.6404
-3.14547
3.14547
5.2054
-313.981
-255.34
23.8251
58.1595
-10.9925
-5.95718
5.95718
-315.988
1.26931
66.4949
255.44
0.34505
-0.34505
257.192
-307.627
99.9579
4.11451
-4.11451
-31.4248
-241.156
-172.119
33.2663
-6.2067
2.06808
314.456
277.532
-122.856
-4.42371
4.42371
-10.1441
5.04229
-5.04229
-194.591
28.0927
277.576
-60.3521
5.05986
-277.667
-149.863
-62.5201
4.54481
0.344783
-0.344783
-1.77794
12.5384
-7.93644
-259.783
-295.486
11.5073
-11.5073
-167.947
-305.25
-0.149151
0.149151
182.853
-310.805
-93.1355
-89.069
5.7523
-61.7643
7.931
0.154388
-0.154388
66.2831
-10.7311
-293.418
16.2828
-0.195152
0.195152
-107.23
29.2148
222.175
249.243
-249.243
-146.476
-370.241
2.74998
35.5412
1.35677
-33.6632
0.292151
-0.292151
164.41
136.16
-300.57
153.405
-41.2664
115.9
-198.233
182.592
-161.788
-25.493
-62.0214
87.5144
-278.52
295.227
-201.76
167.459
315.589
125.616
-19.0478
4.036
-29.6789
86.3198
-254.999
-14.5129
-2.92983
2.92983
-5.89074
5.89074
-97.3366
-120.859
-3.20823
-0.773502
3.98174
-12.055
0.207061
11.8479
-99.6424
-12.834
72.1468
185.467
145.687
161.325
26.9942
-188.319
-114.074
-99.3568
354.315
0.244218
-0.244218
-164.374
-86.1878
63.654
-6.02701
-3.40854
6.28055
-2.87201
358.347
-108.778
49.8237
290.543
314.969
-130.363
50.5573
-11.3323
0.777209
-269.699
282.551
-118.591
-85.1659
67.6335
22.8766
48.3296
189.334
-223.308
-99.0746
327.969
-228.895
-154.251
-2.8019
174.63
-147.448
69.1406
-225.556
11.2306
-238.649
255.244
238.963
-220.667
-180.52
200.285
24.4192
-93.3223
62.9562
-62.0661
199.117
-367.065
-320.014
271.685
-59.7304
298.502
-267.378
58.0393
-130.425
52.179
-7.90506
0.239697
-0.239697
57.7494
69.9647
-97.7204
183.02
-2.24489
-180.775
-225.102
214.013
21.4402
-97.1232
57.9182
-75.7242
-6.71735
6.71735
-62.6657
73.7024
-145.147
-1.11534
182.319
7.76006
43.4749
79.5185
-2.92666
131.139
-105.282
-25.8571
54.04
-6.47503
2.74941
3.72562
-84.4114
-175.116
6.66159
-6.70542
7.46037
-6.00055
-5.99904
6.66008
6.5456
-6.5456
6.54301
-6.54301
-6.00055
6.54502
-6.54502
-78.6148
57.7714
-66.3082
53.0788
-304.814
313.595
2.51069
16.0606
-16.7088
0.388642
-0.388642
-22.4603
60.5457
137.652
7.09737
-201.011
198.464
-352.656
198.405
31.3637
-161.726
-218.449
231.969
2.74249
-82.1032
71.6365
8.41318
-8.85127
-68.4271
275.089
60.8906
-82.6098
285.146
-294.31
7.05704
-81.6342
-27.3087
108.943
-61.9371
-23.017
84.9541
-44.1633
141.846
-266.748
-188.186
199.343
-64.5825
-23.2619
87.8444
47.9602
-130.406
249.876
83.8478
-26.2721
87.1627
-283.254
-66.004
56.8365
25.7009
-309.838
-3.22582
-79.4201
-81.6702
278.006
-190.472
-2.94385
-7.09465
-69.744
54.246
16.8141
84.4648
-73.5
106.16
-32.6604
-62.4419
-290.657
70.8062
-85.7812
-27.8618
67.2561
-188.114
193.787
191.737
-188.567
-74.7549
-21.1533
95.9082
0.214735
-0.214735
0.0732428
-82.3374
-83.7523
60.5058
-365.96
79.0352
-182.437
191.4
21.2466
52.7725
-33.7338
33.2131
1.32652
30.6026
57.2389
0.546126
-212.824
17.2751
-175.998
202.992
267.526
0.21585
28.0706
-293.499
0.567544
0.302608
-0.870152
-0.155292
-71.8555
0.139376
3.29509
-0.0624472
-20.4655
1.29457
214.583
-314.514
313.669
0.382786
6.58174
-201.284
-0.373575
-194.55
-183.291
-68.1263
285.896
16.8528
5.99895
-2.85161
-3.14734
-3.77994
-0.0245392
0.00584736
-3.8586
-201.76
115.77
95.4511
72.5427
-81.506
-116.037
299.059
123.336
154.195
16.1561
191.187
275.874
-201.078
-272.736
283.331
46.5604
59.3552
-200.506
199.253
-165.595
-175.394
200.917
-211.887
208.556
12.09
36.0004
43.2249
-79.2254
81.7544
-101.876
-6.39286
8.20553
-2.00734
57.4931
6.62248
1.58305
3.93761
-272.598
18.0016
-392.523
-209.346
-102.285
311.632
30.7022
-130.345
-258.99
378.859
-119.868
0.847904
-4.00551
4.00551
-11.9237
-0.131316
-87.2804
-146.605
-3.02592
4.03673
-0.660783
-229.487
-367.741
-65.968
286.347
-225.684
-102.914
328.598
-1.01517
0.19802
-0.19802
0.197897
160.642
-74.2245
182.273
-201.503
153.35
244.595
223.041
-118.489
80.2189
262.847
-1.73913
-268.385
283.339
4.70986
13.4305
-19.0524
-245.715
-4.33288
-273.334
-28.6292
0.129381
-0.129381
10.8397
-343.897
85.2412
-8.06334
-77.1778
-27.0597
-80.7807
2.48532
285.213
-270.077
-156.634
-1.43179
-0.827863
0.200572
-12.8214
-264.116
-121.42
86.2215
38.8868
0.0857323
-0.194232
0.194232
-0.0700445
168.693
-208.696
-252.533
136.495
5.56727
-5.56727
-134.729
255.24
53.4396
-74.7971
223.619
-323.485
44.0055
-91.5625
-297.562
211.448
-190.109
-18.9027
0.469723
0.669068
-206.216
56.513
-75.9019
-80.8512
307.983
55.818
-74.7639
25.5781
14.0009
0.00111534
-139.446
50.3162
-112.338
-286.622
297.976
-1.15105
-215.829
167.689
-34.8224
-145.022
-107.491
11.1031
55.022
-71.7685
-81.7277
70.9965
-0.71748
0.0585393
221.829
-31.5656
65.934
77.1613
-136.212
66.5659
295.99
0.9513
129.343
55.5015
-69.8605
245.194
-307.654
21.7381
-93.5935
6.71768
-12.2851
97.7363
252.478
364.064
-340.307
201.635
-188.653
0.678302
124.35
-384.143
214.391
-277.165
3.8314
-0.3092
227.492
-238.783
360.163
69.1227
11.988
-81.1107
349.8
-35.3439
199.66
-171.567
186.343
-182.557
-156.415
-105.901
49.6328
26.8414
-173.648
-16.249
258.131
-241.882
48.3376
-108.596
60.2589
52.6309
-62.1505
-24.8796
-60.2526
222.714
-237.771
14.2605
7.33823
28.653
-97.0271
68.3741
-12.5035
97.25
3.47206
230.887
-133.033
13.64
-278.904
-182.685
184.615
-295.47
308.914
0.303539
8.03582
34.3383
244.154
3.69104
-3.69104
-46.7216
-20.662
-95.5977
-8.65406
-0.0526314
0.932697
0.573112
-1.50581
-185.882
192.782
238.112
87.4194
82.1782
-0.848451
58.458
189.45
-351.238
-69.6233
7.55717
-12.724
17.6835
-10.9214
324.642
11.4273
-14.1033
-144.808
161.611
334.545
-0.457892
3.24862
-1.99351
-1.25512
65.0785
-70.8074
60.8088
-32.8381
-16.0913
55.8623
-4.07081
15.4297
214.127
-159.339
-27.4978
-20.291
-177.614
-24.2399
17.4446
10.3069
-19.5644
-0.0479343
-0.149937
57.9325
-2.85161
92.6162
-15.1363
26.6436
-319.601
316.267
-26.0782
-26.4343
341.217
356.518
-20.7022
-27.4792
23.3083
-88.3888
116.843
-2.87201
-154.859
165.062
255.151
-19.5895
0.0235601
-4.77482
81.2731
-23.3406
85.5447
65.3646
-10.8067
61.0845
138.61
15.8205
72.0239
-1.01911
-68.3321
-8.28635
10.8081
2.74941
-37.1927
-54.3961
-0.826603
-0.00452033
152.301
-147.865
1.14842
-35.9426
-1.79543
76.4613
-69.6079
-3.61999
-19.5929
83.0182
-109.813
164.147
12.4158
-19.7481
-2.26613
2.51069
-185.061
2.55726
9.09717
8.56742
-71.6053
2.48532
17.9351
80.8666
19.0441
27.5221
-46.5661
84.7795
57.6457
200.312
-272.474
58.4971
160.27
1.0263
-172.645
-12.48
-286.12
-5.28153
-2.94385
-20.8793
36.331
4.77482
1.30168
59.9301
51.4408
-26.8769
-24.5639
-38.4023
-14.1903
-103.053
47.0086
-71.6012
-52.5575
-19.0437
-40.3792
-38.8461
23.9616
-0.130952
0.237698
2.17857
-89.8947
-141.281
-34.3713
-2.87265
-0.375154
214.638
-23.8769
-3.08219
-4.10559
-8.61086
-89.5798
-198.454
2.11547
-15.8425
-195.051
-2.11547
-148.445
-0.024962
193.007
-3.1852
2.12584
57.7409
-53.5001
-2.81443
2.81443
-2.12584
4.17341
241.103
38.0197
-124.208
-402.87
70.8015
-13.5685
84.9823
2.62454
-3.13982
0.515278
-230.554
-164.952
-1.73513
1.73513
43.5309
-8.7735
10.0494
-177.558
-138.891
-1.6508
1.6508
-21.3624
-303.301
263.499
-21.9784
0.884129
-0.884129
1.18078
-1.18078
0.76108
-0.76108
-1.28977
1.28977
-1.05657
1.05657
-1.29526
1.29526
-1.29123
1.29123
-1.1789
1.1789
-1.11367
1.11367
1.16555
-1.16555
1.30798
-1.30798
-1.05559
1.05559
-1.30311
1.30311
-1.19272
1.19272
-1.30305
1.30305
1.29694
-1.29694
1.17898
-1.17898
1.2105
-1.2105
-1.21602
1.21602
1.11952
-1.11952
1.17967
-1.17967
-1.11197
1.11197
1.16808
-1.16808
1.16694
-1.16694
-0.879716
0.879716
1.3078
-1.3078
-0.760574
0.760574
1.18352
-1.18352
1.16703
-1.16703
-0.75161
0.75161
-1.41391
1.41391
0.873907
-0.873907
1.21202
-1.21202
-1.21599
1.21599
1.30276
-1.30276
1.26452
-1.26452
-1.27569
1.27569
0.760951
-0.760951
0.752795
-0.752795
-1.30835
1.30835
-1.06282
-0.814231
0.814231
-0.88421
0.88421
-1.20814
1.20814
-0.752797
0.752797
1.14245
-1.14245
-1.27592
1.27592
0.755305
-0.755305
-1.26431
1.26431
1.15958
-1.15958
-1.20799
1.20799
1.15958
-1.15958
1.2754
-1.2754
0.876619
-0.876619
-0.914429
0.914429
1.32172
-1.26446
1.26446
1.15952
-1.15952
0.877251
-0.877251
-1.19261
1.19261
1.17561
-1.17561
0.876797
-0.876797
-1.02917
1.02917
-1.35675
1.35675
78.5426
9.07508
-1.80669
111.265
91.3288
55.143
-46.5528
-0.342624
1.27532
0.627987
-13.2687
12.6407
-57.2106
298.748
-13.6013
289.586
-280.489
-35.6842
28.0585
103.676
-47.7648
16.2543
-2.07112
15.5622
-255.311
196.417
151.548
-3.1852
-5.56902
17.7453
82.757
54.6728
58.6638
-300.642
122.917
188.715
-11.5156
11.4532
2.11824
16.3822
186.195
-2.11824
-2.14932
61.7068
-65.4807
-92.3249
133.702
-2.09299
1.85293
-119.949
-1.85293
53.5173
-34.4732
2.07112
0.858707
23.5166
2.11631
57.8138
-366.506
1.77875
2.09299
-0.0167149
112.356
2.12961
41.523
141.916
0.19441
300.414
4.41431
0.0094029
-4.41431
63.9627
-7.1262
1.20655
-25.0835
2.904
2.90844
83.4233
188.281
-2.99919
28.7156
274.805
2.9661
-22.4965
-13.1877
-2.9661
176.994
-0.470638
0.445676
-238.447
-134.608
0.318707
189.155
-34.6342
-221.184
-242.33
-184.123
255.201
-269.714
69.344
-189.922
185.046
6.89559
23.7036
-304.193
28.2994
-7.6492
302.986
183.41
-65.8228
2.31108
-43.0476
-63.8372
46.211
-0.674342
-248.227
62.112
-38.2312
58.8024
63.8886
-1.52905
1.14041
91.7363
55.8483
-151.955
33.3449
-13.0732
113.883
-89.7205
-213.869
-7.60625
60.685
-88.4104
-49.2673
83.6582
278.53
-89.8152
-192.776
71.9174
-0.159322
85.377
-77.1383
-17.3192
-2.28463
0.291123
-186.4
236.958
167.754
-184.642
275.666
-43.3766
188.302
0.771695
-0.771695
-2.86018
31.6314
4.51152
-4.51152
77.59
-36.5019
36.1569
-153.39
-0.866722
66.8465
-293.14
22.9123
-1.66567
-23.606
-57.1554
-1.07929
10.8988
74.5632
0.711272
-0.405169
190.177
-2.63333
56.8793
-3.41372
-8.76615
-177.986
-303.863
273.096
43.8077
-129.897
104.669
-12.7939
-0.0241673
0.0170366
0.00713067
49.6227
158.934
-83.8586
7.89902
16.7142
-17.5626
96.5548
-163.172
-229.351
-2.78647
3.73777
-14.0085
-7.26292
-386.845
278.067
48.7493
249.456
46.429
236.902
69.4812
41.7532
118.158
-373.938
190.647
71.5782
23.8729
-97.4435
-10.0478
-1.37996
-2.31108
-3.53006
0.42062
3.10944
-0.365397
159.39
-63.1551
70.7123
-93.664
72.9619
68.855
-2.12961
329.838
46.3517
-4.64822
-139.556
262.403
49.5737
-14.4589
20.0396
139.639
-215.254
18.7961
98.0998
-74.2269
31.6792
-17.8882
1.65997
16.2282
-0.585057
289.244
-59.4464
-0.866722
34.4736
-243.208
-83.5897
263.958
14.3841
-0.358118
-1.38374
8.07881
-8.45239
-87.5506
-38.0596
-73.6367
19.0893
12.5421
31.245
-16.397
-231.57
-0.406052
-10.1233
-34.5088
184.188
16.4272
302.804
-34.6953
36.8116
3.47783
29.8517
-80.4146
1.97627
-197.027
-142.54
104.067
-2.51342
-0.301009
-10.0708
-14.7334
-10.8999
263.524
-230.112
-7.60804
-4.34819
-8.22052
61.1488
71.6366
-25.8798
-2.94372
-101.04
-100.857
158.314
-134.921
96.5188
-191.981
164.534
57.8616
-19.0265
114.727
-258.17
0.12519
0.126948
-0.116279
-0.110106
-0.11804
-0.110397
0.0287788
-0.0827965
-239.567
56.7697
-0.921353
165.926
-158.166
-5.65324
-19.856
22.6128
162.433
-61.8955
-15.2428
-6.49653
-0.331262
0.385787
32.5285
-199.352
2.6311
205.725
0.468685
29.3285
25.8268
-0.414994
33.036
-40.9541
-42.6356
325.239
-30.8572
275.972
-33.412
47.81
-1.7287
-2.27098
154.954
0.314724
-42.8171
320.884
-257.562
271.202
-21.51
31.6822
294.849
-31.3383
-16.79
-8.46331
0.87759
233.143
-87.5465
59.3247
8.93399
-0.310204
-0.0958481
-1.47038
12.7139
108.546
6.49496
0.893543
-4.19883
-8.37757
-7.48403
-2.09409
-22.4363
0.141849
7.1731
-10.6304
52.7651
-92.9963
72.9914
-13.9562
33.6715
-1.24078
)
;

boundaryField
{
    frontAndBack
    {
        type            empty;
        value           nonuniform 0();
    }
    bottom
    {
        type            calculated;
        value           uniform 0;
    }
    inlet
    {
        type            calculated;
        value           uniform -2000;
    }
    top
    {
        type            calculated;
        value           uniform 0;
    }
    outlet
    {
        type            calculated;
        value           nonuniform List<scalar> 
14
(
1999.98
1999.99
1999.97
1999.97
2000
1999.97
2000.02
2000.03
2000.03
2000.03
1999.96
2000.01
2000.04
2000
)
;
    }
    car
    {
        type            calculated;
        value           uniform 0;
    }
}


// ************************************************************************* //
