/*--------------------------------*- C++ -*----------------------------------*\
  =========                 |
  \\      /  F ield         | OpenFOAM: The Open Source CFD Toolbox
   \\    /   O peration     | Website:  https://openfoam.org
    \\  /    A nd           | Version:  7
     \\/     M anipulation  |
\*---------------------------------------------------------------------------*/
FoamFile
{
    version     2.0;
    format      ascii;
    class       volScalarField;
    location    "19";
    object      p;
}
// * * * * * * * * * * * * * * * * * * * * * * * * * * * * * * * * * * * * * //

dimensions      [0 2 -2 0 0 0 0];

internalField   nonuniform List<scalar> 
7807
(
0.366328
0.0215766
0.520291
0.348821
-0.00198036
-7.73104e-05
0.521612
-0.0123567
-0.00025773
0.156275
-7.25487e-05
0.00561868
-0.0185123
0.0816582
0.161961
-0.0236659
0.37716
-0.0242348
0.00290588
-0.105024
0.111552
0.00370667
0.0608886
0.282193
-0.0315286
0.376588
-0.00182335
0.0993875
0.240175
0.00627081
-0.0328882
0.769118
0.0600804
-0.00110928
-0.000230345
0.130014
0.00708005
0.506337
-0.0102598
-0.000769709
-0.00931086
-0.022829
-0.0994426
-0.00651527
-0.000453314
-0.000178413
0.0036506
-0.010522
-0.000145651
-0.101898
0.00839473
0.0943618
-0.0398517
-0.00148436
0.129043
-0.0109874
0.00314834
-0.0123743
-0.0508988
-0.00115973
0.000106168
0.0107249
0.0819631
0.00619297
-0.00225609
-0.0320917
-0.000204754
1.18428e-05
0.166643
-0.00983609
-0.000162973
-0.0862046
-0.0304531
-0.0519239
-0.0233992
-0.0727798
0.512926
0.108949
0.112769
-0.0970992
-0.0177423
0.469746
0.154824
-0.0540987
-0.00333002
-0.00531273
-0.0132078
-0.0386284
-0.00150062
-0.0103993
0.245663
-0.00651555
-0.000296451
0.00304758
-0.0082732
-0.053402
-0.0817507
0.00333559
-0.00368212
-0.00269505
-0.0898872
0.123562
-0.0078478
-4.06024e-05
0.00742368
0.25414
0.670019
-0.0116813
-8.84398e-07
0.0582701
0.33166
-0.0563998
-2.56184e-06
0.061949
0.253911
0.00111298
-0.058008
0.208142
-0.0603779
-0.0530449
-0.0935341
0.450148
-0.091542
0.0238763
-0.0911361
-0.00223003
-0.0294723
0.00493609
-0.00238066
-0.0328944
-0.0587586
0.111641
-0.00139415
-0.00177577
-0.0560514
0.322205
0.548429
-3.48203e-05
0.018571
-0.117738
-0.0491683
-0.0704686
-0.0732578
-0.0497897
0.677159
-0.0230583
0.242352
-0.0491132
-0.0684216
0.448781
0.124211
0.00190929
-0.00345883
0.143823
0.153827
0.47394
-0.0831432
-0.0184443
0.635107
-0.00013125
0.00163721
0.291723
-3.59806e-05
-0.00473668
-0.00932953
0.355195
0.35612
0.656569
-0.00541278
-0.00722176
1.35802e-05
-0.0970705
0.00109801
0.0310457
0.0201591
-0.0674334
0.0313239
0.232418
-0.000293784
-0.00115391
0.355492
-0.000130975
-0.000248559
0.524299
0.0162071
-0.0503947
-0.0566457
-0.0488868
-0.0286573
-0.115131
-4.01469e-05
-0.0787185
0.240854
-0.00791379
0.000187611
0.286231
-0.00292067
-0.0309154
-0.0283507
1.55583e-05
0.00227316
0.32923
0.27479
0.475362
-0.0510256
-0.0484336
-0.103416
0.107675
0.324464
-0.000487025
9.43594e-05
0.637981
-0.0202111
-0.00145311
-0.075059
-0.0308748
0.436436
0.444515
-0.077096
0.731217
-0.00270636
-0.0238715
-0.0922641
0.130699
-0.12225
0.329619
0.636487
0.000169366
0.0249462
0.220151
-0.00970354
0.204435
-0.00126608
0.698559
0.464842
-0.013138
0.00701975
-0.000713088
0.235989
-0.000210515
-0.014616
-0.110444
-0.000162268
-0.00315967
-0.000995826
0.238301
-3.52541e-05
-0.0108052
-0.0941779
0.76778
0.10055
0.680467
-9.70188e-05
-0.0327735
-0.000427721
0.492729
0.0103247
0.550112
0.00379105
0.0019408
0.0192613
0.112122
0.00149033
-0.000531308
0.00132678
-0.0102241
-0.0477753
-9.02348e-05
-0.0804351
-0.00888114
-0.000326124
-0.00150896
0.527363
-0.0184599
-0.00184666
0.730008
-0.0034925
0.353241
-0.000479803
0.00321983
2.18032e-05
-0.0547078
0.125587
0.0436174
-0.0512138
-0.000974975
-0.0922172
-0.0361533
-0.000418505
0.00128795
-0.00522132
-0.0177732
0.00752429
-0.00295722
-0.051704
-0.0393602
-0.0510595
0.008325
-0.0644675
0.461343
0.476823
-0.00363192
0.0124401
-1.46925e-05
-0.00565237
-0.053916
0.275177
0.171469
0.000257026
-0.00519361
-0.0626572
0.246383
-0.0024085
0.00918853
0.0031536
0.115572
-0.0772579
0.443341
-0.00388492
0.0230112
-0.000262213
0.0106017
-0.000116374
-0.0393541
-0.00082357
0.0131153
-0.0164558
-0.0632438
0.00656934
0.0224382
-0.00178391
0.0522401
-0.0166063
0.138856
0.241166
-0.132054
-0.0174567
-0.0371945
0.0131277
-0.107372
0.669838
-0.0113996
0.0749634
0.71731
-0.00374429
-0.00425753
-0.0116264
-0.00261115
-0.0182822
0.0161335
-0.00682928
-0.00506454
0.232172
-0.000146991
0.00142994
0.000208643
-0.0083345
-0.0167521
-1.78935e-05
-0.00267684
-0.0487988
0.633484
0.00855879
-0.0198404
0.598164
0.401428
0.119854
0.0259052
-0.098275
0.0126601
0.344751
-0.0261564
0.395464
-0.0343159
-0.0998195
0.277048
0.398333
-0.0760184
0.162291
0.327514
0.366774
0.105622
-0.00744211
-0.0102862
-0.000201832
0.0114659
-0.0267094
0.00255741
-0.000247516
-0.00392923
-0.0930035
0.157034
-0.0390315
-0.00598889
-0.00927089
0.0183194
-0.0169493
0.0047119
0.296294
-0.00458677
-4.15812e-05
-0.000114638
0.000139117
-0.0470844
0.225905
-0.00978305
0.0683469
-0.129549
0.497072
0.00851455
0.0171306
-0.0124603
0.511331
-0.00258454
0.439198
0.247022
-0.000271093
-0.0383428
-0.00806477
-0.0665372
0.00146791
0.129791
0.00936507
0.0159192
-0.00208253
0.221987
0.2496
-0.058766
-0.0487148
-0.00554104
-0.0325785
0.138604
0.756612
-0.0404051
0.0117262
-1.15314e-06
-0.0307036
-0.00555979
0.0478629
-0.108955
-0.00342026
0.528795
0.23125
-0.0878539
0.298419
0.500757
0.0662775
0.00311871
0.359497
-0.00217415
-0.000432426
-0.0398839
0.000234112
-0.116225
0.000403604
-0.0498238
0.00490325
0.2912
-0.00434366
-4.77291e-05
-0.109271
0.00444296
0.0829872
-0.0865905
-0.115002
0.064731
0.221766
0.184412
0.188996
-0.000488611
0.147548
0.14905
-0.00127654
-0.0375956
0.00157138
0.0158654
-0.00310693
0.0120332
-0.00189083
0.22705
-3.9304e-05
0.000522995
0.00503584
-0.0486986
0.0510593
-0.0473895
-0.0571655
-0.0450359
-0.128108
0.023337
0.349633
-0.000285349
-0.0158577
0.70681
-0.0793839
-0.0175981
-0.0568336
-0.0134403
-0.0459097
-0.0236746
0.0689574
-0.0180016
-5.15447e-05
0.0603132
-0.000222218
0.463272
0.178273
-0.0116863
-0.0319531
-0.00044727
0.471232
0.4261
0.126101
0.244391
-0.0841414
0.564558
-0.000136026
0.0521971
-0.0406249
0.239223
0.660281
0.122653
0.221633
-0.00407829
-0.000485116
0.225063
-0.0376928
0.490796
0.0841068
0.308959
-0.0167056
0.505949
0.408654
-0.021099
-0.0178952
0.196845
-0.117386
-0.000188689
-0.029425
-0.112374
-0.0842327
0.0276008
0.0230349
-0.000287092
0.429579
-0.00225093
-0.000238617
-0.0334879
-0.00118798
-0.000533144
0.00889556
0.312084
-0.0980438
0.619752
0.000169346
0.309584
-0.0280128
-0.000164731
5.1909e-05
0.2371
0.301038
-0.0096271
0.275383
7.39817e-05
0.288927
-0.128148
-0.0220715
0.523042
-0.0719419
0.233201
-0.0544799
0.287012
0.298185
-0.036309
-0.0459043
-0.0137884
-0.00676879
-0.000473182
-0.00260512
0.377063
-5.5543e-05
0.278122
-0.0908345
0.431185
0.265525
-0.11505
0.603268
-0.00380438
0.0148019
-0.0421132
-0.0439365
-0.015087
-0.0335696
0.0749705
0.695882
0.000118406
-0.00449171
-0.0559837
1.80819e-05
0.470913
0.00451776
1.79967e-05
0.000501951
0.000970087
-0.0376075
0.0460794
-0.00361639
-0.000196081
-0.0159846
0.00660563
-0.121669
-0.1057
0.0516081
-4.63484e-05
-0.138991
-0.0287622
0.2027
0.424334
0.00289593
0.207652
0.000399756
-0.0275805
0.14231
-0.0151052
0.332777
-0.0282101
0.0581056
0.147376
0.228371
0.0115777
-0.0225889
0.267491
-0.100126
0.500729
-0.0203182
0.367005
-0.0202356
-0.00269923
0.211645
0.0061067
0.142647
0.00465982
1.55979e-05
-0.131313
0.289086
0.00356817
0.195739
-0.0267818
-0.143116
0.0204062
-0.0490696
-0.00389831
-0.0192642
-0.091378
-0.0583767
-0.0213181
-0.000328239
0.525299
0.199981
0.0681596
-0.000452131
0.405871
1.83131e-05
-0.000414674
0.210512
0.00547661
0.259446
0.0981152
0.0406697
-0.0197645
-0.119936
0.0595762
0.00321289
-0.0842649
-3.11677e-05
0.00926801
0.322025
-0.034617
-0.00648511
-0.0116425
-0.00455549
-0.00093083
0.716285
-0.0214662
-0.00127347
-1.14456e-05
0.201688
-0.0602766
-0.000750235
-0.00641744
0.23181
0.146337
-0.0751742
9.18705e-06
0.252066
-0.0338403
0.278443
0.0383543
0.0468857
-0.0615576
-0.000209521
0.143906
0.136256
0.0956289
-0.0806199
0.376094
0.0145231
0.262648
-0.00539357
-0.0333367
-0.000905539
-0.00226575
-0.000225617
0.236828
0.345301
-0.00343878
0.0452193
-0.0367596
-0.0613298
-0.0722075
-0.00431845
0.0481202
0.688651
0.0727658
-0.000108969
0.143541
-0.00848974
0.595001
-0.0266099
-0.0237211
-0.000381773
-0.0274582
-0.0140544
-0.0170048
-0.00729326
0.0038074
0.0657112
0.000272977
-0.104119
0.0352893
0.453003
-0.072246
0.265806
0.004934
-0.0352708
-0.0228524
0.290114
-0.0160192
0.000279062
-0.0329795
-0.0119296
0.0515099
-0.0557135
-0.0478318
0.018974
-0.0312088
-0.00708202
-0.0894788
1.70048e-05
0.0862431
-0.07824
0.236506
-0.0323978
0.141449
-0.0883785
0.416772
0.0204755
-0.0636068
-0.022538
0.626442
-0.0860475
-0.0278701
-0.119139
-0.0398648
-0.103058
-0.053544
0.255759
-0.00644458
0.336424
0.0206882
-0.00089634
-0.00280056
0.127607
0.774078
0.00274545
-0.0276479
0.242133
6.18032e-05
-0.043913
0.0625648
0.0256395
0.0209785
-0.00376306
-0.0546494
-0.00683306
7.88144e-05
-0.068332
0.345106
0.0101439
-0.035348
0.0045457
0.242168
-0.000869127
-0.00288522
-0.000825168
-0.00178548
0.112866
0.0123462
0.00823992
-0.0379144
0.000122541
-0.105641
-0.021299
-0.121902
-0.0291499
0.0347467
-0.000481501
-0.0271471
-0.0919928
0.090019
0.433776
-0.0029005
-0.101553
-0.0109539
0.0240352
0.229785
0.00107201
-0.000347896
0.207701
0.070557
0.035664
-0.00688918
-0.0048361
-0.0840813
-0.000391708
0.00376344
-0.028595
0.379225
0.345051
-0.027966
-0.0745099
0.0171534
0.012254
0.0522571
-0.0851876
-0.015909
1.65925e-06
0.0421631
-0.052134
-0.0936825
0.013828
-0.0814078
-0.000920861
-0.00695506
0.267518
-0.0590603
-8.07856e-06
-0.00656862
-0.0709824
-0.000373964
-0.0206444
-9.9711e-05
0.0101173
-0.117927
-0.0302663
-3.20725e-05
8.25263e-05
0.176975
-0.0577238
0.474123
0.354736
0.0334932
-0.00133628
-0.0182343
0.000541159
-0.0661863
-0.0910671
0.0477708
-0.0343425
0.34638
0.0208647
0.000673919
0.0152739
-0.106052
0.00467506
-0.0258983
-0.0889766
0.00685802
0.0378988
0.105136
0.0207682
-0.0467808
-0.0531125
0.251801
-0.0313408
-2.52685e-07
-0.102903
-0.097991
-0.0374525
0.0106627
0.00182159
0.0204535
-0.113765
0.0552303
-0.0557716
0.202043
-0.043337
0.0145599
0.0335406
0.0321909
-0.0567874
-0.0806776
-0.000217608
0.19971
0.273747
0.013573
0.294431
-0.0801238
0.0747695
-0.0567543
0.264195
0.145583
0.682052
1.32989e-05
0.152963
0.240149
0.0252775
-0.00263589
-0.0297703
0.0262753
0.000116384
-0.029624
-0.0659458
-0.0326028
-0.0358359
0.000324775
-0.0469237
-0.000648996
-0.00156389
0.308291
0.0121418
0.142889
0.0355917
0.27013
0.0209919
-0.00068358
-0.0840899
0.0150087
0.452589
0.00233199
-0.0701351
-0.000376112
-0.00097145
0.0139993
-0.0495129
-4.38476e-05
-0.0178528
0.0498533
-0.00345782
8.33301e-05
-6.57662e-05
0.204715
-0.00949434
0.0122119
-0.00196755
0.0154616
0.0266367
0.0154941
-0.000499194
0.437803
-0.0680314
0.286572
0.386429
-0.000362544
0.130354
0.166213
-0.00136043
-0.000456148
-0.000737074
0.0272218
0.0311289
-0.0137286
-0.0278875
-0.0897046
0.22893
-0.0926925
2.68122e-05
-0.0313754
-0.0291514
-0.0572801
-0.00753401
0.0107314
0.00226316
0.0469143
-0.000901667
-0.000390532
-0.0279574
-0.00743172
-0.0401435
-2.39003e-05
-0.0240332
0.0561931
0.00142282
-0.0159934
-0.0141826
-0.0191277
-0.0149754
-0.00897633
0.0197991
-0.0154832
-0.000171594
-0.000690038
0.0401246
-0.0199153
-0.00850316
0.0149125
0.00600296
-0.142233
-0.0180483
0.209372
-0.0205154
-0.0808992
-0.0377077
-0.0365558
-0.0252468
-0.00647698
0.00402083
-0.00606815
-0.0226692
-0.0261165
0.26011
0.210805
0.0855752
0.42226
-0.000116369
-0.00552938
-0.0266447
-0.0132854
0.151671
-0.0327134
0.085588
-0.00719851
0.281918
-0.00332367
-0.00277847
0.0338717
-0.0235826
-0.000366335
-0.0319894
-0.0101106
-0.0337026
-2.80863e-05
-0.0113729
0.00353382
-0.0282894
0.061373
0.0568334
0.0315307
-0.022686
-0.0504865
0.160706
-0.00217383
-0.00337298
-0.00363002
0.592351
-0.000131388
0.115428
-0.0343497
-0.0329625
-0.0426176
-0.0620058
-0.0462013
-0.0548164
-0.0293559
-0.00787814
-0.000156823
-0.00733448
-0.0350703
0.142221
0.00299682
0.227848
-0.0526785
-0.0214524
-0.00157428
-0.0462977
-0.000166365
0.19953
-0.048379
-0.0420435
-0.03832
-0.00653304
-0.0518167
-0.00289438
-0.0648372
0.144206
-0.0415409
-0.0970248
-0.00250411
-0.0434058
-0.0297614
0.0256807
-0.00554097
0.192107
-0.00412128
-0.0309487
-0.0011408
0.213409
-0.0622322
-0.042569
-0.00557638
-0.0159486
-0.00471668
0.260858
0.0356368
0.28483
-0.00813516
-0.00138549
-0.0021542
-0.00397702
0.255245
-0.0947861
-0.0115957
0.000617414
-0.0112381
-0.0107796
-0.00151862
-0.0189186
-0.0253428
0.0869015
-0.00848129
0.00940988
0.582686
-0.0972793
-0.0464043
-0.0908243
7.14001e-05
0.111277
-0.00607226
-0.0432893
-0.0095688
-0.0570837
0.00774065
-0.000900771
-0.00497224
0.00568265
0.260191
-0.0100032
-0.00305352
-0.00793756
-0.0814597
-0.0141257
-0.0358351
0.00769403
-0.0148009
-0.0152467
-0.00560983
0.266088
-0.0733216
0.00561295
-0.00724605
-0.0444104
-0.0234872
-0.0787101
-0.00238692
0.132681
0.0385408
-0.0133247
-0.00294777
-0.0226406
0.607825
0.261739
-0.0189944
-0.000978089
-0.00408054
0.0120979
-0.00679682
0.0350633
-0.000692527
-0.023076
-0.00337823
-0.0280973
-0.0305872
-0.00179629
-0.0175365
-0.00231146
0.397218
-0.0109166
-0.0196805
0.00586241
-0.00329272
-0.0483109
0.129947
0.541197
-0.0180468
-0.0190942
-0.00361981
-0.000773615
1.10829e-05
-5.07259e-06
-0.0170401
-0.0011242
0.175436
-0.00112935
-0.00310213
0.0142778
-0.000426353
-0.0706262
-0.0785053
0.0286383
0.0621318
0.042568
0.109347
-0.0461279
0.130504
0.102923
0.136527
0.168821
-0.0217119
-0.00146198
-0.00968095
-0.0878339
-0.00602221
-0.0250202
0.0878648
0.415605
-0.0685177
-0.000812709
-3.30443e-05
-0.00250324
5.00772e-06
0.0163779
-0.000934297
-0.00769882
-0.0758597
0.000972535
0.00461097
-0.000357658
0.108348
-0.0256823
-0.0296398
-0.00204784
0.403032
0.363311
-0.0168848
-0.0818485
-0.0450845
-0.0393608
-0.0239521
-0.00319517
-0.10066
-0.0429393
-0.0662678
-0.0269492
-6.52121e-05
0.257371
-0.0150829
-0.0162616
-0.0384874
0.0315295
-0.000895432
-0.0141006
-0.00232128
0.0234895
-0.00257321
0.236792
0.0006352
0.017046
-0.000694504
-0.0632115
0.0151419
-0.0012694
0.024764
0.00074041
0.0713694
0.172166
0.00354857
-0.00245527
-0.000200189
-0.00096746
-0.000850526
-0.0957538
0.171792
0.0576135
-0.000445176
0.0166775
-0.000766417
0.292916
-0.0938844
0.32837
-0.0681866
-0.000756992
-0.000469086
-0.0123287
-0.00958893
-0.00105886
-2.6994e-05
0.0417891
0.0473206
-0.000388931
-0.000546865
-0.0323469
-3.26808e-05
0.223555
-0.00157704
-0.0827081
-0.0311957
-0.0107871
-0.0867047
-0.0948983
0.203566
-0.0200482
-0.0331696
-0.000526928
-0.0886496
-0.0338551
0.0475054
0.169322
0.435599
-0.00199217
-0.092797
0.0236815
0.389711
0.0626754
-0.000190651
-0.0102004
-0.00691856
-0.00839445
-0.0753711
0.136919
0.000338923
0.0355801
0.00533781
0.12352
-0.000877544
-0.000187777
-0.0607141
0.359782
-0.0855528
0.210615
-0.00210329
-0.000328793
-3.32245e-06
-0.0933379
-0.0659502
-0.000563042
0.16072
0.0188771
-0.00904768
0.49974
-0.000645843
-0.00624931
-0.0915698
-0.0251843
-0.00387723
0.184073
-0.0705835
-0.000269732
0.0235861
-0.000277932
-0.000157282
0.197238
0.00762128
-0.000759833
-0.0807822
-0.0398063
-0.00594397
-0.0302575
0.00416479
-0.037097
0.00291315
-0.00592472
-0.100536
-0.0600764
0.0371663
-0.00151533
0.215022
0.270039
-0.0924386
0.0169906
0.0318414
-0.00725297
0.221643
0.161353
-0.0450466
-0.000261209
0.0171315
-0.0863471
0.0233919
-0.0443667
-0.00356482
0.0763075
-0.0442944
-0.000220887
-0.000109765
-0.0361198
-0.0393084
-0.0418981
0.0167131
0.0394485
-0.069182
-0.0002411
-0.002343
-0.000335711
-0.0508821
-3.39579e-05
-0.00327857
-0.0561979
-0.113348
0.180763
-0.00504746
0.00717303
-0.0342957
-0.041013
-0.000204263
-0.0726678
0.177426
0.210944
4.70208e-05
-0.000177491
0.214539
-0.00425879
-0.10714
-0.0637332
0.00581714
0.000866447
-0.106449
-0.0108378
0.219344
-0.0882662
-0.00248945
-0.013959
-0.0800445
-0.000966878
-0.000395997
-0.00152441
0.0103613
-0.0801076
0.210672
-0.00034317
0.606747
0.0209672
0.000222461
-0.00161658
0.000458843
0.000522502
-1.71311e-05
0.000257829
-0.0827684
-0.00120681
0.000769811
-0.000323241
0.191226
-0.0096663
-0.000314115
-5.9585e-05
0.447126
-0.0347473
-0.0158944
0.00200798
-0.00120869
0.0957154
-0.000151169
-0.0195775
-0.101351
0.00378213
-0.0106198
-0.000151499
-0.000333042
-0.0487304
-0.0773517
0.0123041
-0.0984258
-0.0552971
-4.10332e-05
0.0349225
0.0519154
0.152613
-0.002907
-0.000251825
-0.0875964
-0.0102775
-0.000824838
-0.07725
-0.000219122
0.0688592
-0.000128423
-0.00214846
0.0519819
-0.00351181
-0.0913105
0.557415
-0.00275811
0.000494514
-0.082708
-0.0758269
0.015841
0.00805934
-0.00024354
-0.0499095
-0.000128486
0.257172
0.730319
0.134107
0.00523836
0.00621537
-2.39422e-05
-0.0443411
-8.21152e-05
-0.0107615
-0.00286309
0.000663607
-0.00567643
-0.015548
-0.00019574
0.00152653
-0.0127678
-0.000515905
-0.01621
-0.0267136
-0.00371847
-0.00189949
0.656455
-0.00114298
0.00421924
0.000440024
0.0231945
-0.0779604
0.0163342
-0.000284029
-0.000157058
0.0046257
-0.000170887
-3.38699e-05
-0.0187086
0.00122203
-3.46197e-05
-0.0797399
-0.00374662
-0.0880386
-0.00276603
-0.000104839
-0.00527715
-0.00788785
-0.0242897
-0.0339166
0.00400566
0.000920965
-0.000771159
-0.00331202
-0.000118306
0.354185
0.00270504
-2.71508e-05
0.00104022
-0.00340253
-0.000579234
-0.0994269
-0.0854354
-0.000199518
-0.0116879
3.04762e-05
-0.00430098
-0.000112993
0.0561165
-0.000221942
-0.000295053
-0.00580622
-2.7777e-05
0.0226607
-0.000363245
-0.0021172
0.0311328
2.88885e-05
0.466042
-0.0835944
-0.0655587
-3.26246e-05
-3.00274e-05
0.00329952
-0.00198501
-0.0784862
-2.32682e-05
4.80499e-07
0.00130704
-4.32792e-06
0.000672554
0.00079407
-0.000756956
0.00137711
-0.0824384
0.57461
-0.0498357
0.424547
0.0153015
-0.0266483
-2.4624e-05
-0.00146774
-0.0201023
0.00026637
0.000507964
0.000309179
0.114699
-0.00222445
-0.000344613
0.588569
-0.000896039
0.00103863
0.000887494
-6.31616e-06
0.10084
-0.00364
0.00197532
0.000233028
-0.000855688
-0.00010522
-0.0015145
-0.0689287
-0.000684895
-0.0026135
-2.30541e-06
-0.0002188
-0.000419869
0.25256
-0.000726123
-0.000431235
-0.108639
0.006447
-0.000121421
-0.0022286
-9.36331e-05
0.232464
-0.113822
-0.000466473
-0.000635465
-0.00305725
-0.000237295
0.0910493
0.167957
0.0714476
0.000906509
-9.47863e-06
-1.20751e-06
0.0950144
0.000455018
-0.0956617
-0.0337563
-0.0257504
0.037115
0.659069
0.00338814
0.26882
-0.0237896
-0.0465081
0.236171
-0.000583848
-0.102588
-1.61024e-05
-0.0148327
-0.0776138
0.000105232
-0.0728372
-0.00157832
-0.00256379
-0.00884987
-0.067867
-0.0670512
-0.00508408
-0.0941876
-0.0698747
-0.000299372
-0.0200551
-6.75658e-05
-0.059738
-4.05858e-05
-0.000297564
0.0383153
0.224975
3.38433e-07
-0.0715315
0.00612126
0.0001454
-0.033198
1.52961e-05
-0.022566
-0.000413889
-0.0612568
0.000232058
-0.000132066
-0.00335662
-5.6257e-05
0.22
-0.0486844
0.130574
-3.42434e-05
0.00110015
-0.0521337
2.32527e-06
-0.0895871
-0.104103
-0.0877247
0.612629
-0.0107024
-2.4326e-05
0.0429622
-0.0662126
-0.00412348
-2.02299e-05
-0.000130221
-0.0747891
0.000236644
0.00152358
6.97402e-08
0.000294201
-0.0451675
0.190985
-0.0700231
0.149682
-0.00882675
-1.67558e-06
0.0111952
-0.0755215
-3.02875e-05
-1.81121e-05
0.00057136
0.000122107
0.000717158
0.316671
0.0572995
0.000107365
2.5199e-05
-0.104154
0.270982
0.244123
-6.59865e-05
-0.0576558
-0.0304953
-0.016616
-0.0758829
-0.013627
-0.00480942
0.197448
-5.40994e-05
-0.0423176
0.232097
-0.0770807
-1.35124e-05
-0.0968824
-0.00027587
0.380851
0.0475986
-5.63712e-06
-3.52296e-05
0.255811
7.83838e-06
-0.000282412
-0.0193337
3.26402e-05
0.331808
0.00591762
-0.0121244
-0.10178
-0.00620547
-0.106383
0.250524
-0.0139098
-0.0112598
0.00171855
-2.2901e-05
-0.00166928
1.05983e-06
-1.59418e-05
0.0462232
0.246382
0.208522
-0.000711603
0.323589
-0.0170391
1.91673e-05
-0.0725124
-1.50672e-05
-0.0445119
0.0490356
-0.0229742
0.00757211
0.00320219
-0.015289
0.000453155
-0.0027445
0.0337881
-0.00473947
-6.26144e-05
5.84538e-05
-9.18094e-05
0.0507353
0.000108355
-0.0343514
0.340134
-0.00983477
9.69878e-05
-0.00570088
-4.831e-06
0.140797
-0.00057408
-9.74574e-05
-0.000129467
-1.52553e-05
0.282328
-0.000230741
0.319333
-0.0956781
0.000208768
-0.0802936
-0.000768006
0.216927
0.602659
-0.00230322
5.03839e-06
3.74403e-05
-2.64858e-05
0.20466
1.58039e-06
0.00181203
-0.0391434
0.303395
1.59602e-05
3.45096e-05
5.87575e-06
4.9533e-05
-0.0330981
3.92635e-06
0.357685
-0.0253948
-0.000192127
5.77658e-05
-0.00337632
-0.0463099
2.87217e-06
-8.40108e-05
0.228033
6.57289e-05
-0.0508102
-0.0629581
0.000243424
1.80733e-06
-0.13346
2.58411e-06
0.230401
2.91631e-05
-0.000717245
2.55719e-05
-0.000274342
0.136037
8.86084e-06
-0.00267563
2.15015e-05
0.0231347
-0.00554643
-0.0105005
0.00171453
0.213277
-0.000414625
-0.000118419
-0.0144961
-0.0139964
-0.000386964
-6.53702e-05
-0.00144886
8.07938e-05
0.256369
-0.0164834
0.595969
3.48038e-06
-0.0124763
-0.000232848
0.195814
0.000110464
-0.041782
4.65313e-05
-0.0025786
-0.053083
-0.000364014
-0.0253515
-0.0779246
0.00863549
-1.37383e-06
-0.0826671
-0.000531082
-0.000453683
-0.00905691
-0.0186877
0.00221796
-5.87123e-05
-0.000698525
-0.00143881
-0.00207907
3.15486e-05
-0.00196767
0.584249
0.000180952
-0.00533615
-0.0553617
-0.114913
-0.0992909
-0.0756898
-0.0347844
-0.000822649
-0.0222168
0.000145427
-0.000120928
0.587182
-0.000142644
0.252775
-0.000723138
0.000700546
-0.00184385
-0.0714281
-0.000669648
0.00128208
-1.52154e-05
-0.000628757
-8.60212e-06
-0.000118634
-0.0241805
-0.000163291
-2.41135e-05
-0.000124649
0.000272751
-5.72358e-06
-0.0668639
0.32277
-1.14896e-05
-0.00097044
7.82376e-05
6.10232e-05
-0.0013524
2.05061e-05
-0.00146591
0.000504337
-0.000585342
-0.100797
-0.00111497
-0.00296698
1.19582e-05
-0.00248454
0.000590717
-2.08593e-05
-1.01328e-05
2.73274e-05
-0.00128872
0.000934793
-0.0696174
-0.042207
-0.101869
0.00108597
-0.00293136
0.00326069
-0.102696
-0.000143216
0.0268103
0.0115525
-0.0016968
-0.0190193
-0.0882935
0.536139
-0.000673339
-1.86158e-05
0.00153659
9.64106e-05
3.59883e-05
0.110886
0.00623001
0.127253
-0.0538784
0.521174
-0.000839465
6.31453e-06
0.000274337
-2.10737e-05
-0.00221337
0.219725
0.292585
-1.35262e-06
-0.000261084
-1.62579e-05
0.278816
0.0342041
-0.00809725
2.3802e-05
3.85385e-05
0.0120842
-0.00112365
-0.111028
-0.0266558
5.40733e-05
0.00588253
-0.0482448
-8.81662e-05
0.00308673
-9.34053e-05
-0.0721293
-0.00283523
0.208288
3.36046e-05
0.00284983
9.07865e-05
3.15546e-05
0.000311124
-0.0365021
3.05557e-05
-0.00147996
4.87432e-05
-0.0313802
-0.071664
-0.00480226
-0.0104443
-0.0138568
0.0151188
-0.0139876
-0.00400932
0.000128276
0.000196282
4.37406e-05
3.7917e-05
-8.26402e-05
0.0150685
-0.0874369
0.000853415
-0.0617639
-0.00500726
-0.0736245
0.000162775
8.14287e-06
0.00222996
-0.0332841
3.77915e-05
-0.0624538
-0.0231734
0.0728136
-0.0606469
5.39088e-05
-0.00558843
0.000348772
-0.10435
0.186443
3.14187e-05
-0.0922149
-0.0345542
-0.00687624
7.73286e-05
-8.94573e-06
0.0490715
-0.0264852
5.24466e-05
-0.0109276
8.58703e-06
0.000386251
0.175758
-9.71668e-06
2.00732e-05
-0.000118106
7.01671e-05
0.00154367
0.000162542
-0.00845781
0.000417652
-0.0199656
0.00189048
-0.000318936
-0.0481758
-0.0667469
-0.0100605
-2.05733e-05
4.48481e-05
-0.0862696
0.00958446
-0.0742207
6.2615e-05
-0.00828833
-5.23572e-05
5.12591e-05
0.115106
-0.011251
-0.00449191
1.11771e-05
-0.0278059
9.62105e-05
-0.104027
5.67931e-05
-0.11736
4.77412e-05
-6.33254e-06
0.000158073
0.00174593
-0.0751174
-0.0287165
-0.106803
3.85611e-05
0.000176323
-0.12027
-0.0352037
-0.0135005
-2.03168e-06
-0.023528
-0.0764974
-0.120954
1.77037e-05
-6.22939e-06
2.62197e-05
-0.0819528
-0.102718
0.0012472
-0.0176104
-7.6872e-05
0.311
0.000173471
3.72637e-05
0.000271682
5.31048e-06
-6.63325e-06
-0.00581021
0.00021154
-0.00410226
-0.098264
-0.0208045
-0.0910246
8.27579e-05
-7.47878e-05
0.0863962
-0.0622285
-0.00761381
0.160501
3.01652e-05
-1.33903e-05
-1.2301e-05
0.182464
0.000311487
2.26793e-05
3.20759e-06
-0.0880336
-0.024551
2.53192e-05
0.000158509
-0.0146475
-0.0102662
0.000747149
0.296089
-0.0887356
0.000387319
0.737358
-6.9296e-06
-0.00108379
-0.0130554
-0.121365
2.129e-05
1.29672e-05
4.31679e-05
0.00800667
-0.0478976
-0.000527508
-0.0762058
-0.012347
6.10802e-05
-5.00785e-06
-0.0161459
0.00103282
0.00788529
-0.0541512
-0.0710595
-0.0606456
0.033465
-0.0417017
-9.14166e-05
0.000618385
0.0250306
0.000922293
-9.93374e-05
0.001316
7.17213e-05
-0.000123606
-0.0192149
-1.53385e-05
-3.2324e-05
0.0637266
-0.00897541
-0.000229247
-4.04416e-05
-6.37739e-07
0.319733
-0.0105048
0.00135496
-0.0434192
0.000403421
0.000354784
0.000305946
-6.75263e-05
0.000833009
-0.0586317
0.0298637
-1.11989e-05
-0.000236102
-0.0637278
-0.0476413
0.0737557
-0.000778258
0.00310577
0.0288577
1.42307e-05
0.000117605
-0.0690321
4.48265e-05
0.221696
3.38536e-05
0.00696492
0.000297572
0.000397553
-0.109854
-0.0116079
-0.0280648
-0.0038501
5.28983e-05
0.0113138
0.0916092
-0.0193306
-0.000200905
0.136063
0.217777
1.09475e-05
-0.0810064
-9.4226e-05
-6.96365e-06
-6.36435e-05
-0.000899955
0.0317503
1.15273e-05
0.000438088
-0.0387822
-0.0403414
-0.0347844
0.391866
4.79522e-05
-0.000100365
0.227694
-0.0037681
-0.00604382
-0.00104056
0.224862
9.35327e-05
-0.000467757
9.99493e-05
6.67653e-05
6.28199e-05
7.17724e-05
0.00013632
-0.0280973
2.74416e-05
-0.00527133
-0.0697453
0.31822
-0.000190075
-7.12028e-05
0.00779993
0.123305
-0.0670673
-0.00120156
-0.110089
0.390686
8.39095e-05
0.494913
-2.28652e-06
0.00557054
0.0390082
0.000751703
0.529945
3.91278e-07
-5.20847e-06
0.0019785
6.24014e-05
-0.00138154
0.000461256
3.31005e-05
-0.0031413
4.02904e-05
-0.000217231
-0.0052891
0.314227
0.0823338
0.0353074
-0.0687925
-4.55267e-06
-1.63171e-05
0.0056822
-0.0810671
-6.97078e-06
-0.073261
-7.58818e-05
0.148074
0.0924308
-0.0510237
-0.00215513
-0.018467
-0.00157576
-0.0235155
0.00731151
-0.0114591
0.0974464
5.672e-06
0.333452
0.0746943
-0.000896322
0.281595
-0.0210934
-1.63018e-05
5.58999e-05
0.000125566
-0.000326813
-0.000174887
0.316378
-0.00156667
0.325051
-0.00166122
0.222389
0.295565
0.184334
-0.011167
1.65363e-06
0.000131793
-0.0168746
-0.136347
-0.0750291
0.00251848
5.46031e-05
-0.0601648
-0.000459592
3.62632e-05
0.00171643
-0.00170998
-0.000974487
0.0522771
0.000140265
-0.0764554
0.090773
0.000109958
0.00047354
-0.0220331
-0.0877759
-0.00116566
-0.000822915
3.89202e-05
0.000442617
0.153135
-0.0265814
-0.0739938
0.00221432
0.161102
-0.06087
7.78728e-05
5.27177e-05
0.050485
-0.000119535
0.140833
0.00418034
-0.0216147
-0.000599717
0.00275749
-0.0561804
-3.11118e-05
0.000845447
0.00910612
-0.116838
0.222716
-0.098612
-0.0424354
-0.000237119
-6.55534e-05
0.0110034
9.3067e-05
-0.11815
-0.102832
0.000964409
0.00570771
0.00627008
-0.121348
0.00108873
0.000343887
8.41097e-05
-0.0646245
6.08551e-05
0.000957156
0.17107
0.240798
-0.131406
0.0748499
0.0747467
0.046552
-0.000222929
0.0206676
0.000222997
1.71493e-05
-8.76268e-05
1.14636e-06
7.69831e-05
-0.00056139
-0.0121706
-0.061107
-0.0155224
-0.0443408
0.0818823
0.0682877
0.0067605
-0.0990231
0.000294957
0.00780304
0.0186168
-0.000610532
0.116181
-0.00190419
-0.0172917
0.0202283
0.00904824
0.00183328
-0.00644923
0.0701843
0.00141
-0.0312935
-0.026059
0.617969
-0.0388429
0.123376
0.0562093
-0.0568588
0.00370094
0.000195867
-0.00414146
0.000118113
-0.0042328
-0.0399316
-9.98973e-05
-3.89951e-05
0.363977
-0.00530435
-0.0662504
-0.0300787
0.000371585
-0.00217005
-2.63087e-05
2.2334e-05
0.0636576
8.20373e-05
-0.00473039
0.118031
0.0104316
0.00189343
0.0304279
-0.00921536
0.00693407
-0.119908
0.00148283
-0.00711529
-0.0885819
-0.0013558
-0.012925
0.00130834
0.00213424
0.00168211
0.0624453
-0.000469947
0.00935344
-0.0863432
-0.0327876
0.000561544
-0.0859368
-0.0238353
-0.0275529
0.000208412
0.0109051
-0.102399
-0.00134149
-0.00774777
-0.0797614
0.000897624
-0.00187547
0.295233
-0.0324176
-5.88374e-05
0.0135471
-0.0777733
-0.00168362
0.259558
-0.00337864
0.00172445
0.0891817
-0.00228986
0.0137309
0.178051
0.000153205
0.00198047
0.000319652
8.49485e-05
-0.00723343
-0.0111615
-0.000170715
-0.0384599
0.146285
-0.0596219
-0.10624
0.00196647
-0.00525101
-0.000926682
-0.0532661
6.87202e-05
0.0295144
0.000101869
-0.0254942
-0.00313702
-0.00800403
0.0252083
0.174495
-0.113885
-7.36157e-05
0.271931
-0.00307817
-0.00384359
-0.0945387
-0.117844
-0.0247598
-3.8867e-05
-0.00173625
0.0119301
-0.00496631
-0.00758407
0.00077203
0.129425
-0.0658333
-0.0177493
-0.0107461
0.043693
-0.0030381
-0.000912972
0.00286586
2.38268e-05
-0.00497184
0.170108
0.00136276
-0.133337
-5.82976e-05
-0.0118102
-0.0055279
-0.126149
-0.0182923
-0.141883
-9.15857e-05
-8.72271e-05
-0.00536919
0.0174148
0.00310947
-0.156726
0.134776
-0.076227
0.000336396
-0.169274
5.84489e-05
-0.174019
-0.040446
-0.174909
-0.168803
-0.154289
-0.103207
-0.0052607
0.0328865
0.0677686
0.103183
0.138288
0.237855
0.270026
0.300118
0.351994
-0.0129382
-0.0117106
0.104989
-0.0254401
0.00153626
0.0303634
-0.0640376
0.000948884
-0.00100201
-2.69301e-06
-0.0225146
0.0288412
8.85013e-05
-0.000451031
-0.016849
-0.00509352
-0.182595
-0.0183319
-0.0886421
2.34005e-05
0.000996473
-7.44642e-05
-0.073709
-0.0139002
-0.0572609
-0.0145063
0.00290894
0.000419755
0.00778851
-4.64505e-05
-0.00803438
3.65366e-06
0.000641423
-0.00813991
-0.0184273
-0.000345792
0.00056642
0.0740226
-0.0163715
0.104802
-0.178945
-0.0111135
0.205936
-0.0297961
0.00614607
-0.0340973
-0.00519534
-0.0200344
-0.01961
0.42576
-0.0020024
0.000137582
-0.00924515
-0.0140627
7.51005e-06
0.118802
-0.00639002
0.40134
-0.0448459
-0.0711669
-0.0423878
0.0781032
-0.00750605
-6.89474e-05
-1.03467e-05
-0.00666372
-0.0851614
0.000116593
0.43631
-0.00439156
-0.00784531
-8.25348e-05
-0.000594202
-0.00975607
0.172127
-0.0448857
0.170701
0.00108008
-0.0225748
-8.36121e-06
0.0430589
-0.0122254
0.0311553
-0.0167567
-0.00865843
-0.00117164
0.00219271
0.0193205
-1.63833e-05
-0.0150388
0.000968483
-0.00061288
0.000799463
-0.0260228
0.000438704
0.20088
-0.0167515
0.00628483
-0.0779856
0.0619367
-0.0814196
-0.0181442
0.0671179
-0.0289548
0.2389
0.00138874
-0.00542449
-0.0792353
-0.0010992
-6.75463e-05
0.000749873
0.000166013
-0.00353925
0.00723648
0.000167177
-0.0214708
0.0349763
-0.00490936
0.000102909
-0.00525567
-0.0667649
0.206644
-0.0528857
-0.0752801
0.0132212
0.123636
-0.00196016
0.0866003
-0.0185533
0.00867148
0.0572206
-0.0934536
0.156288
-7.48338e-05
-0.0463487
0.00192881
-0.00239574
2.09961e-05
-0.00955469
0.157546
0.00152858
0.309236
-0.0328358
0.0235105
-0.0249771
0.000278369
-0.00262987
0.0983044
-0.120614
0.308254
0.0574901
0.0389698
0.230178
-0.0666161
-0.0068182
-0.0972908
0.00111031
-0.0532705
0.213442
-0.0045654
0.386608
-0.00226188
0.132975
0.000184017
0.144533
0.188815
0.00227836
-0.0312203
-0.000574662
-7.10322e-06
0.00861624
0.00339912
-0.0614895
-0.055997
-0.0089754
-0.063193
0.220253
0.0813504
-0.0704383
-0.025125
7.69864e-05
0.00691177
0.308465
0.00752021
0.223974
-0.0943163
0.0087049
0.000170555
0.000690154
-0.0332625
-0.00177579
-0.00414097
-0.0581062
-0.000966728
0.00560462
-0.0566742
-0.0634624
0.292402
-4.15678e-06
-0.0290303
0.000347316
-0.0401078
-0.000545734
-0.0903674
0.174992
-0.0590908
-0.0377705
-0.00247341
-0.0236967
-0.00106063
-0.00825519
0.120892
-0.044437
-2.57935e-05
-0.0113491
-0.00656639
-0.00055926
-0.0040389
0.0195479
-0.016765
-0.0532842
-5.37402e-05
0.208009
-0.0421316
0.0111081
-0.000570235
-0.0126337
-0.000566334
-0.0126406
0.000502588
-0.0375551
-0.000118227
-0.0586433
0.00453219
-8.81407e-05
-0.0173217
0.00052035
-0.0146859
0.0020884
0.226458
0.00203204
-0.014754
-0.0140841
0.00632168
0.175165
-0.0229721
-0.0599386
-0.0245363
0.00059522
0.170696
0.074237
0.00214691
0.000208024
0.0814607
-0.0705383
0.00425638
-0.0418753
0.00120889
0.000644431
0.040144
-0.0425601
-0.0207162
-0.0175447
0.403861
0.0426801
-0.0390022
0.0519254
-0.00067044
4.94138e-05
0.00262037
0.00482624
0.202817
-0.00575738
0.0325974
0.000188676
0.57305
0.534229
-0.0023471
0.262556
0.706358
-0.0468927
3.55773e-05
0.172363
0.19084
-0.00587808
-0.0370421
0.000351352
1.7492e-05
0.196921
0.046798
3.25947e-06
-0.0850817
0.000203058
0.0704604
0.0876098
-0.0519571
-0.0537262
-0.0329607
-0.000413235
0.00191523
-0.0202305
0.121995
-0.0680703
0.248768
-0.0153919
0.0719967
-0.00312475
-0.000357813
0.00116579
-0.00453429
0.186664
-0.007948
0.189437
-0.00040059
-0.115974
-0.066183
0.188009
-0.0101924
0.000749063
-0.0571468
0.000670267
0.0205182
0.161306
-0.0129356
0.208467
-0.0157862
-0.00536626
-0.132485
0.0541449
-0.0981346
-0.0261297
-0.00144164
-0.0424599
0.00240353
-0.0147566
0.00267574
-0.0470783
-0.0190294
0.0676088
-0.00650611
-0.110363
-0.0626061
0.0472198
0.0594241
0.162675
0.00690161
2.29037e-05
-0.0101255
0.25593
-0.000143228
-0.00948476
0.000646832
-0.000377082
-0.0609413
-0.000740752
0.00545278
-0.00173381
-0.00264301
0.000579099
-0.0581812
-0.00287107
-0.0218491
-0.0101145
-0.00508049
0.432082
0.0797375
-0.0530239
-0.0187573
0.00259589
0.000217295
0.0215348
-0.00165431
0.0136867
0.45144
0.177811
0.156487
-0.000331448
-0.025526
-0.00226547
0.0462188
0.137444
0.157555
0.203684
0.215115
-0.0224756
-0.00140559
-0.00350727
0.0585158
-0.00542119
0.224405
6.29364e-06
-0.00239427
-1.95117e-06
-0.00817316
-0.0531513
-0.0035809
-0.0208981
-0.0442945
-0.0857757
0.212132
0.190466
0.0447965
0.192661
0.110924
0.104267
8.45893e-06
-0.01124
-0.0148874
-0.131579
-0.00819755
-0.0636796
0.0950677
-0.122096
-0.0020024
-0.095624
0.147597
0.17729
0.0845598
0.119284
-0.0574347
-0.0262825
0.04156
-0.0081007
0.453203
0.000153591
-0.103484
0.0955968
0.0281004
-0.00115709
-0.0658789
0.564402
-0.0303582
0.0896311
-0.00117072
-0.119355
0.000515203
0.314975
-0.0722776
-0.0346965
0.0787326
0.0327746
0.0891497
0.509949
0.343685
0.00430404
0.000857493
-0.00425892
0.000300669
-0.0464087
-0.00893869
0.0829779
1.74157e-05
-0.00310633
0.122223
0.458642
-0.0390639
1.92077e-06
0.569123
-0.105681
-0.0600927
-0.00617729
0.150446
-0.120774
0.0792693
0.196153
8.28642e-06
0.176454
-0.0437029
0.000351683
0.0593717
0.0555661
0.0830407
0.446434
0.516931
0.00850444
0.0828169
0.00102893
-0.0558046
-0.0487714
-0.000177113
0.194245
-0.115301
-0.10452
-0.0538948
-0.00118376
6.82128e-05
0.00833574
0.0271472
0.380096
-0.0539402
-0.00423103
0.000262502
-0.00561056
0.000151811
-0.0293401
-0.0591637
-0.0134954
-0.0440206
-0.0953786
-0.0647802
-2.58992e-08
-0.0624328
-0.00435763
-0.119636
0.0761583
-5.13844e-05
7.53487e-07
0.794329
0.46997
0.534628
0.33677
0.0298944
0.000206452
0.038185
-0.0456588
0.00029487
0.399232
0.0202499
-0.00104386
0.123878
0.12999
0.070379
-0.154315
-0.082368
0.278949
-0.161051
0.0670844
0.0109028
-0.155751
-0.148612
0.0183611
0.0493095
0.0857457
0.119646
0.249443
0.284202
0.104621
-0.0663852
0.655903
-0.00832558
0.0511061
-0.0820165
0.00964571
0.150398
-0.00639046
-0.0143788
-0.111249
-0.161617
0.0620431
0.000244749
-0.0729875
0.497492
0.0289051
0.432654
0.337377
0.62029
0.0757903
-0.161615
0.504592
0.0412797
0.221879
-0.00153548
-0.00756613
0.000615338
-0.0665669
0.134335
-0.0503922
-0.0770189
0.00255774
-0.0761895
0.0580299
0.00125256
0.135822
-0.0597364
0.00212459
-7.84809e-05
-0.16872
0.00774673
-0.0125061
-0.0365394
0.61789
2.3583e-05
-0.0208461
0.00381803
-0.0190091
0.00975719
0.0635763
0.00209417
-0.101501
-0.000110398
-0.00698801
0.128071
-0.00817322
-0.0500001
-0.0099953
8.47676e-05
0.0541771
0.154725
-0.068968
-0.0382013
0.0664418
-0.00490361
-0.00313913
0.203218
8.6498e-06
0.0683347
0.0467622
-0.0969215
-2.00087e-06
-0.00248353
-3.55169e-05
-0.0539029
0.210761
-2.5856e-05
-0.012704
0.000182103
0.00966488
-0.0346697
0.000362415
-0.0611346
-0.0837736
0.816379
-6.65758e-05
0.104072
0.00247386
-0.00113075
0.00123262
0.187151
-0.0211476
-0.0687433
-0.0733715
0.345553
-0.040489
0.164907
1.12993e-05
0.332443
0.0716495
2.03637e-05
-0.111619
0.125876
-0.000619613
-6.20818e-05
-0.0669122
-0.0583614
0.804737
9.33108e-05
-0.0549959
-0.0681951
-3.95588e-05
0.0331757
0.000882955
-0.0377053
0.257189
-0.0534809
0.0467303
0.0101702
-0.000171131
0.393857
0.486151
0.00269818
-0.00701706
-0.0778077
0.361724
-0.0150347
-0.000277968
0.10507
-0.127445
-0.0858583
-0.00184505
-0.00286366
0.092973
0.0382285
-0.0322285
-0.0856026
-0.107952
-0.0487261
0.0724695
6.65907e-05
-0.0325129
0.782888
-0.00181836
-0.00281182
-0.00642438
0.608819
0.158364
2.75047e-06
6.12626e-06
0.224374
0.223403
-0.043298
-0.0888322
-0.0786263
-6.45532e-05
0.0375047
0.0220054
0.188839
-0.00589571
0.294278
-0.0302534
0.0537618
0.483852
0.000406946
-0.0164813
-0.130296
-0.101715
-0.0299887
8.09714e-05
0.412838
0.0959256
0.0746254
-0.0410374
-0.0985963
0.000129979
0.239756
0.00107718
0.000226943
-0.0599776
0.112304
0.00243071
-0.0158003
-0.0590365
0.175112
-0.00412829
-0.0617819
0.00132358
-0.0494168
0.000647621
-0.0111259
0.000635209
0.0670124
-0.042631
0.231876
-0.0135742
-0.000116284
0.00042352
0.697628
-8.30784e-05
-0.0552425
-0.0717895
0.365755
0.0734449
0.000222709
-0.0212729
-0.0266524
-0.0827216
0.102704
-0.0725595
0.154187
-0.0209205
0.100379
-0.0284245
-0.0118168
0.37093
0.0038237
-0.018168
0.227234
0.184654
0.561601
-0.0621418
-0.0461253
-0.00131796
-0.0457323
-0.0949517
0.142699
-0.00173472
0.0494018
0.000268923
0.0281893
-0.00421478
0.0312812
-0.0393329
-0.0191905
-0.00239573
-0.033528
0.000227723
0.0878983
-0.0633798
-0.00206471
0.000118247
0.0137874
0.721595
-0.119215
-0.0256766
-0.00469763
-0.000286586
0.442901
0.0556418
2.78192e-05
0.0131426
-0.126772
-6.03046e-06
-0.00122334
-0.0585142
-0.0152816
-0.00796136
0.170455
0.387965
0.385746
-0.059667
0.000723899
-0.0692833
0.000196452
0.263672
0.613965
0.000194843
-0.00118119
0.0408201
0.640251
1.18444e-05
0.359925
0.667285
-0.068335
-0.0164733
-0.00439307
0.362578
-0.00952504
-0.114566
0.589838
-0.00787664
0.390115
-0.033964
-0.0147412
0.588267
0.187723
0.371726
0.336988
0.00384992
-2.06592e-05
0.246544
0.108681
-0.0225606
-0.12718
0.0189139
-0.109467
-0.0216837
0.36356
0.000435406
-0.00886077
-0.109928
-0.0359893
-0.041139
-0.0877623
-0.0705687
0.396098
0.0864255
0.0379109
0.565391
0.0014824
-5.56335e-05
0.0874
0.0665453
0.0944602
-0.000352951
0.0108077
2.03084e-06
-0.049281
0.0306942
-4.68592e-05
-0.00177039
0.00118617
0.000144922
0.122385
-0.012552
0.000619673
-0.0141093
-0.115018
-0.01397
-0.0045763
0.390128
-0.0300158
-0.0226613
0.00217303
-0.0219885
0.000120203
-0.0545538
0.175033
0.00736872
0.209535
0.0133264
0.14023
0.232097
0.280156
-0.0366936
0.474839
-0.0207738
0.411923
-0.140821
-1.2964e-05
-0.0174678
-0.0280038
0.0419197
0.199941
-0.0848413
0.000476241
0.807536
0.0121277
0.184487
-0.056091
0.124069
0.116653
0.00138209
-0.0461555
-0.109341
0.00370295
-0.00110045
-0.0158413
-0.0578479
-0.00740317
-0.0111258
-0.111246
0.235548
-0.00790693
-0.0512107
-1.64254e-05
0.674527
0.756479
0.00987772
0.000173052
-0.0431675
0.00134767
-0.0476664
0.000192937
0.0796217
-0.0414439
0.000312386
-0.00096333
-0.0688309
-0.00126141
-0.0286757
-0.0431719
0.434547
-0.107275
0.414751
-0.00102176
-0.0161764
-0.0220695
0.117946
0.0885066
-0.0745755
0.00338561
-0.0217762
0.345564
-0.0556359
0.000555327
9.30228e-05
-0.00431432
1.08346e-05
-0.00921352
-0.00271628
0.0202441
-0.00972227
0.186528
9.25438e-05
0.00237716
0.310116
0.336974
-0.0383458
-0.00306565
0.272841
0.000440639
0.000477363
0.0779617
-0.0017045
0.604973
-0.0558549
0.38029
-0.100518
-5.05575e-05
-0.0129551
0.515489
0.370809
0.0263104
0.00622913
-0.000314992
0.178717
0.0994054
0.0221579
-0.00191861
-0.0171229
-0.0774587
5.15927e-06
-0.0356073
-0.0703258
-0.0523312
-0.00762513
0.625593
-0.00683774
-0.0382927
-0.0559259
0.000928908
4.26808e-05
0.00248484
-0.00791997
0.453822
0.0212013
0.000133441
0.00129995
-0.0959829
0.543795
0.000340706
0.00107949
0.0644637
-0.0511974
0.507562
-0.0461422
0.416343
0.383948
0.000322772
0.360169
0.396624
-0.0424372
0.0731569
-0.000326785
0.410414
0.00091824
-0.00015895
-0.00607411
0.281583
-0.0121918
0.284898
0.00330023
0.630612
0.00392649
3.79195e-06
0.840125
0.0609734
0.682524
0.183704
-0.148985
0.0313904
-0.0896885
0.49698
0.000412801
-0.000179742
0.0978464
-0.00119348
0.612998
-0.141945
-0.150115
0.00344709
0.11427
0.1632
-0.105873
0.0225182
-0.0369947
-0.00734136
0.0444166
0.000694073
0.00503631
-0.0387613
-0.0399249
-0.0641543
0.103912
0.00701981
0.147374
0.0990891
0.669705
-0.0791324
0.0513001
0.000709841
-0.119064
0.415463
-0.0061617
0.159852
0.314868
-0.041798
0.0256548
-0.105068
-9.47242e-05
-0.00639407
-0.00386887
0.0130454
-0.00772689
-0.0896546
0.000198099
0.205411
0.140853
0.268589
0.161297
0.332903
0.0190184
0.112336
0.032351
0.0408805
-0.0289418
-0.140189
0.110584
0.408747
0.0643199
-0.00835896
-0.0547171
0.161992
-0.010925
-0.130704
0.269329
-0.0265233
-0.0556926
0.188533
0.0559926
0.595628
-4.65278e-05
3.48972e-05
-0.087777
0.432218
0.471961
0.357497
0.469598
0.0949917
-0.00927328
-0.0151445
0.12455
-0.0279485
-0.00208551
0.0437042
0.624453
0.0100113
0.423161
0.182553
0.0262027
0.000212343
-0.0546316
0.484849
-0.00380869
-0.0119794
0.222089
-0.0711507
0.000461583
-0.00834282
-0.0535306
0.74764
-0.0840186
0.231023
0.158113
-0.0118338
0.119879
0.380123
0.480945
0.199442
-0.0977755
0.171337
0.157886
0.798053
0.00119187
-0.00502764
0.464173
-0.0980077
0.364547
0.503019
0.00532115
-0.0517876
0.194362
0.000125377
0.543395
-0.0199929
0.449908
0.0179655
0.00229692
0.00182332
-0.00182951
0.784996
0.000147564
-0.13098
0.405114
-0.000663969
0.0337926
-0.0362744
-0.0361364
0.210676
-0.0306521
0.00144335
0.197372
-0.0301511
0.00125796
0.000127923
0.150531
-0.00407969
0.301232
-0.106804
-0.00331109
0.112254
-0.00220345
-0.0383193
0.10226
-0.104158
0.318139
-0.0331577
-0.00530289
0.246254
0.00033515
0.00295588
0.201365
-0.0199785
0.0103085
0.205925
0.549863
0.173543
0.0276007
0.338416
0.492715
-0.0195737
-1.32954e-05
0.323963
-0.109937
0.0218263
-0.00135688
-0.0868895
-0.000452827
-0.00110652
0.0873074
-0.00677188
-0.0134528
-0.0379095
-1.67599e-06
0.303893
-0.00103073
0.0508545
-0.13588
0.000126578
-0.0893102
-0.0365584
-0.093975
0.000923443
0.0415336
0.45935
0.55253
0.727377
8.0947e-07
-0.0383288
0.000144931
7.60636e-05
2.55364e-05
0.00119402
-0.00191962
-0.00622979
0.347964
0.0339454
-0.00464131
0.0999908
0.0392874
0.0130655
-0.0899196
-0.0708604
0.173152
0.373821
-7.6599e-06
0.02207
-0.069618
-2.01917e-07
-0.063449
0.08795
0.303963
2.74579e-06
0.563171
-0.0479504
0.15596
0.178318
0.00270991
0.233677
0.00410494
-0.109862
0.681532
0.000284269
-0.00868972
0.257274
-0.000450671
-0.0388884
8.85091e-05
-0.00105252
0.00407607
-0.0190379
-0.00437491
0.000417637
7.90249e-05
-0.0152119
-0.0984885
-0.0776874
0.212192
0.0999132
-0.0131993
0.626868
0.0283132
0.591419
-0.0252404
0.653279
0.583656
0.602719
0.0198819
-0.01573
0.016543
-0.00491811
0.000395823
0.306666
-0.0480373
0.00164465
0.299721
0.687483
0.22303
0.145826
-0.031417
-0.0274412
0.00658697
-0.00329212
-0.059982
-0.0134722
0.578005
-0.000626278
0.767478
0.369434
-0.00111795
0.287807
-0.0504308
-0.115297
0.229886
0.0970933
-0.00643085
0.225467
-0.0240042
0.406517
0.176637
0.0027319
8.00888e-05
0.037173
-0.0831279
6.51648e-06
0.00510052
-0.156717
-0.00105028
-0.0486614
4.44865e-06
1.21858e-06
-0.119561
-4.40193e-06
-0.00891444
0.00174385
-0.0411795
0.157759
-0.0805504
0.0142594
0.057774
-0.0657336
-0.159562
0.182894
0.0285812
0.0255006
0.438686
0.387994
-0.000104213
0.307512
-0.0915641
0.631914
0.318579
0.00433894
0.407021
0.639594
1.21598e-05
0.294415
0.037095
0.0586691
-0.0612055
-3.03664e-05
0.0753937
-0.083654
-0.00667353
-0.000400546
0.000133958
0.0249488
0.00178357
-0.0873773
0.10673
-9.91133e-06
-0.129004
0.102377
-0.0117883
0.00238734
-0.00872808
-0.00133432
-5.04878e-05
0.612224
0.555866
0.101578
-0.0789454
-0.00854622
-0.0029389
-0.000489055
0.000199416
-0.00471987
0.0176851
-0.0708457
-0.0617683
-0.0748171
0.446176
-0.0645763
0.765633
0.000829843
-0.0530858
0.488742
0.000652386
-0.0830701
0.000158188
-0.00102386
6.02088e-06
0.000500008
0.225401
0.000287612
0.00240554
0.230975
0.0335834
-0.0132826
-0.0208948
-0.0141294
-5.77675e-05
0.707475
-0.0823477
0.338804
0.20221
-0.00645999
0.418506
9.00552e-06
0.0955464
3.93987e-05
0.00493513
0.0164472
0.6181
-0.00155853
0.375364
0.0991764
-0.000623915
0.000159647
-0.0415096
0.4479
9.44878e-06
0.0202867
-0.000608201
-0.107654
-0.0597106
-0.135378
-0.0212466
-0.0370995
0.0446307
0.00484681
-0.144533
-0.138271
-0.00914307
0.000538426
-5.3318e-05
0.000585992
-0.00126984
7.58947e-05
0.144552
0.00271284
0.00214661
0.425083
-0.00161256
-0.0692102
0.292596
3.55288e-05
0.00360249
-0.122582
0.713504
-0.000888
0.301753
-0.0676637
0.385969
-0.0329126
0.54551
-0.0844295
-0.093046
-0.021021
0.600037
-0.0262603
-9.36743e-06
0.000721631
0.225598
0.0936983
0.194868
0.730287
-0.0671187
-0.119428
0.470707
0.00175003
0.0895303
0.0104045
-0.00641557
0.0032176
0.00836898
-0.000339708
-0.0978324
0.218489
0.196032
-0.0170838
-5.94757e-05
-5.12819e-05
1.13416e-05
-0.000410573
0.000271432
-0.089161
0.47205
-0.0668041
0.792566
-0.151651
-0.00295639
0.762544
-0.0315799
-0.0113194
0.000654242
-0.00167804
-0.0130599
0.757289
0.733351
-0.0426234
-0.0214816
0.000363456
0.422616
0.283012
0.0117279
0.159708
-0.0238879
-0.0272944
0.00152873
0.588208
0.56352
0.18781
-0.012407
0.00187368
-0.024877
0.0436965
-0.00127208
0.422392
-0.00181186
0.00275234
-0.00529657
-0.101447
0.108427
-0.0801112
-0.0139889
0.672889
0.22797
0.207225
-0.101211
0.0562834
-0.0114451
-4.89464e-05
0.484298
-0.00239403
-0.00620977
-0.0831205
0.126782
0.0001951
0.339539
0.0397755
-0.0861275
0.0957335
0.232127
-0.0524996
-0.0115512
0.0499421
0.748514
0.184172
0.546622
-0.0012647
0.169419
0.0242233
0.00400029
0.397649
0.00266736
0.0259264
-0.0395234
0.186998
-0.0617684
-0.0449056
-0.0706718
-0.108592
0.00100011
-0.0374769
0.597981
0.111302
-0.0463628
-0.011767
-0.0238632
-0.12589
0.740366
-0.0145986
-0.0119474
-0.162327
-0.0083337
-0.0199539
0.0372635
0.00910546
0.805771
0.574872
0.0295317
0.533615
0.556371
-0.0123842
0.0234462
0.0447924
0.118481
-0.00118266
0.0835232
-0.000375463
-0.0382926
-0.104423
-0.0581175
-0.00468381
-0.0947322
0.414005
0.101109
0.514987
0.536937
0.578404
0.000217812
-0.0120852
0.591511
-0.0253388
0.700828
0.459684
0.00439332
0.646567
1.6002e-06
-0.0020782
0.107793
0.109886
0.497931
0.00464038
0.0123287
0.00420794
0.439005
-0.0312561
0.0226349
0.576943
-0.0601522
0.588522
-0.0186322
-0.0664845
0.462773
0.577316
0.31298
0.313562
0.0451364
-0.0115008
-0.0978213
0.000370258
0.591885
0.325706
0.405613
0.325455
0.661108
0.0239744
-0.138743
0.633436
-5.9206e-05
0.649042
0.181657
0.729493
0.697647
-5.38602e-05
-0.0624617
0.556748
0.0035948
-0.00441357
2.96683e-06
-0.0678746
0.0189623
0.493533
-0.0163032
0.0202354
0.189385
-0.0776946
-0.00116656
-0.0341824
0.566829
-0.0427083
0.565456
0.636767
0.483673
-0.0142532
0.120939
-0.447081
0.346333
0.582352
0.836695
0.267033
-0.808992
-0.0493399
0.592159
-0.594543
-0.0496332
0.391127
-0.697181
0.822157
-1.15966
-0.114153
1.00389
-0.150459
0.478117
0.0231826
-1.54275
0.36028
0.844161
0.0882462
0.543999
-0.154282
0.89751
-1.12554
-0.774825
0.878488
1.15003
1.42154
0.31982
1.87401
-0.143375
0.885646
0.190717
-0.137296
-0.113177
-0.152148
-1.18145
0.137318
0.0308252
-0.783866
0.0895627
0.641564
-0.189007
0.476299
-0.119453
-0.000915218
-0.55534
-0.678843
0.316753
0.214663
-0.0538297
0.175646
0.275056
-1.08238
-0.122841
-1.11951
1.70053
-0.186695
0.521063
0.367837
0.466868
-0.901469
0.132946
1.91394
1.99819
-0.264311
0.81097
0.329197
0.754021
1.02478
-0.268297
0.194866
1.56817
1.29621
0.125143
0.367941
0.393741
0.167923
-0.708926
0.356077
0.407223
0.36881
-0.149198
0.0832822
0.997818
-0.604528
-0.214735
0.355194
-0.205235
0.625095
-0.0957154
0.22086
-0.27535
-0.46708
2.24165
0.892367
1.86032
1.16387
1.43539
0.334713
-0.12853
0.927172
-0.520759
-0.388208
-0.130349
-0.117115
-1.37379
-0.0720825
0.307316
0.965743
0.549426
-0.180017
1.14035
-0.198777
-0.134402
1.01433
0.458876
2.27582
-0.101028
1.74851
0.0127432
-0.655032
-1.58959
-0.0373235
-0.239979
-0.18063
0.501346
-0.148385
-0.114908
0.481989
-0.125024
-0.0830554
-0.452359
0.0545852
0.0600752
-0.661318
0.898695
-0.60186
0.895551
1.87195
1.00995
0.735843
1.28137
1.55311
0.176749
-0.286444
0.174015
0.360237
0.545762
0.466078
-1.45368
0.400862
0.393133
-0.117553
-0.158574
-0.278498
-0.613237
0.152143
-0.143348
-0.26314
0.0750021
-0.157644
-0.301619
0.619428
0.442599
0.143656
-0.154436
0.272026
-1.64575
-0.19175
0.46274
0.379361
-0.884876
-0.120799
0.455776
-0.125058
0.219362
2.01541
-0.0948945
-1.34423
-0.398475
-0.750998
-0.106642
-0.0562156
0.339202
0.0887712
-0.154588
-0.156162
0.0519976
0.185642
-0.125334
-0.413764
-0.343624
-0.120002
0.23502
1.05085
0.202055
-0.25975
0.283735
-0.0299451
0.258082
0.287202
0.695191
-0.229825
0.0723813
1.09547
0.604789
0.60861
1.04466
0.0190618
-0.124424
0.141718
-0.119208
0.950952
-0.441494
-0.248231
0.850333
-0.24661
0.14962
0.207533
-0.853483
-0.713259
0.306412
0.330894
0.215486
-0.220373
-0.2276
0.403719
0.426792
0.18524
0.506443
0.266296
0.792931
-0.450505
0.261707
0.16453
0.144811
0.499994
-1.09162
-0.0692614
-0.337965
0.0326149
-1.12242
0.874439
-1.76567
0.757467
-0.165757
0.281009
-0.0761281
0.545141
-0.265141
0.0401554
-0.314924
-0.158659
2.35367
-1.03928
-0.2158
0.919819
1.19125
0.637157
1.81583
0.452714
0.547209
1.46325
0.379941
0.0781363
-0.0832895
-0.0111118
-0.476784
-0.385126
0.859812
0.179966
2.189
0.519217
0.205726
-0.331812
0.624952
-0.363187
2.12198
-0.107928
0.840529
0.173241
0.00612282
0.233152
-0.212111
0.00465626
-0.659467
-0.237197
-0.129823
0.296532
0.40594
0.385032
0.336055
0.541037
0.409761
-1.29732
0.453784
1.04497
-0.136595
0.457598
-0.204606
-0.0927182
0.28144
-0.176929
-0.205581
0.0380954
-0.806098
0.428266
0.0134276
0.110678
-0.311781
0.453703
0.497134
0.364935
2.30084
-0.281325
0.551139
-0.120488
-0.0309865
0.114644
0.352388
-0.574031
-1.12154
0.126334
0.283417
0.0783782
0.00035759
-0.245479
-0.23493
0.0342949
-0.461353
0.290588
0.641396
0.0179187
0.175803
-0.905756
-1.24177
-0.927437
-0.486664
-0.588832
-0.218949
-0.126547
-0.214733
0.577095
-0.154969
-0.248565
0.393902
-0.458148
0.350261
0.292529
1.04093
0.170201
0.267862
1.02485
0.919953
0.14386
0.511677
-0.471466
0.800204
1.0719
1.95079
1.34342
1.61802
0.242519
-0.220667
0.266729
0.101512
-0.877656
0.779507
0.0787332
-0.0605863
0.337157
-0.669632
-0.233598
0.29514
0.546815
-0.349151
0.611019
0.491675
0.0319628
0.342356
0.144919
-0.169194
-0.911777
0.264505
0.140817
-1.08547
0.548559
2.02392
-0.119049
-0.946265
-0.848343
-0.442861
-0.0855279
0.458834
-0.744798
0.393287
0.727631
0.999133
1.27056
0.168891
1.54281
-0.29427
0.319112
0.168839
0.537814
0.82155
1.03733
-0.511928
0.10186
-0.13375
-0.343672
0.260685
0.467005
1.01973
0.253028
0.247995
1.11178
-0.0436449
-0.218044
0.220529
-0.183551
-0.526841
0.285907
0.931325
1.6599
-0.595179
-0.486432
-0.252367
0.509261
0.207986
0.449289
-0.0733603
1.06204
0.303345
0.434034
-0.178611
0.557457
0.451717
0.296711
-0.186665
0.395547
-0.212803
0.169607
0.233796
0.78403
-0.326997
0.389921
0.18817
-0.795365
-1.07908
-1.08718
-0.207875
0.0548006
-0.150318
-0.745213
-1.65723
-0.935526
0.284628
-0.269242
1.68114
-1.3116
0.125984
0.253312
0.204985
-0.7249
0.196973
-0.142064
-0.145298
-0.173628
0.131566
0.115924
0.283189
0.854793
1.50794
-0.0930409
-0.0942968
-0.174439
-0.213057
0.881608
-0.332606
0.471093
0.314564
-0.215601
-0.229522
-0.274492
-0.15095
-0.687681
0.70215
-0.0482002
0.154706
0.480343
-0.838621
-0.682609
-0.222371
-0.226338
0.496616
-0.526418
0.178404
-0.213549
0.361901
-0.311177
2.17423
0.211646
-0.205887
0.242009
1.92359
-0.192997
1.37027
0.270187
1.09871
0.82726
0.435712
-0.0965894
0.0786239
0.251068
0.159325
0.169355
0.87536
0.280609
0.153608
0.684947
0.238296
0.445523
-1.11326
-0.804092
0.0460739
-0.243029
0.376432
-1.09771
0.190852
-0.576894
0.374087
0.0212045
-0.203012
0.0437484
-0.255207
0.3919
-1.7625
-0.0331225
0.790374
-0.441459
-0.942167
0.00400406
0.189823
1.47225
-1.73152
-0.025849
0.813527
-0.251284
1.03429
0.761019
1.30574
1.58036
0.202078
-0.261123
-0.176328
0.537665
2.30432
0.069989
-1.2829
-0.152483
0.221308
-0.0899646
-0.252784
-0.953987
0.420915
-0.915473
-0.271102
-0.178547
-1.18627
0.0869591
0.352006
-0.213235
2.0949
-0.564741
-0.125016
-0.175104
-0.41155
0.113295
-0.0686468
-0.171942
-0.296356
0.388476
-0.148555
1.98988
-0.209571
-0.0339692
0.375838
0.554238
-0.0877617
-0.198886
-1.07663
0.40758
0.2478
0.569149
0.367008
-0.182666
0.326731
0.498634
-0.114603
0.530735
-1.05911
-1.66872
0.711384
0.746884
-0.195606
0.38348
-0.139289
0.417384
0.199344
0.55125
0.104711
-0.267088
0.243138
0.253069
-0.036399
0.166826
-0.767182
-0.129482
1.21622
0.94478
1.48971
-0.350031
0.113232
0.672231
0.411936
0.108681
0.365214
0.314073
-0.716174
-0.196963
-0.146698
0.581334
0.650622
0.172876
-1.39528
-1.84614
1.45644
-0.149019
0.778457
0.572554
-1.25712
0.534486
-0.319064
1.13967
0.360234
-0.192251
0.228829
0.524513
-0.296654
0.792647
0.588249
0.554023
0.0113125
-1.09782
0.833192
-0.980246
0.272625
2.16852
-1.0733
-0.0121369
-0.566686
1.07067
0.497756
-1.70065
0.23902
-0.900053
0.0491096
-0.248313
0.811055
-0.0959775
0.862158
0.147823
-1.07373
0.122654
0.41215
0.36783
-0.193169
0.113449
0.256294
-0.171471
-0.188703
-0.727001
-0.373137
-0.124543
-1.01359
0.000497405
1.63927
0.184788
0.68588
0.423979
-0.199703
0.101389
0.407392
-0.963123
0.880055
-1.0173
1.04345
-0.114055
-0.255465
0.194337
-0.00542414
-0.0833055
0.289108
-0.943987
-1.38185
0.490768
0.876883
0.508857
-0.204486
1.14247
0.540512
-0.90096
1.36732
0.116563
0.137881
0.338418
0.291898
0.0407148
0.314982
-0.147837
0.151587
0.147469
-1.58868
0.248105
0.52679
-0.497629
-1.5118
0.601695
0.159901
0.12939
-1.25215
-1.49165
-0.353724
0.627455
-0.118605
-0.34555
-0.264522
0.458668
0.366755
0.324738
0.34639
-0.22304
-0.279903
-0.508024
0.854438
-1.15283
0.358777
0.364307
-0.791259
0.290786
-1.07205
-0.158601
-0.208378
-0.41621
0.0887044
0.590353
0.351095
-0.032363
-0.230071
0.136747
0.46051
-0.3054
0.442315
0.401835
0.82571
0.0308155
-0.537224
-0.192584
0.220282
0.54784
-0.784793
0.57839
-0.836622
-0.126527
0.549343
-0.132259
-0.208008
-1.1569
-0.187677
-0.212141
0.0486657
-0.227344
0.696748
0.581616
0.113657
0.205245
0.781774
1.05386
1.96982
1.32534
1.59964
0.223028
-0.240155
-0.0169881
0.91667
0.434007
-0.166833
0.548844
0.984043
-0.551319
-0.0796463
0.124768
0.474348
-0.520062
0.442048
0.927847
0.818998
0.00734466
0.0448344
-0.385017
0.153778
-0.324528
1.5111
0.138685
1.23978
0.968368
0.697707
-0.124162
0.252959
-0.0152132
0.236745
0.577004
0.528752
0.886482
-0.133129
0.429749
0.128543
-0.729409
-0.0363996
0.461386
0.106839
0.213398
-0.800912
0.485919
0.0755272
0.025082
0.017337
0.670233
2.05942
0.249871
0.257614
1.46731
0.455926
0.051146
0.15514
1.27415
0.417346
0.0842119
-1.17085
0.37745
0.325005
0.458865
0.11788
-0.264464
0.0682841
0.376659
0.0809924
0.449781
1.03577
-0.635297
0.393883
-0.632151
-0.152872
-0.18754
0.222257
0.337586
0.240955
-0.236709
0.0307859
-0.853413
0.566323
-0.215983
0.377513
0.338185
0.846201
0.139988
-1.62463
0.0180876
0.366126
-0.417318
-1.43094
0.152247
0.122843
0.15278
0.376553
0.251993
0.230992
0.492577
0.327634
-1.57488
0.44867
0.300452
0.527887
0.27903
0.325356
0.267463
0.48039
0.408311
-0.601313
0.388808
0.384207
0.569731
-0.103319
-0.572523
0.78079
0.305867
-1.07743
-0.722833
-0.890354
0.484822
0.571161
0.330217
0.212532
-0.0164819
0.342816
-0.921039
0.191377
0.122442
0.436398
0.438401
0.479115
0.128613
2.2034
-0.878111
0.268544
0.812785
1.08392
1.35535
1.9392
-0.209693
0.253466
1.61634
0.842843
-0.889945
-0.268855
0.523843
-1.03276
0.513664
0.237158
-0.256286
0.071159
0.0944317
0.0270054
0.534035
0.26862
0.166924
-0.255082
-0.940295
0.117731
-0.317179
-1.08135
0.299208
0.393347
0.334505
-0.180103
0.90036
-0.28456
-0.150762
-0.888463
0.0696341
-0.0413864
0.669181
0.410484
0.774096
0.36393
1.29683
0.544005
-0.211759
0.499367
0.139817
0.41385
-0.0249156
-0.231357
-0.378445
-0.232977
0.678811
0.459836
0.289106
0.267534
-0.277054
0.00869548
0.426822
-0.301
-0.125725
-0.43657
-1.54036
0.492775
-0.177757
0.584962
0.166095
0.556348
0.318632
0.25252
0.641113
-0.317758
0.244166
0.337185
-0.549588
0.262345
-0.228572
0.403366
0.415589
0.7612
0.40394
0.460648
-0.165525
0.312521
0.759269
-0.000443044
0.0388383
-0.271542
0.385823
1.57502
-0.418909
0.259408
0.23484
-0.836233
2.13198
1.337
-1.05766
0.464957
-0.975064
0.816236
1.1141
-0.938173
0.540762
0.221158
-0.507065
-0.936748
-0.694832
-0.262792
0.395138
0.413158
-0.601218
0.507919
0.839631
0.15477
0.118121
0.222841
0.740569
2.40404
0.559869
0.649737
-0.142614
0.0956003
-0.769145
-0.212943
0.479274
0.463175
0.698423
0.497426
-0.124358
-0.389731
-0.28001
1.90673
1.38747
-0.177602
0.28558
1.65378
1.11603
0.844347
0.125487
1.85425
1.81353
-0.127031
0.601995
0.626237
-0.319081
-0.256417
0.313817
0.535144
-0.195013
-0.178466
0.248131
0.2968
-1.03255
0.504066
0.143568
-1.83911
-0.349767
-1.09803
0.546476
0.757044
0.188273
0.310262
1.63959
-0.222733
0.362179
0.172097
0.831936
0.235474
-0.206115
-0.28187
0.736508
-0.047663
-0.429138
0.580125
0.75036
0.0601423
-0.647409
0.241451
-0.0176277
0.511525
0.811631
0.234654
-0.129356
-0.28527
-0.311998
0.354634
0.324372
-0.243984
0.381961
-0.39898
0.323763
0.464591
-0.210276
0.121902
0.415867
0.400687
0.445303
-1.31287
-0.188343
-0.183372
-0.19799
0.171686
0.0998152
0.461292
-0.147569
0.803969
-1.44577
0.410088
0.355818
-0.0153405
0.419704
-0.269644
0.794092
0.871288
0.814037
-0.462339
-0.70846
0.402269
0.202545
-0.199205
-0.222342
0.840214
-0.544893
0.206178
-0.769394
-0.128957
-0.311661
-0.165119
-0.305279
-0.122959
0.388207
-0.186888
0.442813
-0.503504
-0.201405
0.331202
-0.518056
0.956439
0.376447
-0.803801
0.112752
0.768949
-0.913437
0.324091
-0.15282
-0.21714
-0.808444
-0.939986
-0.314299
0.32756
-1.19614
-0.39965
-0.191693
1.03614
0.30379
-0.229523
0.363153
0.725441
0.263895
-0.369093
-0.206807
0.2598
0.477378
1.46684
-0.147505
0.247221
0.0133797
0.144312
-0.220864
0.39291
0.12828
-0.213004
-0.503843
0.112965
-0.332302
0.210036
0.140537
0.162348
2.296
0.124237
0.502872
-0.498023
-0.00958057
-0.171018
0.424411
0.148169
0.0541039
-0.30083
0.00980554
-0.293336
-1.62143
0.993779
-1.10515
-0.332266
0.461377
0.168012
-0.165951
-0.000963668
-0.148651
-0.159543
-0.0285955
-0.113588
0.0386307
0.395914
-0.12465
-0.185714
0.44674
-0.284978
0.308082
0.705792
-0.367331
0.4777
-0.133875
0.320598
-0.184952
0.449429
-0.154316
-0.855996
-0.189543
-0.786395
0.414896
-0.186533
-0.305089
-0.515976
-0.129699
-0.430294
-0.290949
-1.22457
0.351297
0.315341
0.992148
0.319602
-0.407338
-0.318915
-0.776218
0.455393
0.268087
0.560386
0.521817
-0.140546
-0.212367
0.305255
-0.383024
-0.348344
-0.575559
0.725112
-0.247745
0.48958
0.437633
0.0218102
-0.213071
-0.268689
0.758571
0.770556
0.713084
0.362837
-0.152533
-0.406065
-0.329232
0.250996
0.46176
-0.257179
-0.380596
-0.170991
-0.302331
1.05958
-0.173744
0.136979
-0.632955
-0.19597
-0.349983
-0.687648
0.206669
-0.150325
-0.247662
-0.239171
-0.244409
0.429048
-0.364853
-0.712378
2.06258
-1.35358
0.616963
-0.319358
-0.137134
0.0805076
1.08861
-0.266493
-0.228348
-0.22115
-0.994245
-0.803676
-0.922725
-0.490436
0.582772
0.488934
0.400644
1.79803
-0.0626248
0.024756
1.77292
-0.438774
-0.0391423
0.424973
0.0553017
0.614353
0.521975
-0.407993
-0.0608362
-0.202895
0.275505
-0.0225166
-0.371092
0.363428
0.485608
-0.212864
0.00858156
-0.327271
0.514677
0.343423
0.404483
0.32154
-0.151359
-0.278815
0.362278
-0.213652
0.294053
-0.292749
0.38587
0.0433135
-0.152552
-0.20374
0.37237
0.181178
-0.387272
-0.277943
0.336127
0.151522
-0.197956
0.159881
-0.124314
0.196811
0.309844
0.0751988
-0.521625
-0.184433
-0.0719334
0.219466
0.788378
0.134811
-0.258413
0.453928
0.103751
0.251185
-0.179458
0.125747
-0.136133
0.0918877
0.274575
0.250736
-0.40097
-0.248648
-0.401302
0.176072
-0.260214
-0.057243
-0.172472
0.647006
0.257522
-0.230331
-0.287171
-0.200701
-0.284233
-0.900393
-0.859212
-0.144248
-0.0640377
-0.179695
0.438675
-0.21253
0.0634912
0.252563
-0.231865
-0.214629
-0.188338
2.08077
0.0901947
0.191007
-0.239538
-0.933562
-0.0244883
-0.350776
-0.118226
0.778668
0.459996
0.0174007
0.512512
0.759469
0.171131
-0.108262
0.125814
-0.20566
0.586926
0.582298
-0.104236
-1.06794
-0.149091
0.0564816
0.421789
0.360324
-0.139927
-0.220869
0.391088
-0.178478
0.908543
0.384002
-0.354997
0.925956
0.435576
-0.137582
0.328811
0.157915
-0.206218
-0.223158
-0.19154
-0.466169
0.955747
-0.377177
-0.223479
0.592301
0.459178
-0.0383385
0.237092
-0.303919
0.267807
-0.748681
-0.154845
-0.164918
0.298576
-0.168117
0.699404
0.0676447
0.093821
0.602688
-0.437083
-0.20638
-0.158056
-0.269978
-0.113675
-0.174745
-0.0991932
-0.459764
-0.176889
-0.230713
-1.04786
-0.982232
-0.196898
-0.102922
0.387048
-0.406182
-0.183781
-0.610557
-0.33318
-0.173959
-0.15379
-0.505869
-0.176546
0.0169007
-0.102757
0.968021
0.994346
-0.180207
0.51633
-1.08505
-0.109912
-0.244872
-0.815866
0.325589
0.37236
0.325539
0.616397
0.464559
-0.801118
-0.139166
0.249782
-0.120445
-0.166305
-0.242165
-0.11771
-0.194494
-0.0584262
-0.126168
-0.111441
-0.40874
-0.165149
-0.54898
-0.699795
0.538058
-0.124463
-0.129591
-0.437517
-0.176614
0.466901
-0.118214
-0.615413
-0.108461
-0.288449
1.02659
0.521127
-0.150014
-0.104983
-0.304391
-0.82809
-0.143818
-0.500236
0.297079
-0.316268
-0.206311
-0.296191
-0.354567
-0.11653
-0.543144
0.979
-0.51683
0.153153
-0.183797
-0.384305
-0.0956075
-0.148961
-0.142473
2.16262
0.636353
-0.246088
-0.809722
-1.0054
-0.104587
-0.477761
-0.266173
-0.132658
-0.12625
-0.125828
0.837434
0.659274
0.574119
0.373193
-0.843893
0.341313
0.509501
0.458798
0.527777
-1.41911
0.540938
0.426848
-0.165646
0.410702
0.483594
-0.170825
-0.113909
-0.14456
-0.110069
0.457083
-0.100936
0.785342
-0.368098
-0.105908
-0.965051
-0.19618
-0.512567
0.580355
0.73271
0.41714
0.64548
-0.191033
-0.113801
-0.783905
0.50317
-0.162892
0.367462
-0.520363
-0.774254
0.314002
-0.236048
0.390471
0.444084
-0.101375
-0.280369
0.792379
-0.332638
-0.193891
0.630615
0.331336
0.321785
-0.272765
-0.333122
0.602804
0.363703
1.20141
-1.03256
1.15531
-0.468408
0.617635
-0.319707
-0.105597
0.576916
0.190263
-0.448612
-0.643804
-0.159854
-0.0441896
0.276077
0.267336
-1.84269
0.597386
-0.142256
0.320505
-0.198692
-0.862965
-0.169939
-0.159753
0.224274
0.711471
-0.668497
0.589205
-0.31626
0.0650555
-0.189832
0.940577
-0.14022
-0.903758
0.0145172
-0.240948
-0.455748
0.24293
0.247907
-0.275593
-0.484428
0.228497
-0.162299
-0.420299
-0.14319
0.52364
-0.169097
-0.0631869
0.782228
-0.239118
-0.819887
0.473755
-0.330954
0.577106
0.571357
0.418205
-0.181045
0.16793
-0.387762
-0.134623
-0.518483
0.126263
1.03328
-0.147404
0.125262
0.152882
-0.160971
-0.145803
0.196531
-0.208521
0.382152
0.146202
-0.379862
0.488858
-0.140588
-0.157368
0.610034
-0.146011
-0.853322
-0.135951
1.21047
-0.376708
-0.690176
0.56495
0.672302
-1.10807
-0.172782
-0.140606
-0.185292
-0.174173
-0.840345
0.116079
-0.161459
0.0944937
-0.54685
-0.205416
-0.295991
0.542209
0.643139
0.0623191
0.826504
0.594871
-0.193788
-0.349409
0.509898
-0.74081
0.0518319
-0.154634
-0.644203
0.580677
0.278932
-0.137027
-0.00730703
-0.15358
0.842476
-0.339869
-0.0297102
0.0344587
0.48194
0.584562
-0.231438
-0.339362
-0.945788
-0.199075
1.84783
0.495614
-0.803535
-0.152418
-0.147281
-0.196041
0.247561
-0.142976
0.448301
-0.11232
-0.156556
-0.132389
0.465407
0.196191
-0.182457
-0.305452
-0.547342
-0.147236
-0.442578
-0.128468
-0.133537
0.606833
-0.164454
-0.185379
0.519833
-0.137696
-0.0371759
-0.128386
-0.139143
-0.491001
-0.136327
-0.172872
-0.130103
-0.6817
0.441272
-0.626643
0.295135
-0.179815
-0.155787
-0.808253
0.53666
-0.167259
-0.45867
-0.136323
-0.127649
-0.139747
-0.149643
-0.285636
-0.152668
-0.139004
-0.134453
0.670377
0.399276
-0.211805
0.205936
-0.19003
0.419393
-0.216028
0.888561
-0.142935
-0.857597
-0.192156
-0.147451
-0.16447
-1.816
0.591273
0.495153
0.396258
0.61611
0.51726
0.409695
0.033092
-0.0666902
-0.0534543
0.0570042
1.75786
1.79279
-0.429609
-0.405965
-0.232779
-0.882821
-0.582316
0.0980548
-0.176195
0.435036
-0.548637
-0.306398
-0.254579
-0.151304
0.352916
0.564307
-0.468584
0.398202
0.337586
-0.12658
-0.154828
0.375466
-0.230308
-0.145098
0.0490571
0.308094
0.48768
-0.34391
-0.154994
-0.227529
-0.424931
0.734004
-0.234659
0.404156
-0.220076
0.374721
0.373769
0.525907
-0.353677
1.23499
-0.149622
-0.923103
-0.952182
0.531229
0.355716
-0.163613
0.284527
0.343519
0.585244
-0.209826
1.09264
0.41002
-0.253575
-0.213419
0.183041
0.158871
0.210563
0.235921
-1.01322
-0.280985
0.695405
0.0450885
-0.870521
-0.36662
-0.203911
-0.226073
0.266724
-0.277822
-0.280947
-0.489548
0.830923
0.205574
-0.247107
-0.367086
-0.175644
0.393226
0.685565
-0.497448
0.31409
-0.124812
-0.129095
-0.125519
-0.784269
0.034204
-0.254558
0.1388
-0.202593
-0.306194
0.359013
-0.139295
-0.220673
-0.0125984
-0.14659
-1.5019
0.0577646
0.281888
0.252311
-0.282728
0.114863
-0.243671
0.0931851
0.0177071
-0.585417
0.174543
0.108472
0.14253
1.07691
0.220937
-0.687008
-0.269524
-0.237479
-0.172828
-0.0450504
-0.135379
0.529117
-0.301377
0.49321
-0.181983
0.581962
0.0738249
-0.812477
0.471095
0.579212
0.595712
0.688261
-0.249787
-0.0419316
-0.134875
-0.256048
-0.349083
-0.0871692
-1.50364
-0.00472916
-0.222252
-0.312103
-0.0972387
-0.746867
-0.707222
0.0383969
0.730136
-0.141634
-0.395986
0.648464
0.736325
-0.707622
-0.0833762
1.08284
-0.658277
-0.306657
0.728157
0.61487
-0.352971
0.564112
1.71523
-0.263105
-0.206124
0.986399
0.56676
-0.163371
-0.450689
-0.329171
-0.231909
-0.158344
-0.109703
-0.125019
0.233392
0.939638
0.480391
0.714549
-0.170153
-0.170416
-0.296899
0.953056
-0.238589
0.464428
0.321735
-0.842677
-0.428766
-0.291948
0.83364
-0.549067
-0.530639
-0.69935
0.472437
0.483489
-0.398327
-0.350061
-0.406321
0.78324
-0.333061
0.922789
-3.49416
-0.411284
0.452283
-0.262285
0.436302
-0.904107
0.429964
-0.727956
-0.161675
0.467181
0.771644
0.114171
0.232041
0.432083
-0.429399
-0.295339
0.629712
-0.202725
0.414542
0.526246
0.607314
0.200709
0.651851
0.457537
0.4707
0.482069
0.396829
0.342738
0.380042
0.44301
0.445614
0.516637
0.734697
0.400593
0.0371524
-0.385778
0.624588
-0.377347
-0.143054
0.748627
-0.245895
0.443541
0.378211
0.457785
-0.335514
0.520159
0.307574
-0.435596
-0.87056
-0.0382065
0.36038
-0.400932
0.740204
-0.920322
-0.291581
0.484159
0.328157
0.339815
-0.134086
-0.521688
0.270566
-0.159527
1.99528
0.289103
0.327509
-0.0531832
0.90525
0.243029
0.292496
-0.462371
0.217169
-0.203086
0.255214
0.357229
0.273457
0.448468
0.247594
0.454702
1.02244
0.187001
-0.499706
0.546821
-0.517024
0.223063
0.55676
0.290209
-0.253315
-1.00779
-0.14806
0.589706
0.580369
-0.609388
-0.16656
0.328218
0.541343
0.141533
0.143785
0.426575
-0.527827
-0.379202
0.130995
0.179092
0.348253
-0.70356
-0.154011
0.544905
-0.615804
-2.60266
-0.71542
-0.270699
0.490873
0.136631
-0.583074
0.1021
-0.366194
-0.385159
-0.489054
-0.192173
-0.601306
0.55404
0.52552
0.0978756
-0.186151
-0.468528
0.264559
0.772281
-0.828262
0.701929
0.77808
0.713269
0.0474217
-1.55595
0.550913
0.0674854
-0.311685
0.307061
0.531508
0.0152408
0.586822
-0.0293348
-0.534672
-0.646128
-0.015813
-0.320099
0.706096
-0.0234442
-0.134151
0.555149
0.685946
0.995346
-0.0373501
-0.735971
0.555751
0.72562
1.01825
0.189936
-0.0556901
-0.128415
0.720146
-0.133041
-1.44672
0.866403
0.546771
-0.365122
-0.126776
0.613669
0.733027
0.658077
2.24783
0.608733
-0.582955
-0.118784
0.493185
-0.101452
-0.686644
0.625818
0.339563
0.648236
-0.269937
-0.556645
-0.996468
-1.34938
-0.16548
0.68949
0.631171
0.111531
2.29002
-0.356554
0.511152
-2.18734
-0.12904
-0.331364
-0.66064
-0.760518
-1.90648
0.0634679
0.628244
0.71309
-0.562705
-1.71035
-1.01408
0.520303
-0.764726
-0.164242
-0.128881
-0.659239
-0.188799
-0.668694
-1.10079
-0.348666
0.54024
-1.27507
-0.547701
-0.191873
-0.593318
0.95641
0.708491
-0.386048
-1.19717
0.488865
-0.181221
0.754619
-0.13699
-0.585033
-0.878648
0.547994
-0.664648
-0.195835
0.496373
0.0797906
0.698403
0.0284367
0.202672
-0.0631546
-0.318996
-0.981005
-0.566294
-0.87055
0.579018
0.816754
0.212171
-0.465633
0.664582
0.758531
-0.308525
-1.21935
-0.502892
0.881914
-0.115177
0.804443
0.34997
-0.243338
0.431808
0.545318
0.514041
0.722973
0.462229
0.5962
0.560741
0.172673
0.431171
-0.382351
0.394842
-0.612431
-0.132752
0.755198
0.375865
0.307684
0.925045
-0.367147
-0.42946
-0.0930404
0.580237
-0.57059
-0.207483
-1.41037
0.613144
0.672944
0.475707
0.323053
-0.867175
-0.334479
0.534379
-0.793734
-0.0904166
0.540998
-0.27694
-0.0903138
0.336457
0.271781
-1.17549
0.541039
0.556233
0.575154
0.154906
0.613599
0.656902
0.373937
0.32163
0.0162086
-0.661089
0.68406
-0.051084
0.910546
-1.43336
0.646985
-0.71389
-0.868881
-0.504516
0.123372
1.09449
0.283375
0.217907
0.377446
-0.572058
-0.104102
1.83654
1.72678
-0.467778
-0.00442584
0.0965771
-0.366665
0.359117
1.19423
0.459589
1.46559
0.552848
0.655767
0.922837
0.601696
0.244758
0.369902
0.421433
0.980851
-1.17811
-1.15132
0.650849
0.606646
0.238824
-0.127651
0.875302
0.662209
-0.401762
0.743559
0.392608
0.935606
0.963111
0.189253
-0.573181
0.261607
-0.100527
0.481073
0.43771
0.282115
0.685255
1.17103
0.335369
-0.447257
-0.644981
0.348278
0.291186
0.172536
1.06737
-0.640502
0.466643
0.422455
0.39862
0.145217
-0.744059
-0.145751
-0.755799
0.346417
-0.594361
-0.984666
-0.329891
0.13378
0.903783
0.684534
0.409802
0.357046
0.338584
-0.130659
0.480018
-0.279747
0.0695987
-0.789925
0.282015
0.205935
0.412509
-1.1375
0.466019
0.297808
0.480682
1.87325
-0.143854
1.69504
0.319317
1.42373
1.15238
0.881009
0.551689
0.158946
-1.41382
-0.486108
0.51752
0.160228
-1.40222
0.640323
0.314983
0.0581966
0.447412
0.52249
0.442451
0.329539
0.652337
0.532541
0.479145
0.437025
0.668419
-0.112395
-1.0137
0.469889
0.980538
-1.10468
0.576085
0.38009
0.439287
0.513858
0.376503
0.41814
0.654055
-0.12216
0.145697
-0.983139
-0.161822
0.440326
-1.24148
0.443501
-0.253684
0.0307828
0.53647
0.460198
-0.676675
0.597882
0.386195
2.10583
-0.555324
-0.176482
0.677745
-0.640766
-0.348971
-0.0472414
0.561622
-0.595605
0.150271
1.67608
-0.123384
-0.162196
0.0796517
0.73765
-0.161823
0.0880867
-0.409098
0.540479
1.01484
0.532722
-0.0138397
0.378316
-1.10516
-0.583456
-0.391351
0.338661
0.465335
-0.132787
0.332259
-2.91985
-0.145819
0.435394
-0.628567
0.00375876
-0.441919
0.84539
0.345269
-0.271041
0.262369
0.0990505
-0.892977
-0.189681
0.332093
-0.406392
-0.819532
-0.134752
0.273972
0.27078
-0.113319
-0.273922
0.312031
0.296822
-0.419258
0.535352
0.959392
0.258704
-0.377322
0.313857
-1.11261
0.208584
-0.128605
0.163157
-0.171073
-0.120713
-0.261476
-0.302061
-0.462034
0.692577
-0.298972
0.460086
0.393678
-0.999649
-0.438324
0.607721
0.665111
-1.28866
-1.10373
-0.116782
0.527734
0.172723
-0.146648
1.28457
-0.538024
0.143486
1.06942
0.46682
0.518054
-0.180366
-0.988476
0.371695
0.47634
0.175924
0.683723
-0.535768
-0.655312
-0.124848
0.312775
-1.37457
0.109094
-0.0153288
-1.09931
0.109681
-0.279357
-0.269822
0.575864
0.138233
-0.208029
-0.334934
0.700436
0.462568
-0.101756
-1.17474
-0.469283
0.50263
0.517004
0.204392
0.826843
0.497443
0.410967
-0.191527
0.362438
0.738586
1.7101
0.0298444
-0.64745
0.0416643
1.05595
-1.10638
0.801506
0.400661
-0.0548698
-1.25545
-0.813413
0.0431233
-0.363018
0.731995
-0.16072
1.16773
0.453492
0.325638
0.0607947
-1.0164
-1.50402
0.690847
-1.14766
-0.387851
-0.982075
-0.244874
-2.39066
-0.223267
0.277522
0.454113
0.710474
0.524439
-1.06818
0.419916
1.00402
0.391559
-0.86107
-0.199708
-0.177151
0.566886
0.414205
-0.948404
-0.737809
-0.297083
-1.46616
-1.62576
0.65948
-0.114048
0.354383
-0.390869
-0.395013
-0.144316
-0.147378
0.589035
-1.40266
0.615299
0.245522
0.304741
-0.250154
-0.478281
0.469585
-0.157519
0.632871
0.553912
-1.03067
0.152505
1.11343
0.647052
0.886739
0.715531
0.38843
0.687546
0.595483
-0.377852
0.623772
-0.664539
0.441413
0.673852
0.186254
0.339968
-2.05746
0.253341
-0.0527237
0.18059
0.644546
-0.0998144
1.16967
-0.256784
-1.80929
-0.0427541
-1.31515
-1.02865
-0.616623
0.841259
0.26182
0.698015
-0.362856
-0.0625289
-0.736715
-0.36184
-0.89111
0.10149
0.127182
0.0725551
0.484201
-1.28429
0.0888618
0.446412
0.189738
0.597251
-0.757916
-0.933025
0.0389483
1.22437
0.301795
-0.29837
0.490336
0.413845
-0.286448
0.310561
0.40394
-0.929823
-0.164985
-0.344731
0.620211
0.690371
0.140721
-0.340155
0.458725
0.674019
-0.281822
1.60623
-1.24817
-1.01755
1.24645
0.342174
-0.282974
-1.23989
0.112326
0.424675
0.368313
0.381723
0.172855
0.876481
0.185694
-0.0587942
0.317735
-1.24894
0.884785
-0.351755
0.21093
-0.616732
0.294216
0.373632
0.40219
-0.291533
0.328857
0.511252
0.62917
1.27881
0.53338
-0.113871
0.334112
0.253933
0.430002
0.312626
0.462334
-0.103731
0.277746
-1.01359
0.134437
-1.12615
-0.892445
0.521508
0.265151
0.204009
0.00579389
-0.282606
-1.19615
0.236377
-0.193379
-0.130506
0.41954
0.353822
0.410967
-0.988585
0.274827
-1.08537
0.274878
0.382299
1.28094
-0.455407
0.593974
0.612608
-2.17549
0.00964863
0.449582
0.924998
-0.122834
0.621143
0.53081
-0.387486
0.488106
-0.383234
1.46967
0.923834
1.20888
-0.457539
0.00778492
-0.921592
0.703967
0.136937
0.138248
0.295627
0.625021
0.765125
-1.22252
0.0795148
0.880972
0.501499
1.37389
-1.04193
0.154617
0.342954
0.379059
-0.525674
0.162384
-0.349041
0.194239
-0.142644
1.17497
1.26499
-0.982915
-1.23594
0.516259
-1.18447
-0.54193
0.178294
-0.197731
0.363101
-0.94567
0.273467
-0.923603
0.941184
0.72731
-0.983111
0.772797
-1.35128
-1.29411
0.177136
0.818807
0.507483
0.375219
-0.567396
0.887218
0.309419
0.0849374
0.188464
0.336868
-0.528449
0.226191
0.78527
-1.15559
0.773821
0.557585
0.0271364
0.258598
-0.445451
1.24002
3.29851
0.293453
0.157512
-0.00497464
0.178313
-0.181047
0.90461
-0.323703
0.128685
-0.083305
0.0555031
-0.86439
-1.4901
2.39498
0.485159
2.51605
0.100792
-0.158547
-2.3118
-0.492625
2.34323
-0.146616
-0.314019
-0.502854
0.0201183
-0.130063
0.506182
-0.166533
-0.0289524
-0.307887
-0.446441
0.389592
0.01718
1.8419
0.623945
-0.537322
0.76591
0.108241
-0.0736116
0.481079
0.529584
0.352055
0.576795
0.0646625
0.808039
0.249228
-0.579174
-0.398597
1.76391
2.08362
0.206848
1.89663
0.667426
0.714477
0.434284
-0.256329
2.03645
2.27189
2.16627
1.94376
-0.213949
-0.111089
0.943216
0.904695
0.155286
0.986071
-0.354942
-0.768169
-0.636568
0.296623
1.35097
1.25747
-0.490907
1.44766
1.52916
1.48587
1.98612
1.0795
1.30897
1.17606
1.12601
2.21275
1.62274
1.2146
1.03752
0.854694
2.1266
1.58076
1.3975
1.8072
-0.674749
0.671669
-0.969012
0.433891
-0.291293
1.1319
1.12259
0.512814
-0.403305
-1.0159
-0.143423
1.26078
0.269659
0.637267
-0.364676
1.30603
-0.428307
0.232755
-0.180471
0.212885
0.658724
-0.427085
0.641184
-0.445139
-0.920904
-0.00677638
0.339867
-0.0486067
0.302709
0.909447
0.25465
-0.152558
-0.0319632
-0.452644
0.595684
0.199413
0.566538
-0.460732
0.137017
0.434378
0.40122
0.339334
0.0987883
0.453679
0.169033
-0.991724
-0.721803
0.2435
0.459845
0.809891
0.907946
-0.893079
0.521782
0.249727
-0.12971
0.285752
1.38636
0.161241
-0.0915152
0.745407
1.44057
-0.344615
0.432371
-1.12394
0.45809
-0.440442
1.18415
0.0323178
-0.789237
-0.101525
1.54169
-0.18741
1.01795
0.340532
-1.1095
0.22945
-0.509121
-0.116459
-0.0723906
0.131601
0.845971
2.29812
0.651325
2.13615
1.23644
0.642185
-0.196052
-1.06997
1.50265
-0.0436954
-0.233779
-1.14713
1.06964
0.295209
0.926181
0.578872
-0.288083
2.16507
0.148966
0.319111
0.603598
-0.327703
-0.215153
0.102914
0.682201
-0.137417
-0.309455
-0.171591
-1.6121
0.650587
-0.169832
0.337681
-1.10678
-0.141314
-0.130445
0.0770676
-0.321964
0.694045
0.959101
0.134971
-0.328191
1.50296
1.2305
-0.983535
-0.0593943
-0.394954
0.594493
-0.182434
-0.745292
-1.21273
-0.159253
0.308141
-0.185428
-0.230863
-1.10077
0.345688
0.253275
0.651894
0.136745
-0.11935
0.454464
-1.04523
-0.343839
0.124409
0.321969
-1.34383
0.329834
0.00838784
0.472168
-0.158981
0.214439
0.32365
-0.534053
1.24662
0.43309
0.484903
2.28656
-0.425979
0.0492456
-0.4277
-0.250306
-0.309488
0.718652
0.374408
-0.101578
-0.995792
-0.16688
0.440776
-0.162787
-0.535093
-0.74497
0.11187
0.324676
0.00564386
0.468175
0.497985
0.126966
0.0575553
-0.714631
-1.86256
0.333098
-0.74302
-0.742262
0.110787
0.755791
0.624744
0.0103183
0.190797
1.70622
0.582962
-0.126197
-1.36433
1.0807
0.368124
2.48584
-0.133478
0.0128349
0.142613
-1.06085
0.135637
-0.843297
0.660894
1.08566
0.471948
-0.0977336
0.828767
-0.105413
0.290412
-0.896483
-0.18217
0.475783
-0.813413
-0.108816
0.406275
-1.24451
-0.0301089
-1.26097
1.12599
0.544978
-0.0135977
-0.10547
0.218487
-0.181064
0.334027
0.0705308
0.018076
-2.08311
0.335636
-1.95127
-0.225035
-0.18248
0.510058
0.063093
-0.143654
-0.924437
-0.163141
-0.124084
-0.16196
-0.422606
1.1698
0.601866
-0.112046
-0.240733
-0.609881
1.19463
-0.0365769
-0.960844
0.316307
-1.02296
-0.124061
-0.00553194
-0.598446
-0.853554
0.321294
0.661755
0.267192
0.0703155
0.0542548
0.0626319
0.152334
-0.0858863
-0.142218
-0.242133
0.4693
0.207196
-1.30045
-0.0747458
-0.465845
0.737967
0.0580375
0.560006
-0.68026
-0.583324
-1.2644
0.126021
-0.698338
0.462993
0.16394
1.71588
1.34022
0.273855
-0.827639
0.565085
0.371742
0.123916
-0.239921
-0.118255
-0.093406
-0.1789
-1.27114
0.522957
-0.946566
0.333254
0.438848
0.676538
-0.136994
-0.402719
0.561362
0.535395
0.410249
-0.123019
-0.404062
0.227075
0.152822
-0.719417
-0.164227
-0.424475
0.363261
0.262596
0.104149
-0.548193
-1.23723
0.118939
0.709927
-2.08727
1.17285
-0.116525
0.298152
0.335638
0.551708
-0.0652747
-1.05538
1.49612
-0.172304
-0.933534
0.668853
-0.67617
0.271029
0.100035
-0.190727
-0.190496
0.332857
-1.01937
-0.291232
0.411111
2.89214
0.418388
0.408086
0.04331
0.306137
0.660863
-0.818088
0.646162
-0.927918
-0.942824
0.453806
0.0887307
-0.536958
0.235062
0.489004
0.578411
0.137186
0.583611
1.56155
-0.771429
-0.332382
0.254577
-0.318163
-0.157359
-0.756406
1.18817
2.72943
0.0379897
-0.166238
0.735157
-0.112727
-0.503929
-1.01843
-0.0861427
-0.294702
2.41353
-0.108892
1.36623
-0.26978
-0.508465
-0.21849
2.30133
-0.0562824
0.406923
0.0462574
-0.18143
-0.00948602
-0.153368
-0.417041
0.640289
0.548968
-0.314111
-0.296761
0.725532
0.605686
0.510056
-0.514119
0.377186
0.784188
-0.0859616
2.04683
1.91137
0.453913
0.0811138
0.840116
1.88386
0.149083
0.166406
-0.618411
-0.23808
-0.474183
0.309799
0.708254
0.281727
0.225091
-0.558465
2.2343
1.81689
2.15963
1.96783
0.921672
2.02565
0.978879
-0.382067
2.10328
0.997448
1.38295
2.18433
1.11146
1.52149
1.26887
1.25026
1.46466
1.79105
1.32703
0.867928
1.13927
1.19304
1.54081
1.59954
1.05558
1.41075
-0.642335
0.44923
0.502961
0.711439
-0.482008
0.762152
0.343473
0.0907783
0.0339252
0.879795
0.68936
2.44026
-0.583737
-0.18987
-0.199678
-0.160325
-0.636503
-1.13545
0.325673
0.838794
0.0674006
1.35049
0.6721
0.297395
-0.187136
-0.0889818
2.02073
0.42962
0.66531
0.385203
-0.36969
0.395111
0.0765794
0.493672
-0.732026
-0.710297
-0.324783
0.149159
0.210663
0.77031
-0.159657
1.28009
-1.17261
0.166808
0.399999
0.460257
-0.060986
1.46007
-1.6396
0.443494
0.67491
1.73268
0.197834
-0.974113
0.760795
0.378618
-0.524439
0.603624
0.593204
-1.35917
0.555741
-0.0346804
0.270734
-0.135066
-0.392464
-1.16341
-0.954697
0.392975
-0.209646
0.436405
-1.19641
-0.154591
-0.16703
-0.0626221
0.130084
-0.417675
1.79506
-0.0536526
0.0458177
0.409794
0.511311
0.605065
0.446041
-0.558992
0.0555688
0.502853
0.447833
-0.667376
0.144434
-0.202561
-0.808093
0.576935
0.63761
0.128147
0.148732
0.26288
0.447129
0.418048
-1.9791
0.386106
-0.584042
0.41819
0.318407
1.67568
-0.191847
-0.162136
-1.21714
-1.06116
0.354639
0.438228
0.0496641
-0.668679
-0.12891
-0.206462
-0.169195
0.655522
-0.251978
-1.26442
0.0123639
0.232503
0.510781
-1.11676
1.17739
-0.408841
0.160295
-0.860718
0.27689
0.918744
0.0948705
-0.744613
0.318283
-0.150253
1.57532
0.0895826
0.3882
-0.296939
0.0989168
-1.13001
0.413051
0.884843
-0.230481
-0.991399
-1.19341
-1.94193
-0.944229
0.345593
-0.123839
0.225293
-0.510108
0.429397
2.26844
-1.18445
0.493174
1.88981
0.188258
0.247345
0.380049
-1.20621
0.286867
2.35834
0.492753
0.24438
0.863282
0.263865
2.33631
0.0722165
-0.711325
0.113713
1.50412
0.363617
0.848247
0.26611
0.370562
0.496377
-0.717425
0.276246
-0.700373
)
;

boundaryField
{
    frontAndBack
    {
        type            empty;
    }
    bottom
    {
        type            zeroGradient;
    }
    inlet
    {
        type            zeroGradient;
    }
    top
    {
        type            zeroGradient;
    }
    outlet
    {
        type            fixedValue;
        value           uniform 0;
    }
    car
    {
        type            zeroGradient;
    }
}


// ************************************************************************* //
