/*--------------------------------*- C++ -*----------------------------------*\
  =========                 |
  \\      /  F ield         | OpenFOAM: The Open Source CFD Toolbox
   \\    /   O peration     | Website:  https://openfoam.org
    \\  /    A nd           | Version:  7
     \\/     M anipulation  |
\*---------------------------------------------------------------------------*/
FoamFile
{
    version     2.0;
    format      ascii;
    class       surfaceScalarField;
    location    "16";
    object      phi;
}
// * * * * * * * * * * * * * * * * * * * * * * * * * * * * * * * * * * * * * //

dimensions      [0 3 -1 0 0 0 0];

internalField   nonuniform List<scalar> 
11265
(
147.339
-526.289
378.95
-753.232
1.93329
751.298
423.985
-373.66
-50.3257
650.504
267.018
-917.523
1510.98
-1069.45
-441.532
1216.29
-1527.13
310.841
-38.602
471.551
-432.949
168.784
-842.473
673.69
962.11
-1610.83
648.715
-1762.86
1669.02
93.8417
-542.947
1759.23
-1140.4
1934.24
-793.846
608.371
181.201
-789.572
-25.1362
-1313.28
1338.41
220.406
-1983.27
1023.94
-381.768
-642.172
-200.002
347.342
485.939
190.658
-676.596
1155.63
-1312.99
157.357
-302.971
375.519
-72.5474
998.375
-1312.99
314.612
1221.53
799.18
-2020.71
72.9582
-1638.74
1565.78
-483.152
-1167.42
1650.57
477.083
182.046
-659.129
-191.77
-334.519
498.15
1012.83
1645.94
-1804.1
158.163
-93.0835
-1690.8
1783.89
-1558.64
650.934
907.707
-306.785
653.757
-346.973
-191.41
-126.471
317.881
1283.33
-1210.37
355.2
-1407.44
1052.24
-1754.32
1754.32
101.564
1530.83
-1632.39
-1078.12
-480.52
650.273
-688.875
-384.026
941.609
-557.582
1331.92
-1317.31
-14.6163
-1100.48
716.454
627.705
396.235
-378.06
-44.5024
422.562
-462.455
753.42
-290.966
-1618.48
1618.48
1253.58
-1437.89
184.308
-488.521
1710.05
1255.77
-314.161
1660.75
-1161.25
-499.495
83.3928
-386.364
2065.02
-1134.77
-930.249
1811.79
-165.855
456.21
156.177
-612.387
-455.482
968.574
-513.093
-1169.71
1271.27
-568.527
971.119
-402.592
401.67
753.964
661.521
-492.737
-437.922
595.901
-157.979
1190.69
-835.494
2308.19
-1080.66
-1227.53
1163.53
-2008.33
844.792
-1601.08
1575.95
440.719
-1581.11
-759.118
1250.75
-491.635
-673.017
366.232
1661.47
-699.358
-1106.93
-870.893
1977.82
705.182
-354.734
-350.447
689.702
566.068
-258.209
1511.79
117.408
-320.234
202.825
-284.902
761.985
-335.109
566.204
-231.096
-324.599
810.538
-318.323
-150.145
468.467
320.544
103.442
1456.21
-457.833
-978.504
470.785
507.72
280.97
89.0885
-370.059
949.831
-341.46
-1704.15
635.071
1069.08
11.6288
-853.668
842.039
-281.63
596.751
-315.121
157.009
-1093.88
936.87
1051.61
-1067.17
15.5619
373.052
518.969
-892.02
-245.503
701.713
-1103.79
-482.117
1585.91
-678.239
951.134
-272.896
1356.67
-1449.76
-610.359
233.916
376.443
-470.193
-1011.56
1481.76
-539.361
-793.084
1332.44
576.339
-996.517
420.179
-265.914
-317.284
583.198
408.308
-290.9
-1035.1
579.614
955.433
-798.424
-110.331
944.007
-833.676
-211.293
420.143
-208.85
-639.43
-339.074
-386.743
963.082
1856.37
-1856.37
-489.924
-120.435
-955.981
1567.55
-611.573
463.404
-897.583
434.18
-923.959
355.432
-941.91
-1058.08
-1486.64
343.31
1143.33
-279.314
929.819
-304.73
606.496
-301.765
-1941.9
999.994
-1137.99
-348.646
555.607
-1511.59
1728.52
-1725.6
-2.91696
198.747
-582.477
383.73
-1464.45
979.78
484.666
289.552
211.886
-501.438
310.843
-645.952
243.42
-420.018
176.597
2018.86
-857.431
-1161.43
-536.721
158.661
617.257
834.164
-1451.42
-184.527
427.947
431.24
876.881
-1308.12
-908.698
394.204
514.494
-1045.52
1447.19
-1068.75
309.635
752.774
-99.0164
522.968
-317.76
-205.208
1003.26
-532.476
593.331
-1403.91
810.579
-1342.33
238.537
-547.885
266.255
-1198.79
919.478
1939.95
-997.007
-942.944
276.802
1579.57
-2093.75
894.504
1199.24
366.866
-31.0175
-335.848
-224.055
483.056
-259.001
-114.057
-375.206
489.264
-468.112
149.789
342.15
-131.182
594.586
411.215
384.748
-795.964
-2041.98
1119.34
922.643
461.216
-533.248
72.032
222.727
-364.591
141.864
999.655
1019.21
1783.57
-252.744
696.854
-462.938
796.934
-1389.9
592.968
330.394
374.787
1052.01
-1040.38
-492.28
-254.652
746.932
479.795
-137.733
-342.062
797.623
-616.422
545.524
-733.168
187.644
503.331
1157.42
-1239.97
700.605
1041.98
-1525.13
-3.13231
-1439.43
1442.56
325.303
824.951
-1150.25
623.306
269.969
-893.275
-2272.68
1154.61
1118.07
-1114.51
-1158.17
176.517
369.007
958.672
-633.369
879.197
-898.926
19.7291
-2099.38
992.453
-226.447
-190.257
416.703
-41.7383
1770.26
-819.815
66.5834
-1027.57
-1066.17
-229.972
452.699
-647.378
157.454
-265.486
-454.059
719.545
1104.03
-1574.23
783.036
-1374.5
591.461
706.866
-439.848
1947.87
-1444.54
-378.287
-1376.03
62.68
408.871
-521.547
523.48
8.0436
-561.266
553.222
570.254
-280.703
-605.624
280.304
325.32
777.495
-366.28
33.8566
333.009
1188.47
-1191.61
180.236
228.073
424.993
-690.479
619.722
-1006.47
-2026.71
2026.71
-261.88
-465.113
726.994
699.243
405.877
-1105.12
579.649
173.125
397.13
380.365
-2199.75
1328.86
-926.692
-678.866
1605.56
-488.197
-710.595
-279.009
579.11
-300.101
840.542
-215.624
-624.918
-430.931
629.678
367.633
-672.363
-346.056
-117.982
464.038
-1329.62
-474.477
639.722
-1127.92
-374.15
-1244.33
844.329
1463.86
303.302
-911.88
608.578
966.684
-338.979
1391.44
-798.107
445.719
-265.483
-329.049
-885.491
585.077
300.414
-348.261
-537.229
305.416
-419.473
-187.771
-158.498
346.269
-392.763
1092.01
435.259
-244.601
-395.82
1349.39
-165.906
-1183.48
-457.315
262.644
194.671
241.888
273.481
-515.369
-2.18547
-730.983
592.095
-1729.01
1136.91
1481.71
-864.449
-1053.69
-410.754
-1057.4
573.394
484.005
1383.8
-404.018
929.332
-1411.45
-174.324
-182.08
356.404
-469.422
581.16
-1626.68
427.95
903.975
278.737
341.935
-620.671
568.066
1186.25
1104.3
-715.233
-389.064
407.965
-220.523
-187.442
-1419.46
445.186
738.377
-1183.56
1473.39
-544.055
-507.321
947.904
-440.582
426.147
1186.16
-1612.31
47.3675
-725.606
-144.277
425.247
194.762
-386.172
540.407
462.854
-592.377
39.578
552.799
1024.54
-1307.67
283.133
661.036
-263.907
468.266
-1447.25
978.987
395.621
1686.35
-522.813
888.568
1051.38
-662.056
-1684.57
757.874
561.136
395.672
-956.808
453.953
78.7868
1749.95
-1828.74
1443.74
-379.491
-1064.25
1699.12
-1740.86
-367.698
-511.596
713.6
-202.004
-502.593
185.805
293.99
-373.212
-1226
214.437
-764.605
-639.305
-630.944
995.705
-364.761
-653.361
643.355
10.0067
655.037
-923.688
268.652
-706.046
349.101
356.944
-648.693
-714.32
360.044
354.276
-932.323
1400.59
-413.348
884.162
-470.814
-2205.31
5.55836
182.338
-537.555
355.217
139.227
1210.16
-62.2876
-585.09
160.385
-598.307
1487.19
-704.154
371.859
-463.358
91.4995
-565.45
565.45
1223.04
395.44
1777.91
-1228.93
589.212
639.714
849.775
-52.1513
1291.51
773.509
-540.112
1337.05
294.781
301.97
275.731
-787.327
208.238
-670.693
231.755
-445.276
213.521
-256.968
594.919
-337.951
114
-370.967
-591.934
-564.597
1156.53
-399.042
519.345
-120.303
-1192.16
2032.04
-839.886
1289.91
-331.237
-402.338
136.424
-1984.94
817.523
1536.12
-854.342
-681.78
1986.96
-877.43
-1109.53
713.596
576.313
-240.943
472.698
-687.743
1156.64
-468.894
-770.097
1201.34
551.58
924.668
-1725
800.337
-577.252
-44.6447
621.896
263.616
259.351
418.905
-89.3141
-329.591
896.816
-83.4813
-813.335
905.691
-561.211
-344.479
1576.21
-472.171
888.696
-1626.14
737.443
1068.48
879.392
749.878
-444.548
-305.331
-1059.02
-258.29
559.302
578.701
-1138
-499.329
482.561
16.7686
578.33
-346.625
-231.705
-982.016
568.668
595.816
885.891
-441.832
1096.87
1409.27
-776.83
-632.436
397.468
-925.313
527.845
-1022.41
382.979
553.66
-1060.98
412.425
-490.381
77.9569
441.96
311.46
-516.734
-48.7158
-794.399
-877.91
1672.31
196.03
211.935
-235.963
412.48
-3.70198
-555.951
559.653
494.175
864.645
-1358.82
-500.001
312.23
985.774
-88.9579
836.345
-1064.92
228.578
405.888
846.361
-1386.47
-444.036
828.785
1977.51
-1283.92
-693.583
270.029
609.167
255.874
795.737
82.4839
-971.303
888.82
1673.74
-1089.05
-584.691
-137.846
1887.79
-1866.05
-160.656
483.445
-621.63
138.185
-1014.54
526.503
488.036
-1730.48
538.319
-955.855
845.523
392.309
203.592
575.83
-272.528
-422.714
711.493
255.191
48.7204
720.155
-768.876
-1142.57
-885.491
2028.06
-550.509
1103.45
-552.944
-461.329
-334.992
108.545
-1654.42
860.021
-856.051
-611.642
1467.69
-331.612
-295.216
626.827
360.347
-667.651
307.304
236.407
-602.686
300.538
206.517
-507.055
352.697
-631.705
640.748
-280.401
315.185
-465.33
682.454
442.208
-200.32
-410.039
-304.281
1219.2
-1.40151
-1217.79
1039.85
-420.127
560.379
410.74
-1782.37
869.825
912.543
491.611
545.958
-1037.57
-535.273
203.662
-262.859
1180.8
-917.937
-1590.89
1212.6
504.678
-1096.61
386.542
-14.6828
457.65
289.102
-746.752
372.994
-618.497
-31.1086
755.682
-724.573
-525.964
795.933
384.144
322.446
527.329
654.109
94.6568
-436.232
341.576
1058.89
-645.171
-413.717
494.016
-1664.27
1170.26
-1140.42
1753.24
-612.816
1715.82
-1123.73
-335.007
615.311
-1189.36
1271.84
425.171
-795.66
1601.17
-805.507
-239.46
-217.855
-904.499
1469.86
1812.24
-611.264
-1200.97
-404.99
672.77
-1303.71
-124.745
-63.0865
481.992
-685.308
-354.176
-1236.71
-222.974
459.381
903.624
-559.193
183.986
-1674.58
-71.201
1745.78
-1066.69
516.179
569.321
-1181.28
611.959
901.091
911.145
630.749
620.004
692.98
254.924
-1148.91
461.165
-400.566
408.61
621.601
-515.331
248.683
-732.404
483.721
711.378
-380.983
-308.866
182.395
-582.849
236.212
346.638
-887.935
-738.205
1087.67
-2145.75
399.677
-684.578
-342.923
-724.249
831.603
577.663
-345.185
300.683
398.909
238.855
634.956
-873.81
541.132
615.505
-503.962
157.906
376.243
-638.123
-1057.06
-838.57
1895.63
-1795.73
156.993
1107.16
-1370.02
1173
-723.726
-449.275
-503.594
1349.95
-1495.53
627.884
867.65
-287.144
-210.492
497.636
1428.4
558.559
321.628
-439.61
-485.072
-565.682
1050.75
-417.236
599.574
1582.31
-1129.14
-453.162
-799.525
334.411
654.865
404.023
-1623.43
416.163
1207.26
-196.534
497.072
797.842
784.464
174.341
-675.224
500.883
208.248
211.895
-293.68
-109.535
403.215
465.877
51.341
-517.218
-1643
589.312
-1608.63
1674.2
-65.5663
10.6512
-1619.28
1069.59
775.425
-317.775
-820.589
-201.82
-1134.57
-239.923
-312.245
685.239
-1812.42
-627.198
1205.9
210.559
758.015
-1329.82
-678.508
-465.449
643.274
-364.537
-1013.28
1350.76
-1932.85
582.086
646.186
1288.05
486.013
-2.95692
716.318
703.805
-1420.12
-639.915
338.239
301.676
440.527
-100.199
-340.328
152.334
276.946
164.514
-441.46
-582.109
1143.25
462.406
-619.632
-461.963
-401.952
863.915
-325.756
151.432
-459.047
168.146
-305.499
-709.039
548.38
-107.853
-570.061
967.529
578.73
-269.699
-309.031
456.047
-780.646
-643.817
438.258
-1129.41
-836.772
1180.08
-569.77
449.697
297.235
-474.602
119.868
1029.12
-316.319
593.136
-276.817
-509.043
1578.63
-704.492
257.387
373.107
-630.494
198.173
518.802
-16.3563
-502.446
-252.662
-206.384
1002.99
1108.94
564.807
-870.972
933.713
-62.7414
-455.878
168.733
-758.688
304.629
-594.562
361.452
349.926
828.687
-1247.95
419.26
777.743
-808.851
-948.956
-550.382
1499.34
-160.959
502.893
-519.593
201.833
1307.84
767.594
-593.253
1329.7
-689.976
487.868
-665.644
-410.264
-423.665
-378.72
802.385
502.991
-844.452
-469.802
70.3861
399.416
-324.698
572.416
729.736
-330.059
-246.431
-175.787
422.219
-489.291
146.742
342.548
1457.62
80.7898
-1538.41
-750.697
1346.51
-1144.76
-466.065
558.314
-185.207
1150.32
-372.581
1083.5
492.706
689.518
-413.786
-885.089
-522.347
-1328.45
-27.0733
984.965
-957.892
612.248
339.722
-951.97
-314.847
-221.873
-682.262
405.52
1621.19
-187.276
364.216
348.618
-712.835
-1839.78
-2106.68
1519.14
587.541
-2039.29
348.483
371.096
547.63
-918.726
-460.282
1020.66
-401.847
-682.655
1084.5
-2030.53
1391.21
639.322
609.707
-1011.55
29.4271
382.997
386.873
200.52
245.199
357.843
980.802
887.353
680.945
-326.38
-354.565
-294.585
622.786
-328.201
574.079
530.218
565.399
514.908
-1080.31
-796.224
-699.311
752.743
397.581
-418.638
725.942
-1193.42
1609.58
425.403
-1108.06
-318.614
525.131
-1388.42
887.802
500.622
-723.505
-355.966
-775.409
339.183
436.226
447.087
718.371
-1165.46
1068.41
-576.803
-398.509
646.949
-248.44
254.074
324.656
-468.439
-432.172
900.611
-238.47
564.516
-948.341
383.825
-460.423
600.599
-1681.26
423.775
671.089
-1094.86
517.499
88.997
113.408
-2212.79
554.081
-104.385
1444.03
1777.09
-217.552
-1559.54
-438.433
1789.2
-1986.96
1194.47
792.488
404.253
345.625
-37.879
869.482
-1283.43
718.836
-870.391
-822.955
795.882
309.501
50.4138
-359.915
228.918
183.985
-412.904
1552.1
-835.778
-1530.94
-325.432
452.048
-195.592
-256.457
395.111
366.873
239.058
404.216
-8.87312
1001.58
-992.704
414.413
272.205
-686.618
-734.054
1817.3
-1083.25
-343.026
738.137
-1218.65
-413.741
-915.991
483.819
595.495
-806.111
210.616
762.385
-381.079
-381.306
-431.223
-439.749
450.368
1094.79
1236.67
-667.353
801.751
-345.704
405.992
321.002
-253.093
-210.266
-226.853
622.474
408.128
-848.316
440.188
235.625
364.039
-599.664
-423.031
831.158
754.597
-1147.36
895.182
-66.495
-489.139
271.866
780.144
-95.7798
1383.83
1890.5
-72.7023
335.347
-345.975
440.632
-1085.95
1077.07
653.471
376.537
385.848
61.1896
390.859
257.827
493.472
-370.58
-269.336
-563.772
-89.5897
-354.69
367.557
-12.8673
-258.299
-289.586
1011.05
-1540.72
529.673
-182.018
-191.642
-418.496
690.7
-1632.43
1591.04
-963.161
278.36
-688.624
584.314
1224.42
-1808.73
607.414
983.631
301.05
-1118.65
695.94
-315.902
-304.769
1377.36
-1444.31
826.028
618.287
421.156
-609.884
188.728
-350.662
460.724
-110.062
395.976
69.9016
1723.85
461.546
-253.298
557.627
-1704.79
1147.17
-93.1564
408.218
343.286
337.659
-448.567
-615.761
1064.33
417.209
-861.246
-641.148
902.964
570.423
-477.396
-228.65
-439.242
-409.074
-307.263
-827.311
1821.11
-1821.11
-104.179
-1593.59
1697.77
292.887
285.443
-917.271
-555.347
1472.62
-408.246
973.645
-599.915
-1043.09
702.442
381.435
-1083.88
478.86
-163.675
573.061
1220.35
-1793.41
-1045.91
2115.33
-1069.42
-374.485
-298.532
-505.262
839.673
-1751.18
1600.57
150.607
1751.18
-1604.91
-146.269
-246.649
525.78
-279.131
-537.285
1620.79
1565.73
-1979.47
1085.42
-332.107
-221.232
553.339
234.773
-553.387
-720.431
301.793
1341.35
636.157
579.178
484.376
-1063.55
278.765
410.753
875.428
500.112
-1375.54
532.392
-1017.46
1574.96
-563.914
-786.783
-379.752
-139.296
519.048
-490.015
1208.39
-740.51
333.625
368.089
355.105
248.733
-603.838
589.877
831.97
-603.392
257.588
676.126
-477.396
-365.632
-199.058
564.69
1168.55
-685.253
610.499
465.563
-1076.06
-1285.22
1285.22
-386.71
763.247
-285.592
-475.039
760.631
486.116
444.609
-930.725
388.722
-674.314
611.772
-868.522
256.751
-367.4
-494.919
1074.1
-661.817
-709.819
1371.64
-366.513
931.029
-1552.7
675.27
-0.654746
-362.534
363.189
-538.052
695.506
273.682
321.236
171.637
307.224
-554.406
238.504
1869.46
-1965.24
255.541
-686.472
446.264
-819.688
373.423
-915.724
1424.12
-508.392
-429.916
-486.075
600.722
1124.2
-1724.92
-715.944
341.459
-460.545
1034.62
-780.902
1038.49
-379.697
-629.591
-500.538
708.776
540.534
-358.488
903.325
-298.053
-191.237
1599.02
-1816.57
-334.579
-613.762
-330.134
476.876
261.625
-626.162
-161.693
1063.21
-791.34
210.283
-311.808
-277.913
589.721
389.566
-873.634
484.068
-487.592
-447.345
-911.88
-344.991
538.057
-193.066
-435.994
-419.694
-317.811
-189.244
-381.452
630.185
-466.294
787.296
-1072.89
624.321
-1409.9
553.852
-27.9275
-1835.16
1863.09
569.919
-449.603
1217.03
-700.85
293.283
-293.283
670.628
-434.07
1044.51
-1644.42
-1158.73
-947.948
293.22
329.566
886.972
714.195
-498.678
-288.293
786.972
1657.3
-1685.23
-434.468
349.471
220.784
1135.16
-524.663
-943.333
1550.47
-607.142
445.147
-244.626
384.45
400.743
-785.193
529.304
470.409
-999.713
-331.986
665.61
-37.8683
1907.33
1600.11
992.856
-1697.01
727.135
-1177.15
450.016
-492.471
1367.9
837.771
-1341.36
-571.833
239.726
794.53
-398.858
552.356
-1187.54
635.183
-638.625
-1215.54
-695.652
1911.19
-189.303
526.186
-336.884
-120.684
283.178
-472.48
326.648
371.778
-698.426
-1482.6
756.583
726.012
884.091
-1434.47
825.784
-431.58
220.788
-365.065
-601.178
235.546
-660.655
-727.769
698.87
506.115
-1204.99
394.519
-204.604
-189.915
556.185
-958.778
-567.242
-450.033
754.662
-831.292
-1155.67
-1437.97
499.647
938.328
33.0913
-641.846
306.622
335.224
-1312.59
1044.9
267.683
-616.707
-456.182
-665.893
921.766
402.367
-204.776
-197.591
508.209
980.665
-1488.87
973.913
-563.111
166.795
396.317
-421.661
659.597
-404.056
-505.05
174.916
234.361
-1518.29
529.375
539.04
-749.547
211.495
157.096
-455.149
368.037
-815.382
1954.16
-1195.39
-758.77
438.124
-665.982
227.858
324.197
318.11
124.815
-442.925
-567.16
195.547
265.999
-691.726
1374.37
-682.643
424.087
469.82
-1193.33
267.481
1866.78
-1013.59
-853.187
784.937
-498.645
153.654
1402.38
-975.191
-427.188
332.439
-766.509
-616.509
1725.44
611.657
625.016
317.597
-8.09626
261.088
-1138.43
1725.72
-587.287
-1763.52
820.191
1759.06
-1689.67
-69.3885
-653.148
252.582
595.669
-701.989
201.451
1402.74
-564.974
389.463
439.322
-1858.56
1420.13
514.419
-439.689
-74.7307
204.287
-522.098
-314.824
-146.505
-353.254
696.54
-611.539
231.786
608.629
550.367
-1159
1113.65
-1947.46
833.81
148.454
315.583
-1698.94
1661.07
313.221
-727.007
-163.826
384.614
754.283
678.947
-1433.23
1077.41
-1078.81
525.152
-1101.96
-631.587
254.056
377.531
509.734
-273.522
-611.145
-1033.28
292.385
-712.079
-912.32
175.524
166.514
228.005
382.587
289.414
-672.001
-628.924
-833.989
-978.432
489.084
-1056.24
-275.199
469.869
533.151
646.93
-279.934
-122.404
-438.968
740.017
265.497
-1197.95
569.022
1307.8
-553.514
439.413
-1006.65
-387.787
121.02
393.399
1023.37
551.589
-1718.33
1614.15
1638.87
-573.437
-1065.43
1903.19
-1891.66
-11.5315
220.175
-566.15
-334.431
544.714
-767.786
-315.495
-337.653
1027.72
698.51
-1506.38
807.866
316.836
-26.1897
1625.21
-1089.48
404.223
-1251.4
464.613
-60.4069
1518.03
1197.46
-470.326
-488.787
-74.3239
-232.569
736.02
-1951.56
-711.138
346.222
-531.694
185.472
191.419
-507.738
1139.91
671.556
-1811.47
-578.276
138.587
942.034
-1497.38
-210.507
678.904
-468.397
882.425
1117.57
-737.236
1348.89
623.292
-530.635
-92.6578
-345.621
1171.65
1048.69
-1981.4
932.709
-1170.55
543.353
1488.81
-585.846
-376.088
-127.874
-1240.62
573.264
1165.71
-96.6341
946.081
775.534
-1721.62
-212.97
578.499
-1541.76
963.257
486.997
916.662
-1403.66
618.871
587.028
381.238
-1106.64
591.203
1105.45
1215.88
-452.339
-763.54
-1186.2
-1754.94
-6.89628
-1711.43
-180.762
-429.122
1606.91
-628.134
-978.777
-490.867
1121.62
-1317.24
636.304
680.932
-1361.4
1442.19
-1329.68
592.44
1520.53
-401.122
-541.486
165.398
-1489.16
230.709
176.38
197.046
426.246
456.122
390.286
-846.408
506.349
-939.044
900.814
-1444.87
-685.734
212.768
472.966
-1038.82
456.714
-471.714
861.176
694.947
31.8519
-502.259
165.375
-886.566
-1318.74
-716.253
350.379
365.874
404.79
-723.624
318.833
-479.896
-189.39
-709.536
718.976
1539.61
-593.527
814.943
737.153
1344.81
-844.696
-971.326
-570.43
-797.919
428.066
369.852
-1036.83
-643.672
304.893
338.78
-1433.7
-296.781
-791.317
398.574
392.743
-636.647
404.583
232.064
-663.508
259.452
412.797
487.814
389.959
441.199
479.224
384.691
596.778
-969.989
677.257
465.988
453.764
356.55
-810.314
1630.77
-1079.9
-550.868
-504.525
-285.41
-1027.18
454.493
347.892
409.688
594.263
-1003.95
-1380.31
752.177
-533.54
1145.5
344.598
-67.6518
412.275
-865.99
453.715
-1897.75
304.163
441.679
-726.711
285.032
-185.913
406.089
-220.176
-662.431
308.765
353.667
-675.272
320.707
371.044
392.203
612.851
-1021.1
753.325
661.651
-1414.98
438.803
625.525
339.838
393.039
-732.878
409.602
328.535
615.607
690.828
403.965
600.171
-1019.13
418.955
-1677.39
1185.78
491.605
1696.59
-539.175
621.252
-1147.46
526.205
-643.277
348.061
437.385
-935.549
498.164
764.156
-475.053
351.276
345.264
575.994
-910.573
651.221
-1253.35
602.128
382.09
734.83
-1224.84
769.631
509.563
-1279.19
484.196
400.682
-884.878
-501.658
-936.316
-302.932
629.58
352.647
541.999
-894.646
333.303
332.307
-502.18
1944.74
437.184
-847.386
410.202
-917.852
-807.153
-749.466
368.161
-1213.27
432.372
-1732.94
1604.91
128.03
1745.63
-1600.57
-145.063
-784.946
-594.42
266.799
327.621
-1759.06
1979.47
538.489
791.643
-1330.13
440.12
716.411
690.369
385.643
-1076.01
-55.2539
1617.15
-593.777
377.019
840.01
-650.203
326.821
323.382
-378.594
-297.931
552.005
-223.692
435.578
281.3
-667.47
386.17
265.766
-580.887
-283.425
442.57
-1033.72
591.155
538.046
1092.72
366.073
597.009
311.923
352.573
-664.496
1624.67
-926.161
1691.85
-1520.48
-171.371
-328.654
-823.913
414.84
857.531
-1068.04
-608.429
280.228
-1090.6
1628.65
-1588.39
-78.4835
1666.87
-341.631
-350.453
-370.379
536.896
598.266
-503.547
-29.7003
-549.978
508.285
-284.053
-224.232
1749.92
-1299.55
-626.261
299.845
326.416
401.503
357.296
734.711
-296.695
-399.088
-1745.63
1685.23
459.573
-1101.12
641.55
-43.3455
1657.49
571.334
476.433
-1047.77
104.349
1144.89
-1452.15
-14.0427
-1883.71
229.155
-599.916
307.835
292.081
-955.526
612.603
-898.784
468.869
-1128.72
673.615
455.104
373.379
256.926
-755.605
-334.231
1217.29
886.842
699.067
-1183.02
456.164
726.853
494.369
700.916
-1195.29
-387.658
-248.147
414.661
-961.031
438.569
522.462
21.2525
-1879.82
1079.9
-468.126
-493.209
558.128
-1378.28
820.15
-423.154
796.577
-405.469
498.514
-714.785
1717.78
415.032
-187.027
216.314
-172.569
-246.354
418.923
1895.32
-504.112
-1692.27
1051.65
-602.484
304.553
-1014.1
553.823
-313.406
544.297
905.316
-1449.61
-1103.92
438.024
-20.7547
-1944.49
1714.26
-665.572
-540.628
460.741
-1190.61
729.873
190.178
212.188
-282.114
769.209
700.647
838.455
818.52
-461.97
1085.1
-483.866
480.593
-194.914
-285.679
-1922.99
-714.234
-318.616
-643.515
-6.66719
650.182
469.077
-273.53
563.204
1061.47
-803.648
925.199
1244.39
-425.339
-174.663
-243.658
418.322
954.093
-888.542
-322.455
-1068.1
611.916
1556.15
-799.57
537.653
934.965
-389.65
734.662
-345.012
1130.49
-276.404
361.877
1349.77
-704.568
-220.745
448.306
-1198.72
750.409
-989.536
-129.021
1118.56
442.132
-956.047
513.915
152.825
732.553
483.326
744.143
-109.187
853.475
-425.802
1182.62
-796.975
552.119
-1465.51
913.391
-1216.65
1800.97
-431.712
-1510.19
879.693
-1402.04
-300.771
-445.981
1457.27
-1523.12
784.911
1491.5
203.348
277.245
-347.954
-1732.94
-289.776
-1012.36
1575.57
-1766.94
1766.94
1565.73
-1004.53
-634.917
-330.334
368.446
605.198
-406.3
-356.778
-1389.86
897.394
1125.15
600.571
1202.82
1789.48
-1216.42
-610.919
274.163
1658.98
-1916.44
257.461
814.385
-1267.55
1545.25
-561.621
775.585
327.868
-339.834
554.791
795.164
658.181
1369.88
-247.5
-445.07
-349.1
497.69
-341.513
471.778
736.608
-288.915
-154.01
-324.617
564.711
-240.093
26.5363
-373.162
1107.46
-1720.28
-445.374
-482.943
-563.087
863.583
692.569
-1596.53
904.807
-451.73
-620.184
-513.808
1252.18
337.263
1723.69
-1702.43
-1657.3
1891.66
-1560.84
840.284
720.558
-377.624
-1795.6
917.685
583.115
819.63
-389.438
1794.3
-680.645
-442.925
693.59
422.814
-1116.4
-1099.22
444.118
753.343
-1617.18
473.203
901.166
178.809
-404.973
226.164
-1598.76
-384.512
-454.487
990.295
-671.594
1442.97
-972.693
1855.12
242.463
-551.228
499.089
-295.741
474.323
893.575
543.106
977.428
-462.866
-427.99
573.947
883.318
-1392.71
-40.9896
1571.83
-834.673
519.955
971.55
-1475.85
-1115.9
1775.16
-1243.76
-531.392
1206.17
-319.011
-887.158
-193.706
457.118
-263.412
-457.462
-250.99
433.8
-182.811
148.407
-396.554
1733.02
-1739.92
-453.288
-530.853
-903.62
447.004
-208.543
-238.461
635.305
-474.13
-394.573
-303.023
697.596
-943.434
406.205
-1167.35
676.481
421.272
-633.844
-442.07
1574.26
-860.067
530.185
-457.92
-571.121
-462.604
365.185
-354.922
-10.2631
-1105.27
404.423
-664.737
-1033.68
1698.42
-599.411
-1423.32
713.499
562.191
-1596.27
1034.08
-387.832
-483.4
142.592
550.388
-1258.52
744.713
539.228
1006.02
-2133.18
999.989
1133.19
-346.574
413.024
-387.895
-25.1283
1478.07
-364.467
449.54
1191.13
582.192
906.618
567.953
527.477
-1095.43
168.307
-434.622
-1689.67
255.446
1127.58
-612.872
518.481
1013.77
-1532.25
1092.86
-1643.73
200.275
694.907
543.693
-866.149
-1086.52
-172.555
430.404
-257.849
-587.08
-422.666
-636.875
-628.893
346.779
-1618.7
939.833
-476.801
216.045
-403.072
536.814
-307.66
-605.972
1197.22
-1285.39
934.383
351.009
-1027.31
-353.805
-756.411
-824.121
1687.7
-476.943
1795.31
-1584.73
-210.582
-1556.64
1018.73
537.911
-724.797
-261.401
444.552
-183.151
-590.255
383.796
275.568
-659.364
-523.929
983.995
631.66
-351.432
-1620.28
1050.51
571.767
1103.55
-1675.32
-406.504
-294.515
-367.917
-744.007
-484.282
-331.056
502.693
1558
-995.81
-775.341
1497.47
661.287
-311.817
725.882
1152.37
-1878.25
271.48
296.128
-487.17
-1931.96
1719.7
212.26
739.719
-474.677
-265.042
531.831
1060.84
-1592.67
365.185
-1725.47
-233.21
1752.35
-1580.7
1073.78
506.919
-1726.27
0.794602
-521.67
413.024
1698.94
-1719.7
939.739
624.487
-1564.23
384.914
-220.018
-164.896
-410.031
-253.477
69.0396
95.1282
-356.529
-431.886
-436.637
-408.892
222.98
1510.25
378.859
-196.669
-439.979
464.842
-198.843
315.694
1510.78
989.862
-167.853
-822.009
-1104.11
1704.83
-1728.78
1064.04
-707.151
-1021.63
-1265.09
1844.99
-579.902
1155.07
-1771.15
616.074
271.996
-878.206
1675.7
43.45
-1719.15
-491.166
-1083.06
-1733.02
-982.4
554.41
1019.61
590.224
1133.04
-1723.26
279.994
-465.201
705.016
-384.309
378.891
924.947
680.612
-372.021
-647.105
582.892
1072.56
-1655.45
-398.972
-370.336
769.308
392.744
-1661.07
1520.48
140.593
583.907
-1044.45
544.747
1083.9
-1555.69
994.071
-239.278
232.525
312.189
1903.19
410.183
-72.7432
995.862
722.753
-1718.62
-697.344
1085.35
-1557.52
167.933
-571.66
198.757
266.085
-660.502
-552.772
582.498
1034.65
-711.184
-249.866
-1368.7
675.943
692.755
-417.393
751.401
85.8419
-837.243
561.705
-137.153
1557.28
-218.714
263.906
-770.939
-1931.96
1664.63
1028.95
349.101
286.567
477.589
-930.136
-992.853
-1767.27
637.852
1693.77
509.837
-474.296
1210.9
1087.15
-424.962
1030.16
-978.948
493.655
485.293
700.188
1047.96
-1748.14
485.955
481.574
-1494.01
-747.205
31.9722
781.12
-412.96
-880.24
387.031
-538.783
-802.581
608.578
-577.248
1397.4
1055.14
195.376
235.028
-550.619
1618.53
-772.383
1525.71
-1727.84
575.251
1152.58
544.658
-883.638
-1732.74
1916.44
-183.702
1721.74
183.588
-543.747
368.868
-273.74
-481.412
1211.28
568.272
1128.32
-491.314
431.612
858.911
-462.675
-772.516
424.025
348.491
1418.81
1089.61
-518.195
1423
-510.643
-533.435
1044.08
-602.753
491.687
-1215.41
1691.85
1839.58
-687.211
1585.66
-645.923
-1241.42
717.49
-562.461
203.745
-394.001
456.692
-244.797
-520.209
-1246.71
1870.94
-624.232
1173.5
-552.244
1120.29
-1659.46
1693.81
-573.937
-545.328
-549.816
1720.07
-317.136
-688.041
-473.317
1223.73
-1683.47
-1860.1
613.394
322.751
-947.669
170.388
215.037
-1719.03
1204.15
514.873
1162.86
558.889
-511.535
-465.387
1192.24
177.974
228.115
588.444
1251.13
-539.176
-1238.58
1777.76
-1025.42
999.99
866.789
-204.12
-1658.98
1702.43
-510.077
1411.24
-1732.74
-346.34
1.10591
345.235
-265.861
585.528
-319.668
92.9812
492.096
781.959
-377.169
1257.53
1270.89
-413.361
852.776
-437.936
1817.45
-662.376
1586.53
-1723.69
-412.787
-752.701
330.891
421.809
-559.65
-563.291
79.7345
-1138.75
-985.519
-669.686
1655.21
-943.707
-1189.47
203.932
-425.164
-648.45
705.619
1167.45
650
1410.35
-590.717
1636.75
1318.14
-573.424
-494.549
198.808
-503.281
1396.86
1240.2
-564.254
-999.988
893.646
54.2603
-947.906
603.443
-506.134
1403.53
1495.08
-588.465
-368.451
368.451
-589.422
1623.5
1239.57
-486.223
1134.16
-68.4282
1852.32
-396.31
1489.49
-588.677
-507.679
1347.96
-652.875
1218.7
-565.821
1554.81
-591.558
752.348
570.018
-1322.37
-666.662
260.957
506.637
600.144
-1957.3
-985.783
1586.53
370.922
-370.922
-71.368
389.022
436.762
341.955
54.0212
-321.753
917.518
-535.428
-425.937
814.958
-244.501
622.031
-430.799
1550.14
-444.342
-884.105
188.928
227.028
-415.955
601.168
1250.78
-1851.94
927.545
-458.677
-354.922
126.152
-1943.02
1816.86
-451.864
186.38
1181.29
-440.461
-740.829
-302.098
-578.142
-492.154
-387.895
-482.179
257.947
1158.44
-560.178
230.486
-384.001
153.516
-22.7106
-107.678
1376.03
-1268.36
34.5701
-598.342
-586.392
-452.993
452.993
-1262.36
1985.11
-1344.39
-208.753
-1824.91
240.18
-1025.76
-974.243
-187.325
-1637.61
707.478
1229.32
-1924.97
370.564
311.691
-682.255
-1850.01
1234.27
615.741
-561.784
561.784
-959.201
-39.9692
-1866.05
-558.144
1650.86
-677.447
1636.18
-601.529
-177.754
-1705.96
-586.131
-466.134
-594.797
-467.013
467.013
-1537.81
194.526
1343.28
174.845
226.551
-401.396
499.139
490.722
997.402
-474.94
1751.3
768.177
-423.777
398.649
520.621
1702.06
-594.595
-552.964
1636.86
472.919
1812.74
-645.29
-1803.94
-1938.08
-646.948
-479.222
479.222
-571.699
222.6
-701.05
1019.73
-465.908
-1071.93
-283.717
1579.57
1852.3
1635.34
-1635.34
-292.669
738.485
1761.49
595.786
1275.15
174.899
210.016
585.141
596.251
1603.51
-1603.51
223.409
-353.059
-434.29
461.461
951.839
-458.183
-639.76
-1131.01
1706.26
281.208
-1657.41
614.322
-289.416
473.004
1744.65
-592.061
-216.273
-439.27
378.99
726.459
1738.57
-613.423
-511.765
-781.576
1960.54
-870.453
-1090.08
1642.79
-706.012
1223.97
-1824.94
600.971
347.746
-898.974
-185.865
-106.074
1098.47
-486.55
122.426
622.517
-1655.79
438.022
593.312
-1803.94
-583.275
1787.43
884.322
-1162.92
1760.49
-597.566
1783.83
-575.527
-1208.31
432.517
930.578
-1739.92
924.774
-1489.59
255.292
1234.29
-830.858
-1254.23
-380.617
75.9934
304.624
581.722
270.599
1025.92
-445.181
847.043
-401.862
821.198
738.433
-1559.63
643.772
1066.28
-24.2218
-663.359
687.581
-1744.31
722.687
699.284
150.566
-1122.69
1936.76
-674.549
-1262.21
-537.177
1665.5
829.781
963.639
-1793.42
1227.87
683.323
-402.483
711.248
841.834
1028.65
-586.518
1761.49
626.692
1773.56
-1185.62
-587.94
-417.599
-316.613
734.212
121.447
-1185.7
1660.55
-540.268
-1437.82
1437.82
1250.57
594.415
1351.57
206.432
-570.98
282.77
-193.681
699.072
1113.67
483.756
-305.782
-870.271
-574.598
1739.12
-1739.12
993.699
-993.699
987.331
1025.17
-2012.5
1837.94
-613.97
-581.107
833.42
-947.849
-1052.16
998.375
690.538
-1688.91
-516.734
-358.839
-652.714
-808.423
2042.69
-1246.42
-613.68
1002.97
974.851
1289.77
646.986
326.421
1012.69
239.654
336.778
1186.25
1756.87
-1756.87
671.975
79.888
-388.919
-997.053
-539.991
1674.15
989.369
1010.63
-1833.28
-224.326
-361.806
595.855
-340.409
1849.49
-1077.86
-771.636
352.489
-30.8606
-820.779
-1662.66
1662.66
912.925
1923.74
-648.585
580.212
-479.055
1708.01
-1228.95
729.493
1837.81
1148.62
-605.268
-576.243
1144.2
-813.524
-486.003
932.622
1106.48
398.668
419.853
369.033
1223.04
-1135.29
-584.989
-644.667
-1212.58
1857.25
-111.369
-261.912
340.516
-515.179
1250.31
991.523
789.052
-588.777
1878.06
-650.196
-381.811
657.379
1877.31
740.959
-552.98
375.651
-453.091
1450.51
-749.859
1172.22
588.271
-97.903
408.235
-310.332
-1244.33
903.645
406.927
1636.07
-711.127
1046.76
905.109
779.353
766.249
591.522
758.339
1002.48
715.294
1835.82
-984.046
-851.772
538.846
-329.571
306.821
-306.821
-390.88
-675.605
291.296
833.098
380.254
354.408
1888.88
-659.562
1097.9
9.08603
-777.962
1119.03
476.936
-1140.21
1140.21
1758.17
-671.026
739.638
452.602
-187.97
900.246
-642.954
1313.58
1200.56
889.178
1143.77
540.428
1096.43
-558.907
-84.6078
-1090.65
1115.66
636.083
-1669.76
1198.03
-137.412
554.72
-417.308
226.379
-608.691
1859.47
1075.09
-1075.09
997.128
604.665
-1601.79
633.113
651.628
619.264
1115.32
767.929
-667.102
1731.14
401.872
1061.17
129.528
1563.64
526.748
713.449
-1215.39
-717.458
-527.001
1914.11
-1387.11
1852.19
-601.618
1513.37
-1852.27
338.894
984.233
-984.233
1772.51
-682.897
54.3266
-498.874
401.45
-647.433
1353.11
-705.676
674.948
-625.791
67.2537
532.347
611.688
-1144.03
1486.83
-749.383
1026.16
-1026.16
426.974
-333.953
333.953
311.194
1148.51
-693.929
-896.781
1590.71
1233.39
1266.33
661.063
-1927.39
-1312.98
-709.793
1423.29
1312.98
-546.563
-971.123
787.968
183.155
1154.82
-1154.82
1174.12
533.891
1202.81
-1848.1
1206.32
-1061.19
1061.19
1034.77
1052.23
802.886
586.625
-1764.16
1177.54
1092.17
-1735.44
1057.24
-600.521
-501.839
1011.68
-699.417
585.939
1291.37
1687.41
-827.272
-860.136
1048.59
-1048.59
-195.068
370.797
-175.729
-773.942
360.982
-1827.04
624.354
1202.69
-768.925
-759.783
1528.71
-328.264
-314.333
642.598
1123.38
1655.58
-715.746
267.985
204.934
876.303
-876.303
867.888
1679.49
-1035.71
635.016
-1277.97
1260.84
-1909.43
1132.26
-1794.64
-274.469
-401.136
1921.9
1135.8
-1135.8
1236.18
-1850.15
601.704
-601.704
429.951
-254.504
-175.446
613.116
953.821
-467.865
767.7
1768.15
-850.462
475.815
-852.498
852.498
1238.68
-1079.01
1254.71
-1868.39
1267.24
-1891.47
1125.51
1548.08
-763.166
-368.602
894.057
-1871.72
977.662
-343.036
527.022
-860.401
860.401
177.271
-460.989
1176.26
-1777.97
1190.03
-725.28
-1025.61
1750.89
544.475
-642.189
-184.69
-330.859
515.549
432.974
354.281
537.759
-352.287
636.757
1289.48
-1926.24
844.839
-844.839
1125.84
-1772.79
69.3004
-431.835
1668.14
1205.12
612.662
-1817.78
378.893
-762.064
762.064
639.392
-1851.97
1243.5
1057.03
-624.508
-521.885
521.885
1222.26
619.822
-1842.08
1160.32
-1752.38
1123.22
-1762.9
639.686
571.878
-1384.62
812.744
1237.86
621.606
-1771.14
1173.58
488.214
627.899
1229.35
-692.905
-1368.12
1773.64
728.166
-728.166
1095.1
-1734.32
639.226
-829.832
391.896
-718.911
1717.29
244.052
300.615
202.078
539.482
1224.3
434.048
-852.524
-805.698
1658.22
-1166.71
-660.328
557.126
-1530.94
-632.207
1071.1
-694.079
666.845
-666.845
1010.97
-1010.97
-605.753
894.255
-721.13
1875.97
-642.58
-207.042
178.939
185.663
-364.602
610.825
1112.22
-1723.04
1813.99
-576.128
-719.351
1895.61
1079.46
-1772.36
527.072
-369.166
-527.38
527.38
171.558
196.116
-367.674
1835.99
217.371
146.325
-363.696
-288.795
606.859
-606.859
-1215.66
1767.92
-552.261
676.771
-415.683
446.115
-223.135
209.641
153.377
-363.018
1802.69
-1817.28
-1745.31
1131.89
534.544
-369.169
195.005
173.835
-368.84
-1685.37
659.948
630.26
-630.26
562.759
565.636
-339.257
-2087.47
-1193.43
-675.783
1878.59
1134.38
-1721.67
-1230.65
621.665
1707.26
-1091.19
-1170.12
196.224
173.828
-370.052
-585.683
585.683
36.9691
680.105
1092.96
-1773.06
1131.2
1084.39
-665.431
294.09
742.335
-742.335
-1457.95
575.151
882.798
1083.38
-1677.97
1810.55
-604.23
439.246
-715.833
-1640.71
1039.18
-598.61
1796.64
269.654
568.451
-568.451
1633.21
-896.344
437.667
-714.212
714.212
-1097.19
-850.268
-447.183
188.496
184.026
-372.522
653.99
-1301.42
-467.364
-1654.12
1069.13
527.127
562.775
144.69
217.419
-362.109
-1204.08
1805.06
-608.603
-1280.4
-779.783
1600.98
273.712
518.869
-282.307
627.55
-627.55
1792.32
1497.74
316.246
-623.463
623.463
691.106
-459.042
550.547
-385.149
-206.957
474.943
-513.014
205.354
698.611
-485.843
-719.373
337.562
-1659
1118.73
1091.07
810.907
-553.08
1451.93
-1557.41
965.851
1002.97
-1672.66
610.934
1106.21
-1717.14
-1587.01
1023.1
620.253
-620.253
1223.54
628.762
-1123.07
1084.85
-652.478
702.349
-442.897
-1486.31
897.847
1033.98
-1627.76
-1183.29
-580.873
1959.41
-1000.66
525.722
982.118
-1628.04
-165.829
-553.544
1603.57
-17.039
-668.8
1209.61
-1885.39
551.72
-1681.13
1101.49
-532.636
312.128
220.508
552.986
-1186.83
1845.15
-1528.75
958.324
-268.932
-240.107
509.038
228.994
-457.317
-384.738
1451.02
-749.72
-823.255
1572.97
740.679
-1839.81
1099.13
-304.574
481.845
-1922.59
1949.7
-1949.7
-1800.46
807.606
1881.16
-649.572
183.198
-419.144
-536.903
-345.876
-880.456
391.001
-591.087
1968.45
852.023
-491.972
-360.05
-1664.58
843.106
-1855.47
1045.13
730.025
1836.09
-282.703
1669.24
1787.52
-586.959
-1627.69
545.688
1082
871.04
-1620.76
-606.002
-667.804
-131.203
644.849
-363.641
155.165
410.285
1014.59
446.157
-1460.74
1675.32
-543.429
-562.561
1636.92
-1705.34
916.386
-484.774
-1102.58
616.031
-26.496
-1421.52
1630.63
-524.421
-1435.35
860.751
608.841
-1679.33
1070.49
1671.42
-588.042
-1286.92
-689.774
1919.12
-1621.19
-14.1466
-368.479
-1799.18
603.886
-1180.13
-1468.09
879.417
-502.178
922.985
772.257
-1695.24
1002.32
-1423.32
421.002
-64.3581
-244.791
-168.113
-1375.97
386.431
275.85
-941.494
529.334
-1516.6
747.671
-1588.83
789.265
-1115.22
2009.28
24.5823
-607.364
1772.83
942.146
151.562
-1819.53
1169.96
-625.609
433.145
-445.338
1072.03
-94.7856
-1088.54
1183.33
-478.906
1231.25
817.401
-1641.52
199.979
1196.71
760.472
-1532.86
155.573
1670.45
602.677
-1528.84
938.184
-1529.27
-553.698
225.434
-1399.34
913.12
449.581
-109.636
1200.01
-574.996
399.707
-713.037
1386.49
-673.451
-363.69
577.562
-345.775
-527.486
788.443
-1372.72
807.743
-488.403
-704.922
-367.272
-462.561
1853.06
-1066.72
-656.324
-631.424
1870.11
-1268.36
469.822
-1239.94
799.477
-950.842
856.057
-1302.81
743.161
-841.294
-266.764
-746.486
300.505
-486.746
1209.69
606.725
1026.49
-6.79734
598.001
-102.704
385.882
-224.721
452.836
954.206
1065.42
183.111
-1414.29
823.573
-749.276
-1129.08
388.254
-1338.34
764.92
-1584.4
749.729
1264.18
464.044
-229.016
-743.171
1313.19
-1082.88
-651.444
465.276
-336.133
15.8995
994.281
-1119.72
125.436
648.264
-735.374
221.394
-1744.52
-772.794
297.741
-239.749
1087.2
554.669
297.939
-852.608
-595.487
-809.594
343.461
-464.04
-23.8992
1443.64
944.452
252.828
282.921
-535.749
-686.204
1787.69
-71.6191
-439.43
694.353
185.177
355.986
281.866
-596.132
1676.89
1380.38
1828.98
366.563
1079.64
-1765.84
794.423
679.082
-1473.5
-1503.77
1095.01
-1061.48
1709.74
-651.725
314.971
-792.079
-564.016
-988.184
1552.2
-1034.89
225.871
-335.933
1072.22
-1529.54
699.348
-1504.85
-836.142
569.431
266.71
-582.667
537.702
736.546
1112.95
-1668.22
1668.22
-599.084
807.004
1147.16
928.703
-1527.79
-604.835
-949.613
-419.558
-476.786
-280.606
618.845
646.401
-1414.19
-1580.58
720.516
865.357
-1625.14
636.939
740.713
741.246
-1512.18
-485.202
1390.31
-750.603
-510.45
1261.05
-1252.42
688.168
932.695
-406.192
582.646
-1307.44
-1380.38
-1338.42
613.403
725.014
-575.104
636.004
-1279.82
-682.395
744.963
-418.542
806.614
526.827
683.187
415.686
-1166.29
322.418
486.809
-809.228
-425.284
-112.271
876.175
-1591.92
1663.43
-158.469
-1053.2
-626.131
367.133
290.245
1654.68
-556.778
1476.14
-578.298
499.423
645.759
-1509.89
864.127
-1230.64
664.82
-1217.21
-489.471
1125.48
1168.65
702.455
-1212.91
736.967
-1727.71
839.067
468.73
1010.61
-471.128
-156.897
-1052.05
-255.536
423.843
-473.798
672.498
-1569.28
-1181.85
519.791
1034.89
696.844
-1186.32
-602.25
-1632.31
-0.220731
369.089
410.67
-901.773
1526.26
333.732
792.611
-416.96
5.49474
1574.46
881.71
-342.602
321.976
20.6261
-470.331
1238.26
563.545
-1047.47
483.926
-333.732
-21.1892
534.76
-1069.29
534.53
1179.37
-413.124
344.283
-746.766
72.5717
940.876
435.127
-222.938
-500.3
-1070.65
-1191.88
639.641
-713.253
-1601.08
-658.383
798.694
607.342
871.379
-1478.72
1037.64
-1085.24
1660.57
-621.386
-481.678
-306.235
1148.27
-296.784
357.285
-379.883
22.5983
-734.727
-593.364
-1402.52
782.335
-975.92
-625.872
-46.5664
-14.1692
-277.677
472.604
-1139.27
257.457
-282.181
24.7242
-1092.12
-589.013
-678.238
589.904
-1150.08
-191.228
354.729
-381.785
27.0566
422.519
384.095
-1097.43
-589.361
812.173
430.882
-494.92
917.137
628.842
-1545.98
897.3
221.455
864.627
-437.653
457.614
519.744
516.082
-1035.83
590.641
490.752
-1081.39
688.133
606.547
803.331
-1409.88
969.728
1116.98
-644.376
943.621
647.089
880.013
-39.2953
577.952
-1102.62
311.976
-341.636
29.6606
465.082
386.941
-370.952
331.94
39.0114
1112.47
513.085
-1014.92
-1627.14
863.97
1420.52
-758.872
-400.858
354.423
46.435
1115.36
-710.94
201.448
-1073.07
1712.29
310.841
-361.15
50.3093
1477.87
-598.449
328.653
-382.906
54.2528
-626.586
262.945
-410.921
345.758
65.1629
332.964
-400.931
67.9675
328.446
-398.766
70.3203
384.098
-454.528
70.43
-467.813
411.603
56.2105
413.792
-460.688
46.8959
409.347
-444.504
35.1571
419.404
-440.416
21.0122
415.451
-421.972
6.52045
-427.245
464.65
-37.405
443.601
-395.136
-48.4653
420.143
-362.126
-58.0167
-422.468
491.875
-69.4075
-20.69
-802.545
488.384
-145.773
752.033
-684.421
466.98
517.049
650.064
-1458.34
808.278
-595.183
-648.004
428.262
386.697
403.293
-373.441
311.761
61.6805
370.514
-752.973
382.459
123.357
1571.41
-605.556
-1292.67
204.168
-552.122
448.142
-928.89
480.748
538.271
397.779
-838.979
441.201
1687.24
-742.787
1500.22
-877.474
-1587.79
-785.041
1763.54
-672.466
482.532
-950.658
759.201
-1354.38
1112.09
1575.95
509.779
422.916
423.993
321.716
-379.758
58.0415
-894.756
458.119
-426.499
450.215
-23.7152
-756.124
-573.694
504.116
640.08
-418.362
-577.473
1646.02
-575.529
491.875
536.775
505.974
-1018.25
512.279
-1537.45
1173.76
-680.928
1683.24
1127.59
-601.385
-361.379
-428.372
365.5
62.8719
-288.598
423.885
547.54
-1039.69
477.03
1178.86
-550.087
-545.343
-312.372
344.224
1057.98
-356.812
-635.053
-535.067
510.696
-1059.49
548.792
1425.24
-601.662
1401.06
-500.813
500.448
-982.126
438.997
-430.047
-8.94995
166.851
-886.071
-670.831
1469.12
351.99
-820.658
487.18
-945.363
1825.4
-954.36
-718.562
283.94
544.703
591
654.526
-1245.53
682.755
-1432.01
749.256
1074.22
473.045
-907.335
733.411
619.698
-504.599
1417.52
-1770.15
1502.94
267.212
270.267
1453.39
-1023.02
1507.69
173.267
-689.105
214.975
443.919
-862.281
-644.883
-1108.71
281.076
1120.15
-171.34
1289.76
-601.588
-1600.41
1098.23
1921.1
-1110.5
-810.599
-578.769
844.857
1042.04
424.016
-825.878
-803.359
-1122.22
-647.774
-500.558
-390.772
-1349.29
-239.092
309.649
-578.985
211.991
421.284
-830.914
190.267
-633.192
856.978
-1807.72
-845.917
191.237
180.106
-371.343
-931.225
455.772
-1098.33
895.198
1017.6
415.931
1416.17
-1535.72
701.967
258.632
783.502
1378.9
572.131
-1183.87
611.74
460.342
-852.257
-891.29
1880.66
-449.391
180.46
-557.956
1121.5
210.644
622.847
690.735
-204.631
-396.453
601.083
1600.37
-1011.06
-508.291
1148.37
350.84
-279.068
-71.7728
628.25
-1252.79
-849.954
327.353
522.601
-1122.89
-1621.19
780.283
877.939
647.681
723.954
205.565
311.483
147.341
-517.693
370.351
546.468
-297.977
697.679
-1176.59
526.615
405.809
-782.977
-783.803
-626.075
5.97538
1599.9
-985.58
-817.304
968.906
1529.22
-851.733
-677.486
350.934
-692.021
341.087
-540.068
1298.41
1269.07
194.724
209.224
-1053.92
744.316
678.977
-508.582
156.295
-461.772
255.226
206.546
231.405
1469.12
383.293
-736.352
648.999
967.15
-1531.17
196.162
330.925
331.067
-661.992
1189.28
-599.376
366.541
700.394
-361.671
605.722
1282.79
472.318
-935.666
463.347
539.246
534.361
-1073.61
678.02
-1422.03
896.72
-450.965
-597.095
1679.09
-588.845
1776.52
-1187.67
-626.97
265.3
1508.22
-771.252
-354.403
889.498
286.666
-910.504
-384.655
674.9
822.985
-735.894
1277.37
438.265
-896.872
458.607
-1063.16
-756.372
-763.979
-1060.93
-974.913
-714
599.241
-599.241
-7.61845
-729.188
534.463
-1522.65
812.357
181.381
399.684
-754.599
354.915
655.737
873.481
-1289.69
1824.15
-881.235
1659.33
-717.189
1267.74
-858.454
462.81
-241.416
1402.93
315.432
-598.894
283.462
-1069.21
605.175
-934.606
1534.75
811.595
-131.222
-460.679
847.376
419.325
479.07
-405.858
-73.2123
-1631.66
779.405
-528.737
143.588
1622.54
-872.809
1122.89
17.32
1523.66
-647.088
-1127.61
-430.792
-555.075
-849.533
-1678.71
1052.58
508.006
-586.959
78.9534
-274.65
337.33
-751.558
1846.48
-8.91962
288.375
-602.708
-1523.66
-138.998
1115.14
-691.608
-423.53
-727.551
-117.289
583.588
252.369
-738.212
-591.147
1768.68
386.852
-739.283
1811.5
334.458
-861.943
270.777
301.032
-571.809
-330.589
361.095
350.153
-1377.17
-420.98
234.019
228.791
850.315
-1100.75
448.267
1075.02
-45.3132
-578.538
1156.98
-553.098
-947.908
-436.714
-482.543
-815.891
1298.43
-612.247
69.8095
247.788
-229.645
-947.084
1366.14
-419.055
-494.946
-682.948
1296.35
262.159
-520.575
258.416
618.875
1390.41
610.988
-1542.21
1174.15
-823.141
-463.416
-543.81
291.223
-323.764
32.5414
-538.202
-262.377
-14.7882
-627.384
-1197.74
736.729
461.01
-575.121
1098.33
-667.036
1392.05
-584.674
265.007
1627.68
-907.169
727.551
34.5132
-61.629
249.138
-489.245
801.881
-530.19
917.85
634.351
1021.91
-448.515
775.826
-1370.56
673.325
-248.154
1051
-654.459
1154.11
-378.839
338.87
-565.312
-890.808
1598.29
751.558
1730.97
534.202
-328.848
-522.74
864.696
-494.183
841.315
619.589
400.885
-328.323
-72.5614
709.029
-1590.26
-398.565
970.051
-636.673
-839.381
-743.275
404.328
-333.465
-70.863
-472.289
-511.853
-605.473
370.422
1081.57
-623.955
864.741
-521.281
577.348
-420.07
1305.83
-1682.32
696.74
-1797.53
610.511
-530.858
496.977
-838.969
341.992
230.851
-543.366
312.515
-763.54
389.657
-346.127
165.9
559.779
-268.795
-457.77
1160.23
1105.35
-681.361
-587.842
-456.52
329.466
-400.5
71.0343
-492.539
201.445
439.923
-199.678
-290.703
-303.685
761.566
-1067.8
470.761
937.423
1031.02
-435.6
390.955
330.589
481.049
1030.39
505.055
852.429
1068.67
816.251
-1463.38
647.129
464.001
-1259.25
681.773
-203.048
-258.724
161.666
-385.419
597.936
788.552
-594.425
-171.321
238.304
232.236
220.6
1646.45
-460.899
-725.931
-316.864
374.561
-57.6963
1167.8
-466.976
-700.824
439.761
-399.334
262.108
411.218
-570.268
494.1
-717.848
1139.13
216.131
646.499
1399.17
-1204.64
696.147
-390.802
185.594
-191.158
-676.861
607.136
511.797
-310.52
1101.47
-653.986
1114.33
-490.373
1187.22
742.921
-620.683
374.449
-53.9056
1510.5
-769.787
1653.9
-993.952
1370.56
-1234.95
262.377
-28.925
602.527
-781.312
-778.319
-407.953
1247.02
-65.8923
-533.772
-264.642
-1190.78
-590.917
733.005
-271.437
892.942
-455.275
-353.258
179.932
236.771
582.369
-230.756
-270.681
1230.54
-590.831
-536.9
583.193
-656.726
225.656
67.6265
396.551
-328.466
-68.085
249.894
-1073.77
766.651
280.771
-1006.7
353.823
212.513
-566.336
627.057
-260.44
708.577
-448.137
-747.336
-378.523
-1025.14
525.667
450.777
-1168.62
-858.911
328.721
-90.0172
189.261
940.25
-32.4976
491.961
-1145.95
1780.23
-898.525
-72.4857
-25.1001
-24.965
25.0068
629.812
-475.383
101.081
-695.643
-435.391
-624.097
-505.13
757.499
-454.043
-962.931
-1207.31
-92.2388
-445.732
732.398
903.127
-422.378
171.494
-366.562
-27.6836
781.768
800.734
433.684
-325.13
386.652
-61.5215
-488.704
-632.931
276.12
-636.232
283.169
694.355
-220.171
323.612
1150.25
38.1507
-518.835
646.624
-1593.52
946.897
289.003
192.843
-386.146
542.167
-360.785
219.083
-664.815
-417.334
194.395
-231.575
-223.172
919.112
762.129
203.662
311.887
-952.174
528.014
-67.9966
281.04
-734.328
-666.178
-964.216
796.363
-1220.65
-898.164
283.313
-503.771
159.563
-364.167
-428.277
889.193
-340.401
-481.643
692.202
67.6783
399.334
458.901
1154.35
-715.858
17.025
-376.672
641.971
-525.915
-629.633
732.553
-445.989
1209.82
-309.109
290.205
18.9038
1779.07
869.209
512.895
-318.171
867.824
-1428.1
-1840.35
856.302
742.563
-341.168
1603.57
512.929
121.676
-134.831
-177.733
312.563
1695.66
703.458
-1376.91
1686.9
-732.695
1036.69
-42.4049
1216.96
20.1676
279.983
-702.648
-275.715
-348.001
281.965
-793.818
1020.05
531.569
194.574
-649.061
-701.258
-138.576
1200.69
-245.297
-277.333
-183.05
-133.978
317.028
-1032.38
-223.768
-689.775
-606.791
-1307.55
525.971
-554.432
-1241.64
1095.37
738.432
-346.391
-92.8792
377.025
-312.106
-64.9197
1770.39
-504.001
135.133
-364.149
-71.6273
-438.579
945.841
-631.229
470.85
534.843
-631.025
-44.1989
300.72
-90.4791
286.11
161.898
208.899
-1154.35
-410.285
-190.176
-133.192
323.369
-757.508
-807.003
-376.867
-81.8195
-882.397
-1113.47
-1464.14
-535.886
-1464.14
1466.45
533.55
1466.45
348.001
-320.767
114.383
1034.71
724.523
1267.75
-1117.14
-463.914
-843.528
-444.358
-841.538
-255.462
660.293
-402.304
297.919
-1752.05
-447.817
-16.4022
-369.686
735.919
-577.364
412.504
-672.944
-494.532
632.625
-420.112
-1114.32
-725.488
663.575
-1698.47
-772.524
-685.818
1679.64
-504.73
234.048
1056.39
-562.411
-100.948
-99.9724
-1461.13
575.063
1566.15
391.876
-1419.51
-450.389
-1398.6
259.596
-1018.75
459.582
443.544
1009.54
-863.262
-131.055
-214.137
345.192
-1292.67
-339.704
444.464
-232.473
-777.591
-437.822
-591.654
1486.85
688.165
349.936
-759.923
439.594
1118
-702.067
-822.611
-648.537
242.237
-642.987
-31.3271
-476.764
1244.57
-858.137
1460.37
-383.299
-369.027
748.149
-410.886
-901.356
-828.157
-427.186
499.218
-341.737
-151.252
492.989
133.647
407.058
-452.17
1415.81
1572.95
-604.041
-618.135
1150.48
-969.535
250.384
-308.325
-432.381
1099.92
-526.474
-220.292
947.074
-458.794
-158.983
372.504
757.508
-1342.42
-26.591
-440.773
-262.539
262.539
-328.168
-426.432
931.942
-615.068
1296.84
-416.801
-510.089
-1585.98
810.505
-326.436
-362.479
-1193.95
1176.74
-565
184.081
416.88
-893.666
-723.705
266.507
495.205
-288.659
-631.947
-499.027
-218.98
-145.995
364.975
-819.733
-141.714
-217.216
358.93
-217.326
-135.032
352.358
-281.913
35.5896
907.162
-1518.8
375.5
-189.837
185.962
-963.924
1045.01
-500.304
-680.735
-405.73
1086.47
940.181
-227.116
-143.172
370.288
-429.085
449.253
1353.32
1660.64
1282.79
-1470.76
710.833
186.568
463.614
99.4273
-361.966
442.493
-306.42
789.097
-434.182
495.182
-695.253
-606.17
-466.058
124.684
478.311
-51.1131
-441.912
-412.283
-652.08
-1574.71
771.354
-228.316
-146.681
374.996
-888.667
-512.148
1610.38
-1510.53
-863.404
1129.95
-1175.26
1598.45
1050.02
-818.799
-899.817
125.674
-613.645
1671.62
894.64
911.986
681.282
-272.563
876.462
-349.946
-303.063
-363.433
713.586
390.295
579.607
601.504
531.101
-334.939
723.568
317.357
1577.03
1397.58
-457.334
317.718
-366.433
-671.82
-4.97297
126.743
-883.076
369.572
-795.307
947.566
828.952
225.656
-260.157
480.666
298.612
-576.116
784.219
215.412
218.198
204.02
1559.4
48.352
905.777
-954.129
474.341
-403.322
188.058
-1099.91
475.814
55.8185
820.134
908.554
-185.052
-191.397
-374.939
-348.95
-509.961
-608.837
255.579
-929.53
456.751
-468.088
-343.831
76.0046
758.781
-456.069
874.864
-97.9511
-454.171
574.051
886.322
356.288
-192.108
278.114
932.267
602.482
53.3403
300.017
266.166
-1220.33
466.058
-900.855
604.864
295.991
1688.7
-430.435
-356.151
291.555
-403.233
977.426
135.863
336.635
1220.65
1514.54
-650.418
-679.784
685.101
-313.195
848.849
-535.654
-681.394
660.704
-400.739
822.278
377.057
616.653
-354.224
-1344.71
1038.79
-255.747
1857.44
-679.604
207.122
530.09
-202.082
692.804
-317.926
245.766
-1100.11
421.468
-1356.56
1339.37
406.407
-233.362
-145.688
379.05
-783.92
-1623.37
-904.716
177.956
57.5851
-615.726
1021.93
1190.78
-675.508
-761.332
-668.351
553.79
497.956
521.537
-1226.46
931.928
-267.622
1174.66
-523.835
777.536
-1289.07
1098.67
-84.6556
310.312
-601.131
1382.9
230.4
-623.558
-907.608
355.314
1194.74
216.907
208.34
49.4305
-947.477
907.674
-972.032
-244.209
286.772
752.33
710.682
1149.39
349.524
-661.253
-331.725
-300.134
-280.671
-723.101
-451.859
535.261
-385.581
-33.8918
83.4251
-44.2828
-737.08
298.5
-1324.54
284.161
491.346
675.919
-1167.26
-1093.43
-357.993
-396.957
-1009.54
-1136.26
-1514.53
615.905
-268.933
-1103.8
-367.122
-375.618
786.01
385.347
-1087.41
-64.5953
344.804
290.606
259.238
604.43
-1021.46
336.575
-441.136
359.673
-215.589
-401.811
-204.501
-1524.91
291.516
-1508.57
-1457.74
-221.75
1089.15
48.559
-455.117
1054.56
-549.501
-673.755
1113.68
812.872
368.035
-766.6
675.762
-257.85
-385.137
-412.29
-554.781
1035.83
360.693
-178.747
-181.946
-323.808
-793.882
-403.492
1197.37
1914.4
74.5459
395.994
188.885
-530.376
-308.593
268.644
324.4
-119.891
-204.51
-382.807
162.631
-437.902
454.927
-397.078
765.113
637.191
471.579
-422.149
-350.467
-101.231
-904.828
382.737
-236.992
-758.34
637.901
503.495
1163.37
1019.9
-1153.35
788.588
-541.877
-121.128
1544.05
-570.503
1098.52
-324.154
1648.15
-100.116
-223.648
353.58
921.295
415.721
-1370.08
-327.927
-1426.77
1314.46
-633.179
708.291
-1345.03
674.934
367.611
-437.063
-624.578
-522.479
486.471
-202.269
-981.873
-829.968
299.591
1122.22
1511.04
1003.29
227.486
472.86
11.351
444.751
516.851
969.985
584.881
-334.987
-292.587
1522.03
-175.512
888.291
-1353.77
956.026
436.817
-606.17
-190.687
-490.707
324.311
-588.217
1131.07
567.723
-329.419
288.154
428.285
-294.638
239.092
-429.039
-143.964
-803.574
330.353
-600.838
-491.48
417.079
-1013.09
197.858
1012.03
508.049
790.723
361.856
-240.982
-409.001
1530.85
-742.529
-477.796
19.8099
-739.769
1166.28
-1708.89
1166.96
-188.954
1323.31
301.443
-348.381
-174.303
585.52
-366.582
464.272
1517.2
-148.143
321.491
-539.718
1391.78
-1190.26
-1315.26
421.188
400.86
-964.723
142.714
-352.249
341.622
-373.111
463.127
1058.9
-562.919
-562.836
1203.61
-1207.49
517.512
313.129
-1189.59
-1272.71
-252.421
74.8375
-483.253
305.5
-743.122
292.733
-48.9171
-609.108
418.421
-371.488
264.403
-141.76
-899.7
-469.424
-365.566
1116.68
-376.526
-297.619
286.658
410.767
427.819
-535.129
255.657
1632.56
-1575.08
-316.846
533.206
-92.153
-715.833
293.716
42.563
-1097.81
-424.84
-883.358
262.676
969.14
-330.738
-958.333
-339.492
-2.83899
204.084
-708.947
761.833
-695.249
491.281
-169.853
-231.077
400.93
-313.286
49.5146
-355.297
973.77
998.883
-405.371
192.666
169.19
-651.2
235.231
501.842
-541.137
1080.27
239.575
-380.043
1116.29
-629.824
-276.936
295.124
143.75
-1671.51
366.336
1327.1
192.702
75.7198
67.6412
-428.577
191.208
1473.83
176.213
-800.696
428.115
-1532.94
1544.18
274.963
-158.627
-439.715
-189.256
1107.28
142.267
-292.547
311.208
-343.886
661.243
643.681
294.611
-628.471
-990.771
163.103
-167.17
597.649
-333.435
654.926
328.613
313.358
-757.991
1187.43
35.5895
324.453
-480.507
770.172
362.269
718.322
356.367
125.625
-625.67
910.263
303.311
-444.621
277.855
248.76
-938.803
-214.547
17.3418
-133.536
1500.69
-280.761
1332.45
-195.571
337.838
327.615
-1136.11
411.647
-798.972
354.351
-338.223
-677.067
1021.09
655.801
-487.486
-742.116
238.115
402.161
262.389
-305.606
-139.281
330.489
-557.801
-985.418
693.385
183.42
-607.859
-180.848
-759.867
-449.383
-124.413
-840.311
-162.174
1050.74
507.519
1715.87
-620.502
-83.7405
432.371
-649.761
-172.882
-165.341
-498.325
-117.981
-1465.16
424.183
-223.764
-308.149
-448.298
747.889
337.304
564.892
598.727
-338.387
564.23
198.21
996.534
-805.603
1286.28
588.208
389.245
-313.526
-542.109
-29.1989
-424.972
-1006.81
-1.08253
-364.153
-382.226
49.9491
-334.852
-775.819
112.58
-14.986
119.567
1110.77
-538.73
-128.836
804.36
242.949
-375.628
-978.91
627.086
-365.936
281.032
804.133
324.253
44.7539
-427.925
-250.564
1442.03
483.701
244.443
-97.4789
1208.25
-208.086
-163.402
366.852
-836.195
-229.905
206.272
145.976
-327.923
1380.32
-509.612
-181.833
-142.073
73.0485
-152.364
122.994
29.3697
268.589
56.1249
-324.714
42.5257
-1.20389
-41.3218
-79.9798
73.6464
6.33348
-5.95068
5.3743
0.576375
328.818
-44.6544
-284.164
218.52
-103.514
-115.005
35.1336
19.5131
-54.6467
81.6949
1.46415
-83.159
-265.76
125.155
140.605
-52.8868
-103.908
156.795
-9.23394
9.84469
-0.610753
15.0555
313.763
329.608
-61.0192
106.343
-6.94109
-99.4021
-18.0392
23.026
-4.98682
-96.6507
-240.942
337.592
-59.3349
1.43265
57.9023
-81.0692
1.08933
-63.3466
4.01165
63.072
-298.495
235.423
296.521
-207.4
-89.1209
-252.795
-115.147
367.942
3.84094
18.8157
-22.6566
-14.9062
-3.13297
371.199
-40.885
-330.314
149.377
69.1428
-11.7531
-1.70426
13.4574
-4.66155
5.22602
-0.56447
-4.65791
5.22289
-0.564983
-4.65847
5.22396
-0.565485
-4.62183
5.21624
-0.594407
4.61639
-5.19989
0.583508
-4.62182
5.21593
-0.594104
5.2709
-74.7297
69.4588
-32.6324
67.7661
-70.7771
-58.6063
129.383
-5.49615
3.77339
1.72276
212.746
-192.877
-19.8692
-179.285
307.007
-127.722
-17.8594
6.10627
5.53496
-0.170014
-5.36494
-361.467
542.151
-180.684
155.821
-208.708
12.8203
68.8745
2.57251
-70.426
67.8535
-171.888
-93.8723
-43.5089
-198.957
242.466
-201.987
36.1972
165.789
281.204
-316.646
35.4422
-8.0263
11.8672
477.482
-189.163
-288.319
133.074
-280.56
147.486
-41.2535
43.826
-45.8855
-54.6378
100.523
23.4047
98.5825
-121.987
15.7651
2.53847
-18.3035
32.2716
-28.3815
-3.89012
-4.90147
4.08291
0.818562
24.5109
-290.563
266.052
-208.868
-168.276
377.144
34.0493
-1.77768
-271.183
-30.916
302.099
-238.666
300.119
-61.4529
-95.4094
-56.9546
-10.4222
-0.32503
10.7472
10.2824
0.45577
-10.7381
10.3795
0.376558
-10.7561
10.2797
0.452026
-10.7317
10.2806
0.451315
-10.732
10.4605
0.378872
-10.8393
10.3795
0.376114
-10.7556
243.479
-218.969
27.9416
244.02
-271.961
25.3997
-109.85
84.4501
-4.47379
-15.6219
20.0957
-288.459
244.95
34.2488
-80.1343
-395.702
299.052
-43.6594
-158.327
-373.644
148.487
225.157
53.4742
227.73
134.016
-27.673
-130.165
-12.1565
27.9216
15.9415
54.8851
-70.8266
42.583
58.3185
-100.901
131.445
-21.2876
-110.157
-5.40437
-0.546303
360.679
-35.9792
-324.699
49.51
-44.2391
35.1654
-74.6724
39.507
-75.4754
317.21
-241.734
135.711
229.104
-364.815
85.4353
392.046
-15.1186
15.8225
-0.703854
-5.63413
0.972587
5.38252
-0.766133
-5.63371
0.975804
-5.63684
0.978364
-5.43176
0.809927
-5.42998
0.808154
-9.23394
165.644
90.1367
-255.78
313.302
141.316
-454.618
-45.7273
-66.3822
199.456
368.055
-304.983
-32.47
-24.0516
56.5216
39.8842
19.8845
-59.7687
-17.8793
-280.186
298.065
401.674
-114.752
-286.922
268.548
-286.427
79.2819
-258.7
179.418
-32.954
-7.15376
40.1077
-249.489
70.2042
-4.55401
-0.347453
-318.855
32.9458
285.91
179.507
-263.573
84.0668
-16.1296
0.278404
15.8512
-70.0238
61.0238
8.99996
21.669
-25.7981
4.12911
-122.756
-88.8983
211.655
-20.5481
121.884
-101.336
-11.5669
382.766
-186.658
214.6
42.3839
-43.4786
1.09467
-1.86981
-34.141
36.0108
-6.46258
83.2
-76.7375
140.488
156.033
44.9757
-41.8421
-3.13354
-14.0521
143.422
-129.37
378.258
-64.9564
94.7045
-211.699
116.994
36.0356
-80.1611
5.43145
-340.454
-4.82511
5.40184
-0.576732
-4.91342
5.48758
-0.57416
-4.82499
5.40182
-0.576829
-4.72162
5.31738
-0.595762
-4.91306
5.48873
-0.575674
-4.91382
5.48944
-0.575623
93.1081
236.914
-330.022
457.383
-254.947
-202.435
-17.0652
-0.794185
41.7091
-48.1717
114.377
-385.56
390.157
151.994
-2.17811
-12.9405
-449.81
168.51
-421.305
-340.269
264.794
285.51
-17.589
-267.921
5.53496
42.6215
-0.0957595
-145.308
310.952
-79.2826
77.4128
-42.672
-7.52873
50.2007
51.0489
2.94255
-53.9915
42.4605
2.51519
-204.558
-93.0416
110.348
-17.3066
-77.1553
-5.02768
82.183
137.805
-158.353
-18.4844
18.3144
-327.18
299.522
27.6584
93.2063
-53.3221
41.1821
-53.4193
-16.6045
4.77936
-5.35533
0.57597
7.47146
77.501
-84.9724
54.5522
-373.408
-0.121847
-4.38495
-8.29162
12.6766
-29.2658
0.884331
178.388
81.2431
-259.631
114.299
-399.25
284.951
161.066
-175.118
62.6004
-63.8043
25.7271
-118.769
29.57
-24.7914
-4.77864
-277.144
391.521
9.73954
53.9209
-63.6604
-78.0421
-127.026
205.068
-100.824
279.211
-308.055
262.031
46.0238
-15.4385
-0.691055
167.884
-311.009
143.125
157.704
-181.346
23.6423
-52.2104
-70.1252
122.336
11.4484
-253.887
242.439
255.085
-243.636
49.6096
-42.1381
319.428
-33.9176
-30.0848
183.567
-153.483
-34.5859
77.1689
339.3
-120.161
-219.14
-18.9374
-143.227
162.165
13.6227
28.7612
-16.9851
-0.0800882
338.244
-473.14
134.895
185.477
-60.3225
-9.13512
45.7689
-36.6338
107.117
-137.202
394.464
-450.842
56.3779
-265.835
328.897
-63.0618
-39.0733
6.11936
-87.2056
-71.6097
158.815
83.5742
-138.212
93.4177
119.329
229.707
-140.031
-89.6765
28.7746
-29.9992
1.22463
63.773
-197.454
-95.0663
174.348
-390.899
216.087
174.811
18.3504
-17.8526
-0.497779
3.22035
-2.86871
-190.008
-258.251
50.8506
12.7031
-2.85837
139.354
199.946
-69.9823
372.814
-12.135
37.2515
4.33064
-41.5821
-5.64976
0.0156271
-5.649
0.0152892
-6.37068
6.55367
-0.182994
5.75511
-0.372595
-6.48264
6.65342
-0.17078
-6.48041
6.62854
-0.148124
-5.65309
0.0162506
-6.48469
6.75539
-0.270695
-5.78203
0.350272
-6.37056
6.55364
-0.183077
-5.78126
0.351286
-6.47725
6.6406
-0.163345
6.70569
-6.49482
-0.21087
-6.37242
6.55493
-0.182511
3.18132
19.4057
-22.587
447.012
-332.712
-130.182
153.587
-267.673
-59.5068
177.951
-20.2468
45.5608
3.60654
-49.1673
46.7025
-30.761
-50.4429
7.77089
-35.723
32.5018
3.2212
35.1654
340.665
-172.781
301.813
155.57
0.195936
79.9105
-80.1064
174.025
141.425
-315.45
47.7463
272.722
-320.468
-67.6433
125.962
4.79756
1.38386
-6.18142
5.93581
177.632
9.99049
-9.38306
-0.972273
10.3553
-45.5676
70.9674
-6.62934
0.972675
5.65667
54.225
-63.3601
108.928
-152.588
189.096
376.615
25.0588
5.03348
-243.7
408.565
196.457
-226.206
29.7488
-46.5709
220.596
-63.9175
229.445
-165.527
-1.82184
309.521
-369.65
60.1285
-1.36876
16.0734
-14.7046
113.725
-15.142
364.073
-0.1325
-5.27187
8.62006
9.7303
-13.373
-1.16566
14.5387
-158.461
387.565
-248.668
296.414
188.851
-257.775
68.924
11.4178
-10.4103
-1.0075
33.318
-33.1221
92.0203
-103.922
11.9019
4.96762
6.46119
-11.4288
159.339
-64.6344
49.0122
9.33607
-58.3483
-280.057
327.533
-47.4763
-239.773
67.8845
-412.967
135.823
204.011
122.45
-326.462
95.3587
-40.4736
-351.851
394.414
-50.9017
-12.4448
-21.2992
16.9143
-4.75326
4.39412
0.359145
-4.75289
4.37986
0.373024
4.72799
-4.38203
-0.345966
-4.75399
4.38006
0.373931
-5.5525
4.13556
1.41694
-4.74575
4.39216
0.353587
-4.74536
4.3924
0.352965
199.12
-218.057
-4.78601
59.9273
42.5485
-102.476
16.3635
17.6858
-229.164
-51.0221
33.8256
31.7078
-65.5333
334.457
-90.4372
315.351
-111.34
-39.3938
213.771
-45.0388
-168.732
48.8405
-84.0964
74.3772
-152.419
271.482
-82.6312
-35.5898
46.4209
-10.8311
-284.313
161.557
-15.812
284.36
93.6689
-10.4689
51.4975
-17.672
-171.323
82.4249
-24.359
169.099
-144.74
50.4764
-18.2418
50.7527
-32.5109
-10.4222
-110.454
39.6768
236.119
-39.662
-52.0763
310.074
-257.998
152.77
147.35
-5.79106
3.16965
2.6214
10.2824
10.3795
10.3795
10.2806
10.4605
10.2797
18.1468
-238.784
220.637
-139.087
80.4806
36.9956
-250.704
213.709
-313.914
361.208
-47.2941
40.8269
-31.0874
-210.24
217.303
-7.0627
-65.3251
-15.7441
19.7044
-20.305
0.600558
-316.753
-134.089
3.92676
2.11029
8.6405
-10.7508
-163.217
-143.162
306.378
-125.919
66.1517
59.7669
31.9295
-30.4968
0.579471
122.415
-51.5504
-249.638
185.721
-265.597
302.139
-36.5424
56.399
157.372
168.548
2.82417
-171.373
20.5336
-425.314
404.78
353.593
-36.3838
-62.4875
-12.1849
-0.964475
30.5345
-4.88208
2.04201
-2.04201
-98.653
-141.12
-66.3701
69.9766
188.713
-182.777
12.7031
-240.462
222.873
-337.846
217.686
5.87393
-1.07637
7.9992
-10.443
2.44379
6.12012
-0.246198
21.3085
-164.126
142.817
174.463
-5.91406
-62.009
-246.046
161.118
-100.125
-9.72506
5.37913
-1.29622
-49.1451
13.5553
218.818
88.1892
-248.392
338.31
-89.9175
-52.0368
56.3675
-70.579
-101.351
171.93
223.734
-254.65
242.58
-113.227
-129.352
-16.5988
21.6834
-5.08457
67.4519
-154.657
-51.2904
-229.025
280.316
-3.48843
38.4416
-82.6875
44.2459
-16.299
2.926
1.75508
-26.5465
-9.53453
-1.67612
11.2106
-127.431
134.127
-6.69671
-34.4566
-17.0937
-173.245
-86.4824
247.601
258.136
-310.212
-21.308
140.517
-119.209
68.7346
-68.1743
-0.560307
-23.7526
-40.8958
-8.24932
-5.46859
24.2842
15.4654
-123.52
108.055
-31.6044
24.0757
294.247
-86.694
-207.553
63.06
70.9563
82.2668
-50.559
-255.163
-75.5212
330.684
-103.522
-213.124
-46.5623
65.2284
-18.6661
-79.0356
54.984
-11.13
-218.019
229.149
-48.4675
39.3596
9.1079
9.92946
-12.0051
2.07562
9.75747
-12.0315
2.27404
57.3393
-75.581
132.021
-295.238
-210.56
-40.1448
-246.437
108.244
138.193
-54.8154
183.233
-128.418
-90.1873
37.9769
236.08
-247.21
-0.471899
0.470567
0.469964
0.470487
0.470008
0.472752
107.71
-15.6895
-243.952
145.299
83.7006
85.2523
-168.953
-63.7213
-147.978
12.2799
280.779
204.194
-318.946
42.7768
-236.19
193.413
-251.318
-139.581
-43.9949
-25.4981
-82.1792
73.6274
8.55176
-338.089
147.053
191.036
-76.8466
250.575
-173.728
-15.1495
-222.155
-405.824
412.929
-7.10443
7.50427
14.1791
-242.906
-38.3384
281.244
40.3382
3.48783
240.703
-207.088
-33.6154
-45.1968
79.5858
-34.389
-335.204
86.8111
5.09372
17.9323
107.837
-30.3357
284.028
-193.891
49.895
-120.474
113.714
-347.218
233.503
26.3655
-294.247
267.881
-44.9907
-18.785
241.881
-146.533
113.211
33.3219
-278.991
36.0849
-94.8896
-22.5761
117.466
-4.44855
-4.45765
-4.44888
-4.34275
-4.46174
-4.46179
83.1471
-9.38306
-262.093
12.2997
-363.418
-213.653
216.477
60.552
333.862
-0.557606
-78.7929
294.88
-111.27
9.09363
102.176
-16.8046
-63.3565
-140.818
-122.755
-78.8871
-0.395459
130.394
99.313
52.0196
-10.3104
17.1296
-21.3521
4.22241
44.0083
-281.409
235.034
-310.555
-25.6177
29.5444
18.7269
9.92946
9.75747
-176.46
4.02274
172.437
-5.03712
-220.009
116.495
202.973
-342.9
139.926
-203.66
45.9396
22.795
-1.61409
-5.01525
0.342716
-209.184
142.724
66.4602
36.9111
-61.6834
24.7723
37.5088
4.09855
-41.6074
15.4842
-142.915
71.0517
-17.1308
59.0954
-62.9856
-251.637
363.309
-111.673
124.585
-240.497
115.913
213.519
-192.21
261.306
-153.062
-117.202
130.613
-13.4109
4.45433
2.83609
16.8683
-201.324
-56.4501
-62.1608
145.735
1.33343
-10.868
-114.114
-77.6796
191.794
16.358
307.116
-323.474
-33.9156
62.1798
97.159
-2.37039
-9.62497
9.50312
172.223
122.024
15.1999
2.39098
-17.5909
77.1275
-332.075
-136.79
-51.8388
188.629
179.837
-96.1364
-145.719
-96.447
242.166
-87.477
-84.6594
352.798
-292.071
-60.7272
44.1125
-67.0549
22.9424
-423.464
-49.6751
157.835
188.984
-138.19
-50.7937
-209.881
378.391
-270.674
326.905
-56.2305
202.309
-243.194
259.637
-297.757
38.1199
51.9106
41.2956
-176.275
-101.129
59.3344
41.7942
-223.398
294.498
-59.4642
-4.67672
-0.972281
-4.67666
-0.973095
-4.59597
-1.05712
-4.71261
-1.65981
-4.71228
-1.65828
-4.71089
-1.65978
-90.8062
-189.754
16.1236
139.101
-155.224
-0.229783
15.4297
46.0088
-9.99803
70.2865
-11.191
-8.26126
-50.4948
112.675
30.3941
-41.8379
11.4438
-207.966
-23.5941
-61.7655
-23.2069
-75.2042
-37.8795
113.084
-360.595
46.6819
-293.087
177.939
73.3452
-140.988
116.209
-109.335
-6.87404
41.6095
-246.547
204.938
66.6077
88.9342
90.9028
-130.653
-207.436
-7.9992
-13.5908
52.9503
-60.1594
-141.835
201.995
30.4603
-30.1176
-7.34412
33.7771
-26.433
178.279
-274.726
-49.9659
5.40603
44.5599
24.7971
26.7005
102.634
97.747
-200.381
139.588
72.0664
-27.4346
42.211
40.0558
-273.323
-45.2527
318.576
159.988
-246.471
218.274
-115.64
261.45
57.9778
123.447
94.827
67.0081
162.279
28.9576
273.182
35.455
-40.4826
-12.372
30.1688
-17.7968
-43.4086
-6.55734
-367.362
297.069
70.2928
-123.52
-122.237
158.434
3.99116
-145.943
141.952
-51.074
-12.5865
-109.932
200.835
-156.166
68.234
-14.009
9.28619
28.9383
31.4309
-60.3693
-45.6078
-229.915
275.523
-89.3212
-119.863
-25.183
-56.9961
58.257
-30.1688
-28.0882
-33.4121
-8.49729
41.9094
221.027
209.25
-203.367
238.809
-98.2898
-31.3689
-10.464
41.8329
-65.3318
-14.2364
176.069
-161.833
-45.3102
201.132
266.776
-305.114
-47.642
-0.173371
-188.964
48.9331
118.414
-228.347
-191.881
-57.7572
-237.191
-16.9035
-42.8652
253.339
-93.3512
-18.0089
-17.7141
297.47
-264.525
-109.092
-2.17743
-60.8457
-243.423
127.782
-17.4782
46.4165
168.089
-165.105
-2.98482
306.209
46.5892
17.8468
22.4735
-40.3203
256.447
-14.1829
71.5221
-12.9806
-208.823
-129.023
45.1913
11.3303
-43.646
303.283
47.1369
-92.3336
19.2125
-101.342
241.83
84.2123
-4.30179
36.8377
-6.44361
20.8169
-18.7066
28.286
-11.1563
-249.274
199.143
50.1313
-70.6215
-6.11594
-63.5533
147.24
-147.24
14.2119
-26.5839
39.8747
39.7111
71.3056
120.946
119.757
-130.41
-46.3895
-91.8225
91.3832
21.3917
-112.775
14.8166
-1.45333
-13.3633
12.8867
-50.1719
116.78
109.443
19.9405
-18.9718
-63.7157
1.31379
7.98616
-9.29995
-6.51933
28.4991
-21.9797
56.8587
-39.9838
-0.984054
32.9135
-47.8994
-12.5644
60.4638
-8.46412
-1.97886
-306.4
351.291
-44.8902
23.7193
442.661
-39.2408
-403.42
-49.2834
-14.0768
58.257
54.8074
-72.9506
-337.387
410.337
18.7765
23.7475
-70.3098
-26.1107
3.82776
22.2829
365.661
-280.226
-241.883
-70.7222
312.606
-219.779
216.91
-65.1004
-13.9351
-2.69364
-110.844
289.122
-38.8807
5.46886
57.1992
38.1595
168.388
-175.918
7.53006
-0.063528
-0.0686916
0.0722985
-0.068816
-0.207187
-0.0695811
-0.0693972
-166.117
-9.00128
-204.227
-9.42522
-97.3561
-11.736
-56.3967
331.4
207.212
-8.09279
37.7544
-41.3325
3.57818
25.1641
-183.133
157.969
-238.527
191.956
9.38907
-59.7474
147.489
-4.06651
-3.54711
-8.45797
-3.50863
-8.52288
-13.7778
-116.245
255.833
-0.621919
0.776835
0.721411
0.776452
0.725098
0.725178
0.776682
67.3629
296.718
-364.081
-6.84251
-72.8184
-95.4248
67.3606
0.492936
-232.543
105.517
-17.635
253.715
19.0728
-220.397
-4.53816
-22.8604
-66.803
1.47113
-212.387
280.01
-67.6223
185.747
-88.0001
-99.5243
48.9653
-11.2054
-308.229
376.196
-4.77287
-0.582459
-4.13872
-21.9719
55.7361
-116.582
-193.933
1.72238
89.0282
233.083
-287.373
54.2899
301.234
-280.7
186.403
2.31032
-72.3089
6.98379
-82.7224
-284.639
-123.461
11.8077
111.653
-216.886
252.285
-35.3991
-161.285
18.0574
301.03
-42.8939
-241.755
124.282
117.473
-263.609
-30.6376
-295.382
155.2
140.182
-294.173
-204.925
315.95
-111.024
-212.748
115.299
97.4495
-320.828
275.221
41.0977
-55.5669
-80.6663
136.233
-365.746
289.493
76.2534
-3.28319
70.3949
296.653
-44.6914
-251.962
3.08871
1.3696
-184.147
-57.7722
6.87052
-275.413
282.843
-7.42956
-2.93979
-32.4221
50.269
-3.20952
-64.9648
8.37825
-225.265
-203.364
139.643
53.582
129.532
-100.039
125.106
-25.0671
-122.083
-130.06
-71.5637
8.20711
24.6169
-235.177
134.91
107.67
101.922
-44.723
-241.527
68.2819
352.863
246.696
54.3338
-125.842
-56.5673
4.53044
-32.3053
34.6963
-142.967
-57.4141
-281.508
6.09431
-268.799
-10.379
-10.383
-10.3817
10.4013
-10.3788
-10.3784
-9.42239
4.26257
132.983
-179.372
-258.659
124.5
134.159
-126.957
56.8314
40.0454
2.99003
70.6374
-51.4899
298.186
333.419
-27.2102
-181.404
-102.909
-68.8708
116.008
64.538
5.4386
-102.378
49.0556
-5.93036
-16.7262
-18.445
-110.449
128.894
94.3733
272.643
-111.086
299.471
-31.5894
-22.9713
41.6997
-18.7284
-31.3686
7.87826
23.4903
116.473
-131.978
15.5057
97.4149
-135.294
-4.67031
-13.8141
0.48231
33.2948
218.806
-254.785
-10.5603
35.3325
377.923
-310.56
54.4956
128.737
142.2
-276.491
-33.7218
14.834
-32.506
1.49076
35.3901
-167.614
286.183
-118.569
59.0943
57.5048
58.7045
-164.421
144.552
307.46
-40.684
1.71323
51.6529
4.71457
-66.9239
253.491
-186.568
27.6629
108.055
-97.1778
-115.571
257.453
-318.472
-43.6642
90.1689
-120.505
-26.3514
15.7912
26.321
37.7908
258.862
94.5745
348.087
-343.553
124.414
22.9802
5.19909
-37.6725
-3.66005
-171.264
151.044
-127.901
-23.1428
-134.36
-13.7054
9.56663
43.5808
-61.4175
128.047
-68.713
263.494
-128.584
157.924
-116.062
-179.32
-12.6236
-51.1807
366.912
-406.153
100.336
-233.968
-40.8236
-178.955
52.7695
98.274
79.0087
-192.236
12.9921
-52.9891
160.974
79.341
-240.315
-67.552
84.4286
-107.635
21.2612
-300.043
-109.102
9.06261
53.2944
-24.5688
243.387
-389.703
-44.6732
3.35131
137.138
4.81395
289.549
-376.864
87.3155
20.359
-116.398
96.039
-386.336
321.38
170.949
82.3907
15.7927
-17.3882
1.59552
20.5516
73.1173
68.0914
117.656
50.6805
77.367
222.253
38.6259
16.7495
-55.3754
-203.303
13.2946
-9.28305
-111.619
178.097
-225.739
449.355
-473.07
22.8673
10.4013
-10.3817
-10.3788
-10.3784
-9.42239
-10.383
-10.379
241.451
-126.152
70.8583
-62.5728
-8.28557
-136.368
-207.185
83.0145
-100.145
254.601
-130.319
95.5631
-35.3963
309.034
-273.638
-74.5556
229.155
-154.599
-41.3649
-133.904
-109.519
-367.078
293.55
73.5284
-109.096
-114.9
-22.5138
137.413
-273.494
307.667
-34.1733
-161.476
-86.6594
72.4766
-17.5968
0.61166
1.86864
60.7614
25.2121
308.207
276.822
388.995
-308.286
-42.0364
350.322
68.6004
-81.581
-404.143
141.918
262.225
-407.457
197.576
-4.08088
26.5543
97.5381
27.5504
-33.4808
44.0328
-219.846
-123.053
275.878
6.96457
429.784
64.6308
-77.2544
79.6773
-92.2638
259.078
-1.19849
-257.88
-10.0845
4.99991
-4.58733
-1.89736
309.568
-76.4858
141.003
-104.968
63.2742
-75.8386
-409.16
286.98
-57.2495
340.93
-13.4949
0.554407
61.4943
-396.519
335.024
-76.2762
-64.0757
225.05
73.7042
-87.6394
76.1691
-87.3602
-213.687
139.132
190.269
122.295
-348.787
180.511
435.577
216.814
212.556
-228.185
15.6298
120.677
3.20828
3.19707
205.106
20.0638
-21.9387
69.157
-83.166
77.0601
-91.1368
-317.14
396.387
269.795
-105.133
-164.662
-352.43
-144.947
-113.712
-15.186
302.796
-287.61
54.8332
-0.835946
-53.9972
-16.6442
12.5634
-95.0063
-149.533
131.088
-257.018
192.943
-246.38
137.284
-136.681
195.254
-58.5732
-9.6013
1.30968
-28.8954
350.509
-44.097
-306.412
186.214
-209.681
251.987
-42.3061
76.306
43.0048
279.646
-81.6316
366.582
-248.573
-17.7193
-128.89
189.652
-118.597
-190.094
-45.0828
211.769
-297.1
85.3306
187.109
166.484
3.23089
-9.02195
65.2592
-232.873
-197.284
32.0661
165.218
-38.3632
-291.951
61.9384
5.66589
-0.00922854
198.184
-143.688
1.8441
309.037
-351.173
42.1366
89.58
-65.8325
-101.723
-39.3177
288.481
-12.6029
81.6131
-294.213
279.027
-86.0697
-323.755
81.8716
-7.82591
-12.479
-13.6198
-37.0953
-166.208
-300.583
302.796
-88.5881
85.3786
209.735
156.398
-58.2286
-99.4388
93.3228
5.14785
-75.6032
258.61
-121.326
-17.9689
72.9529
-105.41
187.024
-3.62328
62.8621
-180.802
117.94
34.8138
272.853
264.914
-263.584
212.294
-92.4569
74.4881
279.584
8.89747
90.2771
-94.5789
42.434
9.58561
10.2066
239.476
-274.872
115.979
-143.652
-9.62497
-70.5459
335.46
141.054
57.1304
147.557
-97.6616
-67.6165
213.953
138.91
52.1074
-186.011
32.5839
156.83
-56.767
-27.8953
-121.638
-267.121
272.154
-349.942
-28.2068
-355.346
316.983
141.89
-169.786
88.6467
-91.3403
111.972
29.031
-199.959
201.329
-15.4125
67.3623
451.676
-36.2661
-146.867
141.411
199.294
-195.271
-145.194
-206.997
-39.5505
-23.2488
-2.5493
-342.309
199.147
-27.071
304.31
-287.952
-105.865
-322.942
228.095
94.8477
-270.721
-43.2254
313.946
-43.2921
-313.003
374.497
-161.476
-225.784
80.8377
252.093
56.9409
87.9963
-88.3918
34.6988
-303.226
268.527
235.047
123.883
203.916
-106.442
95.9728
-0.492731
24.4467
265.102
321.173
-63.72
50.186
-13.0972
51.7232
-3.88851
180.49
-176.601
27.2977
86.9516
-85.4804
305.037
-347.803
42.7657
-1.62431
-4.8561
-1.58985
-4.89278
-1.9532
-3.82882
1.86716
3.88796
-1.95751
-3.82376
-1.61938
-4.85787
-0.783669
-3.77035
-1.62649
-4.86833
2.99529
3.64531
3.00559
3.64782
1.52987
5.02377
1.52918
5.02449
1.57844
5.0501
1.52946
5.02547
255.081
-99.8007
90.8267
67.2349
254.978
-289.68
34.7027
47.7117
37.7526
-85.4644
263.434
-148.862
-114.572
28.8534
306.784
-348.82
-267.628
302.442
-372.874
325.579
258.111
-140.847
-49.1445
189.992
35.655
275.163
-320.415
-53.5603
-54.5652
-111.435
135.154
127.94
67.3141
45.5584
-344.054
22.3866
268.529
-290.916
-127.231
142.736
38.5084
1.27983
-39.7883
86.1028
-85.6099
-50.7881
-35.1671
-271.347
325.843
-54.4963
-275.785
262.524
13.2612
-156.387
96.2276
20.8071
-281.849
261.042
139.03
-77.9002
134.732
-67.5406
-250.932
-312.365
235.879
134.746
-25.3028
-318.823
-249.212
-172.093
426.628
171.209
93.5408
-264.75
-220.93
211.504
214.012
-222.105
-199.529
201.839
-80.1911
86.3736
-83.1532
208.856
-213.394
-235.416
244.805
-310.786
240.241
16.9948
-112.537
95.5422
242.853
-242.853
-205.574
207.297
-182.835
-103.584
286.419
72.0441
-65.1736
54.5902
-34.3341
337.495
323.196
-48.0336
-261.013
-108.637
86.1276
-85.0383
107.804
155.63
278.713
-271.748
132.402
9.79779
339.009
-103.962
88.0364
-81.0526
-5.2656
-195.083
136.51
75.2521
-4.39379
41.622
-312.343
-311.808
244.268
-221.013
-411.48
361.805
86.1431
-80.7045
27.06
271.946
-299.006
-29.6723
6.85731
22.815
-0.991554
-122.469
361.551
-102.473
337.495
-283.069
248.735
269.613
-223.335
62.7627
-276.744
213.981
20.6068
-364.925
86.0934
-83.0047
-82.5523
87.9837
-119.452
-19.865
101.734
89.1837
-80.9766
-43.5937
-66.0763
-257.396
323.473
284.91
-329.433
265.713
-65.3083
199.519
-266.443
284.82
-350.896
-273.534
405.331
-131.797
275.294
-336.006
60.7119
270.001
-277.43
111.612
-111.612
70.1594
-65.4448
214.796
-62.7489
-152.047
-127.481
-25.9431
-255.906
295.589
-53.1876
-174.998
158.466
-62.9033
-287.61
-29.8736
-248.757
308.886
-316.149
284.56
-14.6293
-21.8719
272.554
-327.05
118.563
18.8502
69.7409
-65.2105
-52.0651
100.198
-57.0896
-43.1087
-116.008
400.828
-326.293
-72.8817
67.4693
5.41242
-249.826
-278.713
-92.107
-128.276
-75.0887
84.5282
-361.169
316.279
-177.753
-48.4529
-81.9573
343.751
-90.2516
-327.27
276.467
50.8027
246.666
-230.917
-15.5205
285.521
-46.7774
287.397
-80.9972
208.937
131.932
269.39
253.854
-82.6448
-45.1254
18.835
278.42
44.7765
266.803
-300.721
-312.396
268.731
-32.6733
58.2512
87.0441
142.11
28.992
-167.182
-297.705
267.831
-264.169
-192.848
-172.718
265.654
-265.654
-19.4762
368.502
-175.775
-192.728
192.837
-213.084
-325.173
277.139
360.146
-53.0299
197.142
171.361
-185.211
-177.807
-317.598
276.914
336.444
-316.271
282.55
119.865
17.3303
434.802
-45.8068
372.081
-347.635
171.999
-364.847
271.267
31.1749
-32.9321
-278.241
311.173
-248.471
400.465
308.144
-35.2907
-15.7146
141.342
-97.8984
377.545
-43.958
40.1718
-168.589
-57.2837
-117.666
117.666
-33.1986
304.465
-69.5481
-295.055
364.603
365.096
-212.259
-152.836
-0.218155
30.4808
-27.5383
-262.05
-311.944
279.012
-36.076
-255.173
274.246
-327.44
457.358
-44.4296
163.93
-74.9078
-138.936
-272.543
-285.064
221.51
297.367
-278.463
95.6261
158.228
-309.86
332.458
190.558
-170.532
277.007
-320.232
-31.1933
303.139
194.564
-71.5677
-330.557
287.663
-18.0591
-90.8594
-283.975
-22.4355
291.825
-319.383
236.752
-352.268
300.778
-218.322
218.322
-54.7157
-51.7561
30.3482
-17.4615
-16.1115
272.918
76.0438
24.1545
113.997
-85.1658
-16.9501
-48.7054
287.993
-249.873
-24.621
248.943
-216.05
-11.5146
108.221
-96.7059
185.263
121.115
-5.67468
-0.506733
-172.687
172.687
-38.0155
-285.917
323.933
64.4026
312.213
4.52874
29.9408
127.728
-150.304
-388.034
276.179
13.9291
-290.108
-24.1993
-113.235
258.534
-103.448
168.707
147.594
315.487
-39.1039
26.0067
-302.661
235.039
-13.9802
61.7475
-297.476
224.658
-242.891
-194.602
194.602
46.4434
112.023
-164.474
164.474
139.69
-139.69
183.746
144.903
-328.649
30.3802
-14.0912
181.882
-83.3349
-98.547
-197.48
281.718
33.6785
-315.397
274.945
42.6435
25.1226
261.651
-320.866
-30.313
-8.79089
16.3467
-0.554051
-202.53
-167.522
289.796
-327.811
25.883
-320.938
-18.7527
124.837
5.7766
-18.4823
286.82
-5.10177
31.9228
332.68
124.355
-115.261
138.366
-149.366
11
273.272
217.612
-150.377
-20.468
251.119
-164.075
-194.029
-177.313
-162.037
255.578
261.968
-154.164
35.6042
-161.236
-94.5442
285.977
33.0867
-319.063
-242.669
307.772
-31.5932
39.6363
-169.697
-79.7697
-323.508
37.5905
-40.8153
317.822
-400.01
-146.373
120.267
138.343
273.154
-6.10595
323.687
-45.2673
315.298
-5.49606
-309.802
-271.748
-107.191
266.566
-159.375
7.90565
7.91685
388.718
-382.198
106.023
235.478
-341.501
9.1512
-188.641
179.49
-309.879
274.589
272.459
-306.632
-3.67928
-30.7826
34.4619
267.93
-215.101
215.101
-185.451
-314.38
223.943
311.563
-275.779
-35.7836
-16.0947
-149.21
-15.2645
292.685
12.125
-304.81
-275.456
327.333
-50.1945
121.441
-132.955
-122.639
-116.99
302.253
265.01
-308.968
10.1105
153.85
169.472
-389.128
219.657
-37.5313
-242.891
-157.81
341.556
48.2639
324.351
-119.245
242.627
-332.544
190.696
-150.524
-6.38575
-102.95
-302.564
266.021
275.294
16.5312
-338.469
240.179
-31.8136
-283.583
42.2803
-56.1336
13.8533
-242.669
210.764
-153.634
23.9633
-18.4944
259.44
-292.113
347.22
-329.942
218.917
-14.2429
13.0951
-43.4081
-14.6314
-185.451
237.246
-284.023
-31.7908
306.736
-196.259
192.371
-149.21
-0.639388
-25.7121
101.472
244.508
-288.102
24.2967
-289.732
-38.079
282.872
-256.053
27.6441
283.919
25.8256
195.202
-37.4206
-337.863
306.05
-287.692
67.5467
220.145
229.527
-280.315
-160.427
-278.858
18.5335
106.303
287.188
-327.264
-317.064
134.23
-292.687
317.899
-223.635
95.3598
310.032
-35.4433
196.829
-269.597
72.7676
-0.665416
-321.662
-266.945
140.793
-280.047
-39.0165
316.603
221.639
-276.204
103.904
282.066
-9.16166
-266.881
213.694
4.49212
-63.9046
-16.2296
-27.3603
300.514
-13.1188
247.617
100.731
-48.3448
330.411
-293.534
182.448
292.086
-346.802
37.7755
-341.032
-25.3663
141.345
-276.525
314.301
-43.1236
270.586
-386.594
112.402
-5.65271
-42.9468
194.138
-283.259
-5.93221
-1.25002
-294.765
16.4915
278.274
-352.721
148.163
-2.4344
213.938
-306.033
92.0947
-282.64
-202.474
-10.1518
8.52746
-10.1059
8.51605
-11.5216
9.56844
-8.62259
-8.52746
-8.51605
-10.1522
8.53285
-11.5281
9.57063
-8.53285
-8.62236
-11.5023
10.7186
-9.63512
-10.1494
8.52288
-8.61991
-289.576
171.007
-283.465
154.881
-298.642
16.0024
204.592
-336.705
132.113
-301.711
258.587
-254.534
214.984
238.164
-272.887
147.045
-18.4677
89.0817
-23.3484
314.464
-115.317
187.726
-253.034
-39.3271
-25.3707
19.1175
-268.99
-278.392
159.516
118.876
27.4269
-16.8914
-10.5355
-47.6053
168.036
-254.106
277.165
-50.856
-3.34398
23.529
95.151
176.471
62.5284
-358.245
295.716
199.569
-59.9262
18.8104
-27.6013
335.956
107.32
217.03
-54.4959
166.523
-226.795
60.2727
-1.44023
-47.0693
-49.6479
5.40876
71.2388
-369.805
-6.98465
6.98465
-39.4371
22.5335
123.781
-372.994
185.145
235.688
-420.833
-281.628
151.309
0.622402
-141.867
-95.3032
237.17
173.342
-266.693
122.666
-377.317
243.617
-294.473
1.79987
-1.16741
62.1912
228.046
-122.749
78.0265
60.3869
134.034
-141.712
7.67809
-58.6768
0.763667
120.666
183.709
197.466
-355.277
-45.5925
-287.108
-40.1558
-223.999
-13.672
0.308727
-139.902
131.173
8.72908
51.4645
165.628
-217.092
2.97443
237.215
3.2207
-326.124
2.9981
-311.296
328.637
-70.0517
-62.5102
112.191
82.1727
16.9357
-99.1084
-273.353
-47.5849
297.397
-215.297
-82.1003
152.287
-133.437
5.0905
9.31264
-9.31264
43.1198
212.527
-254.833
-161.212
299.404
4.98581
-153.021
-8.81234
5.38887
6.63142
-178.564
290.965
4.97907
115.34
-66.2846
-67.9289
-272.047
166.914
168.68
-270.023
-75.459
-43.2527
-3.9821
198.165
-243.248
-328.061
-68.2384
-238.306
306.545
-102.991
62.4875
-266.936
107.561
287.158
-112.191
-5.47517
-269.946
344.665
-74.719
76.4693
-6.91745
-7.88445
7.88445
4.29608
-23.9121
-3.73512
-13.2491
79.0755
-243.15
-72.4815
7.271
229.071
-287.748
156.187
-269.422
47.0075
-19.6802
-6.09707
40.146
101.196
-315.626
275.47
2.71439
-29.1474
-166.155
362.928
-196.773
253.43
44.6353
-48.8666
-335.091
286.386
-92.365
186.384
-371.595
-6.79328
6.79328
-48.0672
38.7008
-95.5329
-31.7114
-17.6463
7.09384
-7.09384
-20.9763
-31.9381
-171.785
94.0746
-9.51945
309.137
-35.8647
149.158
-268.609
-0.225655
111.756
263.24
-3.11893
3.11893
-248.978
311.506
261.626
-331.677
-135.752
144.815
-84.9983
-114.065
354.187
-240.122
75.6127
-73.7534
76.6276
-231.227
14.9943
-176.471
-165.39
-260.676
-97.5689
289.45
222.312
-394.405
291.995
255.622
-176.546
-8.01863
8.01863
-228.801
53.803
-80.7635
-28.4679
65.5173
-141.794
-397.308
148.546
-262.258
-130.162
61.4486
-124.335
344.208
-235.417
-108.791
146.15
-135.944
16.329
-138.026
-278.425
271.321
7.91747
-7.91747
-29.901
-159.988
-53.6168
-267.249
15.5607
-149.069
71.1687
-3.49977
3.49977
-126.731
-197.924
324.654
-58.8816
-167.914
141.092
-236.625
-244.852
-300.42
219.657
348.199
-128.542
-5.07988
5.07988
205.4
9.3955
-48.0072
-0.72255
2.97242
-2.97242
18.3285
4.42194
-4.42194
-170.841
315.744
174.348
106.431
137.016
15.2719
439.617
218.108
-344.839
-170.434
94.1272
-262.468
338.721
332.291
-62.8111
-28.4075
7.71044
-7.71044
-106.087
369.482
204.42
-157.412
220.145
-139.654
357.762
-5.36494
-242.294
35.576
197.474
-313.521
259.904
50.7862
269.223
-312.17
275.717
-292.458
16.5958
289.431
-29.4258
-221.253
250.679
-41.1924
-3.84144
3.84144
52.7021
-219.63
-259.312
140.715
225.313
3.99551
-3.99551
388.227
-189.085
-199.141
-35.7265
17.9408
17.7857
270.871
-169.398
258.479
4.92301
-4.92301
-51.6607
216.414
-46.0287
-171.064
-8.98763
0.961329
-64.6051
274.82
-4.33903
4.33903
2.3045
-151.514
-195.181
346.695
216.428
-195.732
318.399
377.044
-160.616
115.861
172.422
-288.282
-3.01255
3.01255
-46.1917
-4.74048
4.74048
-268.018
146.692
-42.0073
3.71711
-3.71711
38.7984
-189.322
-4.0303
4.0303
81.438
40.8977
86.1967
-81.7045
-234.13
-107.371
-3.73031
3.73031
-211.125
4.31125
-4.31125
4.27408
143.283
280.868
-113.954
-230.7
-16.9514
-18.7751
-31.5738
4.58513
-4.58513
-317.216
5.17197
-5.17197
-197.232
-86.9321
5.39169
-5.39169
-71.6151
-245.601
5.30553
-5.30553
-102.763
187.902
114.351
267.066
-285.196
-237.387
-30.5344
-283.995
387.62
-103.625
-4.80903
4.80903
-340.41
301.082
-319.028
184.939
4.20363
-4.20363
-25.1407
-127.915
-148.129
-120.264
5.45899
-5.45899
15.1987
-224.633
348.414
-184.125
-177.984
-11.7096
4.50666
-4.50666
-4.73644
4.73644
219.63
-3.64922
3.64922
203.441
-164.643
10.231
-137.462
-133.122
-16.846
59.7513
-42.9053
-5.53467
5.53467
1.02915
-2.64324
86.2241
-48.4679
-252.253
9.18107
-9.18107
283.645
3.21659
-3.21659
-135.67
406.256
-216.723
374.538
-157.815
120.064
-275.473
155.409
11.5834
-123.203
6.794
-6.794
-0.0578937
3.91421
-3.91421
-110.728
298.63
-23.327
-9.76428
33.0912
167.17
-25.2801
53.3282
290.823
-45.1374
155.756
-215.682
220.639
286.773
92.3675
-17.8794
4.85843
-4.85843
-65.9086
-114.068
334.707
-134.483
257.673
-123.191
-174.051
-75.9658
-23.6412
24.921
116.02
-131.476
62.1298
-300.436
9.57202
298.635
-3.42927
3.42927
8.84893
-8.84893
140.896
-33.779
-139.238
-16.9815
148.07
4.77411
-4.77411
-2.09137
-11.5807
-4.60908
4.60908
261.559
-242.441
104.792
-125.928
21.1361
9.33369
-9.33369
161.7
-83.7235
282.787
-243.518
-39.2688
277.201
-391.267
-67.8591
14.2988
-1.94636
155.138
-230.227
-126.634
-229.515
337.961
-108.446
-5.86749
-89.7223
0.121242
-16.7655
-208.245
209.877
-1.63148
-30.6021
76.5416
5.78696
-5.78696
3.46781
-3.46781
282.275
40.8832
9.39843
-9.39843
-121.994
105.061
-19.6824
-4.5795
218.869
-158.482
76.0438
5.22197
-5.22197
131.371
-26.5785
-153.697
12.4627
141.234
7.53496
-7.53496
12.713
-3.80934
3.80934
-31.3676
-5.51329
5.51329
-80.8321
14.9996
-5.68948
5.68948
136.287
321.072
-134.583
12.44
-107.446
8.42831
-8.42831
246.816
18.5653
-22.2446
-279.597
-70.821
350.418
13.7499
-93.941
72.0181
-294.442
7.20472
-7.20472
178.105
214.171
-276.681
-70.5729
89.6554
-19.0826
167.418
-263.231
368.664
-105.433
-73.5769
-122.316
6.58906
-6.58906
-127.38
-165.35
84.353
34.2063
-173.796
139.589
-30.5574
12.1313
18.4261
-57.0896
294.843
138.098
-299.31
200.244
-7.87289
190.036
-342.872
-300.288
-243.82
149.275
-178.007
-10.6337
-7.12238
7.12238
8.87095
-122.706
113.725
8.98098
-212.814
41.7506
-9.71064
9.71064
-123.915
-12.936
-43.1976
255.006
-255.006
-32.3493
-11.0588
-105.999
-273.387
6.66971
-6.66971
344.637
-30.9855
-23.006
1.61224
-214.696
4.72805
-4.72805
-181.413
-49.5045
-335.235
67.5621
-130.06
4.74405
-4.74405
36.7184
278.633
424.34
-188.652
-8.26126
266.623
9.93217
-6.7751
-13.5391
20.3142
172.819
233.432
-307.185
343.878
-124.96
181.439
-256.898
-150.238
60.5442
178.313
-238.857
-262.913
220.906
-328.463
-48.8501
-214.063
-37.4638
-100.888
57.9316
74.4956
-78.8894
251.357
-36.3736
266.346
-314.814
-266.813
-7.53419
-322.756
272.431
-201.831
-53.0022
247.096
98.1812
9.21478
-107.396
-75.5714
111.038
-15.0655
146.586
272.017
-131.224
-53.1599
56.2939
57.1115
-76.1495
136.795
4.84548
127.996
-132.842
49.438
176.095
-360.22
285.481
-134.172
7.90667
-7.90667
-127.303
10.9782
-10.9782
233.425
-1.00146
10.8632
113.492
-22.7297
6.89499
-6.89499
-1.23012
19.7954
-106.96
-67.0045
-126.354
130.617
266.815
6.45443
-6.45443
300.089
-129.081
26.0206
-233.574
-63.4955
-185.388
17.2181
9.57063
-9.63512
10.7186
-8.45797
-8.62236
-8.61991
9.56844
9.40724
-9.40724
9.40334
-9.40334
-8.62259
9.40641
-9.40641
152.914
5.89641
0.365037
-121.94
-17.7502
-30.1021
5.22005
-122.163
-11.1904
-115.806
-108.612
-202.968
-161.847
-67.4776
302.516
-73.5226
78.935
263.514
36.0076
-46.7178
-143.466
201.856
60.5132
246.94
-307.453
-125.878
52.3871
-62.2475
9.86036
162.918
216.118
-20.9166
420.811
-119.577
121.94
-68.4205
9.79597
-153.262
-204.059
205.859
-30.1044
235.042
120.093
-160.63
40.5366
-7.26728
7.26728
68.1284
-303.546
269.561
-122.869
-83.5516
-161.333
155.432
-282.735
-80.3449
-197.742
197.742
25.9494
137.896
-4.65287
4.65287
-162.66
-67.5669
-173.247
182.118
-54.0058
-326.141
294.43
124.912
174.492
86.6675
-105.15
7.19101
-7.19101
-351.098
-83.882
4.35628
-4.35628
-265.956
-359.941
355.155
78.2763
82.3083
-100.367
137.031
-334.955
-202.048
199.613
-293.633
162.157
-110.763
-138.752
150.189
0.550314
144.637
-154.468
222.352
12.9557
168.167
-181.123
325.301
114.316
-198.983
-78.8962
157.567
104.813
280.344
-95.3315
100.72
-213.359
283.115
-41.7567
-0.137735
204.592
-217.841
0.560516
164.604
-299.188
-60.3918
71.2606
-10.8688
-77.1424
71.0026
-137.287
-179.748
-237.999
-424.546
-96.2719
99.27
-308.183
-128.859
-12.853
-144.403
-184.246
-154.626
148.759
214.126
181.753
-109.687
0.313673
-5.57927
0.241184
-5.51306
-90.7515
-12.7203
103.472
-241.744
221.118
0.0976549
-45.8468
-66.5333
-94.0117
-18.2721
112.284
-36.2983
5.51572
-144.244
99.1181
88.8184
-93.6963
-83.7861
82.3458
-1.06274
-16.9863
18.0491
0.191719
209.685
-140.409
305.013
2.23984
-99.1047
99.8684
-78.9415
-103.729
97.7965
-0.543859
255.492
-167.167
-137.509
-145.646
-129.828
1.12347
-102.958
153.063
-148.217
138.859
135.866
-331.047
-1.31506
189.565
-69.4711
-132.952
52.6069
-4.00325
173.454
-111.891
-154.696
17.1863
-110.709
2.40491
0.982961
121.569
-134.687
324.874
-250.24
-74.6342
74.4589
23.5366
-301.699
179.704
-113.098
-19.8568
10.2169
0.580933
-0.299988
-110.434
-0.387084
315.895
-47.3676
-11.475
0.0847188
-0.676802
10.1856
71.0013
-81.1869
-314.834
-120.215
99.747
54.5831
-119.251
185.511
-315.571
121.814
0.0705077
-116.174
-19.2105
135.384
215.835
-247.773
96.7954
22.2147
87.2361
-263.327
-87.569
-197.545
-215.422
97.101
-377.537
280.436
308.132
-247.619
78.6939
-281.647
-104.947
-282.673
423.989
-139.303
324.814
20.2241
0.972952
68.3678
343.917
157.476
0.81569
12.1207
-12.9364
59.6957
-316.148
-214.99
47.076
-0.0843247
-178.441
-207.119
287.431
-252.481
-43.9624
239.705
0.273666
-207.392
-169.925
-2.50591
-188.885
0.612887
0.802101
-305.927
260.335
0.212681
-39.5814
-157.058
-234.261
-138.733
77.338
-306.853
177.422
47.6282
7.8881
86.1865
-2.04923
-79.6615
-235.805
-158.6
267.211
121.926
-284.546
-0.176187
0.46751
35.4501
-45.2144
5.47706
-25.632
-235.433
-30.5226
-87.9072
158.91
-375.986
-319.328
229.606
-0.309733
-46.3104
282.041
-266.142
37.4839
-281.002
0.0806564
-359.221
3.04092
240.927
-369.216
-174.553
-144.436
-14.2524
-162.349
-177.726
-90.4814
203.514
-204.179
0.775789
-265.316
-11.6819
125.407
-171.242
-23.9212
-334.507
242.142
-0.0437876
91.3894
-215.413
-44.6927
139.38
-14.8032
156.038
-124.527
-1.40101
112.57
-6.81527
-265.702
229.329
228.272
-443.146
238.745
-13.5873
-44.7963
-168.255
158.736
-24.922
-187.892
0.142914
-3.61703
-6.84913
6.84913
110.311
203.452
47.5997
63.0869
294.575
4.9999
0.663644
-224.343
222.711
-112.643
18.9467
-114.686
-0.715664
3.78724
17.7968
-24.3044
-11.8855
36.1899
-2.72664
21.537
-28.8406
-45.2853
0.372292
-20.7282
-6.87303
-15.5883
-15.0185
5.47706
90.7551
-109.508
-388.844
280.398
-4.82715
-229.586
17.0514
86.1372
-102.249
22.8403
-147.367
-93.1307
98.1097
13.0366
-91.9781
-1.27624
-284.682
68.9776
215.704
-2.23338
-99.7288
104.819
8.30349
24.7877
-8.55022
-93.8542
79.874
-58.7825
-2.11188
60.8944
-47.908
-14.3395
0.799133
23.2765
114.546
-112.833
-96.3691
99.3436
65.9041
-61.608
17.1647
-17.3409
208.062
-29.8756
-27.0615
98.928
-98.3056
39.6062
21.3078
-21.2271
-20.735
20.4253
-0.545748
58.895
18.2738
-101.181
97.8368
110.984
-0.960798
-31.787
-233.79
232.592
-160.163
65.0455
-251.613
16.6971
11.8433
-93.5808
331.234
-39.271
-4.56592
4.55072
-128.221
-114.857
105.695
61.4301
-167.496
14.515
-57.4203
54.7064
-237.365
18.5929
203.759
-142.942
243.211
-288.008
63.809
-218.565
302.774
238.81
-283.948
46.3676
-36.5072
-161.344
177.322
-61.317
87.8941
117.174
-155.929
1.30292
47.2934
-170.038
76.6342
-92.7289
235.532
-12.6597
-168.782
-47.689
125.715
-57.5743
178.203
-227.707
115.554
-179.73
224.365
356.049
-3.62328
-23.3759
-129.815
105.194
256.371
-16.7958
16.7958
270.292
-17.3257
18.1278
111.236
-114.63
3.88461
-49.2697
286.484
-75.4642
15.0723
-126.727
162.331
-27.8267
71.6436
52.2888
-5.17602
275.564
15.5779
2.77825
224.559
196.252
-175.585
8.31699
217.775
-121.071
8.5474
3.16965
-72.4048
25.0006
-67.3287
-100.926
2.90087
12.4641
-82.3323
9.29465
73.0377
-2.66292
2.66292
-1.58655
1.58655
175.869
1.24882
-1.24882
1.67009
-1.67009
1.07437
-1.07437
1.9437
-1.9437
-1.82583
1.82583
-1.49306
1.49306
-1.83343
1.83343
-1.82589
1.82589
-1.66726
1.66726
-1.57301
1.57301
1.64774
-1.64774
1.85061
-1.85061
-1.49164
1.49164
-1.84484
1.84484
-1.68753
1.68753
-1.84334
1.84334
1.83565
-1.83565
1.66754
-1.66754
1.71126
-1.71126
-1.71942
1.71942
1.81419
-1.81419
1.66869
-1.66869
-1.57091
1.57091
1.64847
-1.64847
1.64984
-1.64984
-1.24238
1.24238
1.85026
-1.85026
-1.07358
1.07358
1.67406
-1.67406
1.64999
-1.64999
-1.06601
1.06601
-1.34035
1.34035
1.63017
-1.63017
1.71428
-1.71428
-1.71939
1.71939
1.84293
-1.84293
1.78736
-1.78736
-1.80298
1.80298
1.07416
-1.07416
1.06218
-1.06218
-1.8512
1.8512
1.95293
-1.95293
-1.26789
1.26789
-1.24893
1.24893
-1.70783
1.70783
-1.06219
1.06219
1.61496
-1.61496
-1.80336
1.80336
2.9802
-2.9802
1.06569
-1.06569
-1.78711
1.78711
1.64198
-1.64198
-1.7076
1.7076
1.63902
-1.63902
1.80258
-1.80258
1.23759
-1.23759
-1.90087
1.90087
1.86864
-1.78729
1.78729
1.63891
-1.63891
1.23851
-1.23851
-1.3348
1.3348
1.66146
-1.66146
1.23787
-1.23787
-1.45329
1.45329
10.6387
5.17602
-64.2512
-124.314
78.5907
-18.895
98.9787
-334.412
0.238874
-6.1828
-16.0541
30.0683
-68.0651
14.0593
-66.5934
-100.067
166.661
1.56272
-266.021
224.828
3.03623
-165.192
-5.89193
-88.5616
2.15813
154.553
269.098
-314.905
-17.4386
-155.056
-113.44
-246.78
-77.576
-17.0605
-4.62939
4.01864
-144.471
56.3288
4.56558
-36.2478
-9.03754
78.9146
326.424
30.348
8.35286
-2.01109
-158.211
-36.6884
84.6852
1.5694
234.865
18.3696
287.155
-133.514
-170.586
165.817
-222.267
-104.837
206.069
2.01109
-242.404
329.64
265.194
-56.5599
128.894
9.02291
-39.7223
30.6994
156.815
-44.0726
7.77424
-3.91464
303.421
-2.50801
0.995998
-190.553
206.183
261.604
79.5543
-60.6905
-21.0791
176.203
-252.169
315.548
-73.4052
-165.674
-211.191
309.825
-3.03623
-1.32006
-66.5084
-146.941
212.635
-318.634
45.1109
-354.077
-15.5951
5.24738
10.3477
220.462
-15.8703
70.6401
64.0915
33.0571
45.46
-2.15813
-99.6064
209.744
249.602
-177.598
306.273
-35.9803
237.121
14.763
215.243
36.9563
1.30133
2.50801
-12.9296
-161.698
8.43588
75.332
0.85568
373.445
-103.137
72.196
-160.196
-5.40479
-127.437
-50.9758
14.728
-253.069
114.318
247.144
55.3279
-25.9588
-164.513
126.03
202.455
120.201
-130.31
-8.46412
-185.52
45.1883
20.2931
25.2783
-45.5715
-270.681
27.4874
-18.076
-15.9922
-138.724
-59.1191
-76.7917
-239.607
-10.6531
-77.6406
-29.2912
11.0326
-248.398
-238.245
287.615
21.5122
25.4028
-6.97668
-11.8806
127.933
213.545
-22.7247
-100.175
11.4003
-0.528793
210.58
-210.051
27.9812
-5.44769
18.2594
-9.37431
77.81
-126.955
25.2671
-8.65159
79.6153
-123.795
120.801
137.731
129.895
-1.22345
18.7269
5.40007
43.4008
-130.351
82.6623
280.679
25.5935
-7.77903
-270.009
116.947
-99.0675
83.3779
-126.638
-166.53
-150.145
23.8191
-67.0168
-14.9822
22.8485
18.3336
0.400541
7.29288
-73.8262
1.0365
118.112
-117.873
-13.4327
20.8266
-75.1714
43.9996
105.897
-21.281
-3.69024
62.4958
-171.826
1.76164
-235.747
26.1438
22.7192
114.281
-194.839
-129.875
-146.97
89.556
-145.182
75.4549
206.009
88.2517
-143.437
7.67329
13.6406
-13.4977
101.873
-152.667
-284.883
-3.34437
133.961
272.358
129.931
-81.3594
-75.8014
-1.84426
1.84426
79.613
-309.528
-130.329
112.868
8.69973
-36.1343
0.711006
265.11
-5.99134
209.156
-14.5195
225.1
-226.596
236.528
26.6358
-72.8793
-1.22345
-4.18798
19.278
-120.393
153.108
-35.5677
4.57154
19.1683
-170.61
116.856
-4.38718
-12.9538
7.09655
-55.0093
-223.933
10.7862
-4.48863
-18.2361
35.574
12.1373
-127.408
-20.0814
6.46159
-16.1635
-126.754
-204.59
-13.9747
-115.493
-1.88416
117.377
12.6801
319.534
82.4895
24.3633
-196.956
-145.917
-45.4455
-156.79
-118.677
-243.469
-162.681
140.264
120.425
-2.31265
215.234
-89.3724
1.9727
289.473
267.795
-205.299
-46.2565
-55.4004
116.255
37.3245
-66.3309
273.52
-11.0724
11.736
190.442
23.1025
25.4243
10.294
0.178449
0.181001
-0.165898
-0.157138
-0.168388
-0.157315
0.0419547
0.295375
-0.117611
211.577
27.7949
-24.606
-211.967
284.945
-119.765
334.999
1.51716
-17.5094
-10.3112
-37.5165
51.6774
28.0628
239.064
-34.8915
-9.13598
-117.442
92.5223
12.4267
-221.197
-85.6565
-166.732
119.757
-170.508
75.0145
-3.50365
-3.23902
1.24186
-124.575
-10.2521
-8.9233
10.343
5.08668
-3.74475
-0.923777
-29.8178
10.4277
-34.6253
-6.36272
-135.435
-0.923777
-152.294
-75.4135
165.087
7.98735
17.0123
-17.728
73.7769
-369.336
-43.4562
27.2266
10.0612
104.989
-289.145
-91.6284
94.4066
285.498
111.574
237.467
0.920487
10.4991
-0.935947
-3.68236
-13.827
3.89923
19.0368
106.433
5.14078
-118.036
10.3039
22.3048
12.2309
-8.3317
-4.59077
255.694
-8.90775
-157.082
)
;

boundaryField
{
    frontAndBack
    {
        type            empty;
        value           nonuniform 0();
    }
    bottom
    {
        type            calculated;
        value           uniform 0;
    }
    inlet
    {
        type            calculated;
        value           uniform -2000;
    }
    top
    {
        type            calculated;
        value           uniform 0;
    }
    outlet
    {
        type            calculated;
        value           nonuniform List<scalar> 
14
(
1999.99
1999.99
1999.98
1999.98
2000
1999.98
2000.01
2000.02
2000.02
2000.02
1999.98
2000.01
2000.02
2000
)
;
    }
    car
    {
        type            calculated;
        value           uniform 0;
    }
}


// ************************************************************************* //
