/*--------------------------------*- C++ -*----------------------------------*\
  =========                 |
  \\      /  F ield         | OpenFOAM: The Open Source CFD Toolbox
   \\    /   O peration     | Website:  https://openfoam.org
    \\  /    A nd           | Version:  7
     \\/     M anipulation  |
\*---------------------------------------------------------------------------*/
FoamFile
{
    version     2.0;
    format      ascii;
    class       surfaceScalarField;
    location    "38";
    object      phi;
}
// * * * * * * * * * * * * * * * * * * * * * * * * * * * * * * * * * * * * * //

dimensions      [0 3 -1 0 0 0 0];

internalField   nonuniform List<scalar> 
11265
(
134.995
-529.982
394.987
-769.611
11.3015
758.31
433.436
-370.783
-62.6528
673.603
251.005
-924.607
1510.6
-1069.42
-441.181
1216.27
-1527.11
310.842
-18.0275
464.876
-446.849
168.994
-841.48
672.485
962.013
-1610.77
648.754
-1770.95
1677.9
93.0493
-542.947
1759.22
-1141.49
1935.25
-793.765
606.701
181.284
-787.985
-26.0136
-1319.2
1345.22
222.6
-1993.55
1022.64
-383.895
-638.746
-217.156
352.151
484.133
190.614
-674.747
1154.67
-1314.38
159.709
-311.842
374.086
-62.2437
1005.72
-1324.15
318.437
1221.63
799.759
-2021.39
75.0512
-1646.59
1571.54
-503.913
-1153.39
1657.31
474.744
181.965
-656.708
-180.188
-349.794
497.796
1012.8
1654.22
-1814.09
159.871
-99.3162
-1687.96
1787.27
-1559.61
654.623
904.983
-309.255
652.847
-343.592
-189.887
-116.794
306.681
1289.85
-1214.8
355.287
-1407.31
1052.02
-1754.27
1754.27
101.539
1539.66
-1641.2
-1081.83
-477.78
656.851
-674.879
-386.264
941.788
-555.524
1331.81
-1317.21
-14.6015
-1100.27
714.009
624.569
398.071
-390.415
-31.0827
421.498
-485.915
780.562
-294.647
-1618.4
1618.4
1253.55
-1437.86
184.308
-488.959
1710.59
1254.09
-312.299
1660.72
-1161.22
-499.501
72.1634
-384.005
2066.61
-1136.08
-930.532
1821.33
-167.11
453.329
156.08
-609.409
-465.67
973.683
-508.013
-1176.71
1278.25
-567.353
970.096
-402.742
398.728
755.942
660.869
-491.875
-437.677
592.246
-154.57
1190.61
-835.32
2308.22
-1080.69
-1227.53
1164.26
-2010.39
846.134
-1609.18
1583.17
440.582
-1582.07
-758.888
1250.47
-491.586
-671.569
362.315
1661.44
-699.425
-1106.93
-870.899
1977.83
735.332
-379.495
-355.837
690.208
563.879
-258.214
1511.77
108.811
-314.856
206.045
-284.736
759.48
-333.883
562.725
-228.842
-324.428
808.56
-318.583
-145.357
463.94
314.38
119.055
1468
-462.288
-999.795
480.403
519.392
273.066
92.6032
-365.669
948.092
-341.392
-1707.24
619.498
1087.74
14.688
-864.043
849.355
-278.474
592.842
-314.368
157.908
-1093.89
935.986
1051.01
-1066.62
15.604
373.081
517.732
-890.814
-245.3
698.629
-1103.26
-482.451
1585.71
-677.385
950.154
-272.769
1351.91
-1451.23
-635.933
237.48
398.453
-470.203
-1011.51
1481.71
-537.359
-795.498
1332.86
575.624
-995.647
420.023
-263.795
-315.61
579.406
403.694
-294.883
-1040.36
574.691
955.516
-797.608
-110.376
943.786
-833.409
-206.769
414.741
-207.972
-651.924
-347.871
-386.731
962.356
1856.36
-1856.36
-514.141
-121.792
-950.136
1578.18
-628.044
451.178
-885.702
434.524
-922.835
355.482
-941.905
-1058.08
-1493.86
340.297
1153.56
-266.978
940.581
-319.689
613.804
-294.114
-1941.9
999.994
-1146.93
-346.931
571.683
-1521.82
1728.52
-1725.85
-2.67141
186.231
-587.211
400.98
-1475.66
980.835
494.823
282.647
216.627
-499.274
307.803
-641.686
238.804
-413.908
175.104
2019.22
-869.241
-1149.98
-538.323
147.908
615.09
838.51
-1453.6
-183.505
422.309
431.556
876.337
-1307.89
-905.463
390.82
514.643
-1048.87
1447.59
-1068.47
309.585
749.234
-96.3874
547.873
-340.259
-207.614
1023.1
-542.693
593.41
-1403.74
810.329
-1342.17
238.905
-543.966
265.492
-1205.63
938.647
1943.59
-990.177
-953.41
276.799
1579.56
-2097.46
897.1
1200.36
360.854
-32.0264
-328.828
-223.343
480.385
-257.041
-104.474
-381.657
486.131
-463.492
144.909
339.382
-132.751
583.928
421.421
377.607
-799.027
-2045.3
1129.55
915.753
461.099
-528.993
67.8945
219.943
-361.02
141.076
996.075
1023.15
1793.57
-253.913
722.972
-485.493
796.02
-1389.29
593.266
350.651
384.68
1062.42
-1047.73
-479.474
-275.993
755.466
473.846
-133.078
-340.768
796.212
-614.928
532.872
-734.854
201.982
503.332
1157.39
-1240.05
702.695
1030.52
-1534.44
-3.12196
-1439.43
1442.55
326.651
823.468
-1150.12
622.488
269.928
-892.415
-2271.38
1158.61
1112.77
-1101.7
-1169.69
160.628
372.245
958.889
-632.238
878.515
-898.288
19.7729
-2099.39
992.458
-222.407
-188.167
410.574
-41.9287
1770.45
-830.583
60.9716
-1030.28
-1067.18
-228.664
448.607
-674.939
160.799
-287.636
-455.064
742.7
1103.98
-1574.18
782.735
-1374.31
591.574
709.007
-458.003
1947.84
-1444.51
-378.283
-1375.99
50.3452
414.531
-524.943
536.245
20.036
-572.473
552.437
568.102
-285.455
-601.929
277.593
324.336
780.377
-358.956
34.2021
326.652
1188.47
-1191.59
172.501
231.193
428.264
-715.901
618.908
-1005.64
-2026.75
2026.75
-281.77
-462.317
744.087
698.95
405.854
-1104.8
579.525
169.709
407.105
373.272
-2199.76
1328.86
-926.11
-679.796
1605.91
-475.99
-729.635
-268.933
588.752
-319.819
847.78
-237.597
-610.183
-449.572
635.803
359.464
-679.154
-367.609
-106.575
474.184
-1337.43
-476.654
663.169
-1139.16
-374.141
-1244.26
844.347
1463.87
306.015
-908.026
602.011
966.117
-341.548
1391.28
-797.873
441.936
-269.435
-325.938
-891.249
601.364
289.885
-368.306
-522.942
309.739
-414.212
-175.4
-161.231
336.63
-392.795
1091.74
434.307
-243.693
-390.274
1360.03
-167.744
-1192.28
-460.162
276.56
183.602
230.27
298.499
-528.769
-16.983
-717.871
592.155
-1729.06
1136.9
1484.1
-869.006
-1052.43
-423.233
-1056.4
574.012
482.391
1396.14
-415.306
928.844
-1411.29
-180.436
-169.866
350.303
-468.398
579.228
-1628.09
427.893
903.915
304.208
339.737
-643.945
568.046
1186.23
1103.09
-712.094
-390.991
401.067
-214.072
-186.996
-1419.44
446.119
737.318
-1183.44
1473.28
-544.436
-503.37
963.411
-460.041
426.157
1186.15
-1612.3
47.3991
-724.784
-147.385
420.451
186.104
-375.991
552.828
470.267
-577.23
28.6545
548.575
1024.52
-1307.65
283.131
664.658
-257.553
468.352
-1447.22
978.87
380.859
1687.89
-523.629
885.937
1057.65
-659.757
-1684.74
758.633
558.286
406.627
-964.913
456.137
78.9377
1750.1
-1829.03
1443.66
-379.49
-1064.17
1699.19
-1741.12
-366.195
-524.441
716.757
-192.317
-502.591
180.18
293.666
-373.16
-1225.95
214.442
-764.68
-639.058
-613.014
992.994
-379.98
-652.095
641.993
10.1013
654.883
-923.501
268.618
-690.976
340.102
350.874
-647.776
-726.374
352.445
373.929
-932.195
1400.55
-420.448
888.411
-467.963
-2205.31
5.55688
176.077
-533.223
357.146
140.297
1219.73
-64.0568
-610.883
156.698
-594.374
1487.06
-704.321
377.594
-461.186
83.5922
-563.083
563.083
1222.99
395.41
1778.13
-1228.28
589.702
638.578
848.06
-51.8488
1292.15
774.462
-540.652
1336.67
294.126
298.716
267.775
-792.216
208.232
-694.147
228.782
-441.366
212.584
-272.96
602.714
-329.754
102.662
-375.622
-591.494
-564.652
1156.15
-419.007
543.379
-124.373
-1192.15
2032.04
-839.885
1288.88
-329.993
-399.51
135.714
-1983.62
830.229
1551.59
-858.372
-693.221
1987.01
-877.464
-1109.54
714.046
574.836
-240.214
468.996
-686.102
1173.32
-487.214
-769.571
1201.13
551.809
924.586
-1725.51
800.921
-593.12
-49.8103
642.93
271.298
276.575
415.426
-76.0799
-339.346
896.512
-83.5298
-812.982
921.72
-578.129
-343.591
1576.17
-472.19
892.185
-1628.33
736.148
1068.46
879.383
747.722
-439.987
-307.735
-1058.91
-258.301
567.045
574.877
-1141.92
-526.054
505.592
20.4617
575.021
-341.291
-233.731
-985.208
564.76
594.465
889.631
-441.79
1096.67
1419.11
-786.258
-632.848
392.716
-923.276
530.56
-1044.84
392.913
574.371
-1077.74
417.053
-512.324
95.2706
450.405
330.158
-514.337
-48.7463
-793.98
-880.186
1674.17
190.294
210.773
-245.395
406.022
7.22924
-579.565
572.336
501.145
867.058
-1368.2
-487.305
311.905
985.402
-88.89
835.772
-1064.52
228.747
428.325
845.552
-1386.2
-453.206
830.813
1980.29
-1286.43
-693.867
269.73
608.785
255.652
795.359
96.0988
-986.153
890.054
1673.72
-1088.98
-584.747
-137.954
1888.05
-1866.1
-160.65
482.865
-621.027
138.162
-1012.72
527.329
485.387
-1730.47
538.317
-955.607
845.231
392.26
199.987
572.845
-266.831
-418.163
709.081
257.036
32.448
726.481
-758.929
-1130.76
-898.303
2029.06
-559.094
1122.58
-563.49
-483.063
-329.699
107.292
-1656.37
862.387
-837.919
-629.645
1467.56
-330.278
-294.746
625.024
350.555
-677.574
327.02
246.776
-605.732
315.607
195.605
-511.212
376.641
-645.573
649.601
-299.047
314.76
-460.117
687.549
450.799
-220.529
-431.756
-294.619
1225.74
-0.487493
-1225.25
1039.11
-420.203
559.291
410.805
-1782.33
869.814
912.514
487.524
555.002
-1042.53
-533.587
203.31
-263.865
1181.54
-917.675
-1590.84
1212.56
504.632
-1096.13
384.14
-6.54678
466.431
302.42
-768.851
370.301
-615.601
-35.1232
757.795
-722.672
-525.317
795.245
396.777
321.5
526.561
652.096
114.958
-458.684
343.726
1058.41
-644.815
-413.594
494.037
-1664.27
1170.23
-1140.34
1753.23
-612.887
1715.86
-1123.71
-334.262
611.855
-1189
1285.1
424.837
-797.101
1609.71
-812.609
-254.546
-205.616
-912.476
1471.41
1814.66
-610.806
-1203.85
-405.103
693.833
-1306.85
-124.687
-78.912
494.338
-693.387
-354.18
-1236.66
-217.082
463.858
902.888
-557.263
175.606
-1674.76
-71.2677
1746.03
-1084.3
525.202
566.305
-1183.82
617.515
900.95
913.707
630.568
619.905
711.365
252.046
-1164.71
478.604
-394.989
415.025
617.796
-514.234
240.626
-729.488
488.862
740.456
-389.804
-298.216
181.422
-596.577
254.779
341.798
-886.573
-741.76
1087.67
-2145.75
397.442
-682.178
-342.842
-723.773
833.497
585.609
-338.732
307.649
421.587
260.462
618.553
-879.015
539.84
633.476
-516.149
148.539
372.363
-654.133
-1046.59
-850.02
1896.61
-1803.76
157.17
1106.84
-1370.71
1180.9
-710.881
-470.023
-504.17
1349.72
-1495.47
627.911
867.561
-285.505
-209.747
495.252
1428.42
558.584
341.925
-448.5
-481.275
-570.743
1052.02
-420.722
596.798
1582.9
-1130.33
-452.568
-817.674
355.357
654.631
403.778
-1623.42
416.179
1207.24
-185.048
500.655
797.661
785.235
177.073
-693.814
516.74
203.903
210.838
-286.67
-109.545
396.214
490.44
50.0814
-540.522
-1652.98
600.556
-1613.48
1682.86
-69.3784
13.4305
-1626.91
1069.52
800.45
-334.019
-835.652
-209.185
-1134.57
-239.74
-312.041
682.342
-1812.72
-634.447
1209.32
216.866
756.817
-1331.67
-678.721
-465.829
669.613
-365.406
-1013.27
1350.79
-1932.95
582.165
646.915
1288.34
483.024
-2.63978
716.174
710.661
-1426.84
-637.022
332.729
304.293
437.785
-100.349
-337.437
144.285
293.094
152.605
-445.699
-592.714
1151
451.268
-650.426
-460.67
-401.872
862.541
-321.224
140.788
-455.635
160.752
-303.138
-709.578
544.453
-106.667
-574.13
966.846
575.591
-268.515
-307.076
454.139
-778.567
-645.781
457.634
-1129.39
-845.115
1185.41
-569.77
440.382
315.085
-495.336
115.842
1027.97
-314.942
590.961
-276.019
-509.04
1578.56
-711.163
276.395
363.103
-639.499
207.33
543.554
-30.6187
-512.935
-257.319
-198.316
1009.82
1108.87
564.85
-883.823
942.486
-58.663
-453.582
168.077
-779.398
324.335
-594.213
372.552
367.904
847.56
-1263.52
415.964
776.462
-811.585
-948.881
-550.389
1499.27
-180.055
519.792
-543.314
203.056
1313.33
786.439
-609.366
1344.13
-680.959
487.423
-652.013
-401.179
-422.067
-378.556
800.624
501.414
-842.806
-496.561
85.1993
411.362
-318.696
572.461
727.447
-330.005
-239.815
-175.027
414.842
-487.167
138.129
349.038
1460.39
82.3198
-1542.71
-753.961
1348.43
-1144.77
-465.997
566.088
-202.985
1151.9
-375.443
1083.45
492.715
693.322
-425.547
-884.877
-522.429
-1328.37
-22.9374
985.169
-962.232
610.356
360.619
-970.974
-329.121
-209.202
-685.423
405.534
1621.22
-207.318
374.625
341.413
-716.039
-1839.77
-2106.69
1519.15
587.548
-2037.37
349.409
391.107
544.167
-935.274
-460.421
1019.71
-421.064
-679.823
1100.89
-2030.55
1391.21
639.337
606.535
-1027.6
13.4937
403.56
386.493
193.554
248.382
363.499
997.641
904.786
678.214
-323.753
-354.461
-291.516
619.43
-327.914
571.484
531.601
564.839
514.692
-1079.53
-796.127
-699.345
751.532
400.373
-409.984
737.003
-1193.39
1609.57
444.201
-1124.02
-333.6
529.205
-1388.67
904.806
483.867
-720.506
-349.359
-767.194
323.614
443.58
447.234
717.824
-1165.06
1072.86
-585.34
-413.95
653.724
-239.774
252.367
323.224
-467.035
-432.249
899.283
-231.107
576.915
-961.841
384.926
-458.65
600.598
-1681.28
423.897
670.514
-1094.41
515.604
98.1996
113.411
-2212.8
562.643
-122.262
1444.58
1777.09
-217.549
-1559.55
-438.502
1789.29
-1987.15
1194.54
792.607
400.116
347.606
-44.0602
877.558
-1283.01
718.355
-868.907
-822.026
799.088
300.925
61.4841
-362.409
225.806
180.06
-405.867
1558.86
-842.687
-1530.93
-325.432
470.43
-215.49
-254.941
393.153
366.327
259.476
410.137
-10.323
1002.69
-992.362
419.332
292.125
-711.457
-734.131
1817.38
-1083.25
-342.79
735.943
-1225.63
-415.563
-914.57
482.321
615.032
-817.201
202.169
760.129
-378.787
-381.342
-441.339
-442.484
452.262
1114.21
1239.22
-672.918
799.884
-345.745
402.757
341.33
-243.639
-217.547
-243.973
624.832
408.137
-846.488
438.352
257.423
358.279
-615.702
-421.328
829.464
754.266
-1147.06
905.986
-58.4262
-485.359
275.849
786.571
-96.2932
1384.63
1890.51
-60.541
337.101
-342.93
457.888
-1087.36
1077.04
678.808
376.458
383.671
78.3185
392.112
253.317
504.993
-373.334
-263.689
-562.458
-89.636
-359.591
363.82
-4.22931
-257.748
-286.217
1010.88
-1540.7
529.813
-170.558
-200.224
-422.503
714.628
-1642.22
1590.98
-963.068
297.787
-698.966
584.326
1224.41
-1808.74
607.43
983.549
320.197
-1122.33
704.162
-313.628
-330.317
1385.61
-1450.6
833.551
617.045
441.817
-623.691
181.875
-368.836
464.293
-95.4571
414.898
75.542
1724.35
456.077
-252.175
557.651
-1704.79
1147.14
-96.6563
407.714
343.087
335.127
-448.664
-615.025
1063.69
411.372
-864.578
-640.623
902.565
570.715
-469.26
-221.716
-437.292
-409.197
-307.491
-827.077
1821.1
-1821.1
-101.2
-1600.72
1701.92
294.599
280.422
-917.026
-555.509
1472.54
-408.203
973.042
-613.047
-1039.93
713.269
390.422
-1103.69
473.968
-159.208
573.07
1220.34
-1793.41
-1039.82
2114.14
-1074.32
-376.797
-294.772
-502.886
858.243
-1756.91
1605
151.91
1756.91
-1610.92
-145.986
-243.193
521.742
-278.549
-537.301
1620.75
1574.07
-1989.63
1106.18
-343.43
-236.787
580.217
224.636
-558.236
-732.144
322.161
1342.67
637.627
583.572
480.812
-1064.38
271.093
422.229
875.301
500.11
-1375.41
537.05
-1018.33
1574.95
-564.066
-784.92
-373.254
-161.008
534.262
-490.203
1208.03
-739.935
331.456
367.173
369.77
239.92
-609.69
594.406
831.737
-602.99
253.834
688.652
-469.26
-379.746
-210.814
590.56
1168.48
-693.875
608.194
467.478
-1075.67
-1287.9
1287.9
-384.657
761.115
-279.877
-479.972
759.848
495.34
439.609
-934.949
392.407
-672.284
607.338
-869.074
261.736
-367.492
-491.435
1075.01
-660.154
-712.112
1372.27
-367.698
944.613
-1552.75
675.282
-15.4253
-368.584
384.009
-561.392
722.191
290.901
311.813
167.203
306.764
-573.556
259.929
1870.13
-1966.42
248
-697.572
453.994
-821.022
367.027
-906.012
1434.29
-528.273
-430.094
-484.475
600.815
1124.17
-1724.99
-714.41
337.613
-462.378
1033.86
-794.489
1048.32
-376.194
-625.778
-521.118
729.35
538.85
-356.885
906.712
-305.841
-181.326
1599.03
-1816.58
-336.296
-625.544
-337.649
475.778
283.192
-648.598
-154.76
1072.4
-796.553
200.084
-328.66
-267.041
595.701
386.158
-881.5
495.342
-483.407
-457.614
-908.026
-367.081
553.148
-186.067
-439.594
-432.751
-333.908
-177.304
-396.156
636.075
-465.598
806.927
-1072.21
623.544
-1406.18
568.257
-28.5288
-1838.29
1866.82
570.029
-450.218
1235.36
-710.162
283.912
-283.912
672.703
-444.946
1040.55
-1653.6
-1158.74
-947.958
290.335
329.095
894.708
715.002
-514.13
-286.846
800.976
1660.07
-1688.6
-433.771
342.419
225.683
1134.86
-526.663
-943.338
1550.49
-607.149
442.356
-248.803
374.816
424.046
-798.862
538.679
466.064
-1004.74
-331.519
662.976
-38.0309
1908.16
1612.23
992.576
-1696.9
726.766
-1176.83
450.061
-492.494
1367.79
837.014
-1341.18
-598.827
255.397
803.357
-396.73
548.809
-1190.3
641.492
-635.794
-1215.53
-695.682
1911.21
-177.135
532.826
-355.691
-121.727
304.271
-481.406
331.681
366.33
-698.011
-1487.87
756.102
731.765
884.016
-1434.41
823.406
-432.586
213.802
-361.187
-627.948
248.203
-678.037
-710.636
697.851
506.944
-1204.8
388.822
-204.567
-184.256
554.945
-957.688
-578.755
-451.504
775.839
-831.328
-1155.82
-1437.95
499.702
938.253
23.2309
-668.69
319.308
349.382
-1320.4
1046.95
273.449
-615.858
-456.349
-665.672
921.324
398.934
-198.276
-200.658
508.331
980.52
-1488.85
978.287
-561.148
165.978
395.171
-442.385
667.996
-419.995
-503.599
165.95
234.205
-1520.63
525.23
547.634
-778.746
217.353
147.531
-453.372
361.561
-819.175
1954.16
-1195.39
-758.775
457.449
-688.986
231.536
322.364
326.71
114.532
-441.242
-576.462
191.522
264.556
-691.779
1374.25
-682.475
424.086
487.767
-1208.27
263.994
1866.77
-1013.59
-853.183
784.422
-514.23
147.149
1402.33
-975.139
-427.195
325.689
-770.635
-616.557
1725.43
608.681
630.541
319.465
-18.5403
254.046
-1138.38
1725.72
-587.342
-1763.54
820.201
1767.03
-1696.13
-70.8983
-656.396
261.407
609.869
-723.256
202.138
1402.63
-565.616
383.064
447.749
-1858.69
1420.18
533.444
-466.219
-67.2255
193.645
-527.553
-329.059
-154.004
-350.823
693.91
-626.28
253.026
616.693
547.058
-1163.75
1113.55
-1947.58
834.032
137.273
336.911
-1699.76
1661.73
306.057
-731.604
-167.022
380.824
760.503
678.175
-1438.68
1084.64
-1085.13
521.836
-1107.18
-628.015
250.573
377.442
524.824
-270.045
-626.096
-1027.5
284.825
-717.576
-912.322
163.99
161.092
227.731
396.722
281.763
-678.485
-635.01
-834.209
-978.507
485.505
-1061.97
-291.453
475.056
532.127
653.285
-278.243
-121.267
-442.695
762.891
257.568
-1201.15
566.136
1312.1
-551.596
436.537
-1015.29
-384.91
114.061
419.383
1023.23
551.715
-1721.62
1620.42
1647.02
-590.686
-1056.33
1905.27
-1894.28
-10.9956
242.076
-585.006
-347.975
548.059
-775.159
-323.287
-333.108
1020.92
705.271
-1517.81
812.541
303.18
-26.1856
1625.21
-1106.92
413.046
-1266.7
481.778
-61.2012
1521.59
1197.19
-470.421
-487.262
-73.8862
-236.698
736.053
-1951.58
-708.792
353.4
-530.512
177.112
190.839
-505.781
1139.93
671.592
-1811.53
-601.509
135.29
941.803
-1497.31
-210.523
678.817
-468.294
873.594
1126.41
-742.281
1350.96
655.261
-549.366
-105.896
-341.939
1175.49
1050.71
-1979.91
929.2
-1174.88
540.431
1488.75
-586.182
-398.007
-118.142
-1243.65
570.737
1167.96
-80.2177
946.178
775.818
-1722
-203.863
578.685
-1541.73
963.047
487.014
916.511
-1403.53
625.542
583.783
396.029
-1106.62
590.144
1109.5
1215.47
-452.212
-763.259
-1186.2
-1754.94
-4.92003
-1716.7
-174.81
-448.882
1609.68
-632.144
-977.539
-490.836
1121.4
-1319.95
634.481
685.465
-1363.6
1445.92
-1332.57
590.288
1520.49
-404.74
-556.551
158.544
-1496.7
217.846
176.383
214.146
441.115
459.928
401.836
-861.764
506.406
-938.891
900.384
-1444.82
-703.973
212.017
491.956
-1046.54
453.827
-480.226
863.29
694.62
24.5495
-510.392
154.701
-886.567
-1318.75
-713.726
347.925
365.801
400.648
-722.17
321.522
-476.543
-189.371
-708.917
723.11
1539.92
-593.738
821.634
737.227
1344.69
-844.582
-971.073
-570.659
-795.418
428.39
367.028
-1036.06
-640.608
302.069
338.54
-1433.69
-296.779
-789.261
396.488
392.772
-650.088
421.892
228.196
-673.89
253.894
412.811
486.473
389.884
439.581
478.003
384.538
595.918
-969.078
688.828
462.172
452.685
356.237
-808.922
1630.74
-1079.85
-550.891
-504.735
-290.447
-1029.96
452.922
347.702
409.721
593.366
-1003.09
-1382.92
750.777
-530.019
1147.53
347.395
-54.3004
412.387
-864.355
451.969
-1900.02
299.296
440.283
-725.052
284.769
-188.315
402.424
-214.11
-660.294
303.84
356.453
-672.401
317.939
370.85
390.264
612.224
-1020.43
752.358
663.446
-1415.8
438.837
624.852
338.559
392.388
-730.946
407.717
328.227
613.673
696.124
418.088
611.252
-1032.32
421.063
-1679.46
1175.59
503.87
1696.57
-539.18
619.614
-1147.08
527.469
-641.266
346.52
437.525
-934.285
496.759
785.728
-483.308
350.919
342.991
588.367
-924.664
652.623
-1252.77
600.152
401.9
734.264
-1224.47
769.055
509.819
-1278.87
495.22
397.825
-893.045
-501.743
-936.212
-297.686
629.367
352.551
541.158
-893.708
331.259
331.717
-502.188
1944.74
436.352
-846.304
409.952
-917.688
-807.819
-747.121
365.779
-1226.53
432.037
-1740.34
1610.92
129.415
1749.8
-1605
-144.801
-783.036
-590.647
263.585
327.062
-1767.03
1989.63
538.838
791.041
-1329.88
440.145
716
689.994
385.625
-1075.62
-40.7134
1617.14
-593.91
381.832
853.533
-647.534
324.992
322.542
-378.599
-296.912
549.28
-217.605
434.232
278.938
-663.717
384.779
262.423
-576.79
-280.775
442.695
-1032.92
590.22
538.061
1092.68
366.014
596.341
310.362
351.395
-661.758
1636.48
-931.214
1692.27
-1520.96
-171.313
-328.225
-822.033
412.836
857.349
-1067.87
-604.983
277.07
-1090.56
1628.62
-1597.37
-75.0112
1672.38
-341.398
-350.274
-370.332
538.766
596.091
-502.147
-26.8463
-549.753
504.112
-283.518
-220.595
1759.86
-1307.59
-623.101
297.254
325.847
398.873
357.309
734.436
-294.006
-399.196
-1749.8
1688.6
459.699
-1100.53
640.83
-41.9633
1662.38
570.986
476.346
-1047.33
103.699
1144.57
-1452.06
-9.91143
-1890.11
225.563
-596.787
307.033
289.754
-954.984
612.141
-897.311
467.216
-1128.22
672.945
455.272
392.645
255.78
-769.91
-331.48
1216.5
886.424
699.288
-1182.77
456.161
726.608
494.544
700.294
-1194.84
-388.67
-248.006
409.098
-959.925
438.793
521.133
21.2313
-1879.92
1079.98
-472.639
-503.017
558.538
-1378.13
819.59
-430.546
797.574
-405.59
502.124
-712.097
1721.92
409.188
-181.457
214.509
-167.361
-246.166
413.527
1895.33
-504.124
-1701.91
1051.06
-599.288
302.376
-1013.12
552.701
-312.796
544.389
905.113
-1449.5
-1103.35
437.682
-20.9811
-1945.44
1713.63
-662.914
-539.865
460.827
-1190.27
729.446
192.921
206.013
-280.361
772.152
699.261
837.224
817.253
-461.016
1084.55
-500.898
475.927
-191.008
-284.919
-1924.09
-713.517
-317.849
-641.921
-6.51662
648.437
464.059
-272.538
567.519
1068.97
-809.693
923.998
1244.08
-425.545
-160.739
-253.861
414.599
960.183
-888.397
-315.914
-1067.4
611.047
1561.01
-804.908
537.772
934.764
-396.139
734.778
-338.639
1130.14
-274.939
383.865
1349.58
-706.225
-217.05
448.333
-1198.45
750.117
-974.801
-155.143
1129.94
440.702
-955.022
514.32
149.784
732.324
483.147
743.314
-124.761
851.968
-426.004
1182.22
-796.594
552.33
-1465.43
913.098
-1216.65
1800.97
-431.708
-1510.19
879.473
-1401.9
-317.02
-451.831
1457.14
-1525.64
783.883
1491.45
199.482
276.445
-356.068
-1740.34
-282.432
-1018.77
1586.29
-1776.29
1776.29
1574.07
-1004.42
-632.795
-338.84
368.38
604.662
-420.488
-364.562
-1389.75
897.26
1125.11
600.614
1202.54
1789.49
-1216.42
-617.363
273.051
1659.13
-1916.65
257.523
815.241
-1267.81
1545.2
-561.654
787.85
334.734
-355.774
555.223
794.499
656.312
1372.75
-268.001
-445.342
-364.591
495.612
-339.533
471.918
736.109
-298.294
-142.947
-335.407
567.187
-231.78
30.0405
-371.331
1107.39
-1720.28
-464.068
-493.486
-566.513
863.529
697.482
-1596.41
904.63
-451.963
-627.82
-514.605
1251.92
355.423
1723.78
-1702.55
-1660.07
1894.28
-1560.72
840.19
720.534
-400.169
-1798.05
917.863
583.628
819.002
-386.279
1794.43
-680.884
-459.437
701.855
434.96
-1136.81
-1100.76
444.184
753.004
-1617.15
473.242
901.012
173.856
-399.077
225.221
-1604.92
-388.629
-471.632
990.23
-677.519
1442.88
-980.268
1853.86
241.827
-546.929
494.689
-295.207
474.333
893.462
543.256
977.232
-463.166
-427.92
574.165
882.974
-1392.7
-40.9917
1578.07
-840.844
519.965
971.482
-1475.81
-1115.9
1779.93
-1241.54
-538.388
1206.08
-319.19
-886.894
-189.215
451.892
-262.677
-457.357
-250.552
428.51
-177.958
143.207
-391.213
1738.1
-1743.02
-464.578
-530.87
-903.536
441.39
-203.665
-237.725
632.904
-491.719
-400.768
-322.971
723.739
-953.19
430.247
-1167.12
676.279
415.683
-641.915
-434.357
1581.94
-866.942
530.194
-458.177
-570.121
-462.795
361.509
-351.025
-10.4844
-1121.37
411.21
-664.906
-1033.58
1698.48
-610.004
-1424.25
712.135
562.275
-1596.25
1033.98
-409.402
-476.701
154.542
556.823
-1258.4
743.792
539.251
1005.95
-2133.17
999.984
1133.19
-363.563
409.537
-384.331
-25.206
1478.02
-375.724
449.592
1185.45
582.455
906.293
566.985
527.789
-1094.77
162.932
-446.779
-1696.13
246.431
1127.53
-621.671
518.586
1013.65
-1532.24
1092.82
-1643.71
195.686
710.3
553.402
-869.317
-1086.39
-169.525
425.549
-256.024
-586.604
-435.813
-636.757
-625.929
345.568
-1619.29
939.498
-476.986
215.301
-396.759
532.779
-307.216
-617.467
1197.08
-1302.87
939.433
363.437
-1019.73
-373.119
-761.831
-828.821
1692.35
-477.176
1794.66
-1586.08
-208.578
-1556.6
1018.67
537.934
-729.659
-257.161
439.151
-181.99
-599.795
384.063
271.792
-655.854
-524.173
996.178
628.461
-351.391
-1620.25
1050.48
571.796
1103.5
-1675.3
-420.916
-289.164
-371.13
-748.44
-501.835
-331.016
498.22
1557.99
-995.714
-774.656
1497.46
658.73
-316.311
725.883
1152.35
-1878.24
286.99
313.86
-487.387
-1933.45
1720.74
212.713
736.965
-474.897
-262.067
531.855
1060.78
-1592.64
361.509
-1726.61
-233.213
1752.36
-1580.67
1073.75
506.923
-1729.54
2.92687
-521.894
409.537
1699.76
-1720.74
939.485
624.953
-1564.44
378.422
-217.771
-160.652
-425.898
-247.992
65.1163
94.6753
-351.836
-427.464
-441.61
-405.248
216.933
1510.2
379.007
-192.858
-457.23
459.689
-195.133
333.144
1510.73
988.584
-175.663
-812.92
-1104.07
1704.88
-1728.87
1063.97
-707.346
-1021.53
-1265.07
1844.99
-579.911
1155.06
-1771.21
616.151
269.627
-877.894
1675.84
43.4267
-1719.26
-491.181
-1083
-1738.1
-981.415
553.495
1019.55
590.258
1133
-1723.26
269.43
-472.414
702.362
-384.423
397.527
924.595
681.31
-374.914
-657.401
582.922
1072.51
-1655.43
-403.666
-365.64
769.306
403.958
-1661.73
1520.96
140.764
581.369
-1043.75
544.756
1083.86
-1555.64
993.988
-235.756
224.086
323.973
1905.27
435.006
-62.3863
995.852
722.751
-1718.6
-697.001
1085.3
-1557.49
162.975
-570.61
195.128
264.561
-671.687
-554.839
582.605
1034.54
-710.954
-261.501
-1368.48
674.656
693.82
-411.638
739.554
103.784
-843.337
562.016
-137.179
1557.36
-212.326
271.915
-774.867
-1933.45
1664.61
1020.24
340.102
297.139
488.589
-929.934
-994.16
-1767.26
634.635
1693.76
505.847
-474.513
1210.62
1087.09
-424.948
1029.61
-977.694
490.437
487.257
700.536
1047.92
-1748.45
482.201
484.645
-1493.94
-746.05
33.9559
778.966
-413.187
-884.564
381.546
-539.479
-801.705
602.011
-577.726
1397.32
1055.16
192.137
233.412
-550.652
1618.5
-774.065
1526.42
-1727.83
575.282
1152.55
541.023
-882.571
-1732.98
1916.65
-183.673
1721.74
179.354
-545.008
364.489
-269.814
-481.545
1210.99
568.273
1128.3
-491.212
426.486
857.033
-458.961
-771.383
429.353
342.03
1419.2
1089.57
-518.284
1422.91
-510.554
-533.19
1043.74
-602.79
514.947
-1225.83
1692.27
1839.57
-687.218
1585.89
-646.403
-1241.03
716.859
-562.71
199.606
-387.774
451.157
-240.319
-518.895
-1246.7
1870.95
-624.244
1173.36
-553.747
1120.26
-1659.44
1700.96
-573.968
-546.931
-549.835
1720.07
-316.706
-688.081
-473.379
1223.5
-1687.51
-1860.11
613.407
345.759
-955.943
165.833
211.171
-1719.02
1204.14
514.885
1162.85
558.89
-512.453
-465.421
1192.03
180.137
222.287
588.447
1251.12
-539.183
-1238.58
1777.76
-1025.31
999.988
866.785
-204.083
-1659.13
1702.55
-510.141
1411.15
-1732.98
-335.597
-10.771
346.368
-259.119
583.819
-324.7
113.066
488.297
780.417
-379.769
1257.52
1270.72
-413.368
851.079
-438.243
1817.51
-662.448
1586.6
-1723.78
-412.81
-772.657
339.041
433.616
-560.546
-563.463
79.7415
-1138.65
-985.335
-670.087
1655.42
-943.702
-1189.47
209.406
-446.193
-647.765
705.706
1167.44
650.068
1410.3
-591.297
1636.73
1318.04
-574.248
-489.911
194.704
-503.308
1396.77
1240.05
-565.39
-999.983
891.893
57.1731
-949.066
603.425
-506.178
1403.44
1495.06
-588.768
-362.139
362.139
-589.518
1623.5
1239.33
-486.321
1134.14
-62.5918
1849.87
-389.099
1489.47
-589.088
-507.692
1347.88
-651.368
1218.58
-567.212
1554.81
-591.762
761.082
572.206
-1333.29
-671.961
264.017
522.423
600.553
-1957.29
-1000.46
1586.6
365.539
-365.539
-64.83
385.981
437.425
359.486
55.4125
-312.856
935.474
-533.574
-427.078
813.059
-241.242
618.684
-423.711
1553.26
-444.346
-884.025
183.776
225.522
-409.297
601.172
1250.77
-1851.94
926.23
-459.014
-351.025
126.149
-1943.04
1816.89
-448.68
179.246
1181.12
-440.486
-740.637
-296.081
-588.482
-494.303
-384.331
-477.822
257.227
1158.12
-562.03
230.727
-377.774
147.048
-22.8213
-107.682
1375.99
-1268.31
34.6062
-597.065
-586.455
-449.522
449.522
-1262.35
1985.1
-1344.34
-204.394
-1823.83
237.755
-1025.75
-974.245
-183.147
-1638.72
708.786
1229.32
-1925
366.357
314.294
-680.651
-1850.02
1234.27
615.75
-560.384
560.384
-959.038
-39.9851
-1866.1
-558.165
1650.84
-676.492
1636.18
-601.646
-184.611
-1705.5
-582.64
-475.518
-594.837
-463.969
463.969
-1537.81
194.529
1343.28
170.266
224.495
-394.762
507.152
481.432
996.416
-475.284
1751.29
768.378
-420.111
394.905
521.993
1702.06
-594.672
-552.979
1636.84
468.179
1812.79
-645.347
-1804.24
-1938.07
-647.037
-476.618
476.618
-578.252
213.661
-708.326
1018.9
-466.2
-1074.2
-287.928
1579.56
1852.3
1635.36
-1635.36
-286.507
739.258
1761.51
595.796
1275.15
170.709
207.713
600.975
592.027
1603.5
-1603.5
219.983
-355.813
-436.672
456.698
950.852
-460.416
-639.138
-1130.98
1706.26
278.187
-1665.44
625.504
-288.711
468.065
1744.65
-592.095
-214.301
-448.19
377.096
732.404
1738.58
-613.47
-511.781
-778.931
1960.54
-870.458
-1090.08
1642.74
-704.564
1223.96
-1824.95
600.989
372.009
-918.937
-185.435
-103.893
1097.86
-486.809
130.447
635.414
-1662.91
432.744
603.766
-1804.24
-583.288
1787.43
883.751
-1162.9
1760.49
-597.595
1783.83
-575.543
-1208.29
430.856
925.675
-1743.02
924.601
-1484.36
247.562
1236.8
-831.13
-1254.22
-376.452
74.5969
301.855
581.75
267.293
1030.38
-441.283
845.654
-404.371
820.621
740.276
-1560.9
644.196
1066.39
-24.0814
-662.365
686.446
-1744.41
722.88
705.014
150.544
-1122.64
1936.77
-674.558
-1262.21
-537.182
1665.48
834.722
965.761
-1800.48
1227.86
683.351
-405.592
709.432
830.313
1027.74
-587.041
1761.51
626.113
1773.56
-1185.6
-587.96
-425.712
-333.934
759.647
121.451
-1185.63
1660.54
-540.278
-1437.79
1437.79
1250.56
594.422
1351.47
206.518
-563.265
281.139
-188.536
699.123
1113.66
479.482
-299.345
-869.772
-575.048
1740.09
-1740.09
994.58
-994.58
987.335
1025.17
-2012.5
1837.95
-613.988
-581.117
850.666
-947.853
-1052.16
998.26
691.007
-1689.27
-514.337
-377.315
-650.284
-808.432
2042.7
-1246.42
-613.695
1002.97
974.856
1289.77
646.995
323.764
1012.69
233.979
339.134
1186.23
1756.89
-1756.89
671.665
79.6637
-386.739
-997.057
-539.994
1674.13
991.054
1008.95
-1833.29
-221.045
-361.594
600.074
-353.643
1849.54
-1077.86
-771.673
359.985
-18.0599
-821.091
-1662.67
1662.67
912.773
1923.75
-648.594
583.143
-479.062
1708.01
-1228.95
729.077
1837.82
1152.38
-611.946
-576.656
1143.64
-812.634
-484.111
932.35
1106.45
397.839
419.414
368.826
1222.99
-1135.2
-585.076
-644.69
-1212.57
1857.26
-127.149
-258.792
346.47
-507.209
1250.3
991.346
798.346
-602.66
1878.08
-650.222
-382.57
654.361
1877.32
740.57
-549.27
373.376
-447.919
1451.86
-752.596
1172.2
588.295
-90.4392
405.322
-314.883
-1244.26
903.289
401.435
1636.44
-711.849
1046.67
904.975
778.561
765.946
591.538
758.075
1006.11
715.809
1835.85
-984.049
-851.802
538.398
-329.287
301.009
-301.009
-386.937
-672.902
288.479
832.573
386.092
348.687
1888.91
-659.588
1097.87
25.1769
-784.106
1119
475.433
-1140.12
1140.12
1758.3
-671.217
739.414
452.615
-177.272
900.129
-641.15
1313.85
1200.54
889.078
1143.74
540.438
1096.4
-557.229
-84.6915
-1090.58
1115.61
636.25
-1669.83
1198.02
-132.924
549.736
-416.813
247.755
-608.697
1859.46
1074.98
-1074.98
997.005
604.826
-1601.83
633.124
651.486
619.23
1115.31
767.756
-667.273
1731.24
395.788
1061.02
129.582
1563.64
527.715
712.331
-1215.5
-717.45
-527.002
1914.1
-1387.1
1852.19
-601.625
1513.37
-1852.27
338.899
984.1
-984.1
1772.68
-683.117
57.5614
-497.548
395.204
-646.523
1353.35
-706.829
673.572
-641.74
67.258
529.829
617.734
-1147.56
1488.58
-752.428
1025.97
-1025.97
425.076
-329.566
329.566
296.466
1148.43
-694.54
-896.446
1590.99
1233.39
1266.33
661.071
-1927.4
-1320.16
-712.166
1424.3
1320.16
-544.574
-985.122
775.232
209.89
1154.72
-1154.72
1174.12
533.895
1202.81
-1848.16
1206.31
-1060.95
1060.95
1049.44
1054.42
799.441
586.635
-1764.16
1177.53
1092.09
-1735.44
1064.04
-610.208
-506.008
1011.85
-699.423
585.945
1291.38
1689.23
-829.262
-859.964
1048.47
-1048.47
-195.298
365.072
-169.774
-771.688
358.501
-1827.05
624.379
1202.67
-768.466
-761.214
1529.68
-323.24
-316.511
639.751
1123.36
1656.09
-716.589
266.803
201.376
876.053
-876.053
881.006
1679.92
-1035.73
636.843
-1277.99
1260.84
-1909.43
1132.26
-1794.71
-271.6
-401.302
1921.91
1135.62
-1135.62
1236.18
-1850.17
599.536
-599.536
425.707
-252.997
-172.71
611.19
953.383
-471.181
766.665
1770.55
-852.69
474.267
-852.149
852.149
1238.69
-1078.99
1254.71
-1868.4
1267.23
-1891.48
1125.49
1550.45
-766.566
-365.297
894.218
-1871.89
977.671
-349.762
525.368
-859.957
859.957
169.814
-457.742
1176.26
-1777.98
1190.02
-725.685
-1025.58
1751.27
563.615
-642.2
-176.849
-336.583
513.432
429.955
369.403
536.579
-359.468
636.771
1289.48
-1926.25
844.353
-844.353
1125.83
-1772.86
84.7014
-453.285
1675.81
1205.11
612.683
-1817.79
373.934
-761.522
761.522
639.416
-1851.99
1243.49
1065.94
-635.081
-520.326
520.326
1222.25
619.843
-1842.09
1160.29
-1752.39
1123.2
-1762.99
639.792
580.284
-1396.04
815.751
1237.86
621.609
-1771.15
1173.55
488.296
627.919
1229.34
-693.206
-1368.14
1773.67
727.519
-727.519
1095.07
-1734.42
639.35
-828.094
389.85
-719.355
1717.61
238.008
300.506
197.714
538.239
1224.29
432.63
-852.243
-807.449
1659.69
-1166.7
-660.357
556.106
-1530.93
-632.224
1085.27
-703.437
666.049
-666.049
1010.5
-1010.5
-605.778
891.547
-721.838
1875.99
-642.601
-206.465
178.446
179.489
-357.935
610.86
1112.19
-1723.05
1813.99
-576.133
-719.375
1895.64
1079.5
-1772.7
537.725
-389.185
-525.65
525.65
165.183
197.171
-362.354
1836.02
210.652
145.963
-356.615
-282.521
605.992
-605.992
-1215.65
1767.92
-552.269
684.533
-430.487
442.727
-225.794
203.397
152.21
-355.607
1802.7
-1817.27
-1745.33
1131.86
540.835
-386.135
196.721
167.293
-364.013
-1685.63
660.316
629.057
-629.057
562.785
583.09
-335.335
-2087.51
-1193.42
-675.83
1878.64
1134.33
-1721.68
-1230.64
620.871
1707.31
-1091.16
-1169.66
198.376
167.365
-365.741
-584.35
584.35
35.9723
680.14
1092.94
-1773.08
1131.18
1096.71
-675.642
305.96
741.749
-741.749
-1469.56
582.049
887.506
1083.32
-1677.99
1810.55
-604.241
445.871
-715.899
-1640.73
1039.09
-598.627
1796.65
273.381
566.901
-566.901
1633.25
-895.019
436.005
-713.448
713.448
-1097.41
-850.173
-466.174
191.557
177.688
-369.246
655.077
-1301.6
-459.446
-1654.13
1069.06
527.544
559.861
140.5
213.757
-354.257
-1204.07
1805.06
-608.645
-1280.4
-781.587
1602.21
267.508
518.981
-283.312
626.73
-626.73
1792.33
1497.74
316.25
-622.381
622.381
703.795
-475.599
563.795
-405.251
-203.701
470.503
-508.913
201.698
714.672
-502.655
-715.437
332.867
-1658.98
1118.7
1091.03
818.527
-565.21
1452.07
-1557.43
965.665
1002.84
-1672.92
610.991
1106.17
-1717.16
-1587.01
1022.95
618.956
-618.956
1223.53
628.764
-1123.04
1094.87
-662.832
711.902
-458.007
-1486.33
897.558
1033.86
-1627.77
-1183.28
-580.885
1956.72
-999.621
524.337
981.917
-1628.32
-161.929
-553.508
1603.63
-17.0237
-668.881
1209.62
-1885.45
551.733
-1681.12
1101.47
-529.078
312.766
216.312
550.669
-1192.58
1845.14
-1528.76
958.097
-263.447
-242.469
505.916
223.465
-458.545
-385.038
1451.43
-753.396
-823.345
1576.74
740.719
-1839.84
1099.12
-309.282
479.096
-1922.6
1948.67
-1948.67
-1801.77
807.609
1881.22
-649.668
178.444
-417.63
-537.392
-343.298
-880.124
388.73
-593.521
1979.13
850.424
-492.558
-357.866
-1664.55
849.164
-1867.93
1052.68
727.253
1836.09
-282.086
1669.23
1787.52
-586.973
-1627.67
545.691
1081.98
872.02
-1625.42
-606.069
-667.923
-130.317
641.932
-363.745
154.386
408.697
1000.16
466.082
-1466.24
1675.33
-543.479
-562.575
1640.38
-1702.97
919.413
-492.928
-1101.95
615.136
-26.509
-1426.15
1630.65
-524.482
-1435.35
860.307
608.932
-1679.36
1070.43
1671.44
-588.121
-1286.91
-689.793
1919.14
-1621.22
-14.142
-367.61
-1799.19
602.891
-1179.55
-1468.13
879.043
-502.184
923.003
773.611
-1696.61
1008.65
-1432.31
423.655
-64.3676
-239.866
-166
-1384.89
410.093
297.785
-949.798
529.341
-1517.58
749.109
-1594.53
789.626
-1115.22
2009.44
7.8719
-607.467
1772.83
941.905
151.517
-1819.63
1169.96
-625.638
433.138
-445.412
1071.53
-117.47
-1076.24
1193.71
-480.317
1241.4
817.981
-1646.8
197.043
1196.7
759.801
-1533.87
148.003
1670.43
608.179
-1539.39
944.841
-1538.36
-551.225
227.985
-1399.08
912.756
450.289
-109.645
1202.78
-572.237
401.067
-716.861
1396.32
-679.461
-363.695
593.496
-340.47
-541.591
805.607
-1372.68
807.062
-508.468
-699.805
-365.143
-462.95
1853.05
-1066.69
-656.365
-631.446
1870.13
-1268.31
472.357
-1239.76
799.271
-965.969
848.499
-1302.72
742.179
-835.66
-288.364
-766.962
315.131
-485.3
1209.67
606.867
1026.39
-6.67608
596.82
-91.0839
395.355
-227.037
449.324
954.239
1065.37
182.779
-1414.31
823.009
-749.538
-1128.89
388.257
-1338.33
764.079
-1591.5
750.656
1264.19
459.133
-225.721
-751.142
1323.35
-1082.83
-651.587
461.759
-336.725
21.8686
994.205
-1119.57
125.361
648.412
-759.731
215.69
-1744.94
-793.381
310.073
-234.479
1087.18
569.544
297.51
-867.054
-595.668
-830.222
354.704
-459.27
-23.9653
1443.58
944.237
254.953
278.02
-532.973
-686.382
1787.85
-65.9597
-457.201
709.247
180.903
356.287
278.348
-596.406
1676.88
1381.64
1829
361.904
1079.66
-1766.04
793.59
680.935
-1474.53
-1504.86
1095.01
-1061.4
1709.81
-651.793
315.257
-792.232
-570.565
-991.559
1562.12
-1030.02
238.49
-333.947
1078.85
-1537.39
701.029
-1513.64
-848.555
583.388
265.166
-583.037
535.014
736.58
1112.96
-1668.23
1668.23
-599.33
807.008
1147.15
928.509
-1527.84
-604.86
-948.466
-417.791
-477.228
-283.833
616.563
648.11
-1423.27
-1589.05
722.106
865.108
-1626.32
637.085
739.69
740.411
-1515.28
-485.268
1390.24
-757.987
-515.287
1273.27
-1252.35
686.963
931.175
-403.845
581.002
-1310.66
-1381.64
-1338.87
615.042
723.827
-574.157
643.616
-1289.4
-682.793
742.494
-418.73
804.453
525.596
680.473
419.494
-1177.48
323.543
501.347
-824.89
-425.392
-107.831
875.946
-1592.53
1663.47
-158.351
-1053.13
-626.237
367.82
286.541
1654.66
-556.798
1476.18
-578.625
495.21
646.016
-1509.99
863.971
-1230.56
663.345
-1217.2
-489.573
1133.19
1168.64
710.695
-1225.98
735.981
-1728.05
845.032
467.068
1009.77
-471.533
-144.496
-1051.33
-255.707
418.639
-474.199
673.069
-1569.52
-1182.73
522.97
1034.82
706.194
-1195.77
-602.782
-1633.83
0.156057
364.333
411.027
-901.45
1526.4
329.722
790.688
-417.312
5.32379
1574.53
881.777
-344.207
315.785
28.4216
-470.357
1238.11
562.247
-1046.72
484.472
-329.722
-21.3026
532.219
-1070.18
537.964
1179.2
-413.253
339.171
-744.762
72.5678
941.291
431.902
-225.889
-500.343
-1061.94
-1191.69
637.938
-713.63
-1609.18
-658.508
798.021
607.824
870.985
-1478.81
1037.64
-1085.2
1660.59
-621.509
-483.886
-311.187
1160.54
-293.764
350.753
-381.917
31.1638
-735.063
-594.117
-1408.87
781.045
-975.77
-626.061
-46.5747
-14.23
-290.941
483.761
-1155.72
251.47
-285.561
34.0905
-1092.09
-589.03
-677.081
587.885
-1149.92
-186.416
347.805
-385.123
37.3188
423.011
381.442
-1097.42
-590.393
814.203
430.903
-495.226
916.807
629.354
-1546.16
904.658
224.751
863.133
-438.058
455.933
523.712
512.913
-1036.62
594.348
487.887
-1082.24
688.617
607.243
802.731
-1409.97
969.3
1132.55
-648.785
943.354
647.632
879.777
-39.3198
575.637
-1102.3
303.502
-344.401
40.8985
465.587
384.837
-379.701
326.215
53.4857
1112.43
509.374
-1015.38
-1630.04
863.476
1421.39
-757.941
-413.276
350.289
62.9873
1130.09
-718.878
196.17
-1073.01
1712.36
306.213
-373.968
67.7553
1477.93
-598.888
325.804
-398.31
72.5051
-623.58
259.835
-431.451
347.12
84.331
336.181
-422.794
86.6129
333.217
-421.187
87.97
395.903
-479.696
83.7928
-489.99
430.95
59.0395
434.577
-480.278
45.7006
430.197
-460.519
30.3226
440.75
-453.542
12.7912
436.272
-432.184
-4.08741
-433.167
486.504
-53.337
463.785
-398.345
-65.4403
439.983
-364.185
-75.7987
-422.15
509.871
-87.7215
-20.7376
-801.59
489.29
-146.926
752.422
-684.965
464.241
512.971
650.796
-1458.51
807.718
-596.148
-648.008
429.099
383.96
411.4
-391.587
310.761
80.8259
375.909
-753.429
377.52
118.227
1571.44
-605.773
-1292.66
195.313
-551.381
446.082
-927.703
481.621
535.375
393.182
-839.657
446.475
1687.73
-743.492
1500.34
-878.765
-1587.78
-789.567
1763.66
-672.626
478.332
-950.971
758.293
-1354.44
1112.07
1583.17
510.496
420.679
427.867
319.991
-396.854
76.8625
-895.304
453.694
-433.427
471.781
-38.3539
-757.775
-571.285
504.478
639.163
-420.812
-578.781
1646.06
-575.623
492.393
535.351
507.024
-1016.99
509.964
-1537.45
1173.76
-685.353
1694
1127.22
-599.754
-384.735
-451.412
381.576
69.8362
-286.423
425.019
544.969
-1039.27
477.04
1178.85
-549.043
-545.731
-317.981
342.53
1057.93
-348.598
-634.313
-535.346
511.369
-1058.72
547.35
1425.3
-602.289
1400.99
-500.857
497.714
-981.601
460.515
-438.628
-21.8867
163.446
-889.271
-671.024
1469.11
351.988
-826.157
484.183
-944.599
1830.19
-958.173
-724.452
277.673
543.572
592.619
652.946
-1245.57
683.869
-1432.35
748.477
1074.22
469.786
-906.457
732.611
620.741
-504.69
1417.46
-1770.28
1503.08
267.195
263.617
1453.53
-1024.03
1518.85
164.606
-710.26
218.541
440.427
-861.239
-642.549
-1111.69
277.897
1119.61
-166.451
1289.76
-602.794
-1600.4
1098.21
1921.13
-1110.49
-810.638
-580.495
844.433
1041.96
420.261
-824.631
-807.435
-1121.7
-648.063
-500.829
-386.772
-1351.97
-245.392
312.041
-575.73
206.108
426.651
-830.514
197.815
-657.253
855.437
-1809.3
-852.242
193.823
173.74
-367.563
-935.763
455.868
-1098.54
894.894
1016.73
424.219
1416.48
-1542.42
699.505
257.442
781.512
1379.03
574.279
-1183.42
609.139
459.787
-857.177
-888.309
1879.36
-446.398
182.951
-558.591
1120.84
209.371
624.618
689.235
-201.159
-396.191
597.35
1610.54
-1009.98
-508.776
1147.94
364.788
-274.823
-89.9652
628.321
-1259.75
-864.867
338.468
526.399
-1122.81
-1621.18
781.888
877.803
649.635
722.631
201.351
311.62
143.695
-514.116
370.421
545.197
-297.742
707.079
-1187.4
530.046
401.766
-781.535
-783.095
-626.879
-7.88536
1608.44
-982.934
-818.811
968.753
1529.38
-851.238
-678.146
346.451
-690.279
343.827
-540.141
1298.22
1268.66
186.817
209.23
-1053.81
743.262
681.04
-507.183
147.715
-459.055
257.785
201.27
251.61
1469.11
378.979
-734.792
646.169
970.802
-1541.37
188.785
326.24
333.629
-659.87
1189.22
-601.332
364.2
699.364
-365.711
603.719
1282.78
474.813
-935.328
460.515
541.557
531.67
-1073.23
676.768
-1425.21
895.333
-450.679
-597.1
1679.08
-598.454
1786.51
-1188.06
-625.448
259.737
1509.71
-773.729
-355.508
889.386
281.415
-910.377
-385.701
672.242
822.516
-734.868
1277.56
440.978
-895.744
454.766
-1063.15
-756.482
-763.555
-1060.28
-974.746
-714.521
598.3
-598.3
-7.69212
-731.263
539.816
-1531.37
810.541
174.609
402.556
-753.369
350.813
656.292
873.092
-1294.23
1834.05
-888.018
1659.71
-717.806
1267.77
-865.528
459.64
-243.95
1403.67
310.93
-596.779
285.849
-1069.32
610.047
-934.359
1534.91
825.324
-130.358
-461.657
845.617
417.38
491.98
-400.76
-91.2193
-1637.65
780.475
-541.836
136.585
1629.09
-878.43
1122.81
17.3078
1523.67
-650.507
-1128.29
-433.818
-557.331
-858.196
-1678.76
1052.52
510.451
-574.079
63.6284
-285.101
335.447
-751.366
1850.47
-18.0435
283.633
-600.144
-1523.67
-138.998
1129.8
-694.218
-435.585
-727.086
-117.266
583.598
253.214
-755.869
-591.158
1768.69
383.733
-741.474
1820.32
339.43
-881.02
273.205
295.851
-569.056
-328.255
364.038
345.393
-1377.21
-419.795
228.493
231.148
868.079
-1111.72
448.885
1075.16
-45.3185
-582.296
1156.55
-553.661
-950.377
-445.658
-493.9
-819.047
1312.95
-613.134
81.6212
237.844
-226.18
-950.483
1379.14
-428.657
-497.417
-681.608
1296.65
257.014
-517.802
260.787
619.004
1390.44
617.522
-1553.28
1188.12
-824.681
-466.031
-540.673
282.917
-327.757
44.8401
-551.045
-258.246
-11.9493
-626.796
-1197.55
736.642
460.908
-572.997
1098.54
-668.803
1392.63
-583.257
258.557
1635.78
-913.676
727.086
34.4357
-61.1303
243.809
-486.278
802.929
-543.511
921.871
640.253
1021
-446.984
788.533
-1370.54
672.678
-247.841
1051.6
-654.376
1154.08
-375.893
335.907
-569.322
-890.587
1599.37
751.366
1731.07
530.446
-328.748
-527.251
864.627
-488.718
844.144
618.786
414.076
-323.932
-90.1448
711.286
-1599.3
-404.742
969.924
-636.798
-844.206
-742.661
416.416
-328.539
-87.8771
-478.25
-520.149
-603.804
370.612
1089.6
-633.662
885.249
-530.545
586.515
-422.865
1305.68
-1689.13
706.195
-1797.53
608.722
-530.857
502.121
-840.01
337.889
224.14
-541.712
317.572
-763.259
384.655
-349.532
168.498
568.472
-268.563
-462.161
1172.86
1118.46
-690.588
-587.858
-462.137
336.486
-423.265
86.7788
-497.277
197.468
442.814
-217.891
-294.433
-303.596
768.901
-1080.09
481.018
943.864
1035.27
-453.331
403.521
328.255
479.387
1029.67
489.921
852.465
1068.67
823.342
-1473.32
649.975
466.593
-1259.3
680.52
-197.553
-261.502
174.853
-388.341
599.927
796.395
-595.956
-166.486
258.161
234.073
215.251
1655.15
-458.158
-734.427
-310.67
382.263
-71.5934
1177.43
-488.866
-688.567
439.061
-396.954
261.912
410.766
-571.808
493.991
-726.098
1152.75
232.889
644.559
1399.17
-1204.64
698.84
-409.333
201.719
-188.328
-686.698
607.143
520.768
-313.146
1101.48
-663.737
1123.52
-489.862
1196.06
751.54
-607.43
381.367
-66.9874
1511.79
-772.098
1654.14
-993.827
1370.54
-1247.7
258.246
-25.4676
602.529
-780.526
-780.372
-405.467
1250.5
-80.2552
-535.447
-264.389
-1190.82
-589.845
731.578
-273.993
891.829
-455.824
-357.939
176.732
233.842
582.375
-223.664
-275.61
1230.15
-591.575
-537.858
583.217
-656.729
216.87
67.042
407.451
-323.073
-84.3775
269.399
-1079.83
765.9
278.19
-1012.62
359.117
206.095
-565.212
627.167
-278.593
719.407
-440.815
-762.444
-378.55
-1024.98
537.378
456.35
-1182.45
-873.887
330.375
-107.064
183.075
933.388
-48.1637
492.226
-1155.96
1781.97
-900.197
-89.5764
-19.7688
-17.27
41.6383
640.924
-472.466
90.2871
-684.5
-433.955
-624.763
-520.35
773.565
-448.537
-963.163
-1213.87
-93.7257
-459.407
740.822
901.995
-420.374
165.471
-360.768
-44.4662
783.54
800.778
430.243
-319.103
395.368
-76.2646
-505.002
-641.212
292.615
-624.212
271.736
703.541
-210.558
329.613
1155.75
53.0768
-518.734
646.918
-1593.69
946.772
293.221
185.875
-390.91
553.961
-379.352
214.644
-674.051
-414.268
188.379
-233.446
-217.099
921.261
769.632
196.695
316.737
-952.227
524.768
-86.0929
274.916
-739.494
-663.369
-965.798
790.135
-1220.65
-896.404
285.257
-503.202
154.389
-358.955
-428.269
888.584
-341.235
-477.382
694.248
67.0147
396.954
461.948
1154.36
-735.281
28.3305
-381.182
640.919
-539.633
-628.125
732.324
-446.78
1209.81
-311.556
285.525
26.0305
1779.07
869.201
511.939
-325.122
869.791
-1428.09
-1840.38
856.335
750.889
-336.824
1603.63
509.088
114.649
-125.297
-173.658
298.955
1695.65
707.304
-1386.77
1687.29
-733.05
1036.56
-42.3571
1217.03
33.1528
273.571
-709.384
-294.79
-346.26
292.459
-812.608
1020.05
553.221
199.813
-671.445
-701.265
-146.162
1209.26
-244.323
-272.186
-181.384
-122.84
304.223
-1032.36
-218.584
-689.766
-615.588
-1320.53
541.604
-550.761
-1245.62
1099.63
737.611
-340.987
-107.202
386.743
-306.303
-80.4398
1770.84
-514.651
134.316
-360.037
-57.3611
-450.881
954.875
-636.438
471.88
539.719
-648.757
-45.0567
297.551
-84.2018
285.562
156.406
208.666
-1154.36
-408.697
-189.855
-121.865
311.719
-757.355
-808.705
-374.712
-86.5548
-879.243
-1120.82
-1464.14
-535.887
-1464.14
1465.72
534.281
1465.72
346.26
-318.257
119.941
1034.7
724.512
1271.75
-1119.84
-461.653
-849.007
-445.421
-841.039
-273.211
659.135
-414.274
292.012
-1752.13
-444.489
-27.3617
-371.473
733.787
-575.298
406.351
-684.944
-510.447
631.419
-425.324
-1114.31
-725.53
674.261
-1704.29
-771.898
-686.616
1679.69
-502.612
227.002
1056.32
-561.442
-100.923
-92.1577
-1471.75
582.483
1566.35
389.379
-1419.59
-461.821
-1398.78
254.187
-1014.87
460.27
441.725
1009.52
-863.069
-118.168
-219.431
337.599
-1292.66
-345.017
441.503
-235.395
-765.044
-460.783
-592.045
1486.94
686.991
355.981
-766.013
436.761
1132.43
-708.206
-820.816
-674.219
253.732
-645.017
-27.2672
-473.38
1253.91
-843.817
1461.37
-384.33
-365.184
766.3
-410.877
-903.282
-818.161
-428.052
495.947
-350.105
-143.25
493.355
123.204
413.548
-455.336
1421.1
1573.01
-604.256
-623.894
1153.72
-969.117
247.195
-303.416
-445.768
1099.69
-529.613
-215.149
946.948
-473.63
-156.958
369.542
757.355
-1342.44
-31.0731
-428.373
-257.183
257.183
-323.861
-429.508
932.043
-616.441
1296.96
-408.323
-510.631
-1585.99
817.895
-322.553
-354.813
-1193.94
1176.63
-567.491
180.34
415.111
-892.339
-723.147
285.05
492.577
-291.308
-632.877
-515.818
-227.603
-133.601
361.205
-819.738
-129.471
-224.523
353.994
-223.382
-122.765
346.147
-279.034
35.379
893.503
-1523.15
369.05
-189.562
170.891
-954.997
1044.27
-500.697
-669.161
-427.169
1096.33
939.411
-235.9
-131.648
367.548
-439.806
472.959
1359.58
1661.18
1282.78
-1480.87
714.861
185.864
462.573
96.864
-354.047
457.385
-300.996
788.049
-437.236
515.768
-694.167
-607.434
-465.607
136.324
493.604
-44.8759
-448.521
-421.243
-654.464
-1579.85
772.414
-237.218
-135.94
373.157
-888.205
-512.157
1610.37
-1519.99
-870.017
1129.9
-1175.22
1600
1054.49
-818.797
-899.806
125.91
-613.725
1671.66
900.936
911.032
680.209
-266.794
875.38
-350.331
-317.601
-366.808
712.202
394.208
578.252
601.552
529.702
-340.917
735.282
332.483
1578.92
1408.93
-475.547
316.189
-364.936
-658.158
13.3161
141.778
-883.076
364.77
-799.374
948.479
838.031
216.87
-261.213
477.526
306.315
-579.938
783.603
211.699
216.318
198.524
1559.96
48.3767
905.647
-954.024
474.959
-402.682
182.055
-1099.14
474.375
56.1903
819.626
908.314
-180.906
-184.685
-380.527
-352.625
-521.262
-607.455
249.516
-929.418
456.719
-468.08
-348.898
92.4844
749.663
-456.616
892.258
-88.961
-462.42
575.413
885.956
353.925
-209.93
274.162
932.094
602.818
53.3475
295.054
263.576
-1223.48
465.607
-921.44
613.746
307.694
1688.73
-429.66
-372.07
289.342
-403.534
977.138
127.571
336.676
1220.69
1514.63
-650.662
-679.614
678.043
-332.464
859.584
-527.12
-680.506
659.768
-410.377
822.78
380.753
619.726
-361.628
-1346.99
1038.67
-252.621
1857.45
-678.868
201.366
528.972
-210.448
691.88
-315.433
242.635
-1100.08
432.248
-1356.58
1339.5
406.534
-242.802
-135.222
378.024
-783.973
-1623.56
-918.742
171.022
70.6978
-604.117
1034.36
1190.82
-686.631
-773.279
-660.213
554.064
499.098
539.645
-1239.45
931.015
-264.208
1174.93
-523.304
777.294
-1289.75
1098.67
-79.488
296.358
-605.521
1389.06
236.156
-631.711
-909.656
359.093
1198.83
210.27
210.181
63.1597
-970.994
907.55
-971.918
-237.923
295.989
757.441
713.227
1152.75
352.335
-661.596
-329.2
-309.716
-277.274
-739.73
-453.717
524.811
-386.565
-27.6476
83.4959
-43.8264
-744.434
293.553
-1336.52
288.788
511.193
666.101
-1177.29
-1096.98
-356.623
-390.721
-1009.52
-1135.58
-1516.39
616.747
-277.977
-1103.8
-377.913
-379.741
780.89
392.538
-1100.74
-82.728
346.192
287.662
265.674
608.872
-1031.29
356.108
-447.271
366.762
-207.209
-400.494
-199.708
-1534.99
293.322
-1508.56
-1457.75
-216.784
1095.37
63.6695
-473.339
1063.34
-573.423
-682.636
1125.45
812.85
363.455
-768.196
695.92
-263.704
-381.313
-408.278
-563.207
1042.59
357.074
-165.775
-191.299
-335.365
-799.338
-401.492
1200.83
1914.44
89.0649
416.576
204.072
-535.714
-304.296
283.915
313.429
-108.071
-205.358
-378.768
164.658
-450.797
479.128
-402.978
766.433
626.307
482.523
-419.363
-364.617
-96.635
-905.555
405.187
-236.825
-739.908
639.093
501.7
1170.68
1019.87
-1160.74
780.756
-542.479
-135.31
1546.56
-575.297
1100.06
-312.694
1648.19
-111.016
-216.741
374.152
921.223
415.754
-1373.93
-328.65
-1433.45
1314.9
-634.689
707.464
-1353.48
665.44
362.641
-449.38
-629.324
-534.112
490.22
-202.549
-974.16
-830.989
295.274
1133.63
1511.13
1003.61
225.334
471.319
22.1619
442.549
501.595
969.979
599.077
-329.678
-289.109
1525.8
-177.379
888.16
-1353.72
955.927
438.752
-606.605
-190.563
-489.942
329.465
-587.018
1131.07
584.028
-325.866
301.028
427.801
-304.597
240.649
-427.007
-160.601
-810.289
319.801
-600.836
-490.154
417.092
-1013.09
197.818
1017.36
507.729
805.001
357.228
-241.863
-401.581
1530.84
-748.256
-475.228
19.012
-748.644
1176.63
-1708.89
1176.29
-198.862
1323.89
312.54
-341.55
-174.218
584.984
-385.364
464.335
1517.22
-148.164
324.817
-539.603
1391.84
-1202.59
-1323.73
419.556
399.495
-968.053
155.132
-347.288
335.699
-369.501
465.698
1060.11
-561.94
-567.666
1203.66
-1219.32
538.363
320.656
-1189.82
-1271.8
-262.639
66.1609
-482.949
301.509
-749.675
287.854
-49.0024
-608.226
417.662
-368.866
264.402
-131.272
-899.615
-468.371
-359.336
1115.81
-378.412
-296.64
278.1
433.524
429.025
-535.133
252.864
1632.57
-1575.08
-310.621
530.742
-90.4103
-718.369
291.649
58.066
-1101.3
-430.076
-889.053
281.623
962.372
-331.564
-958.182
-336.477
7.38016
204.085
-701.086
769.604
-708.632
502.129
-164.615
-234.523
399.138
-331.116
52.2941
-351.639
973.473
998.835
-406.214
186.981
170.248
-651.201
226.085
501.172
-540.492
1080.14
248.824
-378.742
1127.06
-636.836
-273.923
291.27
143.729
-1671.54
366.31
1329.17
188.38
75.7781
78.1317
-426.117
191.565
1473.93
167.283
-801.54
426.096
-1532.94
1543.23
274.79
-158.457
-438.608
-188.812
1107.27
130.872
-288.474
328.796
-344.63
677.112
643.221
294.614
-628.379
-1000.46
169.3
-160.689
604.97
-329.47
654.287
332.092
308.827
-767.295
1188.17
48.9337
341.033
-480.506
770.032
373.232
718.382
351.195
143.142
-625.414
911.495
293.862
-456.122
272.849
257.197
-936.25
-224.486
23.8654
-120.677
1500.84
-283.739
1339.73
-197.998
328.87
321.922
-1136.49
421.165
-806.502
350.38
-333.46
-675.623
1021.08
655.8
-487.487
-747.928
233.277
410.987
253.146
-314.272
-128.58
320.144
-556.88
-984.377
692.452
185.79
-607.864
-196.646
-758.978
-460.074
-129.887
-838.165
-167.946
1053.88
507.018
1721.36
-621.722
-83.7581
443.68
-654.442
-173.368
-160.092
-497.634
-105.394
-1465.22
444.945
-223.612
-316.701
-453.298
748.572
355.962
576.098
601.513
-350.885
564.82
186.217
996.381
-822.995
1289.37
586.279
386.439
-310.661
-541.217
-37.94
-424.48
-1009.13
5.07775
-370.195
-381.331
61.4082
-326.578
-782.628
121.4
-29.5325
119.276
1111.99
-555.504
-123.16
803.992
249.213
-386.203
-984.53
626.294
-362.212
275.676
803.84
317.103
55.1415
-427.928
-246.003
1442.93
484.751
248.054
-98.9295
1210.92
-215.022
-153.844
371.048
-829.397
-246.419
211.71
135.578
-326.877
1380.31
-515.301
-192.524
-143.744
83.6101
-110.664
93.9832
16.6812
242.698
73.5967
-316.294
26.5784
-1.06199
-25.5164
-61.7077
57.0551
4.65266
-3.95256
3.56808
0.38448
340.337
-67.4133
-272.924
157.209
-73.2755
-83.9338
25.9226
14.0008
-39.9234
52.955
0.53766
-53.4927
-236.708
121.62
115.088
-39.4297
-81.5212
120.951
-6.12301
6.52202
-0.399006
36.6044
303.733
323.218
-80.5209
75.8205
-5.93445
-69.8861
-11.5911
14.7623
-3.17121
-111.486
-245.367
356.853
-46.7193
0.892772
45.8265
-63.034
1.32631
-50.4349
3.71556
84.956
-314.018
229.062
287.759
-179.726
-108.033
-223.692
-111.432
335.124
2.29645
11.2834
-13.5799
-9.44436
-2.14672
363.094
-21.3418
-341.753
109.471
47.7378
-9.03102
-1.32479
10.3558
-3.0948
3.47293
-0.378129
-3.09235
3.4708
-0.378453
-3.09275
3.47159
-0.378845
-3.06859
3.46597
-0.397378
3.06489
-3.4553
0.390409
-3.06858
3.46575
-0.397176
3.72185
-58.7519
55.0301
-23.3057
49.2283
-47.8445
-43.6109
91.4554
-3.63916
2.50014
1.13902
201.179
-174.535
-26.6439
-162.517
285.264
-122.747
-13.7929
4.76185
4.33134
-0.119684
-4.21166
-363.518
554.194
-190.676
125.157
-164.587
8.8869
44.0681
1.75882
-54.1615
52.4027
-141.349
-95.3589
-29.7465
-192.694
222.44
-190.599
42.0951
148.504
274.662
-300.951
26.2884
-4.73957
7.03601
474.294
-175.876
-298.417
120.277
-263.407
143.13
-31.6784
33.4372
-33.7648
-38.6313
72.3961
20.479
77.5299
-98.0088
12.0825
1.92931
-14.0118
23.9502
-21.1405
-2.80971
-3.25813
2.71077
0.547357
51.1607
-303.89
252.729
-224.094
-166.513
390.606
25.287
-1.33674
-252.413
-33.781
286.194
-240.057
281.359
-41.3019
-72.2961
-38.3683
-6.86853
-0.217273
7.08581
6.77664
0.303213
-7.07986
6.83951
0.251905
-7.09141
6.77493
0.300752
-7.07568
6.77547
0.300318
-7.07579
6.89241
0.253585
-7.146
6.83953
0.251557
-7.09108
257.645
-206.484
17.2032
204.612
-221.815
19.9363
-94.152
74.2157
-3.31487
-11.9785
15.2933
-270.66
240.913
24.214
-57.9788
-417.834
306.348
-47.9105
-142.689
-368.943
127.134
241.809
60.3816
214.281
93.86
-18.0394
-111.298
-9.25691
21.3394
10.7765
39.5179
-50.2945
27.1253
40.49
-67.6152
92.8569
-12.0712
-80.7856
-3.58679
-0.365775
364.263
-47.194
-317.069
38.5874
-34.8656
28.4186
-61.831
33.4123
-87.6181
323.169
-235.551
147.925
226.558
-374.483
71.5292
402.765
-9.05913
9.46951
-0.41038
-3.73611
0.641316
3.57002
-0.505132
-3.7358
0.643453
-3.73818
0.645434
-3.60173
0.533138
-3.60055
0.531972
-6.12301
161.834
79.8203
-241.655
331.948
130.22
-462.169
-34.9932
-64.6413
184.918
385.958
-301.002
-20.0438
-15.0712
35.1151
27.6234
12.9017
-40.5251
-28.5733
-259.372
287.945
399.416
-99.3575
-300.058
249.445
-278.018
64.3434
-245.549
181.206
-26.0627
-5.79173
31.8544
-229.425
66.9087
-3.02534
-0.232797
-328.491
45.4485
283.042
167.652
-240.027
72.3747
-9.57683
0.15922
9.41761
-46.5548
41.8346
4.72016
15.7939
-18.7497
2.95572
-90.0598
-70.6288
160.689
-11.1416
85.1443
-74.0027
-28.9122
392.007
-150.877
168.08
28.3001
-28.8609
0.560808
-1.23387
-25.9448
27.1787
-5.07744
63.0545
-57.9771
153.592
134.166
27.6395
-25.8159
-1.82365
-9.33267
110.244
-100.912
381.765
-49.8164
79.6197
-192.08
112.461
20.5608
-63.8036
5.05164
-350.727
-3.20413
3.59023
-0.386106
-3.26144
3.64574
-0.384301
-3.20403
3.59021
-0.386179
-3.13591
3.53483
-0.398924
-3.26122
3.64651
-0.385294
-3.26167
3.64694
-0.385264
118.37
225.509
-343.879
458.875
-256.1
-202.774
-13.1665
-0.626379
31.1864
-36.2638
115.511
-367.924
406.904
147.29
-1.35371
-7.70542
-469.461
167.056
-390.748
-347.6
259.982
293.216
-33.2518
-259.964
4.33134
26.5096
0.068829
-135.029
296.864
-60.4056
59.1718
-32.903
-5.93124
38.8343
33.4256
2.28721
-35.7128
26.1394
1.50011
-199.675
-75.9403
91.5051
-15.5648
-52.7092
-3.98976
56.6989
103.664
-114.806
-14.4852
14.3655
-323.286
309.055
14.2302
63.2061
-35.5827
29.7947
-36.1379
-10.4168
3.17337
-3.55907
0.385707
5.08191
57.6018
-62.6837
41.044
-369.535
-0.0710765
-2.78623
-5.03283
7.81905
-21.7886
0.648134
171.965
68.4856
-240.451
135.24
-412.385
277.145
128.824
-138.157
39.5911
-40.6531
23.9848
-99.9252
22.1046
-18.598
-3.50662
-269.026
384.537
7.00165
40.2971
-47.2987
-57.5505
-102.084
159.635
-86.0736
258.039
-294.495
249.309
45.1854
-9.19255
-0.384281
162.259
-283.5
121.242
145.413
-162.268
16.8556
-35.2008
-46.7042
81.905
16.0483
-250.954
234.906
252.547
-236.499
36.1256
-31.0437
311.751
-18.5355
-28.8902
158.989
-130.098
-23.284
50.4093
330.475
-105.55
-224.925
-12.6809
-121.566
134.247
9.54311
18.757
-13.1731
0.00664354
339.707
-490.885
151.178
163.698
-42.0781
-5.47981
28.1321
-22.6523
87.7485
-116.639
390.282
-463.782
73.4993
-243.869
324.178
-80.3082
-31.2676
5.20496
-69.4447
-53.2303
122.675
62.3847
-101.016
95.175
106.004
202.452
-107.514
-94.9379
21.7342
-22.6469
0.912712
79.349
-185.519
-99.3226
163.666
-383.971
215.946
168.024
11.1373
-10.819
-0.318318
2.89354
9.18241
-183.717
-251.175
71.449
8.28162
-1.75961
123.163
207.312
-61.7733
363.355
0.908539
29.6588
3.82392
-33.4828
-3.74656
0.0104434
-3.746
0.0102037
-4.22155
4.34408
-0.122528
3.81854
-0.248513
-4.29567
4.40903
-0.113354
-4.29442
4.39312
-0.0986996
-3.74898
0.0107996
-4.29889
4.48443
-0.185543
-3.83572
0.23399
-4.22136
4.34401
-0.122652
-3.8352
0.23465
-4.29209
4.40062
-0.108535
4.44322
-4.30326
-0.139957
-4.22244
4.34476
-0.122326
2.44894
14.2143
-16.6632
463.769
-328.529
-105.111
125.59
-276.716
-46.5694
157.488
-12.0756
35.3126
3.18059
-38.4932
32.6239
-21.8473
-39.2634
6.36036
-22.0517
20.1639
1.88781
28.4186
314.081
-151.823
304.27
154.605
-0.01652
60.8723
-60.8558
157.349
149.987
-307.336
68.2568
266.911
-335.168
-44.6284
85.1183
3.153
1.05429
-4.2073
9.45151
149.537
6.09558
-6.08763
-0.707776
6.79541
-39.9821
59.9184
-4.39071
0.667494
3.72322
34.3062
-39.786
94.0354
-141.946
205.889
388.961
10.4554
-15.8981
-224.159
427.677
197.128
-214.181
17.0536
-57.397
214.746
-47.9765
181.313
-133.337
-1.60878
319.874
-366.048
46.1744
-0.996881
12.2036
-11.2067
90.1982
-12.6684
360.918
-0.0917475
-3.49504
5.28888
5.84847
-10.1298
-0.891886
11.0216
-176.689
403.247
-240.96
309.217
161.165
-215.583
54.4186
7.25461
-6.54
-0.714612
25.0772
-25.0937
64.4353
-75.2841
10.8488
3.99225
5.11152
-9.10377
142.606
-62.9865
31.0984
5.60974
-36.7082
-260.997
323.369
-62.3719
-207.942
66.5929
-408.999
139.973
193.432
128.469
-321.901
67.4805
-27.9626
-344.325
402.391
-40.3022
-10.1327
-13.1888
10.4025
-3.15634
2.91541
0.240932
-3.15596
2.90623
0.24973
3.13918
-2.90758
-0.231597
-3.1568
2.90638
0.250416
-3.68236
2.7444
0.937962
-3.15078
2.91423
0.236551
-3.15051
2.91436
0.23615
172.909
-185.59
-22.1025
40.3534
31.4061
-71.7595
12.2153
13.0716
-221.02
-38.352
21.8832
21.8673
-43.7505
274.262
-69.6502
311.491
-118.058
-30.3406
169.357
-32.3803
-136.977
63.181
-58.6436
56.5388
-114.089
227.249
-66.0841
-26.9459
35.1923
-8.2464
-221.346
131.286
-27.698
277.143
70.5949
-7.54036
33.7518
-11.8686
-129.636
59.0074
-32.9016
151.147
-118.245
31.6361
-12.0096
32.0997
-20.0901
-6.86853
-75.7535
27.909
224.297
-27.1697
-39.0889
291.766
-252.677
131.394
149.965
-4.79169
2.35374
2.43795
6.77664
6.83951
6.83953
6.77547
6.89241
6.77493
22.24
-213.363
191.123
-100.727
57.1166
21.2675
-236.098
214.831
-304.361
366.04
-61.6789
30.0922
-23.0906
-192.788
209.161
-16.3739
-50.603
-12.431
12.3402
-12.6885
0.348256
-312.111
-151.671
2.31623
1.22327
5.2712
-6.49447
-147.313
-151.714
299.028
-108.662
58.5672
50.0946
24.9954
-24.1026
3.34779
90.6354
-39.5975
-202.822
154.845
-248.96
296.134
-47.1736
40.7388
128.618
138.007
5.17451
-143.182
15.1335
-437.227
422.093
350.428
-27.2593
-52.5447
-9.28628
-0.73863
22.8433
-3.95077
1.3686
-1.3686
-94.5104
-113.431
-51.9147
55.0953
167.834
-158.382
8.28162
-243.174
209.922
-330.587
225.038
3.95143
-0.798426
5.03334
-6.93522
1.90188
4.14202
-0.190595
21.975
-139.713
117.738
144.677
-6.66931
-61.963
-232.532
130.797
-88.2583
-5.89374
3.56631
-0.855539
-37.4563
10.5105
206.658
78.6055
-235.653
348.827
-113.174
-41.7369
45.5608
-49.1233
-88.7007
137.824
202.497
-236.278
186.897
-90.6481
-96.2489
-13.0891
17.1328
-4.04372
50.2863
-119.731
-39.343
-218.774
258.117
-2.18975
34.4583
-71.4151
36.9568
-12.3837
2.2539
1.30249
-19.9005
-7.63955
-1.27465
8.9142
-110.681
119.888
-9.2067
-26.4033
-13.1942
-171.52
-93.0966
223.893
258.791
-297.88
-13.3022
107.287
-93.9851
44.7737
-44.8244
0.0506411
-18.8809
-31.1208
-6.33556
-3.35748
14.6409
15.5412
-108.068
92.5268
-24.4018
18.4706
276.322
-69.8554
-206.466
42.6262
51.2337
54.9273
-33.06
-242.487
-98.6566
341.143
-90.8972
-210.053
-38.1599
53.9289
-15.769
-50.0152
34.9439
-0.401257
-210.969
211.37
-36.5213
29.7215
6.79977
6.54546
-7.91793
1.37247
6.43202
-7.93742
1.5054
36.5282
-48.5378
134.625
-281.938
-210.636
-25.4616
-230.521
97.3576
133.163
-33.6705
148.302
-114.631
-59.4217
24.221
233.663
-234.064
-0.31612
0.315245
0.314799
0.315193
0.31484
0.316587
80.1328
-15.6975
-215.163
120.653
62.4589
57.5209
-119.98
-52.027
-140.053
9.24747
273.15
221.659
-321.017
36.8092
-213.025
176.216
-242.68
-141.291
-34.9307
-19.64
-67.8028
61.2828
6.51995
-327.424
129.507
197.918
-75.2445
238.193
-162.949
-11.4441
-210.274
-401.116
421.807
-20.6914
5.99491
11.1379
-246.785
-24.2374
271.022
30.8638
2.57338
203.112
-172.836
-30.2755
-29.03
51.9159
-22.8859
-346.268
110.614
3.20928
11.553
79.2584
-21.6566
268.343
-188.523
44.3052
-93.4285
98.9249
-341.436
242.511
13.1079
-283.094
269.986
-30.7186
-14.8886
224.737
-128.947
103.242
25.7055
-269.598
22.8127
-76.1004
-16.7068
92.8071
-2.95222
-2.95822
-2.95247
-2.88232
-2.9609
-2.96092
106.341
-6.08763
-257.552
9.36093
-373.238
-180.211
185.385
76.73
325.662
-0.256951
-73.0889
289.035
-92.7985
9.522
83.2765
-13.7058
-50.0978
-124.504
-115.523
-60.444
0.0384193
102.924
99.5275
38.9522
-7.76579
12.5969
-15.6645
3.0676
32.5412
-276.658
225.104
-323.761
-15.5278
17.8441
14.2965
6.54546
6.43202
-160.308
9.60861
150.699
-3.79774
-163.714
90.4387
185.989
-330.653
144.664
-193.712
29.5308
15.2429
-1.07689
-3.31382
0.0942024
-159.154
107.025
52.129
26.7256
-44.0462
17.3206
24.0942
2.34406
-26.4382
18.4387
-129.12
52.6037
-12.3066
44.2569
-47.0666
-241.694
336.395
-94.7013
90.9514
-183.827
92.876
186.317
-164.342
250.373
-153.015
-101.93
116.881
-14.951
2.95609
1.9065
10.4337
-166.941
-48.642
-44.1865
106.571
1.06067
-8.70022
-87.1963
-56.2837
143.48
23.1311
298.796
-321.927
-23.5689
51.1746
91.4315
-2.71231
-6.34027
6.26919
153.273
123.049
9.33301
1.57156
-10.9046
80.3085
-336.409
-101.459
-40.0856
141.545
128.897
-66.4385
-115.245
-71.6914
186.937
-74.2035
-72.7171
355.814
-283.876
-71.9377
31.2963
-46.7861
15.4898
-448.862
-42.0231
128.083
149.598
-110.664
-38.9336
-192.955
360.011
-253.945
323.737
-69.7927
216.127
-237.469
245.3
-290.407
45.1071
34.2074
28.9987
-131.383
-66.6017
40.0876
26.5141
-171.529
307.086
-81.9821
-3.1047
-0.6413
-3.10466
-0.641896
-3.05181
-0.697178
-3.12776
-1.09468
-3.12756
-1.09381
-3.12659
-1.09497
-81.1362
-182.271
8.87694
129.932
-138.809
-0.160708
9.49372
34.7686
-7.58992
52.3792
-8.12235
-5.45552
-47.4525
98.6271
18.8787
-25.7736
6.89494
-164.179
-15.9593
-46.0401
-16.6437
-55.9527
-26.9476
82.9003
-366.444
62.0825
-262.143
150.711
52.8409
-97.4693
102.469
-93.9521
-8.51679
26.8317
-234.62
207.788
48.8273
60.652
68.2454
-117.111
-210.313
-5.03334
-10.049
39.7704
-48.448
-104.091
152.539
23.5841
-23.4899
-4.85985
21.1304
-16.2706
147.002
-218.694
-31.9289
3.70515
28.2238
16.7444
17.0074
77.2708
71.8092
-149.08
110.635
50.0534
-19.8322
27.1214
27.806
-259.277
-57.2094
316.487
133.546
-226.642
167.744
-90.4728
269.613
42.1385
95.2934
72.4503
43.8658
113.493
38.045
258.089
23.9395
-27.9292
-8.09042
19.5813
-11.4909
-27.2398
-4.68909
-372.359
285.741
86.6179
-108.068
-109.839
151.934
-1.3115
-129.3
130.612
-38.2499
-9.0488
-78.0352
146.281
-122.371
42.9994
-8.6932
6.56358
17.9976
20.3879
-38.3856
-28.3772
-245.902
274.279
-70.7699
-88.3841
-21.2937
-46.5091
38.4363
-19.5813
-18.855
-20.4074
-5.37194
25.7794
208.037
205.692
-198.306
224.595
-120.759
-19.4358
-6.28266
25.7185
-49.9336
-15.3557
159.793
-144.438
-33.4583
158.615
274.285
-298.523
-35.7626
-0.116047
-159.49
51.9764
92.9193
-170.954
-159.152
-43.6694
-192.611
-11.8361
-28.689
238.259
-104.713
-11.0614
-10.9903
302.043
-256.595
-89.7317
-3.06677
-39.8093
-192.136
101.663
-11.0859
29.0835
138.366
-138.867
0.500663
299.035
56.7793
11.8169
14.1509
-25.9678
246.371
-9.98717
46.5153
-8.94665
-215.014
-115.573
28.1052
7.0099
-51.1997
296.5
32.3396
-61.3696
14.1293
-74.3223
227.915
63.769
-2.89669
22.6639
-3.78521
12.729
-11.5058
20.6579
-8.06104
-202.838
166.742
36.0959
-53.72
-4.25702
-47.9927
131.431
-131.431
9.12169
-17.2121
25.2767
26.6392
45.6646
104.852
98.26
-120.07
-32.8576
-68.1584
75.4534
19.857
-95.3105
8.8191
-0.83125
-7.98785
9.67488
-35.1283
83.9555
76.2049
15.2505
-17.5023
-53.9128
0.782285
4.71659
-5.49888
-4.06003
17.2917
-13.2316
69.4239
-27.3473
-0.844544
25.84
-29.9223
-8.22494
38.1473
-6.05739
-0.877833
-297.427
355.23
-57.8032
23.3626
457.919
-42.4446
-415.474
-31.1823
-8.60374
38.4363
68.6135
-90.2873
-335.192
425.479
14.1443
20.5551
-58.715
-21.0054
3.23334
17.772
354.419
-282.89
-251.55
-55.9285
307.479
-204.804
213.986
-41.1757
-8.83945
-1.68402
-85.1907
232.193
-23.7649
3.22808
41.2514
26.2292
140.82
-151.194
10.3739
-0.0428181
-0.045994
0.0485105
-0.0460929
-0.137925
-0.0466766
-0.0465601
-132.916
-5.2403
-176.128
-4.08253
-82.0574
-7.67433
-35.2943
323.962
175.628
-2.71906
30.2494
-33.5123
3.26289
15.5398
-166.969
151.429
-239.009
181.612
12.5491
-37.4649
114.072
-3.82816
-2.35254
-5.56539
-2.3198
-5.61762
1.6487
-85.7426
196.378
-0.373453
0.519176
0.483027
0.518958
0.485505
0.485575
0.51915
82.4501
289.165
-371.615
0.632264
-55.0735
-72.7628
51.6582
0.74454
-184.776
82.6922
-4.40287
238.066
20.6359
-187.577
0.727018
-14.2914
-51.4012
1.46765
-181.764
234.708
-52.9445
135.199
-63.39
-67.7174
34.6575
-7.1891
-308.384
394.997
-3.1696
-0.389474
-3.38464
-17.6207
39.9484
-79.7576
-170.783
6.44112
72.3875
218.721
-296.196
77.4743
304.168
-289.034
160.409
7.42478
-56.5825
5.97948
-102.293
-270.066
-101.711
11.6762
90.0352
-196.408
235.374
-38.9667
-134.794
13.228
288.275
-29.4836
-189.606
101.304
88.3018
-266.619
-16.4741
-284.704
141.548
143.155
-279.442
-174.595
262.182
-87.5869
-167.601
92.9313
74.6695
-313.818
285.441
32.1208
-39.1474
-54.1063
93.2537
-384
287.571
96.4292
-4.81526
45.971
291.333
-30.4072
-260.926
3.11532
7.08862
-165.471
-46.3521
6.04989
-263.523
272.973
-9.45046
-4.61986
-20.5818
32.3987
-2.9981
-41.8263
19.4861
-215.894
-187.562
135.535
64.4601
99.6676
-81.0434
93.826
-12.7826
-90.908
-123.269
-57.4548
7.35702
11.2734
-221.91
108.945
77.9515
71.9416
-30.6903
-225.26
53.7396
363.343
246.772
41.5022
-96.7299
-46.0654
4.32844
-20.0987
21.6702
-106.597
-42.4832
-270.595
7.07225
-252.362
-6.83892
-6.84168
-6.84067
6.85421
-6.83953
-6.83924
-6.20803
1.10777
101.062
-133.92
-219.726
100.764
118.961
-86.4489
39.7447
32.6352
3.61689
57.6659
-38.1363
284.909
336.204
-37.1687
-144.758
-76.5876
-45.4806
77.8202
50.2222
4.87318
-70.6361
35.0534
-3.58264
-9.99722
-16.525
-78.0418
94.5668
79.0703
215.007
-83.7209
287.911
-17.9256
-14.4032
26.4576
-12.0543
-18.9599
4.71783
14.2421
97.8176
-114.424
16.6068
73.8595
-100.807
-3.61398
-10.8712
0.459726
20.6707
204.254
-251.448
-7.62991
24.9505
387.408
-304.958
32.909
115.393
121.802
-277.623
-20.2573
9.49233
-21.361
-2.81971
21.7193
-136.132
226.394
-90.2621
45.4847
52.854
49.6149
-155.553
128.909
300.285
-25.9999
-1.65716
41.1471
4.41373
-51.2613
244.612
-193.351
21.7217
92.5268
-77.2815
-90.3193
242.729
-323.25
-28.91
68.2121
-89.8687
-18.7427
11.1128
15.9379
23.3696
267.963
100.163
357.756
-334.344
109.418
10.2886
3.06618
-30.3899
-3.12243
-154.921
136.072
-111.765
-24.3066
-103.15
-11.0301
7.64543
32.5512
-39.9626
85.5281
-45.4405
207.277
-98.3317
128.955
-105.122
-179.582
-8.48415
-32.169
381.571
-424.016
119.293
-178.741
-27.0848
-177.719
50.9997
85.072
55.7776
-146.426
9.44768
-42.8025
134.585
87.7139
-222.299
-53.7392
63.7597
-80.4034
14.7419
-289.714
-80.9634
-0.0800744
39.1048
-20.8035
227.462
-402.398
-27.6977
2.18126
120.104
10.5078
299.895
-376.33
76.435
19.9749
-99.4727
79.4978
-386.306
336.489
144.915
93.3438
12.2743
-13.5843
1.30994
15.2146
55.3803
49.9178
85.2814
34.9933
50.5349
191.039
31.6561
14.4559
-46.112
-187.209
3.49165
-5.97833
-94.4494
147.126
-182.889
450.687
-489.041
16.6812
6.85421
-6.84067
-6.83953
-6.83924
-6.20803
-6.84168
-6.83892
195.896
-102.965
47.2302
-42.4586
-4.77159
-122.585
-211.759
62.6793
-74.9859
205.522
-104.218
71.4429
-48.9464
299.432
-250.485
-55.9467
206.326
-150.379
-26.9786
-104.517
-87.6186
-382.797
288.497
94.3004
-89.483
-94.5846
-9.76037
104.345
-259.876
302.273
-42.3966
-146.786
-57.5428
47.5556
-13.6345
0.461404
1.25256
42.1786
34.8772
301.326
283.811
387.97
-300.073
-53.9768
354.05
44.6352
-53.5818
-397.841
138.855
258.986
-394.48
201.524
-2.72371
16.8746
69.3858
16.755
-20.3377
27.8509
-220.822
-109.831
265.144
7.82891
451.407
41.7262
-50.2104
60.2004
-69.2492
252.419
5.0746
-257.493
-7.98865
3.94494
-3.06888
-1.23001
317.281
-98.56
104.128
-83.5676
40.6185
-48.8435
-425.157
274.171
-37.1773
337.758
-8.04216
0.336738
77.583
-404.302
326.719
-51.4556
-79.3444
213.93
48.0484
-56.8878
57.6157
-65.7381
-188.191
132.244
185.272
113.683
-353.758
187.245
452.336
159.441
191.147
-227.001
35.8534
93.0029
2.1319
2.12341
176.991
12.1838
-15.3987
44.952
-53.6452
50.0713
-58.6751
-311.076
404.433
251.959
-112.053
-139.906
-362.083
-116.356
-103.37
-15.6505
294.252
-278.602
44.9281
-1.01458
-43.9135
-10.6156
7.89192
-79.6157
-113.443
96.9183
-246.357
167.012
-200.915
111.432
-127.22
167.945
-40.7252
-5.84583
0.813001
-20.5569
361.413
-61.2399
-300.173
155.605
-212.841
240.062
-27.2215
55.9929
55.1567
273.536
-94.9033
372.048
-243.236
-13.3995
-98.9367
141.115
-99.2515
-191.239
-30.6713
197.275
-306.037
108.762
196.182
154.247
1.85399
-6.64568
45.0126
-181.145
-152.796
27.3009
125.495
-56.2723
-285.48
44.5943
3.74254
-0.0193242
165.934
-133.025
2.12564
305.935
-368.397
62.4619
75.0942
-54.5392
-111.705
-28.0099
279.443
-14.2984
59.3866
-285.895
270.245
-101.442
-319.964
68.4139
-4.82028
-7.86818
-8.96046
-24.4632
-162.746
-299.669
294.252
-59.5607
56.5626
190.638
129.264
-38.7187
-76.069
71.812
3.43425
-98.9207
217.896
-106.464
-11.6734
46.6174
-73.5178
132.904
-2.87713
42.1309
-149.147
107.017
41.608
260.665
249.868
-247.195
207.852
-60.4656
48.7921
269.829
9.61374
69.6138
-72.5105
31.852
7.10022
-0.75863
220.827
-269.773
85.1764
-103.216
-6.34027
-91.2527
341.121
130.806
35.1282
117.602
-73.297
-45.1002
199.696
163.647
38.5884
-143.106
28.5851
130.145
-45.5086
-24.8193
-88.6241
-264.394
248.496
-364.976
-17.7546
-366.523
310.25
108.55
-133.369
68.5056
-70.1896
89.7502
14.3781
-177.714
184.803
-9.21494
47.7732
467.794
-24.8257
-142.143
116.369
184.268
-174.659
-119.026
-209.344
-25.2762
-16.8602
-1.88945
-337.73
186.015
-16.3591
303.6
-280.469
-111.555
-316.264
207.704
108.561
-258.412
-52.4121
310.824
-30.3207
-306.968
384.551
-146.786
-186.143
69.787
231.685
67.7471
68.1625
-68.1241
34.653
-295.402
260.749
243.131
110.863
172.937
-81.265
73.7246
-0.323078
39.442
260.453
323.986
-81.2575
39.265
-11.0297
42.6858
5.47379
163.255
-168.729
17.9955
67.56
-66.0924
298.767
-361.002
62.2346
-1.07342
-3.221
-1.05085
-3.24482
-1.2933
-2.54242
1.23569
2.58285
-1.2961
-2.53911
-1.07013
-3.22196
-0.521194
-2.50414
-1.07463
-3.22863
1.98005
2.42058
1.98678
2.42225
1.01207
3.33194
1.01146
3.33262
1.04375
3.34937
1.01199
3.33277
242.223
-115.137
78.5595
45.7169
241.624
-279.48
37.856
30.0862
30.935
-61.0212
245.549
-144.708
-100.841
17.4598
299.462
-353.439
-254.624
296.232
-379.147
317.468
243.678
-114.401
-41.4031
155.804
41.8763
263.07
-320.279
-44.2591
-73.2474
-96.807
120.17
119.447
48.4978
32.9491
-346.967
26.2439
256.694
-282.937
-109.002
125.609
31.4044
0.861886
-32.2663
67.1447
-66.4001
-67.7682
-27.7166
-257.827
326.529
-68.7015
-266.802
250.355
16.4468
-116.899
68.4505
25.1781
-273.292
248.114
115.203
-53.7807
93.5254
-86.7927
-236.457
-321.853
223.293
96.8263
-20.6214
-320.199
-238.262
-152.486
430.449
164.328
76.2655
-240.594
-191.911
187.829
191.095
-193.814
-176.399
183.823
-66.7253
67.6167
-64.7232
187.598
-186.871
-203.92
216.469
-318.7
227.447
7.40527
-80.7899
73.3847
227.77
-227.77
-180.929
187.37
-176.012
-104.414
280.426
58.2112
-52.1613
37.8576
-46.3338
328.905
322.438
-59.3677
-269.777
-96.2712
67.7492
-66.4229
95.2926
150.256
268.988
-261.159
110.449
11.3534
334.558
-91.4277
69.5666
-63.5872
-3.49268
-163.727
123.001
51.7001
-4.46994
50.8428
-309.255
-318.253
231.46
-227.459
-424.455
382.432
68.4853
-63.6121
31.511
260.643
-292.154
-18.1192
4.21708
13.9021
-2.04882
-99.6626
358.484
-106.066
328.905
-278.001
231.668
256.736
-230.573
49.9471
-239.52
189.573
16.4974
-375.058
68.8541
-65.7388
-65.7123
70.764
-114.399
-8.34336
102.818
72.2071
-64.8501
-57.1746
-50.2663
-238.138
288.404
276.599
-334.178
252.92
-84.1624
206.671
-257.933
275.767
-326.033
-266.688
413.374
-146.685
263.017
-339.538
76.5214
258.467
-267.918
80.1539
-80.1539
57.1076
-52.6938
196.543
-64.3989
-132.145
-93.328
-31.6374
-241.654
288.205
-73.1844
-153.816
115.986
-44.5433
-278.602
-34.8237
-257.106
303.28
-308.983
291.057
-16.0666
-13.2929
260.734
-329.436
99.3461
4.99892
57.1482
-52.8198
-33.7545
68.6938
-38.2998
-30.394
-100.288
376.054
-335.166
-48.9878
47.2223
1.76549
-238.302
-268.988
-73.5581
-124.877
-62.6852
104.664
-366.402
308.599
-179.02
-35.1615
-60.0602
347.823
-77.4525
-328.693
265.149
63.5434
195.381
-218.323
-18.3082
276.776
-62.0694
290.781
-62.8729
182.32
108.278
258.291
232.231
-67.9027
-32.595
14.0979
267.314
55.1239
277.326
-295.862
-308.13
279.22
-44.9908
70.1736
67.5732
138.753
21.8192
-132.483
-290.221
255.397
-251.471
-193.329
-166.006
254.087
-254.087
-21.2855
363.29
-167.645
-195.645
180.021
-192.096
-325.878
266.511
356.506
-57.7101
198.787
164.503
-179.249
-176.358
-313.362
287.362
340.361
-308.953
288.695
104.069
13.521
451.746
-63.7757
381.222
-341.78
165.192
-358.521
259.475
36.7567
-39.4329
-267.985
307.418
-256.952
404.241
303.123
-42.4586
-9.61404
106.431
-117.611
391.147
-52.987
20.1295
-134.761
-79.6301
-90.5409
90.5409
-39.2108
298.686
-73.7129
-285.597
359.309
359.143
-213.036
-146.107
-0.189571
20.1502
-17.863
-248.344
-309.053
269.62
-26.1089
-220.844
241.48
-333.676
457.032
-35.225
140.404
-95.4074
-135.508
-288.947
-239.501
191.508
299.254
-273.224
81.0172
151.214
-301.96
333.123
159.7
-163.567
265.662
-318.074
-36.0861
296.729
195.576
-90.8052
-323.183
293.699
-12.9076
-68.0084
-283.152
-25.8108
284.101
-275.822
209.738
-345.002
306.865
-204.757
204.757
-67.9584
-66.4189
22.8471
-13.1722
-12.0051
262.477
53.2297
15.4641
92.2868
-102.718
-11.8556
-60.7289
279.982
-234.875
-17.724
234.901
-202.182
-9.01593
74.9115
-65.8956
169.307
129.72
-3.75587
-0.451428
-158.652
158.652
-44.4435
-277.111
321.554
82.0954
306.865
5.66155
18.6861
104.067
-120.774
-380.681
278.579
6.21538
-284.794
-25.1569
-114.612
235.265
-81.1719
126.185
113.724
329.146
-32.2457
21.216
-262.17
209.226
-9.59185
39.4283
-250.974
195.901
-225.56
-173.812
173.812
32.1301
83.8561
-141.349
141.349
114.087
-114.087
171.313
131.299
-302.612
23.5908
-9.41521
135.047
-63.6797
-71.367
-199.51
274.252
40.2617
-314.514
263.913
31.2602
17.9682
271.277
-316.393
-24.8711
-7.37457
12.7194
-0.445037
-194.619
-171.122
281.665
-326.109
29.8977
-315.494
-12.4172
107.865
9.01622
-11.9358
285.903
-11.6514
35.2663
324.043
105.104
-95.5817
122.512
-139.417
16.9049
262.6
189.438
-143.721
-14.7855
229.2
-161.627
-187.362
-180.201
-158.498
234.763
246.122
-150.83
25.2785
-157.037
-84.6181
276.241
40.6013
-316.843
-220.425
304.308
-25.7296
29.8577
-153.127
-63.2418
-321.162
44.0515
-50.0597
315.722
-394.129
-139.693
103.45
114.446
262.394
-3.57391
322.64
-55.3256
305.647
-1.32273
-304.324
-261.159
-92.3935
249.092
-156.698
4.7252
4.74431
391.137
-395.224
127.737
228.375
-356.113
11.1065
-169.105
157.999
-305.825
263.367
260.141
-302.537
-3.77709
-25.0769
28.854
251.202
-203.24
203.24
-162.706
-266.959
197.309
305.471
-265.476
-39.9949
-11.6335
-125.117
-16.2322
283.52
14.8806
-298.401
-262.95
327.443
-60.933
86.068
-95.0839
-101.841
-131.357
300.664
251.695
-304.682
6.41949
140.951
188.3
-401.702
213.403
-44.9208
-225.56
-152.077
323.39
40.4095
272.35
-95.3587
233.186
-346.36
157.966
-137.837
-1.21873
-92.7334
-298.59
251.416
265.155
18.9465
-352.879
232.12
-39.0212
-275.492
34.8884
-47.191
12.3026
-220.425
181.924
-146.796
14.5068
-11.2787
243.698
-288.689
340.913
-282.915
195.328
-10.3578
11.2236
-36.0948
-8.93122
-162.706
219.388
-281.458
-38.1711
302.084
-181.284
186.758
-125.117
-0.487543
-18.2551
76.3548
227.871
-285.045
18.7846
-280.765
-45.3438
272.58
-237.101
31.0443
274.427
13.6359
194.402
-45.6846
-336.936
297.915
-280.595
52.278
228.317
210.512
-278.28
-156.084
-268.452
13.5351
94.3301
282.197
-325.686
-309.134
133.122
-284.583
319.46
-208.108
83.2305
306.156
-42.789
175.602
-268.279
92.6762
6.5532
-320.836
-221.793
118.828
-269.621
-47.2217
313.672
201.564
-274.811
94.1699
272.118
-6.45527
-266.034
192.849
4.47191
-46.0021
-11.9768
-31.2526
293.646
-9.45293
239.955
89.0856
-57.9238
330.042
-238.623
154.902
282.059
-350.018
46.1011
-342.507
-16.4227
101.599
-265.14
311.241
-54.8923
271.181
-371.469
98.2622
-11.1366
-53.2652
172.071
-280.104
-4.00486
-0.915171
-288.171
18.3981
269.773
-354.287
154.613
5.36155
221.304
-298.221
76.9171
-273.29
-187.572
-6.69314
5.61972
-6.66347
5.61262
-7.5994
6.3061
-5.68168
-5.61972
-5.61262
-6.69374
5.62361
-7.60365
6.30756
-5.62361
-5.68167
-7.58477
7.06357
-6.34908
-6.69225
5.61762
-5.68025
-236.3
146.038
-229.352
131.021
-291.445
18.1547
198.786
-332.007
133.222
-299.416
244.524
-245.568
220.291
247.352
-219.938
123.208
-17.0568
70.7024
-26.2901
316.746
-130.731
165.342
-249.504
-25.1713
-15.8481
25.8207
-260.695
-223.027
134.169
88.8579
20.785
-12.7882
-7.99679
-60.8177
145.971
-247.412
267.356
-65.657
-2.02715
20.2411
78.6795
163.128
48.1055
-353.133
305.027
182.81
-47.2743
15.3807
-22.7553
342.547
83.0177
189.332
-70.9463
165.069
-204.961
39.892
-0.56402
-34.8355
-38.9617
4.09615
49.7449
-372.784
-5.1552
5.1552
-26.8281
14.992
100.842
-339.104
172.266
242.206
-414.472
-233.166
128.948
1.05228
-122.411
-116.063
238.474
150.15
-254.863
102.987
-339.265
227.629
-293.286
8.40454
-0.136542
41.9712
224.232
-88.123
57.4327
38.2025
101.91
-112.325
10.415
-76.7162
1.21658
102.775
154.799
190.713
-342.789
-30.8034
-277.54
-48.1456
-216.142
-8.16159
0.173745
-113.311
100.626
12.6845
28.3905
162.147
-190.538
3.026
227.456
1.51692
-324.762
3.14379
-305.47
329.335
-90.4315
-81.9615
83.5017
56.3736
13.1227
-69.4963
-263.635
-51.8593
312.197
-216.233
-95.9635
120.148
-115.149
4.89814
6.91727
-6.91727
53.5364
218.385
-245.606
-144.15
277.313
4.94629
-140.947
-3.49097
5.24197
6.49474
-176.115
274.377
5.02522
79.9171
-44.8637
-90.5746
-258.371
146.318
169.617
-243.939
-96.2078
-52.1822
-2.88864
201.863
-232.534
-339.702
-53.9566
-246.952
300.909
-124.504
52.5447
-248.116
91.418
277.86
-83.5017
-7.03925
-280.335
342.406
-62.0704
51.9425
-0.816023
-5.8801
5.8801
4.45437
-16.0909
2.89437
-6.21652
58.8478
-220.475
-59.7916
6.97179
211.286
-288.003
134.916
-249.528
24.9415
-14.6884
0.499289
23.3021
83.1294
-315.286
267.141
1.78797
-18.0585
-154.343
360.708
-206.365
235.915
52.0303
-34.1425
-337.216
276.487
-114.24
184.193
-363.442
-4.24074
4.24074
-46.613
24.3758
-114.762
-17.8956
-14.6595
5.31625
-5.31625
-21.3565
-23.0513
-169.437
67.2224
-11.03
303.63
-41.0301
127.255
-241.654
-0.180096
98.2583
274.899
-1.87696
1.87696
-258.533
306.639
241.257
-331.689
-112.541
112.461
-103.534
-133.116
370.876
-237.76
95.3281
-59.291
55.4058
-205.785
16.3421
-163.128
-159.063
-270.654
-82.4788
281.424
222.214
-374.7
281.404
235.621
-176.774
-6.04185
6.04185
-226.842
73.0263
-97.2625
-37.4267
46.8241
-98.2797
-411.257
125.235
-228.605
-88.6453
43.2048
-141.721
343.899
-248.757
-95.1428
114.178
-114.937
10.6094
-124.605
-279.549
258.858
5.99005
-5.99005
-48.3393
-156.04
-58.0096
-258.383
24.7805
-105.362
51.5813
-2.07074
2.07074
-112.04
-179.146
291.186
-37.3946
-167.566
120.277
-235.038
-229.992
-297.552
200.289
361.094
-147.691
-3.85709
3.85709
183.426
13.1178
-34.4875
-0.470861
1.74125
-1.74125
11.4791
2.6744
-2.6744
-152.232
283.531
181.016
92.1343
120.106
0.042275
450.721
205.772
-317.812
-167.648
80.5823
-259.176
355.605
327.934
-48.4617
-18.0221
5.88293
-5.88293
-90.9088
390.14
174.987
-150.046
198.008
-131.645
337.417
-4.21166
-223.588
26.3446
185.389
-309.554
251.544
28.1917
255.719
-308.984
268.423
-290.81
12.5386
282.034
-14.9398
-226.076
241.016
-31.2712
-3.0667
3.0667
40.6666
-208.902
-216.868
117.616
233.054
2.34261
-2.34261
374.882
-181.763
-193.119
-24.7288
12.5748
12.154
261.054
-168.59
239.292
3.82299
-3.82299
-36.4394
190.339
-24.2248
-166.313
-5.3063
0.566735
-51.3024
265.357
-2.55684
2.55684
1.40927
-129.094
-177.492
306.586
206.03
-174.697
277.684
349.98
-143.95
123.455
154.457
-277.913
-1.76423
1.76423
-53.6955
-3.65802
3.65802
-231.247
124.783
-27.1826
2.18339
-2.18339
16.6337
-154.471
-2.38309
2.38309
53.8469
28.0581
70.3035
-65.8316
-228.284
-127.829
-2.21529
2.21529
-211.251
2.57723
-2.57723
6.07939
111.523
272.794
-126.476
-213.937
-11.6194
-13.1094
-14.6552
3.69729
-3.69729
-312.49
3.95362
-3.95362
-206.209
-66.7147
4.37165
-4.37165
-57.2802
-255.21
4.03719
-4.03719
-114.459
173.046
127.618
258.949
-284.883
-244.834
-15.1299
-289.288
381.234
-91.9457
-2.89554
2.89554
-335.35
310.179
-325.79
174.119
2.48112
-2.48112
-19.1237
-106.59
-155.502
-122.273
3.37054
-3.37054
11.403
-203.002
303.843
-181.026
-173.231
-14.7715
2.73898
-2.73898
-2.89968
2.89968
208.902
-2.14438
2.14438
174.271
-157.637
13.299
-122.301
-109.73
-11.7594
39.2924
-27.5331
-4.2844
4.2844
0.678668
-1.75556
67.0316
-33.7688
-262.093
7.48335
-7.48335
272.757
1.92247
-1.92247
-121.771
392.952
-210.095
350.781
-140.686
116.419
-252.26
135.84
13.6126
-108.062
5.12914
-5.12914
-0.063311
2.9652
-2.9652
-128.353
301.4
-14.6316
-6.46211
21.0937
134.267
-25.7171
42.6808
283.512
-34.3419
153.566
-200.84
211.816
282.075
60.9562
-12.164
3.02229
-3.02229
-52.4322
-132.81
344.626
-154.746
258.272
-103.526
-154.428
-59.4662
-19.2455
20.1074
99.069
-103.569
47.4933
-294.446
-0.70386
302.03
-2.03606
2.03606
6.61873
-6.61873
117.251
-29.5028
-141.295
-17.7633
114.682
2.99855
-2.99855
-1.2139
-6.94769
-2.95259
2.95259
252.791
-226.97
73.216
-87.9472
14.7311
7.01397
-7.01397
148.915
-77.0805
277.223
-251.865
-25.3576
276.568
-409.684
-57.2748
13.0157
-1.45025
152.855
-215.54
-99.2072
-219.292
313.26
-93.9681
-11.4005
-71.0583
0.0503744
-10.666
-205.217
196.482
8.73546
-21.5173
51.0481
3.87037
-3.87037
2.11533
-2.11533
275.81
28.0646
6.86033
-6.86033
-93.7623
71.4461
-14.8835
-11.9146
193.435
-155.232
53.2297
3.38685
-3.38685
92.8331
-19.6171
-139.014
16.237
122.777
5.58053
-5.58053
-0.971203
-3.06083
3.06083
-24.4051
-3.64956
3.64956
-68.647
14.1078
-3.72927
3.72927
125.374
331.659
-109.958
13.4042
-93.0198
6.26914
-6.26914
243.047
14.7476
-18.5247
-292.215
-55.8315
348.047
13.7109
-80.4362
48.9706
-285.728
5.01429
-5.01429
158.335
195.9
-277.862
-50.3225
61.8996
-11.5772
160.861
-261.526
385.451
-123.926
-92.1024
-139.217
4.45199
-4.45199
-108.59
-141.26
78.3871
38.4644
-159.728
121.263
-25.0129
10.1079
14.9051
-38.2998
294.739
125.04
-269.189
184.314
2.44374
190.497
-336.605
-302.663
-228.862
144.244
-152.925
-16.18
-5.24298
5.24298
-2.47596
-102.76
92.9049
9.85545
-186.476
20.1633
-6.69196
6.69196
-114.159
-11.3663
-35.8247
249.013
-249.013
-26.6375
-9.45725
-85.6056
-288.068
4.55018
-4.55018
346.661
-20.8563
-14.8566
9.62296
-201.719
3.82366
-3.82366
-182.886
-35.437
-330.614
53.898
-102.131
2.9293
-2.9293
29.7371
281.753
423.598
-181.393
-5.45552
258.355
-1.47524
-4.37552
-8.40673
12.7823
155.6
242.177
-301.467
298.36
-103.033
159.93
-256.138
-171.759
47.9855
177.723
-225.709
-255.568
228.386
-326.358
-34.0524
-221.516
-25.2918
-89.1544
35.1069
50.9205
-55.3904
242.149
-21.8572
276.965
-310.734
-259.774
-4.49711
-331.218
268.566
-208.173
-37.4333
259.927
79.3835
9.34637
-88.7299
-50.7877
84.576
-10.8514
126.3
232.93
-114.102
-34.4541
46.8058
41.1984
-64.9774
121.289
7.43601
107.623
-115.059
46.2687
170.621
-351.646
243.159
-114.211
5.62538
-5.62538
-113.631
7.9266
-7.9266
241.758
-0.589709
11.6897
93.414
-20.4274
4.83638
-4.83638
-1.76186
16.5095
-105.033
-52.269
-105.603
106.71
276.231
5.24891
-5.24891
249.802
-103.764
10.5304
-216.997
-47.9882
-166.24
10.5843
6.30756
-6.34908
7.06357
-5.56539
-5.68167
-5.68025
6.3061
6.19823
-6.19823
6.19523
-6.19523
-5.68168
6.19761
-6.19761
136.036
1.62005
0.26672
-96.6203
-17.4666
-19.0071
5.45341
-123.029
-6.63288
-135.861
-104.068
-200.11
-174.373
-53.0519
262.277
-52.6729
54.4384
260.398
48.6573
-34.0054
-125.715
193.937
82.2185
240.867
-323.086
-108.689
34.5046
-41.5492
7.04459
122.368
202.774
-8.37201
428.784
-124.616
96.6203
-54.3827
15.7628
-141.478
-184.643
193.047
-16.0725
223.861
91.8731
-139.572
47.6993
-5.13783
5.13783
54.2505
-303.007
239.876
-115.093
-58.5379
-143.491
135.749
-249.38
-55.0749
-187.515
187.515
29.1854
129.678
-2.94818
2.94818
-159.617
-55.9229
-150.221
147.745
-44.9721
-320.634
302.739
118.921
158.392
58.1287
-70.0645
5.15202
-5.15202
-355.611
-68.8983
3.34464
-3.34464
-269.48
-372.143
350.041
51.5409
55.2381
-68.1457
114.329
-293.475
-185.034
190.396
-243.585
140.016
-94.6579
-112.564
116.504
0.425326
124.34
-122.825
189.418
-6.13941
170.081
-163.942
320.303
130.419
-174.282
-63.952
136.569
85.8783
254.67
-76.3107
81.5527
-203.934
276.753
-41.0051
-0.0877709
189.415
-195.631
0.365371
144.387
-254.345
-50.7219
61.1769
-10.4551
-56.71
52.0543
-96.9179
-148.542
-218.076
-423.446
-76.3023
79.446
-313.873
-96.6294
-15.6956
-133.483
-169.129
-129.903
118.503
215.489
133.321
-83.2678
0.20938
-3.70206
0.161712
-3.65675
-62.3845
-11.5321
73.9167
-243.487
215.065
0.0455086
-32.1763
-55.6313
-63.7072
-13.1735
76.8807
-30.5995
5.52252
-109.474
76.8789
74.0667
-79.3089
-65.3499
64.7859
-0.877259
-13.8182
14.6955
-8.90255
205.384
-122.057
266.444
1.69773
-77.9711
79.1877
-66.3284
-80.6312
76.6263
-0.389035
260.89
-148.192
-103.044
-125.717
-126.543
0.860909
-93.0748
135.16
-127.724
119.313
109.947
-287.439
-0.972119
165.749
-73.8759
-93.6939
38.619
-3.02485
150.595
-75.8712
-113.749
10.705
-128.484
1.84575
0.578379
95.0817
-104.535
291.19
-230.663
-60.5266
49.9288
43.6653
-249.207
155.444
-79.6596
-15.4244
-2.15818
0.361938
-0.167806
-77.2681
-0.221145
308.123
-47.3743
-3.04062
0.0645767
-0.40313
7.95398
48.0306
-55.9846
-310.242
-91.3077
76.5222
39.983
-94.3044
163.26
-265.391
97.3982
0.0346772
-83.0347
-18.0521
101.087
198.456
-221.507
74.2182
16.8698
74.8702
-252.734
-73.2991
-198.858
-210.141
117.368
-395.861
278.493
322.942
-240.724
67.3509
-280.203
-91.2661
-289.968
420.188
-115.201
278.462
15.0775
-1.75244
49.8284
360.416
139.577
0.608983
9.30207
-9.91105
39.2887
-283.095
-193.453
25.8861
-0.0237387
-165.824
-202.1
270.465
-250.515
-49.1888
213.816
0.220817
-191.385
-147.88
-1.67767
-171.117
0.434258
0.581615
-302.911
272.107
0.113598
-25.9454
-158.346
-219.486
-119.617
64.0307
-283.323
152.327
61.6024
7.35982
59.8626
-1.31144
-94.9151
-231.163
-143.536
258.229
95.1743
-289.098
-0.0797162
0.342423
22.5803
-29.0424
4.26803
-20.7432
-225.2
-44.2796
-60.6858
112.74
-364.682
-280.495
209.437
-0.177912
-51.3251
283.895
-262.026
23.0316
-274.897
0.0981931
-322.519
2.14177
235.912
-353.502
-129.173
-111.763
-20.7766
-147.952
-178.184
-85.351
192.605
-186.052
0.63646
-260.624
-11.0294
103.934
-124.365
-10.204
-350.557
236.317
0.00441579
66.1561
-208.467
-29.2719
96.7438
-16.7244
139.502
-86.6381
-1.30903
108.843
-18.9247
-258.6
236.742
223.776
-432.634
234.495
7.31404
-30.2139
-141.416
130.386
-8.11198
-178.365
0.126368
-2.29926
-4.97087
4.97087
95.8631
207.87
50.6751
39.6619
294.874
3.94494
0.547999
-213.331
222.066
-98.4448
19.1359
-79.9357
-0.473356
2.77458
11.4909
-15.6084
-7.91369
23.5221
-2.23443
17.6151
-18.2587
-38.0038
0.301456
-16.9833
-5.77196
-9.71818
-9.15236
4.26803
61.1401
-73.5573
-373.403
279.435
-0.657108
-214.467
28.0573
58.4835
-70.4886
15.4286
-102.067
-74.8489
79.8741
13.3215
-79.6499
-0.813962
-279.319
72.4779
206.841
-0.84202
-79.5039
84.402
5.38428
15.7095
-6.84098
-62.5261
52.9343
-50.6322
-0.0843313
50.7165
-31.1266
-10.4226
0.566644
17.9039
93.9265
-95.5836
-76.0904
79.1164
54.5044
-50.05
11.3962
-11.4759
194.777
-26.9368
-26.3444
78.0183
-76.966
28.6899
14.5293
-14.4311
-14.5174
14.3395
7.96204
38.9718
11.4374
-78.8838
76.8566
95.5814
-0.574625
-26.4406
-228.193
233.268
-158.358
50.7816
-244.133
10.483
8.1658
-114.645
339.837
-25.6278
4.34435
3.79694
-106.783
-89.1707
82.7154
60.3137
-156.657
9.68478
-37.2178
41.4109
-230.319
21.9713
167.447
-128.735
251.527
-281.741
45.9561
-203.007
305.742
219.065
-253.407
30.5577
-23.5131
-160.771
167.831
-40.0449
67.1895
92.4451
-122.78
-7.12365
30.7461
-169.149
58.7565
-70.39
231.709
-21.7867
-138.475
-32.8989
90.3316
-38.7373
181.753
-217.19
130.969
-163.764
215.794
373.821
-2.87713
-28.9461
-98.3429
80.6188
258.506
-12.9759
12.9759
262.347
-11.6407
12.2223
110.613
-95.8948
-4.52378
-70.008
297.464
-65.6146
14.8927
-99.1301
124.409
-19.8712
58.643
43.6746
-3.79272
268.573
10.9852
3.5634
232.348
196.436
-164.267
4.9205
216.061
-104.07
8.09977
2.35374
-49.8506
15.8673
-61.6538
-79.7619
3.35565
4.90415
-57.453
2.63966
54.8134
-1.90232
1.90232
-1.10389
1.10389
166.646
0.837664
-0.837664
1.11872
-1.11872
0.721084
-0.721084
1.2774
-1.2774
-1.22207
1.22207
-1.00113
1.00113
-1.22725
1.22725
-1.22385
1.22385
-1.11719
1.11719
-1.05419
1.05419
1.10487
-1.10487
1.23992
-1.23992
-1.00019
1.00019
-1.23466
1.23466
-1.13012
1.13012
-1.23512
1.23512
1.22881
-1.22881
1.11727
-1.11727
1.14769
-1.14769
-1.15293
1.15293
1.2159
-1.2159
1.11793
-1.11793
-1.05404
1.05404
1.10482
-1.10482
1.10626
-1.10626
-0.833441
0.833441
1.23972
-1.23972
-0.720569
0.720569
1.1213
-1.1213
1.10635
-1.10635
-0.715344
0.715344
-0.913295
0.913295
1.09312
-1.09312
1.14956
-1.14956
-1.15291
1.15291
1.23484
-1.23484
1.19879
-1.19879
-1.20923
1.20923
0.720962
-0.720962
0.713212
-0.713212
-1.24026
1.24026
1.29673
-1.29673
-0.850122
0.850122
-0.83774
0.83774
-1.14549
1.14549
-0.713216
0.713216
1.08212
-1.08212
-1.20953
1.20953
1.94167
-1.94167
0.715707
-0.715707
-1.19873
1.19873
1.10105
-1.10105
-1.14531
1.14531
1.0994
-1.0994
1.20893
-1.20893
0.830472
-0.830472
-1.27867
1.27867
1.25256
-1.19872
1.19872
1.09932
-1.09932
0.831101
-0.831101
-0.895438
0.895438
1.11463
-1.11463
0.830689
-0.830689
-0.975337
0.975337
12.5298
3.79272
-42.8619
-98.2447
53.2845
-13.9958
111.162
-336.362
1.14525
-4.70973
-13.2553
21.8207
-58.0564
13.0843
-49.4668
-73.1082
122.575
2.22171
-237.721
206.45
2.33323
-144.87
-3.77455
-68.4365
1.30233
132.34
265.745
-329.521
-13.1007
-138.782
-109.751
-241.896
-65.6989
-12.5444
-3.07827
2.67927
-118.364
48.0805
2.63593
-29.8982
-8.10556
65.6148
321.861
18.968
5.40786
-1.17452
-148.621
-32.7782
72.1023
0.905089
222.526
15.4427
296.504
-106.729
-168.366
133.71
-182.352
-76.0243
207.603
1.17452
-239.592
314.462
260.748
-38.0902
110.159
5.90983
-25.2675
19.3577
128.47
-36.0483
5.44882
3.98203
314.138
-2.00604
2.15716
-170.522
206.375
262.163
70.5066
-40.2367
-13.0973
159.254
-218.72
331.298
-94.9811
-155.358
-220.972
309.661
-2.33323
-1.01141
-48.2306
-109.246
196.219
-281.824
40.2552
-334.293
-10.1297
3.51737
6.61234
196.483
-7.06845
49.9839
43.5415
26.9168
37.6255
-1.30233
-85.1234
188.523
244.933
-176.661
303.431
-41.0848
207.076
8.94228
195.967
23.5732
1.05479
2.00604
-10.3936
-145.035
3.5571
50.273
0.44754
368.171
-80.3363
50.2586
-113.649
-7.19292
-107.866
-43.148
13.2498
-214.916
102.352
239.209
41.7006
-20.3089
-152.95
110.062
198.373
98.135
-102.274
-6.05739
-196.424
37.0247
13.6041
15.8288
-29.4329
-282.874
45.4053
-11.1761
-9.7178
-105.569
-46.9569
-59.1876
-249.327
-6.44896
-52.0923
-18.7796
12.5168
-242.836
-244.798
283.814
13.6775
20.6297
-5.72462
-7.1155
108.884
195.667
-16.751
-72.6341
7.00509
-10.2659
210.545
-200.279
18.7676
-3.77556
11.957
-6.29952
61.182
-102.585
15.8104
-5.6591
64.3213
-103.635
107.7
120.238
112.127
-0.821246
12.2994
4.75835
33.4606
-95.3353
62.4364
273.786
29.646
-5.10205
-262.9
109.885
-76.5711
60.8736
-112.761
-153.022
-108.005
21.0996
-56.9244
-9.69546
16.3756
13.4191
0.135324
7.5476
-63.1789
0.66427
95.5173
-94.3721
-10.8174
14.2958
-51.8081
28.2744
92.9734
-14.787
-10.1482
67.309
-173.776
1.38422
-229.379
20.8915
13.971
98.4966
-200.527
-115.767
-106.148
63.6647
-151.998
52.086
191.418
65.0398
-125.369
4.67769
11.0294
-10.9031
84.3573
-123.291
-265.325
-4.31175
111.022
231.033
114.717
-59.2055
-54.5666
-1.2346
1.2346
68.5544
-314.456
-122.909
85.2965
6.07842
-25.9106
0.635819
264.497
-3.90632
195.118
-4.24996
214.795
-215.372
213.896
19.1502
-66.0298
-0.821246
-2.71309
10.2991
-97.9951
136.728
-26.9242
3.10317
20.0594
-152.451
93.8232
-2.80834
-8.66753
4.92982
-65.11
-234.453
7.23305
-3.25403
-13.497
22.9425
9.3444
-125.748
-13.0097
4.04925
-11.4142
-92.2512
-199.463
-3.54383
-93.9654
-2.8068
96.7722
8.44672
321.705
79.892
18.999
-196.705
-139.9
-37.3936
-143.544
-97.2285
-230.87
-148.325
116.762
95.7871
-0.269763
219.55
-71.3012
1.22706
283.223
265.552
-198.243
-33.9955
-38.176
83.9724
32.5133
-45.6842
265.799
-8.97084
9.51884
169.112
26.5547
20.7485
12.3715
0.11853
0.120176
-0.109987
-0.104141
-0.111623
-0.104543
0.027932
0.197685
-0.0787057
202.057
17.8405
-14.2944
-199.699
278.265
-115.207
334.757
0.960918
-10.6787
-6.21041
-17.7836
42.5272
21.6677
247.462
-22.7703
-5.48804
-105.131
65.2925
6.20784
-211.16
-72.1628
-179.136
97.1789
-161.432
55.915
-2.32958
-2.15135
0.813676
-110.868
-8.40754
-5.37445
6.31586
3.17786
-2.60393
-0.618057
-19.7915
6.38044
-21.9749
-5.69209
-110
-0.618057
-154.443
-62.7471
121.444
4.77899
12.1767
-12.6501
64.5077
-372.068
-31.3873
19.4105
10.5949
71.5996
-288.369
-74.4314
77.9948
281.19
89.0326
245.842
0.616546
8.27878
-0.59546
-2.3319
-8.34682
2.36682
11.6391
83.8456
5.18695
-124.28
6.61676
13.7622
9.28538
-6.91856
-2.77192
241.312
-6.50011
-130.773
)
;

boundaryField
{
    frontAndBack
    {
        type            empty;
        value           nonuniform 0();
    }
    bottom
    {
        type            calculated;
        value           uniform 0;
    }
    inlet
    {
        type            calculated;
        value           uniform -2000;
    }
    top
    {
        type            calculated;
        value           uniform 0;
    }
    outlet
    {
        type            calculated;
        value           nonuniform List<scalar> 
14
(
1999.98
1999.99
1999.97
1999.98
2000
1999.97
2000.02
2000.03
2000.02
2000.03
1999.97
2000.01
2000.03
2000
)
;
    }
    car
    {
        type            calculated;
        value           uniform 0;
    }
}


// ************************************************************************* //
