/*--------------------------------*- C++ -*----------------------------------*\
  =========                 |
  \\      /  F ield         | OpenFOAM: The Open Source CFD Toolbox
   \\    /   O peration     | Website:  https://openfoam.org
    \\  /    A nd           | Version:  7
     \\/     M anipulation  |
\*---------------------------------------------------------------------------*/
FoamFile
{
    version     2.0;
    format      ascii;
    class       labelList;
    note        "nPoints:8026  nCells:7639  nFaces:26930  nInternalFaces:11265";
    location    "constant/polyMesh";
    object      neighbour;
}
// * * * * * * * * * * * * * * * * * * * * * * * * * * * * * * * * * * * * * //


11265
(
16
25
1830
173
184
649
76
657
6366
110
180
3681
26
2702
3756
10
267
2597
37
183
1963
57
235
507
66
543
1754
14
627
3260
2126
3268
63
482
1158
80
157
1187
62
1128
2202
1060
1281
41
2343
2906
3373
3722
74
221
1238
56
258
2927
49
1762
3057
77
2877
3241
46
672
1367
32
446
1563
161
306
1731
72
755
1311
1748
3928
1374
3434
51
207
667
90
559
1630
36
258
1141
65
129
3742
249
432
3717
3362
3664
59
548
1278
182
239
54
150
622
675
2846
255
408
40
47
3699
237
324
2203
1219
1232
212
1543
122
439
3338
297
336
346
209
288
70
607
3055
1545
1784
69
2577
159
242
1910
1096
3214
292
313
2705
1128
3284
87
1246
1396
97
476
2591
1851
2787
107
383
823
127
1858
1759
3983
284
360
3229
1940
3336
210
595
2341
256
477
3118
2490
2613
2380
2921
128
424
1815
695
3281
537
557
170
199
1826
153
506
1415
265
1115
242
1957
96
2344
2867
436
615
119
143
570
499
566
142
377
1950
3049
3134
2723
3616
101
131
3551
248
1809
2409
530
534
510
527
948
154
378
2502
134
294
1072
98
276
781
351
437
2439
235
411
1150
392
717
133
232
1116
247
405
1857
415
1622
104
151
1252
178
270
1356
160
397
784
102
269
418
305
570
848
191
494
639
887
792
3521
359
413
3958
222
463
1489
333
3095
193
1076
137
613
176
440
114
1732
3653
144
1648
3632
411
507
112
435
113
503
957
135
2257
205
597
2128
1198
1641
500
2963
801
1156
172
1583
3565
204
1472
1915
229
231
2671
186
1070
3077
296
752
124
1746
3924
149
617
869
552
3243
228
2897
3642
222
1699
312
478
1163
215
817
1073
236
397
413
2853
197
2621
316
526
3035
250
1332
213
271
1459
478
2702
654
752
201
2725
257
515
567
1301
1721
174
1527
3731
189
536
3038
143
483
848
218
419
2262
2159
3817
1190
3490
4230
188
348
768
415
1653
3404
428
1091
3335
175
2635
3387
510
2625
261
1971
346
1440
293
792
1610
431
1191
640
3639
234
255
505
268
3249
3988
291
1755
167
226
2425
181
1034
1858
3282
2145
3870
190
480
1051
168
1537
3177
269
394
1146
166
3401
3546
837
1796
340
4193
304
4058
350
990
2498
598
4006
368
1556
3074
264
1546
3897
3932
3552
4241
2287
3915
283
739
192
519
664
320
1450
285
472
1459
3517
3883
322
1957
388
1850
2852
3545
395
3192
427
487
3868
793
1972
296
403
1190
198
373
3441
3835
3224
4117
214
3267
1080
1868
382
1129
355
554
444
457
631
220
1092
2513
215
2084
253
1046
280
4068
259
1369
1458
208
490
375
1868
3885
234
408
1573
744
954
773
1212
443
453
883
261
1136
529
3130
469
1886
959
3842
361
769
1521
363
1533
976
2947
568
1660
2468
217
1592
4005
234
1317
3143
3633
343
2148
4132
637
1097
3892
4189
2990
282
2531
3652
407
643
902
379
1726
3207
520
553
402
2020
2097
329
2587
466
984
265
2923
3665
2978
3188
244
2459
493
3602
3987
1863
409
1141
1964
3739
479
525
666
607
1832
575
1517
2151
339
1631
3485
3609
276
1263
1688
681
978
334
425
1911
480
1818
2525
2534
4116
818
3606
4074
4083
3513
3813
520
594
922
267
3165
3644
1645
3787
278
977
1402
633
313
2374
4096
4167
2462
3163
3300
489
807
824
1969
289
354
2334
469
549
1802
289
2061
4130
295
487
1406
1629
2159
2683
1007
973
3588
1218
2932
412
2272
3728
652
956
2610
330
2989
3256
682
1501
3801
3022
380
870
4124
2801
3840
328
3495
4148
986
2922
455
2429
3222
3215
3616
367
1487
428
2796
780
802
390
632
2073
337
2237
1864
3939
2382
429
3068
3078
396
956
2454
2921
347
1491
296
1498
547
773
754
929
310
3218
3352
300
740
3030
4118
4250
389
606
1062
367
440
491
358
2640
2664
309
3258
904
2872
1984
2854
378
3042
3550
452
737
4070
429
2767
767
2331
426
442
1030
1787
2954
2418
672
1053
3235
512
2994
4001
3701
4180
414
969
4210
344
2218
2432
395
3345
3408
546
1478
409
434
1959
1614
3165
604
1951
3227
1605
2346
362
475
882
491
1181
3158
687
1251
3299
362
1130
542
2663
3734
4081
438
2963
3791
497
1183
3330
471
702
628
1254
565
2988
3104
501
3415
1822
3458
369
1269
2527
2086
3618
922
3602
501
1188
1457
500
918
3026
594
4034
2962
3698
651
680
720
2033
449
781
679
873
706
841
3864
857
3991
832
1789
404
1732
3891
516
537
724
474
3202
1686
2828
418
3908
4160
495
2416
2910
999
3489
1092
1228
1468
3580
1648
3925
665
2299
3318
553
1064
1909
617
837
1241
421
1237
1332
877
1760
2905
2948
3429
778
3390
3773
386
1036
4189
376
532
579
417
592
460
582
774
707
3273
972
1224
692
2683
3716
2758
3531
972
2438
667
889
1136
853
997
561
1480
504
607
3609
588
639
850
2253
3671
447
3163
3980
416
504
1353
3066
983
3001
470
1038
1201
473
1412
523
3562
3621
405
3908
3629
1256
4240
1758
644
2758
4089
458
1789
3812
502
955
1567
557
724
1253
3449
3793
753
1245
984
3188
2926
659
789
2392
772
3462
531
1152
423
3997
4238
1872
527
4183
2933
3569
4027
1500
1356
1674
3641
4176
3138
950
2027
474
1710
3572
725
782
629
899
1016
1527
2948
964
2989
1338
2369
584
713
868
3296
2710
3890
982
1645
2099
521
3037
2148
3882
762
892
1239
991
1204
895
2585
538
1300
1109
3272
605
3798
3414
4147
812
531
1192
3085
628
1979
946
2093
3273
4212
567
869
1348
2202
3426
1578
4234
490
1550
3711
805
1240
577
660
1569
518
3416
3841
2828
4186
1844
2724
711
1275
3151
2068
2201
461
1158
1235
555
696
2432
3751
502
580
1751
772
1421
600
3402
528
3246
3305
673
1557
536
585
2215
671
3107
3936
690
2734
468
3451
4097
2043
2864
509
512
2349
1345
3630
684
1218
809
934
900
944
953
3168
3245
2700
3471
1768
616
761
3952
602
1944
3702
600
641
1133
3903
612
716
1001
650
2405
3054
496
989
4206
3625
1017
2381
3669
980
1008
3681
2515
530
608
1006
2855
4229
514
1720
3775
4065
570
910
1508
1515
590
1133
1835
630
1222
2421
3248
2194
659
903
1392
599
4005
1714
3911
2053
933
1104
4039
1283
1621
1348
532
544
2644
3686
569
3110
3839
2291
3266
1131
861
1923
626
721
4014
2836
3208
707
825
3114
1211
3512
638
713
1979
545
3524
549
816
1283
569
828
812
1252
3971
1638
3610
2481
3867
1256
2267
661
566
655
1013
733
1171
828
1714
3894
3010
2282
771
931
585
1631
3478
757
760
2073
926
966
1571
3547
3779
3240
4061
1224
1455
578
3975
700
1497
709
885
976
1200
1654
609
675
2220
555
572
1288
764
1421
3998
2062
3069
676
592
768
785
2315
787
1417
1877
2680
4128
571
572
1808
1139
1347
564
581
1030
959
1135
2250
571
1823
2724
3604
1217
796
3322
3700
2519
1042
677
809
1023
753
788
1084
750
2910
689
857
1159
2778
3782
3340
3359
705
2438
2639
3543
584
2321
704
764
820
3508
3966
854
2376
1064
2425
4207
651
715
1173
842
890
864
906
954
1069
2836
608
623
1004
1257
736
759
1390
3871
3354
3940
680
1173
1739
1406
4209
642
1987
3030
3276
3844
642
758
3157
874
1524
826
2174
3021
2046
2426
957
3135
651
1405
733
3548
3624
863
3242
4033
1760
1956
2264
993
1727
2078
2605
648
2543
4159
621
1180
646
1714
645
3529
3895
646
658
1080
1524
3044
3277
771
1029
627
701
747
1260
676
838
4124
647
931
1054
2678
3933
1094
1031
862
947
655
1058
707
776
1762
3573
3545
3774
636
683
1194
870
1242
3064
655
1005
1429
1477
1360
2001
2742
763
3141
743
1367
3210
3661
3946
916
3534
3020
3329
1415
728
1127
3133
3792
2173
4090
2201
2698
1670
1755
983
2138
3287
855
2331
712
1603
1684
3545
4184
664
1408
918
663
1516
1321
3637
1197
1854
2445
1205
1236
905
887
3147
742
3534
2221
716
942
1296
762
962
1765
896
1407
2390
1647
4115
2538
851
1337
955
2181
2289
1719
4212
878
1068
777
853
1027
756
1124
2528
945
1202
722
4230
1058
1082
1105
1434
2655
3489
913
1019
2864
2354
2600
780
937
1177
1025
1221
786
1743
702
725
1382
741
1882
1229
2226
3384
1170
1622
1772
749
2861
1042
1112
1210
1474
3269
1210
1475
3230
767
855
1107
1277
1323
1215
1476
1332
806
1609
2037
719
1244
1321
1336
2700
3454
734
2882
2902
785
3625
804
994
1172
2964
3688
912
2178
925
879
1830
1929
1043
1248
3622
799
1151
719
775
2403
1355
3066
3961
751
1675
3490
819
2037
3914
1671
924
794
1219
1663
1604
3675
771
1024
731
2972
3446
756
835
2164
3070
3326
1123
1430
3278
1199
3170
3621
784
1331
2747
3577
3933
1600
3067
1463
2042
4011
843
1440
2644
3799
1399
1678
1114
1119
800
1144
839
1239
982
1046
1126
971
3100
3752
1110
1199
1441
1712
2496
2046
3274
1465
2303
1055
1771
989
1498
871
1188
3744
4039
1542
844
3573
923
3213
1040
1642
840
1494
1080
1119
3757
2531
3873
917
969
1224
3893
824
1271
3364
2891
845
3612
858
1471
3542
2381
894
876
1407
906
2508
1112
1264
831
1370
3401
3760
791
1568
3656
1432
2712
1066
1328
3083
3491
1917
860
801
893
1839
3061
1088
1098
1001
1322
1113
3093
3408
1346
1525
3344
1403
3672
1090
2546
866
3061
3171
2532
3113
838
1288
1336
835
850
1174
934
1050
884
1545
984
1011
1231
927
1203
1477
1226
1290
872
1520
1191
1211
2367
4057
899
1130
2360
1364
930
1680
1794
813
896
985
1181
2327
2455
1048
2579
3747
1165
1176
3605
1205
1312
1646
2350
886
2761
1211
1223
2999
3692
1602
1688
2520
897
3164
3643
1324
1559
909
1264
1437
3576
3718
1047
2928
3240
3766
1223
1273
1487
1012
1788
3432
997
1175
1143
3812
1149
2025
3099
977
1565
1684
2742
928
2253
4093
2438
864
1003
1207
1225
1266
3656
882
887
1273
1282
1207
1220
1124
1255
2399
3076
3599
929
1282
1315
3301
1096
1220
1249
901
1162
1436
1259
1279
3509
1325
1752
2309
1140
1584
1640
2640
3809
1268
1335
973
1621
1880
1255
1310
960
1998
940
2302
2890
4147
2102
960
1227
2117
3520
3805
1216
1354
2493
919
3502
3086
1315
1398
1270
2308
981
1046
1122
1492
911
936
3701
1244
1342
3914
4214
934
1039
1242
2306
882
1262
1320
1272
2144
2805
1377
2455
1503
1523
1310
1352
2025
2974
908
1165
1296
3631
3662
1320
1357
1468
1506
1652
1472
3704
920
1763
1352
1366
1711
1342
1120
1132
1212
1366
1394
907
1611
2451
1357
1387
1421
3414
1001
1781
910
2995
1437
2134
1394
1230
1284
2452
3658
1330
1373
3878
1268
1463
1065
1565
961
1102
920
971
1731
1470
1593
2700
1114
1726
1355
1469
2406
1406
4237
1156
1078
2708
3652
2855
3522
3993
1637
1716
1752
1846
1100
1568
1276
1878
1104
2441
1440
2375
3749
1305
950
1225
2038
3254
3396
1600
2213
4087
1252
2033
968
1011
1083
3137
4081
1286
2187
967
2220
974
3911
4024
1788
3658
1145
1376
1984
1262
1855
1349
1887
970
1471
1284
1378
2999
3679
992
3150
4140
1494
968
995
1635
1172
1333
3094
1130
1230
2403
3217
2326
1749
1189
2962
2971
2266
1671
1309
1416
1457
1955
991
1015
1719
1318
3734
1385
1397
3815
3003
4223
1378
1385
1291
3730
1335
2166
2145
3444
4175
1191
4196
1345
1382
3693
2961
2792
1632
1812
1398
2169
3355
1330
1985
1542
1764
3319
2642
1377
2108
3363
3677
1068
1099
1305
1594
1735
3274
2503
3138
3370
1141
1611
2909
1296
1297
2346
2769
1299
2199
1073
2217
2424
1148
1088
1089
1364
1295
2789
1127
1168
1247
1435
1765
2165
1426
2183
1150
1166
1171
1193
1150
1153
1129
1293
1174
1387
1153
1154
1256
1075
1277
1359
1299
3622
3659
1171
1187
1129
1148
1888
1397
1495
1275
3900
3462
3614
1193
1194
1243
1106
2975
1187
1217
2876
1431
1580
3706
1395
1795
3346
1089
1456
1222
1247
1137
1325
1530
2554
2809
1137
1155
1217
3448
3892
1222
1238
1254
1819
3179
1390
1460
2127
2625
3679
4139
1540
1562
1561
1566
2632
1180
1238
1166
1260
1292
1502
2353
1300
1305
3587
4049
1115
1232
1566
1650
1167
1389
1163
1167
1941
1271
1373
1675
2067
3840
3557
4203
1146
1293
1306
1300
1311
1505
1595
1306
1759
3484
3615
3844
1099
1518
1484
2182
1209
1475
1563
1208
1474
1571
1247
1081
1087
1498
1216
1476
1163
1182
1401
1179
1203
1179
1195
1353
3033
1485
2185
2080
2578
1151
1311
1314
1828
1138
3416
2532
4010
1160
1190
1383
1081
1140
2743
1148
1326
1380
1085
1687
1159
1325
1314
3396
3795
1164
2295
1551
1649
3765
1879
1168
1597
1596
3538
1087
1391
1323
1466
2697
2864
3726
1691
1742
2501
1232
1666
3725
3970
3028
1107
1575
1665
1851
3119
1098
1364
1412
3573
1228
1261
1245
2619
1208
1525
1155
1370
1409
1451
2043
1353
3751
3846
3744
1231
1448
1416
1690
1372
1160
1396
1412
1365
1541
1243
1657
1409
1420
1739
2879
2835
2977
2773
3648
1202
1374
1261
1486
1579
1173
1389
1420
3378
1308
1351
1292
1559
1701
1265
1585
1508
2609
1519
1182
1442
1522
1764
1889
1881
3051
1604
1897
1287
1371
1383
1287
1351
1479
1933
3848
2787
1799
1383
1396
1324
1717
1734
1278
1285
1432
1541
4179
1423
2380
1500
1622
1857
1203
1405
1539
1493
2485
1368
1758
1883
1863
1862
3863
2506
3100
1206
1233
2075
1504
3138
1245
1922
2301
3406
1233
1536
1213
3215
1703
1872
1787
2654
1870
3131
3953
1376
3902
1361
1380
1761
1258
2270
1285
1344
1889
1906
3319
2280
2679
3059
1768
3278
4161
1261
1429
1570
2265
3508
3582
1797
2216
2323
3355
3178
3533
1963
3828
1199
1961
1834
2218
1231
1481
1555
2966
3180
2745
3366
1432
1459
2134
2322
1294
1495
2024
1298
1289
2256
2598
3426
2508
2224
3437
1969
3284
1971
4028
2303
3898
1365
1511
3325
3627
1333
1623
1750
1790
1815
1871
3430
2395
1708
1607
1694
2174
3834
3996
1340
1467
3112
3813
3554
1401
1442
2625
3921
1748
2672
1715
2235
3416
1405
1509
3338
3778
1257
3641
3868
2696
4073
1706
1865
2519
2606
3625
1379
3918
1278
1547
2017
2510
1339
2712
3331
1723
1725
1346
1593
1362
1633
1964
2651
1527
2016
1442
1613
3570
1510
1546
2703
1382
1637
3472
2360
1429
1628
1483
1333
1587
1319
1902
2522
2493
3451
3212
1433
4007
1774
1806
1980
1319
1757
1575
1616
1362
1617
1344
1603
2402
1452
1448
1481
1301
3189
1703
2337
1433
1438
1555
3186
2225
2245
3981
1434
1866
3434
1337
1536
1574
2053
1479
1574
1697
2045
3721
1740
1773
3154
1516
1938
1337
1489
1697
4039
2675
1408
1415
3037
3048
3581
1486
3244
1697
2197
3372
1727
2407
1513
2070
1347
2077
1414
1658
1903
1716
2556
1443
1926
2410
2535
1758
1970
1400
1558
1627
3431
3584
1819
3713
1602
1615
1438
1528
1608
1641
1718
2676
1422
1664
1704
2158
4136
1888
4183
1481
1624
1856
2420
2641
2458
2659
1451
1841
1497
3087
1402
1558
1565
1499
1531
1874
3271
2164
2367
2346
1447
1526
1589
3809
3204
3844
2235
3795
1578
1997
2119
1902
2086
1734
2168
1771
1866
1846
2001
2900
1806
2674
3525
2286
2587
2457
1427
1676
2752
1528
1564
1747
2417
1428
1447
1699
2581
1506
1876
3580
1554
2678
1742
1780
1497
1513
1499
1507
1549
2669
2908
4149
2794
3172
1950
2069
1807
2067
1491
2067
2068
2157
1535
1552
3224
2381
2858
2693
1496
1626
2454
2468
2621
3155
1483
1531
1564
1668
1419
2844
3995
1513
1529
3609
1427
1859
2121
1685
1503
1626
1553
2469
2596
1730
2215
3835
2681
3554
2320
1538
3924
1776
2617
1493
2103
1880
4028
1955
2719
1482
1589
2847
1453
1700
3156
3857
3377
3497
1444
1937
1510
1786
1505
1805
2133
1598
1712
2120
3912
1866
1585
1586
3969
1453
1880
1740
1480
1888
1747
1507
1693
1790
3730
3799
1828
1904
3874
1890
3423
1642
2615
1531
1549
1923
1776
3446
3845
3542
1523
1649
3479
1663
2499
1529
1707
1569
1754
3488
2754
3243
2374
2724
3418
1535
1673
3433
2280
1483
1747
3468
2053
1708
1737
2637
2678
1558
1689
1815
3914
1537
1618
2767
2522
3033
3085
3333
1941
1599
3535
2974
3851
2412
2418
1861
2854
3491
1692
3686
1679
2212
1818
2371
2112
1986
1787
1853
1913
1799
1899
1736
1738
1869
1583
2061
2489
2014
3397
2401
1869
4065
1881
1992
1662
2164
1893
2712
3490
1905
2150
3847
1737
2339
1982
1910
2290
3020
1693
1741
1745
1736
2624
1588
1694
3718
1577
1744
1954
2467
4071
1853
1878
1614
1792
1899
2242
2036
2350
2099
3620
3747
3479
1949
1774
1848
1834
2962
3028
1998
3130
3315
2909
1581
1595
1639
2189
1610
1941
1860
1746
1956
1589
1699
1872
1572
1729
2022
1705
2488
1803
1925
3634
2223
2013
1983
2444
3552
4061
1894
1896
3811
1825
1854
3048
3459
2227
2751
1751
1767
2525
1702
3935
3598
1896
1914
1811
2328
1702
1722
1871
2268
3076
2110
1619
1718
3302
1607
1725
1848
1892
1710
3006
3860
4246
1972
2157
2912
3589
4088
1831
2755
1965
1934
1936
1961
2065
1612
2006
1643
1723
3583
1692
3628
3657
2319
1873
2231
3501
1639
2176
3797
1640
2745
3936
4196
2121
2711
1709
2020
1905
2332
1629
1893
2336
1678
2440
1916
1919
1943
2415
3907
2927
3340
4019
3939
1892
1916
1860
2184
2916
3058
1891
2059
1894
2298
1837
2241
3707
2368
1887
2258
1919
1938
1705
1954
2443
1873
2175
2285
2340
3889
2516
2307
3146
2834
3463
2578
2191
2124
2905
3803
1651
2424
2515
3106
3597
1911
2519
2036
2586
1691
1780
3707
3981
1938
3881
1902
1939
3618
1722
1930
1965
2017
2142
2478
1728
3354
3520
1720
3205
1936
2317
2335
2606
4105
2638
1668
2256
2891
2013
2521
2045
3714
3816
4029
1674
1850
2314
2623
3984
1924
1685
2995
2605
3186
3588
3982
2815
4112
1711
3905
2075
2757
2931
1907
4003
1735
2046
3193
1777
1824
2226
2301
2361
2158
2929
3067
1861
1908
3298
1891
2136
2245
2320
1840
2359
1920
2872
3169
2305
3032
3082
1939
1952
3507
3539
3561
2070
2188
2071
2656
3387
3824
3177
1924
2131
1908
1921
1999
1810
1976
1766
3823
2041
3024
3265
1915
2403
2715
2077
2660
3815
2029
2789
2180
1728
2252
1929
2706
1798
1777
1849
1952
1956
2487
3763
2483
2597
1900
2775
2665
2293
2151
2657
2506
2112
3081
2236
2389
2760
1882
2075
1779
2054
2370
3233
1781
3659
1920
2107
2444
3228
1829
3210
3993
1982
2876
1817
2096
2153
1808
3517
4098
3058
2119
2243
3034
2389
2487
2938
3554
2711
1918
1977
2459
1779
1884
2058
1918
1927
2444
2050
2680
1859
2362
2316
3401
4213
3464
2863
1903
2635
4029
2181
2636
3622
1831
2343
2691
2156
2673
3062
2003
2204
2880
3295
4157
2805
3500
4166
2448
1998
1827
1839
1933
1996
2023
3182
3341
3362
1875
2588
2482
2873
2187
2628
3391
3171
2283
1927
1983
2031
2349
3037
3474
2744
4002
1996
2171
2925
3309
1946
1965
2315
3240
2257
3714
4114
2097
3695
2557
3937
2150
2247
1859
2752
3612
3675
1843
1845
4006
1895
2010
1977
4242
1829
3827
2066
2456
2816
3208
2257
2725
1935
1942
1895
2021
1836
1845
1877
2155
2423
1843
3207
4045
3055
2844
3253
2513
3024
3903
3976
2023
2126
2728
3978
3805
1879
3488
2128
2508
2396
3125
4070
2543
4017
3833
2857
2922
2667
1935
2005
2738
1942
1975
3041
3348
2863
2395
3772
2255
2622
3484
3977
2372
2228
2015
3985
2015
2883
2059
2149
1967
2048
2060
3378
2299
3860
4207
3556
2358
3472
3769
1967
2019
2170
2435
1988
2491
1900
2471
2227
2411
2450
2083
2289
2138
2291
4109
2744
2394
3849
2275
2363
2273
2413
2507
2480
2445
2766
4165
4188
2030
3191
3960
2540
3053
2916
3636
3555
2007
2718
2465
2579
2943
2019
2030
2436
3333
3393
1925
2879
2203
2843
2172
2195
2486
3244
2676
2648
2004
2732
2229
2401
2154
1925
2240
2953
4154
2223
2233
2141
3500
2137
1950
2385
2696
2113
2049
2057
2231
2244
2141
2365
2511
2219
3503
3951
3213
2476
2172
2348
2731
3509
4244
3522
2520
2526
3302
4021
2071
2664
3189
2049
2106
1987
2002
3157
2263
2277
2195
2382
3494
4085
2370
2147
2666
4055
2626
3355
2925
3343
3619
4166
2450
2492
2300
3256
2533
2124
2470
3770
3881
2275
2461
2542
2085
2002
2008
2155
3710
2411
2770
3710
3564
2272
3085
3723
2203
2231
2305
3904
2116
2135
2132
2853
3353
3769
1984
4036
2118
2186
2866
2282
2289
2581
2997
2552
3568
3363
2002
4031
2474
2484
2527
2244
2263
3122
3250
3887
2217
2720
2076
2115
2386
2269
2408
3724
2297
2856
3477
2709
2363
2430
2167
2256
2933
4076
4064
2329
2538
3060
3282
2008
2034
2135
2192
2501
3155
3806
2277
2300
2079
2087
2441
3254
2287
2293
3206
2688
3170
3568
3983
2484
3864
2460
2434
3698
2313
2739
2072
2079
2034
2072
2259
2492
2553
2779
2271
2387
3021
2768
2781
2439
2448
2208
3143
2091
2083
2105
2329
2352
2495
2651
2209
2262
2781
3149
3318
4115
2768
2771
2072
2219
2250
2439
2860
2192
2214
3279
4216
2493
2096
2105
2115
2594
2498
2915
2386
2588
2274
2535
2726
2472
2512
2087
2096
2386
2140
2154
2214
2234
2496
2652
2886
3715
2090
2198
2140
2279
2315
2087
2251
2092
2114
3804
2514
3413
2234
2342
2558
2310
2704
2352
2463
2788
2440
2582
2453
2311
3196
2466
2474
2746
2356
2447
2529
2483
2276
2615
2701
2534
2545
2434
2448
2254
2350
3875
2266
2341
3643
2368
3392
6428
2140
2161
2312
2162
2288
2114
2338
2334
2505
2674
2822
2441
2472
2377
3753
5618
3974
2368
2376
6431
3626
2576
2818
2106
2268
3430
2669
2804
2351
2699
2376
3010
5573
2206
2118
2211
2239
2676
3418
2377
2409
5685
2422
3052
2590
2610
2228
2773
3012
3380
2254
2193
3125
2211
2233
2133
2695
2739
3497
2645
2409
2761
5695
2361
2623
4071
2161
2375
3221
2373
2637
2987
2754
2498
2514
2652
2708
3830
2249
2281
2133
2292
2858
3044
2333
2497
2206
2324
3417
2301
2512
2325
2404
3072
2534
3526
3565
4080
2717
2779
2867
6718
2952
3412
3356
2273
2281
2459
2499
3038
4053
6184
2206
3027
2347
2209
2466
2689
3073
2362
2557
2545
2576
2356
2585
3366
2590
2880
2681
3093
2822
2841
2293
3223
2751
2935
2719
2865
2190
2426
2240
2294
2608
3570
3982
3969
2398
2595
2422
2456
2211
2246
2384
2358
2365
2610
2623
2198
2311
3081
2726
2881
2804
3733
2394
2437
2333
2365
2292
2966
2316
2323
2714
2456
2580
2710
3494
3194
3866
3277
2213
3575
2294
2518
2366
2354
2808
3473
2849
3016
4046
2372
2398
2729
2917
3299
2973
2391
3596
4025
2232
2587
3547
3221
3288
3749
2262
3140
2219
2752
3872
2604
2921
4070
2278
3507
3190
4079
2619
3751
3815
2296
2993
2548
3160
3324
2282
2738
2740
2975
4063
3041
3117
2551
2292
2324
2259
2373
2797
2658
2692
2330
3011
3841
2501
2562
3396
3761
2633
3400
4139
2347
2355
2550
2320
4112
2591
2742
2420
2682
3790
3707
2355
3793
2465
2500
2281
2433
2627
2330
2643
2276
2266
2276
3069
3571
2679
2279
2885
3068
2500
2560
2685
2604
2757
2762
2631
2738
2787
3611
3409
3835
2633
3328
3459
3723
2274
2620
4015
2656
2727
2686
2896
3800
2509
2288
2827
3780
2812
3702
2356
2513
2506
2528
2318
2717
3752
2753
3132
2692
2727
3218
3184
2620
2673
3143
2639
2740
2957
3420
3631
2942
3725
2491
3553
4208
3999
3548
3900
3438
2723
3008
3199
2630
3012
3086
2870
3162
2507
2589
2481
3593
2654
3324
3776
2347
3896
2338
2341
2883
4036
2486
2961
3773
4221
2526
2584
2481
2725
2847
2950
2402
2981
2333
2431
2590
3388
3792
4155
2351
3013
3200
2384
2503
2589
2647
2451
3244
3538
2584
2889
2706
2842
3940
3206
3237
2723
3047
2348
2612
2624
3678
6705
3201
3503
3884
2383
2858
2830
3567
2950
2951
2385
3528
2835
2904
2919
2607
2951
2956
2833
4086
2792
2602
2600
2942
3219
2378
2686
4105
3456
4113
2990
2636
2777
2544
4066
3691
2447
4114
2387
2653
2673
2809
2819
2454
2653
2410
3023
3727
2582
3576
2780
2820
2920
3289
3669
4155
2869
3051
2826
2829
2904
3897
4131
2713
3619
3650
4186
2922
3930
2400
3823
4194
2473
2694
2778
2460
2672
3369
2908
3586
2829
3017
2826
2914
2757
2759
2431
3050
2663
2897
2801
2803
2427
2449
4108
2626
2684
2614
3160
2946
3270
3691
2814
2894
2911
2457
2446
3080
2463
2619
2743
2524
3131
2861
2877
3141
2919
2977
3176
3672
4178
3402
3834
2690
2434
2509
2850
2777
2806
2550
2551
2544
3493
2986
2473
3310
3536
2737
3009
3027
2464
2963
2588
2979
3167
2800
3150
3063
3605
2660
2750
2543
2529
2594
3249
3190
3226
3423
2845
4019
2489
3046
3181
2807
3768
2470
4121
2718
2776
3469
3320
2654
2784
4093
2763
3103
3001
3287
7301
3336
4022
2730
2786
2998
3320
3956
2845
2884
4008
2932
4104
3070
3349
3986
3454
2699
3145
2947
2924
2688
2737
2495
3284
3756
3913
2500
2603
2868
2505
3091
2509
2690
2649
2991
3148
3964
3001
3034
5616
3447
2874
2849
3432
2607
3350
2953
3370
4214
2541
3271
3034
3057
7080
2550
3217
3646
2783
2793
2731
3057
3079
6858
2720
2821
3543
2785
3768
2540
3483
2596
2603
3226
2877
4052
2672
2838
2955
2902
2930
2936
2882
2884
2930
3567
2589
2670
2756
3961
2715
2992
2580
2596
2694
3948
2793
2848
3079
3242
5575
2704
2795
3613
3661
5539
3198
2936
2964
2663
3962
3895
3949
3098
3614
5516
2701
3339
3126
3023
3091
3098
3101
5487
2713
2776
3101
3133
5500
2636
3532
3104
3123
5299
3104
3105
4995
3105
3279
4518
3280
3649
6095
3106
3158
5337
3106
3107
5346
3107
3108
5188
3108
3109
4387
3109
3173
5732
3110
3136
7259
3110
3111
5596
3111
3530
5199
3238
3531
5223
3544
2802
3594
3112
3858
2875
3225
2748
2670
3290
3300
2611
3788
2821
2837
2938
3123
3152
5438
2937
2943
2983
4126
2607
2763
3312
3502
3514
2802
2813
3121
3518
2982
2983
3464
2944
3615
2776
2705
4020
3236
2612
2686
2964
2985
2721
2952
2934
3426
2795
2813
2980
3133
3152
5374
2982
2985
3136
3203
5167
2689
3741
2682
2735
2677
3004
2643
3377
2714
2786
2813
2910
3438
3522
3899
3437
3662
3592
3648
3692
3158
3666
5210
3206
3039
2848
2887
2709
3820
3483
3645
3196
4109
3436
3129
2693
3344
2786
3115
3166
2807
2862
2778
2803
2887
2893
3173
3203
5433
3415
3297
3202
2774
3820
2918
2893
2899
3003
3740
3239
3303
3394
2737
2810
3060
2716
3529
3832
3463
2899
2901
2716
2721
2792
2801
3021
3635
3969
3347
2862
2958
2976
3822
3285
3305
2901
2913
3744
3486
3452
2939
3117
2785
3549
2709
3424
3000
3974
4123
2967
2759
2945
2913
2960
3421
2695
3837
2939
3817
2975
3743
3065
3222
3314
3029
2954
3351
3947
2838
3118
3124
2761
2779
5709
2898
3580
4026
3317
2750
3323
3476
3760
2743
3128
2784
3088
2793
3257
3367
3045
2840
3486
3888
3174
4073
3258
3890
2990
2810
2814
3053
3229
3488
2958
2959
3022
3521
3238
3373
5220
3736
3750
3179
3472
3693
3216
3945
2759
2762
2814
2831
2808
3195
2796
2808
3540
2998
2986
3316
3825
4037
2960
2996
2874
3304
3530
2959
2965
3161
3342
2824
2862
3435
3007
3014
3193
2932
2947
3646
3187
3501
3843
2819
2831
3296
4129
3005
3075
3374
3595
2968
2996
3007
3563
3371
3603
3450
3014
3031
3346
2967
3381
3511
2952
2799
3306
3403
2899
3327
3684
2887
3359
3562
2897
2946
3481
3970
3952
4117
2959
3467
3743
3073
3175
3231
3647
3699
3959
3120
3608
2861
3742
2868
3159
3232
2913
3330
3397
3011
4021
3888
4048
2875
3294
2818
2880
4110
3153
2825
3917
3516
3142
2996
3358
3410
2868
3226
3451
3617
2941
2875
2944
3380
3425
2878
3376
3159
3031
3043
4085
3495
3688
3469
3519
3345
3265
3767
3775
3510
3373
3461
6312
3182
3466
3248
3874
2918
3674
3216
3739
3566
2846
3624
3453
3389
3247
2945
3291
3006
3828
4207
4134
4184
3185
2924
4034
3043
3054
3566
3677
2992
3040
4064
3036
3272
3384
3116
3146
3180
3430
3099
3252
3664
3513
3551
2942
3054
3065
3696
3014
3445
2889
4043
3075
3174
3456
3039
3316
3524
3428
4059
3022
3298
2976
2978
3040
3056
3550
3088
3079
3214
3223
2978
3042
3056
3950
3232
3439
3065
3071
3219
2934
3972
2957
3371
3040
3852
3440
3568
3242
3737
5599
3577
3850
3875
4045
3137
3780
3951
2973
4026
3159
3949
3251
3505
3124
3252
3036
3991
3409
3071
3075
3182
3097
2957
4091
3391
4079
3404
3591
3025
3526
3977
3782
4061
3824
3878
3909
3724
3996
3185
3011
3053
3368
3151
2972
3858
3668
3443
3461
3506
6864
3015
3420
3685
3235
3023
4137
3647
3506
3569
5268
4133
3209
3671
3348
2997
3275
3095
3630
3746
3460
3336
3307
4063
2981
3060
3907
2982
3703
3865
3251
3313
3564
3698
3464
3306
3781
3332
3382
3293
3758
2987
3293
3027
4153
3279
3280
5250
3719
3195
3683
3542
4011
3353
3455
3716
3818
3015
3051
3474
3947
3696
3689
3560
3682
3749
4003
3017
3321
3427
4141
3009
3360
3376
3967
3770
3504
3017
3026
3232
3365
3789
3126
3174
3252
3087
3089
3579
3607
5620
3211
3385
3989
4015
3829
3413
3838
3047
3533
3096
3293
3361
3227
3802
4236
3828
3059
3649
3365
3784
3556
3715
3586
3575
3102
3275
3275
3791
3080
3920
3579
5608
3153
3231
3590
3797
3591
3651
3850
3666
3253
3153
3492
3919
3941
3419
3444
4235
3979
3645
3465
3482
3190
3854
3499
3924
4071
3184
3113
3292
3298
3646
3132
3198
3827
3470
4074
3569
3680
5499
3777
3225
3375
3135
3798
3251
3286
3496
3291
3283
3372
3585
3128
3509
3884
3657
3167
3455
3498
3587
4075
3267
3457
3901
3181
3316
3161
3471
4011
4127
4122
4089
4049
3205
3632
3929
3391
3487
3162
3382
3468
3161
3260
3750
3144
3523
3308
3481
3753
5633
3604
3601
3695
3963
3607
3697
5588
3382
3361
3637
3211
4249
3181
3774
4239
3247
3700
3999
3310
3623
4047
3205
3334
3148
3704
3757
3192
3629
3267
3322
3172
3245
4148
3167
3313
3334
3447
3732
4159
3236
3303
3532
3259
3925
3806
3729
3176
3869
3721
3759
3309
3258
4058
3668
3957
3301
3829
3327
4023
3305
3708
3557
4013
3537
3592
4076
3769
3384
3287
3796
5614
3788
3935
3578
3886
3651
3935
3650
4003
3876
3227
3583
3368
3851
3717
4164
5231
3217
3321
3755
3447
4025
3902
4173
3807
3399
3239
3347
3722
3910
3667
3831
4006
3926
3285
3351
3806
3778
4172
3223
3299
3717
3735
5819
3896
3482
3676
3814
3670
3763
3540
3634
4101
3429
3419
4220
3680
3697
5402
3294
4069
3555
3912
3722
3638
3889
4108
3973
4106
3628
4174
3659
3431
3468
3759
4009
4023
3761
3735
3968
5243
3808
3340
3389
3612
4150
3617
3262
3976
3930
3264
3978
3872
3910
3417
3678
3986
4226
3811
4125
3525
3941
4064
4120
3923
3660
3774
4250
3702
3845
4180
3660
3875
3381
3637
4088
4174
3626
3803
3449
3974
3307
3404
3304
3869
3377
3334
3564
3567
3388
3863
3627
3332
3371
3435
3903
3635
3877
3375
4142
3981
3442
3594
3922
3837
3836
3987
5215
3644
3559
3376
3558
3385
3582
3469
3493
3767
3747
3405
3558
3339
3654
3511
3512
3947
3687
4078
3440
3385
3411
3515
4192
3460
3453
3456
3673
3800
3477
3494
3641
3886
4247
3794
3455
3634
4171
3350
3608
3658
3919
3443
3897
3586
3523
3756
4078
4149
3500
4001
3915
3964
3808
3571
3801
4190
3407
3636
3504
4092
3389
3439
3549
4202
3674
4031
4057
4163
6722
4046
3381
3977
3540
3442
3510
4160
3819
3482
4178
3476
3595
3855
3861
5634
3960
3855
3859
5366
3836
3859
5553
4029
4240
3400
3546
3485
3887
3539
4185
3483
3560
3582
3663
3711
3440
3861
3880
5689
3766
3771
3411
3615
3489
3475
3944
3448
4086
4053
6394
3452
3441
3460
4161
3810
3549
3748
4018
4033
3431
3796
3822
4181
3425
3466
4162
3880
3954
6025
3435
3543
3952
3427
3853
3588
4175
3492
3772
3676
4231
3553
3497
3727
3475
3699
3745
3906
3854
3521
3893
3465
3504
4100
4043
3528
3559
3578
3733
3990
3471
3653
4030
3795
3841
3720
3928
3613
3776
4100
4171
3746
4050
3600
3518
3970
3512
4172
3942
4085
3507
3618
3596
3783
3843
4173
3510
4215
4009
3665
3938
4083
3768
3764
4195
3559
4145
3537
4056
3505
3620
3790
3627
4022
3626
4103
3992
3516
3537
3898
4146
3832
4234
3729
3584
3725
3623
3764
3842
3754
4008
3821
4018
3713
3831
4228
3896
4055
3655
3655
3563
3958
3839
3847
3866
3608
4080
3734
3998
3585
3883
4000
3786
4169
3921
4141
4032
3818
3610
4223
4104
3956
3599
3620
4052
3785
3597
3929
3950
3741
3590
4200
3804
3718
3807
3954
4184
6376
4217
3807
3587
4152
4198
3663
3738
3979
3819
3589
3738
4047
3938
3670
3931
4130
3885
3765
3925
3834
3927
3904
4164
6738
3664
3674
4111
3673
4143
4017
3856
3781
3816
3712
3657
3783
4102
3916
3916
3755
4091
4007
3684
3797
4059
4197
3733
3667
3853
3871
3851
4109
3972
3906
3754
4035
3715
3830
3826
3926
4221
3918
4137
4009
3922
3785
3913
3665
3965
4123
3852
3873
3670
3716
3818
6048
3731
4045
4016
3944
3992
3965
4136
3849
4075
4093
4010
3746
4188
4067
3995
4042
3692
4210
4000
3720
3971
3758
3784
3950
3709
3849
4197
3858
4203
3719
3791
3814
3855
3953
4225
4242
3856
3941
4137
4123
4072
3766
4216
3762
4153
3822
3968
4084
4132
3781
4041
3771
4024
3957
4153
4038
4054
4118
4113
4062
3865
3966
4062
3971
4199
4050
4097
3736
4040
4168
3775
4191
3864
3900
3909
3882
3793
3946
4016
4038
4002
3811
4162
3742
4063
3748
3949
4099
4091
3826
4177
3876
4172
3874
3955
4177
4213
4106
4119
3833
3837
4140
4208
4134
3894
4166
3810
3945
3923
4219
4147
3862
4170
4102
3959
3790
3825
3890
3879
4110
4004
4176
3823
3885
3923
3901
3898
3973
4042
3814
4054
4168
4083
3905
4004
3940
3848
4120
3989
3846
4056
3943
3963
3883
3907
3919
4007
4232
3994
4030
3899
3873
4133
3980
3891
4111
3908
4160
4089
3959
3848
3902
4012
4235
4217
3891
3944
4158
3918
4095
4211
4227
4218
4044
3962
4238
4240
4195
4087
3926
3931
4129
3942
4036
4213
4190
4048
4090
4035
4094
4206
3985
4082
4205
4002
4132
4244
4129
5564
4128
3994
4154
4181
3911
4099
3993
4224
4236
4194
4053
4032
4121
3997
4232
4544
4097
4143
3966
3992
4139
3996
4201
4220
3998
4068
4030
3982
4014
4131
3967
4010
4178
4127
3988
4041
4058
4175
3980
4041
4126
4046
4033
4116
4169
4135
4044
4233
3994
4108
4121
4106
4076
4186
4179
3997
4073
4144
5973
4052
4077
4021
4243
4008
4019
4068
4048
4082
4043
4086
4157
4020
4051
4126
4221
4113
4133
4120
4031
4081
4038
4182
4145
4202
4092
4161
4142
4245
4131
4192
5554
4159
4231
4244
4122
4140
4103
4181
4104
4059
4084
4060
4209
4243
4167
4248
5946
4218
4080
4056
4143
4156
5400
4072
4099
4138
4090
4200
4107
4208
4067
4226
4117
4094
4138
4191
4164
4224
4156
5440
4245
4158
4098
4229
4217
4202
4100
4163
4150
4165
4165
4248
4187
4125
4171
4135
4220
4138
4114
4177
4157
4222
4128
4214
4215
4198
4148
4195
4151
4219
4162
4151
4158
4233
4173
4228
4170
4149
4206
4232
4152
4237
4243
4188
4196
4247
4189
4224
4229
4200
4183
4185
4187
4204
4182
4247
4235
4216
4197
4211
4215
4230
4210
4199
4222
4249
4236
4239
4201
4234
4245
4223
4241
4218
4246
4237
4248
4219
4227
4227
4249
4231
4242
4246
4241
4250
4315
4603
5591
4264
6246
7262
4406
4430
5151
4269
4469
4562
4339
4424
7500
4263
5315
6163
4277
4747
6293
4286
4419
4746
4295
4575
5184
4297
4453
5356
4294
5124
7014
4353
4472
7041
6347
6755
4464
5106
4333
4565
6358
4275
4704
7178
4329
4401
6564
4270
4602
5018
4595
5455
4545
5141
4358
5414
6084
4380
4471
5844
4402
4816
6134
4301
4654
5074
4640
7292
4375
4790
5281
5205
7008
4291
7021
7326
4347
4680
7447
4349
4679
7448
4350
4677
7453
4351
4678
7422
4348
4675
7416
4352
4676
7397
4341
4386
5024
4825
5688
4578
4590
4916
4424
7524
7634
4461
4470
5098
4366
4631
6100
4396
4691
4405
4416
6099
4387
4399
7560
4869
4871
5291
7077
4304
4469
4984
4540
6010
4327
6212
7329
4330
4849
6914
4332
4661
4864
6128
6998
4345
4515
6720
4357
4803
6379
4356
4700
4328
4460
4820
4493
4525
7497
4335
6592
7012
4312
4426
4758
4367
4629
7212
4323
4465
5044
4401
5232
6529
4557
6517
4398
4635
7343
4517
4581
6526
4385
7544
4577
4764
5056
4583
4717
5053
4584
4716
5054
4588
4721
5057
4586
4720
5058
4587
4719
5059
4585
4718
5055
4334
6759
4376
4560
4981
4511
4628
7208
4356
4725
4742
4724
5738
4834
5824
5973
6095
4514
6037
4334
5545
6744
4888
6872
4658
5323
6660
4604
4725
4497
4543
4771
4447
4506
4882
4385
6647
6922
4527
7419
4475
5085
6727
4752
5905
4500
4611
7216
4403
4610
7635
4412
4530
6432
4935
4969
4400
5731
6570
4477
6504
4480
6498
4478
6503
4483
6502
4485
6501
4487
6499
4808
4407
4706
5713
4383
6643
7162
4562
5895
6845
6312
6864
4509
4663
4892
4418
4812
4877
4363
4558
6000
4516
4687
6652
4570
5451
4466
4710
4862
4458
4652
5103
4474
5979
5385
7503
4423
4880
7341
4474
4733
7099
4438
6587
6915
4420
5921
5982
4419
5352
6810
4569
4573
4833
4415
5904
7068
4726
5194
4811
5540
4450
4812
7194
4408
4685
4806
4397
4571
4903
4897
7039
4411
4598
4966
4429
4965
6714
4515
5155
4537
4684
6449
5218
4732
5484
5764
4716
4976
7437
4717
4977
7404
4718
4975
7442
4719
4973
7450
4720
4974
7418
4721
4972
7403
4465
4865
5936
4502
4777
6509
4451
6625
4736
4998
4433
6657
5188
5587
5112
5224
5288
4788
5432
4412
6051
4445
4619
6171
6692
5756
7258
4696
5647
4734
4939
4498
4656
5147
4773
5603
6332
4509
5909
5848
4431
5138
7319
4565
4844
6801
5234
5892
5083
5581
4494
6435
7322
4792
5073
7237
4773
6732
4764
4996
7433
4444
4705
4813
4526
6370
4774
4546
5260
7191
5994
6546
4436
7233
7547
4492
4555
5269
4871
4954
4890
5130
5090
6391
4612
4643
4998
4541
6509
4593
4757
4851
4566
4985
6866
4863
5372
4626
5566
6115
4971
5401
4501
6926
7126
4495
6515
7512
4673
5064
6148
4443
5827
6428
6431
6514
4746
7006
4839
5555
4455
4508
7023
5312
6825
4473
4620
5115
4554
5009
5028
5052
7523
5193
5682
4518
4785
7510
4627
7290
4513
4598
5118
6234
6843
4555
4597
6748
4464
4564
5406
4522
5137
4638
4786
6819
4767
4911
6243
7458
4735
4873
5128
4932
5271
6555
6156
6531
5150
7488
4689
4730
7031
4528
5782
6620
5441
4937
5163
5494
6741
4618
7292
4686
6094
5715
6551
7578
4522
4633
5068
4798
7432
4797
7449
4802
5390
7400
5382
7429
5380
5388
7413
5379
5391
7401
4799
7444
5216
5238
7439
5381
7408
4801
5389
7414
5383
7410
5384
5387
7396
5239
5386
7421
4800
5392
7435
4738
6249
7189
5199
6048
6192
7033
6336
7081
5093
5569
4613
4616
4752
7138
7311
4613
5117
4879
4983
5782
7057
5001
5922
5248
5270
4534
4898
4939
4520
4686
5236
4531
5667
6642
4817
5022
4621
4823
5653
4617
5100
6871
4723
5306
7002
5976
6921
4751
4808
5283
4854
4928
7205
7231
5628
5657
6486
5336
7473
5132
4579
5532
6814
4962
7604
4605
4786
5712
6598
4526
5454
5512
4742
6024
7330
5551
7015
6087
5535
6539
5241
7562
4642
6597
6749
6157
6302
6789
7150
4567
4766
7375
4640
6753
7366
4695
4914
4681
4690
6020
4711
5311
5602
4772
5741
4575
4983
6092
4564
4920
5431
4615
6495
6634
7345
4561
6731
6899
4944
5265
4726
4728
5026
5103
5691
7199
4680
4947
5053
4679
4948
5054
4675
4949
5056
4677
4950
5055
4872
4951
5059
4678
4952
5058
4676
4953
5057
4959
4988
6482
4690
7071
7084
6101
7574
5568
6788
4572
4659
5052
5035
5742
6339
6543
4604
4607
5122
7149
6124
4921
7190
7582
5096
5630
4630
4685
6108
5070
5077
4739
6063
5158
5368
4831
5092
6079
7546
4627
5486
7269
5207
4668
4943
5756
5369
6798
7089
6848
7550
4649
4863
6343
5828
7177
5278
6919
7242
7132
7133
7137
7134
7136
7135
4712
7201
7226
6013
7202
4647
4670
4710
4815
4930
5405
4738
7475
4647
5150
6037
5005
5147
4765
5296
6628
5149
6175
4741
4900
6828
7173
4669
5353
5652
4781
7054
7378
4922
5420
5949
7306
4646
4875
4904
4739
4843
5769
5617
7586
4625
4727
5021
5003
5188
5346
5277
7632
6252
6921
6530
6645
6003
5195
7212
4682
6382
5024
5072
5004
5025
6769
6599
6875
4891
4958
4623
7390
4893
4924
6867
5306
7391
4761
5060
5876
5471
6621
5647
5658
4648
4782
7112
4872
6500
4653
4867
5148
7074
4703
4722
5766
5047
5101
4707
4853
5580
4712
5918
5041
5136
5333
4652
4698
5214
7171
7270
5316
5372
7559
7182
4781
4917
7333
6024
6799
6541
7030
4768
5481
5602
4756
6827
7175
5147
7627
5043
4837
5128
5010
5091
4811
5334
6819
4750
5030
7245
4711
4729
6177
4941
6132
4782
4848
5104
4691
6807
4775
6254
6402
5289
7380
4835
4993
4722
4740
5393
5243
5819
4933
5065
7109
4938
5309
4674
6857
6894
4695
4824
7030
4743
4967
7506
4744
4968
7507
4889
4890
6658
7034
5040
5525
4749
4762
5958
4853
5089
5594
5291
6375
4986
6152
7412
7395
7438
7424
7440
7415
6787
7229
5485
5664
4779
5244
5904
5032
7351
5271
6082
6084
6329
4749
7087
7261
5690
7595
6730
6003
4859
5066
7350
4822
5221
5236
4696
5658
7504
6182
7300
4969
5609
6057
5759
6423
4714
4870
5108
4729
6631
4909
4963
5471
4895
4907
5222
4865
5044
6769
7200
4825
5110
5841
7463
5327
7478
4958
5479
5537
4724
5012
5078
5681
6598
6569
4910
4946
5395
5468
6152
5551
5660
7576
4948
4947
4950
4951
4952
4953
5526
4823
5576
7330
5516
4955
4963
5144
5539
5061
5827
7119
4881
5703
6639
5018
5039
6667
6884
4867
5364
5302
6865
5320
6645
4901
6249
6902
5146
5558
4796
5966
5354
5401
6631
5369
5535
5093
5349
6185
5722
4982
6854
4888
5208
5221
6467
6259
7528
6195
7524
4827
4858
6816
7202
4771
4834
5087
4989
5338
7479
5758
5934
4855
5179
4807
5621
5001
6373
7105
4982
5037
5046
4988
5000
6885
7228
4946
5699
6359
4949
5883
6077
4987
7061
4793
5181
7082
7314
4793
4795
6006
5355
5571
5757
4820
4809
6380
5654
5324
7508
5568
7303
4805
5048
6077
5523
7345
5133
5205
7331
4821
5237
4795
4829
5196
6359
6016
4886
5559
6106
4921
5261
6263
5250
5469
6818
5168
5561
7273
5203
6916
4920
5033
5478
6846
7166
4894
5051
5645
5052
5304
5359
5125
5126
5184
7249
5942
6789
4975
7137
4976
7133
4973
7136
4972
7135
4974
7134
4977
7132
5014
7103
4910
4979
5038
6636
7520
4914
4932
4896
5229
6341
6016
7112
4899
4983
5241
6818
7338
4855
5142
4825
5082
5143
5144
5536
7151
7364
4842
5244
5097
5768
7208
4862
5351
6454
4915
4842
4852
5400
5440
4893
4980
4998
5423
5641
7591
5682
6281
4943
5084
5998
4940
5350
4846
6009
7245
4841
5297
4838
4992
5049
4970
6537
7288
4841
4882
5033
5409
5956
4878
5356
4840
4883
5107
5468
5187
6443
5312
5292
5051
5593
5971
7238
4906
5086
6997
4943
5426
5006
5536
5648
4926
5150
7078
4946
4979
5152
4896
5212
4874
5456
6276
4966
5245
5146
4884
4908
4989
5017
7284
7549
5122
6566
5065
5332
4929
5086
6732
4941
4957
5094
5796
7067
5014
6663
5771
4942
4964
5118
4990
5191
5741
5960
4876
5712
5099
5107
5166
5195
5486
7005
5037
5274
4876
5161
5534
5910
6801
5156
5916
7010
7624
7232
7511
4956
6479
4999
5185
5273
6405
7010
5021
5028
5034
5069
6294
5029
5204
5297
6638
5192
5426
5201
5215
5553
4994
5577
5247
5408
5071
5242
6101
5968
7609
4980
5319
4942
5207
5691
7168
5722
7006
4904
4981
6818
4980
5305
5613
4926
5191
7052
7200
4908
5125
5659
5931
7637
7100
5062
5143
5076
5255
5439
4971
5354
5937
5637
5181
5265
5430
6907
6901
7565
5344
6389
7264
5094
5112
6132
6070
5282
5581
7348
4957
5219
5675
7161
7628
4930
5266
5531
5412
5114
5131
5523
4964
5246
6890
6298
5149
5220
5223
6791
5287
5410
4997
5068
5481
6632
7155
5295
5873
6424
5134
5267
4966
5228
5341
5240
5263
5577
5776
5042
5261
5060
5100
5109
7409
7452
7431
7446
7451
7425
7420
5168
7075
5034
5435
5138
5930
4994
6117
5034
5436
5068
5119
5139
5038
5347
5650
6701
7550
5443
5590
5124
7079
5238
6410
5239
6409
5233
5303
5641
6615
7402
7441
7417
7443
7434
7423
5088
5394
7029
5120
5672
5456
5061
5418
5187
6014
5108
5576
5607
7053
5442
5222
5061
5377
5096
5161
5669
5159
7142
5304
5329
5671
5132
6032
5463
7411
5123
6693
5244
5329
5109
5447
7158
5217
5307
6853
6445
7477
5109
5437
5117
5462
5194
5907
5474
6999
7157
5031
6212
7369
5876
7614
5045
5625
5046
5180
6854
5108
5198
5129
5579
7034
6074
5035
5240
5779
5105
5176
7025
5482
6863
6803
5022
5292
5345
5299
5438
6088
7033
5242
5113
6399
6614
5483
5343
6185
5137
5449
5050
5209
5501
6192
5312
5376
5301
5426
5576
6894
5529
5897
6201
5350
5145
5321
7062
5348
5717
5141
5489
5267
5275
5127
5274
5282
5923
5267
6243
5330
5067
7067
5874
5139
5519
5338
6405
5627
7263
5566
5878
6063
5175
5174
5170
5169
5171
5172
5173
6397
5359
5533
5251
5485
5617
5226
5427
7521
5076
6090
5631
7219
5197
6906
5196
5263
5345
5450
5117
5470
5289
5965
5206
5344
5256
5791
6683
6900
5303
5831
5116
5513
5376
6055
6596
5909
6365
6871
5090
5165
5416
5533
5550
5420
6423
5691
6009
6870
7219
5111
7311
5402
5588
5284
5520
5460
5116
5578
7456
7523
7027
5164
5279
5333
5867
5534
5395
7557
5120
6052
5198
5574
6809
5137
5503
5495
6470
6832
5759
5976
5133
5425
5371
5428
5556
5550
5606
5788
7602
5926
6874
7048
5248
5288
5178
5236
5738
5515
5799
6693
5650
5135
6466
6827
7184
7127
7314
7069
5450
5160
6050
5348
5868
5328
7357
7632
5211
5675
5210
5337
6862
6854
5542
5649
7205
7498
5234
7613
6912
5285
5227
5302
5328
5823
5606
5646
6489
5194
5528
6029
7006
5674
7608
6518
5164
5926
5934
6052
5370
7093
7385
5165
5255
6391
5596
7259
5294
5328
5694
6207
7356
5621
5780
6443
7373
5226
5291
6091
5373
5410
5925
5298
5650
5675
6205
5534
7375
5233
5628
6837
6498
6502
6499
6501
6500
6503
6504
5547
5815
5465
6640
6839
5215
5400
5646
5707
5425
5913
5509
5322
5363
6808
5230
5560
6035
5659
5331
5547
5374
5500
6642
5258
5321
5505
5518
5247
5314
5736
5361
5626
5638
5846
6618
6989
5272
5809
6231
5882
5582
5266
5403
5559
5626
5643
5270
6512
7094
6144
7139
5254
6596
7466
5577
6871
5590
5243
5440
5290
5459
6448
5643
5670
5707
5744
5475
6830
7622
5311
6760
6520
7002
5315
5429
5342
5505
5670
5683
7222
6701
7461
6748
6429
6659
5360
5394
6060
6047
5257
6679
5698
5700
5744
5780
5723
7371
6074
7056
6756
7060
5433
5237
5411
5508
7085
5274
7611
7610
5765
7055
7123
5700
5726
5726
6375
5593
6756
5610
5967
6010
6790
5362
6049
5293
5300
5510
5285
5799
7350
6257
7489
6287
5335
6236
5294
5494
5273
5308
5396
5413
5464
6828
7111
6545
5268
5482
5499
6271
5525
5681
5957
6355
6034
5592
7115
7480
6474
7116
6006
6079
6116
5542
5972
5307
5526
7280
5579
5899
6867
7516
5665
6904
5334
5540
6687
5339
6593
6358
7240
7426
5326
5993
6090
5374
5438
6724
5332
6283
6448
6801
5318
5639
5310
5514
5663
5888
5537
6437
6596
7489
7328
5649
5852
6032
5452
5638
6266
7359
6265
6377
5821
5826
6520
5393
5724
6141
5317
5671
5456
6293
6883
5367
5520
6523
5404
5589
5325
7067
7618
5698
6218
5514
5527
5821
5845
5621
5994
6054
5490
5544
5835
7372
5535
5444
5530
5367
5775
6154
7140
6766
5526
5545
5627
7025
5439
6251
7169
5340
7098
5411
5419
5488
5883
5487
5516
6211
6816
5845
5891
5591
5666
5813
5920
6365
6733
5488
5852
6114
6228
5813
5849
5789
5681
5872
5722
6763
5579
5880
5515
6244
7255
5610
5419
5544
5828
5466
5619
5842
6687
5402
5499
6036
6014
7149
5451
5568
5891
5903
5452
5663
6605
5461
5479
5396
5826
6372
5463
5583
7029
5406
5493
7088
5668
7109
5786
6453
6716
7543
5903
5914
5487
5500
5667
5853
7538
5854
7537
5855
7536
5864
7533
5860
7534
5859
7535
5863
7533
5865
7532
5861
7534
5858
7536
5862
7535
5856
7538
5857
7537
5866
7532
5595
6481
7605
5706
5457
5841
6199
5718
6922
7621
5458
5794
6100
5909
5575
5599
5408
5585
5539
5554
5692
5471
7198
7379
5604
5453
5752
6248
5818
5741
6016
5546
5723
6329
7501
5492
5507
5511
6191
7186
5799
6226
7218
5914
5929
5801
5759
5431
5478
5517
5457
5492
5563
7492
7515
5457
5506
5511
6178
6064
7108
5467
5530
5595
5611
5791
7098
5692
5911
6040
7046
5549
5710
5751
5983
5986
5983
5988
5920
5987
6292
5929
5941
5988
5995
5986
6018
5611
5624
5528
6787
7297
5895
7361
5987
5995
5807
6514
7130
5823
5959
6371
5477
5476
5552
5570
5634
5689
5941
5945
5711
7074
5557
5729
5930
7209
5541
5634
5945
5954
6538
6523
6773
5654
6361
5808
6112
5624
5642
7307
5612
6887
5954
5961
5507
5622
5673
5926
7121
7258
6911
7580
5748
7558
7347
5490
5558
5752
5553
5931
6018
6111
6598
6060
5961
5964
5962
5964
6023
7072
7286
5962
6427
5790
5496
6650
6926
5548
5642
5648
5881
6169
6630
5522
6633
5608
5620
7232
5636
5648
5692
5543
5563
5949
7310
5959
5985
6075
6404
7358
5718
5754
6746
5725
5822
6044
5677
6006
5527
5562
5541
5873
5882
6012
6130
6850
5635
5636
5666
5953
5985
5990
5580
5640
6311
7197
5838
5922
7286
5654
5982
6434
6125
5557
7323
5810
6250
7352
5554
5599
6638
6701
7169
6041
5541
5635
5644
5752
5789
6335
5548
5639
5784
6421
6308
7457
6306
5629
5615
6884
6550
7022
5727
5747
5933
6197
5933
6001
5777
6331
5708
5751
7040
7365
5604
5673
7145
5584
7119
5878
6115
7145
5572
5661
6300
5849
6333
5644
5749
6300
7210
5618
5685
6005
7130
6001
6403
6106
6012
6076
7460
6207
5596
7028
5588
5620
5633
7031
5598
5673
5605
5840
6686
6931
7477
5687
5735
7077
5996
6863
6864
5755
5767
6159
5942
5980
6446
5687
5705
5690
5697
5702
5623
5661
6315
7540
7052
7594
5754
5803
5817
7293
6111
6214
7318
6285
7046
6167
7454
6157
7551
6091
6224
6307
6542
5802
7099
6316
6543
6382
5623
5720
5747
5705
5875
5633
7494
6076
6129
6484
7577
7259
5725
5770
6214
6220
6129
6727
5674
5943
5832
6041
6182
6791
6792
6039
6272
7495
6904
5907
7176
6002
5754
5884
6886
6199
6861
5750
6798
6908
5753
6565
6867
7384
5715
5979
5696
5719
7255
6518
6739
6188
6092
6621
7033
6244
5716
6307
6606
6342
5992
6010
7591
7613
6227
6593
5693
7104
6220
6433
6804
5683
6224
6256
5762
5740
6008
6355
7474
5745
6017
6021
6425
5763
6081
6534
6003
6483
5892
6726
7591
5721
5701
5757
5772
5785
6489
7599
6370
6062
5781
5898
5846
7355
5721
5748
5757
5792
5938
5951
6784
5804
5934
6476
7210
7368
5778
5827
6390
7224
5758
6052
7458
6022
5906
5924
6613
5877
5989
5748
7377
5877
5894
5829
5839
6898
5829
6317
5761
5803
5816
5774
7558
7622
6380
6449
7062
5761
5817
5793
5833
7230
5906
6014
6324
5825
7129
5793
5820
5778
5805
5938
5878
5794
5839
5977
7121
7555
5764
7046
5936
5975
6150
5740
6318
7131
5797
5811
5797
5808
6290
6549
7388
6343
5943
6188
5783
6256
6328
5795
5875
6068
6873
5787
7462
5805
5851
5917
5956
5820
6586
6013
6595
6404
6102
6168
5808
5843
7593
6466
5899
6051
6072
5806
5979
5932
6467
7617
5900
6673
5966
6004
5993
6145
7100
7112
5837
5843
5879
6039
5975
6004
5798
5814
5925
6325
6472
6008
5924
6104
6850
7055
5837
5887
6514
6328
6350
6627
5925
6327
6781
6017
5890
5901
5840
6121
6086
6314
6021
6764
7596
7249
5887
5890
6842
5806
5814
5970
5802
5917
5938
6086
6444
5842
6731
6758
6033
6169
6262
5901
5928
5894
5893
7054
7175
6815
5935
6815
6849
5834
6109
6379
7376
5840
5893
5947
5969
7039
6719
6139
6178
6374
5833
5944
6889
5928
5948
6074
5830
6844
5947
5948
6149
6489
7564
5875
5889
6588
6808
7472
5834
5978
6271
6616
6034
6298
5836
6294
7492
7505
5842
5893
5871
6202
6641
5963
6746
6105
5969
6011
6562
6281
5851
6513
7486
6179
7291
6487
6033
6094
6630
5869
6436
5856
6418
5857
6416
5858
6414
6419
6418
6416
5862
6411
5861
6406
6411
6412
5864
6408
6407
5866
6409
6413
6337
6401
6251
6491
5879
6213
6179
6235
7274
6070
6201
6142
6362
6089
6228
6286
7374
6122
5889
6102
6216
6011
6030
6174
6055
6240
6279
6265
6337
6904
6108
6177
6749
6107
6030
6045
5917
5919
6826
7613
6019
6611
6027
6038
7070
6114
6215
6771
6779
6216
6271
7278
6170
6059
6067
6717
6553
6766
6803
7153
6061
6846
6493
6516
5971
7193
6183
6677
6144
6340
6688
6286
6384
6817
6447
7180
7220
6045
6167
6135
6665
6124
6156
6452
6890
7197
7514
6355
6877
6270
6255
6532
7271
5991
6559
7224
7053
6235
6512
6671
5944
5997
6619
6238
6610
6255
6267
7323
6097
6126
6127
6811
6895
7504
5970
6528
6307
7251
6028
6297
6398
6020
7004
7071
6068
6612
6157
6529
6564
6083
6278
6800
6517
6546
6112
6142
6367
6313
6475
6506
6056
7351
6511
6508
6788
6892
6794
6377
6524
7204
6147
6155
6097
7152
6351
5978
7102
6125
7066
6448
6161
6229
6614
6710
6252
6019
7303
6046
6398
7140
6087
6368
7341
6422
7187
6530
6563
6812
7476
7267
6519
6042
6059
6090
7047
6246
6303
6147
6180
6096
7203
7313
6276
7478
6046
6139
7168
7593
6481
7081
7552
6279
6881
6356
6034
6331
6728
6722
6849
6681
6753
6667
7049
6069
6473
6566
6541
6558
6505
6626
6254
6680
6750
6068
6121
6180
6225
6573
6370
7346
6544
7026
6161
6399
6347
6352
6267
6320
7517
6247
6289
6348
6882
6349
6059
6061
6056
6611
7250
6230
6368
6130
6144
6685
6298
6196
6526
6555
6576
7039
7206
6071
6109
6461
6464
6748
6225
6324
6371
6464
6302
6396
6459
7549
6278
6320
7479
6845
6632
7252
6568
6579
7381
6346
6103
6612
6279
6461
7282
6570
6622
6085
6485
6600
6346
6655
6430
6917
6107
6304
7063
6269
6348
6573
6597
6884
7131
7367
6623
6608
7050
7474
6604
6607
6743
7087
6630
7265
6159
6223
6497
6098
6569
7488
6089
7035
7215
6230
6662
7010
6584
6592
6117
6790
6104
6268
6757
6474
6574
7302
7099
7475
6583
6704
7575
6126
6112
6201
6858
6124
7116
7086
6364
6457
6599
7019
7082
7540
6449
6783
6306
6386
6437
6585
6587
6474
6509
7343
6158
6263
7243
6661
6196
6254
6618
7355
6470
6360
6268
6322
6389
7050
6527
6213
6610
6615
6429
6134
6575
6702
6136
6774
7201
6703
6916
6147
6217
6565
6585
7064
7340
6625
7021
6386
6460
6354
6587
6615
6190
6223
6602
6610
7129
7568
6427
6479
6269
6289
6601
6602
7386
6601
6620
6446
7606
6296
6345
6170
6545
7248
6227
6721
6752
6165
6592
6723
6853
7220
6761
6786
6230
6424
6573
6584
6296
6209
6217
6560
6246
6364
6378
6551
6712
7569
6604
6620
6403
6486
6739
7172
6570
6659
6799
6507
6478
6670
6623
6628
7342
6673
7151
6383
7468
7023
6607
6636
6623
6636
6783
6608
6659
6268
7160
6438
6441
7541
6653
6834
6847
6618
6625
7525
7634
7177
6363
6378
6824
7013
7145
6544
6672
6720
7155
6373
6737
7553
6225
6567
6658
6441
6490
6555
6568
6692
6579
6597
6531
6759
6426
6691
6802
6492
6525
7154
6342
6859
6436
6455
6221
6345
6483
6581
6628
6656
6654
6269
6619
6421
6447
6880
7059
7091
7254
7493
6276
6488
6262
6395
6316
6899
6622
6672
6530
6541
7481
7572
7195
6492
6684
6656
6735
6850
7185
6668
6729
6746
7167
6274
6736
6835
6558
6576
7250
7563
6378
6706
7058
6862
7510
6472
6547
7003
6455
6469
6580
6678
6696
6785
6535
6698
6735
7623
6533
6556
6762
6591
6653
6664
6669
6796
7111
6388
7238
6763
6902
6594
6591
6603
7095
6346
6360
7310
6668
6690
6700
7334
6438
6462
6734
6493
6517
7491
6721
7124
7153
6664
6689
6547
6561
6689
6690
6688
7617
6521
6490
6552
6546
6563
6648
6393
7590
6356
6396
6652
6552
6561
6733
6586
6666
6699
6304
6303
6347
6422
6647
7197
7230
6302
6348
6887
7561
6660
6669
6707
6494
6773
6893
6453
6462
6515
7104
7163
7183
6890
7222
6772
7261
6439
6533
7031
7349
7080
7074
7300
6505
7358
6516
7003
6471
6590
6725
6843
6751
7152
6666
6709
6629
6775
7235
6394
7347
6775
6829
7101
6396
6707
6709
6586
6839
7483
6439
6453
6752
6761
6848
6879
6450
7048
6617
6681
6796
6542
6606
6931
7560
7508
6513
7298
6426
6780
6833
6682
6395
6437
6673
6708
6352
6430
7220
6455
6814
6831
6357
6745
6778
6388
6560
7268
7605
6676
6646
6715
6457
6740
6674
7322
6776
6915
6376
7318
6470
6560
7385
6508
6590
6639
6856
6627
6714
7125
6494
7247
7077
7346
6878
6663
7100
6571
6572
7144
7159
6722
7036
6507
6743
6764
6767
6463
6768
6810
7141
7064
6572
6590
6900
6699
6777
7516
7603
7468
6424
6999
7276
6450
6786
6824
6580
6774
6808
7177
6652
7371
7601
6499
6498
6500
7002
7134
7135
6501
6503
7137
6502
7136
7132
6504
7133
7280
7097
7302
7020
7354
7090
6639
7119
6998
6447
7130
6478
6529
6650
6662
6646
7496
7339
7589
6929
6451
6675
6637
6642
6724
7490
6640
6806
6860
7582
6533
6536
6910
7573
7020
7552
6914
7128
6822
7114
6457
6536
6577
6865
7059
6764
6777
6778
7320
6629
6649
7234
6913
6510
6772
6578
6738
7361
7231
7274
6729
6735
6663
6872
7005
7207
7016
6486
7181
6510
7363
6897
7526
6767
6768
7060
6506
6723
7096
6694
6527
6838
6920
6907
7089
6747
7226
6675
6840
6491
6747
7312
7147
6903
7574
6772
6525
6851
7117
7122
7598
6518
7222
6893
6912
7120
6905
6649
6909
6911
6574
7587
7260
7189
7107
7154
7428
6557
6747
6896
6901
7110
7042
6695
7380
7159
6717
7172
6918
6925
6583
6684
6876
6574
6600
6868
7072
6852
7492
7548
7436
7506
7427
7507
6603
6683
7084
7301
7301
7173
7138
7239
6581
6700
6908
7076
7164
7171
7487
7001
6765
7015
7022
6786
6841
7509
6675
7294
6600
6743
7342
7011
7018
6795
7024
7038
7203
7551
6670
6582
6629
7275
7116
7343
7027
7512
7000
6823
7364
6791
7160
7359
7008
7466
6749
7221
6835
6713
7184
6619
7330
7264
6837
7040
6650
6654
6696
7266
7214
6616
6823
6700
6713
6852
7562
7185
6842
6781
7156
7587
6758
7527
6998
6640
6715
7004
6661
7069
7083
7141
7309
6644
6823
7620
7555
6683
6684
6730
7088
7233
7079
6799
7065
6696
6711
6697
7573
6648
6862
6882
6789
7204
6831
6711
6712
6712
6720
6702
6774
7203
7281
7495
6710
7327
6723
7012
7619
7007
7045
6676
7122
7489
6697
6703
6670
6682
6686
7148
7579
6702
6703
7248
7131
7236
6891
6674
6778
7519
7339
6757
6708
6737
7045
7499
6741
7382
6715
7588
6780
6759
6737
6742
6704
7249
6742
6813
7217
6869
7464
6782
7493
7009
7070
6726
7068
7051
7126
7158
6821
6889
6718
7251
6776
6874
6820
7125
7243
6836
7001
7190
6837
6913
7078
7530
7377
6822
6840
7127
7215
6905
7572
7515
6838
6836
7092
7600
7271
7340
7052
6856
7186
7260
6793
7373
7056
7181
6745
6776
7152
7252
6880
7063
6855
6924
7211
7160
7382
7272
6833
6763
6810
7352
7561
7094
7598
7368
7302
7383
6852
7566
7113
7279
6878
7556
7299
6997
7178
7483
7594
6824
6841
7211
7044
7602
6829
7013
7305
7615
7355
6835
6897
6870
7001
7588
7303
7551
6842
6907
6897
7244
6905
6909
7113
7253
7191
6885
7363
7632
7188
6911
6918
6923
7325
7348
6920
7188
6921
7037
7043
6834
7032
7619
7627
6999
7481
6925
7011
6912
7319
7194
7316
6929
7486
7586
7015
7018
7487
7102
7531
7332
7584
6857
7123
7543
7022
7024
7279
7026
7539
7210
7230
6872
7066
7265
6923
6869
7035
7115
7317
7353
7104
7000
7038
7040
7376
7494
7464
7528
6861
7179
6903
7290
7180
6874
7141
7008
7336
6906
7045
7170
7317
7321
6929
7501
7207
7149
7184
6876
7269
7321
7629
7069
7079
7307
7566
6903
7223
7268
7068
7066
7545
6917
6892
7167
7035
7540
7635
7083
7287
7510
7057
7630
7118
7102
7344
7472
7462
7114
7150
7454
7037
7557
7014
7270
7086
7047
7455
7174
7080
6920
7571
7286
7345
6914
7264
7051
7517
7157
7384
7097
7182
7042
7354
7502
7148
7281
7297
7621
7384
7390
7390
7391
7139
7395
7397
7392
7396
7402
7403
7398
7426
7399
7421
7393
7408
7394
7396
7416
7429
7400
7405
7407
7427
7404
7409
7414
7417
7392
7410
7406
7413
7401
7406
7408
7422
7401
7405
7394
7414
7409
7415
7424
7425
7419
7427
7399
7435
7445
7503
7411
7436
7418
7425
7412
7416
7400
7423
7404
7423
7393
7413
7403
7420
7411
7433
7391
7428
7430
7439
7412
7431
7395
7420
7397
7410
7432
7434
7432
7447
7417
7418
7434
7437
7402
7435
7426
7525
7419
7500
7422
7424
7438
7446
7442
7443
7407
7421
7444
7453
7366
7398
7441
7450
7441
7444
7431
7433
7440
7452
7442
7446
7448
7449
7440
7448
7428
7439
7451
7443
7449
7437
7452
7415
7447
7430
7436
7450
7451
7438
7453
7429
7445
7143
7174
7032
7095
7032
7277
7029
7385
7241
7627
7242
7083
7333
7378
7234
7331
7577
7497
7088
7170
7213
7143
7576
7331
7246
7143
7162
7480
7342
7275
7156
7256
7208
7616
7240
7469
7460
7110
7216
7146
7388
7319
7058
7196
7199
7296
7362
7633
7253
7471
7103
7257
7322
7491
7195
7075
7308
7297
7517
7296
7105
7553
7552
7277
7095
7090
7196
7464
7375
7216
7257
7488
7381
7335
7266
7117
7473
7340
7120
7176
7513
7126
7148
7204
7215
7232
7341
7195
7213
7326
7496
7202
7125
7158
7361
7514
7236
7456
7600
7187
7329
7484
7568
7163
7164
7246
7175
7267
7578
7206
7225
7255
7247
7612
7530
7461
7314
7335
7289
7205
7490
7526
7584
7362
7306
7244
7484
7224
7389
7164
7455
7221
7226
7214
7278
7356
7313
7514
7465
7315
7586
7630
7569
7218
7461
7479
7543
7214
7482
7463
7470
7487
7559
7293
7367
7485
7188
7227
7256
7486
7280
7367
7227
7254
7509
7471
7209
7387
7324
7334
7305
7294
7295
7566
7338
7344
7217
7631
7365
7620
7513
7594
7221
7609
7491
7389
7462
7304
7554
7521
7618
7474
7546
7563
7575
7459
7274
7291
7271
7323
7285
7476
7466
7333
7455
7554
7299
7599
7531
7253
7378
7398
7360
7522
7603
7531
7570
7631
7261
7584
7285
7370
7553
7567
7587
7590
7592
7529
7352
7561
7282
7484
7604
7277
7369
7372
7290
7287
7289
7567
7308
7379
7327
7315
7374
7309
7312
7588
7577
7500
7581
7320
7589
7458
7293
7596
7625
7493
7635
7469
7353
7307
7386
7329
7547
7638
7608
7503
7513
7478
7633
7364
7544
7332
7498
7369
7502
7338
7579
7518
7511
7339
7325
7475
7574
7459
7619
7357
7456
7623
7602
7626
7353
7386
7374
7522
7614
7579
7511
7465
7356
7563
7595
7521
7376
7606
7363
7457
7382
7497
7541
7467
7616
7469
7622
7377
7558
7457
7548
7626
7637
7505
7589
7509
7567
7476
7547
7539
7529
7534
7536
7535
7532
7538
7537
7610
7611
7533
7482
7518
7606
7472
7468
7477
7573
7485
7585
7562
7530
7636
7580
7494
7518
7519
7498
7544
7621
7559
7629
7549
7522
7608
7515
7611
7610
7524
7529
7628
7583
7527
7601
7554
7542
7570
7615
7631
7603
7614
7581
7550
7604
7548
7583
7596
7638
7565
7617
7599
7625
7605
7570
7636
7572
7580
7595
7597
7636
7634
7626
7612
7592
7612
7607
7593
7616
7620
7609
7623
7624
7628
7630
7624
7629
7638
7637
)


// ************************************************************************* //
