/*--------------------------------*- C++ -*----------------------------------*\
  =========                 |
  \\      /  F ield         | OpenFOAM: The Open Source CFD Toolbox
   \\    /   O peration     | Website:  https://openfoam.org
    \\  /    A nd           | Version:  7
     \\/     M anipulation  |
\*---------------------------------------------------------------------------*/
FoamFile
{
    version     2.0;
    format      ascii;
    class       surfaceScalarField;
    location    "22.5";
    object      phi;
}
// * * * * * * * * * * * * * * * * * * * * * * * * * * * * * * * * * * * * * //

dimensions      [0 3 -1 0 0 0 0];

internalField   nonuniform List<scalar> 
11512
(
145.217
-506.399
361.182
-767.437
0.899229
766.538
416.741
-373.234
-43.5068
645.703
263.014
-908.718
1510.51
-1069.42
-441.097
1216.27
-1527.11
310.842
-47.0701
472.985
-425.915
169.073
-841.226
672.153
961.994
-1610.76
648.762
-1766.44
1674.08
92.3581
-542.947
1759.21
-1141.7
1935.48
-793.778
606.179
181.344
-787.524
-25.3428
-1318.81
1344.15
222.127
-1988.57
1022.84
-385.03
-637.808
-185.978
331.196
483.498
190.658
-674.155
1154.86
-1315.03
160.166
-323.794
378.837
-55.0433
1008.42
-1321.3
312.879
1221.67
799.868
-2021.53
74.1527
-1645.74
1571.59
-485.679
-1163.68
1649.36
473.835
182.016
-655.851
-188.274
-318.126
497.721
1012.79
1653.08
-1811.45
158.369
-94.8747
-1689.62
1784.49
-1560.37
655.381
904.99
-310.791
653.044
-342.254
-192.98
-131.437
324.416
1289.15
-1215
355.307
-1407.28
1051.97
-1754.27
1754.27
100.206
1537.42
-1637.63
-1082.78
-477.592
644.905
-691.976
-387.01
942.037
-555.027
1331.79
-1317.19
-14.5988
-1100.46
713.453
623.768
399.07
-404.992
-24.6077
429.6
-454.242
789.981
-335.739
-1618.39
1618.39
1253.55
-1437.85
184.308
-489.042
1710.71
1253.82
-311.78
1660.72
-1161.22
-499.502
65.4978
-389.292
2066.88
-1136.28
-930.599
1819.41
-166.324
452.075
156.155
-608.23
-467.295
977.025
-509.729
-1174.98
1275.18
-567.022
969.842
-402.82
398.41
756.454
660.705
-491.633
-438.346
590.987
-152.641
1190.59
-835.281
2308.22
-1080.69
-1227.53
1164.39
-2010.73
846.337
-1607.78
1582.43
440.574
-1582.27
-758.837
1250.42
-491.578
-671.609
360.818
1661.43
-699.438
-1106.93
-870.9
1977.83
690.168
-377.224
-312.944
690.459
563.358
-258.214
1511.76
102.888
-312.981
210.093
-284.796
758.631
-333.535
561.182
-227.646
-324.454
807.952
-319.96
-141.998
461.958
321.754
94.987
1465.43
-457.005
-991.121
490.995
500.126
267.662
96.5381
-364.2
947.603
-341.424
-1703.11
639.487
1063.62
19.2122
-860.977
841.765
-276.742
591.11
-314.367
158.124
-1093.91
935.782
1050.87
-1066.49
15.6147
373.125
517.374
-890.499
-245.387
697.462
-1103.15
-482.529
1585.68
-677.161
949.905
-272.744
1354.87
-1449.75
-647.179
285.406
361.773
-470.205
-1011.5
1481.7
-537.086
-796.075
1333.16
575.438
-995.436
419.999
-262.733
-314.922
577.656
402.967
-300.079
-1043.96
576.661
955.556
-797.433
-110.386
943.737
-833.351
-203.346
411.428
-208.083
-632.924
-358.197
-386.742
962.18
1856.36
-1856.36
-475.497
-171.682
-949.416
1564.32
-614.907
470.75
-906.699
435.949
-922.55
355.527
-941.905
-1058.08
-1496.38
344.022
1152.36
-274.359
920.062
-325.947
625.048
-299.101
-1941.9
999.992
-1146.06
-350.323
560.372
-1509.79
1728.51
-1725.9
-2.6039
202.921
-611.254
408.334
-1466.11
975.817
490.293
279.904
220.616
-500.52
306.219
-639.755
235.392
-409.837
174.445
2017.48
-866.091
-1151.39
-552.154
147.162
615.675
838.781
-1454.46
-183.355
418.747
431.629
876.221
-1307.85
-904.614
389.569
515.045
-1049.56
1447.97
-1068.41
309.574
748.21
-95.1654
563.536
-292.171
-271.365
1016.57
-525.574
593.429
-1403.7
810.273
-1342.14
238.99
-542.141
265.398
-1188.59
914.227
1943.39
-990.244
-953.142
276.799
1579.56
-2097.98
897.339
1200.64
356.616
-33.3414
-323.275
-223.152
479.24
-256.088
-99.4089
-388.692
488.101
-461.585
141.625
338.03
-131.237
601.986
425.751
379.237
-804.987
-2041.79
1121.65
920.137
461.911
-527.471
65.5594
218.252
-359.039
140.787
1005.99
1011.49
1790.49
-253.064
738.804
-453.397
795.836
-1389.17
593.332
355.987
334.181
1058.83
-1039.62
-494.054
-245.087
739.141
470.879
-129.599
-341.28
795.814
-614.469
553.229
-734.262
181.033
503.332
1157.39
-1240.32
703.23
1038.35
-1524.03
-3.12055
-1439.42
1442.55
327.046
823.142
-1150.19
622.274
269.923
-892.198
-2270.86
1150.96
1119.9
-1105.92
-1164.94
185.164
368.064
959.032
-631.986
878.35
-898.135
19.7848
-2099.39
992.459
-219.415
-187.005
406.42
-41.9912
1770.5
-837.158
69.7214
-1030.6
-1067.38
-228.173
446.424
-683.513
208.016
-278.547
-426.545
705.091
1103.97
-1574.17
782.673
-1374.27
591.597
697.713
-434.699
1947.83
-1444.5
-378.283
-1375.98
68.3665
404.619
-534.872
535.771
23.6676
-581.563
557.896
569.366
-289.462
-600.325
276.217
324.108
785.644
-359.893
34.8109
321.806
1188.47
-1191.59
167.937
235.03
396.111
-674.658
618.698
-1005.44
-2026.76
2026.76
-263.698
-448.041
711.739
698.882
405.851
-1104.73
579.929
168.281
411.901
373.743
-2199.76
1328.86
-926.029
-679.955
1605.98
-482.4
-706.186
-256.236
554.611
-298.375
834.475
-207.425
-627.05
-452.151
655.072
365.674
-691.621
-371.398
-131.374
502.772
-1334.43
-477.02
639.139
-1121.54
-374.14
-1244.25
844.35
1463.87
303.565
-917.9
614.335
966.449
-342.681
1391.25
-797.82
441.897
-273.96
-324.685
-878.164
576.767
301.397
-340.42
-537.743
315.22
-414.629
-194.522
-157.83
352.353
-392.803
1091.68
434.024
-243.367
-386.701
1358.89
-171.283
-1187.61
-477.286
294.012
183.274
226.496
262.297
-488.794
4.83114
-739.093
592.166
-1729.06
1136.9
1484.8
-869.121
-1049.65
-416.459
-1056.24
574.26
481.98
1386.6
-410.781
928.744
-1411.27
-171.641
-189.223
360.863
-468.101
579.134
-1628.7
427.882
903.903
290.023
300.167
-590.19
568.043
1186.22
1103.09
-711.305
-391.784
396.42
-208.617
-187.803
-1419.43
446.34
737.094
-1183.43
1473.26
-544.52
-488.876
936.242
-447.366
426.158
1186.14
-1612.3
47.4093
-724.57
-151.155
418.816
199.509
-392.489
536.515
480.054
-601.721
44.9828
556.738
1024.52
-1307.65
283.131
669.142
-257.241
468.371
-1447.21
978.843
399.819
1688.12
-523.727
895.451
1047.94
-659.65
-1684.81
758.779
564.15
405.486
-969.636
456.055
78.9952
1750.1
-1829.1
1443.65
-379.491
-1064.16
1699.19
-1741.18
-365.781
-532.723
726.191
-193.468
-502.591
176.26
294.619
-373.162
-1225.94
214.442
-764.701
-639.001
-637.521
997.475
-359.955
-651.721
641.586
10.1358
654.848
-923.461
268.613
-715.879
354.686
361.193
-647.565
-696.145
349.973
346.173
-932.167
1400.54
-421.65
890.343
-468.694
-2205.32
5.55692
173.071
-532.583
359.512
143.201
1215.69
-101.866
-581.648
154.702
-593.048
1487.03
-704.358
386.739
-465.749
79.0096
-562.182
562.182
1222.98
395.406
1778.18
-1228.17
589.855
638.315
847.562
-51.7486
1292.28
774.598
-540.771
1336.61
294.106
297.004
271.192
-803.915
243.994
-698.236
227.014
-439.332
212.318
-247.377
585.507
-338.13
118.362
-365.739
-591.393
-564.668
1156.06
-375.346
547.758
-172.413
-1192.15
2032.03
-839.884
1288.72
-329.684
-398.154
135.421
-1983.01
819.328
1540.48
-850.106
-690.374
1987.02
-877.472
-1109.55
714.203
574.514
-240.171
467.185
-675.786
1150.44
-474.657
-769.455
1201.08
551.837
924.584
-1725.62
801.039
-550.393
-78.7257
629.118
304.702
258.834
413.146
-93.9075
-319.239
896.44
-83.5388
-812.901
927.627
-569.958
-357.668
1576.16
-472.193
892.765
-1628.95
736.189
1068.45
879.382
747.753
-438.27
-309.483
-1058.88
-258.304
568.075
576.438
-1144.51
-466.057
518.777
-52.7205
574.396
-338.527
-235.87
-987.299
565.649
594.782
890.014
-441.781
1096.63
1420.58
-783.96
-636.623
391.74
-923.713
531.973
-1035.72
402.792
562.715
-1051.59
467.348
-542.229
74.8805
480.935
309.045
-513.378
-48.8037
-794.058
-880.483
1674.54
185.541
210.878
-231.877
417.041
-28.4227
-564.24
592.663
497.507
870.217
-1367.72
-508.132
313.61
985.317
-88.8775
835.638
-1064.43
228.791
403.065
845.39
-1386.16
-456.415
835.651
1980.73
-1286.72
-694.006
269.656
608.695
255.6
795.273
90.5774
-974.146
883.569
1673.72
-1088.96
-584.759
-138.001
1888.11
-1866.11
-160.648
482.712
-620.873
138.161
-1012.43
527.795
484.638
-1730.46
538.316
-955.552
845.166
392.871
198.116
579.742
-276.178
-419.224
708.586
257.863
56.0426
718.74
-774.783
-1133.91
-894.081
2027.99
-542.58
1113.16
-570.577
-477.211
-325.976
106.561
-1656.78
862.724
-854.062
-609.93
1463.99
-329.785
-294.641
624.426
356.06
-654.858
298.798
251.102
-610.995
329.924
200.271
-530.195
356.988
-613.224
626.083
-270.024
315.553
-457.552
679.503
414.523
-188.026
-397.969
-298.177
1224.8
-2.46181
-1222.34
1038.93
-420.237
558.996
410.846
-1782.32
869.812
912.508
490.015
556.259
-1046.27
-533.009
203.224
-264.07
1181.71
-917.644
-1590.83
1212.55
504.621
-1096.01
386.804
-0.0652509
430.954
310.314
-741.268
369.103
-614.49
-36.083
758.66
-722.577
-525.149
795.072
392.755
321.208
526.355
651.897
97.7545
-412.103
314.348
1058.3
-644.729
-413.568
494.039
-1664.27
1170.23
-1140.32
1753.23
-612.902
1715.87
-1123.7
-334.208
610.425
-1183.63
1274.21
424.756
-799.606
1609.95
-810.339
-270.255
-207.031
-899.401
1471.9
1815.17
-610.853
-1204.32
-405.176
666.298
-1303.82
-124.675
-53.1947
466.341
-686.919
-354.181
-1236.65
-217.158
468.26
902.71
-561.365
172.672
-1674.79
-71.2878
1746.08
-1075.16
532.584
566.776
-1185.33
618.554
901.124
914.045
630.529
619.887
695.352
240.89
-1144.08
468.297
-398.285
421.953
616.613
-513.967
239.418
-732.101
492.683
702.594
-346.607
-315.167
183.731
-611.094
246.251
364.843
-886.717
-742.237
1087.67
-2145.75
396.554
-681.349
-342.829
-723.658
836.422
584.161
-343.394
318.786
376.076
230.389
640.849
-871.238
527.457
622.986
-546.235
174.837
359.705
-623.403
-1046.86
-848.607
1895.46
-1803.15
157.409
1106.8
-1370.87
1164.24
-718.735
-445.502
-504.301
1349.69
-1495.46
627.917
867.542
-284.787
-209.495
494.282
1428.43
558.589
352.708
-484.082
-481.284
-571.983
1053.27
-424.068
597.139
1583.03
-1130.51
-452.519
-785.24
337.199
654.577
403.719
-1623.42
416.181
1207.24
-187.654
517.578
797.657
785.377
201.746
-695.79
494.044
200.717
210.712
-280.897
-110.279
391.175
496.903
-2.1376
-494.765
-1643.68
594.032
-1609.92
1678.15
-68.2234
12.4692
-1622.39
1069.51
774.185
-343.232
-817.132
-218.584
-1134.58
-239.693
-312.18
681.283
-1812.79
-635.034
1211.47
218.147
758.877
-1331.97
-678.758
-465.917
621.354
-331.331
-1013.27
1350.8
-1932.98
582.182
647.042
1288.43
481.684
-2.44358
718.086
709.554
-1427.64
-637.131
330.569
306.562
436.562
-100.618
-335.944
144.628
312.865
155.858
-468.722
-591.807
1155.96
458.051
-638.469
-460.273
-401.893
862.167
-329.223
157.582
-456.683
156.604
-302.362
-710.072
542.569
-106.007
-575.8
967.539
574.248
-268.066
-306.182
453.462
-777.916
-648.551
452.512
-1129.38
-842.748
1186.77
-569.771
450.053
289.088
-461.009
83.7852
1027.68
-314.409
590.174
-275.766
-509.04
1578.55
-697.115
248.204
371.171
-619.375
223.793
493.182
-30.296
-462.886
-262.922
-193.761
1009.76
1108.86
564.859
-882.83
948.794
-65.9642
-452.628
167.841
-741.692
315.147
-596.889
326.152
376.442
836.161
-1243.99
407.826
776.488
-812.571
-948.865
-550.391
1499.26
-171.155
471.323
-555.601
263.429
1305.79
785.945
-584.199
1322.66
-683.523
487.329
-669.012
-406.654
-421.521
-378.581
800.102
500.911
-842.335
-464.129
96.6613
367.468
-314.238
572.471
726.691
-330.137
-234.253
-175.393
409.646
-492.142
134.522
357.62
1460.78
82.2395
-1543.02
-754.147
1348.93
-1144.77
-465.981
546.612
-175.441
1152.66
-376.174
1083.44
492.717
701.482
-430.29
-884.828
-522.45
-1328.36
-22.5571
985.669
-963.112
596.686
340.202
-936.888
-341.954
-210.2
-683.05
405.536
1621.22
-188.554
379.182
343.564
-722.746
-1839.76
-2106.7
1519.15
587.549
-2038.53
348.907
373.047
535.082
-908.129
-460.49
1019.49
-405.077
-671.915
1076.99
-2030.55
1391.21
639.34
597.98
-1003.06
43.0114
424.337
386.431
189.845
252.051
322.027
971.028
875.284
677.265
-322.578
-354.686
-289.96
618.102
-328.142
570.846
532.242
564.703
514.646
-1079.35
-796.106
-699.354
751.532
401.13
-412.308
711.106
-1193.39
1609.57
429.953
-1101.87
-344.865
545.136
-1384.79
882.516
502.27
-714.13
-344.532
-780.329
347.193
433.136
447.275
717.694
-1164.97
1075.94
-585.925
-417.076
669.181
-252.105
251.578
322.669
-466.602
-432.331
898.933
-231.813
566.694
-961.987
395.293
-463.15
600.598
-1681.29
423.933
670.377
-1094.31
523.24
101.809
113.411
-2212.8
546.1
-96.0478
1444.7
1777.1
-217.549
-1559.55
-438.512
1789.31
-1987.19
1194.56
792.632
398.608
349.145
-40.787
877.209
-1282.91
718.245
-868.495
-822.468
799.911
301.649
71.4904
-373.139
223.798
176.952
-400.75
1559.5
-841.414
-1530.93
-325.432
501.621
-221.306
-280.315
392.408
366.223
257.006
364.348
-10.5871
1002.94
-992.348
379.453
288.659
-668.112
-734.142
1817.39
-1083.25
-342.821
735.229
-1223.52
-414.11
-914.199
481.869
584.487
-788.464
203.977
759.423
-377.881
-381.541
-433.602
-449.228
450.562
1090.17
1240.46
-673.689
799.323
-345.861
384.704
327.035
-239.913
-225.836
-217.889
617.708
408.237
-845.972
437.734
227.35
353.318
-580.668
-420.742
828.979
754.191
-1146.99
892.327
-56.1661
-487.697
279.171
779.658
-96.3575
1384.79
1890.51
-54.1683
348.18
-319.928
417.683
-1087.63
1077.05
636.459
376.575
382.848
80.2096
421.411
262.167
504.37
-375.965
-261.166
-562.055
-89.6662
-367.368
364.604
2.76457
-257.832
-284.309
1010.85
-1540.69
529.843
-186.73
-186.504
-388.608
677.267
-1642.35
1590.97
-963.049
270.99
-677.644
584.328
1224.41
-1808.74
607.434
983.532
316.484
-1125.37
706.145
-288.108
-302.083
1383.17
-1451.69
833.007
618.68
433.36
-638.813
205.454
-385.12
485.527
-100.408
382.477
114.426
1724.45
452.889
-252.172
557.655
-1704.79
1147.14
-97.1098
395.933
343.215
334.049
-448.701
-614.838
1063.54
413.829
-870.244
-640.496
902.484
570.78
-483.098
-232.781
-436.607
-409.364
-307.551
-827.025
1821.1
-1821.1
-102.626
-1596.2
1698.82
296.6
277.796
-916.972
-555.546
1472.52
-408.196
972.899
-604.019
-1039.66
693.359
396.998
-1090.36
471.591
-156.038
573.071
1220.34
-1793.41
-1043.28
2114.57
-1071.29
-378.372
-293.237
-489.716
826.915
-1757.01
1605.26
151.747
1757.01
-1610.85
-146.159
-241.126
519.832
-278.706
-537.304
1620.75
1571.11
-1985.22
1096.15
-293.544
-265.02
558.563
231.684
-576.549
-708.319
296.011
1342.91
637.814
584.967
480.333
-1065.3
273.485
427.997
875.273
500.112
-1375.39
538.484
-1019.77
1574.95
-564.1
-775.69
-364.363
-132.153
496.516
-490.252
1207.95
-742.133
330.516
366.947
378.489
248.442
-626.931
610.173
831.685
-602.894
262.902
685.893
-483.098
-329.955
-239.423
569.378
1168.47
-678.166
607.711
468.14
-1075.85
-1287.86
1287.86
-383.87
760.445
-278.442
-482.563
761.005
497.628
442.575
-940.203
394.627
-673.069
606.929
-870.476
263.547
-367.584
-490.879
1075.85
-659.959
-712.596
1372.55
-378.65
945.344
-1552.76
675.283
33.9088
-426.662
392.753
-518.943
726.959
263.879
321.628
164.23
307.361
-529.865
241.757
1870.25
-1966.61
264.293
-716.444
457.816
-825.121
367.305
-911.397
1421.66
-510.264
-430.227
-483.972
600.833
1124.17
-1725
-714.579
336.206
-463.08
1033.93
-789.387
1052.29
-374.356
-624.168
-497.755
741.749
538.281
-356.265
911.457
-314.813
-177.329
1599.03
-1816.58
-348.776
-613.211
-345.89
480.412
272
-603.331
-177.735
1069.55
-790.379
203.182
-299.221
-276.588
575.809
392.483
-887.047
494.564
-481.297
-461.423
-917.9
-358.643
591.807
-233.165
-457.909
-438.241
-346.719
-183.476
-402.095
650.537
-447.732
774.767
-1072.05
623.352
-1407.33
553.266
-28.5235
-1838.66
1867.18
570.058
-450.379
1229.23
-696.642
298.84
-298.84
673.202
-449.262
1039.72
-1643.74
-1158.74
-947.96
288.933
329.169
893.065
716.88
-504.894
-304.235
809.129
1660.45
-1688.97
-433.612
339.859
229.507
1135.01
-527.304
-943.339
1550.49
-607.151
442.798
-252.953
375.535
396.355
-771.89
540.031
469.306
-1009.34
-331.505
662.021
-38.0757
1908.33
1600.09
992.519
-1696.88
726.682
-1176.76
450.074
-492.499
1367.77
836.861
-1341.16
-571.066
277.523
806.883
-401.397
549.462
-1192.22
642.753
-634.759
-1215.53
-695.689
1911.22
-192.858
559.635
-366.778
-179.524
317.894
-510.752
334.519
365.671
-700.19
-1488.56
757.043
731.522
884
-1434.39
822.869
-433.3
209.111
-360.266
-603.675
273.72
-655.922
-728.864
697.632
507.163
-1204.8
385.527
-205.854
-179.673
554.602
-957.422
-577.152
-428.021
743.168
-831.332
-1155.86
-1437.95
499.713
938.236
7.19349
-648.915
349.33
299.586
-1321.34
1048.8
272.548
-615.643
-456.409
-665.624
921.224
398.581
-194.149
-204.432
508.356
980.489
-1488.84
982.605
-560.453
165.662
394.791
-412.93
683.492
-419.199
-509.22
163.33
234.192
-1520.91
527.233
548.708
-769.399
250.456
144.309
-459.122
364.455
-825.878
1954.16
-1195.39
-758.775
424.674
-688.081
263.407
321.568
337.667
110.321
-447.988
-576.969
188.666
264.223
-691.792
1374.23
-682.438
424.097
474.876
-1189.01
262
1866.77
-1013.59
-853.182
784.302
-543.938
185.296
1402.32
-975.128
-427.196
329.234
-778.495
-616.568
1725.43
609.002
631.463
327.617
-25.9678
266.416
-1138.37
1725.72
-587.353
-1763.54
820.203
1763.09
-1692.58
-70.5098
-666.439
268.153
577.323
-728.055
230.3
1402.62
-565.762
384.273
451.379
-1858.71
1420.2
565.1
-441.904
-123.195
202.194
-548.914
-287.316
-189.895
-349.778
692.993
-588.855
224.492
617.281
549.201
-1166.48
1113.52
-1947.6
834.078
157.148
345.624
-1699.94
1661.86
310.574
-740.864
-170.841
379.952
760.219
679.378
-1439.6
1081.94
-1084.41
524.464
-1110.39
-626.768
248.839
377.929
536.823
-290.572
-614.275
-1029.46
290.533
-728.773
-912.321
174.516
156.746
228.781
402.137
289.272
-691.408
-635.867
-834.269
-978.524
488.828
-1065.8
-307.378
490.652
534.575
652.195
-277.489
-120.666
-413.359
729.843
267.086
-1202.82
566.95
1313.04
-552.819
442.897
-1020.05
-383.495
160.26
404.84
1023.2
551.742
-1719.41
1616.78
1637.08
-575.666
-1061.42
1905.58
-1894.64
-10.9409
218.041
-537.97
-358.168
561.35
-772.137
-329.771
-336.667
1022.81
705.375
-1512.19
806.818
324.861
-26.1856
1625.22
-1095.65
417.482
-1248.6
472.909
-61.169
1521.95
1197.13
-470.444
-486.744
-73.7088
-273.562
736.06
-1951.59
-708.019
360.695
-535.614
174.919
190.651
-505.059
1139.94
671.601
-1811.54
-625.203
183.298
941.753
-1497.3
-210.527
678.796
-468.27
877.822
1122.18
-742.967
1351.97
622.278
-493.469
-128.809
-343.631
1176.64
1048.43
-1980.43
931.994
-1177.02
541.982
1488.74
-586.257
-395.498
-150.737
-1245.01
571.323
1163.73
-100.111
946.214
775.876
-1722.09
-200.669
578.727
-1541.73
963.002
487.017
916.478
-1403.5
626.567
584.906
402.966
-1106.61
589.837
1111.57
1215.38
-452.181
-763.195
-1186.2
-1754.94
-6.01781
-1713.39
-204.789
-434.024
1610.42
-632.619
-977.804
-490.829
1121.36
-1320.83
634.778
686.057
-1363.94
1446.18
-1333.69
590.72
1520.48
-393.128
-584.539
189.042
-1487.06
228.115
176.385
236.885
385.393
439.685
406.146
-845.831
506.421
-938.858
900.295
-1444.82
-710.555
236.372
474.183
-1050.66
458.852
-483.053
867.326
697.234
19.4358
-536.874
170.097
-886.568
-1318.75
-712.899
346.928
365.971
399.316
-722.401
323.085
-474.974
-189.372
-708.763
723.706
1539.98
-593.767
820.916
738.584
1344.67
-844.556
-971.02
-570.709
-794.739
428.774
365.965
-1035.88
-639.482
300.762
338.72
-1433.69
-296.779
-788.656
395.737
392.92
-661.549
413.067
248.482
-687.807
268.608
412.859
486.074
389.933
439.046
477.64
384.527
595.692
-968.854
689.549
466.407
452.366
356.171
-808.537
1630.74
-1079.84
-550.895
-504.78
-289.394
-1031.95
452.402
347.7
409.748
593.132
-1002.88
-1383.66
751.037
-530.287
1148.84
363.299
-50.434
412.509
-863.917
451.407
-1898.07
301.876
439.824
-724.547
284.724
-191.263
401.424
-210.161
-660.786
302.193
358.593
-671.413
316.727
370.896
389.548
612.069
-1020.27
752.249
663.794
-1416.04
438.852
624.687
338.117
392.212
-730.328
407.02
328.209
602.335
676.032
414.141
602.161
-1031.37
429.212
-1674.38
1186.46
487.924
1696.57
-539.181
619.27
-1147.14
527.871
-640.587
345.946
437.62
-933.97
496.35
763.89
-453.576
350.946
342.048
577.626
-926.402
653.095
-1252.83
599.73
385.568
734.132
-1224.38
768.923
509.888
-1278.81
492.889
405.613
-898.502
-501.76
-936.189
-296.589
631.107
352.542
540.931
-893.473
330.404
331.617
-502.189
1944.73
436.12
-846.017
409.897
-917.665
-807.957
-746.398
364.856
-1228.72
439.332
-1739.84
1610.85
128.995
1750.14
-1605.26
-144.884
-782.468
-589.053
261.889
327.164
-1763.09
1985.22
538.927
790.91
-1329.84
440.155
715.906
689.904
385.623
-1075.53
-61.589
1617.14
-593.94
389.296
839.929
-646.537
324.234
322.303
-378.85
-296.59
548.169
-214.718
435.334
277.793
-662.138
384.345
260.582
-574.949
-279.694
442.748
-1032.73
589.98
538.064
1092.67
366.011
596.168
309.728
350.989
-660.717
1632.09
-926.717
1692.36
-1521.06
-171.301
-328.471
-821.513
412.149
857.308
-1067.83
-603.625
275.483
-1090.55
1628.61
-1591.64
-76.4299
1668.07
-341.736
-350.549
-370.651
539.373
595.642
-502.382
-25.0891
-549.701
502.118
-283.791
-218.327
1755.58
-1305.02
-621.867
296.039
325.828
403.164
357.313
734.372
-292.698
-399.469
-1750.14
1688.97
459.74
-1100.4
640.66
-42.5032
1659.28
570.906
476.326
-1047.23
103.43
1144.49
-1452.04
-12.4223
-1885.65
223.412
-595.52
306.858
288.662
-954.858
612.029
-896.937
466.709
-1128.11
672.79
455.32
379.182
269.801
-774.694
-311.823
1216.45
886.342
699.335
-1182.71
456.162
726.551
494.592
700.152
-1194.74
-361.574
-249.331
406.076
-959.663
438.904
520.759
21.2263
-1879.94
1081.2
-474.27
-505.789
558.64
-1378.11
819.469
-433.461
800.766
-405.809
500.596
-712.136
1721.89
405.725
-176.944
213.618
-163.261
-247.275
410.536
1895.34
-504.126
-1699.36
1050.92
-597.962
301.372
-1012.89
552.401
-312.949
544.413
905.066
-1449.48
-1103.22
437.6
-20.9933
-1945.62
1713.25
-664.822
-539.656
460.85
-1190.2
729.348
196.274
202.307
-279.59
772.713
699.185
836.893
816.903
-460.732
1084.43
-486.981
473.53
-188.347
-285.183
-1924.29
-713.338
-317.727
-641.425
-6.45433
647.879
461.314
-272.648
568.21
1063.88
-809.187
923.694
1244.02
-425.777
-181.97
-238.555
420.525
956.721
-888.368
-319.787
-1067.24
610.83
1561.65
-804.606
537.8
934.719
-399.032
737.166
-338.134
1130.06
-274.365
339.253
1349.55
-707.631
-216.082
448.341
-1198.39
750.05
-987.17
-125.552
1112.72
440.307
-954.81
514.503
177.509
732.271
483.105
743.306
-102.457
851.556
-426.182
1182.13
-796.506
552.384
-1465.42
913.033
-1216.64
1800.97
-431.708
-1510.19
879.42
-1401.87
-319.259
-422.009
1457.12
-1526.3
784.061
1491.43
196.969
276.561
-364.911
-1739.84
-289.484
-1014.42
1582.63
-1774.1
1774.1
1571.11
-1004.39
-632.323
-348.801
368.367
604.532
-375.196
-372.284
-1389.73
897.231
1125.1
600.623
1202.48
1789.49
-1216.41
-617.911
272.967
1659.15
-1916.69
257.533
815.385
-1267.9
1545.19
-561.66
791.375
321.782
-351.6
555.332
794.359
662.891
1365.1
-235.537
-445.529
-374.355
494.828
-338.674
471.953
735.994
-309.309
-138.679
-340.812
572.589
-231.777
32.724
-371.251
1107.38
-1720.28
-449.257
-496.644
-572.625
864.196
697.452
-1596.38
904.591
-452.102
-627.815
-514.803
1251.9
346.747
1723.8
-1702.58
-1660.45
1894.64
-1560.7
840.171
720.529
-383.679
-1798.46
917.98
583.75
818.873
-394.158
1794.46
-680.937
-420.07
684.212
438.183
-1122.39
-1102.27
444.2
752.926
-1617.14
473.252
900.978
169.918
-395.37
225.452
-1601.24
-387.323
-437.625
990.216
-678.062
1442.87
-976.295
1854.12
242.464
-540.533
492.569
-295.6
474.335
893.437
543.289
977.191
-463.313
-427.924
574.222
882.9
-1392.69
-40.9916
1578.58
-839.991
519.967
971.467
-1475.8
-1115.9
1775.97
-1242.45
-533.524
1206.07
-319.234
-886.832
-185.914
449.002
-263.088
-457.353
-251.306
425.565
-174.259
139.143
-388.473
1735.08
-1741.1
-467.921
-530.873
-903.518
438.087
-199.963
-238.123
632.031
-464.648
-361.816
-323.515
685.331
-936.778
399.035
-1167.06
676.234
412.382
-642.017
-437.329
1582.11
-865.228
530.196
-458.29
-569.857
-462.871
359.434
-348.731
-10.7023
-1113.08
416.436
-664.945
-1033.56
1698.5
-607.762
-1424.61
712.014
562.296
-1596.25
1033.96
-399.244
-475.879
157.362
537.99
-1258.4
743.601
539.255
1005.94
-2133.17
999.984
1133.19
-374.398
407.726
-382.405
-25.3208
1478.01
-377.447
449.629
1198.35
582.517
906.224
566.749
527.895
-1094.64
158.802
-450.331
-1692.58
252.005
1127.52
-621.561
518.608
1013.62
-1532.23
1092.81
-1643.7
187.904
704.423
555.208
-874.995
-1086.36
-167.392
422.694
-255.302
-586.49
-439.502
-636.741
-624.745
345.155
-1619.41
939.458
-477.048
215.784
-392.727
530.954
-307.542
-614.436
1197.06
-1286.52
927.147
359.371
-1023.71
-379.726
-762.364
-828.705
1692.9
-477.259
1795.1
-1585.19
-209.912
-1556.6
1018.66
537.939
-730.114
-254.199
435.841
-181.642
-599.39
384.769
270.025
-654.795
-524.232
997.455
627.287
-351.804
-1620.24
1050.47
571.802
1103.5
-1675.3
-424.323
-287.217
-373.569
-748.878
-480.255
-332.034
496.263
1557.99
-995.691
-774.505
1497.45
659.774
-319.915
725.883
1152.35
-1878.24
302.052
315.451
-487.45
-1933.69
1720.93
212.761
736.202
-475.449
-260.753
531.86
1060.77
-1592.63
359.434
-1725.81
-233.213
1752.36
-1580.66
1073.74
506.923
-1727.38
1.56624
-521.954
407.726
1699.94
-1720.93
939.434
625.049
-1564.48
373.777
-216.705
-157.071
-420.886
-266.92
67.7258
94.6394
-348.838
-426.952
-443.525
-404.507
213.244
1510.18
379.041
-217.668
-443.881
456.737
-192.514
329.808
1510.72
994.354
-165.517
-828.836
-1104.06
1704.89
-1728.9
1063.95
-707.393
-1021.5
-1265.07
1844.98
-579.912
1155.06
-1771.22
616.166
268.449
-877.823
1675.86
43.4227
-1719.28
-491.184
-1082.99
-1735.08
-981.174
553.251
1019.54
590.265
1132.99
-1723.26
280.611
-456.052
701.508
-384.782
387.874
924.527
681.457
-384.242
-647.132
582.929
1072.5
-1655.43
-405.744
-364.737
770.481
438.749
-1661.86
1521.06
140.8
580.828
-1043.91
544.758
1083.86
-1555.63
993.971
-233.897
226.828
334.522
1905.58
441.07
-74.4317
995.85
722.751
-1718.6
-696.92
1085.28
-1557.48
159.23
-570.328
192.652
264.084
-664.867
-563.853
582.63
1034.51
-710.901
-282.062
-1368.5
674.395
694.105
-408.046
756.791
79.0461
-835.837
562.101
-137.183
1557.38
-208.233
279.743
-775.26
-1933.69
1664.61
1026.34
354.686
308.034
455.856
-929.957
-994.336
-1767.26
633.609
1693.76
505.399
-474.565
1210.56
1087.07
-424.949
1029.48
-977.812
489.642
488.171
700.602
1047.91
-1748.51
481.58
485.96
-1493.92
-746.001
34.6962
778.345
-413.489
-890.784
384.995
-539.644
-801.518
614.335
-577.837
1397.31
1055.17
189.947
232.747
-550.659
1618.5
-774.368
1526.62
-1727.83
575.288
1152.55
540.089
-882.77
-1733.02
1916.69
-183.666
1721.73
176.354
-545.358
361.819
-267.18
-481.58
1210.93
568.273
1128.3
-491.195
428.404
856.809
-457.739
-774.072
432.982
341.09
1419.29
1089.56
-518.304
1422.9
-510.536
-533.136
1043.67
-602.798
489.976
-1208.71
1692.36
1839.57
-687.218
1585.93
-646.498
-1240.94
716.71
-562.767
196.422
-383.428
447.816
-237.104
-518.518
-1246.7
1870.95
-624.246
1173.45
-554.184
1120.26
-1659.44
1700.59
-573.975
-547.411
-549.839
1720.07
-316.713
-688.089
-473.395
1223.44
-1687.9
-1860.11
613.408
315.593
-942.643
162.478
208.778
-1719.02
1204.14
514.887
1162.84
558.889
-512.617
-465.43
1191.98
182.755
218.669
588.447
1251.12
-539.183
-1238.58
1777.76
-1025.3
999.986
866.784
-204.074
-1659.15
1702.58
-510.156
1411.13
-1733.02
-351.387
7.22942
344.157
-256.776
585.43
-328.655
88.028
488.739
780.57
-381.254
1257.52
1270.68
-413.371
850.637
-438.488
1817.52
-662.462
1586.62
-1723.8
-412.815
-756.872
309.299
447.573
-560.771
-563.5
79.7428
-1138.63
-985.297
-670.168
1655.46
-943.701
-1189.47
160.19
-425.21
-647.61
705.713
1167.44
650.081
1410.3
-591.427
1636.73
1318.04
-574.444
-487.681
192.081
-503.314
1396.75
1240.07
-565.679
-999.982
891.797
57.7916
-949.589
603.42
-506.188
1403.42
1495.06
-588.836
-357.516
357.516
-589.541
1623.5
1239.27
-486.345
1134.13
-66.6103
1851.1
-384.01
1489.47
-589.178
-507.694
1347.87
-651.052
1218.65
-567.6
1554.81
-591.807
756.611
576.619
-1333.23
-657.464
283.564
502.381
600.635
-1957.29
-997.453
1586.62
361.899
-361.899
-62.959
384.912
437.957
394.799
-12.3219
-326.957
907.339
-521.771
-427.788
812.7
-239.545
617.474
-428.574
1550.23
-444.347
-884.009
179.586
225.265
-404.851
601.172
1250.77
-1851.94
925.914
-459.205
-348.731
126.149
-1943.04
1816.89
-449.553
175.593
1181.09
-440.493
-740.593
-299.819
-590.965
-495.022
-382.405
-475.612
257.285
1158.22
-562.58
232.312
-374.333
142.021
-22.9712
-107.682
1375.98
-1268.3
34.6243
-596.68
-586.469
-447.799
447.799
-1262.34
1985.1
-1344.33
-212.61
-1824.52
239.33
-1025.75
-974.244
-180.319
-1638.95
708.998
1229.32
-1925.01
364.912
315.971
-680.883
-1850.02
1234.27
615.751
-559.945
559.945
-959.001
-40.0727
-1866.11
-558.169
1650.84
-676.272
1636.19
-601.673
-180.083
-1705.57
-581.282
-448.838
-594.845
-462.554
462.554
-1537.81
194.528
1343.28
166.505
223.638
-390.143
497.886
496.468
996.193
-475.434
1751.29
769.389
-418.188
392.867
522.402
1702.06
-594.688
-552.982
1636.84
465.62
1812.8
-645.358
-1804.31
-1938.07
-647.054
-475.496
475.496
-598.319
223.965
-695.596
1018.71
-466.312
-1074.91
-292.949
1579.56
1852.3
1635.36
-1635.36
-275.672
740.694
1761.51
595.798
1275.15
167.301
206.475
587.942
590.177
1603.49
-1603.49
218.006
-357.489
-437.723
454.031
950.976
-461.335
-638.99
-1130.97
1706.26
276.738
-1657.76
618.095
-289.149
465.503
1744.65
-592.102
-213.414
-423.811
379.332
732.24
1738.58
-613.48
-511.783
-773.724
1960.54
-870.459
-1090.08
1642.73
-704.135
1223.96
-1824.96
600.992
347.287
-887.82
-185.311
-102.178
1097.73
-486.895
138.924
625.714
-1655.18
433.865
618.521
-1804.31
-583.29
1787.43
883.634
-1162.89
1760.49
-597.601
1783.83
-575.546
-1208.29
437.853
928.709
-1741.1
924.562
-1488.95
256.368
1232.58
-832.696
-1254.22
-374.011
73.6397
300.372
581.756
265.67
1031.53
-440.114
845.809
-405.695
820.606
740.6
-1561.21
644.276
1066.43
-24.0346
-662.091
686.126
-1744.43
722.922
705.164
150.544
-1122.63
1936.77
-674.56
-1262.21
-537.183
1665.48
834.139
966.34
-1800.48
1227.86
683.356
-407.821
710.015
835.057
1027.57
-587.261
1761.51
625.972
1773.56
-1185.6
-587.964
-382.803
-338.724
721.527
121.452
-1185.61
1660.53
-540.28
-1437.79
1437.79
1250.56
594.422
1351.45
206.538
-560.842
281.466
-184.928
699.133
1113.66
478.116
-295.361
-869.667
-575.149
1739.54
-1739.54
997.991
-997.991
987.336
1025.17
-2012.51
1837.95
-613.991
-581.119
833.394
-947.853
-1052.16
998.238
691.1
-1689.34
-513.378
-359.22
-643.837
-808.433
2042.7
-1246.41
-613.697
1002.97
974.857
1289.77
646.997
322.658
1012.69
229.029
340.456
1186.22
1756.89
-1756.89
671.593
79.6087
-385.79
-997.058
-539.994
1674.13
989.992
1010.01
-1833.3
-219.236
-362.045
613.058
-361.052
1849.55
-1077.86
-771.682
386.435
-33.7268
-813.609
-1662.67
1662.67
912.739
1923.75
-648.595
580.6
-479.062
1708.01
-1228.95
728.979
1837.82
1154.06
-612.075
-576.79
1143.54
-812.4
-483.862
932.293
1106.44
397.597
419.306
368.792
1222.98
-1135.18
-585.095
-644.695
-1212.57
1857.27
-120.047
-257.83
337.359
-519.329
1250.3
991.309
783.463
-595.558
1878.09
-650.227
-383.542
653.568
1877.32
740.483
-547.707
372.536
-445.187
1452.26
-753.071
1172.19
588.3
-85.6799
406.859
-321.179
-1244.25
903.216
401.734
1636.52
-711.997
1046.65
904.946
778.401
765.876
591.54
758.015
1001.85
720.039
1835.86
-984.049
-851.808
538.286
-329.701
296.546
-296.546
-384.714
-672.051
287.269
832.463
388.956
348.21
1888.91
-659.594
1097.86
2.8155
-777.598
1119
459.973
-1140.1
1140.1
1758.33
-671.265
739.363
452.618
-189.986
900.105
-640.881
1314.08
1200.54
889.057
1143.73
540.44
1096.4
-556.669
-84.7553
-1090.57
1115.6
636.286
-1669.84
1198.02
-129.924
547.71
-417.785
220.843
-608.697
1859.46
1074.95
-1074.95
996.978
604.861
-1601.84
633.127
651.455
619.224
1115.31
767.716
-667.312
1731.26
391.77
1060.99
129.594
1563.64
527.967
712.108
-1215.53
-717.45
-527.002
1914.1
-1387.1
1852.19
-601.626
1513.38
-1852.28
338.9
984.073
-984.073
1772.73
-683.165
59.4611
-497.731
390.94
-646.365
1353.46
-707.093
673.293
-651.692
67.2581
531.067
617.956
-1149.02
1489.07
-752.878
1025.93
-1025.93
424.454
-326.746
326.746
317.391
1148.41
-694.668
-896.378
1591.05
1233.39
1266.33
661.072
-1927.4
-1318.04
-712.611
1424.62
1318.04
-546.237
-967.158
792.192
174.966
1154.7
-1154.7
1174.12
533.895
1202.81
-1848.17
1206.31
-1060.9
1060.9
1030.81
1051.01
803.104
586.636
-1764.16
1177.53
1092.07
-1735.44
1067.53
-608.681
-507.392
1012.79
-699.424
585.947
1291.38
1689.53
-829.491
-860.039
1048.44
-1048.44
-197.087
361.723
-164.636
-771.055
357.566
-1827.06
624.383
1202.67
-768.441
-761.456
1529.9
-320.952
-318.485
639.437
1123.35
1656.19
-716.735
266.569
199.051
875.996
-875.996
870.981
1680.01
-1035.74
637.327
-1278.21
1260.84
-1909.44
1132.26
-1794.72
-270.287
-401.764
1921.91
1135.58
-1135.58
1236.18
-1850.17
598.762
-598.762
423.363
-252.446
-170.918
610.812
954
-472.42
766.389
1770.88
-852.904
473.812
-852.072
852.072
1238.69
-1078.98
1254.71
-1868.4
1267.23
-1891.48
1125.48
1550.99
-766.925
-364.99
894.251
-1871.92
977.672
-355.961
528.633
-859.852
859.852
166.209
-459.157
1176.26
-1777.98
1190.01
-725.768
-1025.58
1751.35
586.363
-642.202
-173.656
-342.085
515.742
429.021
319.14
540.905
-365.986
636.773
1289.48
-1926.25
844.237
-844.237
1125.83
-1772.88
40.9469
-467.609
1671.75
1205.11
612.687
-1817.8
371.455
-761.39
761.39
639.421
-1851.99
1243.49
1069.24
-631.387
-519.808
519.808
1222.25
619.847
-1842.09
1160.28
-1752.39
1123.19
-1763.01
639.814
578.53
-1388.26
809.726
1237.85
621.609
-1771.15
1173.55
488.314
627.923
1229.34
-693.268
-1368.14
1773.68
727.36
-727.36
1095.06
-1734.44
639.377
-827.658
389.171
-719.443
1717.68
235.706
301.25
195.013
537.903
1224.29
436.629
-852.269
-807.713
1659.98
-1166.69
-660.363
555.842
-1530.93
-632.227
1081.8
-692.507
665.843
-665.843
1010.4
-1010.4
-605.783
891.039
-722.757
1876
-642.605
-207.186
179.234
174.068
-353.302
610.867
1112.19
-1723.06
1813.99
-576.133
-719.38
1895.64
1079.5
-1772.77
564.555
-389.718
-525.054
525.054
160.074
199.804
-359.878
1836.03
204.776
146.587
-351.363
-281.389
605.757
-605.757
-1215.65
1767.92
-552.27
697.448
-431.032
442.247
-229.003
197.944
151.981
-349.925
1802.7
-1817.27
-1745.33
1131.85
564.383
-394.286
199.949
162.327
-362.276
-1685.68
660.382
628.705
-628.705
562.79
542.732
-321.889
-2087.52
-1193.41
-675.84
1878.65
1134.33
-1721.68
-1230.64
620.678
1707.32
-1091.15
-1169.56
201.873
162.705
-364.577
-583.945
583.945
35.1531
680.147
1092.94
-1773.09
1131.18
1096.84
-667.623
313.956
741.605
-741.605
-1462.89
581.441
881.444
1083.31
-1677.99
1810.55
-604.243
410.584
-715.911
-1640.74
1039.06
-598.63
1796.65
278.924
566.4
-566.4
1633.26
-894.715
435.51
-713.252
713.252
-1097.46
-850.139
-448.711
195.545
173.726
-369.271
655.334
-1301.7
-472.997
-1654.14
1069.04
527.639
559.193
136.79
211.211
-348.002
-1204.07
1805.06
-608.653
-1280.4
-781.883
1602.49
265.515
519.006
-285.325
626.512
-626.512
1792.34
1497.74
316.249
-622.073
622.073
715.041
-466.56
588.762
-399.721
-201.585
468.154
-507.062
199.519
722.68
-486.308
-714.372
330.83
-1658.98
1118.7
1091.02
825.072
-562.904
1452.1
-1557.43
965.626
1002.81
-1672.98
611.003
1106.16
-1717.17
-1587.02
1022.92
618.569
-618.569
1223.53
628.764
-1123.04
1097.08
-657.748
724.313
-455.706
-1486.33
897.497
1033.84
-1627.78
-1183.27
-580.887
1957.23
-999.394
523.96
981.88
-1628.38
-159.935
-554.438
1603.64
-17.0221
-668.896
1209.63
-1885.47
551.736
-1681.12
1101.46
-527.974
313.957
214.017
553.211
-1195.23
1845.14
-1528.76
958.049
-260.456
-244.953
505.409
221.174
-458.998
-385.086
1451.52
-753.481
-823.781
1577.26
740.727
-1839.84
1099.12
-314.445
480.653
-1922.61
1949.45
-1949.45
-1802.01
807.674
1881.23
-649.687
174.47
-417.197
-537.613
-342.28
-880.045
388.857
-594.393
1977.56
850.076
-492.947
-357.13
-1664.54
848.489
-1862.91
1047.66
728.312
1836.09
-282.709
1669.23
1787.52
-586.976
-1627.67
545.691
1081.98
872.311
-1625.79
-606.083
-667.947
-129.917
640.938
-364.2
154.07
408.112
1013.53
443.497
-1457.03
1675.34
-543.489
-562.578
1637.84
-1704.45
923.312
-494.908
-1101.81
614.918
-26.5116
-1422.53
1630.66
-524.494
-1435.36
860.214
608.952
-1679.37
1070.42
1671.44
-588.138
-1286.91
-689.797
1919.14
-1621.22
-14.1408
-367.347
-1799.19
602.655
-1179.45
-1468.14
878.965
-502.185
923.044
773.833
-1696.88
1004.91
-1429.09
424.175
-64.3689
-236.016
-164.734
-1371.02
383.846
268.736
-937.748
529.341
-1517.81
749.37
-1594.96
790.358
-1115.22
2009.47
30.3172
-607.491
1772.83
941.856
151.509
-1819.65
1169.97
-625.644
433.14
-445.437
1071.41
-96.6171
-1084.49
1181.11
-484.939
1241.55
818.5
-1647.2
195.191
1196.7
759.757
-1534.12
143.938
1670.43
607.743
-1534.46
942.412
-1536.8
-551.048
230.096
-1399.02
912.678
450.756
-109.648
1203.93
-572.468
401.603
-719.468
1395.03
-675.559
-363.694
556.942
-332.45
-523.446
807.011
-1372.69
806.927
-491.185
-697.821
-364.394
-463.265
1853.05
-1066.68
-656.373
-631.45
1870.14
-1268.3
468.281
-1239.72
799.224
-949.126
852.509
-1302.76
741.987
-831.478
-270.39
-739.506
317.497
-484.891
1209.67
606.899
1026.37
-6.63163
596.469
-100.279
418.174
-229.878
448.547
954.246
1065.36
182.876
-1414.32
822.895
-749.595
-1128.85
388.258
-1338.36
763.917
-1591.61
751.615
1264.19
456.317
-223.57
-745.957
1322.58
-1082.82
-651.617
460.78
-339.993
27.0117
994.19
-1119.53
125.344
648.445
-726.035
212.369
-1745.02
-770.644
317.068
-231.374
1087.17
560.344
310.527
-870.871
-595.708
-812.627
363.79
-459.517
-23.9995
1443.57
944.196
257.023
275.638
-532.661
-686.422
1787.88
-68.1121
-446.857
687.748
177.525
356.906
276.703
-596.466
1676.87
1381.86
1829
360.023
1079.66
-1766.08
793.525
681.29
-1474.82
-1505.04
1095.02
-1061.38
1709.83
-651.807
316.335
-792.265
-568.614
-988.326
1556.94
-1032.04
252.459
-352.867
1077.32
-1536.32
702.719
-1513.06
-852.613
576.972
275.641
-583.117
536.146
736.588
1112.96
-1668.23
1668.23
-599.383
807.008
1147.15
928.467
-1527.85
-604.865
-948.203
-417.236
-477.479
-286.227
616.796
650.309
-1422.45
-1588.58
723.353
865.122
-1626.58
637.118
739.645
740.645
-1515.91
-485.283
1390.23
-750.999
-518.875
1269.87
-1252.41
686.734
930.91
-403.115
581.452
-1311.57
-1381.86
-1339.09
615.425
723.667
-573.918
640.91
-1289.46
-682.871
741.75
-419.091
803.922
528.226
679.975
423.032
-1174.03
339.031
488.266
-827.297
-427.112
-105.47
875.919
-1592.65
1663.48
-158.324
-1053.11
-626.261
368.659
284.908
1654.66
-556.802
1476.19
-578.695
493.331
646.071
-1510
863.934
-1230.67
663.07
-1217.2
-493.374
1134.28
1168.64
702.578
-1221.45
735.996
-1728.12
845.111
467.926
1009.59
-471.687
-165.128
-1051.18
-257.21
416.011
-474.391
673.196
-1569.57
-1183.36
523.713
1034.81
703.299
-1196.67
-602.899
-1634.15
0.50575
361.314
411.517
-901.385
1526.43
327.252
790.17
-417.634
5.24521
1574.54
881.816
-349.866
314.153
35.7125
-470.364
1238.08
561.925
-1046.59
484.663
-327.252
-21.4795
532.027
-1070.9
538.868
1179.16
-413.284
337.787
-745.608
72.5671
941.393
431.747
-229.44
-500.354
-1067.23
-1191.8
637.613
-713.704
-1607.78
-658.54
798.108
607.93
870.903
-1478.83
1037.64
-1085.19
1660.6
-621.537
-484.716
-314.04
1155.8
-292.098
349.931
-389.247
39.3163
-735.129
-594.288
-1411.2
783.386
-975.737
-626.102
-46.5914
-14.2453
-243.67
484.24
-1141.7
250.323
-293.214
42.8905
-1092.08
-589.034
-676.829
587.517
-1150.1
-182.594
348.257
-395.327
47.0698
423.431
380.49
-1097.41
-590.65
814.502
430.913
-495.335
916.741
629.465
-1546.21
898.267
228.08
862.765
-438.311
461.478
524.93
512.713
-1037.64
595.419
487.67
-1083.09
688.714
607.395
802.614
-1410.01
969.199
1122.5
-638.258
943.304
647.743
879.727
-39.3307
575.21
-1102.51
302.862
-354.566
51.7037
465.905
384.171
-400.091
333.366
66.7248
1112.43
509.158
-1016.55
-1630.66
863.733
1421.62
-757.827
-441.481
365.59
75.8908
1124.35
-707.917
192.791
-1073
1712.38
323.587
-402.5
78.9134
1477.95
-598.983
350.218
-430.637
80.4181
-622.576
258.376
-463.94
395.181
68.7595
389.06
-447.609
58.549
391.5
-437.523
46.0225
456.294
-474.9
18.6063
-443.256
459.446
-16.1892
455.578
-430.502
-25.076
432.64
-400.244
-32.396
428.687
-390.429
-38.2582
413.862
-370.825
-43.0363
-384.201
437.648
-53.4467
414.497
-358.767
-55.7301
391.705
-334.225
-57.4797
-401.178
461.023
-59.845
-20.7545
-801.448
489.668
-157.523
754.627
-685.075
468.143
511.348
650.951
-1458.57
807.62
-596.374
-648.008
429.659
383.041
413.583
-423.464
347.832
75.6324
378.343
-755.503
377.16
114.245
1571.45
-605.82
-1292.65
194.189
-559.1
445.503
-927.534
482.031
534.819
392.854
-841.578
448.724
1687.83
-743.63
1500.37
-878.966
-1587.78
-796.463
1763.68
-672.662
478.066
-952.336
758.132
-1354.51
1112.07
1582.43
510.886
420.024
434.672
350.427
-429.844
79.4166
-896.944
453.42
-378.636
429.093
-50.4573
-758.054
-570.614
504.591
638.948
-421.99
-579.12
1646.06
-575.643
492.592
534.976
507.511
-1016.88
509.37
-1537.45
1173.76
-685.684
1690.6
1127.25
-599.381
-357.485
-406.725
412.623
-5.89787
-285.399
431.969
544.473
-1039.49
477.042
1178.85
-548.78
-545.864
-325.377
344.813
1057.92
-355.496
-634.143
-535.422
511.613
-1058.6
546.991
1425.32
-602.424
1400.97
-500.867
497.157
-981.873
426.151
-379.111
-47.0404
202.685
-884.355
-671.061
1469.11
351.988
-825.575
483.53
-944.865
1830.6
-958.289
-733.871
283.54
543.278
593.056
652.677
-1245.73
684.077
-1432.46
748.383
1074.21
469.027
-906.75
732.49
620.968
-504.71
1417.45
-1770.3
1503.11
267.189
273.126
1453.56
-1020.2
1510.5
184.829
-708.629
243.981
439.556
-861.546
-641.712
-1109.82
294.155
1119.51
-162.932
1289.82
-603.088
-1600.39
1098.21
1921.14
-1110.49
-810.647
-580.985
844.436
1041.95
419.271
-824.966
-807.292
-1121.59
-648.124
-500.915
-385.061
-1349.54
-242.102
314.418
-575.584
202.744
431.846
-830.425
223.978
-644.047
855.076
-1809.57
-850.913
197.561
169.445
-367.006
-930.752
456.678
-1098.6
894.831
1016.55
426.902
1416.57
-1533.21
698.786
278.799
780.997
1379.1
574.886
-1183.64
608.751
465.693
-856.847
-890.183
1880.17
-445.893
185.437
-558.805
1120.73
209.175
625.058
689.025
-199.187
-396.755
595.942
1602.36
-1008.33
-508.924
1147.87
329.747
-269.652
-60.0953
628.335
-1255.16
-849.394
338.932
510.461
-1122.79
-1621.18
782.143
877.839
650.068
722.487
198.88
312.468
141.587
-512.837
371.25
544.865
-298.284
702.364
-1187.3
540.784
400.624
-781.879
-782.958
-627.051
2.41994
1601.28
-983.184
-819.038
968.719
1529.42
-851.14
-678.281
344.978
-690.642
345.664
-540.159
1298.17
1268.62
184.944
209.232
-1053.79
743.178
681.447
-512.011
146.025
-459.087
260.558
198.529
230.909
1469.11
377.668
-735.157
645.363
966.637
-1535.25
186.548
324.59
335.552
-660.142
1189.39
-601.875
363.363
699.172
-368.889
604.595
1282.78
475.838
-935.814
459.976
542.337
531.226
-1073.56
677.125
-1426
895.057
-451.461
-597.1
1679.08
-592.947
1779.2
-1186.25
-626.956
258.067
1510.12
-774.128
-355.946
889.362
293.281
-910.348
-386.739
671.647
822.42
-734.753
1277.74
442.275
-896.203
453.928
-1063.15
-756.504
-763.961
-1060.56
-974.712
-714.626
598.039
-598.039
-7.71859
-731.637
538.055
-1526.38
810.15
199.044
404.21
-753.926
349.715
656.413
873.009
-1290.82
1828.88
-885.863
1659.79
-717.931
1267.78
-862.749
459.267
-246.898
1403.93
309.15
-596.862
287.711
-1071.05
611.537
-934.308
1534.94
830.145
-129.959
-462.264
845.305
416.765
455.63
-395.569
-60.0616
-1637.82
780.968
-564.999
165.278
1629.25
-877.635
1122.79
17.3043
1523.68
-651.336
-1128.93
-409.697
-558.042
-857.99
-1678.77
1052.51
506.552
-592.745
86.1932
-268.71
337.076
-751.321
1845.66
-4.36143
281.615
-600.099
-1523.68
-138.998
1118.89
-685.19
-433.7
-726.975
-117.263
583.6
273.842
-760.15
-591.159
1768.69
383.819
-742.199
1819.52
354.018
-877.465
275.41
293.538
-568.947
-327.133
366.053
343.962
-1377.25
-419.411
225.462
233.805
839.155
-1112.42
454.67
1075.75
-45.3197
-583.226
1156.49
-553.834
-945.135
-443.121
-490.939
-811.134
1302.07
-613.33
92.4646
235.152
-224.013
-943.477
1369.72
-426.246
-498.343
-681.39
1296.82
254.529
-517.65
263.121
619.029
1390.44
616.464
-1547.22
1176.13
-816.758
-467.194
-540.371
283.075
-339.858
56.7823
-542.087
-255.338
-10.7211
-627.087
-1197.51
736.622
460.886
-573.444
1098.6
-669.181
1392.85
-585.449
256.795
1635.36
-912.003
726.975
34.4152
-60.9698
241.067
-486.02
803.676
-531.839
917.997
638.943
1020.83
-446.572
778.431
-1370.53
672.516
-247.76
1051.96
-654.357
1154.07
-374.423
334.351
-570.376
-890.601
1599.6
751.321
1731.1
528.889
-329.369
-528.485
866.536
-488.193
847.448
618.594
382.408
-322.994
-59.4141
712.36
-1598.22
-407.293
969.895
-636.826
-844.551
-742.736
388.494
-330.221
-58.2739
-453.147
-495.559
-603.261
370.658
1092.47
-630.995
872.162
-508.372
582.16
-424.341
1305.65
-1683.23
700.043
-1797.53
608.406
-530.856
504.09
-841.854
337.764
222.047
-544.008
321.961
-763.195
383.972
-352.27
171.719
565.362
-286.428
-467.003
1169.58
1116.27
-681.599
-587.86
-464.417
396.576
-429.026
32.4505
-498.916
195.047
448.647
-205.584
-336.645
-303.574
759.804
-1073.84
480.632
941.843
1035.72
-450.808
372.083
327.133
483.792
1029.53
507.807
852.472
1068.67
819.926
-1471.51
651.585
466.661
-1259.41
680.294
-194.538
-264.549
155.165
-390.179
602.521
792.505
-596.345
-162.257
235.053
236.459
212.088
1654.2
-461.188
-734.04
-317.74
367.029
-49.2889
1162.89
-465.471
-697.419
438.983
-395.888
261.868
410.648
-575.218
493.972
-716.757
1148.6
207.97
644.703
1399.17
-1204.64
695.202
-422.213
150.848
-186.485
-680.449
607.143
519.617
-315.247
1101.48
-659.809
1125.5
-494.507
1197.81
747.358
-621.185
368.03
-46.2762
1512.14
-772.49
1654.18
-993.801
1370.53
-1237.38
255.338
-82.9604
602.53
-780.498
-780.709
-406.314
1251.42
-60.3712
-520.296
-264.33
-1190.83
-589.59
732.414
-276.583
891.588
-456.077
-361.441
174.393
232.027
582.374
-220.446
-280.075
1230.11
-591.791
-542.103
583.222
-656.729
230.565
68.275
383.415
-326.807
-56.6088
244.873
-1082.75
765.771
280.491
-1014.53
363.403
204.511
-567.914
627.19
-254.054
698.797
-444.743
-770.795
-378.555
-1024.94
513.965
460.022
-1176.78
-874.95
343.111
-117.894
179.387
934.68
-52.282
497.225
-1157.03
1782.27
-900.45
-56.1083
28.4435
23.4325
32.938
633.852
-473.399
106.442
-703.331
-433.571
-625.032
-504.582
778.425
-445.641
-963.228
-1210.43
-94.5834
-458.599
751.881
901.799
-419.767
160.468
-357.556
-28.2834
784.443
800.787
429.25
-325.464
377.393
-51.9297
-491.996
-623.697
268.201
-631.564
289.672
699.447
-223.374
318.361
1157.7
59.0118
-518.711
646.977
-1593.72
946.741
297.805
182.848
-394.373
574.461
-375.417
224.066
-682.666
-414.417
184.978
-257.77
-217.289
923.434
761.431
194.239
321.502
-952.244
524.782
-82.012
279.451
-747.371
-662.517
-968.2
802.682
-1220.65
-896.062
302.428
-503.094
150.262
-356.116
-428.267
888.489
-341.499
-478.35
696.498
66.6661
395.888
463.121
1154.36
-738.025
55.3259
-384.313
642.38
-524.869
-627.787
732.271
-435.253
1209.81
-316.918
284.428
32.4895
1779.07
869.199
515.432
-330.488
863.426
-1428.09
-1840.39
856.342
759.837
-335.219
1603.64
507.515
111.252
-139.465
-180.695
320.16
1695.65
708.997
-1384.56
1687.37
-733.127
1036.54
-42.3463
1217.04
49.9826
281.044
-720.546
-259.765
-345.537
297.591
-793.151
1020.05
531.327
226.149
-663.774
-701.266
-154.14
1207.08
-244.142
-269.54
-184.951
-139.644
324.595
-1032.36
-216.073
-689.764
-614.606
-1304.3
530.575
-549.396
-1245.82
1099.67
737.634
-338.834
-84.9772
366.259
-311.792
-54.467
1770.93
-517.012
134.03
-357.599
-71.4309
-452.827
951.032
-638.153
481.684
541.588
-630.251
-65.5384
299.709
-112.486
286.412
151.827
209.897
-1154.36
-408.112
-191.442
-139.475
330.917
-757.321
-809.324
-374.314
-80.0907
-888.109
-1118.08
-1464.15
-535.889
-1464.15
1466.19
533.814
1466.19
345.537
-319.156
125.394
1034.7
724.51
1271.93
-1120.18
-462.248
-849.318
-437.281
-840.921
-253.519
659.292
-394.334
298.286
-1752.15
-444.083
27.2677
-372.66
733.478
-574.978
409.443
-663.497
-482.48
633.955
-429.444
-1114.3
-725.54
666.523
-1698.57
-771.781
-686.79
1679.7
-504.35
224.276
1056.31
-561.162
-100.929
-90.0581
-1464.93
580.579
1566.4
388.234
-1419.6
-463.831
-1398.83
252.324
-1016.7
460.593
441.206
1009.52
-863.027
-138.7
-211.809
350.508
-1292.65
-349.769
441.436
-238.692
-774.101
-434.61
-592.127
1486.96
686.884
359.1
-762.514
437.029
1124.89
-697.99
-820.394
-647.16
271.964
-647.354
-25.7154
-472.693
1239.57
-855.726
1461.58
-384.531
-364.23
739.044
-392.298
-899.573
-833.022
-429.417
494.976
-355.431
-141.655
497.086
120.291
416.975
-454.76
1421.1
1573.02
-604.304
-623.82
1154.89
-969.034
260.186
-301.549
-447.42
1099.64
-532.232
-213.376
946.92
-439.796
-155.741
368.059
757.321
-1342.44
-24.5504
-448.447
-252.913
252.913
-322.612
-431.313
932.356
-616.775
1297.07
-415.727
-511.331
-1585.99
823.083
-328.52
-348.742
-1193.94
1176.85
-568.102
178.146
414.576
-892.055
-723.008
261.468
492.655
-294.127
-633.062
-481.621
-213.852
-153.255
367.107
-819.739
-149.113
-213.134
362.247
-214.36
-142.513
356.872
-277.4
35.3068
905.969
-1515.9
364.766
-190.698
192.48
-970.078
1044.12
-500.838
-678.112
-400.841
1078.95
939.888
-221.697
-149.641
371.338
-388.232
438.215
1349.47
1661.3
1282.78
-1478.16
715.643
185.621
462.257
94.5974
-347.51
451.461
-296.986
788.571
-438.856
493.74
-693.982
-607.718
-465.492
147.258
511.73
-40.232
-468.718
-399.205
-655.811
-1580.09
772.796
-222.694
-152.238
374.932
-888.118
-512.159
1610.37
-1518.56
-866.975
1129.89
-1175.21
1600.36
1055.93
-818.797
-899.804
125.959
-613.742
1671.67
896.942
910.973
680.041
-262.175
875.169
-350.439
-292.182
-368.829
712.791
396.268
577.833
601.562
532.56
-346.012
745.616
329.347
1579.21
1394.5
-459.824
315.562
-364.366
-673.907
-13.1602
156.268
-883.075
363.585
-799.119
945.906
833.295
230.565
-262.533
476.55
270.719
-581.214
783.505
210.02
215.673
193.973
1560.09
48.3822
905.62
-954.002
475.29
-402.503
176.963
-1099.05
474.02
55.8465
819.649
908.263
-180.711
-182.791
-385.123
-365.664
-509.286
-609.361
247.92
-929.394
462.342
-468.079
-352.566
65.5002
756.964
-457.031
890.533
-86.1347
-472.965
575.64
885.938
353.119
-190.107
272.286
932.055
602.888
53.3488
304.46
263.181
-1224.61
465.492
-898.793
590.006
308.787
1688.73
-429.524
-331.805
272.997
-404.141
977.077
115.6
336.682
1220.7
1514.65
-650.718
-679.576
690.366
-307.93
839.216
-531.285
-680.269
659.514
-395.997
823.115
381.463
611.699
-377.338
-1347.31
1038.64
-250.684
1857.45
-680.902
198.337
528.691
-199.548
696.016
-314.903
241.221
-1100.07
430.913
-1356.58
1339.53
406.552
-227.476
-150.572
378.048
-783.984
-1623.6
-920.736
169.42
50.2895
-614.111
1013.15
1190.83
-665.986
-752.673
-664.645
554.116
499.465
524.702
-1222.52
930.874
-250.712
1175
-526.505
777.269
-1289.89
1098.67
-87.0895
317.654
-604.523
1388.97
227.818
-628.493
-906.757
396.053
1199.45
205.719
213.097
41.5656
-961.537
907.523
-971.892
-243.823
315.156
758.687
710.802
1154.1
353.269
-661.663
-329.017
-320.952
-289.911
-726.956
-454.86
542.391
-390.995
-23.6337
83.511
-43.6335
-753.837
301.01
-1329.34
289.726
492.311
671.384
-1163.7
-1097.54
-356.92
-386.859
-1009.52
-1135.45
-1516.86
617.073
-324.052
-1103.8
-373.954
-380.792
779.597
394.34
-1092.33
-58.8086
346.271
286.631
279.198
606.192
-1014.95
329.663
-429.365
369.098
-216.264
-400.036
-197.605
-1528.07
289.873
-1508.56
-1457.75
-214.599
1086.35
39.4521
-450.666
1050.81
-543.003
-675.699
1124.35
813.246
363.539
-770.832
679.649
-266.434
-380.92
-408.231
-561.183
1044.98
362.964
-186.116
-176.848
-335.369
-799.364
-402.106
1201.47
1914.45
65.6018
381.039
181.506
-537.71
-304.144
283.889
331.332
-126.335
-204.997
-377.438
167.277
-395.999
451.324
-405.022
768.561
633.451
461.125
-419.56
-360.803
-92.8677
-907.147
376.904
-238.211
-762.782
639.297
501.524
1166.54
1019.86
-1152.78
792.823
-542.943
-112.517
1546.91
-576.373
1101.16
-331.086
1648.19
-122.299
-217.559
348.501
921.207
415.975
-1374.26
-329.393
-1428.36
1315.06
-635.022
707.345
-1349.75
670.847
360.273
-449.377
-625.868
-553.152
493.882
-204.289
-979.94
-833.063
295.353
1120.75
1511.15
1003.7
224.619
472.556
42.2165
443.858
514.866
969.978
567.553
-322.68
-292.819
1526.29
-177.366
888.131
-1353.71
955.906
443.897
-606.763
-190.54
-489.729
333.157
-590.397
1131.07
549.087
-314.034
321.132
434.936
-314.645
244.196
-430.37
-134.423
-802.705
336.642
-600.837
-492.403
417.095
-1013.09
197.812
1008.61
507.657
801.836
355.119
-243.436
-404.517
1530.84
-748.573
-476.04
18.4436
-743.406
1163.16
-1708.89
1171.17
-203.144
1324.02
307.143
-353.059
-174.199
584.848
-347.286
464.348
1517.22
-148.168
326.398
-539.575
1391.85
-1190.71
-1321.83
419.091
400.083
-966.896
138.059
-355.647
344.588
-374.952
465.876
1060.42
-561.661
-569.383
1203.68
-1202.71
519.188
326.118
-1189.88
-1271.39
-252.645
79.2414
-483.262
310.46
-757.536
293.705
-49.1448
-607.984
417.445
-372.335
264.403
-147.355
-899.596
-472.143
-355.334
1116.21
-382.198
-296.304
283.627
409.684
429.273
-535.133
268.85
1632.57
-1575.08
-305.809
530.779
-89.1501
-718.756
290.684
71.3325
-1098.32
-428.062
-879.174
257.989
969.103
-331.695
-958.19
-331.286
-7.31521
204.085
-703.334
775.514
-705.792
496.116
-161.868
-237.729
399.597
-334.575
54.9382
-350.299
973.485
998.826
-406.378
183.022
172.096
-651.201
225.881
500.991
-540.322
1080.11
234.409
-379.714
1125.6
-631.722
-272.164
291.475
143.726
-1671.55
366.305
1329.61
185.814
75.9615
5.61051
-426.417
191.857
1473.95
167.04
-802.049
425.876
-1532.95
1543.82
274.756
-158.422
-438.258
-188.678
1107.27
149.054
-286.342
311.187
-326.945
656.292
643.11
294.615
-628.359
-981.952
189.322
-159.246
590.485
-328.54
654.938
334.62
307.76
-771.757
1188.35
61.6391
362.327
-480.505
770.001
322.515
718.39
350.763
115.578
-625.353
912.242
309.249
-456.526
276.346
264.438
-942.467
-210.311
29.5976
-140.543
1500.86
-292.551
1334.82
-194.971
344.025
326.702
-1136.62
421.686
-814.831
358.305
-331.079
-675.375
1021.07
655.799
-487.487
-754.403
237.391
392.304
267.784
-334.157
-145.525
337.382
-557.948
-984.185
692.201
182.914
-607.865
-174.758
-759.854
-460.699
-121.804
-845.092
-156.761
1052.21
506.89
1721.65
-621.981
-83.7616
416.263
-659.077
-175.095
-155.984
-497.447
-125.241
-1465.12
433.566
-223.579
-301.198
-454.74
750.094
345.948
550.15
601.468
-306.132
565.094
203.847
996.348
-806.811
1289.78
586.944
385.089
-309.127
-544.369
-41.4875
-431.478
-1009.91
39.8164
-374.949
-381.059
65.3072
-340.496
-789.218
105.469
-9.88141
119.192
1112.41
-548.019
-122.137
803.905
286.102
-358.697
-979.96
626.082
-369.206
279.787
803.822
328.811
39.2537
-427.928
-250.909
1443.12
484.928
250.188
-98.8668
1211.28
-204.045
-168.289
378.155
-841.9
-227.47
203.57
152.077
-328.925
1380.31
-498.024
-175.868
-143.898
67.4524
12.8647
-149.708
136.843
-20.1907
21.1294
-0.938691
-335.642
230.974
104.668
341.136
-52.9415
-288.195
-188.333
237.998
-49.6648
-13.4375
181.541
-168.103
-4.47129
-8.41582
12.8871
51.2828
-29.766
-21.5168
196.373
-183.508
51.488
-239.821
213.099
-123.056
-90.0429
390.226
-407.211
16.9852
20.5398
-13.5015
-7.03831
168.95
44.1489
-219.72
300.446
-80.7262
-64.7925
73.6868
-8.89433
429.172
-168.18
-260.992
-223.746
110.266
113.479
-44.3986
123.611
-79.212
382.442
11.0246
-393.467
-492.375
464.952
27.4232
-10.9788
-47.4665
58.4453
-16.1255
-0.50037
16.6259
-138.52
125.082
67.1261
284.513
-351.639
-233.125
6.19531
226.93
268.505
-409.119
140.614
-44.8706
243.984
-199.113
-2.1518
-3.07195
5.22374
94.6775
63.6184
-158.296
-3.74433
4.20004
-0.455713
-3.74147
4.19758
-0.456113
-3.74189
4.19839
-0.4565
-3.71249
4.19176
-0.479266
3.70789
-4.17868
0.470797
-3.71247
4.1915
-0.479025
-264.425
219.554
-28.5948
191.011
-162.416
-31.2886
21.6631
9.62552
183.767
245.405
-341.32
300.927
40.393
-3.12291
0.971111
-14.0984
-0.746402
14.8448
32.2891
108.359
-140.649
19.1002
32.1826
388.074
-320.948
103.027
-299.754
196.727
252.508
-260.095
7.58701
110.483
-139.697
29.2146
-3.24707
26.8399
-23.5928
205.018
-172.729
101.877
71.9196
-173.797
-118.369
-111.547
229.915
-10.109
-10.0817
123.667
-152.262
46.5954
56.1398
-102.735
284.589
65.117
-349.706
19.1191
-23.5904
37.6992
-48.8909
11.1917
-19.1208
-12.1678
-97.1589
32.3665
-3.94005
3.27986
0.660189
281.717
-29.2082
66.9362
-65.3155
-1.62067
4.91544
-137.883
132.968
359.581
22.8618
-7.85703
7.85703
-301.535
-8.86674
310.401
18.6148
9.87675
-28.4915
-8.32626
-0.266504
8.59277
-250.107
-140.512
390.619
-262.265
42.5459
334.886
6.25045
8.21542
0.366661
-8.58208
8.29251
0.303682
-8.59619
8.21347
0.363771
-8.57724
8.21413
0.363239
-8.57737
8.35739
0.305366
-8.66276
8.29255
0.303331
-8.59588
-14.9526
0.854205
-2.87385
-13.2517
28.6185
105.177
-133.796
0.778754
14.0582
-14.837
-212.919
94.5506
160.613
-155.697
-19.9905
-174.553
194.543
-138.397
167.015
387.075
-118.57
9.32734
1.37467
-10.702
-95.3282
-128.417
3.13973
-2.79053
-0.349206
-455.611
301.025
154.586
-276.142
223.2
275.391
-251.024
-24.3677
-206.314
309.341
-48.0536
377.046
-328.993
-204.95
249.928
-44.9778
-276.311
130.538
145.773
-279.338
-56.304
-4.21307
4.77765
-0.564578
-4.52244
0.778118
4.32069
-0.612807
-4.5221
0.780628
-4.52452
0.782624
-4.35941
0.646917
-4.358
0.645527
-230.029
293.866
-63.837
-112.616
214.493
-164.494
331.641
-167.148
194.962
-402.903
207.941
440.586
-178.556
-262.03
0.885844
-0.880375
-0.00546893
38.8458
351.381
-120.464
143.807
-23.3425
42.7753
113.259
-156.035
4.87295
-2.09189
47.8208
-45.7289
-125.824
-23.69
149.514
15.296
320.514
-125.552
-66.3814
109.157
12.3813
-13.3244
0.943099
-4.72951
0.51644
182.153
-202.75
20.5969
-3.65954
-0.280505
108.599
-62.0031
2.51875
0.620985
-1.19817
0.500757
0.697415
9.69673
98.9018
-200.182
285.084
-84.9024
124.748
-43.7074
-81.0406
16.6376
-4.2563
-204.418
362.879
-158.46
163.308
277.278
33.8354
33.1009
65.4624
-109.861
-434.794
386.74
-327.65
157.385
170.266
135.818
-103.835
-31.9831
-123.17
-21.8636
145.033
51.485
-51.485
-230.029
187.283
-298.83
1.80666
111.453
-0.00687178
18.6217
-3.87669
4.34199
-0.4653
-3.94682
4.41011
-0.463282
-3.87658
4.34195
-0.465372
-3.79346
4.27425
-0.480785
-3.94649
4.41095
-0.464457
-3.94705
4.41146
-0.464415
-5.62525
24.6283
-359.183
334.554
-50.5774
-14.7381
189.557
-249.047
59.4903
-71.4534
60.4746
267.418
-287.408
-22.6669
-21.8263
44.4932
-0.0336034
-32.4246
32.4582
-318.272
-23.0484
246.538
140.768
-387.307
-5.7984
57.2834
309.423
-24.8332
92.2382
-296.656
-431.873
181.766
11.4567
9.67272
239.731
70.545
-310.276
104.004
-401.763
297.76
91.2908
-297.605
-402.619
75.2978
327.321
7.88793
-91.5107
331.242
-5.91217
25.0313
-1.17421
-0.0239589
43.0446
248.499
-291.544
13.4576
7.08228
-21.2688
-280.462
301.731
-7.39424
-0.462793
225.458
-386.036
160.578
-43.0381
-219.082
-128.92
-244.022
39.0719
3.84282
-4.30953
0.466707
-262.545
-104.462
0.460345
0.425499
-48.6283
-99.4244
148.053
132.079
-37.4012
-2.14454
57.7419
-55.5974
-79.4352
135.575
-24.2576
-21.0244
45.282
-15.433
0.223692
15.2093
-138.781
-270.338
121.406
18.7614
-140.167
-328.672
-163.704
-120.186
66.947
53.2388
189.7
-7.54623
-320.787
156.294
-28.5608
201.275
-172.714
-354.708
186.528
-127.401
-8.46102
135.862
-104.258
-51.7764
-37.6857
7.99063
29.6951
-277.097
202.84
74.2567
39.9464
-160.41
30.5685
-32.7131
-38.8673
32.9552
84.592
18.775
-103.367
-282.477
-8.8181
291.295
-186.868
138.72
48.1483
59.402
-140.895
15.0705
-127.396
5.29953
122.097
281.585
-190.294
-212.041
66.4376
145.603
186.171
-77.8115
-176.571
-178.137
13.6079
-123.013
109.405
-127.844
-205.395
19.3339
186.061
-156.682
134.575
22.1076
12.9089
111.839
-303.338
51.381
251.958
-269.414
69.2318
-78.7251
92.333
-8.62826
-29.0574
-1.56764
1.56764
-179.675
-33.2446
86.7007
-2.10863
-2.85655
-7.25242
41.2918
-49.9201
-219.155
293.183
-74.0279
65.9293
-16.5518
4.70526
11.8466
7.50647
46.124
-53.6305
0.441979
190.569
76.2027
-324.277
248.074
-10.5016
-28.3657
46.3066
135.234
-9.23238
-147.45
43.1353
-53.6369
19.4473
-132.727
-9.5604
142.287
220.354
13.8778
-234.232
0.0248597
0.025561
-0.0504208
-21.2127
47.4896
-50.7366
268.791
12.6533
-281.444
6.6643
-9.73625
-230.029
0.84365
1.08672
-1.93037
-29.0235
-68.8668
97.8903
-145.237
101.529
25.39
-28.2639
-6.37714
-36.558
-226.199
262.757
58.6376
-58.6712
21.2999
-16.3885
-4.91133
295.671
-49.133
-147.131
167.728
4.47883
-0.203022
-4.27581
47.594
-9.89477
255.133
-219.152
-35.9808
-4.53518
0.0127305
-4.53457
0.0124717
-5.11069
5.2582
-0.147508
4.62071
-0.300013
-5.19966
5.33673
-0.137068
-5.19811
5.31741
-0.119303
-4.53775
0.0132338
-4.64155
0.28214
-5.11051
5.25812
-0.147614
-4.64094
0.282938
-5.19544
5.32662
-0.131177
5.37723
-5.2084
-0.168828
-5.11184
5.25907
-0.147229
87.6257
52.0906
222.53
-274.62
-9.87675
6.74414
3.13261
155.414
10.2802
-165.694
16.4061
370.143
-266.139
207.181
-59.189
-147.992
181.164
150.477
-30.4213
-209.461
239.882
-25.6396
-277.699
-72.4546
-47.7312
206.391
-1.37282
-31.914
4.10909
106.736
-24.6578
-21.2808
45.9387
333.937
134.572
-468.509
-312.993
93.9115
-36.6382
12.3806
-23.6312
159.021
-135.39
246.149
-3.5527
35.2242
-31.6715
6.22846
36.4266
-42.655
-242.643
68.0907
70.4891
3.19766
-26.4826
-89.1443
115.627
-143.713
39.4546
-374.178
241.704
132.475
244.485
-54.9276
90.9308
-425.036
334.105
72.6526
-335.197
35.3624
-9.97238
216.903
-198.142
-155.206
32.0364
1.4786
-1.4786
75.583
-99.2142
242.777
26.0142
34.478
236.71
-271.188
178.534
-207.095
108.051
2.4321
332.619
-256.416
0.625816
-14.1273
-0.250675
-194.186
-82.1248
226.15
-262.708
-5.48276
-11.7458
17.2285
-2.60483
51.209
-48.6041
-0.9155
-14.5175
-360.895
385.524
-22.2317
69.7212
1.14697
-1.60483
0.457864
-0.217587
-24.1045
24.3221
-263.536
-15.1192
278.656
1.99831
9.58487
-11.5832
71.9628
392.989
-120.79
316.285
-195.495
210.645
-331.435
24.5874
-22.5891
214.26
-223.493
-66.5317
415.706
-349.174
-85.9831
116.963
-30.9794
43.5819
-43.7995
31.7201
-29.1512
-2.56894
-9.47293
6.15979
3.31314
2.01189
68.4772
-4.72259
-2.57804
7.30063
-47.256
-101.005
148.261
1.62504
-4.41556
-306.312
397.243
349.581
-102.168
-247.413
-192.872
-262.739
-102.725
-24.6717
324.09
-30.4024
-293.687
-446.824
15.3227
-153.719
-88.8012
229.726
-140.925
215.802
-242.04
26.2384
-3.04569
-288.748
291.793
42.001
30.3458
-72.3468
24.279
-157.006
51.2819
-54.8346
-141.539
75.1577
13.4633
-218.859
4.81155
38.7821
-43.5936
128.931
-96.6764
-3.81875
3.52878
0.289968
-3.81846
3.51756
0.300892
3.79852
-3.51633
-0.282188
-3.8193
3.5177
0.301601
-4.45654
3.32094
1.1356
-3.81216
3.5271
0.285057
-3.81184
3.52727
0.284575
-1.71405
13.8375
-12.1235
-29.4128
30.1916
-91.6825
174.492
-82.809
-65.5713
36.5478
176.935
-198.798
15.5781
294.841
-310.419
-34.0383
11.3714
5.34027
-2.82153
231.688
-200.321
-31.3672
323.496
-390.027
-129.927
-191.275
321.202
152.647
178.575
28.6057
-23.2625
30.769
308.137
-295.484
248.531
-32.7287
-24.6013
367.134
5.67784
2.1792
-25.9028
-7.55018
33.453
166.018
-175.578
-28.9231
-19.9679
-30.336
282.727
-252.391
-8.32626
412.958
-249.649
-176.635
74.9267
101.709
130.765
-222.447
-216.12
21.733
-0.433114
-35.9237
-150.593
186.517
10.9756
16.2834
-27.259
-14.5856
5.53577
9.04978
8.21542
8.29251
8.29255
8.21413
8.35739
8.21347
9.45957
-181.245
158.458
22.7873
232.346
168.347
132.099
65.2249
-23.2239
-125.33
78.0742
323.786
-289.308
346.644
-160.544
341.708
489.682
-359.976
-129.706
0.0857419
-37.8565
-174.184
30.4678
1.25227
171.621
-180.082
81.1524
-176.481
-103.682
105.138
-1.45637
324.697
-126.732
-197.965
352.982
7.08535
-360.068
-149.544
2.41252
-86.7793
64.5476
320.45
68.8707
175.113
1.65056
-1.65056
274.59
-87.307
-201.417
187.267
-48.5471
-160.001
170.281
-288.958
10.8117
278.146
-0.250097
-14.3355
67.2778
-9.53595
-85.7443
-55.7947
14.1255
-165.651
151.525
66.2448
-20.1208
313.149
-284.392
-28.7567
-256.535
-272.27
20.6908
251.579
19.1765
-282.713
-301.765
385.194
-83.4289
-289.384
8.92204
-76.94
377.965
322.669
-270.578
-465.825
384.268
81.5568
-191.19
250.189
-58.9985
200.774
94.8969
-154.673
169.996
25.234
368.645
-393.879
155.481
-67.5432
-87.9374
-0.393488
0.418347
-1.26696
2.41393
270.241
54.4555
-12.6608
39.2192
-26.5584
-33.0907
27.6079
-19.8838
30.8593
-6.596
-2.33577
8.93177
-3.0581
-6.41482
3.26621
-225.852
222.586
-146.559
4.31688
-1.03702
1.99662
-5.59529
3.59867
34.8509
-6.40879
-28.4421
56.9352
-13.7999
-1.18222
354.164
196.354
-132.735
52.8079
-11.5161
-156.203
-217.976
298.239
88.8361
83.5126
-349.831
266.318
382.591
-391.457
110.949
-31.67
-79.2794
293.388
-308.507
-48.2088
-5.02317
53.2319
-81.5803
45.5324
36.0479
28.1585
-1.31862
-256.064
225.643
282.395
30.7542
-434.148
345.619
88.5285
17.0162
-7.49686
377.64
-11.6904
-260.579
297.819
37.0668
-128.237
-165.005
293.242
-111.119
445.056
-267.191
56.0087
-8.18794
-30.8593
-20.6257
68.0314
-17.1225
-132.585
-127.189
18.9184
108.27
-28.6933
-0.0890445
1.94942
3.39085
101.141
169.1
12.5363
41.1527
-13.913
-27.2398
7.79919
-9.61973
1.82054
15.2892
-1.23092
-183.251
-84.3324
154.609
-70.2764
-205.053
-127.91
332.963
4.82242
-0.044771
172.929
-49.2617
233.734
-297.949
64.215
-190.744
-275.081
-0.380165
0.379657
0.379089
0.379598
0.379126
0.381288
380.127
-304.829
38.3533
-7.78475
435.233
-375.831
117.973
-127.535
9.56163
45.7406
257.473
-34.9428
-290.065
252.698
-249.431
5.69979
-244.119
235.301
436.235
-270.236
290.926
149.593
-65.5488
-84.0444
7.39424
1.15652
-8.55076
28.7738
-31.3786
-215.807
15.4855
165.216
1.7989
-0.0055215
0.0670182
-0.0614967
258.937
-9.0092
45.0634
-370.377
11.1944
-21.9618
-10.3324
32.2941
-295.785
378.705
-82.9202
4.38454
-123.64
56.0557
290.795
-346.851
-5.75235
-431.934
24.7228
-227.445
36.2546
313.678
-4.42942
-0.293172
3.41407
10.6974
-14.1114
400.218
-374.984
-100.679
28.7093
71.9696
-30.8638
24.9735
5.89026
12.701
-116.383
-359.706
131.402
228.304
272.072
-3.57301
-3.58016
-3.57325
-3.4881
-3.58326
-3.58327
-46.0568
313.828
-267.771
-82.4402
-57.2572
-7.36099
7.15797
-3.07083
27.6582
2.45696
277.57
-323.627
-16.4007
-31.4538
26.4799
4.97387
-188.333
-27.4734
-5.63614
-63.2758
41.4495
-147.536
30.496
117.04
-32.4995
201.493
-168.993
353.223
-279.812
-73.4106
-2.72211
-0.400804
-62.2527
49.5919
-169.072
227.997
-58.9245
-305.494
9.70936
-7.80017
7.80017
7.79919
44.5811
11.4276
261.712
-136.286
36.8618
-49.9883
43.5795
-240.486
451.668
-402.741
-48.9273
14.553
22.1789
-29.2173
16.4848
-156.652
3.57632
-497.69
386.571
-25.1979
-259.684
284.882
-141.126
113.61
27.5163
-316.112
186.185
34.4449
-41.6686
7.22372
-53.8193
287.553
103.946
-101.935
12.5947
34.8127
-47.4073
-48.7012
41.151
-20.9555
27.1839
-66.6941
45.6697
-231.679
315.191
279.042
-348.246
69.204
31.8354
9.31729
168.671
244.287
-55.3472
41.4342
4.56974
14.2522
-18.822
-0.087497
-113.145
27.1616
-94.4912
-18.6535
-93.3763
396.874
-340.818
-104.664
320.066
-91.9653
-89.2799
54.4523
-18.0257
-36.3152
-118.891
-229.282
370.05
5.0873
6.91019
35.9011
-42.8113
-393.93
410.915
5.85337
31.7674
-37.6207
-246.807
125.367
121.439
291.063
-49.3593
-3.75669
-0.777883
-3.75666
-0.778513
-3.69202
-0.845737
-3.78521
-1.32663
-3.78498
-1.32553
-3.78392
-1.32677
34.7736
-2.67997
-29.9928
347.183
-68.141
37.8361
-21.5527
-358.515
279.908
-187.669
-211.22
81.8223
-141.011
433.762
-2.52661
-3.06868
-8.48135
-22.3824
-81.5803
12.9638
287.964
26.9594
-121.451
5.6783
-26.6338
-3.47053
7.0692
-6.16965
11.848
324.302
-123.528
-61.9887
143.141
-424.628
63.7328
-273.425
228.447
265.324
17.4025
71.7186
-13.0811
-232.583
-127.123
41.6156
-15.914
-25.7016
12.5351
-20.0175
7.48249
1.11753
-17.5061
3.95678
-38.5025
204.641
-166.138
5.44608
25.2003
-30.6464
-7.67441
8.69739
-1.02297
0.32725
2.08668
-359.971
-38.1649
-141.51
-74.4569
221.268
-207.39
16.1358
-3.68101
-12.4548
23.3173
105.033
50.4475
99.5026
115.043
-344.325
212.165
-250.668
-2.20414
25.9162
-23.7121
-198.959
-35.7629
234.722
25.805
-19.9516
11.234
-25.3477
-7.23152
20.6891
-0.0213635
9.29802
-9.27666
226.06
-279.879
-149.91
31.0191
30.2275
-156.361
342.187
-185.827
53.3591
-8.77799
95.2143
-247.475
152.261
-55.9404
73.6366
-17.6962
304.997
44.5832
19.6983
-11.1445
37.6244
-0.139661
35.3618
223.576
-12.2246
-209.906
222.131
-213.807
22.341
191.466
224.987
11.7228
52.4537
-17.641
-123.874
-23.662
212.363
-198.899
14.5249
89.4215
-33.4464
41.2533
-6.80843
358.295
40.4536
-398.749
125.258
-73.0308
-52.227
58.7158
-7.50689
9.54502
-10.7602
1.21515
-16.2188
67.5006
-138.214
-38.4214
7.78929
-10.3159
29.2138
15.5789
-44.7927
-47.9368
-167.044
214.981
-19.5301
38.0787
-18.5485
-48.9064
-9.76473
-162.861
158.697
4.16448
-326.667
135.392
-6.41502
8.28102
-1.866
-97.5559
15.9755
9.54623
-113.381
-6.50375
36.6953
38.3374
-3.11323
102.248
-88.1223
51.5362
-7.95423
50.3024
-35.2487
-15.0537
180.176
9.52399
-98.7339
47.2008
-8.41869
13.8
46.4315
-10.5304
-61.1864
10.6089
269.112
-54.8512
2.71378
6.21799
-27.504
-15.151
40.6098
-8.84241
140.364
-141.657
1.29304
-13.085
9.61449
3.21453
211.824
-33.2899
18.5451
-17.3185
-1.22661
-39.0492
-6.67973
-99.2422
-241.538
340.78
15.7783
269.067
-209.577
240.409
-270.402
-0.419984
9.67463
-9.25464
-13.6912
232.682
-15.7789
-184.135
-22.9599
-61.4197
-25.3595
-19.0173
-198
217.017
-0.633722
79.4585
33.0563
11.437
-80.7224
-115.268
195.991
-0.0794297
13.9169
-0.611722
0.938972
-17.9663
91.7305
201.452
-181.548
-41.9445
47.9652
-79.9483
185.727
-7.15196
-25.047
-10.7007
35.7476
-47.5714
-8.02598
-346.281
-71.0304
417.311
-31.3617
267
-235.639
-21.2326
-12.5088
33.7414
155.914
-360.967
-27.5421
-7.14408
34.6862
-23.949
-11.2479
35.1969
-97.5394
28.6726
-41.2038
-7.40033
230.947
185.591
-291.25
2.29234
19.7931
-146.697
126.904
-1.21849
-0.260113
136.332
-131.032
145.881
51.5432
-197.424
-243.859
-142.176
-34.9222
-20.425
-22.2832
0.32139
-97.0886
3.7671
12.2007
-15.9678
-67.2535
293.314
4.45264
-36.1483
-7.65118
192.154
-204.379
8.99019
-10.5619
1.5717
-395.062
-0.0513808
-0.0554455
0.0599889
-0.0555419
-0.16716
-0.0561513
-0.0560071
-180.542
-2.96645
-172.268
124.331
-48.7652
300.344
325.894
-48.3242
145.901
13.6762
-159.577
132.813
-67.8832
318.311
-23.4698
-40.697
-9.29126
93.0075
-2.80841
-6.81132
220.302
-34.7912
-184.067
-14.3629
-213.082
316.98
-8.84224
4.20542
30.2755
-35.4418
-8.1518
0.626254
0.582232
0.625971
0.585261
0.58533
0.626183
-291.312
-32.3145
-278.048
-0.628856
278.677
-3.55368
13.0987
12.5728
-285.998
173.148
-319.712
146.564
-179.54
19.5391
30.6774
167.084
-1.0662
8.74413
-119.084
110.34
-291.782
-18.6374
48.1986
-18.9848
-168.377
167.976
0.401414
-40.3844
-9.53571
253.569
-158.354
12.163
-33.3955
-198.995
0.19664
118.452
21.0107
95.9519
-3.83317
-0.476359
-36.7295
-11.9717
-12.4859
-23.6805
-76.9984
-35.6898
-17.9407
-293.112
-2.37159
-17.1204
115.571
-124.266
8.69469
325.704
-1.91767
-5.96915
-45.3096
-17.9663
-39.6017
-15.2328
-14.5761
19.2814
54.5282
-10.9488
-238.297
-149.009
-37.5712
54.1978
-16.6266
-51.9593
-10.2934
13.7205
161.434
-175.155
98.2822
176.308
-30.8149
6.86596
47.8229
148.531
11.3397
27.0136
318.532
-401.452
9.20525
-31.5782
6.53123
-6.04717
-25.8668
363.543
176.377
125.136
11.1958
-4.56863
-19.2892
23.8578
-55.9479
25.8493
48.8191
-15.7628
106.735
122.991
32.813
41.377
-74.19
5.16794
-289.918
0.610619
321.28
1.38854
-185.697
5.6146
19.6881
-31.6391
27.9581
-76.4674
-5.71586
82.1833
-171.838
6.18685
-10.8389
23.374
145.751
5.77493
176.762
-184.754
7.99245
-46.7019
-165.607
10.9341
193.214
-145.391
7.72203
162.274
-133.833
165.864
19.8629
26.9988
41.9798
-47.7782
-204.896
134.898
69.9987
10.0333
2.49729
61.1582
-63.6555
149.193
-5.43462
11.5944
12.6427
-273.222
-14.1116
-12.5222
64.7005
320.823
239.259
149.985
10.628
-6.41502
7.56777
154.069
-166.716
12.6468
-8.08487
-23.4435
31.5283
-4.9915
-8.33287
0.630792
-7.67441
8.28102
297.554
-4.16557
-8.29211
-8.2953
-8.29428
8.31058
-8.29267
-8.29231
-7.52716
-279.685
-127.001
201.927
172.307
-204.806
56.3631
93.2301
24.956
-296.925
301.556
-4.6311
144.244
203.15
-347.395
32.5911
8.21421
-19.7522
-0.607442
253.305
8.66814
-10.259
1.59083
98.775
131.565
31.9424
135.548
-167.49
0.0200397
-10.6886
35.6917
-30.6283
-5.06338
-49.1344
-17.5597
273.188
52.7064
-22.1415
-75.3979
359.018
-112.496
-246.522
-397.016
370.29
26.7263
16.7833
-13.4702
4.70354
-45.5383
113.188
-67.6495
-290.239
-56.6115
79.2368
13.5361
-97.5559
374.09
-445.12
-12.7692
13.4856
-0.716433
11.5382
147.483
-16.907
203.918
-235.285
12.2168
212.586
-347.067
134.481
91.6334
-137.172
-281.716
11.4801
-4.07619
-19.9572
24.0334
-28.0881
43.8663
-23.9644
10.8901
13.0743
276.448
14.4778
-141.195
-179.08
320.275
14.7731
-10.0695
105.857
-246.782
-23.1349
269.073
10.7423
-279.815
-226.69
300.472
-73.7823
-132.433
305.581
8.25317
-9.9895
3.81985
4.92404
187.861
-348.405
34.7695
-119.102
-12.8549
70.1383
-57.2834
32.6925
197.176
-229.868
-269.586
-198.923
139.289
-34.1112
262.564
-226.309
-0.946549
23.0325
43.2123
-295.141
-112.991
-210.26
323.251
404.244
0.940368
-405.184
-402.837
430.26
-190.443
334.688
-145.827
-224.55
45.5324
252.902
-147.044
4.36065
0.897217
91.8907
-2.40321
6.35999
174.804
11.7125
39.0892
8.50482
-46.8777
-158.019
-149.141
-4.54784
29.7481
-21.561
303.848
6.93517
-129.991
44.3
-5.21087
13.1593
163.307
-239.166
75.8587
-12.9355
283.566
-107.258
-6.02287
-3.96663
-126.137
-12.3822
-353.177
395.482
-42.3049
414.089
-352.446
-61.6428
425.441
10.7938
-134.587
122.124
12.4634
-4.20261
-0.0731961
-148.381
40.768
-55.919
-20.298
-19.8838
-0.363993
-32.0606
0.647812
38.6127
-54.5267
17.6987
-378.41
183.468
-399.587
158.941
-207.613
48.6724
8.31058
-8.29428
-8.29267
-8.29231
-7.52716
-8.2953
-8.29211
110.036
-28.4915
-34.8449
34.838
216.498
-303.824
87.3259
-61.6381
43.6124
16.6374
212.158
-228.795
167.33
-135.388
314.415
102.896
442.849
9.85615
47.0791
-230.255
-0.950494
3.03718
-248.266
0.00779993
-30.4082
8.02579
6.87766
-6.6213
-73.35
53.5978
-107.628
20.1797
1.68247
8.55935
-10.2418
1.5109
346.857
-134.271
7.92565
44.8822
-18.5031
211.133
44.4428
-255.576
-182.425
13.4316
231.034
14.655
52.6229
-179.398
98.6456
80.752
46.5834
-67.0084
113.155
137.034
157.275
102.941
-119.342
388.054
-220.053
6.97138
94.6308
-229.917
362.391
-331.638
-327.906
148.826
-337.029
400.762
406.654
-341.953
-143.917
-78.7331
79.3738
-97.07
10.4789
-91.9845
367.259
-275.275
217.856
-214.334
-3.5221
-65.5429
8.79646
19.378
-28.1745
127.301
-159.709
32.408
-5.29573
116.917
165.478
-293.943
-414.523
322.539
-66.1939
48.2532
23.1569
-311.466
288.309
-92.778
-4.09791
400.914
-80.8481
9.64595
21.5449
-31.1908
-65.0174
47.3764
-58.1024
217.043
98.3332
8.11663
-207.016
-53.9777
-125.42
-69.5706
51.6044
-121.716
263.055
-51.922
245.982
-42.064
144.835
175.324
57.2343
-70.0893
-126.568
-120.239
-286.636
56.7196
74.1032
-87.1843
74.8753
307.451
-382.326
141.562
89.804
-231.366
290.257
-73.759
27.3334
26.4226
-102.89
2.56881
-254.444
230.076
19.2067
-9.56077
70.1383
-123.005
191.876
-67.3068
50.6802
-131.628
-26.6681
4.1878
213.668
-252.098
19.7664
232.332
-63.9849
48.9312
285.254
-14.8457
-270.409
84.3338
7.09382
11.2622
-18.356
-146.807
22.9325
164.997
176.711
-68.0515
52.8187
-6.35328
115.337
96.7272
-212.064
220.102
42.9535
-15.0465
74.0398
-83.8045
299.066
-62.8002
50.8285
104.913
49.2744
-154.187
-210.001
-67.2206
54.7347
-25.5565
-37.3905
62.947
64.7572
-264.877
288.034
-61.005
50.4745
-105.097
109.482
15.2853
-6.29511
70.8956
-79.6736
52.3572
-61.6484
-206.218
-110.042
84.6826
-67.5681
56.6194
-162.909
-62.9268
53.3911
52.4295
-60.8482
-56.5442
47.7018
-3.39811
-3.96288
-11.2163
19.4694
-84.8346
70.0965
182.75
143.122
-325.872
-73.2362
65.7293
66.6163
233.856
-58.5635
50.4118
-59.8579
52.2067
347.576
-159.715
63.5395
-70.9398
-150.114
-32.311
-6.66563
92.736
-62.3902
-0.544704
-172.888
123.711
49.1766
341.382
-399.656
-134.219
61.7296
-69.9176
-12.6248
285.254
6.50973
-276.848
-72.9739
64.9479
111.701
-63.5462
55.592
-21.4983
62.9478
-59.6429
52.8345
-52.6924
272.794
-72.5934
52.4726
396.535
-34.4383
228.952
-194.514
149.285
125.452
-241.251
115.798
-77.1452
51.5887
-61.4693
54.7896
-19.3105
274.956
110.238
39.1184
-8.34943
12.7899
-4.50891
44.7489
-71.7203
50.222
188.585
93.1318
-195.37
142.472
52.8973
-154.982
-95.8833
-70.2084
168.854
149.053
65.1408
-214.194
1.10006
-72.324
54.7643
-245.646
-163.209
-80.6176
-78.852
159.47
259.776
58.8194
-10.2628
-48.5567
8.08866
-86.803
103.209
199.774
-179.911
-176.74
196.279
-303.324
147.121
-73.1084
56.8896
134.515
118.386
-67.9751
255.675
6.88875
251.047
-177.219
196.907
-24.3748
213.699
-340.431
-231.846
173.743
-232.906
6.59679
-130.058
142.522
8.37507
-164.072
-279.722
196.089
134.025
-245.172
111.147
-69.8339
56.034
-179.086
190.799
45.0035
172.04
222.179
394.423
-154.927
188.552
-188.552
310.994
-9.42423
6.6027
26.5221
82.7642
-120.211
272.472
-65.3433
53.8273
382.102
-375.592
60.4541
-248
187.546
-232.494
187.046
45.4482
190.611
-314.252
-175.72
188.367
-135.336
-117.938
253.274
10.8859
47.9335
-0.526093
98.6866
-57.3095
235.573
-218.936
-71.6586
-73.5979
63.3045
12.2891
19.9939
-32.2829
-218.261
195.301
57.043
-247.559
190.516
-244.089
202.025
91.9188
-12.7899
5.67784
85.2681
-15.1298
-1.3002
-3.89791
-1.27288
-3.92678
-1.56574
-3.07581
1.49617
3.12454
-1.56913
-3.07181
-1.29625
-3.89919
-0.629766
-3.02978
-1.30128
-3.90712
2.39822
2.92839
2.40636
2.93037
1.22569
4.03243
1.22504
4.03316
1.26417
4.05324
1.22576
4.03331
-75.0988
65.5629
192.988
-208.767
-20.3772
-196.84
193.873
350.886
-167.418
48.1199
106.489
-278.788
289.531
53.5516
-262.286
208.734
-194.401
193.029
-239.216
205.926
-57.6614
20.2709
-172.347
182.975
-176.984
187.918
-173.522
181.514
203.047
-221.013
-82.7926
182.712
-174.337
129.786
217.072
-178.516
184.703
-175.648
183.37
188.886
-184.681
-271.073
-318.514
18.2364
-9.43992
-73.0469
317.985
-167.508
-264.819
213.514
51.3046
-184.973
213.215
-28.242
-272.949
221.027
-203.884
186.764
199.881
-207.428
186.696
-186.254
-264.693
189.816
-189.619
131.753
-59.8332
225.778
-278.471
-198.398
192.021
189.194
-179.988
-130.863
26.5239
217.31
-280.069
291.549
-187.655
188.057
184.187
-178.572
47.2935
225.501
-185.974
184.908
-438.884
320.314
-179.498
185.273
118.773
-99.8546
-18.918
12.7224
-4.05429
190.717
-230.689
39.9723
-286.696
56.0782
230.618
173.456
-156.061
-108.758
-78.4272
192.649
39.7522
11.2705
5.51283
285.832
-0.57789
-340.966
317.496
-27.3746
8.82604
-286.513
212.485
200.116
22.4
-222.516
26.1836
12.1538
118.32
280.617
-273.03
-4.35927
-311.85
309.932
-299.314
306.881
-60.0131
6.70819
-1.03035
316.243
-334.88
155.076
192.997
245.56
-438.558
181.204
364.244
299.332
-308.175
-14.491
-235.402
-16.696
-356.342
324.027
306.676
-306.065
-130.987
344.686
8.2688
253.355
-261.624
-24.3529
-232.182
-41.5688
330.433
-288.864
-28.7628
22.1415
-357.493
309.169
-301.059
298.687
-283.767
298.244
-295.824
309.36
285.832
-71.7699
-291.511
300.433
-60.9179
-70.5945
-13.9371
24.4159
183.738
6.3764
-190.444
-17.8166
-287.456
6.69614
280.76
-299.671
305.921
-302.037
303.425
-199.596
-86.9167
-57.4435
85.2681
-249.884
207.939
-42.4444
34.3595
440.692
-52.6375
-325.029
320.398
188.445
-309.179
305.014
-142.378
273.142
-374.176
313.953
60.2231
57.5581
-295.228
237.67
-307.747
297.059
-299.038
65.144
233.894
-220.225
10.3184
4.07288
-0.959565
11.6569
204.31
-175.704
-89.0731
336.279
-119.208
-270.409
-154.746
376.764
-232.422
305.053
-346.622
343.035
-160.284
-284.498
8.83084
-2.70578
-2.93037
-295.479
217.052
182.922
327.91
-164.667
281.579
93.1825
136.535
-229.718
-104.25
-247.012
351.262
60.2798
270.153
170.861
-179.189
0.933409
178.255
60.8921
289.634
-272.231
71.6122
-10.4539
197.949
178.815
116.082
47.4441
-162.713
20.5183
46.9824
-13.8002
0.548552
-2.59769
-297.054
299.652
-27.6998
-46.8465
314.837
-146.166
288.176
-93.887
-194.756
-237.737
237.737
252.03
-354.197
337.547
-60.2693
-234.171
-165.416
64.8814
128.333
267.253
-141.886
-281.415
-45.2521
-220.889
-129.036
-372.018
267.354
-261.313
206.462
-291.002
230.084
43.9622
159.669
-354.425
75.5572
-40.3489
-35.2083
48.6831
229.352
-87.7898
-7.84229
-167.312
12.0198
295.533
-307.553
-147.128
-346.815
407.095
-124.39
-271.861
203.978
251.436
-117.411
-82.9945
95.3754
-129.374
359.816
-114.255
-283.873
196.566
-213.061
175.204
25.9829
-87.2014
61.2185
15.1603
-93.8853
-230.11
118.773
334.651
-290.36
3.79944
-20.8701
-196.954
15.9969
-28.3811
12.3843
-90.4435
314.132
-374.402
-153.6
-100.737
-337.705
209.861
314.424
-211.937
-17.3063
-26.7666
47.185
-101.008
134.618
-86.4977
298.863
-350.793
-22.2317
309.942
-356.218
-0.145859
-0.734516
-31.2368
-21.8051
307.742
-73.8856
-22.1942
-40.1914
115.246
-75.0542
161.93
197.886
20.6005
-24.3402
-225.934
261.582
-143.195
-338.689
-1.33037
-3.09904
205.292
83.2173
-23.396
-40.6098
-13.9169
209.462
152.784
-76.8913
-43.3098
-69.0825
302.976
-20.1218
-171.22
222.764
22.9804
111.637
205.796
-205.796
-20.116
-129.336
12.3865
0.712157
-156.134
231.932
261.198
-167.05
376.512
-18.3152
-19.1203
-177.151
177.151
146.503
-132
-14.5027
268.066
24.0761
-292.142
-21.6439
-92.3026
-31.9633
5.40949
129.166
-114.096
108.863
200.057
146.503
-183.461
278.895
-10.8283
4.45811
-61.8535
214.735
-152.882
-61.6773
299.347
13.0654
-3.43989
-15.8179
-16.3921
-17.2518
-13.1564
-185.313
385.37
-69.9882
358.297
-20.2897
-222.441
7.0855
-91.2273
238.659
14.8653
-183.458
168.593
17.2104
186.024
-196.049
259.044
-226.453
26.8518
2.89633
-189.837
-174.431
-170.433
344.864
-15.0992
-13.9259
-30.6683
-12.4523
-322.511
66.2185
256.292
-99.8546
-291.564
345.095
-53.5315
-12.084
13.051
-0.966987
227.123
-331.373
-44.3955
235.112
82.3211
-317.723
212.059
-0.0626858
40.0288
-39.9661
18.3825
-118.313
-263.439
271.708
-0.259989
279.155
-371.087
208.709
-323.043
114.334
-11.662
-22.9669
345.342
-65.4347
-46.6939
103.457
-56.7629
-15.211
-29.5032
41.7923
-109.85
-218.577
328.427
-9.21894
-10.8617
248.435
39.7415
-302.147
10.5831
-11.9522
-16.8734
16.5094
14.7435
-10.4364
102.149
93.9397
-253.029
-83.0636
336.092
241.299
-17.9225
-113.11
26.7891
-322.376
62.216
260.16
129.166
-33.7405
5.65247
-194.589
-299.854
289.026
-241.835
-27.9909
269.826
-17.5711
-304.935
231.152
60.6113
254.483
-315.095
215.723
-292.614
236.683
236.933
-310.818
-16.9785
39.7537
-86.4476
-222.441
-13.1445
23.0342
44.6683
-75.6477
-10.266
-179.366
-155.533
13.9482
-132
19.06
-6.83748
73.3259
-66.4884
-11.3396
54.3908
244.956
-48.206
72.4778
-24.2718
-8.6813
-281.9
290.581
7.82787
205.58
139.515
91.0392
-309.616
-145.229
132.208
-7.24459
-15.3478
17.821
24.3986
-117.001
228.148
-16.646
19.5424
205.268
-288.263
-3.66247
-20.0827
23.7452
10.8454
135.705
305.936
-64.6373
-15.1294
-252.642
-353.041
233.834
-248.746
309.357
15.0788
53.8448
-76.1439
313.077
262.279
9.46152
-16.8207
-17.944
236.184
-364.094
-47.4477
57.1906
-14.5865
-7.02006
255.079
-252.937
250.34
-95.3879
-144.845
261.761
-8.63482
-10.1509
-75.4054
280.986
255.826
105.016
-43.7971
324.715
-70.2321
-122.664
342.405
69.572
-58.6861
163.355
-82.4761
-45.0589
-89.2122
302.826
-0.0467511
-79.6658
78.0521
-15.128
-264.082
-93.0042
357.087
364.994
276.638
243.189
-319.333
-72.01
-250.366
23.6397
-265.474
-0.960947
222.111
-356.382
4.53479
-117.751
11.3825
196.688
-283.605
-200.64
78.0606
-0.213908
-87.3458
321.25
326.542
2.16135
-14.6161
-8.11369
6.81349
-8.07766
6.80478
-9.21114
7.6454
-6.88865
-6.81349
-6.80478
-8.1143
6.81805
-9.21627
7.64714
-6.81805
-6.8886
-9.19394
8.56418
-7.69777
-8.1126
6.81132
-6.88684
186.636
-280.523
56.5619
-61.7728
69.3437
-0.504333
241.639
-330.851
7.78262
-293.698
186.44
17.2168
172.723
-273.461
71.0739
242.003
10.3657
-324.793
76.2434
28.7722
12.2701
9.45267
-322.737
309.733
9.03297
230.788
-374.705
-245.096
-69.999
231.805
-31.689
2.99873
-306.41
-0.764769
307.175
-38.5198
264.749
-360.137
218.332
-122.068
33.0597
89.0085
35.45
6.73336
-277.988
5.36079
13.8459
4.60889
16.9522
105.178
31.6102
59.9491
-69.8439
3.68073
-29.3824
207.68
-247.727
5.20449
9.68922
273.653
7.93179
-91.5745
-172.831
-4.339
9.69978
220.119
-374.865
-218.332
1.72308
9.33045
2.9399
4.19821
177.475
142.8
207.02
37.6364
207.327
-313.539
221.965
-96.9691
6.70092
162.644
-271.402
197.296
-357.012
59.6597
-327.484
332.019
-107.799
-13.2273
228.25
-301.661
-171.075
-224.755
235.073
158.9
-333.331
-1.82564
-342.654
-80.3751
-55.3941
-5.51536
110.817
-287.249
176.432
0.789761
-130.931
-264.542
147.131
95.4419
43.8466
-250.011
312.227
-3.811
313.241
-71.2387
18.541
-4.74101
5.13548
-12.1208
-20.0157
-163.719
-2.74742
-190.31
-1.56269
2.06952
28.1094
4.84445
-5.17368
-2.64001
114.096
124.876
-25.2732
-91.0953
111.696
-4.52484
-32.2336
279.649
-308.394
28.7442
-43.9143
-307.599
1.18915
-5.71986
-263.699
8.87345
-55.6081
-5.79179
-4.02544
9.81723
-0.190643
33.9445
-315.844
10.0208
-10.0208
-21.1321
119.714
-315.209
-275.71
132.515
392.351
30.944
-2.98588
-35.5482
-125.594
191.282
-355.948
-15.4068
12.9948
101.922
-9.4875
-247.386
285.293
-37.907
243.242
120.633
-267.678
102.646
-81.6357
-268.334
251.638
149.84
72.9239
-52.7272
21.3661
163.719
7.09092
-256.482
249.391
104.001
18.0956
-43.9578
133.687
241.245
-44.9989
10.1541
190.31
252.371
-187.031
-9.00193
-290.852
228.294
-307.96
121.508
-275.107
-132.334
325.823
-80.4179
-33.4657
-278.511
-189.51
-5.19324
5.19324
236.98
-230.091
-53.5125
362.681
-66.3213
-124.271
-37.9476
75.5276
33.0654
-108.593
111.413
0.953843
-142.258
61.6402
30.5614
-123.339
-160.374
180.583
-277.259
14.6398
4.35124
-4.35124
78.3452
36.9004
96.4149
-115.333
190.102
-357.519
146.17
-137.616
29.9883
-149.891
30.5365
-105.934
6.25248
-6.25248
208.156
-378.588
3.43526
-3.43526
-177.569
12.4446
-4.53271
4.06991
77.2597
-24.7871
11.7886
86.0796
-97.8681
129.491
-287.951
-3.86355
3.86355
-3.41944
23.4133
117.522
-3.56439
3.56439
189.242
-349.526
79.4579
61.7653
-4.70131
4.70131
-14.0197
293.669
318.913
-284.968
-17.1055
9.85303
-276.115
3.79859
-3.79859
4.46411
-4.46411
-4.28565
4.28565
4.07549
-4.07549
-0.887265
-4.23347
4.23347
-3.6429
3.6429
-4.04869
4.04869
106.759
-36.6629
-152.14
22.0817
74.3754
-24.1533
14.2062
-119.303
189.501
-354.917
17.5304
-236.466
239.422
-370.44
-4.37836
4.37836
3.39266
-3.39266
78.003
-26.4143
281.34
0.983433
-294.118
293.135
-4.02254
4.02254
104.897
100.971
78.169
29.3266
-107.496
-53.374
-233.552
240.149
-1.82364
-165.73
127.27
-48.9251
3.33709
-3.33709
77.2618
-22.4975
104.842
-265.216
4.02152
-4.02152
60.1689
-15.4982
11.8357
-3.0927
3.0927
4.06971
-4.06971
3.90942
192.678
12.8432
-205.521
3.23622
-3.23622
3.10035
-65.3991
-10.7827
-6.3228
-71.1374
-3.99986
3.99986
122.775
-3.92043
3.92043
-36.2781
111.806
-5.09257
5.09257
0.531393
11.3166
28.4999
-90.8901
-4.86389
4.86389
-79.8956
-6.60138
6.60138
-97.1318
-3.9252
3.9252
15.7924
-268.183
77.0941
-20.2045
-3.05229
11.8831
353.585
14.8277
-247.01
-19.8901
22.4773
-2.58723
84.6332
-237.515
-4.57008
4.57008
-24.5606
3.76625
-3.76625
-4.62046
4.62046
1.11234
-9.44522
-102.264
45.5013
130.693
-34.2783
-4.62826
4.62826
-9.51417
1.09835
-29.6529
107.822
152.233
-231.057
215.927
294.779
-5.75367
86.3054
-64.9394
-1.57048
1.57048
-31.4845
9.93179
-167.536
-307.225
318.249
3.64983
-3.64983
31.9868
54.3187
-3.54955
3.54955
-101.464
150.738
-90.002
183.942
-117.347
26.252
111.811
45.4643
-310.386
301.384
-281.263
9.03159
-3.62891
3.62891
-275.769
-59.3698
119.029
82.7624
-26.7284
183.154
-22.8683
-160.962
25.3008
135.661
0.668369
-226.603
-6.53854
-247.757
254.295
4.38092
-4.38092
-0.0804183
0.0804183
-0.660788
279.815
4.83395
-4.83395
149.006
-77.0616
108.768
-31.7062
-16.0665
-3.37046
19.437
-4.83112
4.83112
-17.1988
-5.94865
5.94865
-152.973
296.094
-122.128
31.0597
91.0688
-5.51554
5.51554
-165.847
14.1515
-273.542
259.391
-6.839
6.839
74.4026
237.825
265.47
6.23734
12.2254
194.54
-19.336
-3.61769
3.61769
-1.41737
-308.968
-254.183
27.2279
66.3495
-12.5223
-6.85082
6.85082
-319.265
-4.84359
63.4393
261.276
0.117519
-0.117519
262.95
-309.811
117.466
4.73058
-4.73058
-27.6632
-240.091
-179.052
31.0603
-7.15797
8.18639
310.726
298.812
-135.457
-5.08573
5.08573
-11.1915
5.79498
-5.79498
-200.801
25.0972
283.102
-59.9017
-1.17639
-274.938
-137.734
-70.2774
1.76825
0.122987
-0.122987
-2.03894
14.4255
-1.63422
-263.84
-298.781
13.278
-13.278
-168.018
-306.241
-0.409053
0.409053
186.715
-315.634
-90.2202
-105.828
6.6027
-75.4397
8.95133
-0.0310376
0.0310376
75.4301
-12.1256
-290.595
10.0579
-0.0564594
0.0564594
-125.597
32.9965
228.25
253.599
-253.599
-164.591
-362.609
1.35077
46.5828
4.82172
-32.425
0.100285
-0.100285
169.35
150.362
-319.713
161.435
-47.3162
131.999
-205.124
185.788
-165.676
-27.2331
-75
102.233
-279.856
290.701
-208.529
172.484
317.645
142.87
-26.7715
5.2547
-34.4212
98.9688
-253.388
-20.1544
-3.38333
3.38333
-6.76904
6.76904
-113.666
-117.7
-6.57792
-0.646037
7.22396
-17.7463
0.132756
17.6136
-107.054
-14.5113
81.4583
188.342
156.521
169.741
23.6523
-193.393
-122.152
-104.455
364.231
0.0800696
-0.0800696
-170.474
-92.8029
72.3945
-6.83163
-3.92484
7.23095
-3.30611
364.472
-113.425
55.4546
286.053
310.883
-138.881
55.7713
-12.9458
0.861813
-270.392
278.175
-135.742
-95.5986
75.4827
32.1289
54.2536
192.281
-230.228
-105.429
341.222
-235.793
-161.184
-3.22131
179.196
-154.798
74.5424
-239.547
14.4431
-233.213
257.29
237.093
-224.867
-190.168
207.989
27.6368
-104.698
76.0841
-77.9077
198.928
-366.947
-316.602
273.096
-74.4859
296.618
-269.606
63.4496
-142.882
58.9466
-7.28258
0.0714254
-0.0714254
61.4455
75.8245
-107.061
192.5
-1.97664
-190.523
-229.479
219.487
15.5855
-107.373
65.3299
-85.6196
-7.71895
7.71895
-74.3584
88.9982
-153.751
-1.28235
188.856
3.82199
51.7797
95.0309
-3.3452
137.521
-111.757
-25.7641
61.2762
-7.47022
3.17209
4.29813
-86.8696
-190.389
7.64714
-7.69777
8.56418
-6.8886
-6.88684
7.6454
7.51467
-7.51467
7.51166
-7.51166
-6.88865
7.51399
-7.51399
-85.9438
62.5478
-75.1779
60.0787
-304.86
309.469
2.89195
17.6917
-23.9244
0.295252
-0.295252
-16.979
68.8366
141.502
1.96701
-202.607
205.152
-360.165
198.981
29.5468
-168.427
-230.591
242.861
-1.24316
-93.2451
81.2929
9.71026
-10.2146
-65.0443
276.01
67.2632
-92.0503
281.814
-293.935
5.34986
-87.1054
-27.9809
115.086
-69.4754
-26.0962
95.5716
-45.8248
148.346
-290.232
-199.399
209.765
-72.7622
-26.2918
99.054
54.6875
-145.736
270.612
90.9922
-29.9114
97.1746
-279.66
-75.1153
64.6789
33.5334
-313.221
-1.5982
-96.2699
-91.9728
298.709
-203.886
-3.39734
-10.6739
-75.8629
58.5566
20.3913
93.1225
-81.7256
118.437
-36.7117
-66.7018
-291.806
80.2752
-97.2537
-32.5576
77.6211
-199.875
205.079
203.861
-200.921
-81.8943
-24.186
106.08
0.0558427
-0.0558427
0.0655884
-92.9667
-92.6642
66.2499
-366.132
84.7171
-194.685
204.015
26.203
68.0875
-42.8854
39.8995
-0.0781998
33.4825
65.1641
0.600556
-215.401
19.8035
-183.376
207.029
264.69
0.2342
23.6432
-292.97
-0.70053
1.73637
-1.03584
-0.185141
-77.4346
-0.0868398
3.76167
-0.078511
-14.4639
1.48507
218.541
-316.488
313.848
1.16843
10.7147
-207.986
-0.432586
-196.118
-174.322
-77.3509
287.364
20.6725
6.87752
-3.26649
-3.61104
-4.33144
-0.02783
0.00676109
-4.42232
-208.529
112.754
111.741
82.1195
-92.2704
-109.977
296.161
137.999
160.813
17.0408
190.742
272.636
-206.418
-275.325
284.198
51.6797
49.6934
-214.465
212.903
-170.861
-184.069
207.104
-227.197
223.386
13.8656
43.0453
48.5775
-91.6228
92.3857
-115.353
-7.3611
9.36478
-2.2825
65.3745
7.55012
1.81467
4.682
-279.777
24.0588
-395.52
-218.138
-110.014
328.153
30.2626
-137.317
-260.017
383.601
-123.584
0.977009
-4.61026
4.61026
-17.7288
-0.0175788
-98.9845
-152.009
-3.46524
4.62175
-0.763639
-226.988
-361.848
-82.2732
281.61
-231.208
-109.072
340.28
-1.17214
0.0454366
-0.0454366
0.228681
162.028
-73.5935
195.309
-216.441
147.001
243.618
227.871
-132.495
96.8597
266.882
-7.49081
-269.406
278.867
5.39566
15.2934
-13.0351
-248.589
1.80209
-276.74
-36.6843
0.0253969
-0.0253969
13.9409
-347.2
90.1366
-7.7745
-82.3621
-35.6876
-89.6426
2.85208
280.62
-271.589
-165.373
-3.35181
-0.954821
0.229346
-14.7469
-262.038
-137.359
97.5776
34.3498
0.100276
-0.0758178
0.0758178
-0.0793573
180.149
-224.063
-250.742
140.765
6.40033
-6.40033
-144.439
258.802
58.9849
-83.3251
222.215
-326.677
48.6105
-105.92
-315.27
218.861
-199.801
-24.631
0.54187
-5.32914
-206.608
62.9594
-85.1536
-69.7435
303.577
62.6463
-84.2901
31.1102
14.7553
0.00282778
-145.203
54.6688
-129.669
-286.932
293.665
-1.32346
-231.291
177.917
-32.1994
-151.259
-112.869
12.4471
62.1175
-81.2379
-92.5109
80.3854
-0.314636
0.0371009
226.305
-39.377
66.0758
93.3938
-156.377
72.333
294.752
1.16142
121.968
62.8769
-79.269
246.155
-302.767
21.8927
-99.3272
6.23635
-10.1238
115.021
252.719
364.152
-337.426
210.2
-198.817
0.809137
141.726
-380.694
214.848
-274.908
-1.83178
-0.355154
236.644
-244.141
360.585
78.149
13.5944
-91.7433
350.565
-39.8391
204.463
-179.365
196.774
-193.776
-155.235
-123.576
64.2057
21.2952
-180.125
-10.1641
254.999
-244.834
57.3425
-124.922
67.5798
59.955
-70.8168
-25.9665
-64.9236
226.929
-241.284
15.5328
7.8805
32.6393
-108.013
75.3737
-13.6377
104.987
3.81985
251.461
-149.539
8.47531
-282.399
-194.852
196.575
-295.777
305.467
0.378015
9.2648
38.9694
242.514
4.24555
-4.24555
-50.5202
-21.8266
-107.551
-9.79646
-0.0227019
1.15119
0.174053
-1.32524
-197.797
204.498
236.362
103.532
80.4097
-0.974068
66.4112
189.219
-354.895
-83.5633
5.65557
-14.6604
20.3602
-12.2358
319.438
14.8268
-20.1225
-153.061
168.14
336.477
-0.608713
3.72535
-2.28255
-1.4428
81.7951
-80.4763
69.1367
-35.5747
-17.1525
58.4349
-8.7574
17.7383
219.523
-173.804
-24.8005
-21.8341
-177.727
-27.5538
11.495
11.0486
-21.0694
-0.0202157
-1.01517
62.1557
-3.26649
84.9891
-17.8378
31.1158
-321.736
316.562
-29.699
-30.0366
341.321
358.278
-23.5021
-31.1447
25.9485
-98.9794
121.073
-3.30611
-164.128
173.161
259.702
-22.2912
0.0102386
-5.20347
86.3881
-24.2324
93.9201
73.2804
-12.301
67.4756
142.362
17.9928
81.0612
-1.1753
-81.0583
-13.3374
7.30254
3.17209
-42.0091
-61.358
-0.949905
-0.00864412
161.849
-157.651
1.31965
-40.5373
-1.194
86.1497
-78.3219
-3.96663
-21.2344
93.6156
-124.284
160.271
6.40934
-23.5043
-2.60527
2.89195
-187.612
-1.89786
14.6839
13.6497
-88.111
2.85208
20.2038
91.6353
19.9868
29.7489
-49.7357
88.1381
61.3759
210.283
-290.179
62.8606
168.944
1.81358
-178.552
-13.6275
-286.613
-9.09765
-3.39734
-22.456
39.4722
5.20347
1.3979
64.1951
59.8245
-31.7236
-28.1009
-43.7435
-16.1292
-100.354
40.3641
-76.4867
-56.5865
-19.9001
-45.8974
-45.7254
28.6798
0.0850419
-0.718763
1.89048
-100.577
-149.005
-33.1932
-5.67939
0.402797
225.466
-26.0792
-3.3032
-4.66069
-9.67476
-105.965
-204.505
2.43171
-16.4976
-206.018
-2.43171
-155.345
-0.0155824
192.387
-3.66876
2.44982
73.2047
-57.4013
-3.11658
3.11658
-2.44982
4.80907
245.448
38.2465
-131.049
-402.436
73.4428
-15.3122
100.92
3.01702
-3.63387
0.616849
-225.542
-167.925
-1.93099
1.93099
41.2375
-15.3149
12.7078
-184.335
-148.996
-1.85779
1.85779
-24.5427
-324.381
280.424
-24.5218
1.01042
-1.01042
1.34992
-1.34992
0.869658
-0.869658
-1.47487
1.47487
-1.20764
1.20764
-1.4811
1.4811
-1.47613
1.47613
-1.34774
1.34774
-1.27308
1.27308
1.33235
-1.33235
1.49548
-1.49548
-1.20651
1.20651
-1.49015
1.49015
-1.36369
1.36369
-1.48978
1.48978
1.48299
-1.48299
1.34786
-1.34786
1.38373
-1.38373
-1.39011
1.39011
1.27984
-1.27984
1.34868
-1.34868
-1.27087
1.27087
1.33516
-1.33516
1.33396
-1.33396
-1.00533
1.00533
1.49525
-1.49525
-0.869065
0.869065
1.35308
-1.35308
1.33407
-1.33407
-0.858799
0.858799
-1.60712
1.60712
0.997767
-0.997767
1.3855
-1.3855
-1.39008
1.39008
1.48945
-1.48945
1.44542
-1.44542
-1.45815
1.45815
0.869505
-0.869505
0.860092
-0.860092
-1.49591
1.49591
-1.21849
-0.930631
0.930631
-1.01052
1.01052
-1.381
1.381
-0.860091
0.860091
1.30605
-1.30605
-1.45842
1.45842
0.86295
-0.86295
-1.44518
1.44518
1.32551
-1.32551
-1.38084
1.38084
1.32546
-1.32546
1.45782
-1.45782
1.00171
-1.00171
-1.04254
1.04254
1.5109
-1.44535
1.44535
1.32539
-1.32539
1.00244
-1.00244
-1.36299
1.36299
1.34374
-1.34374
1.00192
-1.00192
-1.17611
1.17611
-1.55162
1.55162
85.1905
10.7614
-2.52437
116.41
96.7081
59.2916
-46.7339
0.457499
0.693688
0.720787
-15.2386
14.5178
-61.0228
298.526
-16.7125
292.427
-277.743
-38.3869
31.8982
116.155
-54.2756
18.3195
-2.39158
16.9307
-272.814
207.414
173.253
-3.66876
-6.42201
19.3363
93.7267
60.5188
66.7279
-301.036
133.352
194.801
-13.0457
12.9671
2.41881
17.9068
195.762
-2.41881
-2.06687
68.162
-71.6926
-99.0705
152.477
-2.32292
2.13788
-116.373
-2.13788
57.1669
-37.1801
2.39158
0.991749
25.6516
2.78253
61.4125
-375.211
1.96273
2.32292
-0.0104061
123.4
2.45361
44.5042
150.841
0.219434
319.792
5.07419
0.0115436
-5.07419
72.7207
-8.04178
1.13759
-27.2168
3.39811
3.34604
78.1389
191.687
-3.43422
29.8016
274.866
3.41093
-24.3697
-14.0172
-3.41093
186.953
0.158742
-0.174325
-235.5
-144.232
0.365221
202.038
-37.4561
-227.237
-241.408
-196.559
253.091
-273.245
78.4908
-204.134
198.414
7.61145
29.3087
-307.052
31.9396
-8.82522
305.859
196.405
-74.4749
2.65813
-46.5426
-72.4624
53.7891
-1.62205
-246.446
69.7668
-41.2756
66.7816
72.323
-1.60341
1.30816
106.973
63.5017
-160.293
43.0972
-14.2004
125.613
-99.2464
-219.554
-8.65886
68.7375
-92.9861
-43.7665
94.5916
290.94
-96.1393
-202.626
84.9255
-0.0357698
96.4685
-87.5905
-23.2295
-2.61795
0.335402
-199.306
237.326
178.052
-194.959
276.4
-49.2884
201.541
0.883085
-0.883085
-3.591
43.4652
5.17677
-5.17677
87.2668
-39.315
41.6527
-164.336
-0.990368
73.3092
-294.51
30.7417
-4.53872
-24.1696
-63.649
-1.18559
12.5294
84.2912
0.0761938
0.342154
202.828
-3.58908
62.1457
-2.0619
-9.8599
-190.789
-307.222
273.757
51.8998
-123.646
120.2
-14.4737
-0.834912
-0.203779
1.03869
52.6374
170.748
-89.0931
9.1072
19.1962
-20.1703
106.988
-165.6
-229.919
-3.98193
5.14335
-16.1101
-8.72586
-390.293
276.868
43.4959
250.173
44.7911
239.407
78.9688
42.1585
134.845
-365.587
191.264
81.9062
29.8351
-103.341
-9.52859
-1.58742
-2.65813
-4.04979
-0.0796064
4.12939
-0.017078
163.683
-77.6196
83.2752
-105.22
81.7179
77.4909
-2.45361
329.304
44.158
-5.34652
-149.521
263.08
44.0944
-16.1329
25.0623
141.944
-219.568
22.3109
112.872
-83.037
38.5584
-20.5871
1.90747
18.6796
-0.668532
284.375
-67.3614
-0.990368
37.2668
-240.076
-93.6855
261.431
16.5209
0.199018
-1.87059
9.16409
-9.59668
-83.1222
-33.5048
-83.4907
24.3175
19.1477
35.4723
-18.8102
-246.693
0.178803
-11.6625
-31.895
187.672
18.857
302.69
-36.7991
39.5816
4.03415
41.5279
-90.6228
1.46609
-207.484
-147.779
119.48
-2.62223
-0.494348
-11.1259
-16.803
-12.5322
265.538
-227.594
-12.5283
-4.96325
-9.28398
65.5046
80.946
-27.9581
-3.37398
-95.6524
-105.403
169.852
-151.627
107.883
-206.196
169.915
65.4914
-20.1345
125.62
-253.03
0.143414
0.145437
-0.133239
-0.12619
-0.135251
-0.126458
0.0329692
-0.0947589
-244.067
64.4994
-0.997669
167.591
-163.769
-6.2561
-23.1591
23.6201
174.794
-70.334
-17.2565
-6.25029
0.0719027
0.445139
36.9136
-203.052
3.12349
203.182
0.540577
32.7388
29.2314
-0.477741
43.3802
-45.6135
-48.0721
320.495
-36.2912
276.728
-37.9444
54.2593
-2.14648
-2.60178
166.224
-0.0892826
-45.6382
322.506
-258.337
266.812
-29.0655
26.0384
291.57
-41.4586
-19.3348
-9.75507
1.55235
233.308
-97.4368
65.7306
9.72804
0.0979266
0.0808759
-4.00318
14.625
107.693
7.49494
1.02533
-4.81678
-9.65479
-8.62946
-2.16356
-25.1305
-0.637887
8.17827
-11.3413
58.1627
-103.222
70.9529
-15.9412
37.491
-1.42593
)
;

boundaryField
{
    frontAndBack
    {
        type            empty;
        value           nonuniform 0();
    }
    bottom
    {
        type            calculated;
        value           uniform 0;
    }
    inlet
    {
        type            calculated;
        value           uniform -2000;
    }
    top
    {
        type            calculated;
        value           uniform 0;
    }
    outlet
    {
        type            calculated;
        value           nonuniform List<scalar> 
14
(
1999.98
1999.99
1999.97
1999.98
2000
1999.97
2000.02
2000.03
2000.02
2000.03
1999.97
2000.01
2000.03
2000
)
;
    }
    car
    {
        type            calculated;
        value           uniform 0;
    }
}


// ************************************************************************* //
