/*--------------------------------*- C++ -*----------------------------------*\
  =========                 |
  \\      /  F ield         | OpenFOAM: The Open Source CFD Toolbox
   \\    /   O peration     | Website:  https://openfoam.org
    \\  /    A nd           | Version:  7
     \\/     M anipulation  |
\*---------------------------------------------------------------------------*/
FoamFile
{
    version     2.0;
    format      ascii;
    class       volScalarField;
    location    "32.5";
    object      p;
}
// * * * * * * * * * * * * * * * * * * * * * * * * * * * * * * * * * * * * * //

dimensions      [0 2 -2 0 0 0 0];

internalField   nonuniform List<scalar> 
7807
(
0.272316
0.00593491
0.417548
0.273164
-0.00150074
-6.48873e-05
0.421829
-0.00901756
-0.000208957
0.119289
-6.07801e-05
0.00407796
-0.0134905
0.0609009
0.12398
-0.0177196
0.282665
-0.0175285
0.00184985
-0.0846374
0.0826741
0.00268351
0.0452628
0.222239
-0.0227865
0.282314
-0.00138769
0.0748303
0.18835
0.00423288
-0.0239692
0.639366
0.0445163
-0.000840012
-0.00018039
0.098649
0.00485529
0.408864
-0.00759767
-0.000586885
-0.00693506
-0.0169552
-0.0868008
-0.0374168
-0.000348994
-0.000140733
0.00262486
-0.00789265
-0.000116439
-0.0824954
0.00614099
0.0709795
-0.0286992
-0.00386757
0.097751
-0.0080508
0.00196262
-0.0089904
-0.0370019
-0.000873074
6.95016e-05
0.00786516
0.0612744
0.00450263
-0.00167829
-0.0234998
-0.000166215
6.39701e-06
0.101314
-0.00743052
-0.000129256
-0.0666319
-0.0220554
-0.0369467
-0.0169906
-0.0525396
0.411233
0.0808847
0.073982
-0.0719061
-0.0129428
0.378985
0.116033
-0.038876
-0.00248837
-0.00394047
-0.00964069
-0.0278548
-0.00113735
-0.00763373
0.19231
-0.0441239
-0.000230364
0.00205215
-0.00607597
-0.0384498
-0.0627268
-0.000210896
-0.00274385
-0.00199829
-0.0636796
0.0826822
-0.00576025
-3.50775e-05
-0.0336665
0.197094
0.555583
-0.00856679
-9.75835e-07
0.0420152
0.258455
-0.0529953
-2.72209e-06
0.0446761
0.197405
0.000786239
-0.06348
0.160086
-0.0465305
-0.0380361
-0.06624
0.362411
-0.0798869
0.017321
-0.0644437
-0.00167342
-0.0217621
0.00338891
-0.00177508
-0.0243065
-0.0960357
0.0743562
-0.00105286
-0.00134032
-0.0402539
0.25088
0.447735
-3.01826e-05
0.013725
-0.083145
-0.0350019
-0.056464
-0.0531645
-0.0356002
0.560951
-0.0216923
0.189469
-0.0363029
-0.0485245
0.36145
0.0942692
-0.0337936
-0.00262163
0.0809888
0.115362
0.379599
-0.0605726
-0.0134271
0.52159
-0.000105628
0.00099738
0.229761
-3.30295e-05
-0.00356644
-0.00683542
0.282964
0.283766
0.540922
-0.00403693
-0.0053396
7.42181e-06
-0.0683983
0.00077794
0.0136097
0.0149296
-0.0479513
-0.0114754
0.16415
-0.000229122
-0.000882979
0.278099
-0.00010542
-0.00019424
0.423374
0.000890517
-0.0447417
-0.0438301
-0.0352016
-0.0258139
-0.0811672
-3.60488e-05
-0.0603991
0.170029
-0.00581599
0.000129312
0.213143
-0.00216582
-0.0229024
-0.0247305
8.96935e-06
0.0015903
0.257452
0.199892
0.382091
-0.057589
-0.0470026
-0.113232
0.0812564
0.254661
-0.000374477
6.13987e-05
0.525723
-0.0150517
-0.00109204
-0.0576781
-0.0227849
0.347033
0.354771
-0.0621728
0.60692
-0.00200888
-0.0171335
-0.0653549
0.0981423
-0.107355
0.240073
0.523052
0.000114039
0.0181218
0.170022
-0.00719031
0.15688
-0.000962954
0.576115
0.372424
-0.00956377
0.00496961
-0.000544292
0.159087
-0.000165059
-0.011065
-0.079064
-0.000128751
-0.00235893
-0.000761664
0.177281
-3.30517e-05
-0.00792137
-0.0700085
0.6387
0.065473
0.563004
-7.97389e-05
-0.0280211
-0.000331565
0.396149
0.00753411
0.448839
0.00246459
0.00134144
0.00913355
0.084759
0.00107005
-0.000407599
0.000945439
-0.00758412
-0.0441251
-7.45752e-05
-0.0587572
-0.00651429
-0.000253473
-0.00112896
0.42996
-0.0134646
-0.00138007
0.609582
-0.00259516
0.268977
-0.000369794
0.000689617
1.28187e-05
-0.0418648
0.0942483
-0.00235097
-0.0374132
-0.000741932
-0.0724399
-0.0261364
-0.000321699
0.000919917
-0.00390034
-0.0130134
0.00551503
-0.0022316
-0.0371883
-0.0372667
-0.0366395
-0.0241413
-0.0460155
0.365393
0.379373
-0.00268525
-0.0341162
-1.31489e-05
-0.00425587
-0.0384729
0.216652
0.129044
0.000178944
-0.00393549
-0.0446941
0.187054
-0.001801
0.00671517
0.0022757
0.065733
-0.111621
0.345171
-0.00287218
0.00492088
-0.000205386
0.00768332
-9.43665e-05
-0.0293755
-0.000625061
0.00792683
-0.063522
-0.0466757
0.00322334
0.0164092
-0.00133464
0.0366958
-0.0131318
0.0964194
0.180806
-0.14765
-0.0452809
-0.0267161
0.00956964
-0.0770199
0.551347
-0.0364897
0.0545731
0.595463
-0.00277234
-0.00314934
-0.0443673
-0.00197442
-0.0179776
0.011811
-0.00504425
-0.0037595
0.179246
-0.000122041
0.00102654
0.000144085
-0.00611149
-0.012454
-1.5874e-05
-0.00198665
-0.0355563
0.520485
0.00448175
-0.014727
0.489512
0.321913
0.0828969
-0.0216886
-0.0689554
0.00926094
0.274114
-0.018972
0.307661
-0.0306831
-0.0925592
0.203171
0.309156
-0.0549894
0.121409
0.236853
0.281408
0.0793088
-0.00546826
-0.00754157
-0.000158548
0.0056121
-0.0193442
0.00177912
-0.000193509
-0.00292088
-0.0724611
0.102708
-0.0281687
-0.00497086
-0.0067863
0.00227225
-0.0123909
0.00324843
0.209959
-0.00340303
-3.9483e-05
-9.90516e-05
9.11574e-05
-0.0338863
0.174259
-0.00718337
0.0500754
-0.116583
0.401068
0.00610437
0.0126309
-0.00910818
0.415618
-0.00192376
0.340558
0.193437
-0.000211405
-0.0337947
-0.00590009
-0.0533657
0.00105581
0.0917523
0.00602848
0.0117114
-0.00155448
0.162845
0.190507
-0.0519976
-0.0358021
-0.00414207
-0.0274161
0.0786638
0.628366
-0.0531384
0.00845254
-1.57534e-06
-0.0222398
-0.00410953
0.0336024
-0.0947867
-0.046332
0.42949
0.174201
-0.100339
0.222669
0.406097
0.049595
0.00219349
0.283676
-0.00164431
-0.000335021
-0.0285904
0.000162956
-0.126691
-0.000691545
-0.0377918
0.00352048
0.218677
-0.00322473
-4.34519e-05
-0.0996827
0.00319328
0.0451876
-0.0615439
-0.0819097
0.00500539
0.171598
0.141984
0.145751
-0.000375531
0.0936945
0.104329
-0.000965908
-0.0271318
0.00113302
0.0101449
-0.00443448
0.00880154
-0.00142302
0.153042
-3.5868e-05
0.000371598
0.00365548
-0.0351858
0.0370781
-0.0356588
-0.0406616
-0.0403714
-0.118241
0.0130538
0.274757
-0.049047
-0.0115563
0.583331
-0.0607893
-0.0130182
-0.0409347
-0.0106688
-0.0331529
-0.0172188
0.0497382
-0.0426746
-4.66883e-05
0.0435185
-0.000174413
0.36966
0.110935
-0.00857266
-0.0230919
-0.000344625
0.380722
0.334364
0.0751845
0.161267
-0.0656307
0.461556
-0.000113116
0.0325404
-0.0291345
0.170929
0.545504
0.0651664
0.167802
-0.00347745
-0.000371727
0.147454
-0.0749383
0.397207
0.0470784
0.241525
-0.0122001
0.409046
0.319655
-0.0153259
-0.0130531
0.124521
-0.0831564
-0.00015337
-0.0213058
-0.0800181
-0.0678853
0.0203762
0.0168537
-0.000230122
0.336563
-0.0019474
-0.000187571
-0.0329311
-0.000898905
-0.000408296
0.00598574
0.23768
-0.0881603
0.509224
0.000115728
0.234861
-0.0265384
-0.000136452
3.22949e-05
0.185737
0.230524
-0.00706014
0.210978
4.65112e-05
0.221694
-0.141056
-0.0160429
0.425649
-0.0549804
0.153218
-0.0392514
0.219187
0.226942
-0.0262741
-0.0331173
-0.0103123
-0.00499041
-0.000363934
-0.00214686
0.292147
-4.90821e-05
0.21418
-0.0846908
0.345682
0.204073
-0.0817814
0.494842
-0.0028236
0.00834592
-0.046989
-0.0317004
-0.0110032
-0.0307858
0.048924
0.576405
7.82442e-05
-0.0033233
-0.0505445
1.03167e-05
0.376049
0.0032427
9.74205e-06
0.000353843
0.00070187
-0.027828
0.0321922
-0.00268282
-0.000152933
-0.0116634
0.00416461
-0.103514
-0.0749051
0.0376514
-3.99023e-05
-0.142651
-0.0208484
0.131523
0.341086
0.00200263
0.139309
0.000281192
-0.0199729
0.108264
-0.011041
0.2528
-0.0204861
0.0365014
0.112151
0.171036
0.00774225
-0.0164119
0.19698
-0.081447
0.40221
-0.014819
0.278912
-0.0147229
-0.00200643
0.160096
0.00161347
0.106691
0.00334669
8.40018e-06
-0.115711
0.204324
0.00253585
0.127368
-0.0194805
-0.143338
0.00655586
-0.0369099
-0.00289333
-0.014024
-0.0709947
-0.0418035
-0.0155123
-0.000259815
0.423821
0.134509
0.0497404
-0.000349003
0.318333
6.85752e-06
-0.000321502
0.145095
0.00214229
0.179891
0.0736299
0.0293162
-0.0378296
-0.116472
0.0026748
0.00231741
-0.0599467
-3.25301e-05
0.0064231
0.244878
-0.025107
-0.00477316
-0.0129883
-0.00336403
-0.000710566
0.597982
-0.015633
-0.000957348
-1.04498e-05
0.156263
-0.0439834
-0.000574073
-0.00472267
0.180009
0.103817
-0.0540866
2.04279e-06
0.197938
-0.0248426
0.208762
0.0284409
0.0348282
-0.0440759
-0.000165686
0.109459
0.0951222
0.0370074
-0.0768834
0.292588
0.0106607
0.191656
-0.00447021
-0.0317258
-0.000684125
-0.00270947
-0.000184036
0.180478
0.257511
-0.00255577
0.0326172
-0.0265794
-0.0610928
-0.0694499
-0.00318055
0.0297785
0.569834
0.0190765
-9.4235e-05
0.102663
-0.00642942
0.488622
-0.0193087
-0.0188344
-0.00428034
-0.0217714
-0.0114251
-0.0123912
-0.00584549
0.00266021
0.0411937
0.000190625
-0.127766
-0.00579697
0.357831
-0.0521083
0.186542
0.00357398
-0.0447377
-0.0199106
0.227918
-0.0116952
0.000192478
-0.0243061
-0.00895072
0.0326932
-0.0400719
-0.0345495
-0.0114996
-0.0224637
-0.00931187
-0.0737373
9.2342e-06
0.057327
-0.0637918
0.162702
-0.0485751
0.106007
-0.0806175
0.322824
0.00910771
-0.045566
-0.0220427
0.516436
-0.104365
-0.0202159
-0.108555
-0.0390275
-0.0977063
-0.0542413
0.188017
-0.0047502
0.267594
0.0152863
-0.00068411
-0.0021275
0.0909966
0.645262
0.00186254
-0.0271184
0.188234
3.89455e-05
-0.0317535
0.0457821
0.00492167
0.0154993
-0.00283149
-0.042043
-0.00523336
5.03408e-05
-0.0523642
0.266172
0.00385171
-0.0255181
0.00329623
0.187972
-0.000665026
-0.00214518
-0.000623616
-0.00136153
0.0537369
0.00361208
0.00495219
-0.0274122
7.91061e-05
-0.106456
-0.0629466
-0.123959
-0.0236042
0.0253754
-0.000369205
-0.0199886
-0.0682473
0.0360006
0.348101
-0.00218903
-0.073194
-0.00803569
0.0123552
0.164361
0.000775937
-0.000272789
0.132623
0.0223629
0.0252619
-0.00506784
-0.00355601
-0.0630221
-0.000304671
-0.000923572
-0.0206913
0.303035
0.264304
-0.0376072
-0.0613335
0.0125646
0.00676543
0.00926166
-0.0708938
-0.0171227
-1.17631e-06
0.00478673
-0.0378471
-0.0776019
0.00693278
-0.0581497
-0.000694631
-0.00512244
0.20636
-0.0424089
-7.16021e-06
-0.0048176
-0.0928376
-0.000288023
-0.0218266
-8.5893e-05
0.00678479
-0.10044
-0.0377935
-3.62499e-05
5.30788e-05
0.136269
-0.048812
0.38336
0.269553
0.000789113
-0.00102974
-0.01724
0.0003842
-0.0956959
-0.0882549
-0.00239397
-0.0248537
0.258882
0.0134647
0.000476827
0.00922714
-0.113019
0.00338737
-0.0272334
-0.0662608
0.00268959
0.0275255
0.0789286
0.0128928
-0.0340657
-0.0644383
0.196437
-0.0328936
-5.11669e-07
-0.10149
-0.0704232
-0.0396673
0.00681016
0.00131528
0.0120144
-0.100551
0.0398423
-0.0394391
0.139358
-0.0464798
0.0097327
0.0241663
0.0187721
-0.0402899
-0.107319
-0.000176959
0.154789
0.214673
0.00994406
0.209897
-0.0736654
0.0547416
-0.0483105
0.20644
0.109871
0.562847
7.02643e-06
0.110912
0.183796
0.0186631
-0.00195998
-0.0214935
-0.00950283
7.49265e-05
-0.0214964
-0.0542492
-0.0235038
-0.02594
0.000229135
-0.0791405
-0.000499305
-0.00116191
0.244068
0.00832996
0.0752615
0.025284
0.21263
0.0139955
-0.000529425
-0.099368
0.0103252
0.364094
0.00168521
-0.0571506
-0.000297543
-0.000736174
0.00901472
-0.0537084
-4.16262e-05
-0.0130377
0.0352675
-0.00257577
5.2928e-05
-6.11831e-05
0.158914
-0.0306157
0.00866554
-0.00146596
0.0109656
0.0196124
0.0108605
-0.000388116
0.341905
-0.0861713
0.225224
0.298445
-0.000279548
0.065797
0.119059
-0.00102397
-0.000352266
-0.000571399
-0.00127548
0.0189728
-0.0137373
-0.0238731
-0.0696847
0.17681
-0.0968276
1.58421e-05
-0.0227912
-0.0217797
-0.0408732
-0.00555745
0.00766902
0.0016274
0.0342342
-0.000681804
-0.000310528
-0.0204771
-0.00546722
-0.0290671
-2.09103e-05
-0.0175054
0.0408165
-0.0183083
-0.0282226
-0.0103629
-0.0139447
-0.0109428
-0.00659152
0.0108072
-0.0113065
-0.000137586
-0.000532019
0.0286746
-0.0145028
-0.00624541
0.010697
0.003497
-0.131459
-0.0131819
0.162539
-0.0149267
-0.0596198
-0.0286701
-0.0265351
-0.0183536
-0.00477176
0.00289181
-0.00447578
-0.0165491
-0.0189581
0.197818
0.155875
0.0585611
0.33951
-9.43056e-05
-0.00417478
-0.0193251
-0.00972804
0.100004
-0.0237184
0.0562894
-0.00541844
0.21274
-0.00247675
-0.00207779
0.0189702
-0.0211224
-0.000285704
-0.0254749
-0.0074091
-0.0243922
-2.69906e-05
-0.00834113
0.00254394
-0.0205922
0.0407323
0.042333
0.023359
-0.0165098
-0.0364575
0.123076
-0.00163409
-0.00250214
-0.00269381
0.484783
-0.000113412
0.081122
-0.0248298
-0.0239023
-0.0306549
-0.0472721
-0.0332768
-0.0395163
-0.0214609
-0.0057944
-0.000126323
-0.00539877
-0.0254569
0.107471
0.00216058
0.156799
-0.03796
-0.0156565
-0.00117452
-0.0334884
-0.000133065
0.154182
-0.0349215
-0.030396
-0.0277666
-0.00496387
-0.0382556
-0.0021391
-0.0464496
0.109538
-0.0300189
-0.0796223
-0.00186269
-0.0312993
-0.0216299
0.0190054
-0.00409372
0.148573
-0.00304627
-0.0224483
-0.00086571
0.165903
-0.0446818
-0.0307104
-0.00411235
-0.0116676
-0.00349416
0.193474
0.0129389
0.203205
-0.00609739
-0.00104444
-0.00160534
-0.00295538
0.178686
-0.0682534
-0.00850074
0.000439943
-0.00928151
-0.0129822
-0.00115125
-0.0170441
-0.0184334
0.0649805
-0.00622136
0.00556014
0.477703
-0.0696185
-0.0333043
-0.0651317
4.4798e-05
0.0838633
-0.0044728
-0.0311697
-0.0070285
-0.0410431
0.00535715
-0.00068579
-0.00367528
0.00415112
0.204256
-0.00732144
-0.00227244
-0.00582939
-0.0608203
-0.0103042
-0.0257638
0.00552179
-0.0107929
-0.0111414
-0.00413713
0.207683
-0.0524312
0.00407575
-0.0053369
-0.0319438
-0.0170836
-0.0561379
-0.00178673
0.0998689
0.0281141
-0.00973886
-0.00219859
-0.016498
0.496831
0.205683
-0.0138306
-0.000737833
-0.00302397
0.00469481
-0.00500828
0.0256878
-0.000531202
-0.0196997
-0.00250205
-0.0202586
-0.0735784
-0.0013552
-0.0137834
-0.00172154
0.317097
-0.00802701
-0.0143132
-0.0218811
-0.00245375
-0.0347757
0.0676459
0.439944
-0.0131502
-0.013926
-0.00268674
-0.000594828
1.72116e-06
-5.20865e-06
-0.012436
-0.000854558
0.118262
-0.00085561
-0.00230369
0.0103708
-0.000328697
-0.0506569
-0.0657676
0.0212059
0.0463486
0.0316231
0.0523513
-0.0461237
0.0983384
0.0777244
0.103649
0.129656
-0.0157442
-0.00108824
-0.00726099
-0.0736963
-0.00444346
-0.0181645
0.0362261
0.323604
-0.0570243
-0.000615806
-3.62883e-05
-0.00186337
-8.57261e-07
0.0108662
-0.000715569
-0.00581619
-0.054255
0.000698066
0.00328399
-0.000279329
0.0736044
-0.0185662
-0.0411258
-0.0015431
0.322838
0.274181
-0.0123346
-0.0797983
-0.0325205
-0.0282101
-0.0174025
-0.002378
-0.0857004
-0.0379701
-0.048724
-0.0625294
-6.24318e-05
0.19457
-0.017252
-0.0118119
-0.0346292
0.0230898
-0.000679645
-0.0103079
-0.00172694
0.0156188
-0.00195114
0.171519
0.000451801
0.012534
-0.000528999
-0.088109
0.0110425
-0.000973511
0.0118376
0.000524852
0.0254149
0.126051
0.00160117
-0.00182792
-0.000159187
-0.000735215
-0.000644733
-0.0682406
0.131968
0.0168855
-0.000343031
0.0114098
-0.000585342
0.231399
-0.0672751
0.252154
-0.0489254
-0.000574326
-0.000365217
-0.00902618
-0.00703279
-0.00080525
-2.35455e-05
0.0303203
0.034647
-0.000301562
-0.000426315
-0.0233942
-2.83345e-05
0.173952
-0.00117751
-0.0590675
-0.0226005
-0.00787566
-0.06199
-0.0684358
0.157992
-0.0222916
-0.0239438
-0.000402801
-0.0631703
-0.0244957
0.0118752
0.106693
0.34801
-0.00148589
-0.0661375
0.0153018
0.304789
0.0460104
-0.000151406
-0.00748156
-0.00508821
-0.00616568
-0.0535653
0.0988223
0.000231955
0.0219302
0.00378979
0.0848136
-0.000664417
-0.000154759
-0.0815318
0.279003
-0.0611543
0.154672
-0.00160104
-0.000257375
-3.07955e-06
-0.0925749
-0.0470805
-0.000434055
0.113613
0.0139103
-0.00664973
0.405541
-0.000500897
-0.00461821
-0.0659962
-0.0277296
-0.00287331
0.142053
-0.0662304
-0.000210511
0.0146555
-0.000221278
-0.000127308
0.147662
0.0011063
-0.000577477
-0.0572383
-0.0287408
-0.00438016
-0.0331956
0.00301574
-0.0268365
0.00207543
-0.00436955
-0.0720143
-0.0431721
0.0220568
-0.0011313
0.163386
0.212497
-0.0986886
0.0118669
0.0233692
-0.00533484
0.172924
0.116258
-0.032211
-0.000206148
0.0121082
-0.0610576
0.013825
-0.0325096
-0.0026526
0.050951
-0.0320588
-0.000173762
-9.21516e-05
-0.0399925
-0.0299956
-0.0301551
0.0119646
0.00813403
-0.0498206
-0.000194177
-0.00175908
-0.000263662
-0.0393349
-3.09667e-05
-0.0024351
-0.051045
-0.10736
0.118149
-0.00373224
0.00523577
-0.0250014
-0.0295628
-0.000162884
-0.0515296
0.111987
0.164029
2.88745e-05
-0.000140756
0.167024
-0.00316114
-0.096146
-0.0454811
0.00424213
0.00060708
-0.0740041
-0.025219
0.171016
-0.0622368
-0.00185064
-0.0114771
-0.0593079
-0.000735669
-0.000306092
-0.00113953
-0.0121535
-0.0570138
0.147916
-0.000267284
0.499175
-0.0168064
0.000150182
-0.00122539
0.000321126
0.000365836
-1.85953e-05
0.000178004
-0.0585933
-0.000913549
0.000550922
-0.000251756
0.147887
-0.0071005
-0.00024534
-5.51892e-05
0.351881
-0.0252328
-0.0374522
0.00141801
-0.000919885
0.0662672
-0.000123511
-0.0155562
-0.12505
0.00273231
-0.0080236
-0.000121716
-0.000262578
-0.0354249
-0.0694222
0.00902267
-0.114912
-0.0622484
-3.59133e-05
0.0258981
0.0386268
0.116493
-0.00215764
-0.000198158
-0.0629254
-0.00752768
-0.00063277
-0.055135
-0.000173597
0.0463941
-0.000110641
-0.00159913
0.00363344
-0.00264785
-0.0650585
0.455651
-0.00207069
0.000350015
-0.0614696
-0.061387
0.0114694
0.00591264
-0.000190763
-0.0359464
-0.000105743
0.201988
0.605902
0.0852198
0.00380587
0.00451562
-2.40252e-05
-0.0323227
-7.15666e-05
-0.00867728
-0.00213281
0.000470875
-0.00418612
-0.0116741
-0.000154673
0.00109401
-0.0100522
-0.000395695
-0.0122982
-0.019454
-0.00768738
-0.00145319
0.542404
-0.000874803
0.00305182
0.000311148
0.0171536
-0.0554788
0.0119476
-0.000223815
-0.000125491
0.0033343
-0.000137753
-3.56854e-05
-0.014068
0.000880043
-3.08052e-05
-0.0571001
-0.00284731
-0.062099
-0.00206068
-8.55588e-05
-0.00389674
-0.00934005
-0.0180158
-0.0273426
0.00290382
0.000661445
-0.00058704
-0.00244372
-9.88702e-05
0.279965
0.0019555
-2.5352e-05
0.00073428
-0.00253917
-0.000451016
-0.070411
-0.0605826
-0.000163485
-0.00855405
1.61993e-05
-0.00326951
-9.21595e-05
0.0417506
-0.000176514
-0.000233908
-0.00439908
-2.93528e-05
0.0167268
-0.000284171
-0.00157693
0.0230904
1.4742e-05
0.374699
-0.0599157
-0.0471466
-3.17636e-05
-2.67736e-05
0.00233631
-0.00147895
-0.0578247
-2.18198e-05
-3.26008e-06
0.00093089
-3.6825e-06
0.0004797
0.000567592
-0.000574994
0.000992951
-0.0587088
0.468606
-0.0390198
0.337189
0.0112519
-0.0200163
-2.37175e-05
-0.00110019
-0.0146727
0.000184288
0.000360354
0.00021639
0.0713361
-0.00169518
-0.000272981
0.48268
-0.000680404
0.000736458
0.000635187
-5.87944e-06
0.0405672
-0.00272041
0.00142682
0.000160697
-0.000670117
-8.56542e-05
-0.00117096
-0.0496745
-0.00051996
-0.00199563
-1.79578e-06
-0.000604061
-0.00032459
0.198223
-0.000551382
-0.000343288
-0.0769023
0.00470917
-0.00010548
-0.0016603
-7.7063e-05
0.181595
-0.0815292
-0.000372868
-0.000482927
-0.00234387
-0.000195453
0.0664177
0.123318
0.0373176
0.000640626
-8.62775e-06
-1.14022e-06
0.0645649
0.000321913
-0.0679701
-0.0281511
-0.0189683
-0.0171697
0.547202
0.00244375
0.202428
-0.0175314
-0.0337071
0.184546
-0.00044499
-0.0731957
-1.64037e-05
-0.0108539
-0.0549786
6.93655e-05
-0.0560916
-0.00118037
-0.00742473
-0.00673959
-0.0482177
-0.0480151
-0.00391285
-0.069436
-0.0494478
-0.000232492
-0.0146178
-6.33813e-05
-0.0428407
-3.53536e-05
-0.000231361
0.0218213
0.175652
-6.37644e-08
-0.0513758
0.00444362
9.60787e-05
-0.024741
6.67666e-06
-0.0163582
-0.000322241
-0.0436628
0.00016261
-0.000107726
-0.00251389
-5.73978e-05
0.171434
-0.0352286
0.084078
-3.64275e-05
0.000791271
-0.0375058
7.02564e-07
-0.0640474
-0.0740265
-0.0622514
0.503812
-0.00785093
-2.22688e-05
0.0314721
-0.0474085
-0.00311602
-2.91551e-05
-0.000105717
-0.053284
0.000163257
0.00109992
-6.37139e-07
0.000203633
-0.0325645
0.119984
-0.0706144
0.109121
-0.00648169
-1.37155e-06
0.00777624
-0.058377
-2.62407e-05
-1.76363e-05
0.000405778
8.13784e-05
0.000511368
0.230034
0.0420052
7.07627e-05
1.30231e-05
-0.0734244
0.212632
0.188468
-5.63238e-05
-0.041539
-0.0228621
-0.0125896
-0.0539378
-0.010315
-0.00355293
0.152984
-5.0391e-05
-0.030676
0.180483
-0.0552242
-2.06329e-05
-0.0683826
-0.00021654
0.289102
0.0339418
-1.60209e-05
-3.41965e-05
0.196976
3.88708e-06
-0.000225475
-0.0140941
1.56596e-05
0.256587
0.00416235
-0.00889715
-0.0709568
-0.00457697
-0.0865815
0.195667
-0.0133555
-0.0285993
0.00125028
-2.43791e-05
-0.00126266
-9.36789e-06
-1.99672e-05
0.0292117
0.193111
0.162078
-0.000544066
0.257814
-0.013752
8.78519e-06
-0.0514958
-2.12605e-05
-0.0323176
0.035064
-0.0172769
0.0055222
0.00230878
-0.0111485
0.000316326
-0.00204974
0.0237809
-0.00349274
-5.79212e-05
3.62833e-05
-7.57265e-05
0.0376387
6.9297e-05
-0.0262521
0.270675
-0.00723825
6.34185e-05
-0.00420835
-1.24892e-05
0.0837893
-0.000439643
-8.04665e-05
-0.000104316
-1.65925e-05
0.222639
-0.000187531
0.2467
-0.0691563
0.000143717
-0.0593389
-0.000596876
0.169081
0.495415
-0.00171561
2.74707e-06
1.94019e-05
-2.63744e-05
0.150291
6.15912e-07
0.00130105
-0.0283164
0.234166
7.59676e-06
1.81787e-05
3.25707e-06
3.03398e-05
-0.0240724
1.93703e-06
0.267947
-0.019007
-0.000150178
3.65472e-05
-0.00250334
-0.0330307
1.46266e-06
-6.9542e-05
0.178333
4.16156e-05
-0.0366837
-0.0596851
0.000168651
7.55369e-07
-0.142108
1.30515e-06
0.1763
1.74627e-05
-0.0005468
1.36187e-05
-0.000213618
0.103035
3.3125e-06
-0.00199812
9.50066e-06
0.0157
-0.00410493
-0.00769445
0.00102465
0.16602
-0.000330042
-9.79278e-05
-0.0105944
-0.0102273
-0.000296695
-6.3484e-05
-0.00109025
4.98148e-05
0.182326
-0.0122789
0.487189
-1.25641e-06
-0.00913132
-0.000190819
0.145744
7.09462e-05
-0.030649
2.83597e-05
-0.00192106
-0.0383183
-0.000281678
-0.0184837
-0.0560396
0.00623213
-1.0671e-05
-0.0642132
-0.000407461
-0.000360758
-0.0066471
-0.0163993
0.00157788
-5.86709e-05
-0.000531711
-0.00111289
-0.00155025
1.57397e-05
-0.00146795
0.478721
0.000122367
-0.00394223
-0.0398566
-0.0806138
-0.0707164
-0.0540187
-0.0253169
-0.000641646
-0.0185633
9.60218e-05
-9.91458e-05
0.479601
-0.000114564
0.188666
-0.000549851
0.000498472
-0.00137632
-0.0740671
-0.000509698
0.000782802
-1.89143e-05
-0.000478499
-1.76571e-05
-9.68608e-05
-0.0174623
-0.000133089
-3.12189e-05
-0.000101023
0.000184092
-1.26157e-05
-0.0485189
0.237039
-1.25234e-05
-0.000734755
4.01417e-05
3.78749e-05
-0.00101495
1.06505e-05
-0.00109961
0.000354659
-0.000446465
-0.0714105
-0.000842581
-0.00221433
5.38747e-06
-0.001896
0.000420801
-1.88677e-05
-1.24105e-05
1.58065e-05
-0.000967594
0.000672667
-0.050322
-0.0314511
-0.0718868
0.000715282
-0.00224223
-0.0201928
-0.0723865
-0.000114647
0.0188704
0.0083834
-0.00127497
-0.0139019
-0.0622069
0.434509
-0.000510128
-1.88841e-05
0.00108819
6.13112e-05
2.12002e-05
0.0838778
0.00446728
0.0963279
-0.0419537
0.423302
-0.000638067
2.24872e-06
0.000191226
-2.25232e-05
-0.00165938
0.165334
0.231253
-6.94366e-06
-0.000207931
-2.10689e-05
0.219507
0.0217158
-0.00677234
1.37683e-05
2.32243e-05
0.00880059
-0.000847618
-0.0800495
-0.0194682
2.9986e-05
0.00427306
-0.0358394
-7.33285e-05
0.00220706
-8.07314e-05
-0.05158
-0.00210271
0.157451
1.97154e-05
0.00205219
-0.000102287
1.78234e-05
0.000217289
-0.0265177
1.73991e-05
-0.0011104
2.7588e-05
-0.0228242
-0.0508868
-0.0036814
-0.00837456
-0.0101119
0.0109972
-0.0102471
-0.00296223
8.41435e-05
0.000133034
2.48183e-05
2.15006e-05
-6.87125e-05
0.0109833
-0.0653049
0.000614236
-0.050251
-0.00369506
-0.0573928
0.000109201
-3.08854e-06
0.00160389
-0.0636786
2.16908e-05
-0.049906
-0.0171681
0.0170398
-0.0504828
3.2459e-05
-0.00413036
0.00024394
-0.130912
0.143908
1.39858e-05
-0.0668945
-0.0256333
-0.00506299
4.71145e-05
-1.08847e-05
0.0320396
-0.0191606
2.94731e-05
-0.00800887
-4.55305e-06
0.000270849
0.133653
-1.05474e-05
4.45442e-06
-0.000102819
4.26505e-05
0.00110546
0.000109829
-0.00623267
0.000293341
-0.0146057
0.00135591
-0.000250866
-0.036771
-0.0483239
-0.00738932
-1.88728e-05
2.58905e-05
-0.0687389
0.00698635
-0.0533013
3.57075e-05
-0.00609598
-4.4978e-05
2.9667e-05
0.0818869
-0.00823179
-0.00332365
-1.37148e-06
-0.0203387
6.14095e-05
-0.0745602
3.28291e-05
-0.0838273
2.43224e-05
-7.55347e-06
0.000106033
0.00125705
-0.0867457
-0.0207572
-0.0776452
1.93443e-05
0.000119376
-0.0858068
-0.0286572
-0.00984999
-6.24437e-06
-0.0315139
-0.0567662
-0.0851612
4.06122e-06
-9.74516e-06
7.36393e-06
-0.0862145
-0.0753456
0.000889418
-0.0128279
-6.7299e-05
0.227919
0.000118262
1.77048e-05
0.000189171
-8.78528e-06
-1.068e-05
-0.00429366
0.000143238
-0.00305499
-0.0725663
-0.0151152
-0.0638747
5.02792e-05
-6.24555e-05
0.0599991
-0.0575839
-0.00559883
0.121542
8.238e-06
-1.65616e-05
-1.52209e-05
0.122523
0.000217329
1.16071e-06
-5.83529e-06
-0.0682927
-0.0178222
7.77408e-06
9.93812e-05
-0.0107355
-0.00753901
0.000529547
0.233465
-0.0667508
0.000204752
0.613083
-1.99448e-05
-0.000829061
-0.00989245
-0.0839105
7.47435e-06
-1.80185e-06
2.57735e-05
0.00583145
-0.0371855
-0.000407103
-0.0552095
-0.0090175
3.41526e-05
-5.86143e-06
-0.0117707
-0.00376051
-0.0113543
-0.0710138
-0.0506385
-0.0437155
0.006094
-0.030872
-7.62891e-05
0.000440055
0.0107059
0.000658895
-9.42837e-05
0.000939971
4.01817e-05
-0.000108987
-0.0139989
-1.49151e-05
-3.38083e-05
0.0432464
-0.0212352
-0.00019451
-4.62771e-05
-7.02949e-06
0.253431
-0.00772573
0.000965148
-0.031894
0.00028479
0.000248105
0.000214958
-5.87485e-05
0.000598013
-0.0427368
0.0200549
-1.13697e-05
-0.000197081
-0.0470715
-0.0360539
0.0551786
-0.000592069
0.00223297
0.021207
2.09879e-06
7.63016e-05
-0.0540897
2.67197e-05
0.173064
1.2261e-05
0.00508076
0.000208629
0.000278615
-0.0775887
-0.00852253
-0.0204781
-0.00285024
3.19591e-05
0.00786895
0.0686294
-0.0141738
-0.00016155
0.102905
0.169204
3.70549e-06
-0.0581729
-7.98917e-05
-1.25731e-05
-5.42403e-05
-0.000682843
0.023403
-4.89537e-06
0.000307954
-0.0282302
-0.0292598
-0.0251688
0.313076
2.33606e-05
-8.31838e-05
0.177902
-0.00608865
-0.0044675
-0.000786723
0.175333
5.63183e-05
-0.000377084
5.91917e-05
3.51791e-05
3.83169e-05
4.4073e-05
9.15067e-05
-0.0202849
1.04481e-05
-0.00391488
-0.0498296
0.246403
-0.000169831
-6.0091e-05
0.00569302
0.0928667
-0.0532209
-0.000904712
-0.0781748
0.311791
5.30368e-05
0.400141
-5.729e-06
0.00405267
0.0286587
0.000539967
0.431346
-1.50787e-05
-7.68533e-06
0.001413
3.77719e-05
-0.00103694
0.000326274
1.40784e-05
-0.00233018
1.49365e-05
-0.000174344
-0.00390199
0.248457
0.0592413
0.025993
-0.0490091
-6.46811e-06
-2.15641e-05
0.00413253
-0.0633274
-1.20051e-05
-0.0523004
-6.46521e-05
0.112187
0.0691024
-0.0376097
-0.00161116
-0.0139021
-0.00117864
-0.0170639
0.00470538
-0.00858915
0.0720456
2.27633e-06
0.249043
0.0417945
-0.000707963
0.218485
-0.0154058
-1.52867e-05
3.00083e-05
8.24811e-05
-0.000252517
-0.000145865
0.25131
-0.00117316
0.257504
-0.00128633
0.173437
0.229354
0.126908
-0.0081991
-6.40708e-06
8.10525e-05
-0.0122906
-0.136925
-0.0553027
0.00181601
2.70174e-05
-0.0430358
-0.000381343
1.01601e-05
0.0012357
-0.00127731
-0.000778631
0.0384062
9.35186e-05
-0.0542309
0.0663837
7.16808e-05
0.000333195
-0.016563
-0.0665678
-0.000877236
-0.000624338
1.73966e-05
0.000310763
0.0963609
-0.0196807
-0.0547444
0.0015955
0.10894
-0.0442599
4.57479e-05
2.84445e-05
0.0266543
-0.000107324
0.0935679
0.00182689
-0.015674
-0.000460311
0.00197621
-0.0413964
-4.07486e-05
0.000606427
0.00196366
-0.0833258
0.163066
-0.0698458
-0.0309624
-0.000199336
-5.53707e-05
0.00807286
5.7713e-05
-0.0833749
-0.0748939
0.000695371
0.00413891
0.00456944
-0.112736
0.000787264
0.000237268
4.88258e-05
-0.0472832
3.50199e-05
0.00068966
0.130807
0.187774
-0.126471
0.0557958
0.0550516
0.0253376
-0.000192201
0.0141062
0.000153632
9.94293e-06
-8.80383e-05
-9.17377e-07
3.35002e-05
-0.000428644
-0.00892923
-0.0624342
-0.0113616
-0.0335386
0.0602485
0.0503611
0.00492795
-0.0728331
0.000201399
0.00565301
0.0135976
-0.00046596
0.0854898
-0.00147814
-0.0127687
0.0144565
0.00662581
0.00125487
-0.00475646
0.0505372
0.0010061
-0.0227641
-0.0190891
0.506358
-0.0286966
0.0914084
0.0292816
-0.0433738
0.00266074
0.000127976
-0.00304835
7.18924e-05
-0.00312761
-0.0292811
-8.34446e-05
-5.4996e-05
0.280273
-0.0039188
-0.0477388
-0.0217776
0.000251287
-0.00169933
-2.78114e-05
9.1261e-06
0.0452982
5.00176e-05
-0.00348992
0.0863823
0.00759092
0.00136854
0.022008
-0.00677036
0.00503356
-0.123739
0.00105772
-0.00524165
-0.0640263
-0.00103091
-0.00946928
0.000918883
0.00115991
0.00120696
0.0439869
-0.000382206
0.00682746
-0.0614587
-0.0239925
0.000381999
-0.0608508
-0.0173864
-0.0199032
0.000129977
0.00795559
-0.0798833
-0.00100805
-0.00572716
-0.0562003
0.000218696
-0.00139605
0.229517
-0.0250228
-5.03092e-05
0.00989116
-0.0581943
-0.00125717
0.203314
-0.00260715
0.0012354
0.0668701
-0.0017044
0.0100414
0.137084
7.85103e-05
0.00142614
0.000221207
4.6872e-05
-0.00532859
-0.00848465
-0.000159215
-0.0279243
0.108832
-0.0425316
-0.0832176
0.00141476
-0.00387959
-0.00073663
-0.0523026
3.56909e-05
0.0203136
5.61086e-05
-0.0184913
-0.00232307
-0.00587893
-0.027493
0.128986
-0.0913361
-6.35392e-05
0.206071
-0.00232951
-0.00301938
-0.067071
-0.0951466
-0.0181621
-3.61701e-05
-0.0013491
0.00870371
-0.00367162
-0.00557861
0.000531937
0.0966424
-0.0501871
-0.0129782
-0.00786433
0.0283
-0.00291715
-0.0012324
0.00206806
-3.74369e-05
-0.00366725
0.126208
0.000965781
-0.137864
-6.69788e-05
-0.0086281
-0.0043061
-0.104497
-0.0134247
-0.123405
-7.6963e-05
-7.43387e-05
-0.00481866
0.0127899
0.00221413
-0.144378
0.0979142
-0.0555183
0.000232741
-0.161678
1.20632e-05
-0.170626
-0.0294246
-0.186409
-0.185684
-0.177187
-0.13868
-0.0577164
-0.0257318
0.00432942
0.0343996
0.0649198
0.152972
0.181984
0.208802
0.255806
-0.00945723
-0.00864463
0.0721315
-0.0207853
0.00109277
0.0191752
-0.0464498
0.000632958
-0.000807135
-3.64198e-06
-0.0165828
0.0211666
5.47432e-05
-0.000382152
-0.0122662
-0.00675024
-0.188697
-0.015337
-0.0641224
-4.03305e-06
0.00069687
-6.3032e-05
-0.062357
-0.0102755
-0.0420525
-0.0121543
0.00208658
0.000273212
0.00567951
-3.9997e-05
-0.011971
-1.6492e-05
0.000456442
-0.00705785
-0.0134221
-0.000332661
0.000402515
0.0554516
-0.0120802
0.0738591
-0.179838
-0.0094489
0.124631
-0.0217193
0.00446592
-0.024829
-0.00385649
-0.0145916
-0.0147851
0.341974
-0.00156025
8.68469e-05
-0.00682188
-0.0104374
3.40098e-06
0.0893145
-0.00479666
0.320875
-0.0916344
-0.050195
-0.0307966
0.0537301
-0.00579402
-5.92174e-05
-9.27993e-06
-0.0049165
-0.0671534
7.23955e-05
0.343468
-0.00326028
-0.00582573
-0.000104853
-0.000453556
-0.00748788
0.0945957
-0.0721079
0.129874
0.000779901
-0.0164835
-7.61002e-06
0.0316276
-0.00932158
0.0230205
-0.0212871
-0.00636857
-0.000984383
0.00151308
0.0141759
-1.47649e-05
-0.0114384
0.000623356
-0.0004686
0.000575141
-0.0321998
0.000265531
0.154459
-0.0122576
0.00456303
-0.0871595
0.0244284
-0.0836181
-0.0137658
0.0441271
-0.020958
0.186852
-0.0154171
-0.00401609
-0.0573361
-0.000890415
-5.75806e-05
0.000538263
0.000111951
-0.00274942
0.00527543
0.000108025
-0.016242
0.0257804
-0.00363687
5.15256e-05
-0.00389005
-0.0482681
0.16006
-0.0397438
-0.0561093
0.00959362
0.0890372
-0.00146938
0.0393486
-0.0135792
0.00634164
0.0420677
-0.0696154
0.118453
-6.3283e-05
-0.0340248
0.00139719
-0.00182908
-1.222e-05
-0.00703094
0.11591
0.00102363
0.244326
-0.0239008
-0.00112029
-0.0182514
0.000117698
-0.00224503
0.0724397
-0.134097
0.239642
0.038746
0.0286828
0.180042
-0.0489571
-0.00504814
-0.069058
0.000688592
-0.0385179
0.165063
-0.00340109
0.288818
-0.00178537
0.100621
0.00012374
0.1096
0.13847
-0.00150209
-0.0227464
-0.000440043
-6.81202e-06
0.00628885
0.00238741
-0.0446289
-0.0405776
-0.00660894
-0.0454641
0.171863
0.0579946
-0.0638439
-0.0189794
-6.75874e-06
0.00503095
0.219064
0.00547475
0.174011
-0.0698333
0.00634883
0.000104471
0.000460946
-0.025045
-0.00132474
-0.00310824
-0.0477657
-0.000732293
0.00403684
-0.0477998
-0.0472827
0.211431
-3.64355e-06
-0.021892
0.000224545
-0.029268
-0.000417518
-0.0678281
0.133838
-0.0475038
-0.0284264
-0.00200176
-0.0173302
-0.000853679
-0.00610361
0.0913466
-0.034253
-2.24273e-05
-0.0087872
-0.00522631
-0.000429655
-0.00322428
0.0141153
-0.0123132
-0.0387436
-4.6769e-05
0.160932
-0.0326582
0.00810513
-0.000436874
-0.00939216
-0.000433325
-0.0229872
0.000351913
-0.0275979
-0.00012437
-0.0425593
0.00326061
-0.000184006
-0.0133246
0.00036872
-0.0108396
0.00141854
0.176922
0.00145713
-0.0107394
-0.010262
0.00457527
0.134193
-0.0168572
-0.0744232
-0.0186989
0.000399476
0.130719
0.054873
0.00153641
0.000142438
0.0601495
-0.0523816
0.00302982
-0.0311158
-0.000465791
0.000446283
0.018059
-0.0304488
-0.015286
-0.0128607
0.304311
0.0314796
-0.0585477
0.0382499
-0.000510157
3.06605e-05
0.00148374
0.00309019
0.142729
-0.00449823
0.0224567
0.000124546
0.467916
0.431568
-0.00175202
0.206216
0.584894
-0.0349047
2.15479e-05
0.112574
0.143805
-0.00434066
-0.0273447
0.000210596
7.25553e-06
0.152212
0.017361
-3.18529e-06
-0.06425
0.000111873
0.0524109
0.0528942
-0.0386383
-0.0384663
-0.0250752
-0.000363389
0.00137266
-0.0146927
0.0906193
-0.0503734
0.18426
-0.0112078
0.0498711
-0.00288498
-0.000275236
0.00031841
-0.00337508
0.142563
-0.00618627
0.143424
-0.000361418
-0.0974058
-0.0472257
0.142999
-0.00783373
0.000454017
-0.0424027
0.000480817
0.0149205
0.122612
-0.00992511
0.158647
-0.0120525
-0.00458723
-0.111543
0.0308364
-0.0692462
-0.0195531
-0.00109175
-0.0322769
0.00173618
-0.0109548
0.00188034
-0.037199
-0.0144895
0.0499755
-0.00478539
-0.0771473
-0.0464357
0.0348057
0.0332998
0.124014
0.00501717
1.34496e-05
-0.00747391
0.200491
-0.00011463
-0.00691683
6.10055e-05
-0.000293525
-0.0432653
-0.00122195
0.00394609
-0.00129283
-0.00196301
0.000411165
-0.0419179
-0.0029569
-0.0178816
-0.0104984
-0.00377105
0.331393
0.0592282
-0.0391915
-0.0160057
0.00186931
0.000144714
0.0155188
-0.00123874
0.0100403
0.349686
0.122895
0.106606
-0.000324047
-0.0185414
-0.00170197
0.0307212
0.0922018
0.119822
0.156973
0.166616
-0.0170682
-0.00105426
-0.0025987
0.041464
-0.00502604
0.174516
-2.08937e-06
-0.00191096
-1.54143e-06
-0.00746315
-0.0419946
-0.00264254
-0.0167571
-0.033761
-0.0635163
0.164785
0.145858
0.0196743
0.14709
0.0804526
0.0742096
-1.13532e-06
-0.00973624
-0.0127372
-0.159683
-0.0072899
-0.045972
0.0671057
-0.142286
-0.00148977
-0.0674495
0.109266
0.13258
0.0632198
0.0684723
-0.04111
-0.019928
0.0274688
-0.00597283
0.364801
0.000102745
-0.081705
0.0708797
0.0207515
-0.00093964
-0.0493213
0.459416
-0.02298
0.0659416
-0.000962714
-0.0834936
0.000365442
0.232425
-0.0530552
-0.0262196
0.0586075
0.0219878
0.0658163
0.407125
0.272094
0.00311584
0.000614332
-0.00318222
0.000206769
-0.0332189
-0.00654258
0.0606578
5.26657e-06
-0.00229741
0.0886587
0.364522
-0.0291931
4.59533e-07
0.465196
-0.0831191
-0.0980172
-0.00454909
0.0903866
-0.0845136
0.0553091
0.148454
2.48893e-06
0.133535
-0.0326116
0.000247384
0.0407377
0.0385702
0.0603957
0.357628
0.41411
0.00618627
0.0619346
0.000729574
-0.0403116
-0.0364204
-0.000139777
0.147745
-0.0937973
-0.0737538
-0.0959491
-0.00101754
4.33289e-05
0.00607211
0.0194974
0.289802
-0.040211
-0.00314374
0.000184116
-0.0041641
0.000102643
-0.0228992
-0.043979
-0.00989371
-0.0344365
-0.0681885
-0.0481372
-2.89043e-06
-0.0483282
-0.00325275
-0.0987218
0.0548868
-4.79245e-05
1.73092e-08
0.663463
0.367657
0.434897
0.253186
0.0194931
7.70485e-05
0.0260608
-0.0366143
0.000203182
0.314278
-0.0011202
-0.000793582
0.0811489
0.0951883
0.0423515
-0.145016
-0.0618661
0.218185
-0.155304
0.0468785
0.00795623
-0.171422
-0.169826
-0.0363826
-0.0105784
0.020921
0.0499648
0.164186
0.19597
0.0715801
-0.0512024
0.54141
-0.00615764
0.0226565
-0.0592402
0.0070497
0.114438
-0.0170025
-0.0105849
-0.0805366
-0.171209
0.0457986
0.000170239
-0.0533767
0.394383
0.00507002
0.341554
0.265936
0.508208
0.0542434
-0.160509
0.40474
0.0287984
0.140199
-0.00116259
-0.00557302
0.000429551
-0.0518735
0.0999432
-0.0642355
-0.0606494
-0.0103095
-0.0571811
0.0258593
-0.00114666
0.100718
-0.0472316
0.00153447
-0.000887617
-0.173131
0.00564255
-0.0166039
-0.0266252
0.509488
1.31859e-05
-0.0690727
0.00272877
-0.0140042
0.00713402
0.0331983
0.00145842
-0.0731959
-8.92395e-05
-0.0052218
0.0942946
-0.00858969
-0.035766
-0.00794095
5.49162e-05
0.0208835
0.0805946
-0.0507717
-0.0298341
0.0370063
-0.00368498
-0.0023143
0.150745
5.94507e-07
0.0482954
0.0345429
-0.0746881
-4.122e-06
-0.00183961
-3.11225e-05
-0.0449818
0.161828
-2.28669e-05
-0.00931942
0.000123457
-0.00333075
-0.025944
0.000255743
-0.0441572
-0.0663923
0.681194
-5.89038e-05
0.0773043
0.001782
-0.000849455
0.000892899
0.108987
-0.026307
-0.0532008
-0.0522041
0.254029
-0.0291989
0.114252
6.11844e-06
0.262345
0.0293939
1.07541e-05
-0.0936849
0.0943308
-0.000473115
-5.52329e-05
-0.0474688
-0.043147
0.671857
5.79056e-05
-0.0414495
-0.0486714
-3.54336e-05
0.0216536
0.000608519
-0.0281677
0.198626
-0.0387532
0.0346172
0.00742336
-0.000224439
0.300247
0.383392
0.00194421
-0.0119394
-0.05498
0.265516
-0.0208864
-0.000221526
0.0771168
-0.107161
-0.0764086
-0.0013747
-0.00448107
0.0523684
0.0267111
-0.054413
-0.0619208
-0.0777375
-0.0387658
0.0537745
4.23414e-05
-0.0235799
0.651566
-0.00136227
-0.002382
-0.00476829
0.500859
0.120839
1.34379e-06
3.31465e-06
0.175325
0.174478
-0.0311144
-0.0693999
-0.0592302
-5.48686e-05
0.0277205
0.0157004
0.141005
-0.0043592
0.217775
-0.0224603
0.0366991
0.387037
0.000286651
-0.0130751
-0.156983
-0.133649
-0.022275
-0.000140246
0.325512
0.0721867
0.0340832
-0.0332142
-0.0772168
8.5455e-05
0.187049
0.000721085
0.000152559
-0.0467407
0.0808677
0.00175141
-0.0115527
-0.0502663
0.133596
-0.00308614
-0.0456262
0.000907457
-0.0351771
0.00046025
-0.0164031
0.000399342
0.0310291
-0.0327334
0.180699
-0.00999017
-9.41672e-05
0.000287418
0.574748
-6.98122e-05
-0.0440176
-0.0537449
0.290068
0.051609
0.00013569
-0.0158047
-0.022393
-0.0583396
0.0764403
-0.0547042
0.113862
-0.0153222
0.0479178
-0.0222345
-0.00922365
0.295242
0.00275352
-0.0140366
0.164646
0.141433
0.46038
-0.048688
-0.0338676
-0.000992119
-0.0390957
-0.0813519
0.104599
-0.00165574
0.0365831
0.000176811
0.0199769
-0.00313293
0.0114636
-0.0296945
-0.0258908
-0.00179518
-0.0257663
0.000148918
0.0426261
-0.0450101
-0.00154219
7.84272e-05
-0.0128323
0.598567
-0.0819651
-0.019662
-0.00383188
-0.000301592
0.35098
0.0412733
1.63486e-05
0.00338298
-0.0911291
-6.40313e-06
-0.00116911
-0.042285
-0.01121
-0.00585216
0.130042
0.304327
0.287933
-0.0444812
0.000451708
-0.0516236
0.000130995
0.187279
0.500486
0.000133369
-0.00108059
0.0149132
0.52357
3.28451e-06
0.285657
0.547557
-0.0487306
-0.0120259
-0.00349323
0.288797
-0.00703153
-0.0823342
0.483017
-0.00579819
0.309859
-0.0244198
-0.0114174
0.477813
0.111397
0.296577
0.267306
0.00276739
-1.80543e-05
0.192816
0.0811766
-0.0164292
-0.0906365
0.000356639
-0.0758998
-0.0166182
0.289331
0.000228959
-0.00650783
-0.0941257
-0.0617811
-0.0297459
-0.0670622
-0.0778976
0.303141
0.0643531
0.0280075
0.458022
0.00103574
-4.8562e-05
0.064857
0.0497943
0.0702279
-0.000270865
0.00789171
-3.42387e-06
-0.0730361
0.0212006
-4.04492e-05
-0.00131755
0.00081771
9.34421e-05
0.0918917
-0.00936548
0.000371785
-0.0108753
-0.0807603
-0.0102576
-0.00341363
0.300129
-0.0230027
-0.0178237
0.00156934
-0.0159245
7.80875e-05
-0.0443238
0.134414
-0.00912075
0.149333
0.0097134
0.103237
0.169774
0.218742
-0.0261253
0.382428
-0.0158819
0.313085
-0.12767
-1.17999e-05
-0.0142804
-0.0216683
0.0309457
0.154289
-0.0611005
0.000323103
0.671891
0.00884269
0.13598
-0.0411107
0.0691157
0.0873364
0.00092423
-0.0341158
-0.0781051
0.00266943
-0.000829423
-0.0116519
-0.0431661
-0.00545647
-0.00813222
-0.0799368
0.184365
-0.00586748
-0.0371462
-1.45945e-05
0.558445
0.63057
0.00721319
0.000102175
-0.031603
-0.000382067
-0.0386564
0.000129518
0.0494175
-0.0327284
0.000212278
-0.000730138
-0.0593376
-0.000948467
-0.0218295
-0.0344257
0.334277
-0.0760509
0.331888
-0.00077514
-0.0118616
-0.0161483
0.0633275
0.0550308
-0.0632831
0.00242627
-0.0159804
0.268092
-0.0409237
0.00038481
6.0627e-05
-0.00323174
4.88043e-06
-0.0181025
-0.00243908
0.0143267
-0.0071196
0.132836
5.68857e-05
0.00166278
0.218402
0.243497
-0.027925
-0.00226493
0.191224
0.000312458
0.000328973
0.0467132
-0.0012707
0.496184
-0.0403772
0.299035
-0.119396
-4.49785e-05
-0.00949507
0.415213
0.296048
0.0193963
0.00404834
-0.000315368
0.134552
0.0622936
0.0163274
-0.00143088
-0.0315947
-0.0547892
3.91871e-07
-0.0280049
-0.0528515
-0.0420593
-0.00562579
0.513662
-0.00543182
-0.0279701
-0.0438501
0.00065222
2.616e-05
0.00178713
-0.00650859
0.352725
0.0084553
8.91319e-05
0.000941898
-0.0789613
0.439359
0.000239569
0.000779427
0.0393347
-0.041992
0.405604
-0.0336838
0.331292
0.305437
0.000226977
0.280403
0.312946
-0.0319003
0.0458299
-0.00025315
0.325418
0.000652545
-0.0001267
-0.00454564
0.219092
-0.00897243
0.206655
0.0023832
0.51794
0.0027998
1.30564e-07
0.705376
0.0450666
0.562838
0.140928
-0.158891
0.0228048
-0.0658079
0.394867
0.000284121
-0.000141782
0.0590093
-0.000897907
0.504435
-0.12596
-0.136112
0.0024789
0.0848468
0.124583
-0.0754828
0.0156232
-0.029381
-0.0058022
0.0318194
0.00048536
0.0031796
-0.0358697
-0.0322238
-0.0538827
0.0607457
-0.00740703
0.101057
0.0741672
0.553609
-0.0631503
0.0381204
0.000509555
-0.0840855
0.326688
-0.0140168
0.120314
0.248127
-0.0359347
0.0187212
-0.0757183
-7.81878e-05
-0.004733
-0.00290744
0.00956912
-0.00577514
-0.128374
0.000135
0.157009
0.105906
0.208849
0.119937
0.239313
0.0140254
0.070979
0.0231098
0.0288536
-0.021428
-0.122066
0.083001
0.325656
0.0477874
-0.00619233
-0.0982799
0.113457
-0.0106213
-0.121806
0.209037
-0.0192461
-0.0420514
0.144708
0.0413198
0.489096
-4.04323e-05
2.10272e-05
-0.0667097
0.348071
0.370427
0.280752
0.378608
0.0677539
-0.00728277
-0.0132761
0.0762723
-0.0221481
-0.0027537
0.0294608
0.510761
0.00730228
0.339512
0.13257
0.0189069
0.000146247
-0.0386175
0.382795
-0.00282002
-0.00894854
0.142383
-0.100106
0.000325638
-0.00783482
-0.0647414
0.620665
-0.0618623
0.180405
0.0858686
-0.0108087
0.0906836
0.300988
0.380764
0.143819
-0.0722365
0.129841
0.117619
0.664959
0.000855882
-0.0049753
0.373607
-0.0708017
0.270979
0.407464
0.00385436
-0.0378236
0.149784
7.98253e-05
0.443096
-0.0147047
0.353526
0.0131339
0.000892023
-0.0126661
-0.00136818
0.654034
9.63119e-05
-0.111065
0.321234
-0.000504082
0.0249575
-0.026575
-0.0266597
0.163227
-0.0223176
0.000973286
0.152033
-0.0247409
0.000841286
8.3505e-05
0.114378
-0.00300524
0.237332
-0.0772364
-0.0125828
0.0835884
-0.00164223
-0.0545755
0.0737495
-0.075063
0.252009
-0.0237826
-0.00564472
0.189981
0.000220901
0.00212062
0.124039
-0.014698
0.00751092
0.153354
0.446597
0.100303
0.0190715
0.268462
0.39411
-0.0144407
-1.24283e-05
0.243049
-0.0946054
0.0161763
-0.00101517
-0.0641001
-0.000348612
-0.000833814
0.0618472
-0.00500489
-0.0098382
-0.0320601
-3.12003e-06
0.223958
-0.000778587
0.0351798
-0.133061
8.14346e-05
-0.0774679
-0.0265876
-0.0727432
0.000655085
0.0283604
0.362952
0.45222
0.60344
2.57939e-07
-0.0314288
9.76641e-05
4.86503e-05
1.44215e-05
0.000861115
-0.00142697
-0.00459335
0.276362
0.0251313
-0.00343297
0.0663023
0.0263645
0.00915932
-0.0656457
-0.0517134
0.129694
0.292607
-6.78201e-06
0.0155701
-0.0784033
-1.59563e-06
-0.0450809
0.0629654
0.239032
1.06892e-06
0.459442
-0.0342261
0.117602
0.125236
0.00189719
0.179217
0.00294041
-0.077068
0.56111
0.00018588
-0.00635308
0.17324
-0.000348163
-0.0281369
5.67799e-05
-0.000795486
0.00293682
-0.0149654
-0.00323452
0.000294536
5.03006e-05
-0.0138275
-0.0679721
-0.0619604
0.162087
0.0744675
-0.00969554
0.512321
0.0205675
0.485384
-0.0204178
0.535782
0.475201
0.491361
0.0147558
-0.0114725
0.0120488
-0.00503527
0.000278316
0.240317
-0.0419817
0.00112966
0.236586
0.568199
0.174146
0.109426
-0.0505068
-0.0200618
-0.00474928
-0.0103701
-0.0429811
-0.00982436
0.469534
-0.000477067
0.639684
0.289301
-0.000846678
0.209936
-0.042714
-0.083238
0.179928
0.0710532
-0.00477113
0.173021
-0.0176208
0.313031
0.105133
0.0019432
4.81389e-05
0.017831
-0.0701952
2.93262e-06
0.00299259
-0.15369
-0.000793006
-0.0350276
1.05771e-06
2.49724e-07
-0.084659
-3.65746e-06
-0.00658717
0.000618654
-0.0293011
0.0885587
-0.0564584
0.0104428
0.00656693
-0.0472376
-0.145847
0.140403
0.0208166
0.0181682
0.351681
0.309394
-8.46527e-05
0.228284
-0.0643896
0.521807
0.250694
0.00309749
0.311433
0.527986
6.96741e-06
0.230206
0.0191611
0.0362243
-0.0461801
-2.66808e-05
0.0139969
-0.0619935
-0.0049553
-0.000305176
8.90623e-05
0.017932
0.00120149
-0.0641047
0.079817
-9.562e-06
-0.111362
0.0522996
-0.00859762
0.00167675
-0.00673122
-0.000999184
-4.45211e-05
0.500565
0.450284
0.0738747
-0.0552151
-0.00837527
-0.00218297
-0.000376038
0.000135886
-0.00349648
0.0129546
-0.0519034
-0.0442292
-0.115587
0.35816
-0.048502
0.636671
0.000594968
-0.0385
0.395564
0.000463514
-0.0725849
0.000106546
-0.00116884
3.4022e-06
0.000140875
0.176189
0.000200607
0.00167779
0.179999
0.0173865
-0.00973728
-0.0152147
-0.0102655
-4.89806e-05
0.5838
-0.0593073
0.268355
0.144466
-0.00474433
0.334207
4.34109e-06
0.0691131
2.40814e-05
0.00357731
0.0120608
0.507214
-0.00115922
0.295528
0.0527236
-0.000476212
0.000106612
-0.0347727
0.356592
5.1683e-06
0.0141414
-0.000855561
-0.0773311
-0.0450874
-0.156012
-0.0166249
-0.0288367
0.0251445
0.00350672
-0.126165
-0.145683
-0.0066409
-2.46308e-05
-4.54082e-05
0.000416436
-0.000959094
4.8378e-05
0.0751876
0.00195587
0.00153923
0.32823
-0.00120275
-0.0486486
0.229118
2.12503e-05
0.00197066
-0.105827
0.590744
-0.00926962
0.238818
-0.0595031
0.305158
-0.0239619
0.444854
-0.0617717
-0.0713918
-0.0152933
0.489344
-0.0194354
-9.47352e-06
0.000503552
0.176454
0.062739
0.150314
0.604631
-0.0507522
-0.0822987
0.371824
0.00121564
0.0576018
0.0020007
-0.00478774
0.00185475
-0.00196323
-0.000265697
-0.0706827
0.169797
0.147765
-0.0125948
-5.0746e-05
-4.45037e-05
6.43068e-06
-0.0069432
0.000189892
-0.0617448
0.372148
-0.0485621
0.661407
-0.145986
-0.00219265
0.634186
-0.0241883
-0.00833664
0.000458585
-0.00126581
-0.00953336
0.631835
0.608184
-0.0313921
-0.0155314
0.000257143
0.334126
0.19673
5.96578e-05
0.121775
-0.0184416
-0.0196192
-0.00616406
0.482606
0.461252
0.144552
-0.00906174
0.00127802
-0.0193558
0.0324384
-0.000956395
0.324736
-0.0013452
-0.00352143
-0.00586642
-0.0739755
0.0795386
-0.0620456
-0.0101708
0.553827
0.178053
0.14953
-0.0740419
0.00132005
-0.00839227
-4.31317e-05
0.384931
-0.0035474
-0.00458769
-0.0590653
0.0584906
0.000133622
0.258232
0.0295369
-0.0623996
0.0319643
0.181602
-0.0449973
-0.00850339
0.0289607
0.621699
0.128831
0.442809
-0.000953732
0.120207
0.0175561
-0.00326624
0.318302
0.00192824
0.0190692
-0.0306019
0.143619
-0.0442454
-0.0369068
-0.0606224
-0.0922731
-0.000941428
-0.02875
0.491643
0.0463259
-0.0383562
-0.0104166
-0.0171049
-0.120894
0.614212
-0.0106756
-0.00878529
-0.167892
-0.00613885
-0.0153631
0.0275376
-0.000233526
0.670521
0.470174
0.0207223
0.433923
0.454637
-0.00907059
0.0172839
0.0331153
0.0885758
-0.00089289
0.04131
-0.000287412
-0.0322334
-0.0756096
-0.0432547
-0.00345669
-0.12506
0.320098
0.0566558
0.41951
0.434266
0.4738
0.000149045
-0.00880413
0.485818
-0.0185568
0.580563
0.36079
0.00315304
0.530686
-2.43631e-07
-0.00298509
0.044007
0.0645026
0.397868
0.00333243
0.00157323
0.00301432
0.348471
-0.0246499
0.0166726
0.468822
-0.043166
0.480803
-0.0138756
-0.0598694
0.363613
0.472968
0.235144
0.248721
-0.00683005
-0.00840051
-0.129386
0.000260973
0.483104
0.24557
0.309308
0.257128
0.544218
0.0177217
-0.132916
0.518431
-5.012e-05
0.532584
0.130209
0.604758
0.579855
-4.57976e-05
-0.0439985
0.451384
0.00255367
-0.00325866
6.26567e-07
-0.0601185
0.0139548
0.394013
-0.0118616
0.0148862
0.13744
-0.0687005
-0.000880799
-0.0269052
0.460143
-0.0355212
0.463115
0.522825
0.385455
-0.0753338
0.0333731
-0.428721
0.229624
0.446746
0.667418
0.151333
-0.686291
-0.109288
0.452864
-0.522765
-0.106779
0.250805
-0.625097
0.684108
-0.962676
-0.0840823
0.831543
-0.183799
0.36823
-0.0398919
-1.2723
0.227121
0.666718
0.0137762
0.400986
-0.124942
0.749419
-0.924985
-0.685911
0.780181
1.00783
1.23544
0.312797
1.61613
-0.074836
0.740547
0.084149
-0.173782
-0.0842319
-0.107907
-0.963781
0.04624
-0.0443617
-0.668589
0.0156647
0.516399
-0.132965
0.329925
-0.15333
-0.0727035
-0.496494
-0.62174
0.191831
0.106816
-0.118466
0.0915268
0.157703
-0.905369
-0.161107
-0.932787
1.47041
-0.131771
0.370066
0.240034
0.359089
-0.715326
0.0511566
1.61998
1.71899
-0.262065
0.676205
0.218069
0.677067
0.904088
-0.178295
0.209308
1.35965
1.13164
0.0363653
0.233346
0.259557
0.0708555
-0.654252
0.229785
0.282138
0.237117
-0.122522
0.0029301
0.828049
-0.460507
-0.193426
0.23985
-0.147076
0.501576
-0.141874
0.117326
-0.217769
-0.450704
1.92299
0.792289
1.60425
1.01991
1.24752
0.325624
-0.0620474
0.779631
-0.467256
-0.369857
-0.101922
-0.0893411
-1.12133
-0.124616
0.197418
0.776181
0.40054
-0.209442
0.955029
-0.140751
-0.105127
0.823328
0.309164
1.9522
-0.152561
1.50947
-0.0539249
-0.501719
-1.29581
-0.098938
-0.185307
-0.204192
0.344476
-0.113201
-0.0870105
0.332617
-0.16408
-0.127197
-0.431994
-0.0254181
-0.0165568
-0.564616
0.751522
-0.559039
0.710688
1.57974
0.890694
0.661044
1.11825
1.34606
0.193336
-0.194289
0.076164
0.255466
0.390764
0.333509
-1.2051
0.279804
0.254712
-0.153401
-0.114273
-0.302044
-0.525623
0.071425
-0.10862
-0.261925
-0.00430645
-0.107281
-0.314308
0.49851
0.336023
0.0570037
-0.103934
0.155413
-1.33278
-0.229447
0.308921
0.260867
-0.697423
-0.0857996
0.347486
-0.0857676
0.10728
1.73428
-0.0701565
-1.09869
-0.389704
-0.658839
-0.152324
-0.116571
0.211439
0.0068981
-0.124972
-0.1943
-0.0200581
0.0805336
-0.174321
-0.395151
-0.348894
-0.0883999
0.124906
0.863967
0.0982937
-0.198775
0.169143
-0.0891305
0.14384
0.172882
0.570488
-0.257791
0.00271692
0.914045
0.451777
0.490147
0.875043
-0.0466219
-0.0925753
0.0491823
-0.0838656
0.78187
-0.395612
-0.264177
0.708779
-0.189558
0.0572615
0.103481
-0.657626
-0.65019
0.190523
0.202718
0.10933
-0.166973
-0.171778
0.261332
0.282704
0.0820179
0.399206
0.151492
0.625614
-0.422843
0.147089
0.0684964
0.0523931
0.365178
-0.872235
-0.118744
-0.32836
-0.0318742
-0.926007
0.732682
-1.44518
0.585004
-0.193488
0.163107
-0.132323
0.409833
-0.274117
-0.0317537
-0.327161
-0.205622
2.01965
-0.874659
-0.153229
0.815624
1.04319
0.579354
1.56743
0.424996
0.503924
1.27117
0.363004
0.111709
-0.024662
0.0368625
-0.352703
-0.275971
0.720437
0.0855971
1.86641
0.375271
0.0930313
-0.344223
0.468475
-0.342181
1.80553
-0.159349
0.700741
0.0734337
-0.0628446
0.123619
-0.150993
-0.0649942
-0.580027
-0.258745
-0.0904392
0.174312
0.265956
0.266344
0.208529
0.387931
0.278886
-1.07718
0.307568
0.85976
-0.097726
0.330108
-0.201502
-0.0680593
0.164243
-0.203712
-0.241122
-0.0418899
-0.626392
0.284926
-0.0393955
0.0299035
-0.326324
0.308509
0.39175
0.228762
1.97371
-0.222887
0.414881
-0.157617
-0.0910492
0.0278299
0.250107
-0.511434
-0.91715
0.0374108
0.175159
-0.0010263
-0.0586053
-0.204771
-0.196888
-0.0368458
-0.447438
0.197043
0.482548
-0.0509218
0.0780617
-0.752262
-1.03325
-0.7603
-0.423226
-0.446905
-0.215192
-0.0910436
-0.196506
0.424272
-0.195809
-0.247426
0.25886
-0.411689
0.212461
0.194815
0.837211
0.0753464
0.152179
0.835529
0.756009
0.0510662
0.370688
-0.447478
0.715852
0.943624
1.67928
1.17124
1.40135
0.249228
-0.138394
0.150807
0.0170253
-0.761599
0.600241
0.00239886
-0.122938
0.206619
-0.514062
-0.16791
0.199107
0.438608
-0.349335
0.461527
0.335568
-0.0407021
0.207736
0.0524884
-0.211648
-0.728645
0.149882
0.0486721
-0.907004
0.417437
1.74058
-0.089997
-0.821551
-0.751322
-0.419
-0.13418
0.314711
-0.63514
0.252329
0.65496
0.882567
1.11013
0.187526
1.33831
-0.200076
0.193774
0.0733564
0.39873
0.681006
0.835751
-0.444017
0.0156989
-0.175299
-0.320499
0.170187
0.316221
0.856938
0.141111
0.139624
0.927261
-0.100545
-0.174701
0.12745
-0.233286
-0.47787
0.189828
0.778562
1.43644
-0.56331
-0.442677
-0.271784
0.365657
0.111076
0.30008
-0.124129
0.869814
0.188346
0.290759
-0.13406
0.424424
0.326731
0.184688
-0.167604
0.277973
-0.192232
0.0721697
0.142367
0.629623
-0.356641
0.256272
0.103718
-0.686919
-0.862977
-0.890357
-0.161094
-0.0200549
-0.182555
-0.634471
-1.34942
-0.771724
0.172892
-0.207798
1.454
-1.0779
0.0372197
0.140819
0.115793
-0.648736
0.0950372
-0.102503
-0.117343
-0.149715
0.0524674
0.0366974
0.177052
0.669366
1.2664
-0.131499
-0.148799
-0.128149
-0.215407
0.694734
-0.347342
0.343083
0.204945
-0.251828
-0.249847
-0.295227
-0.184371
-0.588168
0.576696
-0.108864
0.048492
0.345301
-0.651458
-0.525725
-0.183309
-0.16169
0.346453
-0.394774
0.0793236
-0.176341
0.241848
-0.319185
1.86869
0.109978
-0.150932
0.148748
1.65651
-0.115253
1.19373
0.272368
0.966079
0.738498
0.332005
-0.142506
0.00987521
0.137378
0.0533025
0.086169
0.735578
0.169228
0.0591809
0.563013
0.1512
0.321433
-0.941792
-0.627705
-0.0278167
-0.17525
0.247123
-0.891454
0.0847397
-0.515298
0.265499
-0.047189
-0.1871
-0.0305835
-0.197456
0.288403
-1.43065
-0.0936859
0.638243
-0.419943
-0.764887
-0.0603665
0.107196
1.24187
-1.41301
-0.0855623
0.67814
-0.192618
0.91107
0.682075
1.13865
1.36876
0.214484
-0.173147
-0.217071
0.393697
1.97472
-0.00799007
-1.0554
-0.19693
0.113773
-0.138892
-0.184481
-0.783512
0.278149
-0.791804
-0.199787
-0.130119
-0.972274
0.00499805
0.24507
-0.196942
1.80089
-0.426523
-0.163227
-0.128337
-0.408225
0.0260937
-0.13034
-0.199507
-0.311205
0.249405
-0.186881
1.71295
-0.227693
-0.112726
0.239057
0.443615
-0.13572
-0.146217
-0.914654
0.266099
0.135655
0.409107
0.233734
-0.156887
0.225053
0.347063
-0.0850455
0.377835
-0.88082
-1.36739
0.546414
0.57956
-0.23051
0.282679
-0.112601
0.315392
0.108812
0.398024
0.0252068
-0.289015
0.132225
0.139642
-0.0929209
0.0696455
-0.688881
-0.0895703
1.06441
0.836841
1.29362
-0.246895
0.140784
0.608415
0.269684
0.0236394
0.245837
0.212091
-0.612974
-0.203591
-0.11563
0.440832
0.490454
0.0885972
-1.13854
-1.50581
1.22363
-0.106968
0.606833
0.413449
-1.03557
0.377305
-0.347217
0.950398
0.258257
-0.192462
0.131203
0.397275
-0.298187
0.6585
0.430619
0.392927
-0.0556704
-0.901248
0.687286
-0.823123
0.182406
1.86204
-0.875537
-0.0740055
-0.527462
0.894914
0.364325
-1.39052
0.128385
-0.777167
-0.0325257
-0.264195
0.668063
-0.14105
0.718363
0.0549142
-0.889447
0.0342793
0.268036
0.231766
-0.140835
0.0268256
0.14277
-0.140654
-0.214057
-0.660967
-0.357572
-0.0893094
-0.846613
-0.0636743
1.41931
0.0796844
0.537705
0.287165
-0.18187
0.0351103
0.267055
-0.824232
0.719985
-0.86856
0.861267
-0.156654
-0.257599
0.098598
-0.0692562
-0.13192
0.171009
-0.812723
-1.13297
0.338422
0.706803
0.357402
-0.224593
0.957041
0.433973
-0.742038
1.14591
0.0286439
0.0469218
0.210766
0.174879
-0.0319176
0.191602
-0.191002
0.0581725
0.0545822
-1.29923
0.136613
0.373999
-0.475264
-1.24186
0.441971
0.0647281
0.0409177
-1.03306
-1.22857
-0.3602
0.46301
-0.159304
-0.366758
-0.271444
0.326234
0.244145
0.198206
0.241251
-0.252775
-0.300265
-0.461479
0.693364
-0.935794
0.248814
0.230064
-0.701236
0.1701
-0.869523
-0.197629
-0.153524
-0.407091
0.00281185
0.440305
0.220949
-0.0907572
-0.245957
0.0439167
0.310815
-0.316796
0.294136
0.261678
0.646903
-0.0402863
-0.511338
-0.22047
0.120276
0.39875
-0.609793
0.427177
-0.745411
-0.0909983
0.395392
-0.173062
-0.229301
-0.956507
-0.138052
-0.232628
-0.0253368
-0.230978
0.545682
0.422778
0.0277888
0.117198
0.699963
0.92804
1.69563
1.15563
1.38544
0.232524
-0.155095
-0.0806983
0.742402
0.30592
-0.209128
0.400437
0.807184
-0.525653
-0.137626
0.0362928
0.327687
-0.388441
0.314773
0.761254
0.665104
-0.063647
-0.0303187
-0.384778
0.059782
-0.225454
1.31175
0.162187
1.08429
0.856739
0.629838
-0.172467
0.149093
-0.076768
0.132342
0.467795
0.383376
0.721358
-0.171949
0.290985
0.0378234
-0.64312
-0.102329
0.314438
0.0217898
0.107829
-0.714917
0.331421
-0.00354215
-0.0446093
-0.0499766
0.509206
1.77013
0.138268
0.144499
1.24015
0.308982
-0.0237027
0.0612069
1.06745
0.273536
0.00373162
-0.964368
0.242433
0.200416
0.309161
0.0306468
-0.298802
-0.0101941
0.24217
0.000557055
0.303301
0.859639
-0.593017
0.25418
-0.570805
-0.189851
-0.175518
0.113972
0.209045
0.130203
-0.266513
-0.0405652
-0.748294
0.414943
-0.24206
0.241095
0.208653
0.689235
0.0479362
-1.33157
-0.0482849
0.232751
-0.372953
-1.1846
0.057962
0.0372859
0.0627268
0.240828
0.142984
0.121671
0.349232
0.20131
-1.28981
0.309029
0.18298
0.371158
0.164888
0.205327
0.151774
0.351263
0.273017
-0.542073
0.257905
0.27981
0.421429
-0.156375
-0.495391
0.618159
0.18303
-0.906964
-0.657712
-0.738459
0.356827
0.412615
0.231259
0.11596
-0.0870794
0.218127
-0.753844
0.0971112
0.0361286
0.298117
0.294161
0.326322
0.0388635
1.89101
-0.728599
0.164898
0.725386
0.952713
1.18027
1.67052
-0.130111
0.257491
1.39954
0.702093
-0.774792
-0.198201
0.376737
-0.879267
0.37935
0.138162
-0.227243
-0.00604612
0.0161313
-0.0431491
0.381367
0.161161
0.0693154
-0.269388
-0.808432
0.0305611
-0.243398
-0.879944
0.19195
0.254617
0.207755
-0.21947
0.716371
-0.31844
-0.182864
-0.741214
-0.0127985
-0.0967333
0.508388
0.3047
0.602189
0.249816
1.08605
0.397289
-0.225309
0.339187
0.052274
0.275838
-0.113072
-0.166053
-0.361686
-0.200426
0.519926
0.336881
0.169529
0.160377
-0.280462
-0.0570627
0.306401
-0.267105
-0.164847
-0.398274
-1.26642
0.367799
-0.131528
0.474364
0.0690677
0.395941
0.19964
0.149718
0.476005
-0.299458
0.131301
0.21016
-0.467903
0.156081
-0.255082
0.273195
0.278832
0.610948
0.263907
0.311818
-0.136469
0.188259
0.628864
-0.0579604
-0.0243754
-0.239518
0.277035
1.32231
-0.378433
0.144579
0.130623
-0.655965
1.83161
1.12522
-0.871523
0.326016
-0.823094
0.652499
0.932243
-0.791952
0.39175
0.122583
-0.450443
-0.794439
-0.637414
-0.192728
0.275799
0.291708
-0.569087
0.354771
0.659297
0.0762666
0.0439385
0.136205
0.577064
2.06402
0.40982
0.486069
-0.179208
0.0116867
-0.652283
-0.232127
0.352912
0.312436
0.529391
0.339607
-0.159867
-0.377485
-0.210462
1.64333
1.20718
-0.103218
0.284403
1.43064
0.979627
0.751869
0.0348582
1.56827
1.53213
-0.100885
0.442942
0.484906
-0.244287
-0.265772
0.189887
0.380915
-0.207462
-0.203002
0.135537
0.185725
-0.846378
0.371206
0.0511206
-1.50047
-0.345406
-0.912469
0.392637
0.589495
0.0871382
0.186414
1.41948
-0.190612
0.228765
0.0737574
0.666826
0.126383
-0.147113
-0.209012
0.608657
-0.103647
-0.372146
0.423472
0.596216
-0.00403971
-0.574722
0.131029
-0.0706695
0.359103
0.662054
0.121894
-0.0908886
-0.254454
-0.278935
0.255821
0.228103
-0.214678
0.262122
-0.381558
0.197393
0.314132
-0.201929
0.0280223
0.282418
0.259647
0.303944
-1.08076
-0.149393
-0.134614
-0.190436
0.0925478
0.0298468
0.313728
-0.103598
0.630237
-1.18747
0.307612
0.223691
-0.0724371
0.277035
-0.201792
0.659063
0.715927
0.655042
-0.404451
-0.604944
0.26278
0.0962252
-0.14238
-0.1593
0.70084
-0.464298
0.12304
-0.692584
-0.0898753
-0.312692
-0.145756
-0.24129
-0.0980217
0.259203
-0.18194
0.302315
-0.374555
-0.143323
0.203862
-0.439044
0.801255
0.241243
-0.703945
0.0200054
0.629956
-0.753033
0.198422
-0.10658
-0.224487
-0.681885
-0.80835
-0.286899
0.201869
-0.989752
-0.346439
-0.135708
0.860209
0.210273
-0.245888
0.264483
0.597915
0.149094
-0.297115
-0.147155
0.145544
0.330521
1.22822
-0.103065
0.135412
-0.0599777
0.0529859
-0.241998
0.292468
0.0384708
-0.157444
-0.462908
0.0250604
-0.301616
0.104109
0.0482487
0.0657752
1.96573
0.0361739
0.354067
-0.480697
-0.073805
-0.124517
0.301147
0.0543305
-0.0219987
-0.280623
-0.0587077
-0.219825
-1.32803
0.79839
-0.891181
-0.260368
0.35678
0.0738204
-0.197935
-0.0641795
-0.103953
-0.134699
-0.0881484
-0.0871222
-0.0345093
0.258595
-0.166623
-0.131958
0.30106
-0.299428
0.190652
0.547077
-0.319422
0.33016
-0.172958
0.194061
-0.163351
0.302725
-0.183544
-0.714422
-0.207673
-0.695343
0.274761
-0.134834
-0.234056
-0.454395
-0.103996
-0.367912
-0.223201
-1.00505
0.220783
0.199964
0.819743
0.22007
-0.340197
-0.342393
-0.667195
0.317178
0.156353
0.413254
0.377448
-0.100173
-0.149734
0.183535
-0.3431
-0.276683
-0.492511
0.579828
-0.283071
0.348465
0.291909
-0.0378659
-0.173057
-0.202894
0.613933
0.639753
0.549317
0.234827
-0.106445
-0.347746
-0.278247
0.138078
0.324121
-0.189414
-0.325978
-0.156625
-0.274433
0.894791
-0.15769
0.0621743
-0.483871
-0.225852
-0.371389
-0.633187
0.102544
-0.126962
-0.183536
-0.174211
-0.187931
0.291409
-0.362865
-0.618539
1.77351
-1.12501
0.476453
-0.248231
-0.171774
-0.00105104
0.874436
-0.293356
-0.166355
-0.158869
-0.847027
-0.677809
-0.748369
-0.413205
0.532994
0.454549
0.380292
1.55238
-0.007405
0.0661398
1.52982
-0.321744
0.0139211
0.402282
0.0926987
0.560365
0.483072
-0.295005
-0.11459
-0.238108
0.158408
-0.0860661
-0.360689
0.24111
0.362424
-0.153918
-0.0610762
-0.343703
0.361484
0.220514
0.270161
0.201686
-0.193543
-0.212601
0.235626
-0.178822
0.177559
-0.222922
0.256337
-0.031177
-0.107714
-0.228778
0.236005
0.0774852
-0.362736
-0.223574
0.240097
0.0503545
-0.141889
0.0664653
-0.174683
0.0946004
0.197199
-0.00378709
-0.461094
-0.131295
-0.129484
0.111846
0.653085
0.0398504
-0.189581
0.332859
0.0188819
0.142921
-0.126663
0.035356
-0.110554
0.00917623
0.162209
0.141957
-0.324769
-0.182955
-0.354626
0.0772208
-0.196444
-0.128319
-0.122319
0.497084
0.143839
-0.16741
-0.233547
-0.148429
-0.259948
-0.763819
-0.721093
-0.101099
-0.122533
-0.169836
0.295653
-0.159809
-0.00624129
0.138842
-0.187698
-0.154902
-0.133466
1.7882
0.0100367
0.0973176
-0.177734
-0.753383
-0.0910962
-0.322903
-0.0865424
0.612459
0.355248
-0.0545684
0.384042
0.623672
0.0735664
-0.158082
0.0404653
-0.167571
0.456859
0.446344
-0.0792617
-0.891676
-0.191512
-0.0194945
0.303028
0.247699
-0.0981635
-0.161253
0.275195
-0.127588
0.72232
0.24568
-0.342208
0.765162
0.290307
-0.0956724
0.219246
0.0682723
-0.149707
-0.171776
-0.137784
-0.389586
0.777742
-0.37868
-0.186267
0.454998
0.313134
-0.090423
0.139077
-0.230925
0.165182
-0.679366
-0.132878
-0.117487
0.192304
-0.120874
0.554263
-0.0102925
0.012547
0.453556
-0.384383
-0.172916
-0.110352
-0.244366
-0.0838036
-0.127453
-0.0750884
-0.447712
-0.155327
-0.176813
-0.867028
-0.800489
-0.145833
-0.147324
0.249138
-0.396513
-0.131451
-0.464542
-0.318644
-0.123308
-0.133278
-0.465702
-0.138851
-0.0501721
-0.0775579
0.817766
0.828817
-0.13044
0.391089
-0.912658
-0.0804933
-0.260328
-0.724395
0.199892
0.236553
0.19968
0.499767
0.315366
-0.708413
-0.114998
0.151729
-0.0912914
-0.118108
-0.1897
-0.0844062
-0.137817
-0.106308
-0.0921506
-0.0859123
-0.403562
-0.148156
-0.497073
-0.640146
0.430128
-0.0874062
-0.104127
-0.430907
-0.126437
0.319581
-0.0852599
-0.52857
-0.0822808
-0.225672
0.856492
0.413148
-0.191686
-0.0781037
-0.236616
-0.695155
-0.100776
-0.487445
0.177355
-0.264352
-0.156329
-0.242656
-0.304492
-0.0840213
-0.523222
0.819239
-0.441864
0.0585528
-0.133367
-0.30826
-0.0727237
-0.127295
-0.0998519
1.85873
0.474712
-0.210949
-0.68446
-0.863664
-0.079736
-0.437298
-0.213263
-0.10862
-0.0908191
-0.101913
0.685082
0.496041
0.418929
0.238227
-0.746772
0.221291
0.404263
0.313234
0.422933
-1.16219
0.389928
0.284369
-0.121548
0.270671
0.340281
-0.122894
-0.0826066
-0.188869
-0.080128
0.311803
-0.077456
0.638342
-0.325134
-0.0816351
-0.781847
-0.159988
-0.435715
0.425418
0.56122
0.294599
0.528365
-0.142813
-0.0820951
-0.664641
0.35373
-0.117971
0.234678
-0.472359
-0.692749
0.192569
-0.169171
0.254201
0.295828
-0.146799
-0.209339
0.650709
-0.33364
-0.137744
0.514844
0.205301
0.198036
-0.200403
-0.256904
0.47938
0.232132
1.00158
-0.850389
0.969473
-0.452564
0.503822
-0.243973
-0.0775039
0.45481
0.10221
-0.399267
-0.584823
-0.114614
-0.0967102
0.159989
0.153364
-1.50343
0.484278
-0.0999015
0.197575
-0.139904
-0.720806
-0.116367
-0.115581
0.135653
0.558716
-0.573939
0.478457
-0.247315
-0.0177931
-0.137033
0.751634
-0.0977133
-0.764263
-0.0423471
-0.175244
-0.452708
0.132029
0.136696
-0.211806
-0.447501
0.120763
-0.128445
-0.344055
-0.103669
0.358496
-0.13331
-0.127302
0.646302
-0.179571
-0.698428
0.32402
-0.256918
0.449403
0.447874
0.312933
-0.144883
0.0709726
-0.372301
-0.10246
-0.44637
0.0376325
0.828376
-0.110826
0.0362822
0.0588602
-0.113373
-0.10411
0.0938838
-0.228635
0.244184
0.0537222
-0.321819
0.3388
-0.10789
-0.112746
0.456062
-0.111197
-0.726123
-0.101134
1.01767
-0.364316
-0.6239
0.445525
0.540053
-0.924605
-0.127323
-0.101184
-0.137918
-0.121842
-0.705344
0.0286628
-0.118159
0.0113018
-0.472357
-0.144762
-0.299887
0.397126
0.479138
-0.0145352
0.690237
0.440694
-0.222284
-0.273117
0.368243
-0.643206
-0.0229742
-0.10997
-0.558683
0.467375
0.164855
-0.0976523
-0.0721411
-0.114914
0.703194
-0.295505
-0.0889549
-0.0367355
0.344303
0.437654
-0.248131
-0.283975
-0.793502
-0.149813
1.55744
0.373328
-0.730083
-0.109921
-0.198461
-0.164683
0.138869
-0.102853
0.310849
-0.082632
-0.115598
-0.0999617
0.345278
0.0946395
-0.209424
-0.308897
-0.470684
-0.105062
-0.366406
-0.170049
-0.103875
0.493065
-0.130958
-0.149263
0.389535
-0.176388
-0.094355
-0.08974
-0.0996602
-0.417472
-0.0988132
-0.138299
-0.102148
-0.592572
0.300511
-0.585289
0.180274
-0.135006
-0.110284
-0.688568
0.369268
-0.124308
-0.395332
-0.173353
-0.0953749
-0.099096
-0.106943
-0.284846
-0.112688
-0.104271
-0.100713
0.540772
0.257584
-0.182144
0.110869
-0.156285
0.283806
-0.165893
0.731497
-0.105994
-0.730169
-0.145554
-0.109602
-0.140521
-1.48103
0.540233
0.459978
0.377491
0.561207
0.478799
0.389493
0.0732355
-0.00995402
0.00188934
0.0934893
1.51845
1.54761
-0.314009
-0.293962
-0.181517
-0.755237
-0.53222
0.0144699
-0.132731
0.317232
-0.526712
-0.232027
-0.20332
-0.11019
0.228988
0.452598
-0.39539
0.267042
0.216858
-0.0964595
-0.112931
0.246995
-0.203692
-0.105421
-0.0153038
0.190332
0.371285
-0.332197
-0.122334
-0.162538
-0.351813
0.586485
-0.242822
0.28881
-0.162027
0.23857
0.261494
0.367832
-0.299578
1.03353
-0.107821
-0.749535
-0.809007
0.38017
0.236481
-0.117428
0.170162
0.234749
0.466555
-0.162253
0.9151
0.26719
-0.231092
-0.151759
0.0827045
0.0622844
0.105563
0.128064
-0.850538
-0.243102
0.543365
-0.0307617
-0.772441
-0.307148
-0.157629
-0.177589
0.157158
-0.227018
-0.263766
-0.418087
0.691719
0.111693
-0.197874
-0.291071
-0.125061
0.261084
0.54204
-0.482552
0.207641
-0.0940672
-0.098969
-0.096876
-0.676738
-0.0383029
-0.207682
0.0459421
-0.173536
-0.258238
0.226718
-0.103396
-0.157071
-0.0792246
-0.107635
-1.23222
-0.0186288
0.178751
0.153705
-0.20931
0.0267196
-0.175411
0.0116009
-0.0475388
-0.503114
0.0850022
0.0270823
0.0562189
0.905064
0.12651
-0.628177
-0.220292
-0.26786
-0.212991
-0.105989
-0.0948965
0.418089
-0.321081
0.377298
-0.222227
0.455572
-0.00413104
-0.699399
0.315722
0.418966
0.481555
0.50459
-0.18186
-0.103417
-0.180583
-0.214813
-0.311936
-0.128323
-1.236
-0.0721347
-0.195937
-0.300101
-0.151007
-0.660509
-0.641961
-0.0351797
0.601421
-0.102582
-0.363157
0.490135
0.603064
-0.641549
-0.136535
0.873359
-0.571035
-0.231598
0.593518
0.462196
-0.361801
0.456241
1.44496
-0.19235
-0.182155
0.821071
0.448113
-0.121597
-0.420675
-0.283265
-0.174698
-0.118804
-0.0824665
-0.171677
0.140311
0.779537
0.330101
0.57113
-0.207361
-0.129578
-0.248583
0.798366
-0.215148
0.319695
0.200337
-0.724339
-0.361208
-0.219498
0.657295
-0.502941
-0.500723
-0.609665
0.32104
0.338781
-0.322445
-0.341417
-0.383503
0.613346
-0.257648
0.7367
-2.82555
-0.413915
0.301435
-0.243386
0.287699
-0.715857
0.288062
-0.64046
-0.126111
0.312286
0.590799
0.0392199
0.13467
0.282337
-0.419626
-0.22109
0.512404
-0.190125
0.267993
0.414231
0.490201
0.0972368
0.524832
0.303781
0.315903
0.328396
0.253125
0.212831
0.240474
0.291215
0.294147
0.369477
0.570893
0.264074
-0.0389476
-0.378962
0.485947
-0.34107
-0.105006
0.610912
-0.229798
0.293442
0.23998
0.313655
-0.295977
0.403353
0.183414
-0.403729
-0.755827
-0.0980864
0.230486
-0.399415
0.598033
-0.786466
-0.277632
0.342344
0.20085
0.212946
-0.093949
-0.488036
0.154422
-0.113479
1.68663
0.169355
0.200429
-0.109551
0.754601
0.131839
0.177013
-0.456334
0.111465
-0.240185
0.141409
0.227009
0.15622
0.30704
0.135263
0.309442
0.824926
0.0862578
-0.490176
0.387897
-0.504831
0.115562
0.42763
0.172476
-0.183425
-0.837118
-0.117245
0.455822
0.411909
-0.563822
-0.194839
0.200816
0.387445
0.0497929
0.0515606
0.281882
-0.455407
-0.303555
0.0411787
0.0805459
0.221576
-0.64385
-0.199651
0.426932
-0.537203
-2.10487
-0.613882
-0.226763
0.378413
0.046348
-0.506953
0.0184766
-0.292465
-0.322035
-0.456872
-0.233097
-0.537515
0.43821
0.401651
0.0148471
-0.147629
-0.39804
0.151427
0.610509
-0.700607
0.545392
0.63468
0.576997
-0.0263084
-1.26839
0.429488
-0.0098835
-0.270319
0.189515
0.36695
-0.0521173
0.46693
-0.0883371
-0.510947
-0.575002
-0.0768757
-0.311979
0.577845
-0.0830922
-0.0979265
0.429885
0.545334
0.833288
-0.0939386
-0.65757
0.440721
0.594794
0.850636
0.0891909
-0.107264
-0.0906524
0.587893
-0.095998
-1.17977
0.725738
0.434738
-0.289637
-0.162828
0.470778
0.593998
0.504068
1.92818
0.490231
-0.554068
-0.155481
0.342454
-0.139875
-0.608269
0.47876
0.228482
0.523284
-0.231516
-0.483955
-0.844219
-1.10159
-0.198388
0.558661
0.508831
-0.00374615
1.96396
-0.352542
0.39716
-1.76968
-0.0902292
-0.262636
-0.506817
-0.661763
-1.54939
-0.0143035
0.507545
0.57338
-0.52348
-1.39488
-0.861682
0.372754
-0.650432
-0.112447
-0.0888962
-0.60418
-0.16177
-0.586472
-0.920837
-0.2732
0.421502
-1.04043
-0.522363
-0.150864
-0.530935
0.79807
0.575122
-0.384536
-0.999475
0.369108
-0.129231
0.602372
-0.0998947
-0.522089
-0.739764
0.4213
-0.584718
-0.171823
0.343228
0.00233663
0.572404
-0.0423963
0.0990047
-0.108946
-0.254938
-0.808068
-0.503679
-0.734816
0.447092
0.644303
0.108359
-0.456543
0.513702
0.590604
-0.33227
-0.992555
-0.475409
0.701091
-0.160073
0.66501
0.218404
-0.273711
0.288376
0.42275
0.40832
0.562198
0.315943
0.483257
0.388495
0.0692299
0.315303
-0.308478
0.257559
-0.52906
-0.0957078
0.614308
0.24106
0.183923
0.773245
-0.37984
-0.426372
-0.138825
0.432577
-0.488806
-0.257537
-1.16026
0.486621
0.534822
0.339469
0.201434
-0.746743
-0.331149
0.430094
-0.688202
-0.0680991
0.387851
-0.216827
-0.0675271
0.208974
0.163422
-0.952937
0.43596
0.402997
0.465593
0.0609775
0.476385
0.516854
0.242042
0.198007
-0.046336
-0.579243
0.528873
-0.097964
0.758516
-1.17758
0.495023
-0.625966
-0.767465
-0.490494
0.034689
0.903461
0.16535
0.111228
0.248612
-0.535929
-0.0410177
1.58372
1.49243
-0.345623
0.0421346
0.126288
-0.261373
0.346638
1.04561
0.430413
1.27309
0.508412
0.594067
0.818075
0.445184
0.132039
0.259345
0.275728
0.820631
-0.978065
-0.913506
0.508033
0.453748
0.12741
-0.0908717
0.722629
0.517688
-0.400379
0.581503
0.263572
0.782292
0.803081
0.0864712
-0.497178
0.146456
-0.0769269
0.376626
0.294393
0.180216
0.526044
0.966685
0.209836
-0.374548
-0.597825
0.226881
0.174308
0.0735596
0.894906
-0.596433
0.322945
0.282173
0.292217
0.0520681
-0.631349
-0.115382
-0.662466
0.217676
-0.561413
-0.822744
-0.26489
0.043907
0.756733
0.520347
0.275728
0.227718
0.213541
-0.0926251
0.342457
-0.235055
-0.0115884
-0.678943
0.169013
0.101376
0.272804
-0.921119
0.313709
0.178131
0.334418
1.61468
-0.0743659
1.46526
0.313249
1.23805
1.01058
0.783062
0.442914
0.0625611
-1.16375
-0.409984
0.40866
0.0649208
-1.15753
0.484234
0.19263
-0.0186086
0.295704
0.416557
0.339358
0.201682
0.502613
0.427116
0.323233
0.286026
0.519966
-0.0850717
-0.824643
0.313904
0.790003
-0.904179
0.411326
0.241552
0.288035
0.395994
0.239957
0.270291
0.507428
-0.0970497
0.0602506
-0.816284
-0.113428
0.289424
-1.03145
0.291124
-0.23955
-0.0407879
0.421895
0.306594
-0.595519
0.475108
0.246222
1.80944
-0.419271
-0.121037
0.558201
-0.565225
-0.274767
-0.104412
0.449916
-0.560867
0.0704385
1.41059
-0.0903492
-0.125313
0.00136383
0.608015
-0.135517
0.00711327
-0.345816
0.395437
0.853951
0.388723
-0.0797771
0.253789
-0.925933
-0.548987
-0.379163
0.21002
0.310138
-0.174719
0.20159
-2.35878
-0.102752
0.29279
-0.550444
-0.0641321
-0.443185
0.671094
0.217806
-0.295728
0.147906
0.0154384
-0.751143
-0.217178
0.203904
-0.407719
-0.640043
-0.0969405
0.156512
0.178814
-0.0889922
-0.261549
0.187912
0.178322
-0.34406
0.420474
0.800982
0.144269
-0.382475
0.188596
-0.89746
0.103771
-0.0908759
0.0672524
-0.121495
-0.170098
-0.254285
-0.244902
-0.386731
0.565064
-0.256607
0.342163
0.253281
-0.825463
-0.362846
0.474778
0.539069
-1.06935
-0.883719
-0.154673
0.364219
0.0748626
-0.187482
1.06823
-0.471478
0.0513012
0.877171
0.311388
0.39674
-0.136663
-0.811238
0.235924
0.330672
0.0771165
0.555067
-0.491336
-0.58475
-0.0919856
0.192994
-1.13588
0.0242475
-0.0759049
-0.878519
0.0245231
-0.303209
-0.297167
0.463033
0.0448476
-0.162123
-0.350811
0.570823
0.316469
-0.0762905
-0.983488
-0.46474
0.362649
0.403669
0.100444
0.678652
0.3786
0.270177
-0.162053
0.230188
0.607243
1.43452
-0.0401987
-0.603454
-0.0307595
0.867406
-0.932882
0.656226
0.287169
-0.108813
-1.0563
-0.705431
-0.0291647
-0.369698
0.574922
-0.193958
0.966164
0.303593
0.20041
-0.0180593
-0.832667
-1.22725
0.555968
-0.961823
-0.320309
-0.8419
-0.199249
-1.9362
-0.21593
0.161103
0.311248
0.583949
0.403925
-0.901628
0.311956
0.812541
0.253969
-0.745362
-0.156717
-0.208855
0.41303
0.280248
-0.785584
-0.64626
-0.289999
-1.1914
-1.32975
0.535185
-0.152147
0.225983
-0.39491
-0.398641
-0.182322
-0.187441
0.470796
-1.14304
0.469142
0.133657
0.188207
-0.254219
-0.408903
0.352252
-0.118857
0.499358
0.410638
-0.872838
0.057486
0.908942
0.511471
0.740291
0.540606
0.248258
0.514062
0.451509
-0.387769
0.45236
-0.614405
0.326191
0.548855
0.087158
0.232686
-1.66733
0.140344
-0.118365
0.0763202
0.506459
-0.143484
0.956605
-0.221203
-1.46957
-0.0944813
-1.07106
-0.823325
-0.571896
0.691214
0.153541
0.560871
-0.29952
-0.108291
-0.640956
-0.361307
-0.767846
0.0174025
0.038459
-0.00733018
0.371245
-1.06061
0.00739132
0.309176
0.100127
0.426082
-0.588065
-0.800322
-0.0352598
1.00189
0.200817
-0.29612
0.352704
0.300918
-0.317281
0.186548
0.265938
-0.796452
-0.131802
-0.275819
0.485276
0.536075
0.0479143
-0.341174
0.314715
0.538983
-0.273656
1.32571
-1.01525
-0.83063
1.03039
0.210095
-0.223405
-1.05045
0.0308198
0.28413
0.236688
0.271385
0.0844569
0.731512
0.0857759
-0.108555
0.195508
-1.03651
0.738445
-0.360749
0.1102
-0.575957
0.173244
0.245365
0.266686
-0.312999
0.204231
0.356179
0.483423
1.0582
0.381831
-0.164987
0.207836
0.141529
0.287536
0.186393
0.325766
-0.0759549
0.160915
-0.863778
0.0440764
-0.946044
-0.748363
0.382529
0.149381
0.0997609
-0.0537663
-0.293413
-0.971834
0.127819
-0.217374
-0.093615
0.280967
0.246739
0.282168
-0.801784
0.159484
-0.912228
0.160652
0.244768
1.04607
-0.429101
0.476703
0.481627
-1.78887
-0.0545947
0.298408
0.76901
-0.0908341
0.503246
0.421197
-0.316717
0.328482
-0.38127
1.22218
0.767043
1.01759
-0.456229
-0.0815302
-0.773534
0.548091
0.0372281
0.0358445
0.181254
0.459501
0.631286
-1.01365
0.000270315
0.692274
0.347877
1.14518
-0.879359
0.0608624
0.211189
0.247873
-0.486008
0.0663087
-0.285214
0.0905811
-0.109482
0.961251
1.04406
-0.82922
-1.03102
0.377486
-0.959319
-0.520549
0.0825507
-0.227311
0.239643
-0.804389
0.16287
-0.796688
0.768485
0.567308
-0.841567
0.605611
-1.11372
-1.05985
0.0818889
0.634291
0.347909
0.238095
-0.496778
0.734236
0.184315
0.0165234
0.0878425
0.206576
-0.512044
0.123637
0.614952
-0.935525
0.642365
0.40458
-0.0425209
0.144827
-0.374307
1.01544
2.85468
0.172695
0.0725094
-0.0656194
0.0791468
-0.153422
0.71948
-0.32398
0.0455881
-0.133457
-0.019958
-0.758479
-1.21433
2.04831
0.374613
2.16222
0.0212171
-0.119661
-1.8743
-0.483842
2.01121
-0.174892
-0.333554
-0.433413
-0.0497336
-0.0933874
0.353882
-0.0935508
0.0216866
-0.211722
-0.327631
0.371895
0.0603206
1.58899
0.567767
-0.40377
0.686527
0.136524
-0.0157498
0.448519
0.488929
0.340022
0.528404
0.0999241
0.721927
0.254444
-0.439049
-0.287753
1.523
1.79082
0.218844
1.63442
0.604299
0.643672
0.40936
-0.168769
1.75135
1.94911
1.86029
1.67381
-0.133171
-0.0475734
0.835267
0.802679
0.175888
0.871367
-0.251096
-0.596174
-0.486549
0.294052
1.1771
1.09891
-0.364966
1.25787
1.32663
1.29019
1.7094
0.949517
1.14181
1.0302
0.988431
1.89949
1.40494
1.0628
0.914232
0.760953
1.82689
1.36963
1.21602
1.55938
-0.518839
0.511691
-0.789801
0.303323
-0.309368
0.943233
0.918968
0.358278
-0.33054
-0.82124
-0.174054
1.04759
0.170802
0.517105
-0.297173
1.07017
-0.413696
0.126388
-0.2188
0.107162
0.490879
-0.430178
0.519347
-0.420318
-0.795018
-0.0698733
0.210894
-0.102893
0.179941
0.717787
0.157101
-0.107926
-0.0921374
-0.385825
0.436764
0.0945618
0.449434
-0.452805
0.0404446
0.286697
0.259675
0.206177
0.00569305
0.299795
0.0720031
-0.798538
-0.632028
0.133509
0.317596
0.637499
0.727167
-0.774796
0.3602
0.137654
-0.0952689
0.166229
1.1503
0.0658207
-0.148326
0.586453
1.20468
-0.353615
0.285009
-0.907718
0.318209
-0.441828
0.987859
-0.0379321
-0.614122
-0.075366
1.2864
-0.149962
0.84939
0.219131
-0.884458
0.120757
-0.495681
-0.15307
-0.116585
0.0413414
0.656814
1.96549
0.519713
1.83462
1.01807
0.514226
-0.220174
-0.858849
1.24902
-0.0959214
-0.18587
-0.933642
0.889205
0.193403
0.741412
0.411565
-0.30005
1.85883
0.054437
0.206674
0.44664
-0.35443
-0.167428
0.0183923
0.558586
-0.0986512
-0.313823
-0.215647
-1.33851
0.529649
-0.120203
0.211554
-0.887195
-0.189473
-0.0953346
-0.00162996
-0.339204
0.626024
0.848466
0.158333
-0.229269
1.3044
1.07601
-0.836781
-0.111491
-0.400605
0.442415
-0.210955
-0.646512
-0.998191
-0.118035
0.183298
-0.13951
-0.1862
-0.880444
0.213744
0.140463
0.493075
0.0400101
-0.166329
0.314302
-0.823206
-0.283197
0.0345986
0.207348
-1.11257
0.213534
-0.0573905
0.326712
-0.112587
0.105969
0.203596
-0.513746
1.03932
0.32581
0.340784
1.95391
-0.43162
-0.0267842
-0.431406
-0.27579
-0.246242
0.548935
0.246061
-0.0739392
-0.78157
-0.202964
0.298973
-0.19744
-0.47932
-0.576999
0.0235629
0.220023
-0.0443949
0.357212
0.39343
0.0410815
-0.0184777
-0.552334
-1.52081
0.212342
-0.633739
-0.575449
0.0264585
0.586426
0.494873
-0.0566976
0.0894961
1.47417
0.42708
-0.092339
-1.12598
0.882661
0.239113
2.13177
-0.100658
-0.0544358
0.0508567
-0.856904
0.0425676
-0.659029
0.497196
0.899128
0.317757
-0.15027
0.693723
-0.153435
0.170662
-0.772037
-0.150101
0.370082
-0.696138
-0.146503
0.264912
-1.0165
-0.0962863
-1.03288
0.920489
0.433537
-0.059987
-0.148359
0.112092
-0.2036
0.207327
-0.00715961
-0.0499613
-1.69253
0.208361
-1.58883
-0.252815
-0.207925
0.398997
-0.0129556
-0.182785
-0.787249
-0.114893
-0.0885513
-0.113079
-0.352331
0.970536
0.473128
-0.0847245
-0.228094
-0.538257
0.993803
-0.092738
-0.766995
0.211065
-0.816612
-0.0884876
-0.094799
-0.524401
-0.740088
0.197173
0.493073
0.152588
-0.00760499
-0.020387
-0.00992773
0.0523521
-0.136256
-0.171102
-0.272705
0.354814
0.0999636
-1.0754
-0.121453
-0.456907
0.5706
-0.0145116
0.452097
-0.589633
-0.514398
-1.04803
0.037302
-0.538935
0.347996
0.068633
1.48284
1.10715
0.156384
-0.723926
0.45471
0.237969
0.0320055
-0.231364
-0.0946349
-0.069821
-0.203883
-1.03676
0.418819
-0.758142
0.209638
0.289124
0.516873
-0.0965493
-0.331731
0.397611
0.429667
0.301385
-0.0896206
-0.412341
0.118527
0.0565415
-0.615809
-0.191258
-0.408715
0.230866
0.147803
0.024707
-0.515139
-1.01054
0.0317467
0.553215
-1.69546
0.962794
-0.0918784
0.176127
0.201329
0.444561
-0.120787
-0.859105
1.24967
-0.144771
-0.73782
0.545879
-0.582695
0.156733
0.0375295
-0.223234
-0.13566
0.21119
-0.869746
-0.291899
0.26481
2.48338
0.277501
0.266812
-0.0294695
0.186653
0.542377
-0.698834
0.526679
-0.773497
-0.786874
0.30207
0.00949175
-0.475553
0.125149
0.331442
0.466552
0.0462349
0.469509
1.3078
-0.599811
-0.271741
0.141461
-0.261979
-0.125178
-0.663132
0.989441
2.34982
-0.0382249
-0.126021
0.580775
-0.0893566
-0.476545
-0.825319
-0.141945
-0.23262
2.07174
-0.155694
1.13032
-0.206429
-0.486076
-0.205877
1.97432
-0.000955204
0.386693
0.0842966
-0.106485
0.0381985
-0.0821091
-0.303407
0.581833
0.505364
-0.217825
-0.201846
0.653492
0.552247
0.472418
-0.384373
0.360833
0.701952
-0.0267678
1.7607
1.64723
0.426001
0.114068
0.748268
1.62329
0.169801
0.185759
-0.471147
-0.153366
-0.350594
0.305503
0.637568
0.281116
0.234243
-0.421648
1.91809
1.56828
1.85394
1.69396
0.817116
1.74175
0.864469
-0.27355
1.8074
0.881438
1.20337
1.87581
0.975768
1.31937
1.10899
1.092
1.27231
1.54552
1.15706
0.772459
0.999961
1.04464
1.33693
1.38552
0.929485
1.22754
-0.492235
0.299728
0.344429
0.538954
-0.457649
0.626433
0.210703
0.00581272
-0.0398559
0.730337
0.53593
2.08799
-0.553628
-0.22548
-0.24178
-0.194901
-0.547416
-0.920364
0.19903
0.691091
-0.025829
1.1181
0.506446
0.175444
-0.214937
-0.135077
1.71368
0.287808
0.532646
0.246186
-0.359537
0.257653
-0.0192344
0.349603
-0.566844
-0.547911
-0.326125
0.0522677
0.105821
0.594449
-0.127777
1.06693
-0.978314
0.0716722
0.265997
0.348255
-0.112642
1.21048
-1.35324
0.333409
0.553116
1.49731
0.0951359
-0.784472
0.629041
0.241352
-0.39395
0.444877
0.47994
-1.12909
0.449601
-0.0975202
0.172733
-0.183704
-0.390383
-0.950657
-0.768342
0.252967
-0.239723
0.323215
-0.995473
-0.191782
-0.127371
-0.120412
0.040214
-0.303837
1.54871
0.00102552
0.0840204
0.388862
0.473469
0.551833
0.333501
-0.501246
-0.0192575
0.394237
0.296089
-0.571067
0.0532555
-0.230214
-0.691984
0.461308
0.506645
0.0394007
0.055988
0.148059
0.296412
0.278445
-1.60743
0.250767
-0.54109
0.307235
0.197598
1.39948
-0.224026
-0.198164
-0.990367
-0.895513
0.226936
0.327824
-0.0249759
-0.57826
-0.17294
-0.241761
-0.204332
0.534668
-0.274
-1.04825
-0.054583
0.123295
0.400075
-0.906345
0.981215
-0.397711
0.0645909
-0.748061
0.158825
0.744286
0.0121182
-0.577225
0.192989
-0.178968
1.32569
0.00827908
0.247775
-0.311306
0.0158497
-0.943075
0.302002
0.737328
-0.216292
-0.790453
-0.971666
-1.5771
-0.750652
0.224602
-0.166679
0.114075
-0.381251
0.284615
1.93503
-0.971344
0.339941
1.58719
0.0892178
0.135901
0.241331
-0.989946
0.168753
2.01862
0.385659
0.131485
0.71759
0.143909
1.9875
-0.00620684
-0.62898
0.0275933
1.25724
0.228737
0.705044
0.146536
0.233953
0.340923
-0.554241
0.159767
-0.540526
)
;

boundaryField
{
    frontAndBack
    {
        type            empty;
    }
    bottom
    {
        type            zeroGradient;
    }
    inlet
    {
        type            zeroGradient;
    }
    top
    {
        type            zeroGradient;
    }
    outlet
    {
        type            fixedValue;
        value           uniform 0;
    }
    car
    {
        type            zeroGradient;
    }
}


// ************************************************************************* //
