/*--------------------------------*- C++ -*----------------------------------*\
  =========                 |
  \\      /  F ield         | OpenFOAM: The Open Source CFD Toolbox
   \\    /   O peration     | Website:  https://openfoam.org
    \\  /    A nd           | Version:  7
     \\/     M anipulation  |
\*---------------------------------------------------------------------------*/
FoamFile
{
    version     2.0;
    format      ascii;
    class       surfaceScalarField;
    location    "13";
    object      phi;
}
// * * * * * * * * * * * * * * * * * * * * * * * * * * * * * * * * * * * * * //

dimensions      [0 3 -1 0 0 0 0];

internalField   nonuniform List<scalar> 
11380
(
168.478
-570.672
402.195
-776.953
14.9242
762.028
460.26
-377.247
-83.0126
686.802
254.293
-941.095
1510.33
-1069.39
-440.939
1216.26
-1527.1
310.841
9.0665
463.811
-472.877
169.123
-840.833
671.71
961.953
-1610.73
648.777
-1779.72
1686.16
93.5528
-542.946
1759.21
-1142.24
1935.98
-793.739
605.621
181.337
-786.958
-26.9912
-1323.86
1350.85
223.311
-2003.03
1021.8
-385.305
-636.493
-208.822
377.299
482.943
190.6
-673.543
1154.12
-1315.34
161.223
-318.982
374.071
-55.0889
1007.89
-1330.84
322.941
1221.71
800.144
-2021.86
76.6919
-1652.43
1575.74
-516.541
-1152.34
1668.88
473.219
181.915
-655.134
-209.594
-361.079
497.571
1012.76
1660.28
-1821.8
161.519
-110.326
-1686.69
1797.01
-1560.28
657.014
903.268
-310.958
652.332
-341.374
-184.339
-86.349
270.688
1294.36
-1217.67
355.347
-1407.22
1051.87
-1754.25
1754.25
103.202
1545.77
-1648.97
-1084.41
-475.876
676.152
-667.086
-387.728
941.936
-554.208
1331.74
-1317.14
-14.5929
-1100.12
712.389
622.572
399.225
-399.788
-22.628
422.416
-482.856
787.643
-304.787
-1618.36
1618.36
1253.54
-1437.84
184.307
-489.264
1710.98
1253.02
-311.089
1660.71
-1161.2
-499.503
64.6778
-383.66
2067.63
-1136.92
-930.71
1828.49
-168.206
451.435
156.033
-607.468
-471.759
976.946
-505.187
-1182.03
1285.23
-566.578
969.418
-402.84
396.883
757.233
660.437
-491.314
-437.587
589.868
-152.281
1190.55
-835.201
2308.23
-1080.7
-1227.53
1164.67
-2011.72
847.044
-1615.54
1588.55
440.496
-1582.74
-758.742
1250.3
-491.558
-670.678
359.72
1661.42
-699.467
-1106.93
-870.902
1977.83
717.54
-357.843
-359.697
690.512
562.512
-258.215
1511.75
102.971
-311.455
208.483
-284.632
757.851
-333.083
560.426
-227.343
-324.327
807.27
-318.895
-142.085
460.98
318.132
142.127
1474.56
-466.668
-1003.97
480.72
523.252
267.673
95.2449
-362.918
946.97
-341.349
-1709.18
597.691
1111.48
13.2215
-868.491
855.27
-276.339
590.236
-313.898
158.456
-1093.83
935.376
1050.63
-1066.26
15.6304
373.101
516.924
-890.025
-245.186
696.622
-1102.92
-482.669
1585.59
-676.835
949.522
-272.687
1353.29
-1463.62
-638.943
249.558
389.385
-470.207
-1011.48
1481.68
-535.99
-797.168
1333.16
575.155
-995.092
419.937
-262.388
-314.494
576.883
400.89
-297.919
-1043.52
571.757
955.563
-797.107
-110.4
943.641
-833.241
-203.605
411.066
-207.462
-656.877
-347.094
-386.722
961.877
1856.35
-1856.35
-504.243
-134.7
-955.768
1590.82
-635.052
413.973
-841.513
427.54
-922.099
355.521
-941.904
-1058.08
-1497.76
338.474
1159.29
-270.406
957.208
-328.63
619.621
-290.99
-1941.89
999.99
-1152.77
-344.992
578.2
-1533.97
1728.48
-1726.02
-2.46447
184.394
-594.463
410.069
-1485.75
987.391
498.358
278.253
219.884
-498.137
305.782
-638.865
235.59
-409.729
174.139
2025.08
-828.173
-1196.9
-541.87
142.082
614.031
841.213
-1455.24
-182.883
418.473
431.748
875.993
-1307.74
-903.367
388.637
514.73
-1051.02
1447.9
-1068.29
309.553
746.981
-94.6494
556.807
-325.997
-230.81
1028.22
-547.502
593.463
-1403.63
810.162
-1342.06
239.141
-541.348
265.009
-1223.23
952.823
1927.36
-1021.87
-905.496
276.797
1579.56
-2099.88
898.775
1201.1
356.699
-32.7733
-323.926
-222.867
478.607
-255.741
-98.2304
-386.377
484.608
-460.494
141.599
337.559
-132.991
546.964
427.713
373.572
-801.285
-2055.55
1137.85
917.695
461.112
-526.24
65.1279
218.056
-358.623
140.567
960.276
1064.8
1801.29
-255.523
729.319
-479.761
795.484
-1388.9
593.417
337.688
379.852
1067.98
-1054.76
-475.984
-303.837
779.821
469.927
-129.848
-340.079
795.302
-613.966
501.025
-735.575
234.55
503.332
1157.38
-1240.07
704.075
1033.11
-1549.65
-3.11715
-1439.42
1442.54
327.578
822.449
-1150.03
621.962
269.888
-891.85
-2277.54
1186.45
1091.09
-1145.64
-1131.9
118.584
382.441
959.067
-631.489
878.077
-897.875
19.7981
-2099.39
992.461
-219.581
-186.783
406.364
-42.1124
1770.6
-835.469
58.5164
-1032.33
-1067.55
-227.803
445.859
-673.772
169.529
-269.787
-471.365
741.152
1103.94
-1574.15
782.544
-1374.18
591.64
723.869
-469.576
1947.82
-1444.49
-378.284
-1375.96
32.6738
431.137
-527.196
542.12
27.2109
-579.973
552.762
566.978
-288.724
-599.488
275.784
323.704
782.472
-354.759
34.4846
322.215
1188.47
-1191.59
167.359
233.531
442.472
-712.259
618.379
-1005.1
-2026.78
2026.78
-274.349
-480.237
754.586
698.754
405.839
-1104.59
579.46
167.522
413.33
369.142
-2199.77
1328.86
-925.763
-680.353
1606.12
-479.881
-743.348
-293.942
602.721
-308.778
866.867
-263.928
-602.939
-457.912
642.306
356.083
-684.713
-376.593
-109.705
486.297
-1343.49
-478.308
674.322
-1154.2
-374.14
-1244.22
844.357
1463.88
305.329
-878.736
573.408
965.751
-343.179
1391.18
-797.714
439.693
-272.334
-323.908
-911.373
622.797
288.575
-390.883
-520.49
313.016
-411.246
-137.617
-168.58
306.197
-392.81
1091.56
433.688
-243.087
-386.488
1366.11
-166.78
-1199.33
-465.487
287.747
177.74
276.609
272.005
-548.614
-52.5727
-683.002
592.19
-1729.08
1136.89
1486.02
-871.985
-1058.59
-427.155
-1055.7
574.398
481.306
1405.24
-417.852
928.537
-1411.21
-200.041
-134.644
334.685
-467.732
577.892
-1628.91
427.858
903.878
273.858
361.477
-635.335
568.036
1186.21
1102.3
-710.016
-392.287
396.341
-209.543
-186.799
-1419.42
446.66
736.656
-1183.32
1473.22
-544.679
-515.391
974.102
-458.711
426.161
1186.14
-1612.3
47.4148
-724.25
-149.764
417.437
158.465
-342.804
557.11
471.111
-533.418
-1.00985
534.428
1024.51
-1307.64
283.131
667.189
-253.859
468.408
-1447.19
978.787
372.315
1688.83
-524.157
852.262
1075.1
-658.326
-1684.86
759.095
556.501
412.867
-969.368
457.8
79.1038
1750.13
-1829.24
1443.62
-379.492
-1064.13
1699.19
-1741.3
-365.192
-532.575
719.809
-187.234
-502.591
176.336
293.591
-373.13
-1225.92
214.441
-764.735
-638.89
-583.32
984.525
-401.204
-651.267
641.111
10.1562
654.779
-923.381
268.602
-640.401
310.585
329.816
-647.172
-753.132
376.677
376.455
-932.109
1400.52
-425.063
891.173
-466.111
-2205.32
5.55661
172.023
-530.552
358.529
139.946
1226.17
-71.7697
-602.002
154.243
-591.83
1486.98
-704.431
382.328
-460.65
78.3225
-561.545
561.545
1222.96
395.395
1778.29
-1227.84
590.026
637.815
846.964
-51.6617
1292.61
775.018
-540.958
1336.44
293.706
296.53
263.93
-796.505
214.577
-697.433
226.768
-438.735
211.968
-295.901
631.075
-335.174
97.4501
-393.351
-591.214
-564.68
1155.89
-405.897
542.487
-136.59
-1192.15
2032.03
-839.882
1288.26
-329.19
-397.625
135.237
-1993.54
841.199
1561.19
-865.01
-696.181
1987.04
-877.49
-1109.55
714.34
573.917
-239.746
466.514
-695.483
1185.15
-489.671
-769.235
1200.98
551.909
924.541
-1725.86
801.32
-593.093
-47.2235
640.317
284.104
272.703
445.796
-82.26
-363.536
896.304
-83.5512
-812.753
929.156
-584.755
-344.401
1576.14
-472.199
894.448
-1629.64
735.196
1068.44
879.379
746.392
-437.009
-309.384
-1058.84
-258.308
571.766
572.527
-1144.29
-504.58
508.628
-4.04851
572.922
-337.759
-235.163
-987.221
562.158
593.617
892.399
-441.763
1096.54
1424.7
-792.409
-632.293
389.772
-922.057
532.285
-1048.6
391.721
574.769
-1090.16
435.898
-529.941
94.0434
459.097
328.546
-512.765
-48.7796
-793.689
-881.74
1675.43
186.255
210.086
-270.945
389.53
2.17427
-582.001
579.827
506.4
867.466
-1373.87
-447.472
309.855
985.16
-88.8562
835.397
-1064.25
228.854
424.531
845.052
-1386.01
-458.751
832.323
1982.19
-1288.05
-694.138
269.541
608.536
255.513
795.116
97.3075
-994.489
897.182
1673.71
-1088.93
-584.785
-138.088
1888.22
-1866.13
-160.644
482.48
-620.629
138.149
-1011.53
527.84
483.694
-1730.46
538.315
-955.442
845.041
392.277
197.591
554.209
-248.88
-415.455
707.559
258.192
-0.79534
735.225
-734.429
-1171.83
-854.364
2026.19
-565.176
1129.18
-564.001
-477.667
-326.039
106.458
-1657.65
863.96
-829.228
-647.853
1477.08
-329.389
-294.45
623.838
367.512
-704.151
336.639
253.287
-608.046
326.305
191.19
-517.495
363.979
-657.921
678.15
-310.638
314.59
-456.675
692.699
470.019
-193.41
-441.656
-311.476
1230.64
0.571377
-1231.21
1038.63
-420.248
558.583
410.835
-1782.3
869.807
912.495
484.977
560.483
-1045.46
-532.477
203.088
-264.555
1182.05
-917.492
-1590.81
1212.53
504.592
-1095.81
383.126
-0.798179
470.596
297.386
-767.983
368.515
-613.701
-37.7576
759.18
-721.422
-524.903
794.79
401.96
320.902
526.062
650.734
78.0378
-443.056
365.018
1058.09
-644.575
-413.514
494.046
-1664.27
1170.22
-1140.29
1753.22
-612.934
1715.88
-1123.69
-333.792
609.576
-1197.01
1294.32
424.619
-797.175
1614.9
-817.722
-265.865
-199.622
-931.013
1472.34
1816.31
-610.228
-1206.08
-405.175
721.884
-1305.2
-124.653
-81.524
527.32
-702.253
-354.183
-1236.63
-213.692
466.979
902.417
-556.757
170.38
-1674.86
-71.3306
1746.2
-1090.41
525.238
564.369
-1185.39
621.021
900.863
915.444
630.454
619.847
714.184
259.918
-1176.83
481.347
-392.453
419.664
615.355
-513.501
235.886
-728.051
492.165
727.231
-389.543
-264.122
177.773
-604.554
260.225
344.329
-885.499
-744.144
1087.67
-2145.74
395.96
-680.592
-342.798
-723.461
834.451
590.251
-336.207
313.579
407.787
290.959
598.862
-889.82
548.837
636.317
-529.012
152.419
391.972
-666.321
-1094.5
-803.096
1897.6
-1809.38
156.951
1106.61
-1371.16
1198.69
-715.069
-483.618
-504.528
1349.58
-1495.43
627.929
867.504
-284.402
-209.265
493.666
1428.44
558.6
353.134
-462.838
-478.869
-573.901
1052.77
-423.128
595.151
1583.33
-1131.04
-452.285
-831.461
351.225
654.475
403.614
-1623.42
416.186
1207.23
-179.824
506.129
797.585
785.743
177.379
-695.203
517.825
200.88
210.186
-281.756
-109.624
391.38
482.01
38.456
-520.466
-1663.7
605.105
-1621.09
1691.12
-70.0298
13.7667
-1634.86
1069.48
797.252
-326.655
-841.626
-206.972
-1134.58
-239.601
-311.924
680.439
-1812.95
-638.872
1211.4
220.705
756.241
-1332.99
-678.728
-466.071
655.782
-381.924
-1013.26
1350.81
-1933.03
582.219
647.372
1288.61
481.037
-2.42912
715.859
715.187
-1431.05
-635.271
329.19
306.082
435.955
-100.449
-335.507
139.836
306.096
147.511
-453.607
-598.677
1155.18
455.339
-641.169
-459.839
-401.805
861.644
-308.367
108.326
-453.772
155.854
-301.569
-709.965
541.837
-105.882
-576.663
966.435
573.501
-267.736
-305.765
452.875
-777.202
-646.37
461.271
-1129.37
-850.651
1189.13
-569.772
443.691
336.13
-481.376
123.532
1027.23
-314.034
589.536
-275.502
-509.04
1578.52
-748.9
289.958
377.692
-667.65
204.158
519.901
1.91687
-521.818
-260.817
-192.956
978.135
1108.84
564.877
-889.995
946.486
-56.491
-452.058
167.657
-784.999
313.634
-585.991
366.889
360.342
852.416
-1275.02
422.604
775.557
-813.314
-948.832
-550.395
1499.23
-150.489
511.966
-547.736
221.739
1319.57
789.639
-612.26
1360.65
-686.33
487.132
-640.055
-414.193
-421.03
-378.446
799.476
500.376
-841.725
-469.935
64.5082
405.427
-314.529
572.491
725.929
-329.969
-235.172
-174.601
409.773
-486.758
132.653
354.105
1462.43
83.3741
-1545.8
-756.193
1349.81
-1144.78
-465.948
593.948
-216.256
1152.84
-377.288
1083.42
492.721
696.404
-432.474
-884.729
-522.489
-1328.32
-20.2652
985.131
-964.865
629.928
360.715
-990.643
-339.012
-202.858
-683.798
405.542
1621.23
-201.534
381.076
337.468
-718.544
-1839.75
-2106.7
1519.15
587.552
-2044.97
358.283
392.931
558.083
-951.014
-460.511
1019.09
-424.378
-689.775
1114.15
-2030.56
1391.21
639.346
618.513
-1042.89
17.6422
418.255
386.24
188.98
250.713
369.412
1011.44
918.797
676.407
-322
-354.406
-289.454
617.202
-327.748
569.796
532.507
564.487
514.553
-1079.04
-796.063
-699.37
750.758
402.087
-425.333
761.972
-1193.38
1609.57
448.032
-1137.81
-343.302
534.492
-1396.91
922.058
474.855
-728.798
-344.796
-749.649
290.119
459.53
447.326
717.458
-1164.78
1075.53
-590.557
-421.547
659.678
-238.132
251.22
322.281
-466.115
-432.291
898.407
-226.97
582.672
-967.143
384.471
-448.482
600.598
-1681.3
423.977
670.131
-1094.11
515.845
103.775
113.412
-2212.81
586.3
-142.609
1444.96
1777.1
-217.549
-1559.55
-438.536
1789.35
-1987.28
1194.6
792.685
397.438
348.955
-47.6133
882.065
-1282.72
718.043
-867.92
-821.384
801.119
296.374
69.5331
-365.907
223.687
177.292
-400.978
1562.96
-847.102
-1530.92
-325.432
487.753
-225.709
-262.044
391.879
365.972
238.915
416.867
-11.3138
1003.44
-992.125
428.861
276.052
-704.913
-734.168
1817.42
-1083.26
-342.634
734.513
-1231.53
-417.449
-913.628
481.337
625.355
-841.524
216.169
758.628
-377.259
-381.37
-446.758
-443.237
454.637
1123.61
1240.76
-676.394
798.646
-345.77
421.02
333.566
-237.576
-223.074
-272.121
644.436
408.141
-845.277
437.136
252.373
387.723
-640.096
-420.2
828.341
754.049
-1146.86
913.562
-61.1465
-483.033
275.72
792.264
-96.5831
1385.19
1890.51
-52.6479
340.395
-374.461
452.499
-1088.24
1076.93
667.775
376.406
382.222
86.6968
401.057
251.45
510.578
-375.236
-260.036
-561.609
-89.6576
-363.58
361.749
1.83057
-257.406
-283.942
1010.77
-1540.68
529.904
-159.016
-218.231
-432.958
709.01
-1647.83
1590.94
-963.01
309.596
-723.788
584.333
1224.41
-1808.74
607.442
983.497
308.195
-1124.52
709.063
-336.943
-298.392
1392.16
-1454.36
838.182
616.183
447.328
-630.942
183.614
-381.335
471.168
-89.833
400.658
81.3519
1724.69
452.373
-251.493
557.664
-1704.79
1147.13
-99.2753
423.821
342.963
333.444
-448.724
-614.543
1063.27
408.173
-866.924
-640.275
902.312
570.905
-440.417
-199.984
-435.996
-409.281
-307.661
-826.922
1821.09
-1821.09
-100.827
-1608.58
1709.4
295.797
277.125
-916.862
-555.619
1472.48
-408.162
972.649
-619.058
-1044.64
719.782
389.922
-1109.7
470.729
-156.139
573.073
1220.34
-1793.41
-1058.2
2116.37
-1058.17
-378.36
-292.319
-517.852
869.077
-1760.83
1608.12
152.709
1760.83
-1615.26
-145.568
-240.849
519.039
-278.19
-537.311
1620.73
1581.46
-1998.91
1111.5
-333.462
-232.15
565.612
221.123
-564.425
-754.983
329.65
1343.61
638.579
586.338
478.507
-1064.85
267.082
429.321
875.218
500.116
-1375.33
539.919
-1018.79
1574.94
-564.167
-793.672
-409.792
-137.953
547.745
-490.323
1207.78
-739.178
330.015
366.607
378.581
237.239
-615.82
599.704
831.579
-602.725
251.798
694.688
-440.417
-369.434
-210.636
580.07
1168.44
-700.492
606.666
468.72
-1075.39
-1275.63
1275.63
-383.295
759.702
-276.311
-483.15
759.461
500.748
436.812
-937.56
394.804
-671.115
604.513
-869.501
264.988
-367.545
-489.224
1075.56
-659.047
-713.648
1372.7
-367.723
950.395
-1552.78
675.287
-1.65519
-391.384
393.039
-553.795
723.324
310.255
320.82
164.197
306.532
-573.696
236.753
1870.56
-1967.15
247.726
-705.638
458.73
-822.055
363.325
-909.637
1446.82
-537.183
-430.209
-483.419
600.874
1124.16
-1725.03
-713.465
335.105
-463.567
1033.36
-801.146
1052.94
-373.855
-623.246
-520.992
735.569
537.746
-355.83
908.921
-311.712
-175.046
1599.03
-1816.58
-335.811
-631.332
-343.21
475.863
262.44
-644.364
-157.226
1078.06
-802.342
195.479
-346.683
-283.31
629.993
384.418
-885.698
501.28
-480.595
-463.817
-878.736
-370.42
570.025
-199.605
-445.689
-440.422
-344.505
-172.99
-404.355
641.594
-480.152
813.718
-1071.76
623.04
-1412.68
583.456
-28.8992
-1840.26
1869.16
570.113
-450.633
1241.77
-716.53
253.48
-253.48
674.111
-451.461
1045.96
-1665.02
-1158.74
-947.965
288.394
328.808
899.872
715.026
-519.322
-287.942
807.264
1662.01
-1690.91
-433.338
337.951
229.027
1134.63
-527.96
-943.341
1550.5
-607.155
440.743
-251.763
391.028
428.702
-819.73
544.152
463.461
-1007.61
-331.233
661.248
-38.1802
1908.74
1624.16
992.398
-1696.83
726.523
-1176.61
450.088
-492.509
1367.73
836.532
-1341.06
-582.263
248.801
808.556
-395.689
546.613
-1191.88
645.27
-633.924
-1215.52
-695.702
1911.23
-175.948
542.636
-366.688
-139.948
317.463
-493.411
334.945
362.977
-697.922
-1491.12
755.908
735.215
883.966
-1434.36
821.848
-433.211
209.06
-358.824
-615.69
246.256
-696.247
-700.666
697.174
507.481
-1204.66
384.972
-204.701
-180.271
554.133
-956.972
-584.95
-464.589
778.222
-831.34
-1155.94
-1437.94
499.736
938.202
42.0309
-660.454
320.606
339.848
-1325.41
1048.42
276.994
-615.308
-456.456
-665.532
921.045
396.864
-193.891
-202.973
508.405
980.424
-1488.83
980.964
-559.865
165.441
394.423
-450.496
674.389
-426.663
-503.671
160.461
234.009
-1522.06
522.773
552.761
-774.845
221.05
141.628
-453.34
358.076
-821.893
1954.16
-1195.38
-758.775
453.869
-689.591
235.721
321.142
333.443
108.055
-441.498
-581.999
188.74
263.633
-691.815
1374.18
-682.364
424.083
492.508
-1221.31
261.633
1866.77
-1013.59
-853.18
784.094
-527.044
156.624
1402.31
-975.107
-427.199
322.238
-773.699
-616.59
1725.43
606.782
633.981
322.061
-25.6879
252.842
-1138.34
1725.72
-587.377
-1763.55
820.208
1775.6
-1704.15
-71.4561
-659.811
267.358
629.05
-726.658
205.666
1402.56
-566.024
379.41
452.913
-1858.76
1420.22
547.508
-462.274
-85.2349
190.549
-535.054
-317.915
-159.752
-349.206
692.169
-650.904
241.111
621.521
545.166
-1166.69
1113.46
-1947.64
834.178
138.194
348.103
-1700.36
1662.18
302.711
-735.185
-169.436
378.496
764.513
677.655
-1442.17
1089.52
-1088.94
519.711
-1110.27
-625.672
248.245
377.427
533.573
-273.348
-633.505
-1031.52
281.628
-722.05
-912.32
161.301
157.274
227.698
404.842
278.991
-683.833
-638.777
-834.394
-978.559
483.302
-1065.3
-303.271
481.011
531.175
657.951
-277.103
-120.522
-453.127
761.322
255.323
-1203.08
564.302
1314.74
-550.227
434.806
-1019.76
-382.984
127.133
420.375
1023.14
551.798
-1729.22
1628.4
1659.18
-599.406
-1059.78
1906.64
-1896.02
-10.6195
216.549
-591.01
-356.806
552.286
-780.36
-328.611
-331.199
1025.68
707.319
-1525.73
818.416
263.483
-26.1847
1625.22
-1113.52
413.024
-1278.25
484.576
-61.6768
1524.1
1197
-470.477
-486.265
-73.5996
-243.564
736.075
-1951.6
-707.228
358.596
-530.6
172.003
190.468
-504.502
1139.95
671.619
-1811.57
-611.124
148.85
941.649
-1497.27
-210.533
678.755
-468.222
900.344
1099.66
-745.392
1352.17
629.629
-535.93
-93.6983
-339.658
1177.84
1068.69
-1984.41
915.721
-1177.39
538.518
1488.71
-586.402
-404.183
-124.829
-1245.48
569.084
1173.04
-61.5589
946.281
776.011
-1722.29
-198.161
578.809
-1541.71
962.906
487.022
916.412
-1403.43
629.725
581.674
404.174
-1106.6
589.449
1111.67
1215.2
-452.124
-763.073
-1186.2
-1754.93
-4.51546
-1724.71
-178.813
-452.129
1611.14
-634.714
-976.427
-490.812
1121.27
-1321.6
633.202
688.394
-1364.87
1448.25
-1334.26
588.865
1520.46
-428.943
-568.811
164.628
-1509.04
236.495
176.389
202.411
427.217
466.882
400.737
-867.618
506.448
-938.79
900.104
-1444.78
-708.619
214.619
494
-1050.72
452.042
-485.345
864.755
694.616
19.5461
-520.684
153.996
-886.569
-1318.75
-712.046
346.292
365.754
397.979
-721.268
323.289
-474.304
-189.358
-708.517
725.643
1540.13
-593.847
825.985
736.976
1344.62
-844.505
-970.906
-570.809
-793.752
428.605
365.146
-1035.56
-638.583
300.179
338.404
-1433.68
-296.778
-787.898
395.104
392.794
-656.231
426.609
229.622
-680.393
253.73
412.815
485.592
389.834
438.506
477.21
384.433
595.358
-968.487
695.185
459.992
451.993
356.041
-808.034
1630.72
-1079.82
-550.905
-504.87
-294.179
-1031.23
451.89
347.585
409.743
592.78
-1002.52
-1384.5
749.784
-527.772
1148.79
352.659
-46.563
412.458
-863.273
450.816
-1907.88
299.304
439.372
-723.973
284.601
-190.122
400.126
-210.003
-659.042
300.685
358.358
-670.509
316.102
370.73
388.972
611.817
-1019.98
751.751
664.596
-1416.35
438.852
624.416
337.733
391.955
-729.688
406.473
328.04
624.481
705.83
417.776
617.01
-1037.68
420.67
-1691.35
1166.16
525.193
1696.56
-539.183
618.507
-1146.83
528.322
-639.952
345.503
437.617
-933.45
495.833
785.908
-488.521
350.695
341.474
593.487
-929.298
653.486
-1252.36
598.875
400.945
733.887
-1224.21
768.67
509.994
-1278.66
500.809
396.304
-897.113
-501.796
-936.142
-294.43
629.375
352.495
540.605
-893.1
329.897
331.351
-502.192
1944.73
435.814
-845.597
409.784
-917.567
-808.295
-745.561
364.192
-1232.37
431.227
-1745.5
1615.26
130.238
1752.59
-1608.12
-144.471
-781.766
-588.127
261.411
326.716
-1775.6
1998.91
539.071
790.649
-1329.72
440.163
715.731
689.742
385.613
-1075.35
-14.4241
1617.14
-594.001
381.46
860.309
-645.786
323.784
322.003
-378.603
-296.258
547.478
-213.65
433.534
277.372
-661.263
383.89
260.158
-574.056
-279.022
442.776
-1032.39
589.61
538.071
1092.65
365.981
595.896
309.329
350.624
-659.953
1644.22
-936.898
1692.57
-1521.29
-171.273
-327.969
-820.79
411.51
857.23
-1067.76
-602.685
274.937
-1090.53
1628.6
-1606.16
-74.5425
1680.71
-341.275
-350.189
-370.329
539.972
594.654
-501.307
-24.9332
-549.602
501.318
-283.196
-218.122
1768.56
-1313.92
-621.02
295.52
325.499
398.12
357.316
734.249
-292.212
-399.269
-1752.59
1690.91
459.775
-1100.15
640.371
-41.8098
1670.21
570.762
476.285
-1047.05
103.271
1144.34
-1452
-8.91756
-1898.96
223.128
-594.737
306.535
288.202
-954.634
611.836
-896.338
466.129
-1127.89
672.515
455.373
388.924
255.967
-775.289
-357.147
1216
886.169
699.423
-1182.6
456.158
726.442
494.653
699.891
-1194.54
-407.612
-248.104
405.378
-959.194
438.939
520.255
21.2155
-1879.98
1080.02
-475.506
-508.848
558.817
-1378.03
819.214
-435.071
798.395
-405.676
504.629
-724.372
1702.51
405.234
-177.536
213.301
-163.705
-246.2
409.906
1895.34
-504.131
-1709.52
1050.67
-597.191
300.933
-1012.48
551.967
-312.423
544.456
904.971
-1449.43
-1102.99
437.459
-21.0852
-1946.06
1721.44
-652.752
-539.355
460.88
-1190.04
729.164
194.985
201.879
-279.18
774.096
698.243
836.427
816.426
-460.386
1084.19
-508.291
472.795
-188.33
-284.465
-1924.78
-713.059
-317.365
-640.895
-6.41862
647.314
460.675
-271.935
569.249
1074.97
-813.468
923.209
1243.88
-425.686
-131.645
-279.208
410.853
941.797
-888.311
-312.428
-1066.94
610.482
1564.18
-808.269
537.854
934.626
-400.219
735.05
-334.83
1129.9
-273.981
368.68
1349.47
-707.387
-214.67
448.352
-1198.27
749.92
-975.078
-170.929
1146.01
439.749
-954.338
514.589
153.568
732.173
483.025
749.525
-150.663
850.964
-426.138
1181.96
-796.348
552.485
-1465.38
912.898
-1216.64
1800.97
-431.707
-1510.19
879.313
-1401.8
-308.928
-459.055
1457.07
-1527.23
783.087
1491.41
196.849
275.945
-362.043
-1745.5
-279.871
-1023.95
1593.2
-1783.74
1783.74
1581.46
-1004.34
-631.397
-345.285
368.335
604.314
-414.198
-370.139
-1389.68
897.173
1125.08
600.642
1202.36
1789.49
-1216.41
-621.406
272.345
1659.22
-1916.77
257.559
815.764
-1268.05
1545.17
-561.673
790.758
338.419
-361.309
555.515
794.065
626.553
1399.64
-263.18
-445.522
-373.875
494.246
-338.213
472
735.781
-305.449
-136.049
-342.187
569.264
-227.077
32.4396
-370.199
1107.34
-1720.28
-465.679
-499.656
-569.157
863.379
700.797
-1596.33
904.511
-452.113
-632.224
-515.112
1251.77
349.129
1723.84
-1702.63
-1662.01
1896.02
-1560.65
840.132
720.52
-399.911
-1799.64
917.898
583.966
818.591
-384.889
1794.52
-681.058
-454.239
708.968
434.4
-1143.37
-1101.67
444.223
752.777
-1617.13
473.27
900.91
170.37
-395.061
224.691
-1612.52
-390.508
-468.541
990.187
-681.176
1442.83
-957.39
1857.73
241.529
-561.941
491.749
-294.9
474.34
893.387
543.355
977.103
-463.36
-427.882
574.328
882.745
-1392.69
-40.9921
1581.84
-844.864
519.972
971.436
-1475.78
-1115.89
1789.19
-1246.09
-543.096
1206.02
-319.318
-886.707
-186.095
448.371
-262.275
-457.287
-250.381
424.95
-174.569
139.56
-387.664
1745.96
-1750.47
-470.987
-530.881
-903.48
437.588
-200.258
-237.33
631.332
-490.936
-406.119
-308.078
714.198
-971.821
451.331
-1166.96
676.145
411.899
-646.976
-445.387
1586.58
-871.551
530.199
-458.345
-569.468
-462.918
359.048
-348.407
-10.6404
-1127.83
411.3
-665.026
-1033.51
1698.53
-615.913
-1424.83
711.182
562.338
-1596.25
1033.91
-412.187
-490.08
149.873
564.312
-1258.3
743.191
539.265
1005.91
-2133.17
999.983
1133.19
-373.753
407.22
-381.955
-25.2654
1477.98
-374.744
449.626
1148.7
582.637
906.078
566.348
528
-1094.35
159.177
-453.557
-1704.15
242.898
1127.5
-626.967
518.653
1013.57
-1532.22
1092.79
-1643.69
200.442
713.121
558.93
-871.357
-1086.31
-167.432
422.264
-254.832
-586.299
-443.058
-636.663
-623.969
344.789
-1619.64
939.29
-477.106
214.916
-392.452
530.083
-306.955
-623.451
1196.99
-1312.79
948.219
364.573
-1042.61
-382.49
-765.173
-831.834
1695.21
-477.328
1800.8
-1593.08
-207.717
-1556.58
1018.63
537.949
-732.731
-254.232
435.49
-181.259
-605.308
384.284
269.305
-653.589
-524.318
1001.48
626.339
-351.402
-1620.22
1050.45
571.814
1103.48
-1675.29
-428.51
-285.743
-373.3
-751.296
-502.953
-331.082
495.279
1557.98
-995.644
-774.205
1497.44
657.304
-319.353
725.882
1152.35
-1878.23
298.178
302.891
-487.517
-1934.39
1721.44
212.95
735.16
-475.071
-260.089
531.87
1060.75
-1592.62
359.048
-1733.63
-233.215
1752.37
-1580.65
1073.73
506.924
-1737.23
3.60276
-522.029
407.22
1700.36
-1721.44
939.308
625.252
-1564.56
373.939
-216.296
-157.643
-431.479
-248.914
63.5676
94.4116
-348.643
-424.738
-444.763
-403.003
212.881
1510.16
379.102
-195.438
-460.792
456.202
-192.569
325.095
1510.7
967.791
-187.002
-780.79
-1104.04
1704.91
-1728.94
1063.92
-707.491
-1021.45
-1265.07
1844.98
-579.915
1155.05
-1771.25
616.2
268.058
-877.676
1675.92
43.412
-1719.33
-491.19
-1082.96
-1745.96
-980.779
552.897
1019.51
590.28
1132.97
-1723.25
282.084
-498.34
700.608
-384.506
401.014
924.332
681.784
-374.296
-663.383
582.942
1072.48
-1655.42
-406.663
-362.729
769.392
418.72
-1662.18
1521.29
140.884
579.74
-1043.31
544.762
1083.84
-1555.61
993.936
-233.395
220.154
332.132
1906.64
445.196
-60.8896
995.846
722.75
-1718.6
-696.771
1085.26
-1557.46
159.525
-569.944
192.636
263.566
-677.649
-554.723
582.68
1034.46
-710.798
-262.155
-1368.3
673.824
694.471
-407.72
719.443
130.64
-850.083
562.237
-137.192
1557.42
-208.018
277.702
-777.447
-1934.39
1664.6
1019.18
310.585
294.558
491.35
-929.885
-994.898
-1767.26
632.529
1693.76
503.356
-474.645
1210.43
1087.03
-424.935
1029.25
-976.946
488.406
488.54
700.754
1047.9
-1748.65
479.804
486.631
-1493.89
-745.35
35.3348
777.54
-413.349
-887.478
378.63
-539.926
-801.135
573.408
-578.041
1397.25
1055.18
189.915
232.349
-550.672
1618.49
-775.143
1526.89
-1727.83
575.301
1152.53
538.712
-881.891
-1733.12
1916.77
-183.651
1721.73
176.436
-545.847
361.529
-267.118
-481.632
1210.8
568.273
1128.29
-491.155
423.576
855.882
-456.657
-770.908
432.772
338.136
1419.48
1089.54
-518.343
1422.85
-510.501
-533.036
1043.54
-602.815
527.119
-1242.19
1692.57
1839.57
-687.219
1586.01
-646.707
-1240.75
716.427
-562.878
196.699
-383.482
447.401
-237.215
-518.034
-1246.7
1870.95
-624.25
1173.26
-554.751
1120.24
-1659.43
1705.98
-573.989
-547.954
-549.847
1720.07
-316.158
-688.105
-473.422
1223.34
-1690.27
-1860.11
613.413
368.756
-971.695
162.674
208.553
-1719.02
1204.13
514.892
1162.84
558.888
-513.035
-465.444
1191.89
181.76
218.366
588.447
1251.12
-539.185
-1238.57
1777.76
-1025.27
999.984
866.783
-204.058
-1659.22
1702.63
-510.184
1411.09
-1733.12
-319.718
-34.408
354.126
-254.886
582.974
-328.088
125.544
497.254
779.477
-381.497
1257.51
1270.61
-413.376
849.957
-438.447
1817.54
-662.493
1586.65
-1723.84
-412.825
-774.163
341.43
432.732
-561.129
-563.575
79.7455
-1138.58
-985.203
-670.345
1655.55
-943.699
-1189.47
199.176
-431.326
-647.329
705.734
1167.43
650.108
1410.26
-591.671
1636.72
1317.97
-574.779
-486.826
191.927
-503.325
1396.71
1239.95
-566.124
-999.981
890.661
59.0913
-949.752
603.412
-506.206
1403.38
1495.05
-588.969
-357.738
357.738
-589.586
1623.5
1239.16
-486.385
1134.13
-59.5398
1856.55
-384.144
1489.46
-589.355
-507.698
1347.83
-650.337
1218.49
-568.155
1554.8
-591.898
766.659
572.187
-1338.85
-679.117
264.84
524.799
600.812
-1957.29
-1005.63
1586.65
361.845
-361.845
-60.8617
383.974
437.874
364.593
36.0651
-287.304
946.711
-545.765
-427.854
811.828
-239.04
616.467
-423.005
1560.86
-444.35
-883.975
180.145
224.597
-404.742
601.173
1250.76
-1851.94
925.363
-459.234
-348.407
126.148
-1943.05
1816.9
-446.914
174.581
1181.01
-440.505
-740.508
-292.959
-594.52
-495.645
-381.955
-474.892
256.77
1157.87
-563.216
231.096
-373.627
142.531
-22.9073
-107.682
1375.96
-1268.28
34.624
-596.233
-586.496
-447.223
447.223
-1262.34
1985.09
-1344.31
-202.426
-1828.63
235.551
-1025.75
-974.243
-180.294
-1639.49
709.607
1229.32
-1925.02
363.633
316.027
-679.661
-1850.02
1234.27
615.753
-559.483
559.483
-958.924
-40.0026
-1866.13
-558.179
1650.83
-675.835
1636.19
-601.727
-187.454
-1711.51
-580.314
-479.605
-594.861
-461.938
461.938
-1537.81
194.528
1343.28
167.03
223.172
-390.202
513.221
454.57
995.766
-475.511
1751.29
768.372
-417.665
392.4
522.92
1702.07
-594.722
-552.988
1636.83
464.981
1812.82
-645.383
-1804.45
-1938.07
-647.092
-474.886
474.886
-585.521
211.646
-714.807
1018.35
-466.387
-1075.7
-291.061
1579.56
1852.29
1635.37
-1635.37
-319.005
739.475
1761.52
595.801
1275.15
167.749
206.19
609.102
596.331
1603.49
-1603.49
217.66
-357.635
-438.234
453.481
950.278
-461.872
-638.735
-1130.96
1706.26
276.15
-1675.51
630.871
-288.323
464.759
1744.65
-592.116
-213.031
-472.774
375.406
736.269
1738.58
-613.501
-511.789
-785.74
1960.54
-870.461
-1090.08
1642.71
-703.623
1223.96
-1824.96
600.999
375.931
-937.872
-185.16
-102.352
1097.46
-486.98
136.495
642.001
-1673.52
429.685
610.223
-1804.45
-583.295
1787.42
883.395
-1162.88
1760.5
-597.613
1783.83
-575.553
-1208.28
429.492
941.833
-1750.47
924.482
-1473.44
226.236
1247.2
-831.401
-1254.22
-373.648
73.6427
300.006
581.767
265.065
1033.36
-438.751
844.779
-406.028
820.236
741.508
-1561.74
644.478
1066.5
-23.9919
-661.715
685.707
-1744.46
723.011
708.761
150.541
-1122.61
1936.78
-674.565
-1262.21
-537.185
1665.47
837.922
967.245
-1805.17
1227.86
683.368
-407.691
708.375
868.097
1027.14
-587.392
1761.52
625.734
1773.56
-1185.59
-587.972
-428.629
-324.655
753.284
121.453
-1185.58
1660.53
-540.283
-1437.78
1437.78
1250.56
594.424
1351.4
206.579
-575.083
280.236
-184.991
699.155
1113.66
476.763
-295.003
-869.443
-575.341
1746.87
-1746.87
973.8
-973.8
987.337
1025.17
-2012.51
1837.96
-613.998
-581.123
855.703
-947.854
-1052.17
998.176
691.309
-1689.49
-512.765
-382.125
-660.766
-808.436
2042.7
-1246.41
-613.703
1002.98
974.859
1289.78
647
322.006
1012.69
264.242
340.725
1186.21
1756.9
-1756.9
671.46
79.5192
-385.284
-997.06
-539.995
1674.12
986.315
1013.68
-1833.3
-218.824
-361.491
604.62
-361.722
1849.57
-1077.87
-771.699
371.017
-17.8831
-828.216
-1662.68
1662.68
912.67
1923.75
-648.599
586.525
-479.063
1708.01
-1228.95
728.794
1837.82
1154.66
-616.139
-576.943
1143.29
-812.042
-482.832
932.169
1106.42
397.297
419.129
368.695
1222.96
-1135.14
-585.135
-644.704
-1212.57
1857.27
-109.539
-256.811
362.684
-494.329
1250.3
991.229
805.855
-605.413
1878.1
-650.238
-383.117
652.422
1877.33
740.319
-546.792
371.864
-444.462
1452.73
-754.484
1172.19
588.31
-85.4071
403.837
-318.43
-1244.22
903.057
398.176
1636.67
-712.337
1046.61
904.887
778.044
765.739
591.546
757.899
1009.93
692.573
1835.87
-984.049
-851.822
538.094
-329.132
296.927
-296.927
-384.289
-671.123
286.617
832.221
389.886
345.163
1888.92
-659.606
1097.84
52.004
-786.433
1118.98
488
-1140.06
1140.06
1758.39
-671.363
739.263
452.623
-175.452
900.054
-639.941
1314.05
1200.54
889.014
1143.72
540.444
1096.39
-556.145
-84.7504
-1090.54
1115.57
636.363
-1669.87
1198.01
-129.897
546.501
-416.604
228.74
-608.698
1859.46
1074.91
-1074.91
996.92
604.934
-1601.85
633.131
651.394
619.211
1115.31
767.637
-667.393
1731.31
391.627
1060.93
129.618
1563.64
528.349
711.599
-1215.58
-717.449
-527.002
1914.09
-1387.09
1852.19
-601.628
1513.38
-1852.28
338.902
984.018
-984.018
1772.81
-683.272
59.7423
-496.751
390.921
-645.922
1353.53
-707.605
672.646
-647.568
67.2585
528.23
621.555
-1149.79
1489.74
-754.547
1025.86
-1025.86
423.819
-326.587
326.587
276.648
1148.38
-694.951
-896.203
1591.15
1233.39
1266.33
661.075
-1927.41
-1325.94
-713.775
1424.96
1325.94
-543.611
-1000.54
759.18
241.363
1154.65
-1154.65
1174.12
533.896
1202.81
-1848.2
1206.3
-1060.79
1060.79
1058.92
1077.81
779.92
586.639
-1764.16
1177.52
1092.04
-1735.44
1067.83
-615.791
-508.62
1011.98
-699.427
585.949
1291.38
1690.35
-830.484
-859.862
1048.39
-1048.39
-195.644
361.17
-165.527
-770.19
356.841
-1827.06
624.394
1202.67
-768.204
-762.134
1530.34
-319.954
-318.021
637.975
1123.34
1656.39
-717.105
266.034
198.947
875.89
-875.89
887.073
1680.22
-1035.74
638.069
-1278.01
1260.84
-1909.44
1132.26
-1794.75
-269.681
-401.443
1921.92
1135.51
-1135.51
1236.18
-1850.17
598.134
-598.134
422.848
-252.001
-170.847
609.916
953.182
-473.379
765.992
1771.96
-854.066
473.25
-851.929
851.929
1238.69
-1078.97
1254.71
-1868.41
1267.23
-1891.48
1125.48
1551.92
-768.832
-363.327
894.324
-1872
977.674
-354.491
524.871
-859.666
859.666
164.975
-456.036
1176.27
-1777.98
1190.01
-725.959
-1025.55
1751.51
573.382
-642.206
-171.887
-340.633
512.521
428.028
354.976
536.503
-364.5
636.778
1289.48
-1926.26
844.036
-844.036
1125.82
-1772.91
71.7426
-463.127
1683.97
1205.1
612.696
-1817.8
370.657
-761.166
761.166
639.431
-1852
1243.49
1070.5
-641.013
-519.326
519.326
1222.24
619.855
-1842.1
1160.27
-1752.39
1123.18
-1763.04
639.86
583.041
-1404.61
821.574
1237.85
621.609
-1771.15
1173.54
488.352
627.931
1229.34
-693.408
-1368.15
1773.69
727.107
-727.107
1095.04
-1734.48
639.433
-826.944
388.497
-719.648
1717.82
234.176
300.493
194.787
537.421
1224.29
432.428
-852.042
-808.619
1660.66
-1166.69
-660.375
555.436
-1530.92
-632.233
1091.09
-709.628
665.54
-665.54
1010.21
-1010.21
-605.793
889.868
-722.347
1876.01
-642.614
-206.197
178.19
175.111
-353.302
610.882
1112.18
-1723.06
1813.99
-576.133
-719.39
1895.66
1079.51
-1772.92
548.785
-396.366
-524.535
524.535
160.678
198.135
-358.814
1836.05
205.953
145.798
-351.752
-278.743
605.434
-605.434
-1215.64
1767.92
-552.273
690.266
-437.424
440.647
-227.766
198.998
151.432
-350.43
1802.7
-1817.27
-1745.33
1131.83
549.205
-395.209
198.222
162.744
-360.967
-1685.8
660.531
628.276
-628.276
562.802
590.742
-362.002
-2087.54
-1193.41
-675.861
1878.67
1134.31
-1721.68
-1230.63
620.356
1707.34
-1091.14
-1169.36
200.174
162.917
-363.091
-583.496
583.496
35.2576
680.162
1092.93
-1773.09
1131.18
1102.15
-681.476
313.629
741.368
-741.368
-1477.94
584.412
893.525
1083.28
-1678
1810.55
-604.247
452.394
-715.938
-1640.75
1039.02
-598.637
1796.65
276.342
565.901
-565.901
1633.28
-894.146
434.912
-712.955
712.955
-1097.58
-850.065
-475.932
193.921
173.423
-367.343
655.794
-1301.72
-432.702
-1654.14
1069.01
527.812
557.991
137.546
211.224
-348.77
-1204.06
1805.06
-608.671
-1280.41
-782.8
1603.04
263.621
519.057
-284.159
626.203
-626.203
1792.34
1497.74
316.25
-621.686
621.686
710.168
-480.546
574.61
-409.982
-201.48
467.514
-506.182
199.227
720.101
-505.482
-712.951
329.833
-1658.97
1118.69
1091
822.563
-571.113
1452.16
-1557.44
965.539
1002.75
-1673.09
611.028
1106.15
-1717.18
-1587.02
1022.85
618.12
-618.12
1223.53
628.764
-1123.02
1099.92
-668.689
717.996
-464.266
-1486.33
897.365
1033.78
-1627.79
-1183.27
-580.892
1967.75
-998.935
523.424
981.784
-1628.49
-159.357
-553.594
1603.67
-17.0183
-668.929
1209.63
-1885.49
551.741
-1681.11
1101.45
-526.784
313.245
213.539
548.946
-1195.92
1845.14
-1528.75
957.946
-259.818
-244.141
503.959
219.915
-458.534
-385.207
1451.71
-756.05
-823.229
1579.28
740.745
-1839.86
1099.11
-312.72
477.696
-1922.61
1954.59
-1954.59
-1802.62
807.721
1881.25
-649.729
175.084
-416.631
-537.708
-341.584
-879.899
387.308
-593.811
1985.97
849.366
-492.938
-356.428
-1664.53
852.056
-1876.01
1059
730.193
1836.09
-281.788
1669.22
1787.52
-586.981
-1627.66
545.692
1081.97
872.3
-1628.35
-606.112
-668
-129.723
640.01
-363.86
153.878
407.667
996.209
484.283
-1480.49
1675.34
-543.51
-562.584
1647.94
-1707.48
921.508
-497.932
-1101.53
614.554
-26.5168
-1433.55
1630.67
-524.519
-1435.35
860.007
608.993
-1679.39
1070.39
1671.45
-588.173
-1286.91
-689.804
1919.15
-1621.23
-14.1385
-367.036
-1799.2
602.228
-1179.17
-1468.15
878.792
-502.187
923.022
774.501
-1697.52
1014.3
-1438.58
424.282
-64.3716
-236.407
-164.571
-1400.14
425.067
322.811
-962.866
529.343
-1518.24
750.034
-1598.04
789.767
-1115.22
2009.54
-16.0193
-607.538
1772.83
941.718
151.492
-1819.69
1169.97
-625.657
433.134
-445.456
1071.19
-126.099
-1079.31
1205.41
-480.073
1246.73
818.271
-1650.11
195.046
1196.7
759.396
-1534.54
143.02
1670.43
610.075
-1546.97
949.982
-1543.79
-549.685
229.731
-1398.91
912.52
450.748
-109.652
1204.46
-570.483
401.966
-717.825
1402.5
-684.674
-363.695
607.476
-366.365
-545.05
809.89
-1372.64
806.618
-514.904
-706.402
-363.733
-463.211
1853.05
-1066.67
-656.391
-631.46
1870.15
-1268.28
494.317
-1239.64
799.132
-978.399
852.301
-1302.67
741.542
-845.749
-292.058
-768.5
309.446
-484.346
1209.67
606.964
1026.32
-6.59005
596.039
-88.3907
405.854
-228.758
447.124
954.256
1065.34
182.572
-1414.3
822.631
-749.722
-1128.77
388.26
-1338.31
763.533
-1595.62
750.759
1264.2
455.827
-223.478
-756.737
1328.92
-1082.8
-651.682
459.475
-337.534
26.0796
994.16
-1119.47
125.311
648.513
-755.285
211.889
-1745.2
-794.863
306.342
-230.987
1087.16
575.03
297.329
-872.359
-595.79
-832.212
352.607
-456.403
-24.0136
1443.54
944.058
256.411
274.815
-531.226
-686.508
1787.96
-62.8017
-454.896
714.814
177.89
356.531
275.998
-596.586
1676.87
1382.48
1829.01
358.901
1079.66
-1766.17
793.031
682.173
-1475.2
-1505.56
1095.02
-1061.35
1709.86
-651.837
315.514
-792.337
-573.195
-996.833
1570.03
-1033.51
248.153
-337.986
1083.77
-1542.3
701.455
-1519.18
-853.581
589.227
264.355
-583.277
533.251
736.603
1112.96
-1668.23
1668.23
-599.491
807.008
1147.15
928.376
-1527.87
-604.876
-947.706
-416.623
-477.523
-286
615.19
648.616
-1428.98
-1594.22
722.664
864.991
-1627.12
637.186
738.952
739.548
-1516.99
-485.31
1390.2
-763.957
-515.778
1279.74
-1252.3
686.176
930.167
-402.327
579.781
-1312.51
-1382.48
-1339.18
616.146
723.033
-573.534
648.424
-1294.79
-683.048
740.853
-418.848
803.02
524.669
678.788
419.554
-1183.51
324.015
505.82
-829.835
-425.638
-104.914
875.788
-1592.89
1663.51
-158.278
-1053.08
-626.31
368.324
284.098
1654.65
-556.81
1476.2
-578.839
492.419
646.184
-1510.04
863.854
-1230.51
662.356
-1217.2
-488.977
1137.4
1168.63
716.48
-1232.26
735.259
-1728.28
848.584
466.156
1009.22
-471.795
-145.308
-1050.86
-256.017
415.195
-474.457
673.464
-1569.67
-1183.29
524.966
1034.78
711.657
-1200.63
-603.127
-1634.84
0.425186
361.104
411.252
-901.233
1526.48
327.012
789.419
-417.555
5.20812
1574.56
881.726
-345.956
311.898
34.0579
-470.379
1238.02
561.405
-1046.23
484.826
-327.012
-21.3953
530.556
-1070.75
540.197
1179.08
-413.34
335.947
-743.638
72.5657
941.48
429.962
-228.083
-500.374
-1064.41
-1191.56
636.806
-713.874
-1615.54
-658.586
797.372
608.14
870.715
-1478.85
1037.64
-1085.17
1660.61
-621.594
-485.316
-311.526
1166.8
-291.732
346.754
-384.256
37.5021
-735.283
-594.598
-1412.39
780.17
-975.666
-626.188
-46.5748
-14.2607
-276.577
484.542
-1163.66
247.762
-288.867
41.1058
-1092.07
-589.042
-676.306
586.518
-1149.73
-183.029
343.956
-388.905
44.9492
423.358
379.662
-1097.41
-591.071
815.567
430.916
-495.426
916.577
629.692
-1546.27
911.281
227.092
862.145
-438.326
454.591
526.249
510.855
-1037.1
596.684
486.01
-1082.69
688.947
607.685
802.327
-1410.01
969.009
1139.65
-655.106
943.171
647.983
879.617
-39.3375
574.136
-1102.1
298.662
-347.886
49.2243
465.917
383.449
-389.051
324.788
64.2631
1112.41
507.018
-1015.64
-1631.95
863.114
1421.94
-757.34
-426.934
352.006
74.9276
1136.33
-725.025
192.604
-1072.98
1712.41
308.619
-388.187
79.5683
1477.97
-599.174
331.422
-415.048
83.6252
-621.596
257.736
-451.45
364.576
86.8749
357.407
-440.019
82.612
357.806
-434.366
76.5602
422.72
-481.863
59.1429
-470.489
438.399
32.0905
434.424
-458.755
24.3304
420.299
-437.517
17.2186
422.482
-433.04
10.5578
412.763
-417.001
4.23767
-442.326
457.035
-14.7091
440.409
-418.601
-21.8082
421.294
-391.227
-30.0672
-467.969
518.163
-50.194
-20.7684
-800.955
489.866
-145.32
752.863
-685.32
462.525
510.301
651.26
-1458.62
807.356
-596.769
-648.008
429.692
382.136
416.32
-410.236
322.357
87.8795
379.424
-753.857
374.434
114.64
1571.46
-605.916
-1292.65
190.213
-552.256
444.706
-926.923
482.217
533.536
390.355
-840.169
449.814
1688.02
-743.964
1500.41
-879.596
-1587.77
-792.614
1763.74
-672.739
475.718
-951.224
757.716
-1354.49
1112.06
1588.55
510.953
419.214
427.705
328.351
-415.024
86.6734
-895.709
450.946
-433.41
441.464
-8.05357
-758.843
-569.72
504.721
638.571
-422.416
-579.654
1646.08
-575.684
492.734
534.407
507.709
-1016.2
508.492
-1537.46
1173.76
-687.148
1701.45
1126.97
-598.651
-403.936
-434.35
393.65
40.7003
-284.98
424.497
543.307
-1038.95
477.046
1178.85
-548.357
-545.991
-322.328
341.874
1057.9
-357.395
-633.85
-535.508
511.824
-1058.22
546.4
1425.32
-602.692
1400.94
-500.885
495.972
-981.288
431.899
-430.05
-1.84911
173.471
-894.897
-671.146
1469.11
351.987
-829.664
482.249
-944.121
1833.3
-961.002
-728.616
275.059
542.829
593.706
651.876
-1245.58
684.518
-1432.57
748.052
1074.21
467.662
-905.896
732.129
621.399
-504.749
1417.42
-1770.36
1503.18
267.174
261.756
1453.59
-1029.72
1528.08
166.295
-711.477
220.54
438.143
-860.559
-641.016
-1103.14
278.69
1119.28
-163.084
1289.76
-603.586
-1600.39
1098.2
1921.15
-1110.49
-810.665
-581.641
844.193
1041.91
417.845
-823.873
-810.079
-1121.37
-648.25
-501.012
-384.164
-1358.3
-247.862
313.696
-573.731
202.196
426.698
-830.252
197.965
-652.205
854.414
-1810.31
-856.148
195.908
169.406
-365.314
-941.323
455.998
-1098.72
894.69
1016.16
424.841
1416.65
-1555.24
697.869
259.308
780.199
1379.11
575.597
-1183.12
607.519
458.903
-860.338
-896.862
1883.18
-444.531
184.713
-558.998
1120.4
208.598
625.816
688.236
-198.817
-396.068
594.886
1620.22
-1015.12
-509.118
1147.69
375.041
-313.81
-61.2315
628.364
-1265.93
-871.284
337.513
533.771
-1122.76
-1621.18
782.931
877.73
650.943
721.752
198.539
311.762
141.264
-511.784
370.519
544.364
-297.629
712.717
-1192.79
533.783
399.172
-780.669
-782.627
-627.385
26.9639
1617.61
-986.742
-819.793
968.644
1529.46
-850.896
-678.569
343.561
-689.231
345.67
-540.189
1298.09
1268.39
182.012
209.235
-1053.74
742.54
682.418
-507.096
142.596
-457.414
259.611
197.803
233.595
1469.11
376.209
-733.844
644.322
976.055
-1549.25
184.238
323.214
335.384
-658.599
1189.15
-602.636
362.644
698.691
-368.404
602.58
1282.78
476.459
-935.128
458.669
542.98
529.97
-1072.95
675.781
-1427.08
894.402
-450.566
-597.103
1679.07
-602.496
1796
-1193.5
-624.652
256.248
1510.77
-775.512
-356.25
889.313
280.572
-910.283
-386.469
670.567
822.196
-734.175
1277.69
442.715
-895.006
452.291
-1063.14
-756.55
-769.532
-1059.1
-974.617
-714.869
597.695
-597.695
-7.73988
-732.664
542.598
-1539.43
809.355
178.245
404.46
-752.633
348.173
656.659
872.805
-1300.61
1843.21
-892.76
1659.94
-718.219
1267.8
-870.561
457.69
-245.801
1404.17
307.99
-595.489
287.499
-1069.42
613.013
-934.188
1535
830.997
-129.777
-462.338
844.475
416.088
522.632
-450.52
-72.112
-1641.33
780.987
-551.102
141.119
1633.07
-882.309
1122.76
17.2974
1523.68
-652.735
-1128.61
-443.405
-558.789
-863.448
-1678.8
1052.49
519.556
-554.355
34.7996
-307.477
340.15
-751.237
1860.38
-44.8839
280.54
-598.561
-1523.68
-138.997
1137.43
-700.892
-436.535
-726.783
-117.253
583.603
254.729
-760.211
-591.163
1768.69
381.906
-742.479
1826.25
339.916
-884.966
274.869
292.48
-567.349
-326.701
366.017
342.358
-1377.22
-419.023
224.837
232.853
876.925
-1117.01
448.319
1075.19
-45.3222
-584.744
1156.29
-554.062
-956.377
-448.237
-495.95
-825.694
1321.64
-613.692
90.2434
231.818
-223.825
-957.006
1387.93
-430.928
-499.039
-680.709
1296.86
253.653
-516.084
262.431
619.087
1390.45
620.031
-1561.35
1196.84
-832.269
-467.753
-538.597
278.353
-332.37
54.0165
-556.253
-255.387
-10.069
-626.423
-1197.42
736.58
460.842
-571.742
1098.72
-669.994
1393.03
-582.68
254.592
1640.68
-918.021
726.783
34.3827
-60.8119
240.307
-484.448
803.404
-548.344
926.942
643.086
1020.37
-445.976
795.969
-1370.52
672.261
-247.642
1051.88
-654.317
1154.05
-373.935
333.932
-571.839
-890.505
1600.11
751.237
1731.14
527.949
-328.723
-530.086
864.738
-485.314
846.005
618.264
442.019
-360.246
-81.7721
712.206
-1604.97
-408.694
969.803
-636.884
-847.297
-742.205
448.889
-359.965
-88.9235
-485.417
-525.87
-602.72
370.732
1093.87
-639.274
888.337
-535.73
590.505
-424.701
1305.58
-1697.91
711.172
-1797.53
607.513
-530.854
505.354
-840.641
335.288
219.99
-541.047
321.058
-763.073
381.587
-351.827
170.478
571.698
-269.468
-462.301
1178.78
1124.17
-696.461
-587.866
-465.735
362.624
-431.165
68.5414
-500.278
194.79
442.69
-219.115
-310.826
-303.534
774.859
-1086.38
482.321
948.294
1037.67
-448.179
400.956
326.701
478.074
1029.19
476.796
852.489
1068.66
828.473
-1479.19
650.719
468.428
-1259.34
679.684
-193.915
-263.499
199.837
-390.282
600.504
801.995
-596.982
-163.097
245.474
235.446
211.678
1660.5
-456.267
-739.654
-317.931
409.79
-91.8596
1190.86
-501.097
-689.762
438.653
-395.367
261.794
410.467
-571.871
493.934
-732.065
1158.76
251.126
643.374
1399.17
-1204.64
705.019
-415.105
184.294
-186.38
-692.511
607.145
522.924
-314.949
1101.49
-669.393
1128.3
-489.022
1200.68
757.053
-603.064
405.663
-87.5302
1512.64
-773.69
1654.27
-993.738
1370.52
-1256.62
255.387
-46.4247
602.531
-779.979
-781.765
-404.043
1252.63
-74.1187
-565.977
-264.227
-1190.84
-589.145
730.751
-275.777
891.088
-456.176
-361.031
174.504
231.86
582.375
-219.097
-279.04
1229.9
-592.082
-537.741
583.232
-656.73
188.728
64.7524
441.489
-347.78
-93.7088
262.685
-1083.23
765.422
276.348
-1016
362.69
202.196
-564.886
627.239
-291.902
740.076
-448.174
-768.488
-378.566
-1024.87
541.243
456.709
-1188.77
-878.833
330.489
-118.315
178.933
938.529
-56.7647
491.643
-1161.04
1783.06
-901.331
-82.2129
-15.0349
-20.2772
2.69262
645.438
-470.86
62.5476
-648.539
-432.981
-625.243
-523.919
778.648
-444.871
-963.263
-1219.67
-94.2516
-465.736
746.308
901.248
-419.031
161.198
-356.842
-45.6609
784.537
800.807
428.05
-331.578
426.321
-94.743
-509.18
-665.584
308.189
-627.084
245.462
708.991
-205.752
347.879
1158.41
23.625
-518.667
647.103
-1593.77
946.671
296.279
181.417
-391.246
563.153
-384.908
213.511
-679.246
-412.464
184.381
-235.411
-213.503
922.566
775.549
192.344
320.176
-952.27
522.684
-92.6672
272.018
-743.005
-661.531
-946.653
759.651
-1220.65
-895.265
285.971
-502.811
150.746
-355.447
-428.262
888.188
-341.788
-474.884
695.59
66.5712
395.367
463.958
1154.36
-738.365
14.8982
-384.127
640.375
-543.864
-627.107
732.173
-453.508
1209.81
-313.729
282.616
31.1132
1779.07
869.196
511.847
-329.835
876.463
-1428.08
-1840.41
856.357
755.631
-333.99
1603.67
506.552
110.099
-95.0061
-160.053
255.059
1695.65
708.681
-1393.36
1687.55
-733.297
1036.48
-42.3247
1217.08
11.4142
271.287
-714.345
-284.372
-345.108
290.165
-816.035
1020.05
563.775
201.284
-669.825
-701.268
-151.842
1214.91
-243.69
-268.796
-175.682
-86.9422
262.624
-1032.35
-215.202
-689.76
-620.709
-1332.87
547.132
-548.349
-1248.69
1103.12
737.08
-370.668
-102.106
419.035
-323.657
-95.3777
1771.12
-520.597
133.787
-357.266
-92.9272
-457.329
960.989
-638.048
474.214
542.738
-650.151
-45.0522
294.965
-89.8305
285.347
152.513
208.658
-1154.36
-407.667
-189.056
-85.3113
274.367
-757.256
-809.849
-373.267
-95.0642
-851.588
-1126.11
-1464.15
-535.89
-1464.15
1467.88
532.124
1467.88
345.108
-316.909
123.954
1034.7
724.506
1274.61
-1121.9
-460.257
-852.255
-450.538
-840.714
-265.949
658.394
-438.684
296.074
-1752.18
-442.398
-8.44515
-372.696
732.416
-573.935
415.599
-707.501
-510.193
630.967
-428.772
-1114.3
-725.559
680.153
-1713.66
-771.476
-687.14
1679.72
-501.593
222.553
1056.26
-560.801
-100.914
-87.4321
-1480.2
585.298
1566.45
387.713
-1419.64
-467.946
-1398.86
250.753
-1017.76
460.725
440.523
1009.52
-862.934
-80.5481
-239.066
319.614
-1292.65
-348.703
439.716
-237.52
-766.921
-475.268
-592.297
1486.99
686.22
359.786
-770.511
435.094
1138.94
-714.099
-819.639
-665.447
251.249
-646.487
-24.6277
-471.169
1268.02
-842.951
1461.96
-385.035
-362.721
771.158
-422.028
-908.497
-798.079
-428.723
493.851
-355.571
-138.446
494.017
116.967
413.914
-457.288
1424.53
1573.05
-604.403
-627.612
1155.84
-968.846
246.242
-300.241
-452.589
1099.53
-531.771
-211.867
946.859
-471.859
-155.585
367.552
757.256
-1342.45
-44.1166
-388.585
-253.402
253.402
-321.09
-431.544
932.057
-617.365
1297.05
-414.458
-510.802
-1586
822.115
-320.835
-349.477
-1193.94
1176.57
-569.052
177.83
413.936
-891.459
-722.778
294.688
490.979
-293.176
-633.439
-517.151
-254.434
-107.488
361.922
-819.741
-100.094
-249.369
349.462
-245.354
-89.7629
335.116
-277.099
35.2376
887.578
-1535.43
364.608
-189.497
141.078
-927.512
1043.78
-500.954
-670.739
-443.725
1114.46
938.922
-261.363
-110.874
372.237
-435.068
446.482
1371.86
1661.53
1282.78
-1487.11
716.602
185.412
461.902
95.0353
-348.437
462.863
-297.219
787.422
-439.249
528.91
-693.463
-608.254
-465.313
144.804
502.017
-40.5669
-456.099
-444.787
-654.984
-1583.17
773.095
-260.743
-119.754
380.497
-887.882
-512.162
1610.36
-1525.54
-874.826
1129.87
-1175.2
1601.04
1057.16
-818.797
-899.8
126.054
-613.777
1671.68
906.053
910.457
679.491
-262.734
874.661
-350.582
-329.483
-369.014
711.372
396.732
577.368
601.582
529.271
-345.034
741.553
327.753
1580.06
1421.6
-483.069
315.163
-363.943
-648.884
-8.50101
153.037
-883.074
361.737
-802.188
953.057
842.941
188.728
-261.96
475.499
305.105
-581.059
783.208
209.252
215.118
194.656
1560.36
48.3929
905.566
-953.959
475.371
-402.258
177.81
-1098.65
473.41
57.1046
819.275
908.148
-178.243
-180.569
-384.317
-353.162
-525.671
-606.816
245.785
-929.346
457.571
-468.077
-352.224
88.6422
751.129
-456.995
897.027
-83.4916
-468.764
576.183
885.779
352.36
-214.003
271.576
931.964
603.035
53.3518
293.719
261.877
-1225.43
465.313
-926.363
620.938
305.426
1688.74
-429.131
-364.263
324.752
-403.795
976.959
154.107
336.697
1220.72
1514.69
-650.833
-679.502
654.299
-345.033
878.97
-533.938
-679.931
659.163
-444.34
823.086
383.08
625.464
-361.714
-1348.49
1038.57
-250.501
1857.45
-678.557
197.574
528.235
-223.467
678.037
-313.77
240.527
-1100.04
437.675
-1356.59
1339.59
406.601
-265.269
-121.919
387.188
-784.006
-1623.68
-923.976
166.813
87.732
-605.179
1056.51
1190.84
-704.083
-793.207
-667.663
554.227
499.866
546.326
-1252.73
930.389
-283.555
1175.15
-510.771
777.129
-1290.16
1098.67
-63.1646
251.892
-608.574
1393.11
254.885
-635.065
-914.186
372.595
1201.37
205.748
211.69
78.2122
-973.975
907.47
-971.841
-236.014
305.443
759.501
717.097
1154.81
354.14
-661.81
-327.492
-308.721
-277.286
-742.702
-454.277
490.087
-387.802
-23.4445
83.5458
-43.5245
-749.121
291.791
-1344.5
289.735
520.602
669.527
-1190.13
-1099.72
-355.527
-386.468
-1009.52
-1135.14
-1517.72
617.347
-297.568
-1103.8
-380.159
-380.919
786.546
393.686
-1107.78
-39.5105
347.1
285.698
272.14
612.501
-1048.9
347.225
-452.537
371.121
-205.454
-399.632
-196.611
-1543.56
301.827
-1508.56
-1457.75
-213.581
1104.6
71.2548
-485.755
1074.87
-598.073
-688.157
1130.85
812.809
360.603
-769.297
695.508
-267.549
-378.938
-405.775
-568.386
1046.46
354.528
-136.773
-217.754
-333.847
-802.451
-400.373
1202.82
1914.47
102.663
393.037
198.869
-539.052
-301.589
289.804
279.079
-71.1071
-207.972
-376.226
166.222
-439.511
454.409
-406.722
767.324
630.846
513.997
-435.785
-362.052
-93.3907
-906.053
425.985
-236.918
-721.502
639.833
503.827
1176.88
1019.84
-1163.08
761.879
-542.906
-146.859
1548.2
-578.31
1100.99
-275.998
1648.21
-119.292
-213.078
388.847
921.175
415.661
-1376.66
-329.194
-1441.36
1315.18
-635.687
706.925
-1360.18
668.224
359.334
-455.402
-633.855
-542.134
490.623
-202.934
-971.784
-831.606
292.554
1143.46
1511.18
1003.88
223.882
476.485
6.97127
441.025
498.681
969.975
612.809
-350.124
-287.891
1528.33
-178.517
888.072
-1353.69
955.863
438.336
-606.902
-190.487
-489.444
332.86
-586.719
1131.06
592.334
-346.86
312.666
428.776
-311.809
242.049
-425.751
-177.52
-814.098
285.699
-600.837
-489.633
417.101
-1013.1
197.795
1027.59
507.531
809.531
354.22
-242.565
-409.394
1530.83
-751.799
-473.631
18.4649
-754.454
1188.83
-1708.9
1183.26
-195.097
1324.24
315.247
-325.902
-174.162
584.629
-367.71
464.375
1517.23
-148.173
326.994
-539.516
1391.88
-1212.43
-1329.1
418.486
398.92
-957.853
177.064
-339.132
328.276
-368.851
467.458
1060.87
-561.3
-570.766
1203.7
-1233.3
546.972
325.685
-1189.95
-1274.24
-275.416
41.6053
-486.71
300.229
-753.731
285.784
-49.0523
-607.652
417.165
-371.617
264.404
-98.2254
-899.557
-468.281
-355.024
1113.65
-377.857
-296
300.51
412.398
429.812
-535.134
255.901
1632.57
-1575.08
-306.259
529.155
-89.2075
-720.344
290.274
69.4294
-1106.85
-432.582
-900.839
297.775
955.298
-332.062
-958.101
-369.58
29.4986
204.086
-705.757
773.538
-715.022
507.158
-161.167
-236.923
398.09
-321.29
54.3079
-349.311
973.277
998.807
-406.743
183.089
171.131
-651.2
221.103
500.734
-540.072
1080.05
274.079
-385.023
1132.31
-641.687
-271.897
288.868
143.718
-1671.56
366.285
1330.57
185.485
75.8199
49.657
-424.666
193.768
1474
162.405
-802.075
424.787
-1532.95
1545.81
274.677
-158.345
-437.888
-188.523
1107.27
95.6194
-285.771
337.829
-352.762
680.515
642.919
294.617
-628.32
-1019.69
168.458
-156.774
624.705
-326.925
653.919
334.414
305.961
-771.513
1188.69
59.0622
354.711
-480.505
769.939
360.711
718.409
383.043
144.277
-625.234
912.235
264.971
-461.939
270.756
263.027
-918.596
-244.487
28.468
-94.772
1500.9
-283.86
1346.77
-207.821
303.44
336.477
-1136.74
426.426
-810.807
348.868
-330.309
-674.63
1021.07
655.799
-487.488
-751.492
230.895
439.14
223.218
-323.769
-94.3688
288.137
-556.399
-983.683
691.843
193.864
-607.869
-210.247
-758.469
-465.708
-142.811
-815.042
-194.892
1047.15
506.683
1725.47
-622.346
-83.7692
471.686
-657.321
-173.91
-156.4
-497.184
-71.0164
-1471.93
436.328
-223.516
-338.335
-456.455
749.009
340.433
592.624
603.567
-336.325
565.198
169.008
996.284
-827.281
1291.51
585.167
384.559
-308.739
-541.091
-43.3323
-425.432
-994.4
4.10823
-374.277
-380.751
67.8674
-302.19
-786.543
156.503
-52.2187
119.091
1113
-555.245
-119.74
803.743
264.258
-386.787
-979.73
625.774
-346.98
292.282
803.653
300.33
82.1105
-427.928
-250.603
1443.49
485.384
250.437
-99.7573
1212.75
-233.504
-138.112
374.532
-802.667
-242.5
229.314
109.818
-327.572
1380.31
-521.855
-216.014
-145.209
97.2765
149.576
-53.5587
-96.0172
16.1027
3.42987
-19.5326
4.14652
-27.0303
22.8838
98.1085
63.6054
-161.714
-15.4276
7.83804
7.58956
147.844
-232.214
84.3702
-238.937
168.894
70.0428
26.3495
-292.247
265.898
-367.072
265.662
101.41
-183.628
-55.3083
172.637
-74.529
-280.506
176.309
104.197
-67.1513
72.823
-5.67164
-347.185
207.124
140.061
44.7964
59.9367
-104.733
-364.601
336.654
27.9465
65.3608
-115.904
50.5432
-2.66829
-32.2682
34.9365
106.429
-356.465
250.036
429.5
-288.84
-140.66
25.6579
-6.9843
-18.6736
-159.348
-207.724
26.1033
-0.445426
9.50961
11.0942
-20.6038
-376.029
441.646
-65.6173
-22.3549
8.48487
11.5686
-20.0535
4.36113
11.2575
-15.6187
-5.10165
5.71192
-0.610265
-5.09745
5.7083
-0.610848
-5.09803
5.70948
-0.611446
-5.05788
5.70248
-0.644594
5.05166
-5.68375
0.632092
-5.05789
5.70213
-0.644244
-13.685
-7.88873
21.5737
99.8795
-313.041
213.162
37.9433
-348.589
310.646
16.6679
-0.565151
-32.9363
170.222
-137.286
-249.085
232.28
16.8043
-462.279
281.095
181.184
102.734
-135.671
-16.3109
1.43205
14.8789
-5.35435
4.46727
0.887083
12.5229
4.19449
-16.7174
-30.9745
-13.6334
44.6079
27.828
34.8047
-62.6327
-11.5012
8.83287
-11.5497
-0.352619
11.9023
-343.22
91.1902
252.03
229.265
200.235
11.3959
0.49702
-11.8929
11.5054
0.408165
-11.9135
11.3923
0.492752
-11.885
11.3937
0.491633
-11.8854
11.5945
0.411192
-12.0057
11.5054
0.407669
-11.9131
18.7371
-32.4221
-272.967
-189.312
30.7476
-18.2247
37.5985
-28.0889
21.6212
44.6989
-66.3201
-205.102
-142.083
12.9463
-56.9244
43.9782
116.033
-52.3595
-63.6739
-21.6671
34.7044
-13.0373
-98.1761
161.504
-63.3282
17.4714
55.3516
69.6841
46.3493
-6.38773
6.7566
-0.368864
264.427
-227.368
-37.0594
172.925
-107.564
-21.2261
21.2261
7.48525
-7.48525
-11.5012
457.905
-376.273
-81.6315
-6.17609
1.07443
5.8995
-0.847836
-6.17559
1.07813
-6.17927
1.08124
-5.95604
0.89816
-5.95399
0.896107
12.2465
18.5011
289.281
-24.8535
26.6794
-102.364
75.6847
10.4858
-14.0824
3.59659
-142.353
14.7098
-5.22491
-9.4849
478.093
-353.214
-124.879
292.68
-173.333
-119.347
-198.289
196.938
1.35098
-10.7379
-4.68967
233.166
-206.817
0.356944
-50.6058
28.9388
-72.7066
94.3278
26.4359
-26.5077
0.071802
74.4102
-47.7308
82.7673
-54.9393
84.1449
-182.321
-4.97867
-0.375682
1.51199
0.166136
-1.67813
-249.636
371.393
-121.757
11.6427
137.933
-22.3352
1.10913
55.1611
399.165
-454.326
20.44
28.635
-49.075
300.049
-152.205
-32.2759
36.8425
-4.56661
-14.7417
24.0348
-9.29315
-104.376
-143.785
248.161
136.03
36.6071
-117.928
318.284
-200.356
-15.8013
15.3626
0.43873
100.112
89.4683
-189.581
-326.952
34.7047
177.822
-41.7911
-5.27737
5.90191
-0.624537
-5.3767
5.99825
-0.621556
-5.27722
5.90186
-0.62464
-5.16433
5.80903
-0.644702
-5.37639
5.99972
-0.623335
-5.37762
6.00087
-0.623245
17.1719
-48.1464
333.676
-233.796
-22.9361
-7.96654
30.9027
324.875
-218.446
-362.098
112.462
-333.558
473.406
-139.848
-344.175
-20.4264
-11.1129
11.1129
-362.538
118.401
244.136
-0.556047
-18.2585
18.8145
-388.627
443.789
-157.574
263.198
-105.624
-47.3732
15.0973
-29.634
76.441
-46.807
-111.511
95.5141
15.997
38.6949
134.23
9.04584
-108.971
99.9253
156.667
-56.5548
-318.841
200.913
-313.019
208.642
12.6904
38.0379
-50.7284
-85.4412
-67.9864
153.428
142.272
189.007
-331.279
13.2788
-4.79391
392.916
-354.973
193.779
98.9009
81.9473
-2.11242
-79.8348
-24.4176
28.7787
27.6727
-17.187
-80.1934
140.13
5.22874
-5.85192
0.623182
14.4689
-50.3241
35.8552
-146.187
-52.1016
-2.67235
2.67235
17.5313
-32.273
-0.309863
1.82186
-23.8505
23.6653
0.185196
-116.044
-160.193
276.237
-6.94891
-15.3863
-48.7358
52.8823
-168.319
183.822
-15.5028
12.1484
-180.468
-75.2412
270.073
-194.831
-283.514
307.718
-24.2038
76.7964
-233.665
156.869
1.26113
6.22412
-127.683
258.866
-131.183
157.918
-5.23113
-152.687
-270.868
-91.6701
-4.50211
-49.4217
53.9238
-221.478
277.487
-56.0084
-466.778
88.2426
378.536
39.556
-19.116
-2.12242
2.12242
79.4411
-50.8061
36.884
8.95788
-45.8418
-145.057
229.201
-297.946
222.705
-378.363
160.7
217.663
-17.1375
28.7061
348.31
-127.411
-220.899
25.8627
-12.9164
0.272497
-13.0254
12.7529
60.7875
62.7259
-123.513
24.8258
24.1565
-48.9823
-9.31267
0.223184
9.08949
-6.69767
-46.1185
52.8162
-7.29454
-8.50676
-55.6025
101.183
-45.5804
-343.504
0.283704
-7.73248
-46.2802
54.0126
-119.755
-160.75
-20.4869
-401.304
421.791
-18.8234
19.0959
-57.8419
72.3108
-37.9399
184.005
-274.147
133.643
140.505
55.7336
-277.212
98.3809
-22.0569
4.48348
17.5734
-8.51536
-15.3352
161.34
-289.023
38.1798
1.37621
34.5456
-127.39
92.8444
-379.918
-86.8599
-6.19266
0.0165687
-6.19178
0.0161936
-6.99331
7.1919
-0.198586
6.30505
-0.405551
-7.11885
7.30617
-0.187315
-7.11568
7.27676
-0.161084
-6.1965
0.0172356
7.36643
-7.12069
-0.245734
-6.3368
0.380761
-6.99342
7.19194
-0.198517
-6.3359
0.381903
-7.11255
7.29147
-0.178926
7.36551
-7.13694
-0.228575
-6.99671
7.19392
-0.197213
17.6202
-40.5563
-321.664
-56.6987
-62.252
32.6179
-324.399
11.3576
98.0209
-337.522
239.501
-48.8929
385.547
-3.0554
-6.25727
-60.0424
72.7328
-64.5834
7.65893
67.3655
-120.924
-360.566
92.8842
267.682
-240.897
383.169
210.098
138.212
-31.3148
26.8127
-104.318
-7.19322
92.8602
-26.5319
-66.3283
181.215
-23.2975
288.286
189.807
119.912
216.905
-478.357
261.453
-430.961
54.9321
-4.65505
22.1471
-17.492
-240.034
-135.548
375.582
-69.8079
-179.277
125.283
-270.417
145.134
21.6242
-22.6069
0.982728
41.0712
-394.285
51.043
-13.0051
-227.651
-73.3841
59.7508
169.214
-150.39
-18.8237
-57.4751
-154.31
211.786
-192.436
269.232
-12.8797
189.188
-3.75476
4.31771
-0.562946
-44.7788
13.11
31.6689
8.73242
-292.246
-10.4892
-11.0315
-178.688
189.719
-142.005
267.288
84.7457
-402.884
318.138
1.21396
3.38187
-4.59583
-0.996151
-2.75861
35.5305
-21.2583
-14.2722
-10.1286
-0.98435
58.1422
78.6935
-136.836
-9.77378
1.21982
8.55396
-0.702991
-5.68474
223.21
148.184
-67.7209
-206.426
54.3297
-5.65437
-48.6753
0.145664
-11.4957
11.35
26.2606
32.6309
-58.8915
-3.7611
-172.641
176.402
33.9291
42.5119
40.5006
104.759
-463.4
358.64
29.6876
5.84292
80.9112
-320.945
-197.835
-182.084
-257.302
338.213
50.6647
118.229
-78.8594
142.465
426.68
-107.914
-318.766
-27.0291
-0.001218
-5.19961
4.81133
0.388282
-5.19914
4.79493
0.404211
5.17263
-4.79826
-0.374369
-5.20038
4.79514
0.405243
-6.08789
4.5288
1.55909
-5.19307
4.80949
0.383579
-5.19261
4.80987
0.382743
-56.7484
271.571
-214.822
-2.47715
-7.29663
366.479
-34.1404
-332.338
-118.854
127.9
301.913
-370.977
69.0639
29.7984
-78.5342
36.1294
79.5262
-115.656
2.01675
-2.01675
-340.65
191.849
-153.154
-322.336
58.259
264.077
-5.4987
-328.059
-181.385
-92.159
273.544
10.7932
27.3866
35.3117
-2.23144
-33.0802
10.9843
284.022
-295.007
-54.1704
147.748
-93.5778
-13.6782
38.504
-230.98
85.9234
-11.5497
256.084
201.821
52.4992
116.045
-168.544
21.9089
31.8733
-53.7822
-172.635
233.422
188.907
-136.408
64.5172
-321.82
8.01974
-12.6748
-12.757
10.2883
2.46868
69.625
-125.228
11.3959
11.5054
11.5054
11.3937
11.5945
11.3923
14.6852
351.794
-242.418
185.67
32.356
20.0334
-52.3894
6.25835
-6.44241
0.184061
-58.6531
-199.925
-300.8
140.607
150.59
53.5608
41.9534
-138.773
273.9
-135.127
-121.606
-129.195
250.802
13.9946
187.126
-17.9119
53.5096
178.771
-15.8012
109.636
-157.343
47.7066
94.5264
-64.728
234.567
149.948
-384.515
-186.122
2.20122
-2.20122
-144.004
89.8338
107.375
-228.982
-88.3875
-352.072
440.46
-60.7751
199.215
-138.44
27.1293
42.5426
-69.6719
9.2337
42.1353
12.1944
468.255
-332.092
-136.163
-281.895
-196.462
-219.927
-71.7632
291.691
-17.5005
2.80142
14.6991
-1.85915
83.8064
-28.1837
29.6157
-492.111
259.915
232.197
415.432
-256.338
-159.094
-8.36984
-4.38715
-368.433
170.599
150.031
81.308
-231.339
-10.9468
-0.725987
11.6728
106.856
258.811
-365.667
243.192
225.063
75.4714
-51.315
-117.625
271.389
-153.764
286.831
-375.219
-325.17
49.127
33.6403
15.2791
18.0047
-33.2838
-15.974
4.20061
11.7734
-55.0902
-127.95
183.04
-15.4141
-0.559942
5.89944
-1.43218
-15.9052
-54.6481
70.5534
0.835375
-39.9587
39.1233
-52.4132
-360.252
412.665
34.7556
52.9793
-323.334
270.355
-23.0009
0.944093
-438.821
-25.3403
48.0326
-22.6923
192.473
128.241
-320.715
-224.246
278.89
-54.6435
72.2531
-45.9926
0.22376
-17.7242
61.4705
-63.7019
-31.1152
11.2286
3.48121
-45.6986
67.6075
104.678
-165.453
-46.0319
-276.304
-35.9162
-31.7963
71.0706
-62.1127
24.8805
217.363
-242.243
249.324
-132.34
-116.984
34.7992
-19.6943
-15.1049
83.5586
-47.4292
-427.718
407.231
20.1337
1.09741
-21.2311
19.3221
2.30212
8.19735
18.2385
-212.021
-280.09
7.54179
-7.97274
0.430952
-176.329
12.1617
-0.904116
11.0051
-13.2986
2.29347
10.7889
-13.2978
2.50894
-309.125
249.157
59.9684
184.458
242.222
131.348
-270.121
-50.1254
-52.2387
24.635
20.4287
-45.0637
-0.511123
0.509521
0.509098
0.509408
0.50916
0.512306
93.2556
206.361
-299.617
43.8315
30.4866
-74.3181
-50.8252
-6.34045
57.1657
123.634
-183.201
59.5666
138.597
-179.902
41.3056
-150.016
334.474
89.1626
-83.8246
-5.33804
-3.13172
4.35153
301.538
-183.137
-112.487
-210.321
322.809
6.5154
-18.7703
12.2549
-267.331
305.75
-38.4192
131.861
-184.643
52.7815
51.8395
27.6016
-152.332
241.801
22.1937
-20.9326
-31.6689
17.4186
14.2503
-18.9083
25.4237
221.719
-37.8922
36.9224
0.969868
-341.312
352.297
-44.7788
186.452
-47.8548
-27.5406
220.159
-192.618
-290.031
-66.434
-92.9479
100.895
-7.94703
133.303
-18.0503
-115.253
23.0569
-80.8989
-66.0465
21.2677
-0.105674
-10.0859
11.9455
-1.8596
-4.86921
-4.87967
-4.86955
-4.75314
-4.88475
-4.88487
-142.238
46.7715
95.4663
-69.5445
54.4938
15.0507
161.447
-249.949
88.5025
-33.2418
50.7731
17.8616
16.9376
-112.624
39.9169
-42.6533
-3.18853
11.1159
-61.9411
-174.563
119.473
60.7605
-140.954
-65.895
77.0109
-284.36
60.1139
44.9908
113.412
76.1252
-189.537
14.5394
20.0128
-34.5522
-173.231
56.5918
116.639
66.1518
-239.485
-154.619
389.186
2.74759
-7.9725
93.0067
-104.038
270.918
202.488
144.893
-35.2569
-476.85
65.5127
411.337
378.673
-431.086
174.173
-4.64937
19.9285
11.0051
10.7889
-70.2389
20.8172
45.5436
135.672
-32.4863
-35.7045
-195.23
230.934
28.9854
-118.187
9.4849
1.62804
105.257
-110.489
33.035
-8.39995
60.6644
-43.0442
-0.726329
-1.94602
-31.0867
44.1967
4.87612
38.616
-84.3145
185.986
126.728
-312.714
71.5738
51.2835
-122.857
-7.43589
2.81342
4.62247
-64.3497
53.338
11.0118
-428.33
422.831
98.0124
65.8304
-163.843
6.37858
24.0027
-30.3813
7.55439
-18.2923
74.845
-192.47
-140.434
116.166
24.2681
-142.102
218.227
-429.143
357.38
119.433
54.8703
-174.303
81.2962
32.0064
-113.303
208.092
-169.238
-38.8538
52.8126
-54.275
1.46248
20.3982
-80.4407
-62.1906
83.4186
26.8372
-110.256
1.05628
3.64965
-4.70593
110.917
39.6732
-12.001
-10.5283
22.5292
-44.3498
147.664
-102.12
117.856
32.7195
-150.576
-33.5889
-46.1782
-52.1116
-17.5603
110.19
-72.0665
273.793
-201.726
272.119
-219.139
26.3457
-42.251
442.427
-335.572
33.831
-40.8153
-46.1228
230.128
149.296
236.493
178.939
-48.5819
57.7439
-9.16209
9.03507
5.116
-14.1511
4.75811
24.8576
-93.7472
150.709
-56.9619
-56.4855
-314.492
-5.11755
-1.07423
-5.11751
-1.07514
-5.02856
-1.16794
-5.15785
-1.83885
-5.15741
-1.83601
-5.15575
-1.83756
-35.5694
-26.6826
10.2883
256.905
-164.149
-92.7564
-259.877
232.337
22.6863
-22.5406
39.4885
-26.0658
-13.4227
43.3833
-107.057
-161.308
171.283
-9.97436
32.0381
104.755
42.9093
-8.18876
-50.6737
174.308
-49.5878
-43.6125
93.2003
-83.6341
36.3693
2.13471
-39.6187
54.1581
-10.9468
-243.324
-81.075
162.816
38.2478
-327.088
-54.7678
8.48766
301.849
-168.207
-348.327
-56.7589
10.6404
-286.391
-75.7075
333.586
-441.5
14.8801
7.26692
-229.029
24.6753
-57.9171
-128.31
194.14
-259.668
-67.2837
152.52
4.14721
-86.8492
11.4483
75.4009
-50.5101
7.85681
-0.658475
-0.878727
1.94602
-1.06729
52.0657
-102.191
95.1521
44.978
19.2602
-30.5452
11.285
5.24163
13.3307
-18.5724
24.2707
25.9267
-50.1974
-48.3572
26.0023
49.8102
22.5006
-108.022
104.261
35.5316
-57.8923
22.3607
27.5688
10.0296
-77.2948
22.6467
-33.75
51.7546
35.2561
18.6677
-46.4228
178.284
64.4419
-310.964
246.523
68.7045
20.4581
30.8099
41.4433
-134.71
47.1673
-66.1323
18.965
-136.168
5.35773
130.811
56.5308
14.0226
-13.5434
-66.0465
151.923
39.9255
46.9147
-109.105
161.221
-20.0019
-141.219
104.353
12.998
38.0451
-42.5375
-27.007
-89.0178
142.924
-9.67417
-16.8335
17.5665
-40.9949
23.4284
63.9432
185.381
73.0578
-35.5174
-37.5404
97.1232
165.115
-262.238
-13.7262
143.527
45.3799
-0.188446
-115.188
113.139
2.04899
44.2721
8.54412
37.0511
-89.1627
-94.8071
117.613
149.851
-267.463
52.4985
8.972
46.1699
7.84273
103.817
-74.7938
11.0919
144.694
-0.712917
61.7787
-61.0658
10.1286
1.71195
-11.8405
424.285
-269.273
-155.013
-330.787
148.306
182.481
231.365
-314.478
83.1131
29.8705
37.8896
-67.7601
-12.2583
59.4256
87.5192
-229.621
-40.3472
61.6673
32.859
70.5547
137.537
36.3568
-28.0153
10.5233
59.6964
11.3741
-198.944
44.6339
-275.626
83.1899
320.48
-324.25
3.77015
-225.661
46.9734
-91.7094
64.5043
-224.624
51.9833
-191.494
38.3402
-180.32
43.9118
203.282
-147.806
-55.4757
-4.17428
-11.6326
15.8069
-385.789
199.667
-6.37962
64.8425
-203.791
75.4814
-149.644
-151.156
30.8501
8.63832
-15.5759
-124.859
-52.9951
-162.098
11.7078
-120.902
3.33979
-298.008
306.74
-322.508
153.775
168.732
149.429
-195.551
-165.058
-0.228123
1.72016
51.8514
23.6201
-376.161
299.03
77.131
53.1343
19.5986
-25.4827
-144.711
-35.6092
-172.88
20.9691
78.0657
-0.45615
-348.133
85.1108
186.278
-2.26934
50.928
-84.4697
20.1199
306.621
13.8594
408.416
-107.934
-300.483
10.6968
-23.7019
-194.318
-171.159
-20.3353
-164.43
-34.5144
28.8983
49.1674
-12.7289
4.35906
8.36984
-6.23805
40.6266
-227.088
62.6581
208.217
61.0153
-291.343
97.0251
0.12777
-18.3863
12.3963
-38.4621
81.0279
8.1924
-89.2204
-56.427
58.6353
-368.956
310.321
-236.67
164.604
15.0844
-32.222
44.5887
-90.5812
15.5234
13.1828
7.71981
-26.6281
-9.20853
-348.029
80.6979
242.291
63.4588
-320.242
60.5743
-101.024
45.0084
-44.6499
35.6971
-97.0837
61.3866
160.884
-196.588
-186.064
-45.2754
-218.339
45.4592
-0.0683439
-0.0742765
0.0778626
-0.0744147
-0.224342
-0.0752651
-0.0750036
47.3869
129.015
-237.531
-217.244
52.1859
-16.8257
240.035
-3.86499
-9.4336
-3.86097
-9.43685
-260.128
-335.429
134.359
201.07
0.843014
0.780473
0.842308
0.784304
0.784396
0.842497
379.715
-228.333
59.0948
345.612
86.7338
5.75916
-92.493
11.8485
103.177
-16.4429
-147.519
-48.5079
196.027
-18.132
10.1654
39.3552
8.11983
92.7751
-131.743
113.693
24.5018
150.67
-234.574
83.9041
5.24878
-15.7049
10.4562
-5.22047
-0.631451
-12.7289
121.75
-153.922
32.1722
56.7365
14.2293
-129.417
-215.717
67.9109
-0.0617715
13.3925
3.56346
-69.4584
31.0946
-25.8459
28.6716
-17.2798
-11.3918
-247.44
74.8051
-3.69222
-295.369
-13.756
-225.357
73.0246
-15.7083
-4.34523
-33.2884
-0.582749
5.20522
-349.335
89.2065
-252.771
120.431
-248.225
-74.3853
235.832
-106.5
40.4531
-137.181
-198.248
-23.2783
8.72471
-66.6922
273.053
-80.3097
-62.3164
94.3545
-1.8588
12.953
-187.465
-62.4838
68.5176
-162.265
78.8326
345.453
-29.7098
38.5109
-8.64043
-93.2347
-258.685
351.92
268.513
-243.633
63.8436
-198.203
134.36
1.3288
6.21299
-23.8147
77.1403
-17.4483
-92.8076
8.79357
-15.6274
24.5097
5.54147
-46.3536
6.39491
-102.588
-83.4756
-320.01
-65.7788
-139.887
-22.2108
-11.5046
-11.5093
-11.5078
11.5279
-11.5023
-11.5018
-10.4466
13.7938
8.46277
326
82.4169
-109.666
154.644
55.4631
17.5948
17.4186
43.3526
-31.1061
34.2796
57.638
-46.1751
-11.4629
-29.5148
71.965
-42.4502
-147.485
-13.271
476.739
-435.668
-508.83
390.386
118.444
459.632
-447.982
-11.6497
75.9436
-51.2683
161.66
-222.303
60.6425
5.09153
-145.17
140.079
255.148
-170.037
112.217
28.1969
34.6989
-62.8958
88.2769
-59.3786
-248.95
-372.433
-66.3882
-1.63328
-0.383467
328.448
-79.2912
-22.0291
23.3946
181.932
145.04
-326.972
-102.321
-70.255
20.6673
-178.413
17.547
-3.36637
20.6394
-202.479
370.217
-298.728
-71.489
-13.5853
15.6781
-2.0928
-69.0938
250.705
-181.611
9.63411
-12.1113
113.662
162.575
-30.1411
32.6652
5.84575
398.766
-481.974
83.2076
43.458
-25.9571
-17.501
-246.4
216.588
29.8123
-18.3594
-40.5321
-4.14081
85.1688
298.025
-325.938
-11.5845
115.764
262.204
-377.968
8.74963
-35.2445
26.4949
-52.495
-19.8844
-171.864
-20.3229
19.6056
0.717288
3.87838
-6.0409
-100.275
188.778
-28.9037
-93.9536
71.1963
321.72
-71.7156
94.2162
80.1438
-57.783
-52.436
-20.9481
225.883
118.189
-344.072
-94.0392
195.771
-156.563
-39.2072
-7.42102
28.0451
-20.6241
-40.9501
50.9797
160.334
-328.541
-1.79417
0.00157178
1.7926
-11.9101
125.996
-228.584
171.572
-124.8
-128.788
345.104
-171.001
-174.103
-98.475
-156.311
254.786
-159.815
47.5626
224.346
-271.908
-63.2774
84.0946
-213.841
75.8315
-57.1638
52.949
-21.9162
-31.0328
159.083
-75.9787
95.5773
-55.2028
130.888
164.924
90.2239
404.278
-422.849
333.926
-433.665
-395.892
300.515
-401.509
399.66
-165.053
66.0952
278.039
-344.134
-86.2346
251.35
-13.2367
134.986
-266.222
124.585
132.32
11.5279
-11.5078
-11.5023
-11.5018
-10.4466
-11.5093
-11.5046
35.9766
-121.302
85.3251
-6.27455
6.21278
139.12
53.1602
-192.28
-19.6094
-172.604
192.214
-219.043
-78.9138
297.957
-176.885
145.948
48.1277
-194.076
-68.7492
87.7141
-36.4861
-167.305
-165.347
-72.0542
68.3699
77.5472
76.0232
-153.57
-66.55
67.748
-1.19798
101.311
-67.6711
-16.171
-51.2731
5.32268
21.2885
-26.6111
-106.5
203.903
46.8015
-160.852
2.01277
241.069
94.048
192.714
28.6716
-159.093
-90.7768
331.845
97.3633
-174.719
-166.847
91.5261
-63.9245
-275.474
-120.419
37.5059
-8.83432
82.4064
-112.12
196.49
-89.4262
71.9779
532.399
-423.237
-109.162
467.308
20.4081
-107.628
-272.665
380.292
-21.3329
-215.337
312.315
-393.946
437.424
94.9746
69.2286
-9.47778
-39.8759
45.1986
-0.540169
-14.2587
-4.51162
228.044
-66.3837
115.518
108.818
-224.336
-211.679
-10.6234
-171.716
-210.724
382.44
88.0635
-64.4435
-274.014
333.982
-9.29158
-79.8701
89.1616
-32.2384
83.745
-51.5066
59.8108
-88.7145
-264.393
-111.767
-289.691
-81.4606
104.107
-12.0562
-1.28173
-123.534
201.081
-383.086
157.71
225.375
37.2562
14.4984
-185.846
38.3262
-26.6226
3.50144
3.50454
-140.576
-24.4228
119.889
-308.283
157.127
94.6154
-7.76958
-86.8458
-78.383
92.4056
127.874
-2.87278
7.23184
364.94
102.368
281.365
-250.896
-30.4693
356.694
-38.4092
-206.289
411.607
-263.302
416.198
-128.707
-463.456
291.74
-33.5312
-346.901
202.54
81.5108
-72.5388
142.455
85.5889
-68.5352
77.0229
75.9324
-68.0896
236.717
-121.199
-155.463
-291.898
32.0211
-171.534
-165.176
336.709
-244.336
-73.5847
84.225
88.7365
-77.6446
-282.283
-79.0056
216.051
-137.045
-13.5837
165.764
-30.0924
27.5111
20.5215
116.034
1.68345
2.63426
15.4545
-25.9438
-68.5468
77.0909
376.525
39.6731
35.909
35.683
-244.832
209.149
24.0349
-65.5466
73.4034
-4.88153
-2.23917
3.76224
-177.463
164.226
-372.021
58.7007
202.806
-261.507
391.883
34.7259
154.604
-189.33
47.2471
35.1593
281.365
325.427
94.6154
-5.87418
43.4236
0.034461
86.8509
58.4564
37.5059
88.4464
127.604
119.03
-86.1713
327.956
63.9267
-114.239
-49.5448
-5.21811
277.777
-272.559
-17.2798
56.546
-10.0859
-35.2344
139.989
47.8734
78.115
-60.5679
9.76265
230.901
136.834
-131.743
22.9059
-2.76997
-315.996
-131.743
308.238
203.429
-155.301
214.206
114.242
-268.687
-103.334
105.495
66.077
69.905
235.269
-126.451
-399.178
-2.33145
-78.3925
6.03613
18.4077
-24.4438
158.377
-270.895
112.517
-91.9374
84.1678
98.7482
279.342
-213.19
-119.099
74.4957
113.83
27.3979
69.9654
71.4963
261.729
-333.226
-31.5002
-0.544578
106.261
-16.3458
415.181
-189.298
-354.842
-16.1754
24.5405
-8.36507
-170.637
76.5975
91.0326
110.049
64.5069
-10.9685
-43.6159
168.201
92.6835
-81.3093
-334.293
162.76
351.984
-368.81
-383.129
-0.872299
-1.79231
-5.32337
-1.75344
-5.36541
-2.14773
-4.18907
2.05529
4.24975
-2.15263
-4.18327
-1.78684
-5.32571
-0.856589
-4.12208
-1.79846
-5.33847
3.30327
3.9882
3.31504
3.99113
1.68461
5.50732
1.68421
5.50768
1.7395
5.53726
1.68192
5.512
116.163
-329.321
213.158
5.53236
-24.9419
-64.4842
-216.239
196.63
-341.045
151.529
189.516
127.858
-94.1479
-33.7105
308.681
-46.4779
-267.282
-1.88479
29.3959
-290.443
400.94
-110.496
0.0276816
-63.3589
224.527
-52.437
-242.871
97.5998
145.271
-204.431
268.694
-157.323
97.6993
133.202
-152.437
20.6939
154.449
41.3217
-164.237
324.937
60.4414
42.7353
206.686
115.058
-321.743
-35.1191
-254.563
156.911
97.6517
-3.19953
24.488
127.173
-119.549
-7.62388
423.108
47.5475
-381.04
-48.4271
-368.481
-100.643
-30.7423
-178.536
-155.758
-18.4755
-65.9942
-31.3873
124.406
-93.019
292.723
-332.573
167.398
120.799
-176.275
-272.901
366.61
211.606
-395.758
-5.54529
19.3796
33.5694
93.4662
194.404
-287.87
43.0913
118.413
-5.76505
107.906
-13.2905
18.232
25.1206
-334.848
291.132
43.7158
-38.9836
-131.653
-157.282
25.7899
33.4934
-94.3243
-18.8128
37.0085
292.723
187.717
-331.504
143.786
-339.246
160.71
200.701
-63.1637
-336.081
296.525
39.5559
326.411
-265.837
268.403
-120.4
-148.003
130.53
48.2845
29.8305
107.906
85.7496
42.1088
-69.0893
16.6533
116.737
119.98
-89.6386
-152.437
-88.9295
4.16922
7.77626
38.1161
-27.5929
-147.726
-86.8458
-31.6656
116.991
32.6375
-71.7502
31.3827
-63.6211
25.3168
63.8448
339.873
-34.3479
-305.526
130.282
-6.99565
334.556
358.256
-245.951
-112.304
-250.896
218.393
-180.053
-3.22198
-4.26327
147.681
126.218
41.9329
149.057
-216.446
368.825
-187.641
-345.422
109.035
-264.587
155.552
86.5511
31.6203
-118.171
218.637
267.91
71.9639
160.273
-5.82454
-54.0134
-44.6538
-354.126
449.873
-95.7469
-91.232
155.076
-51.5015
-344.222
395.723
254.511
198.845
159.411
153.753
-324.754
-12.7873
47.8411
219.682
-267.523
27.8381
225.543
-184.916
-125.902
231.455
-186.821
-178.798
-390.587
237.984
-175.326
251.06
-187.053
-64.0071
264.493
-203.478
269.401
-233.718
282.622
-199.433
297.703
-200.678
-211.039
-143.985
-245.753
245.753
172.521
140.671
-313.192
144.949
-280.076
242.97
-11.6914
-204.548
-138.35
91.1077
47.242
130.702
-304.805
91.3925
1.38261
349.192
-187.852
236.704
-126.656
-5.77809
220.553
-176.642
-285.624
157.787
308.084
-342.432
221.475
36.5868
268.903
-147.949
64.3865
18.1157
-82.5021
145.962
182.558
-328.521
285.837
-71.6304
-210.369
162.149
165.609
-327.759
81.4558
-126.11
340.609
-224.446
18.4257
-64.4521
46.0264
29.3377
16.6784
6.98692
208.432
-142.355
282.198
-165.461
-68.4907
279.342
-292.385
373.083
412.523
-330.106
161.87
118.447
7.54307
-125.99
-337.631
375.879
127.173
-282.985
346.444
-112.137
228.061
-183.053
73.5626
-45.3657
233.756
-186.782
237.054
-191.594
-4.72302
3.8443
-212.507
305.973
18.6769
-11.1225
220.49
-173.103
-314.191
142.06
172.131
-413.381
308.374
105.007
30.9389
30.2805
230.094
0.665962
121.024
97.613
159.969
199.055
-359.024
24.5165
339.198
26.9308
329.547
277.599
-245.578
346.861
-186.151
205.814
-377.324
171.511
110.742
-34.9475
-103.402
236.106
113.086
-30.4315
-254.441
325.937
-125.735
-18.3419
31.5247
334.893
-406.382
153.115
356.889
346.301
-202.515
-214.125
214.125
229.812
-177.829
10.7132
240.083
-187.897
-109.308
-11.0521
-56.3295
67.3816
-181.655
344.414
276.113
-167.078
237.004
-177.909
137.593
-272.39
307.094
22.9686
21.2281
-178.422
178.422
-246.92
171.367
-147.332
26.8281
138.218
-159.551
274.879
2.72003
328.707
-218.971
127.925
154.273
-276.268
324.638
-48.3695
-103.312
-124.85
81.2371
21.72
170.636
-245.022
-197.321
183.741
145.583
-329.324
171.367
318.484
-103.037
96.7727
-97.4857
-138.304
-175.888
-201.556
176.291
-115.928
284.608
-168.68
230.763
-165.92
324.619
268.36
113.693
272.435
2.44438
52.3229
297.072
-152.123
-287.934
149.965
137.97
134.151
206.458
330.451
-219.708
-307.107
298.76
-151.078
289.347
-158.557
-130.79
-4.04202
248.775
58.9433
16.6139
-16.3678
-0.246102
337.494
-166.935
-128.895
-234.196
-263.044
339.303
-76.2585
-109.616
-136.348
245.964
108.323
242.194
-167.698
-123.982
-241.332
-252.909
-119.549
-172.718
-5.70374
76.8821
-41.93
260.023
-218.093
241.485
-173.574
-253.056
-90.2093
-270.343
360.552
-131.15
251.13
-173.94
208.666
165.206
-146.655
-141.279
260.426
-192.056
-140.541
389.603
-249.062
-259.974
307.815
263.687
-188.882
258.586
-174.681
32.9012
-6.55549
-120.871
279.248
160.15
-134.177
98.9199
-173.451
304.153
-127.159
276.216
-154.283
304.248
-358.178
191.322
182.8
265.575
-175.351
-158.716
324.66
-165.944
-135.469
265.323
-129.854
-211.406
346.193
-134.787
-418.999
0.483267
-7.77989
116.709
111.411
-323.918
311.471
-191.04
250.819
-177.795
-1.45356
141.762
-97.2285
-44.5339
327.041
-65.5887
-36.1696
19.9942
-230.815
37.4828
7.71583
-197.321
-4.51752
122.964
152.105
160.185
145.994
164.316
165.231
-30.4189
30.1907
-297.203
-92.691
389.894
24.8417
92.1491
-147.332
119.795
-322.309
327.368
-124.867
-202.501
-260.143
133.129
127.015
-172.718
-156.747
328.878
18.9266
122.401
162.207
-15.1083
2.321
137.224
-342.212
160.006
182.206
-157.78
319.649
37.5697
-2.32608
6.4953
3.37473
-2.89146
-151.679
375.879
-224.2
-0.718065
84.7095
25.7242
255.869
-127.944
274.641
-0.109353
3.49123
106.622
170.852
165.857
353.991
-148.177
251.17
-73.2969
-177.873
406.73
-158.705
-163.114
9.6789
-17.5676
278.51
-171.727
-106.783
213.91
-172.589
-139.069
-55.4248
9.04727
165.213
168.06
176.355
12.0013
-1.83592
18.821
335.168
12.9756
-397.315
197.39
19.6028
8.93322
-28.051
264.544
16.1977
163.553
-322.269
47.2145
149.723
24.7034
-180.991
349.051
114.814
167.914
79.2555
-136.948
123.186
166.805
-310.943
156.66
28.4547
157.997
131.457
-312.899
181.442
-14.4977
328.784
155.611
23.968
170.172
-158.838
-81.4645
317.57
138.164
135.557
140.659
-21.2161
151.746
15.6783
15.9485
-15.1379
-0.810523
-97.7064
-241.103
338.809
-236.727
349.813
248.231
357.675
-197.524
109.279
-11.2426
9.45026
-11.1898
9.43633
-12.7514
10.6036
-9.55836
-9.45026
-9.43633
-11.2423
9.45551
-12.7588
10.6062
-9.45551
-9.55773
-12.7354
11.8788
-10.6801
-11.2353
9.43685
-9.5534
-114.999
-145.144
11.5443
133.392
15.0388
11.2907
-123.574
165.683
203.572
-285.037
128.679
-80.8052
-159.026
161.832
-224.316
191.379
141.101
-332.481
169.588
322.638
-195.911
-213.19
312.446
-175.222
-253.378
332.634
98.6399
178.287
112.377
-290.664
27.607
-9.19933
-26.6466
140.299
-113.652
96.4984
-53.9865
-289.006
130.448
-344.65
-287.521
118.841
-135.125
304.713
-9.09739
-45.0472
-316.116
-24.6672
-220.164
258.882
-123.325
-108.043
263.595
9.65101
-80.633
70.982
206.998
146.993
262.961
-139.775
-7.90613
-177.571
291.233
-178.757
-20.5655
199.111
-135.167
226.139
154.153
211.962
-28.4189
-183.543
-0.229885
-377.862
121.524
408.643
-243.436
109.234
-276.312
-138.694
133.107
150.773
173.846
134.015
329.992
-417.523
-84.9049
187.513
118.46
28.5306
266.236
-66.1924
-86.3926
152.585
322.836
4.3354
196.466
146.118
-342.584
-166.604
152.592
-182.684
92.9724
-233.765
140.792
-361.768
167.329
194.439
24.5037
36.1606
-20.1594
-449.518
-92.1295
-67.8237
159.953
-283.773
312.241
81.1329
11.2286
-352.427
59.2657
191.161
-250.427
251.197
-352.072
100.874
143.451
-250.357
-289.526
13.8745
161.572
-175.447
105.731
32.2025
184.513
144.271
146.468
59.2441
93.871
14.7985
-38.6132
-297.864
-84.6055
382.47
337.567
-112.94
216.373
-314.08
299.89
307.176
-292.491
89.2928
-172.927
-109.153
-106.476
208.712
-302.545
93.8332
317.864
-171.871
-18.899
163.939
49.9713
116.449
-341.22
224.771
7.3779
-7.3779
-165.151
-177.672
-376.018
81.8454
-279.887
198.041
17.9626
98.7467
-6.29628
5.31193
10.8172
253.09
-306.155
-227.061
78.467
161.592
-184.889
30.3284
14.8378
-231.741
-136.624
342.307
-205.683
204.235
65.1662
4.92817
-5.58665
196.5
-131.993
-2.83434
-193.482
196.316
446.52
39.9798
-238.842
-85.076
90.8704
-271.625
180.755
-19.3389
-111.933
54.0215
201.627
-120.795
4.89517
-24.0112
112.432
-111.049
54.2983
350.449
30.9692
54.1563
-180.607
-11.9375
-96.2605
85.8396
-261.191
-86.9164
65.9683
21.0133
16.7247
214.721
79.5572
-294.278
-214.795
199.032
15.7638
48.2918
-132.624
84.3324
48.6897
39.3736
141.249
273.932
-188.093
-180.058
-87.2278
77.75
91.052
222.988
94.3262
-317.314
-9.60014
132.564
168.601
-16.0097
-111.453
103.506
-439.029
228.305
-112.888
-2.84469
-1.87834
-147.385
161.26
-125.055
306.497
115.565
-154.419
228.739
95.8989
-21.0925
263.5
312.318
-171.71
-217.63
-92.2498
124.887
60.6751
-244.585
66.7123
-137.561
106.173
230.514
-191.14
174.974
-145.162
290.557
58.6954
102.832
53.4241
177.089
-58.7326
27.6998
-6.67791
0.403361
254.774
-139.96
-274.725
143.935
26.0788
1.5282
-23.2913
-30.9837
6.65277
5.19572
-18.9118
117.832
137.459
-125.311
-72.2025
-9.2578
205.887
194.136
-348.73
154.593
279.221
-30.9902
-293.676
127.072
323.065
47.8088
-174.835
49.4975
-9.71989
-13.2811
-286.391
-220.899
-226.032
8.40229
-311.027
21.5008
45.4899
60.1184
46.539
-4.86835
51.1631
75.7335
77.4406
79.1446
-80.7605
-207.109
98.2701
-459.21
65.3505
-245.321
-112.309
44.6383
192.664
208.275
-12.5134
-1.56892
-98.2709
126.109
30.4028
6.51957
-274.932
-343.644
84.7227
-20.3362
113.163
271.352
-3.09992
3.09992
-2.14431
20.6454
69.9102
-19.3043
120.138
90.0977
-41.2784
-372.513
206.254
166.258
-25.14
113.13
51.4195
17.4629
-184.982
-0.871862
0.871862
50.7033
-99.4928
35.5683
61.6301
-307.208
50.2711
3.40709
-23.1013
83.1006
37.2549
12.5815
9.9477
83.3997
-122.16
-155.399
277.558
-79.9074
101.627
225.923
-132.95
-60.5949
280.631
-152.39
4.96526
-6.94891
0.300795
-118.856
91.7381
21.9046
258.371
-110.71
123.347
-364.244
-301.436
74.6872
49.7191
56.7086
195.71
-383.87
188.16
-23.599
13.0391
-28.8403
85.3037
249.397
76.5404
-96.0033
31.5599
187.443
163.924
-183.899
19.9751
-341.679
81.7043
-1.89727
1.89727
62.2542
-50.6783
-140.923
-88.1062
23.423
33.1298
-83.1892
5.3509
-5.3509
199.769
-307.499
107.73
1.06147
-1.06147
173.326
-189.336
-198.176
-167.245
361.381
322.246
-165.119
-104.55
45.4788
-289.815
0.69978
-0.69978
-7.3305
33.4093
-301.124
14.7412
-0.786945
-13.9542
-5.66886
5.66886
4.60092
-4.60092
5.26371
-5.26371
-4.96038
4.96038
5.54109
-5.54109
4.19326
-4.19326
5.12614
-5.12614
-14.3368
14.3368
-4.37316
4.37316
-4.67507
4.67507
-4.9508
4.9508
-4.38565
4.38565
5.61031
-5.61031
5.12733
-5.12733
-6.11006
6.11006
-4.82833
4.82833
5.00921
-5.00921
-4.99987
4.99987
-4.26434
4.26434
6.22412
5.12417
-5.12417
5.55688
-5.55688
-5.78064
5.78064
-4.85998
4.85998
5.19616
-5.19616
-7.28911
7.28911
-5.19631
5.19631
5.26301
-5.26301
4.15114
-4.15114
-6.20067
6.20067
-109.012
29.1045
4.28993
-4.28993
-111.038
6.32193
-6.32193
7.15183
-7.15183
-3.55525
3.55525
29.1343
-212.678
232.418
-203.284
305.242
-4.61131
4.61131
-7.06181
7.06181
-4.76993
4.76993
4.25349
-4.25349
-7.13361
7.13361
3.70719
-3.70719
6.20132
-6.20132
0.934869
-8.34563
8.34563
-6.46038
6.46038
-170.618
-154.136
4.10044
-6.38587
6.38587
6.2531
-6.2531
5.37783
-5.37783
6.36542
-6.36542
104.312
-4.93231
4.93231
173.791
-194.883
75.5647
0.516963
-0.516963
93.3783
-167.518
-104.107
70.9819
-425.955
-6.69853
6.69853
-55.4631
93.3355
-356.637
-136.663
-192.662
-0.727498
0.727498
-19.313
5.05435
-1.30526
1.30526
269.286
91.2659
-116.271
-117.494
13.6462
-194.196
180.55
91.5597
-329.091
-10.1012
-5.3129
4.43279
157.139
-148.09
-156.715
-9.86747
9.86747
86.8522
3.68137
-3.68137
7.33993
-7.33993
387.568
-2.12028
-171.584
46.7838
-218.515
312.348
83.1215
-49.5444
64.0428
-177.034
1.86718
-1.5735
-0.293682
134.747
-338.324
126.918
36.6068
-279.38
242.773
229.564
-229.564
-0.674586
0.674586
119.506
-6.66899
6.66899
80.4498
218.511
-298.961
-186.539
-71.8522
269.894
-248.237
141.454
26.3353
1.70984
3.9403
-3.9403
302.226
-140.61
-161.616
15.5454
-209.027
87.0438
-328.147
109.466
8.83287
15.039
115.236
-183.083
67.8469
306.842
119.261
77.2384
-23.6286
131.952
-20.9652
-373.882
206.832
167.051
111.933
23.0263
-134.959
338.185
-218.39
-390.835
-221.766
3.50157
-3.50157
224.932
-3.45755
-84.4481
307.153
194.872
-258.36
78.3024
-13.1798
82.8639
345.826
-118.873
-13.9979
-18.4242
-33.2234
57.9268
-28.0769
-273.029
-126.556
143.281
-131.17
44.999
40.8617
-26.344
-14.5176
76.6274
-92.6061
15.9787
2.48585
-2.48585
-143.106
10.6062
-10.6801
11.8788
-9.4336
-9.55773
-9.5534
10.6036
10.4312
-10.4312
10.4266
-10.4266
-9.55836
10.4302
-10.4302
-0.544645
0.544645
-191.648
128.117
-14.6476
232.272
-130.862
-44.6016
-42.3148
46.2163
-110.944
-3.19848
20.1361
-330.901
-97.9303
145.637
75.2471
49.6402
96.2302
-232.747
41.1525
-177.081
34.7264
-96.644
15.3347
-305.275
2.35933
-2.35933
95.4152
-277.195
181.78
-307.281
48.4265
-287.269
154.476
-302.425
227.951
-212.187
12.26
19.2647
-148.788
-75.5287
-24.2557
-73.23
58.6275
-246.524
77.564
297.208
15.7148
250.183
129.451
221.345
-350.796
-98.9189
136.489
68.6926
19.5864
-154.623
154.623
-239.617
13.5853
-157.445
-215.675
208.857
6.81752
-37.5404
-58.4995
91.993
-21.2595
109.278
-319.599
2.13615
-2.13615
191.167
-71.6944
44.288
-90.4662
198.472
135.51
-35.5434
108.237
412.39
-232.429
-179.961
-243.101
126.83
263.665
43.429
-11.1795
-5.08237
-6.41878
207.783
-78.096
-10.6185
-268.173
12.1838
8.45552
-286.847
-112.648
-13.3419
324.959
-270.938
151.675
2.18042
-2.18042
-118.542
305.493
-192.33
-257.773
79.9779
102.271
-65.2627
82.1837
43.9253
-44.5207
105.845
-61.3247
72.1054
-286.195
95.1558
-25.6277
150.536
138.904
134.641
9.27721
-3.78861
-5.4886
-100.313
250.707
-150.394
-190.551
268.853
112.898
-278.875
45.2253
164.152
-255.712
-45.5032
-75.7226
-115.656
6.68536
-114.919
-253.208
-31.2419
136.244
-161.871
-98.3412
-253.731
-2.29251
3.23202
-0.939509
4.27798
-55.7636
17.3989
38.3647
0.744769
-0.744769
-70.1551
-265.331
-199.466
315.952
-102.794
0.343149
-6.1082
0.375911
-6.06065
19.9724
185.915
-136.203
91.6012
-3.61637
0.484651
-0.241643
-43.7717
-49.3459
-13.5499
5.03492
-5.03492
186.185
246.725
148.095
194.212
-3.89271
-0.813214
34.9288
297.705
106.186
170.419
-71.4868
284.858
172.602
-66.7351
-105.867
-31.8192
137.993
127.167
101.834
19.2064
-121.04
-0.95523
128.829
21.2054
-13.1495
-8.0559
79.3428
18.4848
287.82
-170.675
387.047
-257.596
210.098
-89.0942
112.12
-249.165
4.40885
264.347
-181.246
-49.7747
-125.005
-239.56
-139.812
-1.08533
1.08533
316.275
207.519
1.74947
-1.74947
14.4393
38.2918
35.2708
86.1708
69.1619
-132.95
63.7884
-28.2871
164.531
369.44
58.9115
84.6585
-152.482
246.883
-22.5375
-172.333
104.996
-91.5883
-13.4078
163.699
87.6504
-67.041
385.017
-110.376
-69.1482
-400.918
151.753
104.815
74.0492
-163.927
-47.5495
-104.933
-12.9164
278.309
-212.652
-109.092
-92.8044
137.443
-180.107
330.643
-84.7772
100.975
242.969
96.3332
234.781
-83.6728
-239.554
61.6452
-132.711
106.249
-87.428
138.245
246.772
265.078
-333.841
68.7634
-228.561
16.3736
221.139
112.642
-333.78
-1.70213
36.2883
-15.0622
-85.3533
207.714
70.595
10.1704
-313.559
148.44
-56.605
171.842
19.4978
-0.703497
-12.3219
-266.015
84.4931
-111.341
26.8476
-3.77344
-4.00645
116.053
228.366
79.4497
21.9515
323.994
305.758
-186.252
372.013
-278.678
18.3563
-16.7697
-1.58661
89.6652
-48.0693
78.1466
116.442
222.368
-148.113
-248.641
1.32834
-1.32834
192.443
-283.55
91.1068
-52.2367
-39.6949
1.20265
-192.767
-344.042
261.029
-107.177
18.083
23.5131
-7.23524
-25.3755
-137.138
26.4564
-2.4884
-197.835
285.529
-259.449
213.54
-37.2497
-154.518
101.178
216.393
238.439
127.111
-365.55
-33.2314
202.617
108.912
-311.529
109.027
240.786
-187.862
-208.054
-144.019
-85.6618
-94.6059
60.8954
-0.511849
0.511849
-194.457
110.525
60.0642
-170.589
295.996
-130.298
288.11
-241.571
-245.778
323.219
319.409
-1.51424
43.146
0.18961
341.857
-86.0591
-334.624
256.364
-205.66
-7.34115
7.34115
-177.168
-17.715
-81.8148
269.652
269.968
-0.853848
275.565
324.674
-332.958
-74.1078
407.066
70.5777
-1.59801
79.5731
-16.2787
-247.802
80.4899
-42.1981
57.1754
-94.3187
294.088
4.897
-8.47631
-84.954
117.169
155.524
-0.258928
10.9721
-162.836
339.045
-141.656
97.2696
-48.2332
136.141
36.482
-113.428
352.572
-239.144
-81.1056
-129.898
263.913
152.885
-307.857
120.676
-85.1081
-152.701
-352.319
241.943
345.764
-4.38579
4.38579
-196.018
-2.18552
54.5518
-10.5737
125.001
-43.7634
-274.843
156.665
-198.133
341.964
12.2184
196.639
44.5264
3.98475
-19.3711
0.592009
-68.8581
-4.20907
9.40479
3.6378
0.650837
-298.886
395.219
0.243784
-0.0741485
-0.407656
0.303332
-0.414951
0.346605
0.00934748
0.73553
0.920661
-2.09295
-0.719289
1.59496
0.349066
0.090048
-0.739884
0.000651903
-280.275
-178.312
6.49904
-0.0277171
0.528427
-61.5942
0.755111
-0.20728
128.948
-111.082
-17.8659
23.6086
0.435085
351.081
-65.6288
-8.47346
39.6518
-66.6563
-22.1522
-112.807
-0.572112
-148.695
262.336
-287.109
24.7737
-216.959
324.689
0.974504
3.55063
138.448
-160.601
104.692
54.4733
-139.427
5.07348
-2.64246
-2.43102
-58.0461
-5.37027
5.37027
2.75704
-147.721
12.5538
77.1872
0.0529116
-29.1351
-0.58304
5.49209
-4.90905
14.624
-9.33343
8.62993
-27.1474
-6.31298
-123.019
139.275
-279.885
-30.9132
124.627
-20.7891
27.2882
61.7349
43.6365
-46.4126
-10.9716
-37.1748
-71.3359
113.269
-0.723042
-4.32432
19.1482
66.2856
141.469
213.628
236.245
-13.515
31.9998
303.27
19.4814
-132.288
-126.073
280.226
19.3433
-0.161236
-0.264994
-80.4798
145.982
-65.5026
269.219
228.965
123.607
-337.12
124.469
-5.08237
53.6627
-34.2831
-83.6044
99.2827
12.2469
-10.621
-1.62595
47.4938
6.57196
-180.785
-81.1055
111.386
-103.639
4.04234
-87.6958
278.927
-100.329
254.519
-127.69
-4.40622
322.356
66.1068
311.1
223.092
4.10266
-4.10266
2.51869
-11.8118
125.712
-70.5684
97.4991
-30.4379
33.0862
2.48235
43.3121
-73.75
-141.301
-179.122
-49.8602
-17.3004
-64.3093
81.6097
-38.3299
-39.7661
-0.901409
144.214
0.200806
-0.200806
47.1541
58.6913
1.15811
-41.0368
-14.7268
-1.01573
139.6
-9.14202
10.3447
-1.75352
-258.904
-3.78861
-58.6934
-118.341
-92.9661
-146.375
102.612
-93.5089
108.548
-13.7664
13.6922
-95.4907
-90.6567
-194.972
299.456
-285.596
-79.0361
23.944
-0.762509
0.762509
-87.1298
-62.5499
-4.69001
6.40196
97.7575
-86.2132
-188.863
245.571
8.51238
-6.19138
-92.3379
118.062
-267.881
357.979
74.345
3.21894
-0.126515
-151.188
131.349
-104.854
305.767
-0.311043
-1.26245
28.2477
44.9538
74.2461
406.099
-319.055
-163.626
93.0813
1.89262
12.8485
4.40885
-12.4042
-108.636
-12.634
12.9348
-18.7707
-317.315
-35.0033
0.0627287
-1.02466
-158.296
-242.622
31.8756
-36.9312
360.271
144.1
-54.8076
-178.879
26.8642
40.5174
-36.963
155.054
1.34291
-1.34291
1.80032
-1.80032
1.15418
-1.15418
-1.97351
1.97351
-1.60686
1.60686
-1.97925
1.97925
-1.96769
1.96769
-1.79705
1.79705
-1.69777
1.69777
1.77469
-1.77469
1.99615
-1.99615
-1.60525
1.60525
-1.99212
1.99212
-1.82027
1.82027
-1.98763
1.98763
1.98136
-1.98136
1.79763
-1.79763
1.84304
-1.84304
-1.85244
1.85244
2.07368
-2.07368
1.79998
-1.79998
-1.68982
1.68982
1.77713
-1.77713
1.77717
-1.77717
-1.3356
1.3356
1.99564
-1.99564
-1.15314
1.15314
1.80481
-1.80481
1.77743
-1.77743
-1.14568
1.14568
1.34217
-1.34217
1.74727
-1.74727
1.84673
-1.84673
-1.85243
1.85243
1.98715
-1.98715
1.92443
-1.92443
-1.941
1.941
1.15384
-1.15384
1.14003
-1.14003
-1.9972
1.9972
-1.63328
-1.70481
1.70481
-1.34303
1.34303
-1.83909
1.83909
-1.14004
1.14004
1.74494
-1.74494
-1.94144
1.94144
1.14373
-1.14373
-1.9242
1.9242
1.76886
-1.76886
-1.83885
1.83885
1.76468
-1.76468
1.94053
-1.94053
1.32969
-1.32969
-1.99301
1.99301
2.01277
-1.92434
1.92434
1.76457
-1.76457
1.33073
-1.33073
-1.43398
1.43398
1.78843
-1.78843
1.32999
-1.32999
-1.56214
1.56214
399.722
-290.256
-17.6216
-1.36663
1.36663
-0.338184
5.23518
163.554
-240.204
-110.593
201.114
0.0442739
48.0061
-217.59
224.408
-3.9304
-33.2497
23.6596
378.287
-41.2308
132.338
130.073
-106.67
23.8583
-325.4
-351.98
93.6502
2.75063
-2.69771
-6.29897
6.58584
-4.54765
-2.03819
-17.2914
17.1301
-116.116
-1.09741
-251.206
44.3892
-1.13643
44.1507
15.2648
-106.853
35.6176
-28.4886
117.792
198.16
-3.82774
-0.365523
162.807
-242.341
321.486
-103.159
-65.6754
-268.166
-116.755
4.74259
-26.0123
-85.3284
47.2304
-35.5039
-13.5834
119.938
2.28144
-157.447
22.6445
-307.339
-78.2172
212.858
89.3334
283.217
-163.398
298.145
-27.504
-19.0597
57.4245
-0.997022
23.7706
0.533398
0.141188
234.867
89.8069
-3.82774
-16.1801
15.9151
0.032796
-11.285
-26.1709
148.158
-20.0406
30.6342
-150.74
202.159
132.984
137.39
4.74259
-0.340563
-15.5895
73.976
87.9288
-61.0645
258.515
314.316
6.33783
2.75166
0.533398
72.3907
11.4927
417.534
-246.935
-27.2466
2.96953
-1.3204
-2.96953
189.479
-12.3418
-8.88931
297.265
-87.5645
2.16759
-297.904
189.317
117.921
-145.998
-181.627
98.1068
-54.2653
-185.352
-138.469
214.033
121.579
-6.44598
-63.1588
276.32
13.2769
-292.185
-242.49
-167.905
77.0674
352.786
1.04235
3.22198
-3.09639
243.599
3.09639
35.9981
-152.114
111.892
-0.421129
1.69719
0.425233
1.81206
-2.75157
13.0695
-213.157
195.442
16.0668
-16.0575
3.88812
-21.4392
-0.843689
0.843689
186.424
134.816
-0.350827
-185.427
62.4075
-1.39917
10.4464
-104.242
59.7793
2.25865
3.00436
-1.14678
-3.00436
-378.901
138.697
-2.74432
39.6
-60.0288
15.6197
12.0213
10.8745
-10.7099
359.114
135.649
-304.431
-199.126
-96.4234
-217.656
198.769
6.34447
126.073
-9.97098
-13.2291
17.5071
171.632
-36.0031
-93.0515
-160.165
221.81
424.752
-258.494
148.023
179.706
-3.80948
-65.8125
-9.52248
-50.1362
-89.2911
0.922478
-0.922478
-3.35326
0.710803
-1.64147
-16.5181
7.77626
-10.0425
58.1012
87.8813
-5.31091
118.597
-1.31414
-308.929
-35.2453
-212.843
-24.1739
-6.05122
169.944
58.2168
-5.16675
-143.286
119.687
64.0119
246.587
-4.6299
-116.792
12.1111
88.679
1.59938
354.241
-156.493
5.30763
-5.06384
-221.031
2.79316
-2.82088
-201.462
220.025
175.194
-261.669
-5.03178
5.62379
-76.9875
52.7918
0.91485
-14.9694
0.814206
63.7713
251.155
102.003
77.7148
157.248
-6.34447
59.3384
-209.554
5.96361
2.30877
211.398
47.1176
-40.7979
-41.8744
111.388
43.6879
-56.9366
2.74432
290.881
-201.216
-90.0835
44.7177
165.924
-25.8457
151.895
-49.2833
1.49556
1.898
1.60431
-202.738
-18.8622
19.6173
-0.444152
-2.90911
0.0954491
-119.099
-2.35479
2.41752
-0.335355
-3.88812
-0.21454
41.5247
-98.7392
-1.31414
-5.22665
-2.74585
-209.779
11.4985
-7.25192
21.2199
-363.815
23.4445
4.99606
39.8006
1.15811
-8.6282
-232.943
-11.9346
-364.072
-63.354
-15.3345
-56.7031
122.274
6.05993
238.325
-15.2696
-3.59861
19.1015
5.73717
-78.1035
-47.5154
0.350828
0.182571
-119.744
187.59
0.938813
-141.208
-195.912
-311.506
-144.466
206.873
92.8723
85.7089
-35.1657
-114.348
-37.7656
-138.012
330.676
-268.683
323.147
162.255
-4.06428
-113.065
-3.69887
-10.0675
0.19507
0.197944
-0.181616
-0.173529
-0.184308
-0.171851
0.047168
0.313288
-0.127677
265.172
-172.299
88.7629
231.907
-158.36
-3.74287
-32.7591
-93.9213
-6.30822
61.6133
110.228
-15.0876
107.112
-80.2645
-201.87
13.6747
-14.0402
146.874
-99.6436
195.61
43.7066
16.1941
-15.8908
3.70999
-216.352
297.609
21.3044
298.171
104.115
34.5913
-164.889
114.26
-101.19
43.7151
15.7937
-13.0618
13.4084
161.997
-1.45373
94.4368
5.62345
165.728
10.4752
0.584545
-3.81473
-3.55171
-339.719
4.42479
11.1949
0.924503
-110.917
-0.261989
72.5658
-5.84767
54.1982
154.379
-113.41
71.462
112.339
-6.21131
-3.31117
74.6809
36.1903
-15.6764
1.8254
115.926
-101.758
-35.4686
137.226
120.453
-194.717
-85.1681
136.15
-274.147
132.539
-101.905
-1.5107
-0.726484
3.21341
-135.007
-17.2556
77.7313
9.21184
-2.13855
-5.65253
27.0262
17.7296
100.376
37.7238
-116.627
-7.80417
85.1793
30.7465
120.797
50.1015
-9.46143
-3.16454
-265.001
-242.524
52.4741
39.1754
-36.2693
11.1773
9.38818
-12.6994
-82.9091
-35.1602
-127.057
130.087
)
;

boundaryField
{
    frontAndBack
    {
        type            empty;
        value           nonuniform 0();
    }
    bottom
    {
        type            calculated;
        value           uniform 0;
    }
    inlet
    {
        type            calculated;
        value           uniform -2000;
    }
    top
    {
        type            calculated;
        value           uniform 0;
    }
    outlet
    {
        type            calculated;
        value           nonuniform List<scalar> 
14
(
1999.98
1999.99
1999.96
1999.97
2000
1999.97
2000.02
2000.04
2000.03
2000.03
1999.96
2000.01
2000.04
2000
)
;
    }
    car
    {
        type            calculated;
        value           uniform 0;
    }
}


// ************************************************************************* //
