/*--------------------------------*- C++ -*----------------------------------*\
  =========                 |
  \\      /  F ield         | OpenFOAM: The Open Source CFD Toolbox
   \\    /   O peration     | Website:  https://openfoam.org
    \\  /    A nd           | Version:  7
     \\/     M anipulation  |
\*---------------------------------------------------------------------------*/
FoamFile
{
    version     2.0;
    format      ascii;
    class       volScalarField;
    location    "5";
    object      p;
}
// * * * * * * * * * * * * * * * * * * * * * * * * * * * * * * * * * * * * * //

dimensions      [0 2 -2 0 0 0 0];

internalField   nonuniform List<scalar> 
7724
(
0.962316
0.0847689
1.60356
1.03292
-0.0060093
-0.000261869
1.61991
-0.0375964
-0.000821308
0.470182
-0.000246419
0.0166562
-0.0561346
0.244002
0.487031
-0.0696496
0.969502
-0.0739939
0.00931298
-0.295612
0.331862
0.0109012
0.183262
0.85448
-0.096378
1.00596
-0.00551259
0.297516
0.725729
0.019683
-0.0998779
2.52089
0.181338
-0.00339622
-0.000736777
0.387646
0.0217029
1.56609
-0.030986
-0.00236306
-0.0279274
-0.0680137
-0.259559
0.036957
-0.00141644
-0.000574462
0.0107792
-0.0311662
-0.000476912
-0.286456
0.0248844
0.283138
-0.121845
0.000677058
0.385472
-0.0334598
0.0102816
-0.0378491
-0.154604
-0.00356945
0.000280772
0.0318875
0.244337
0.0183348
-0.00692145
-0.0971183
-0.000670524
3.1155e-05
0.427127
-0.0288326
-0.000528084
-0.24789
-0.0930566
-0.160378
-0.0713154
-0.222322
1.57177
0.324349
0.330439
-0.289116
-0.0539368
1.46298
0.46335
-0.165551
-0.0101189
-0.0159978
-0.0403286
-0.118106
-0.00459462
-0.0313787
0.742172
0.0400788
-0.000943439
0.00930749
-0.0249923
-0.162938
-0.237658
0.0140255
-0.0111648
-0.00830542
-0.277777
0.356733
-0.0238069
-0.000140609
0.0706937
0.761443
2.15822
-0.0354317
-5.22647e-06
0.175562
0.982109
-0.141122
-1.06963e-05
0.186285
0.761655
0.00322564
-0.124622
0.622642
-0.175463
-0.162539
-0.288721
1.40567
-0.242537
0.0713075
-0.281874
-0.00679872
-0.0883514
0.0152394
-0.00730355
-0.0980937
-0.066005
0.328873
-0.00425238
-0.00542679
-0.171448
0.955833
1.73361
-0.000121188
0.0551888
-0.363398
-0.151979
-0.198323
-0.22279
-0.153149
2.18695
-0.0600767
0.732177
-0.146942
-0.211294
1.3993
0.370214
0.0546324
-0.0102945
0.380779
0.461407
1.44844
-0.251198
-0.0558261
2.04469
-0.000431397
0.00508075
0.881451
-0.000133711
-0.0140285
-0.028231
1.08336
1.08792
2.11894
-0.0161887
-0.0215524
3.49016e-05
-0.300795
0.00319794
0.107726
0.0597071
-0.207796
0.122222
0.623372
-0.000934972
-0.0034915
1.04766
-0.000429838
-0.000794753
1.62385
0.0680851
-0.131466
-0.164267
-0.149272
-0.0757887
-0.355972
-0.00014588
-0.228378
0.639833
-0.0240437
0.000516313
0.801777
-0.00894461
-0.0918823
-0.0767972
4.00622e-05
0.00679199
0.977747
0.733617
1.46458
-0.104371
-0.119084
-0.204273
0.323137
0.963569
-0.00151788
0.000247006
2.05306
-0.0601077
-0.00444828
-0.217911
-0.0923154
1.3214
1.35244
-0.213881
2.38715
-0.00828891
-0.0732501
-0.284989
0.389648
-0.317002
0.82616
2.04946
0.000450326
0.0747183
0.65911
-0.0293845
0.609866
-0.0038995
2.28259
1.42191
-0.0401714
0.0212126
-0.00219194
0.583523
-0.000674304
-0.0427192
-0.337627
-0.0005277
-0.00962264
-0.00308705
0.684513
-0.000133751
-0.0326149
-0.279612
2.5134
0.299669
2.20263
-0.00032235
-0.0884941
-0.00135689
1.51207
0.0308083
1.74213
0.0119697
0.00580673
0.0649217
0.335346
0.00437214
-0.00165157
0.00389695
-0.0308353
-0.122241
-0.000301049
-0.242563
-0.0268743
-0.00103107
-0.00465409
1.65697
-0.0556512
-0.00563941
2.36029
-0.0106522
0.990437
-0.00151314
0.0130121
5.59233e-05
-0.159264
0.375169
0.148845
-0.154773
-0.00298615
-0.26624
-0.109981
-0.00131244
0.0037914
-0.0157191
-0.0535662
0.022294
-0.00888571
-0.158143
-0.101638
-0.156403
0.0737918
-0.198125
1.38386
1.43521
-0.0110615
0.0858898
-5.42242e-05
-0.0167141
-0.165857
0.833702
0.511902
0.000715256
-0.0152294
-0.192797
0.719964
-0.00735051
0.0271863
0.00930951
0.329194
-0.0945133
1.26153
-0.0119511
0.0870148
-0.00083685
0.0316774
-0.000383614
-0.11714
-0.00253391
0.0407778
0.0291911
-0.189518
0.0220285
0.0665862
-0.00544795
0.157673
-0.047222
0.398781
0.695903
-0.247797
0.00967321
-0.113733
0.0391154
-0.327677
2.17556
0.0213133
0.225634
2.3337
-0.0114959
-0.0129223
0.0266696
-0.00789222
-0.045956
0.047971
-0.0204611
-0.0152972
0.691925
-0.000491922
0.0041995
0.000583299
-0.0250349
-0.0501471
-6.44302e-05
-0.0082176
-0.14793
2.04411
0.02779
-0.0592925
1.90666
1.23146
0.353182
0.119263
-0.30568
0.0376249
1.04519
-0.0793296
1.14304
-0.0898523
-0.247124
0.7485
1.1424
-0.231476
0.486321
0.801082
1.0403
0.317934
-0.0226761
-0.0313104
-0.000651296
0.0379869
-0.0810727
0.00766328
-0.000792174
-0.01187
-0.271093
0.438625
-0.119463
-0.0159281
-0.028041
0.0715021
-0.0513249
0.0144165
0.722028
-0.014006
-0.000161743
-0.000398313
0.000361358
-0.144019
0.674789
-0.0294922
0.205649
-0.32224
1.54017
0.0256475
0.0508988
-0.0379801
1.60422
-0.00794502
1.24082
0.746665
-0.000864979
-0.100077
-0.0243554
-0.18829
0.00433074
0.381779
0.0286469
0.0474503
-0.0063698
0.635707
0.732979
-0.151531
-0.146395
-0.0166094
-0.0879003
0.372844
2.47857
-0.0657083
0.0352462
-7.25794e-06
-0.0939939
-0.0167352
0.144367
-0.282311
0.0527803
1.6583
0.672541
-0.167796
0.830824
1.57662
0.199418
0.00936038
1.07593
-0.00658082
-0.00136042
-0.122222
0.000645762
-0.228561
0.00275599
-0.147149
0.0145729
0.823552
-0.0132634
-0.000177188
-0.272065
0.0130843
0.24569
-0.266827
-0.352262
0.189114
0.665326
0.554486
0.569059
-0.00152339
0.409731
0.426568
-0.00392755
-0.115229
0.00461977
0.0488755
-0.00628145
0.0357652
-0.00578896
0.573194
-0.000145907
0.00149297
0.0148647
-0.148276
0.153366
-0.140305
-0.176327
-0.119237
-0.316519
0.0746512
1.0418
0.0721973
-0.0485119
2.31158
-0.231912
-0.0527349
-0.173179
-0.0385911
-0.139823
-0.0722784
0.207879
0.00173579
-0.000190559
0.183127
-0.000714031
1.40633
0.439379
-0.0353415
-0.0974282
-0.00139896
1.46994
1.24873
0.361059
0.592502
-0.240856
1.79348
-0.000459769
0.160427
-0.124443
0.653118
2.13092
0.337506
0.648712
-0.0108794
-0.0015176
0.54579
-0.0253541
1.53739
0.251435
0.920464
-0.0508101
1.57892
1.19494
-0.0644821
-0.0546185
0.483719
-0.361372
-0.000618915
-0.0902649
-0.344887
-0.237444
0.0826396
0.0685798
-0.000921971
1.24981
-0.00552095
-0.000762978
-0.082454
-0.0036348
-0.0016593
0.0274238
0.897017
-0.248579
1.98504
0.000462327
0.87901
-0.0717336
-0.000554097
0.000133792
0.718662
0.872752
-0.0293737
0.80656
0.000188388
0.845784
-0.249158
-0.0671977
1.65106
-0.209848
0.563994
-0.166137
0.835221
0.858957
-0.111174
-0.140445
-0.04105
-0.0203993
-0.00148911
-0.00663898
1.0889
-0.000199652
0.817664
-0.223827
1.32804
0.782344
-0.353437
1.91954
-0.011546
0.0474704
-0.0907519
-0.133952
-0.046296
-0.086536
0.228376
2.25923
0.000316129
-0.0136454
-0.147371
4.53563e-05
1.42385
0.0133399
4.40153e-05
0.00144198
0.00281377
-0.113156
0.14109
-0.0109762
-0.000636211
-0.0489343
0.0213899
-0.321034
-0.325514
0.154749
-0.000159698
-0.296415
-0.0878265
0.519628
1.31308
0.00890314
0.547494
0.00112954
-0.0844588
0.427296
-0.0463044
0.94623
-0.0864663
0.178652
0.443132
0.659699
0.0351584
-0.0692363
0.741844
-0.276651
1.5355
-0.062241
1.01293
-0.0620601
-0.00825733
0.620569
0.0224351
0.426342
0.013934
3.85244e-05
-0.335436
0.711304
0.0105993
0.509684
-0.081995
-0.31469
0.0764728
-0.145476
-0.0118038
-0.05812
-0.265151
-0.179042
-0.0652297
-0.00105828
1.61665
0.533347
0.205322
-0.0014187
1.19353
3.04981e-05
-0.00130174
0.567793
0.0184115
0.647269
0.293898
0.121662
-0.0105364
-0.272089
0.176037
0.00946892
-0.259604
-0.000132752
0.0283783
0.908977
-0.10581
-0.0197666
-0.026961
-0.0138521
-0.00289089
2.31081
-0.0658408
-0.00396155
-4.2657e-05
0.607281
-0.182831
-0.00230935
-0.0194424
0.696437
0.426692
-0.229962
1.07075e-05
0.763404
-0.102772
0.791509
0.114859
0.140189
-0.188994
-0.000676747
0.432758
0.395903
0.254987
-0.197111
1.09321
0.0431851
0.719009
-0.0155876
-0.084803
-0.00279456
-0.00512276
-0.0007497
0.69654
0.902678
-0.0104445
0.135663
-0.112088
-0.14672
-0.175261
-0.0131653
0.149452
2.2366
0.217619
-0.000378502
0.41968
-0.0249224
1.89186
-0.0815917
-0.067953
0.00552765
-0.0778254
-0.0394813
-0.0521226
-0.0211431
0.0114764
0.201734
0.000764784
-0.178594
0.133537
1.34621
-0.220507
0.678308
0.0146366
-0.0657268
-0.0621609
0.874857
-0.0491568
0.00076649
-0.099887
-0.0354666
0.160016
-0.170096
-0.145929
0.0894058
-0.0956524
-0.0139468
-0.245717
3.97904e-05
0.262989
-0.218276
0.609753
-0.0407233
0.423344
-0.224413
1.1925
0.0694138
-0.195025
-0.0566904
2.00734
-0.157809
-0.0853424
-0.296218
-0.0989485
-0.246517
-0.125921
0.71497
-0.0196427
1.02169
0.0616507
-0.00274187
-0.00840243
0.375782
2.52866
0.00833682
-0.0687058
0.728073
0.000159928
-0.134122
0.187924
0.0952515
0.0624145
-0.0113008
-0.15926
-0.0197649
0.000207785
-0.199161
0.991765
0.0357781
-0.108199
0.0133869
0.726822
-0.00267454
-0.00880901
-0.00255403
-0.00541865
0.299212
0.0461703
0.0258127
-0.116066
0.000321062
-0.234477
0.0121261
-0.261331
-0.082305
0.102978
-0.00150721
-0.0817489
-0.274149
0.256765
1.33868
-0.00872947
-0.30926
-0.0334119
0.0790546
0.633111
0.00311032
-0.00111327
0.508036
0.213273
0.107345
-0.0210433
-0.0147944
-0.248916
-0.00125097
0.0174586
-0.0871129
1.16394
0.986659
-0.048331
-0.206844
0.0511586
0.0393092
0.179135
-0.23273
-0.0374517
-3.73045e-06
0.150637
-0.157872
-0.258223
0.0460126
-0.24987
-0.00283754
-0.0211405
0.7927
-0.180817
-2.91443e-05
-0.0198858
-0.113747
-0.00118257
-0.0490997
-0.000350326
0.0306804
-0.309947
-0.0589296
-0.000148732
0.00021629
0.532068
-0.160961
1.48445
0.980651
0.127744
-0.00408503
-0.0476387
0.001549
-0.0925512
-0.216796
0.153322
-0.105145
0.927128
0.064177
0.00193451
0.0478505
-0.217501
0.0138139
-0.0611511
-0.264473
0.0237058
0.112799
0.316575
0.0648356
-0.141993
-0.0946949
0.758173
-0.0739339
-2.49934e-06
-0.237915
-0.299322
-0.0866155
0.0329352
0.00533764
0.065082
-0.292265
0.166672
-0.173066
0.55112
-0.0981379
0.0442236
0.099712
0.102289
-0.175605
-0.117224
-0.000725815
0.600942
0.825936
0.0405541
0.746232
-0.201866
0.224557
-0.158279
0.79607
0.435646
2.21556
3.0189e-05
0.448388
0.71065
0.0754293
-0.00807256
-0.0909236
0.111282
0.000301244
-0.0907598
-0.182822
-0.099604
-0.109519
0.000915636
-0.0454674
-0.0020069
-0.00483575
0.937008
0.0368127
0.363684
0.107267
0.817707
0.0640182
-0.00214942
-0.152782
0.0451763
1.40642
0.00687876
-0.19513
-0.00120649
-0.0029874
0.0428188
-0.109888
-0.000170212
-0.0538705
0.151179
-0.0106102
0.000215164
-0.000250283
0.616483
0.0163059
0.036843
-0.00603605
0.0464975
0.0799073
0.046597
-0.00156994
1.2555
-0.113186
0.864778
1.0924
-0.00114697
0.336095
0.478711
-0.00416534
-0.00144393
-0.00232284
0.110112
0.0976866
-0.0343979
-0.0748656
-0.260924
0.68677
-0.200206
6.88411e-05
-0.095973
-0.0869694
-0.176138
-0.0224632
0.0321865
0.00669305
0.140221
-0.00277704
-0.00125073
-0.0849217
-0.0226644
-0.122664
-8.41085e-05
-0.073615
0.168778
0.0380315
-0.0158215
-0.0434134
-0.0585443
-0.0457301
-0.027225
0.0638526
-0.0471686
-0.000562018
-0.00213222
0.120088
-0.0606961
-0.0259135
0.0447419
0.0189352
-0.342542
-0.0552963
0.631157
-0.0622403
-0.242826
-0.111141
-0.111569
-0.0772881
-0.0196421
0.011935
-0.018453
-0.0684454
-0.0797518
0.759121
0.608146
0.257039
1.3059
-0.000385798
-0.0163232
-0.0811068
-0.0406744
0.425389
-0.100063
0.259826
-0.0212381
0.808793
-0.0100826
-0.0084349
0.109453
-0.0626708
-0.00117309
-0.0913189
-0.0306584
-0.102977
-0.00010749
-0.0344038
0.0104387
-0.08653
0.187062
0.170279
0.0940234
-0.0695344
-0.154156
0.483188
-0.00661676
-0.0102665
-0.011058
1.88612
-0.000465548
0.343702
-0.104709
-0.10091
-0.130314
-0.181916
-0.141135
-0.167366
-0.0892163
-0.024051
-0.00051557
-0.0221991
-0.106269
0.426174
0.0088257
0.597519
-0.161125
-0.0656858
-0.00485411
-0.141376
-0.000544059
0.601586
-0.147969
-0.128593
-0.117109
-0.0191074
-0.155152
-0.00890204
-0.199057
0.432848
-0.126983
-0.26901
-0.0076683
-0.13285
-0.091079
0.0764687
-0.0168602
0.578092
-0.0125858
-0.0940809
-0.00351889
0.644001
-0.190675
-0.130057
-0.0168458
-0.0488494
-0.0143183
0.737324
0.123088
0.730765
-0.0240934
-0.00426914
-0.00660163
-0.012055
0.661389
-0.289211
-0.0354799
0.00176859
-0.0314303
-0.0224797
-0.00466634
-0.0503098
-0.0777028
0.260654
-0.0258261
0.0296209
1.84951
-0.298209
-0.142306
-0.278122
0.00018264
0.33527
-0.018463
-0.13231
-0.0292032
-0.174698
0.023932
-0.00277004
-0.0150793
0.0167551
0.787628
-0.0303404
-0.0092818
-0.0242447
-0.24199
-0.0432394
-0.109759
0.0231205
-0.0452308
-0.0463921
-0.0170851
0.800545
-0.225269
0.0165951
-0.0218163
-0.135981
-0.0709893
-0.242161
-0.0072767
0.398807
0.114669
-0.0408088
-0.00896346
-0.0694073
1.9395
0.794673
-0.0580521
-0.00301578
-0.0123902
0.0430737
-0.0207437
0.103997
-0.00214361
-0.0631381
-0.0103133
-0.0861471
-0.00127225
-0.00549553
-0.0501294
-0.00708293
1.20986
-0.0333619
-0.0598366
0.0624493
-0.0101325
-0.14758
0.335216
1.69701
-0.0553796
-0.0585654
-0.011035
-0.00240592
9.84491e-06
-2.12459e-05
-0.0522333
-0.00343681
0.485691
-0.00348341
-0.00944872
0.0425633
-0.00133989
-0.216404
-0.213736
0.0853262
0.186742
0.127375
0.296381
-0.111035
0.392074
0.308184
0.409624
0.507743
-0.0661159
-0.00455054
-0.0288006
-0.238942
-0.0182168
-0.0765258
0.254115
1.19505
-0.188236
-0.00251263
-0.000150413
-0.0076557
-1.0379e-06
0.0500931
-0.00287058
-0.022648
-0.232838
0.00282778
0.0137811
-0.00113139
0.322836
-0.0785522
-0.0500673
-0.00621404
1.23521
0.989315
-0.0517833
-0.194182
-0.137701
-0.120723
-0.0735081
-0.00970143
-0.267606
-0.112036
-0.19917
-0.0110163
-0.000255819
0.748275
-0.0330946
-0.0497034
-0.100248
0.0933587
-0.00275315
-0.0432502
-0.00711984
0.071886
-0.00775438
0.660133
0.00182433
0.0507365
-0.00214687
-0.0931093
0.045034
-0.00390359
0.0834519
0.00215872
0.216632
0.498772
0.0119424
-0.00752258
-0.000648303
-0.0029648
-0.00261912
-0.294386
0.516493
0.186289
-0.00139238
0.0503806
-0.00236876
0.889209
-0.287473
0.949004
-0.209047
-0.00234322
-0.00147831
-0.0377817
-0.0290821
-0.00326291
-9.48204e-05
0.124848
0.141449
-0.00122266
-0.00171967
-0.0990826
-0.000114966
0.674362
-0.00489409
-0.254154
-0.0956518
-0.0328054
-0.2662
-0.289282
0.61315
-0.0449542
-0.101464
-0.00164609
-0.272701
-0.103006
0.159032
0.450896
1.32673
-0.00610669
-0.285485
0.0732388
1.14456
0.188116
-0.000618012
-0.0311799
-0.0210184
-0.0256446
-0.232055
0.404707
0.000937722
0.111306
0.0160223
0.363
-0.00270699
-0.00063072
-0.0943379
1.04551
-0.262439
0.598307
-0.00636564
-0.00104198
-1.27948e-05
-0.213797
-0.202281
-0.00175996
0.463515
0.0562305
-0.0275561
1.57372
-0.00203277
-0.0190555
-0.279172
-0.0564324
-0.0117938
0.553494
-0.177194
-0.000859427
0.0740098
-0.000905175
-0.000519342
0.575459
0.0305869
-0.00234571
-0.249555
-0.121965
-0.0179491
-0.0681082
0.01223
-0.112719
0.0086259
-0.0180629
-0.307645
-0.184084
0.118144
-0.00471725
0.637734
0.820187
-0.192766
0.0511572
0.094501
-0.0221727
0.669663
0.465788
-0.138669
-0.000836407
0.0516413
-0.267023
0.0744945
-0.133872
-0.0108133
0.229842
-0.135308
-0.000710047
-0.000376909
-0.0793286
-0.115522
-0.128211
0.0500617
0.138405
-0.211664
-0.000792651
-0.00709879
-0.00108101
-0.147887
-0.00012196
-0.00996298
-0.144264
-0.27023
0.485061
-0.0153576
0.0213946
-0.103948
-0.125605
-0.000663025
-0.224281
0.464284
0.635888
0.000122008
-0.000576683
0.647233
-0.0129147
-0.272097
-0.195652
0.0171759
0.00247817
-0.333853
-0.000314026
0.662244
-0.273619
-0.00762944
-0.039094
-0.239259
-0.00296182
-0.00124528
-0.00472103
0.0619483
-0.246671
0.581252
-0.00108571
1.93605
0.102602
0.000600329
-0.0049548
0.00129181
0.00147832
-7.34025e-05
0.000706532
-0.255758
-0.00371629
0.00221319
-0.00102305
0.575145
-0.029318
-0.00099626
-0.00022661
1.30246
-0.106104
0.00295908
0.00592152
-0.00368597
0.286378
-0.000503244
-0.0559807
-0.16274
0.0111289
-0.0312612
-0.000497259
-0.00105643
-0.148075
-0.201152
0.0366203
-0.178195
-0.117102
-0.000144037
0.104226
0.155308
0.459155
-0.00889235
-0.000805951
-0.267832
-0.0312456
-0.00256643
-0.237331
-0.000707404
0.207274
-0.000456034
-0.00659477
0.175941
-0.0104488
-0.280732
1.76516
-0.00831837
0.00141502
-0.246536
-0.212252
0.0473573
0.0239749
-0.00077799
-0.152648
-0.000432287
0.777514
2.38323
0.381714
0.0154784
0.0184247
-9.55937e-05
-0.134589
-0.00029323
-0.0309264
-0.00871917
0.00190182
-0.0172204
-0.045802
-0.000633997
0.00444509
-0.0370133
-0.00161121
-0.0470235
-0.0817656
-0.00163086
-0.00574431
2.1173
-0.00354109
0.0124554
0.00124477
0.0690639
-0.239968
0.0489407
-0.00090685
-0.00051387
0.0137382
-0.00056213
-0.000147038
-0.055014
0.00355129
-0.000124037
-0.24445
-0.01103
-0.27274
-0.00843258
-0.000348685
-0.0159801
-0.0178901
-0.0726111
-0.0961347
0.0117486
0.00267728
-0.00237912
-0.010207
-0.000404207
1.06105
0.00794702
-0.000101352
0.0030063
-0.0103071
-0.00182204
-0.306681
-0.263748
-0.000667313
-0.0357653
6.95091e-05
-0.0127198
-0.000376073
0.168263
-0.000718242
-0.000958072
-0.0170442
-0.000118394
0.0674964
-0.00115403
-0.00650487
0.0926151
6.28515e-05
1.43676
-0.256091
-0.200609
-0.000128272
-0.000107224
0.00983601
-0.00610059
-0.235558
-8.62977e-05
-1.14265e-05
0.00379365
-1.51755e-05
0.00193643
0.00228454
-0.00233812
0.00402082
-0.253488
1.80795
-0.143684
1.27807
0.0455936
-0.0791012
-9.50511e-05
-0.00450069
-0.0616142
0.000735774
0.00145281
0.000876338
0.329432
-0.00670111
-0.00110761
1.87349
-0.00273898
0.00300152
0.0025649
-2.42112e-05
0.257042
-0.011006
0.00578753
0.000636964
-0.00266408
-0.000349083
-0.00459449
-0.210484
-0.00212932
-0.00772278
-7.94116e-06
0.00110907
-0.00130895
0.762804
-0.00225499
-0.0013882
-0.334829
0.0191008
-0.000430296
-0.00685466
-0.000311216
0.703582
-0.347549
-0.00150556
-0.00197519
-0.00903382
-0.000790166
0.271099
0.489805
0.220903
0.00259811
-3.44769e-05
-5.64872e-06
0.288378
0.00130034
-0.29395
-0.0926521
-0.0777622
0.119586
2.11374
0.00998836
0.774994
-0.0719081
-0.141865
0.713394
-0.00181107
-0.314686
-6.41978e-05
-0.0454556
-0.239658
0.000280273
-0.211632
-0.00484886
0.00316516
-0.0257795
-0.209095
-0.205776
-0.0147297
-0.281287
-0.216113
-0.000953196
-0.0603745
-0.000256916
-0.182691
-0.000141682
-0.000946791
0.123477
0.680176
-4.37098e-07
-0.219109
0.0181641
0.000386339
-0.0995012
3.0263e-05
-0.0684487
-0.00131602
-0.188386
0.000650659
-0.000440581
-0.0101527
-0.000238028
0.663833
-0.1486
0.372035
-0.000149889
0.00320229
-0.159087
4.24473e-06
-0.274843
-0.320016
-0.270448
1.95716
-0.0327458
-8.89365e-05
0.128098
-0.20249
-0.0122723
-0.000120306
-0.000432639
-0.23035
0.000652447
0.00448363
-2.98136e-06
0.000815691
-0.137712
0.478402
-0.163817
0.439766
-0.0269879
-6.73232e-06
0.0343454
-0.218861
-0.000105022
-6.9367e-05
0.00163918
0.000327132
0.00206035
0.807968
0.17185
0.000286883
5.61547e-05
-0.322576
0.818199
0.730581
-0.000226157
-0.176247
-0.0908413
-0.0485696
-0.233998
-0.0399357
-0.0146338
0.594259
-0.000206311
-0.129121
0.698122
-0.236393
-8.48345e-05
-0.299918
-0.000880284
1.02439
0.143094
-6.76607e-05
-0.00013797
0.759915
1.90102e-05
-0.000904585
-0.0583177
6.58056e-05
0.966591
0.017958
-0.0366653
-0.318366
-0.0189299
-0.292858
0.754895
-0.0360429
0.00460999
0.00504672
-9.73465e-05
-0.00511206
-3.76962e-05
-7.92618e-05
0.14376
0.746873
0.628666
-0.00220138
0.978968
-0.048431
3.93383e-05
-0.22352
-8.77028e-05
-0.135599
0.147981
-0.0678147
0.0225018
0.00935019
-0.0465183
0.00125715
-0.00834771
0.1029
-0.0145137
-0.000237063
0.000149909
-0.000308725
0.151805
0.000280342
-0.100776
1.03558
-0.0300003
0.00025778
-0.0173
-4.88511e-05
0.390842
-0.00177889
-0.000328527
-0.000425833
-6.54355e-05
0.857616
-0.000754592
0.93134
-0.291812
0.000569704
-0.239793
-0.00241651
0.654742
1.92386
-0.00705583
1.22477e-05
8.20066e-05
-0.000105548
0.584872
3.73685e-06
0.0052963
-0.11873
0.893209
3.41371e-05
7.73635e-05
1.46962e-05
0.000125832
-0.100997
9.27144e-06
0.926033
-0.0753428
-0.000618914
0.000150353
-0.0103277
-0.142796
7.10945e-06
-0.000282272
0.690975
0.000169382
-0.155381
-0.156415
0.000673941
4.70571e-06
-0.262457
6.51873e-06
0.68291
7.47072e-05
-0.00221476
5.92009e-05
-0.000875206
0.409206
1.61184e-05
-0.00814528
4.19305e-05
0.0704952
-0.0168914
-0.0317892
0.0054475
0.643415
-0.00133449
-0.000400195
-0.0441094
-0.0426575
-0.00121591
-0.000257263
-0.00447335
0.000204328
0.686181
-0.0488324
1.89133
-3.10866e-06
-0.0381068
-0.000776349
0.568909
0.00028882
-0.126144
0.000119042
-0.0078851
-0.162194
-0.00114697
-0.0775669
-0.238228
0.0258466
-4.32053e-05
-0.23899
-0.00164987
-0.00146856
-0.027583
-0.0509955
0.00655218
-0.000244817
-0.0021695
-0.00438071
-0.0063979
6.65597e-05
-0.00604246
1.85847
0.000491386
-0.0161671
-0.169559
-0.357177
-0.305355
-0.232079
-0.105912
-0.00257531
-0.0620311
0.000388754
-0.00040514
1.86171
-0.000468089
0.724942
-0.00222835
0.00202181
-0.0056621
-0.159192
-0.00208119
0.00401244
-7.50376e-05
-0.0019552
-7.51223e-05
-0.000395681
-0.0735366
-0.00054142
-0.000130669
-0.000413416
0.000734383
-4.96288e-05
-0.203343
0.836711
-4.91592e-05
-0.00296112
0.000154275
0.000155244
-0.0041477
4.66513e-05
-0.00449725
0.00143411
-0.00181839
-0.311168
-0.00341101
-0.00899349
2.48551e-05
-0.00737339
0.00169007
-7.54714e-05
-4.83443e-05
6.83148e-05
-0.00392881
0.00274208
-0.212345
-0.125622
-0.315362
0.00328911
-0.00866925
0.0499415
-0.318019
-0.000469296
0.080304
0.0344944
-0.00513554
-0.0582393
-0.273807
1.6765
-0.00209572
-7.45246e-05
0.00450338
0.000248901
8.95559e-05
0.33132
0.0186594
0.38198
-0.155813
1.63749
-0.00256973
1.0764e-05
0.000761659
-8.98869e-05
-0.00674269
0.640024
0.88531
-2.61495e-05
-0.000838447
-8.45859e-05
0.845355
0.106476
-0.0227441
5.99988e-05
9.76334e-05
0.036042
-0.0034257
-0.337923
-0.0813449
0.000122516
0.0174184
-0.144248
-0.000298472
0.00916249
-0.000330114
-0.221418
-0.00883829
0.614799
8.45862e-05
0.00835292
0.00048953
7.56378e-05
0.000866787
-0.111314
7.46817e-05
-0.00449264
0.000114236
-0.0948626
-0.221217
-0.0139916
-0.0300012
-0.0422864
0.0449851
-0.0428251
-0.0123278
0.000339211
0.000529676
0.000103461
9.02488e-05
-0.000278883
0.0448647
-0.259466
0.00248591
-0.172281
-0.0152122
-0.211891
0.000439558
-1.12504e-05
0.00654246
-0.0247408
9.19274e-05
-0.17653
-0.0696717
0.216935
-0.166032
0.000133722
-0.01681
0.000975398
-0.171846
0.560711
5.85017e-05
-0.279694
-0.104001
-0.0206611
0.000191932
-4.22829e-05
0.150825
-0.0804396
0.000121318
-0.0331085
-2.02374e-05
0.00108271
0.525851
-4.14806e-05
1.76972e-05
-0.000417055
0.000174401
0.00451095
0.000442777
-0.0251968
0.00117459
-0.061095
0.00553867
-0.00103083
-0.141884
-0.203164
-0.0307406
-7.54605e-05
0.000108593
-0.245558
0.0285559
-0.22716
0.000146443
-0.025312
-0.000179893
0.000123692
0.341855
-0.0339681
-0.0137159
-4.02446e-06
-0.0838288
0.000250732
-0.318044
0.00013623
-0.359742
9.68351e-05
-2.97662e-05
0.000427968
0.00510287
-0.144398
-0.0874937
-0.323464
8.156e-05
0.000475316
-0.368038
-0.0985584
-0.0410393
-2.32661e-05
-0.0416657
-0.228603
-0.375137
1.89368e-05
-3.75138e-05
2.49739e-05
-0.176286
-0.308826
0.00361302
-0.0532146
-0.000275688
0.816624
0.000470432
7.41279e-05
0.000756774
-3.98418e-05
-4.10588e-05
-0.0176891
0.000571261
-0.0123979
-0.293843
-0.0628587
-0.283264
0.000201715
-0.000252827
0.258584
-0.158795
-0.0228248
0.480309
2.68919e-05
-6.52657e-05
-5.97391e-05
0.500918
0.000871915
-5.0572e-06
-2.13288e-05
-0.254554
-0.0743134
3.16433e-05
0.000397775
-0.0448283
-0.0309155
0.00213518
0.894635
-0.26175
0.00119135
2.40367
-8.67852e-05
-0.00336805
-0.0381999
-0.382511
3.32426e-05
-9.05731e-06
0.000108464
0.023831
-0.139306
-0.00165339
-0.232152
-0.0374549
0.000138648
-2.29828e-05
-0.0489859
0.0115424
0.0514101
-0.0904632
-0.218825
-0.185391
0.121329
-0.12475
-0.000310863
0.00177286
0.0885819
0.00269795
-0.000381934
0.00382206
0.000156935
-0.000447457
-0.0579249
-5.9037e-05
-0.000138077
0.193326
0.000556959
-0.000790437
-0.000196424
-2.62097e-05
0.974527
-0.0320586
0.00394147
-0.13082
0.00114945
0.000996625
0.000856909
-0.00023872
0.00242198
-0.17788
0.091429
-4.51943e-05
-0.000794258
-0.191206
-0.140774
0.220382
-0.00239061
0.00909905
0.0859653
1.04145e-05
0.000302141
-0.198176
0.000111352
0.671062
4.66437e-05
0.0206242
0.000834716
0.00112018
-0.339462
-0.0355328
-0.0856054
-0.011803
0.000132846
0.0340256
0.27441
-0.059062
-0.000654635
0.409374
0.656843
1.80019e-05
-0.247926
-0.000326665
-4.87956e-05
-0.00021939
-0.00275054
0.0946134
-2.28288e-05
0.00123891
-0.116993
-0.123116
-0.105771
1.20167
9.18738e-05
-0.000339889
0.687795
-0.00555826
-0.0184052
-0.00317261
0.677937
0.000224115
-0.00151803
0.000231878
0.000138782
0.000157944
0.000181157
0.000365986
-0.085791
4.31198e-05
-0.0159989
-0.214462
0.934277
-0.000684846
-0.00024411
0.023152
0.370438
-0.190451
-0.00366452
-0.338232
1.19163
0.000215727
1.54289
-2.15388e-05
0.0164696
0.116081
0.0021769
1.66781
-6.60881e-05
-2.95177e-05
0.00581707
0.000155162
-0.00420592
0.00130805
5.83115e-05
-0.00959667
5.65775e-05
-0.000705783
-0.0160845
0.949514
0.245974
0.105047
-0.211742
-2.51519e-05
-8.66519e-05
0.0168324
-0.232427
-4.6841e-05
-0.225046
-0.000263251
0.444906
0.276944
-0.153615
-0.00661232
-0.0541037
-0.0047986
-0.0712451
0.0225134
-0.0341334
0.29122
1.0811e-05
0.899824
0.227032
-0.00277105
0.836407
-0.0646427
-6.10922e-05
0.00011945
0.000333832
-0.00103574
-0.000583623
0.960083
-0.0048035
0.980124
-0.00498829
0.671423
0.872298
0.513787
-0.0341425
-2.39787e-05
0.000317274
-0.051159
-0.291025
-0.225374
0.00738953
0.000103044
-0.184604
-0.00147421
3.57735e-05
0.00502675
-0.00525725
-0.00295679
0.156562
0.000374843
-0.236016
0.271396
0.00028979
0.00134482
-0.0647788
-0.257909
-0.00357869
-0.00253621
6.63091e-05
0.00124729
0.421284
-0.0793709
-0.221695
0.00648152
0.453644
-0.185126
0.000178361
0.000115153
0.160654
-0.000435992
0.40172
0.0147422
-0.0655123
-0.00186993
0.00814764
-0.16905
-0.000168396
0.00246196
0.0346242
-0.358237
0.630851
-0.304335
-0.128773
-0.000799764
-0.000224449
0.032663
0.000234107
-0.365496
-0.311078
0.0028179
0.01696
0.0185314
-0.294465
0.00319531
0.000956394
0.00019283
-0.194956
0.000144577
0.00279329
0.514156
0.7251
-0.298833
0.223747
0.224762
0.148446
-0.00077078
0.0626964
0.000611757
4.42399e-05
-0.000347009
-3.2095e-06
0.00013729
-0.00175323
-0.0372292
-0.141761
-0.0475801
-0.130796
0.246401
0.204997
0.0200364
-0.297048
0.000805369
0.0232635
0.0550727
-0.00190639
0.344864
-0.00562784
-0.0523838
0.0607204
0.0268016
0.00547002
-0.0196876
0.210591
0.00410898
-0.0955563
-0.0792094
1.98064
-0.11688
0.36716
0.178573
-0.166017
0.0108808
0.000512581
-0.0127776
0.000285838
-0.0129884
-0.120755
-0.000340944
-0.000215497
1.04049
-0.0160222
-0.202544
-0.0914813
0.0010163
-0.00638974
-0.000111964
4.03112e-05
0.191765
0.00020254
-0.0144383
0.350613
0.0310857
0.0055387
0.0902433
-0.0281654
0.0207668
-0.251812
0.00433156
-0.0217304
-0.269492
-0.00417226
-0.0395946
0.00381987
0.00736979
0.00490985
0.188029
-0.00151814
0.0278209
-0.265192
-0.0989756
0.00157482
-0.265307
-0.0729992
-0.0839334
0.00053479
0.0324806
-0.293764
-0.0041153
-0.023461
-0.247552
0.00342435
-0.00578564
0.876274
-0.0940138
-0.000203084
0.0403423
-0.230862
-0.00517277
0.783179
-0.00991032
0.00504596
0.265845
-0.00704041
0.0407096
0.535567
0.00034746
0.00579375
0.000887916
0.000183913
-0.0216875
-0.0325999
-0.000620814
-0.117304
0.43676
-0.183347
-0.304571
0.00576816
-0.0159604
-0.00284315
-0.130348
0.000135359
0.089455
0.000224769
-0.0771824
-0.00961099
-0.023964
0.113452
0.512386
-0.319985
-0.000259107
0.788795
-0.0091805
-0.0110161
-0.29178
-0.329253
-0.0752862
-0.000146533
-0.00517551
0.035541
-0.015064
-0.0231896
0.00220313
0.386373
-0.192735
-0.054392
-0.0324431
0.134707
-0.00817836
-0.00188959
0.00839008
-3.09462e-06
-0.0151164
0.500324
0.00396895
-0.275642
-0.000273897
-0.0357807
-0.0156282
-0.342622
-0.0558775
-0.369971
-0.00031402
-0.000303659
-0.0145966
0.0517756
0.00924516
-0.379156
0.398748
-0.231162
0.000935906
-0.385387
6.6638e-05
-0.379163
-0.123089
-0.332837
-0.303495
-0.262262
-0.150746
0.0441656
0.115933
0.183594
0.254183
0.325192
0.544453
0.620001
0.700442
0.867722
-0.039235
-0.0354019
0.315987
-0.0716827
0.00449181
0.0946785
-0.194779
0.00279381
-0.00299988
-1.43117e-05
-0.0681387
0.0856259
0.000223597
-0.00143113
-0.0510379
-0.00980183
-0.360404
-0.0512194
-0.269658
-1.30274e-05
0.00287969
-0.000253805
-0.20003
-0.0420625
-0.172686
-0.0405664
0.00859471
0.0011526
0.0231318
-0.000160024
-0.0126855
-7.24517e-05
0.0018489
-0.0222014
-0.0556085
-0.00100343
0.00162033
0.222152
-0.049743
0.312759
-0.373853
-0.0305207
0.469725
-0.0908969
0.0182545
-0.103404
-0.0157625
-0.0603624
-0.0576405
1.32044
-0.00589826
0.00034707
-0.0280845
-0.0423787
1.58351e-05
0.356916
-0.0189767
1.23122
-0.0294975
-0.220884
-0.129161
0.235036
-0.0214969
-0.000240356
-3.75455e-05
-0.020339
-0.243473
0.000284444
1.29317
-0.0133262
-0.0235835
-0.000341295
-0.00185436
-0.0281819
0.397071
-0.0502842
0.510667
0.00317841
-0.0691025
-3.11969e-05
0.128407
-0.0357128
0.092903
-0.0331282
-0.0264396
-0.00339598
0.00661858
0.0572244
-5.9873e-05
-0.0441328
0.00295781
-0.0019114
0.00230573
-0.0518094
0.00123875
0.601294
-0.0513218
0.0186914
-0.156747
0.197648
-0.181887
-0.0533943
0.203427
-0.088339
0.726105
0.0324987
-0.0164918
-0.241098
-0.00323689
-0.00023385
0.00216856
0.000445452
-0.0102876
0.0214846
0.000426192
-0.0633332
0.10421
-0.0149139
0.000212532
-0.015973
-0.203984
0.622112
-0.15667
-0.224249
0.0397995
0.367334
-0.00602151
0.258439
-0.0568016
0.0256821
0.171427
-0.27803
0.467712
-0.000257729
-0.139529
0.0056583
-0.00718869
-4.96553e-05
-0.0291287
0.464905
0.00464184
0.936028
-0.100001
0.095793
-0.0762744
0.000879945
-0.00668268
0.293796
-0.223294
0.909164
0.175043
0.116078
0.698063
-0.200744
-0.0205936
-0.299939
0.00340286
-0.162625
0.640375
-0.0138054
0.970725
-0.00660586
0.400103
0.000489218
0.434357
0.546304
0.0115603
-0.0951349
-0.00178064
-2.81781e-05
0.0256236
0.01019
-0.187015
-0.17076
-0.0273532
-0.193488
0.665653
0.243293
-0.180837
-0.074309
0.000183259
0.0205212
0.757209
0.0223659
0.673287
-0.281931
0.0259112
0.000421183
0.00197551
-0.0989109
-0.00546313
-0.0123202
-0.16114
-0.00296187
0.0167142
-0.153864
-0.189403
0.761747
-1.55099e-05
-0.0861361
0.0009269
-0.121811
-0.00170773
-0.266918
0.525404
-0.166785
-0.112277
-0.0069917
-0.0723917
-0.00315273
-0.0249756
0.361844
-0.129817
-8.97174e-05
-0.0330931
-0.0181706
-0.00174858
-0.0112242
0.0583617
-0.0512024
-0.161896
-0.000188933
0.625252
-0.12292
0.0330988
-0.00178369
-0.0379109
-0.00177154
-0.0118413
0.00140698
-0.113493
-0.000466461
-0.178592
0.0134843
-0.000188548
-0.0506766
0.00147973
-0.0445533
0.00630781
0.684971
0.00596704
-0.045045
-0.042949
0.0188481
0.527099
-0.0698445
-0.106681
-0.0722292
0.00167024
0.513815
0.222887
0.00632119
0.000580047
0.244891
-0.210793
0.0127335
-0.125604
0.00647502
0.00182438
0.132777
-0.130807
-0.0624743
-0.0536603
1.04986
0.12719
-0.0519764
0.155506
-0.0020679
0.00012826
0.00858539
0.0151208
0.562952
-0.0161724
0.0989975
0.000492998
1.80799
1.66173
-0.00720219
0.793582
2.29737
-0.140229
9.08254e-05
0.4698
0.563011
-0.0176499
-0.11169
0.000959535
3.22791e-05
0.593042
0.156536
-1.05598e-05
-0.250382
0.000502298
0.211032
0.262882
-0.155345
-0.164707
-0.0971863
-0.00129684
0.00561134
-0.061339
0.363428
-0.204044
0.706805
-0.046885
0.217202
-0.00825747
-0.00112715
0.00439711
-0.01374
0.55792
-0.0225645
0.563086
-0.00122837
-0.311092
-0.203721
0.560898
-0.0295414
0.00226303
-0.171068
0.00192905
0.0608936
0.48374
-0.0377353
0.618897
-0.0462817
-0.015193
-0.353331
0.169414
-0.303512
-0.0769784
-0.00435277
-0.124943
0.007062
-0.0443085
0.00797648
-0.134959
-0.0559356
0.202837
-0.0195844
-0.344171
-0.187331
0.141182
0.185084
0.488449
0.0204925
5.89698e-05
-0.0308061
0.772687
-0.000470227
-0.0287837
0.00331006
-0.00120119
-0.188182
-0.00123437
0.0161685
-0.00534376
-0.00818885
0.00166239
-0.178134
-0.00718284
-0.0614124
-0.0243047
-0.0154042
1.16294
0.239125
-0.159265
-0.0516817
0.00763765
0.000579723
0.0643759
-0.00506738
0.0406919
1.2517
0.498053
0.442593
-0.000953762
-0.0771054
-0.00688718
0.141543
0.392648
0.472573
0.610662
0.64641
-0.0661452
-0.00431515
-0.010778
0.17721
-0.014248
0.675145
-6.39536e-06
-0.00690732
-7.40776e-06
-0.0218012
-0.152148
-0.011073
-0.0599747
-0.130153
-0.256317
0.638853
0.570217
0.147348
0.575586
0.329348
0.31035
-1.97808e-06
-0.0305616
-0.0410509
-0.213273
-0.0217177
-0.194413
0.284004
-0.217542
-0.00614364
-0.29647
0.441157
0.523582
0.253373
0.3297
-0.176104
-0.0775738
0.127603
-0.0246487
1.40818
0.000408192
-0.293569
0.287244
0.0838219
-0.00342118
-0.195759
1.77553
-0.0898616
0.268823
-0.00343164
-0.371647
0.00146325
0.843563
-0.217952
-0.102878
0.235629
0.100639
0.267575
1.53724
1.0347
0.0126412
0.0025022
-0.0128511
0.00082519
-0.142539
-0.0269343
0.248565
2.37438e-05
-0.00955664
0.362805
1.37801
-0.116653
2.87113e-06
1.80191
-0.302428
-0.073604
-0.0185678
0.408048
-0.375751
0.237997
0.582148
1.24105e-05
0.527065
-0.130634
0.000988427
0.179776
0.167908
0.248852
1.3702
1.57801
0.0253659
0.248073
0.00296724
-0.170425
-0.145363
-0.00057151
0.578463
-0.317682
-0.323212
-0.0437099
-0.003363
0.00017768
0.024832
0.0807929
1.06109
-0.160932
-0.0127823
0.000737534
-0.0170164
0.000412192
-0.0841337
-0.176864
-0.0413295
-0.127382
-0.291486
-0.193573
-1.06589e-05
-0.180922
-0.0131198
-0.326767
0.228459
-0.00019636
1.6596e-06
2.59493
1.34157
1.68381
0.921461
0.0925199
0.000609045
0.116944
-0.12956
0.000810467
1.18862
0.0838307
-0.00319327
0.357214
0.386411
0.216794
-0.365137
-0.243596
0.839729
-0.366388
0.202253
0.0324929
-0.293486
-0.262684
0.0903358
0.159606
0.224696
0.294512
0.584822
0.66524
0.311978
-0.192694
2.11818
-0.0252057
0.165366
-0.249719
0.0287419
0.451568
0.0039615
-0.0437329
-0.337651
-0.322919
0.185875
0.000676076
-0.220702
1.48246
0.106739
1.28606
1.00791
1.98591
0.227149
-0.355358
1.54019
0.125223
0.512846
-0.00464183
-0.022673
0.00173105
-0.191958
0.399527
-0.0873363
-0.219301
0.030945
-0.225762
0.184733
0.0073746
0.404072
-0.170627
0.00625755
0.000885741
-0.34798
0.0230497
-0.0236418
-0.111015
1.97335
5.79767e-05
0.0162999
0.0113537
-0.0576695
0.0290759
0.199346
0.00622387
-0.309112
-0.000367585
-0.0207786
0.380437
-0.0194824
-0.153607
-0.0288715
0.000223499
0.176874
0.366848
-0.207589
-0.110723
0.205782
-0.0146131
-0.00982621
0.586386
4.80569e-06
0.205602
0.139834
-0.281536
-1.5779e-05
-0.00771088
-0.000123546
-0.147054
0.627787
-9.16413e-05
-0.0388929
0.000492232
0.0467974
-0.103536
0.001029
-0.186764
-0.238629
2.67833
-0.000240897
0.311834
0.0072795
-0.00347976
0.00360606
0.437875
-0.0425475
-0.199125
-0.225868
0.891568
-0.123223
0.469885
2.75781e-05
0.995692
0.223867
4.82219e-05
-0.298986
0.379037
-0.00191383
-0.000225597
-0.20691
-0.175119
2.63786
0.000231844
-0.162417
-0.209751
-0.000141919
0.102494
0.00254402
-0.112503
0.76732
-0.162961
0.139914
0.0303037
-0.000489833
1.07115
1.41959
0.00794242
-0.00828027
-0.240982
0.904932
-0.0261953
-0.000905594
0.312732
-0.339867
-0.22146
-0.00567788
-0.00367906
0.271821
0.115393
-0.0338191
-0.260257
-0.328894
-0.138806
0.217102
0.000173764
-0.0986115
2.57952
-0.00552328
-0.00705922
-0.0192851
1.94583
0.476899
7.57034e-06
1.60937e-05
0.68083
0.6783
-0.13245
-0.253463
-0.232216
-0.000218781
0.112719
0.0659753
0.553509
-0.0176826
0.810819
-0.090673
0.163179
1.4678
0.00114594
-0.0469641
-0.212777
-0.160105
-0.0891296
0.000532768
1.23152
0.28754
0.228954
-0.115553
-0.280849
0.000337991
0.722817
0.00318218
0.000610361
-0.173136
0.334194
0.00713011
-0.0478676
-0.159359
0.524672
-0.0124531
-0.185307
0.00388198
-0.152642
0.0018724
-0.0177429
0.00186844
0.206226
-0.124815
0.698474
-0.0413145
-0.000383908
0.00117115
2.27776
-0.000280733
-0.156888
-0.213166
1.10274
0.220577
0.000561232
-0.0637558
-0.0732213
-0.256444
0.308165
-0.214357
0.456031
-0.0639392
0.290884
-0.0821739
-0.0343034
1.12564
0.0112924
-0.0528441
0.63715
0.552995
1.78738
-0.178656
-0.139315
-0.00403617
-0.12271
-0.252678
0.423499
-0.00334106
0.148102
0.000721651
0.084363
-0.0127779
0.110292
-0.116601
-0.034396
-0.00728277
-0.0982096
0.000597235
0.260473
-0.195692
-0.00630322
0.000316261
0.0771443
2.35213
-0.37762
-0.0753836
-0.0124246
-0.000815325
1.32626
0.166556
7.11502e-05
0.0487729
-0.383611
-2.60873e-05
-0.00283114
-0.178727
-0.0467397
-0.0237581
0.510996
1.14553
0.999794
-0.178173
0.00217792
-0.206618
0.000518933
0.69206
1.95657
0.000532987
-0.00306468
0.139239
2.05983
1.63005e-05
1.08647
2.16906
-0.209788
-0.0499193
-0.0120015
1.10482
-0.0289819
-0.348907
1.87762
-0.0240529
1.18036
-0.104005
-0.0429873
1.85784
0.446718
1.13299
1.02674
0.0113385
-7.35874e-05
0.744059
0.326236
-0.0681504
-0.389278
0.0767387
-0.344024
-0.0634539
1.1039
0.00135402
-0.0265394
-0.293456
-0.034961
-0.125056
-0.257857
-0.144746
1.08755
0.259302
0.113065
1.76877
0.00435163
-0.000197471
0.262576
0.200614
0.283655
-0.00111565
0.0322077
-1.19092e-05
-0.0592404
0.0938093
-0.000163791
-0.00550836
0.00344435
0.000371669
0.367877
-0.0376516
0.0018359
-0.0412908
-0.357143
-0.0426763
-0.0137929
1.09305
-0.0879688
-0.0653452
0.00639039
-0.0669175
0.000305282
-0.15249
0.526462
0.0460227
0.587252
0.0398103
0.416675
0.657038
0.841818
-0.113151
1.47451
-0.0608349
1.08573
-0.345818
-4.75883e-05
-0.0493985
-0.0813001
0.124958
0.600977
-0.258962
0.00131243
2.66048
0.0361484
0.534464
-0.169256
0.35443
0.349921
0.00412991
-0.138628
-0.334636
0.0108844
-0.00337478
-0.0483009
-0.172438
-0.0225966
-0.0337825
-0.339084
0.713509
-0.0238623
-0.155869
-5.95787e-05
2.17965
2.46373
0.0294094
0.000408813
-0.130711
0.00672589
-0.13372
0.000511845
0.241708
-0.119349
0.000851241
-0.00294229
-0.182581
-0.00386058
-0.0846217
-0.122952
1.19089
-0.330534
1.26754
-0.00312585
-0.0494786
-0.0674778
0.327483
0.265348
-0.2035
0.00999874
-0.0663062
1.01516
-0.167366
0.00154913
0.000246033
-0.0129532
2.40451e-05
-0.00688662
-0.00732493
0.0606267
-0.0293804
0.533421
0.000225568
0.00711426
0.742589
0.828366
-0.11661
-0.00949285
0.665533
0.00125003
0.00133826
0.238665
-0.00525531
1.93363
-0.170658
1.13623
-0.180432
-0.000182879
-0.0391758
1.59108
1.13197
0.0779274
0.0190642
-0.000914014
0.531925
0.292061
0.0660344
-0.00592836
-0.0145397
-0.239576
3.82348e-06
-0.102989
-0.208302
-0.147874
-0.023206
2.01565
-0.0191206
-0.11612
-0.160769
0.00269927
0.000109707
0.00729926
-0.0226602
1.2757
0.0752149
0.000357801
0.00377954
-0.263064
1.68747
0.000959842
0.00314688
0.198779
-0.14248
1.53604
-0.139682
1.26528
1.16164
0.000913604
1.05254
1.18609
-0.126089
0.223292
-0.00103597
1.23378
0.00261936
-0.000517386
-0.0181268
0.839581
-0.0370796
0.747218
0.00963636
2.03364
0.0116875
1.8065e-06
2.73626
0.182856
2.21791
0.551258
-0.289833
0.0931664
-0.269781
1.48626
0.0011495
-0.000583989
0.289748
-0.00364481
1.96039
-0.362094
-0.368297
0.0101759
0.343144
0.491332
-0.324848
0.0678736
-0.106229
-0.0211265
0.13373
0.00197196
0.0158943
-0.0989335
-0.112528
-0.176077
0.303454
0.0434483
0.423057
0.297259
2.16593
-0.222517
0.153624
0.00204501
-0.367705
1.23367
-0.00162153
0.480629
0.945102
-0.112663
0.0760985
-0.319672
-0.000316259
-0.0194329
-0.0115539
0.038796
-0.0230359
-0.111946
0.000540004
0.611009
0.420742
0.805109
0.479184
0.785458
0.0566709
0.323785
0.0965663
0.123417
-0.086564
-0.359814
0.33273
1.2421
0.193081
-0.0252403
-0.051565
0.460902
-0.0282371
-0.316933
0.805296
-0.0802476
-0.165198
0.565599
0.168
1.90015
-0.000163966
8.89474e-05
-0.25813
1.33704
1.36016
1.06622
1.4629
0.282853
-0.0266215
-0.0417566
0.355009
-0.0802725
-0.00390821
0.133696
1.9996
0.0296995
1.30246
0.526409
0.0784635
0.000582359
-0.169639
1.42802
-0.0117098
-0.0358429
0.518618
-0.111662
0.00131251
-0.0220376
-0.101464
2.45078
-0.252108
0.698867
0.378288
-0.0317863
0.359096
1.14423
1.43858
0.568796
-0.291062
0.512314
0.470845
2.61662
0.00347844
-0.0123575
1.44131
-0.298179
0.921138
1.57657
0.0157404
-0.157124
0.58619
0.00031296
1.71857
-0.0606771
1.30072
0.0539568
0.00790763
0.0300585
-0.00560527
2.57695
0.000381716
-0.348838
1.22334
-0.00205707
0.100889
-0.109531
-0.108483
0.634049
-0.0928876
0.00431117
0.592029
-0.0839795
0.00372937
0.000334163
0.452497
-0.0125569
0.906574
-0.324776
0.00805554
0.336433
-0.00677039
-0.0555968
0.303889
-0.317442
0.964516
-0.101755
-0.0129844
0.735157
0.0009021
0.00873537
0.486665
-0.0603264
0.0307377
0.599105
1.72052
0.419231
0.0839175
1.02437
1.5039
-0.0590379
-4.97427e-05
0.892337
-0.285767
0.0643824
-0.00416052
-0.26031
-0.00143211
-0.00337973
0.26137
-0.020572
-0.0408317
-0.102588
-1.22553e-05
0.82157
-0.00314492
0.154116
-0.310805
0.000319753
-0.234577
-0.110422
-0.271085
0.00264687
0.126785
1.35603
1.75155
2.37138
9.1822e-07
-0.106844
0.000387896
0.000196703
6.1478e-05
0.00349779
-0.00587949
-0.0187838
1.05422
0.1011
-0.0141751
0.297368
0.120182
0.0396164
-0.271642
-0.214445
0.513166
1.10249
-2.87767e-05
0.0660646
-0.138534
-6.0837e-06
-0.195684
0.262487
0.913608
6.24978e-06
1.77731
-0.14768
0.467241
0.506586
0.00815268
0.696964
0.0121353
-0.341591
2.21484
0.000747486
-0.026186
0.629334
-0.00142405
-0.117967
0.000233714
-0.0032312
0.0120078
-0.0546426
-0.0133457
0.00118671
0.000204281
-0.0404955
-0.311042
-0.220598
0.630864
0.300508
-0.0403251
2.00768
0.0841955
1.88541
-0.0714379
2.10962
1.84734
1.91163
0.0587224
-0.047861
0.0492782
-0.0118321
0.00113131
0.915797
-0.126387
0.00490751
0.904087
2.23445
0.675844
0.438482
-0.0354787
-0.0827842
0.035767
0.0038951
-0.183587
-0.0410673
1.818
-0.00194025
2.50918
1.09628
-0.00342307
0.771525
-0.136209
-0.349577
0.695613
0.288752
-0.0193861
0.671535
-0.0719006
1.14855
0.430821
0.00809723
0.000189934
0.1225
-0.226453
1.46036e-05
0.0159613
-0.341402
-0.0032308
-0.148716
5.81263e-06
7.49815e-07
-0.368428
-1.51864e-05
-0.0265847
0.00592303
-0.127167
0.402652
-0.251312
0.0422928
0.188089
-0.200475
-0.385216
0.550439
0.0846018
0.0759735
1.34632
1.18913
-0.000346867
0.841419
-0.284495
2.02309
0.954978
0.0129019
1.08172
2.05586
3.11065e-05
0.880413
0.123302
0.18044
-0.180927
-0.000107837
0.220181
-0.24881
-0.0200993
-0.00127111
0.000359003
0.0744316
0.00541036
-0.262515
0.320454
-3.83007e-05
-0.335405
0.293839
-0.035836
0.00709161
-0.0253501
-0.0041026
-0.000180034
1.95219
1.73426
0.30144
-0.24681
-0.0221295
-0.0090755
-0.00153946
0.000545759
-0.0142645
0.0528822
-0.213721
-0.189191
-0.099461
1.37991
-0.191582
2.51379
0.00239219
-0.161807
1.52736
0.00189062
-0.218658
0.000420919
-0.00160999
1.50313e-05
0.0020107
0.683641
0.000814292
0.00716592
0.696871
0.112074
-0.0403045
-0.0630502
-0.0432286
-0.000200627
2.31578
-0.251917
1.02194
0.567693
-0.0195029
1.27905
2.12786e-05
0.285287
0.000100201
0.0145181
0.04892
1.98162
-0.00479134
1.1243
0.291451
-0.00193099
0.000427218
-0.112517
1.35479
2.3288e-05
0.0608112
-0.00105541
-0.32863
-0.176701
-0.232486
-0.0609256
-0.107867
0.143261
0.0143387
-0.369311
-0.284601
-0.0278008
0.00301461
-0.000183226
0.00167466
-0.0038724
0.000199168
0.35337
0.00798039
0.00632177
1.18751
-0.00500126
-0.215474
0.878151
9.05465e-05
0.0118519
-0.31856
2.33068
0.0125739
0.910807
-0.180961
1.16135
-0.0995672
1.72688
-0.25468
-0.27088
-0.063616
1.90553
-0.0785815
-3.75576e-05
0.00206511
0.68213
0.280985
0.586234
2.39676
-0.197829
-0.377395
1.39656
0.00520369
0.271737
0.0393742
-0.0191323
0.0103136
0.0385762
-0.00109162
-0.297851
0.657703
0.57667
-0.051134
-0.000203362
-0.000178384
2.89148e-05
0.0102139
0.000753089
-0.280976
1.38969
-0.203386
2.59202
-0.342525
-0.00920279
2.50519
-0.0932923
-0.0345237
0.00186063
-0.00507487
-0.0397623
2.46384
2.39862
-0.128754
-0.065335
0.00102908
1.2688
0.6685
0.0496757
0.479646
-0.0696931
-0.0835816
0.0171789
1.87396
1.79065
0.565015
-0.0377024
0.00566473
-0.0720574
0.130236
-0.00389432
1.16414
-0.00562395
0.0185991
-0.0124237
-0.306016
0.321466
-0.23328
-0.0427833
2.18321
0.689792
0.586306
-0.304504
0.175035
-0.0345932
-0.000172014
1.45116
-0.00331365
-0.0186514
-0.255854
0.306358
0.000529856
0.953994
0.118824
-0.261903
0.239385
0.702008
-0.14016
-0.0351136
0.15691
2.44961
0.519299
1.70738
-0.003864
0.486504
0.0721999
0.0231724
1.22123
0.00784634
0.077116
-0.114926
0.562403
-0.189069
-0.124593
-0.192531
-0.289958
0.00599104
-0.109978
1.9055
0.279992
-0.128117
-0.0323249
-0.0731364
-0.296379
2.42536
-0.04435
-0.0364602
-0.321582
-0.0248393
-0.0581847
0.11135
0.0379744
2.65075
1.83271
0.089114
1.68844
1.76615
-0.0374967
0.0695254
0.13361
0.355639
-0.00361095
0.256866
-0.00118711
-0.105135
-0.317005
-0.174177
-0.0142253
-0.1481
1.15404
0.292288
1.61851
1.66149
1.83905
0.000600129
-0.036811
1.88471
-0.0759895
2.27725
1.33979
0.0130626
2.08692
3.05992e-07
-0.00330518
0.284291
0.318642
1.50331
0.0137704
0.0493472
0.0124646
1.31789
-0.0898951
0.0672844
1.81723
-0.183837
1.86788
-0.0552588
-0.170345
1.33441
1.83699
0.879463
0.947067
0.148437
-0.0349308
-0.139282
0.00104961
1.87112
0.906186
1.10476
0.981294
2.1342
0.0712359
-0.323511
2.038
-0.00020293
2.09251
0.520834
2.38717
2.25419
-0.00018583
-0.194305
1.74237
0.0107387
-0.0134426
3.47845e-06
-0.176613
0.0565619
1.49623
-0.0496768
0.0603347
0.544416
-0.201493
-0.0035698
-0.0979934
1.78355
-0.118456
1.79444
2.04444
1.46282
-1.27494
0.633758
-0.228228
3.11615
4.52195
1.80195
0.0854552
-0.980821
0.652054
0.0784823
3.04653
2.60816
-0.947867
-0.400057
-0.619599
-0.538307
0.47989
-0.588211
-0.585673
-0.360924
-0.233676
0.677936
-0.305407
0.350783
0.704749
-0.517038
-2.46963
0.468111
1.25062
1.82508
2.39895
-0.0186253
3.22227
-1.0597
4.30415
-0.428246
0.925193
0.825444
-1.00487
-0.759209
-0.388125
-0.987463
0.277879
2.8825
0.00705624
3.91844
0.102587
-0.54073
3.60308
-0.342936
-0.354052
0.870053
1.43968
-1.4447
-0.404094
2.58371
2.01295
4.16003
-0.399851
-0.150801
0.314395
-1.16991
-0.415472
-1.71495
-0.191978
0.256638
-0.333819
-0.970088
-0.151061
-2.15137
-0.58853
0.486557
5.29163
0.274013
-0.573651
-0.470524
1.23443
3.23146
1.80857
2.38263
-0.0199977
-1.06146
-0.0691604
-0.577659
-1.91537
0.10017
-0.394713
-2.6231
-0.0119604
-0.646847
-0.929766
4.46318
-1.0299
0.197303
0.111618
-1.19309
-0.328446
-1.99911
0.0735194
-0.316071
3.09506
-2.79946
0.802916
-1.25026
4.98596
0.832741
0.103679
1.74357
0.737896
-0.0246544
2.34106
3.04995
-0.353274
4.14597
-0.0813955
-0.877105
2.94541
1.50097
0.907603
2.0742
2.64542
-0.366473
-1.40756
3.91647
-0.419401
-0.0986216
-0.585505
0.849489
-0.233718
-0.548608
-2.72462
-0.462694
0.553855
0.832574
0.443345
0.616596
-0.310212
3.43183
0.553006
0.551401
-0.0952036
-0.346702
2.28399
0.439799
0.669209
-0.463034
-2.46235
0.92111
-0.625238
-1.80264
0.405943
0.0862399
-0.834913
3.56403
0.368681
-0.950904
4.41255
-0.0435367
-2.7908
-0.00962581
1.5406
4.11978
0.154725
0.68536
0.682151
-0.424055
-0.711899
0.810858
0.271471
0.0127787
-1.55194
-0.469128
0.343325
0.488886
1.04631
0.204582
-2.70693
0.0908886
0.591715
-0.380554
-0.411705
-0.486111
-2.35738
-0.555443
-1.94505
-2.34103
0.1214
0.243182
4.28012
0.429883
4.22506
0.0598341
-0.345985
0.457499
2.59091
0.488538
-2.26176
0.338192
-0.512345
1.52244
1.99072
0.513909
0.705439
-0.382621
0.0636627
0.0341179
0.0582623
0.341598
1.09041
1.26218
1.83574
0.599724
3.09256
0.187737
0.413489
2.41278
3.9368
0.127843
-0.674105
-0.91351
-0.858036
-1.91812
-1.71578
-0.161357
-0.483915
-0.225811
-0.446862
-0.39647
-0.567809
4.34282
0.45983
-1.72005
-1.26613
-0.60002
-0.409914
-0.541387
0.227286
3.36548
-0.104989
-1.41826
-0.0423849
0.462154
-0.452619
0.738695
-2.65417
-0.405168
-0.777561
-0.577435
0.463538
0.0290081
0.380172
-0.354829
3.80972
2.89564
0.593661
0.819463
2.68728
-2.82905
3.99681
-0.684748
0.531481
0.460646
-0.575559
-0.43096
-2.85105
-2.72595
0.153122
-2.7606
0.573196
4.57416
-2.10184
0.786624
2.07778
0.339272
0.384571
-2.11864
0.308395
-0.37148
-0.134763
-0.423949
0.023478
-0.407429
1.13423
-0.469124
-0.393645
0.0533489
3.22205
-0.378211
-0.401738
0.96062
1.5364
3.50079
2.11028
2.69764
-0.300578
-1.34157
1.99419
4.59924
-0.392861
0.573752
-0.49116
0.525803
0.371064
-2.5886
-0.419768
0.536624
-0.656462
-0.19922
2.4654
0.0525139
0.424724
0.36631
-1.07382
0.301724
-0.325021
3.65402
-0.480995
0.40434
-0.145418
0.103569
0.383452
-0.39596
-2.80225
4.53724
0.00553964
0.812425
1.38705
1.96044
-0.458445
2.53876
-1.49898
-0.381524
2.04005
0.437277
4.03521
-0.564514
-0.414901
1.58436
0.36088
3.52915
-0.578194
2.7928
0.14813
2.81437
-0.734336
0.0896944
-1.14122
0.487213
1.3875
-0.462262
2.78854
-1.05432
2.83753
-0.463071
-0.0314828
-0.502503
-2.74207
0.343596
-0.395442
-0.434984
0.647615
0.187485
-1.72498
0.405428
0.11942
1.74748
4.50093
1.15667
0.913316
4.21951
0.576082
-0.390069
0.175323
-0.890695
-0.50462
2.40773
0.115637
4.02836
-2.99291
2.86675
-3.0763
2.85653
0.313037
3.78995
-0.127234
0.515095
-0.301453
-0.319281
0.875346
3.83296
-0.151445
-0.932242
-2.00429
0.287329
0.569988
0.358792
-2.4934
-0.23852
-0.00587646
-0.660996
0.436389
0.789068
0.569716
0.587607
-0.468557
-0.548161
0.431366
0.493299
3.99631
0.461047
-0.431662
0.144123
4.39648
0.590823
0.72445
3.87166
-1.97899
0.189072
-0.440234
-0.598747
-1.88981
0.323788
3.44048
-1.27737
2.16956
-0.236367
1.59543
1.02158
0.288079
0.32331
3.88248
0.353129
2.64644
-0.477794
0.311241
4.63199
-0.441311
1.82019
4.3449
0.574941
0.510997
0.173149
-0.135038
0.392629
4.20368
4.21973
0.67618
0.36828
0.373132
3.91008
2.50975
-0.934546
-0.537032
-1.57407
3.20632
0.337083
3.79137
-2.67032
-2.26177
1.55498
0.967382
2.1284
2.71616
-0.30516
-1.34624
-1.27399
-1.85681
2.56045
0.00982926
-0.403754
-1.09587
0.570774
3.84341
2.81628
-0.695141
3.71471
-0.864738
-0.338257
-0.687976
3.95773
-1.04966
-0.662016
1.3772
-2.70154
0.435078
-0.260334
-1.13293
0.119968
-0.0974677
-0.780378
4.19235
3.75065
-2.08621
0.318651
-1.46456
0.531834
-0.950609
3.27205
0.554275
-2.65095
-1.64328
0.470226
-0.166808
4.53969
4.02558
3.50197
-0.249533
0.0944496
-0.227559
-2.62575
0.47519
-0.165136
-0.244554
0.467408
4.27165
-0.931639
3.29223
0.254375
-0.729709
0.651432
-0.0364644
0.343585
0.196965
0.428892
0.468249
-0.650427
0.474342
-2.68665
0.371178
4.17388
0.449869
-1.59204
0.514346
-0.606899
0.386551
-0.475988
-0.275247
-0.488224
-0.309504
0.304806
0.576497
-0.538653
1.44693
-0.289517
1.69217
-1.88689
-2.52034
0.473329
0.25851
0.159243
-0.453166
1.86102
1.2875
2.4438
-1.60941
-0.567594
0.705973
-0.38548
4.46456
2.71624
-0.887258
0.476337
4.08548
-0.115944
2.15337
-0.282272
-1.55204
0.351413
0.340519
2.41902
0.79075
0.130299
3.81593
4.2828
-0.457936
-0.102945
-0.355001
0.496864
1.93046
-0.49631
0.421585
0.878623
-0.343129
-2.58909
2.15189
0.0629447
-0.272522
-0.882768
-0.175698
3.64458
0.52846
4.36095
5.01444
-1.81834
-0.825252
-2.42694
-2.54286
-2.14571
-0.74024
0.32734
0.284295
0.181725
0.394734
0.441838
3.79226
0.257244
0.500882
-0.758933
0.32156
-1.9695
-0.068761
0.445182
-1.10247
0.441461
0.192688
3.70631
0.538083
-0.54267
-1.16959
0.324654
0.49202
-1.86249
0.355108
0.344825
-0.17012
-2.27691
-0.492793
-1.79858
-0.712981
0.232198
0.386446
0.265733
2.7298
3.36759
0.470849
-0.429413
-1.63371
-0.51562
0.52086
0.515092
0.449166
0.550803
0.4944
3.08009
-2.57626
1.7277
0.253657
-0.741223
-0.281763
0.427474
0.337013
0.355538
-0.650249
0.382018
0.570758
0.188671
-0.118889
0.505427
-2.66584
0.588069
0.641393
0.906144
-0.530308
0.484725
1.95595
-0.0332874
0.323197
0.579812
0.422235
0.0121075
0.398373
-0.476251
-2.6003
0.00327284
-0.208247
1.74455
3.99329
3.24543
-0.817416
3.03328
0.148225
-2.70913
-0.642829
-0.480955
1.46372
0.326325
0.447369
0.189445
0.242534
1.83174
0.476494
-1.08584
0.429988
0.488432
4.05332
0.0585874
0.960831
-0.84784
0.559087
0.493898
0.373353
-0.516156
0.712059
0.399933
0.916547
0.580909
0.632563
0.127375
4.54176
0.466268
0.603931
0.689864
0.821554
1.01509
0.520529
4.05509
-1.51031
3.86977
-0.433116
-0.487607
-2.305
-1.94407
-2.3225
4.15572
0.351982
0.611338
0.547785
-0.817296
-0.532365
0.447329
-1.86895
-1.79515
-1.01876
0.925329
0.526254
0.963933
1.54237
3.50365
2.11591
2.70701
-0.306915
-1.34789
0.28736
0.28116
0.362458
0.762241
3.79834
-2.05642
-0.789119
-0.503043
-1.56127
2.4697
-0.520135
1.8992
1.32598
0.753401
-0.558661
0.223913
-0.383199
3.53161
-2.52371
3.50664
-1.30508
-0.144282
-2.21012
-1.53357
3.22631
4.11668
-2.44156
-0.261949
0.313392
3.75136
4.48671
-1.52657
-2.04933
3.30569
0.0443578
-2.50929
3.70996
0.325996
-2.21481
0.144897
-2.58111
0.209487
-0.0839467
-2.43512
3.58962
-2.63581
-0.717318
-0.394903
-0.873872
2.37444
3.59598
-0.518439
-2.46985
-1.1497
0.267645
-0.316318
-0.292686
0.562977
2.59958
-2.17514
0.255462
1.71272
-2.3024
-0.0550918
0.502302
2.01174
0.592957
2.93772
4.35405
-2.73299
-1.88579
0.471739
-2.4217
0.343756
4.00428
-2.68784
-0.914867
3.7908
0.96069
-0.479202
3.03023
1.08473
1.65635
2.22965
3.38458
-1.23032
-0.189585
2.73289
0.292744
0.430606
0.676952
-0.921479
-1.74644
4.31863
0.330872
-0.0389623
3.29167
-0.0380697
-0.0556577
3.12964
3.98149
0.0508456
-0.0309968
0.1979
0.0305046
-0.899853
-1.00988
-0.81201
-0.394903
-2.3746
0.0633966
2.72599
0.927547
4.14917
-2.5439
0.156369
0.466151
0.632801
0.481685
-0.492227
-1.1739
2.57384
0.531804
3.82687
-0.585901
-2.37794
2.97872
1.57638
0.105892
2.6186
4.48999
1.39989
0.348009
-0.24441
-0.243825
-1.9314
-0.496779
-2.14327
-1.45223
0.515939
-0.393914
-0.122506
0.0179098
-1.852
-1.50284
0.373246
0.36103
1.77336
-1.1654
0.25398
2.63764
-0.205185
0.883791
0.312804
0.163276
3.73934
1.37121
-0.660477
-1.0609
-2.18255
0.566108
1.92728
-2.87927
0.587207
1.05873
-0.686115
-1.24538
-0.513077
2.02498
2.80751
0.231536
-0.901759
0.280172
-0.686134
0.237935
-0.17409
1.87533
0.462555
-1.73893
-0.785473
0.15177
0.784515
1.27576
0.977356
1.45469
0.536458
0.387101
0.167178
0.0193985
-0.121859
0.0496382
1.47154
-0.796156
-1.56818
-0.687498
2.78605
3.31395
2.29749
-1.1621
-0.121135
2.83937
1.72397
1.14849
-1.6251
-2.68515
2.97841
-1.32092
2.52406
0.160715
-1.00774
0.439355
-0.17612
1.08029
-0.541516
0.0902047
2.54318
-0.987071
-1.73102
0.083736
-1.93291
-0.475811
0.537989
3.52556
2.66881
-0.063802
2.7395
2.19019
0.740681
-2.13186
-0.242225
-0.475668
2.12991
-1.73146
-0.654312
-0.355914
0.116631
1.52031
-2.01574
3.57112
1.71324
0.516839
0.281437
-0.250621
0.0178948
3.80167
1.94043
-0.503251
-0.434473
0.262192
3.73792
0.488686
0.0581687
4.37596
-0.893073
2.71723
-0.819221
-0.926265
-0.0654988
0.181142
0.19216
0.186196
-1.5878
-1.55573
-0.236325
1.83436
-0.470525
0.509084
-1.76909
0.456042
-0.953943
1.5741
3.80198
-1.35672
0.164467
3.82857
-2.02701
-0.49598
-1.38654
1.75387
-1.46192
0.500057
3.14166
4.5386
-0.304016
-0.475776
-0.352049
2.80362
0.247545
-0.339668
0.694213
0.19554
-1.896
-0.612105
-0.999691
0.535669
-0.86283
0.5183
0.535916
-0.791029
3.14937
-0.819254
-0.431284
-0.852151
0.484152
0.558052
-0.409345
-0.928282
4.22125
-1.39427
3.9263
-0.180383
-2.79668
0.553976
-0.968436
0.519186
-0.391316
4.04169
-0.826819
-0.98224
0.544181
4.10137
0.361339
-1.42442
1.89756
2.21765
-0.418786
-2.64431
-1.30617
3.6576
-0.46256
0.10134
-1.39875
-0.0528867
-1.90867
0.0941912
-0.0523953
2.71724
0.243364
-1.67174
-1.95768
-0.189841
-0.895303
0.606063
-0.438733
-0.360792
3.86825
1.27452
-2.30304
-1.80416
-2.21081
-1.48907
-0.25575
3.67752
0.0925639
-0.860656
-0.981832
0.369035
-0.382544
3.1449
-0.15023
-0.958856
2.63569
0.134037
1.9002
-1.37092
-1.38146
-0.811316
0.419575
-1.65896
-2.25243
-0.638072
-1.4395
2.76285
-0.661179
3.35635
-0.140519
-0.276122
-1.69704
-0.697828
0.36344
3.68691
-0.0772524
0.522504
1.33765
-0.423938
-3.14848
-0.604313
-0.920863
-0.824311
-1.00939
2.83551
0.591008
-0.426509
0.76876
0.882353
-2.49233
0.559103
0.341105
0.178445
3.06611
-0.863195
-0.707347
3.158
-1.75292
-0.971042
0.076979
-0.735186
0.539014
0.330966
-1.77733
-0.414776
-0.544734
4.04873
0.432188
-1.25622
-0.466773
-1.28585
-0.131346
0.708255
3.97881
-0.533905
-2.84584
2.90678
2.4311
-1.7833
-0.798328
-0.395529
-1.6184
-0.829976
3.05599
-1.0155
-0.475072
3.41408
-0.472473
-1.935
-0.763698
0.674546
-1.14689
0.86324
-0.286575
1.96072
1.79433
-1.50636
-2.30767
0.526934
0.2249
2.37269
4.11916
-0.439442
0.396832
-1.8498
-0.447766
-0.448572
-0.299795
0.0258492
1.35505
1.44162
-0.987003
0.5149
-0.0443639
-0.642209
-0.38538
3.7902
-1.34255
0.00896976
-0.0760015
-0.364515
-0.583605
-0.825892
0.005384
0.0395111
-0.375381
3.11723
-0.480725
-2.21574
0.0526564
2.07082
-0.434767
-0.437601
-0.433262
0.175765
-0.349337
-0.759835
-0.928031
-0.675047
-1.39049
3.62612
-1.29342
-1.22985
-0.446341
3.79125
-0.762542
-0.790828
0.461392
2.98338
3.57574
-2.28147
-2.52413
2.20392
-0.930123
-1.5398
-1.57023
0.330629
-1.60677
-1.5781
-1.52615
-0.32145
1.94483
-2.65721
-0.0502965
-0.472141
-0.340982
-0.493934
0.571126
0.507788
0.491012
-0.557421
1.52351
0.0934927
-0.652784
-0.448812
-0.369915
-2.11883
1.03411
-0.707893
0.458072
0.476618
-0.887619
-0.317824
-1.02088
-0.41481
0.277315
0.00423601
-0.309148
2.91575
0.753271
-0.766367
-0.331222
2.00761
-2.32286
0.407491
0.474974
0.605309
-0.50705
0.648238
-0.462398
1.57999
0.696162
0.747102
0.822866
-0.782846
0.912817
1.02731
-0.35902
-0.59953
-0.483825
-0.577041
-0.797829
-1.17696
0.183111
2.13337
-1.4827
0.0228066
-0.917806
0.0846571
0.411778
-0.362708
-0.359679
-0.306825
-1.1163
0.109808
1.85644
1.8672
3.41326
-0.468627
0.103657
-0.348838
-0.388192
-0.469076
0.0526631
-0.516129
-1.6958
0.170225
-0.145846
-1.27424
-0.758424
-0.334521
-0.643503
0.613854
0.680806
-0.558578
-1.35915
-0.338167
-1.10612
0.550357
1.80038
-0.618289
0.443882
-2.25971
0.482693
0.524263
4.79285
-0.611348
4.3471
0.274189
-0.455765
-0.334604
-0.319913
0.311697
0.191347
0.571696
0.234498
-0.854769
-0.346259
0.256537
-0.293958
0.268708
-0.333027
-0.322818
-0.451838
-0.78632
-0.415091
1.77929
-0.341315
0.185266
-0.347134
-0.014108
-0.151045
-0.663122
2.03869
-2.23971
1.61228
-1.22603
-0.307368
-0.661203
-0.418981
-0.73093
0.312689
4.07951
0.354567
-1.33637
0.498902
-0.409299
-0.678222
0.209604
0.218257
-0.830956
4.10786
-0.834183
-0.825065
-0.98799
0.479165
0.461777
-0.497836
-0.750657
1.2556
2.25585
-0.731936
-0.588368
-0.848172
2.38393
0.475244
2.39202
-0.756427
1.9103
-0.959537
-0.466478
0.0660555
2.87386
-0.471038
-0.318051
-0.99632
-0.62948
-0.0153971
-0.454297
1.76348
3.32228
-0.785896
-1.03306
-0.556382
-0.502844
-0.507918
-0.324703
-0.398515
-0.539483
-0.571356
4.19583
-0.690699
0.389472
1.92791
-0.731224
-0.302738
0.491482
-0.76799
-1.47732
-0.168365
-0.285493
2.53264
-1.19295
-0.861357
-0.314886
-1.64243
-0.522794
-0.47056
0.0306124
-1.2267
-0.574858
-0.736938
-1.19485
-0.403238
-0.520853
0.081509
-1.66361
1.23111
0.406739
0.13352
-0.282883
0.465327
-0.640471
-0.407477
-1.21769
2.145
-0.632888
-0.487161
-0.300466
-0.404528
0.0793892
-0.750098
-0.456311
-0.660958
0.0558146
0.311385
4.69126
-1.47481
-0.598606
-0.421419
-0.103035
-0.0456954
-0.20123
-0.534176
-2.86654
-0.796002
0.447025
-0.78225
-1.30926
-0.521676
-0.656379
-0.538131
-0.438278
0.261873
-0.434528
-1.54717
-1.03263
-0.412725
-0.570953
-0.644335
-0.894494
-0.441295
4.18485
-0.6093
-2.42883
-0.55289
-0.391101
-0.539081
0.665087
-2.37308
4.8374
-0.44661
-0.82456
0.542185
3.43275
0.589119
-0.705808
1.24587
-2.77948
-0.77085
-0.418681
1.79046
-0.830041
-0.682717
-0.0567499
-0.413167
4.27345
1.23255
-0.970499
-1.24459
-0.598883
-0.185413
-0.303897
-0.779307
-1.7102
-2.53776
-0.392496
-0.398079
-0.0155444
0.531767
-0.422281
0.525706
-0.436629
0.520322
0.553023
1.65212
0.557554
-0.455709
-0.898553
-1.84869
-0.380853
-0.741653
-0.441898
2.018
0.540484
-0.711034
-0.851403
-0.449942
-0.48743
2.34768
-0.550891
0.552807
-0.402394
-0.439946
2.94796
-0.483243
-0.627353
-0.427111
-0.503709
-0.0429986
-0.63846
-0.610104
-0.470348
-1.34548
0.526013
0.213393
-0.310393
-0.0142303
-0.757324
-0.388093
-0.559429
0.565929
0.33339
0.085485
0.603436
0.351825
0.0433525
-0.700425
-0.953836
-0.997608
-0.670322
3.00657
3.09136
-1.73612
-1.7087
-0.666163
0.558337
-0.879773
-1.50976
0.595223
-0.428076
0.747511
0.573349
-1.17613
-0.0380673
-0.313644
-0.484094
2.59637
-0.474485
-0.513188
-0.548013
0.0911187
-0.471662
-0.682409
-0.532392
2.07726
-0.725154
-0.63423
-2.17948
-1.24832
-0.437335
0.537169
-0.567096
-0.610754
-0.623218
-0.535197
3.76093
2.64355
-0.49464
-0.85512
-0.590907
-0.711659
-2.29883
1.7329
-0.687788
-1.74801
1.40295
-0.949321
4.12298
-0.598485
1.9377
-0.991265
3.75391
1.73409
-0.38192
-0.671902
-1.24235
-0.665623
-0.43905
-0.571453
1.6199
-1.63743
2.94843
-0.594561
-0.987539
-0.374069
-0.642955
1.75805
-0.524909
-0.420002
-0.472722
-0.585397
-1.31711
3.41163
2.54681
-0.552226
-0.165015
-1.06873
-0.425273
0.931408
3.66114
3.10655
-0.279821
-0.799989
-2.495
-0.414489
-0.823058
4.36187
-0.433107
-0.512046
-0.562794
-0.708398
-1.16714
-1.20774
-0.426791
-0.741391
-1.18143
-2.66818
-0.18621
-0.489798
-0.427375
-0.643436
0.628757
-0.663163
-0.321534
-0.606121
-0.361619
0.775252
-0.375852
-0.436494
0.446082
-0.44382
1.45641
-0.64675
-0.518587
-0.807769
-0.934977
-0.534168
-5.49428
-0.52788
-0.693972
0.794917
-0.703621
4.37652
-1.41962
-0.566555
-2.84302
-0.170318
-0.741923
-0.4744
-0.867929
2.14425
-1.35238
0.130143
-2.43853
1.82873
1.65614
-0.92875
-0.761604
4.45053
-0.858497
-1.06798
-0.397589
0.565505
-0.615785
2.24372
0.349062
-0.485307
-0.502581
-0.766759
-0.371947
-1.30407
0.0375136
-1.41141
0.822794
-0.51613
2.26282
1.71901
-1.29655
-0.837955
-0.806457
-0.653695
-0.739609
3.6331
-2.17677
-1.18431
-0.699195
-0.977426
-0.279945
3.30068
0.401606
-0.95501
-0.938455
2.88341
-0.706622
-0.764988
3.62372
-0.509405
-0.687342
-0.63686
-1.3007
-1.26252
-1.48553
0.188939
0.229507
4.71717
-1.22224
-0.563037
0.185821
-0.574874
-1.28799
-0.783297
-1.27383
1.56786
-1.01448
0.316715
0.260557
-0.813894
-1.70391
-0.910681
-0.496349
-0.669255
3.63929
-1.36249
-0.880145
-0.0520068
-2.71221
-0.7247
-0.715475
-0.593522
-0.527429
-2.13785
-0.684338
-0.663848
0.581667
-1.34888
-2.53984
-0.69101
-1.21704
0.673508
-0.63653
0.0655792
-1.17935
1.46245
-0.784412
-0.57927
-0.60354
-0.171847
-1.26072
-0.597451
-2.51382
-0.108202
-0.614977
-0.560635
-0.985339
-0.673882
0.601131
0.191348
0.643899
0.659905
0.689407
0.746015
0.81251
0.886222
-0.661926
0.984396
-0.840388
0.695845
-0.299425
-0.54324
0.115231
-0.53956
0.330343
0.474305
0.252296
-0.588062
0.413379
3.34711
1.1432
-0.557558
-4.16903
-0.103666
-0.0715574
-0.0324587
-1.49643
-0.893065
0.654597
0.585549
-0.848997
-0.421194
-1.38324
-0.717005
0.434981
-0.454117
0.7189
-1.0396
-2.90475
0.471728
0.165283
-0.736372
0.511849
-0.341913
-0.196741
0.273185
4.1701
0.524795
2.30031
0.493588
2.59512
1.63175
-0.197163
4.53392
4.35795
0.624574
-0.588229
3.14418
-0.3117
-0.458096
-2.44106
-0.625625
-0.660264
-1.43268
-0.381566
0.214513
-1.8387
0.298758
-0.0828837
0.747261
0.00125804
-0.574193
-0.653562
0.232801
2.80301
-1.3863
0.435134
2.56858
-3.6399
0.3396
2.80495
2.31853
-1.36806
0.209718
2.44693
4.46699
-0.149003
-3.07607
-1.19784
-0.808632
1.4265
1.70782
-0.557678
-0.795652
-2.74656
-2.05211
-0.528326
0.352529
4.59019
0.498604
0.447027
0.188933
0.308965
0.494102
0.530587
0.545739
-1.24535
0.377679
0.404663
0.555544
0.511842
0.102371
0.435846
0.455144
0.476459
0.376247
0.361323
0.353957
0.372462
0.295452
0.237463
0.225562
0.193124
0.102688
0.163465
0.137082
0.0219269
-0.046961
-0.0588246
0.495289
0.370226
-0.468284
-0.224682
0.144595
0.212976
-0.969985
-0.923415
-0.335478
0.442669
-0.282616
0.11165
-0.282093
4.30681
-0.271303
0.442591
-0.0118558
-0.706204
-0.087304
-0.353705
2.04922
0.316947
-0.0211963
-0.270527
-0.257751
-0.111898
-0.524223
-0.0537722
-1.22337
0.0152096
-2.86023
-0.470276
2.29362
0.974829
-0.306409
-1.59299
0.276445
1.95478
-2.70731
4.34216
-3.31256
-0.567695
2.55857
-1.05495
0.306559
-3.02461
-1.1219
2.17126
-0.304329
0.0627795
4.28149
-0.292189
-0.425452
-0.410272
-1.79515
-1.15201
0.111613
-1.11418
-0.614701
-0.128931
3.56513
3.01051
-2.96789
1.44495
0.0883865
-0.858761
-0.405175
-2.69635
1.29312
-0.254826
-0.343671
0.3346
-0.38
-0.724034
1.22079
-2.123
4.28205
2.18333
-1.10758
-0.891783
-0.257657
0.0200021
-0.316937
1.75708
0.317321
1.01089
1.61625
-0.923677
-1.43073
-1.00445
-1.30216
1.03609
-1.77042
-1.09541
-0.390087
-0.771998
1.81271
0.461785
4.26994
-1.05749
-0.394608
-0.699391
-0.353643
-0.750554
-0.222313
-0.614012
-0.401523
4.11083
-1.92339
2.5187
2.72175
-0.75239
-0.385189
-1.15453
0.826031
-2.01601
0.548623
4.28722
-0.620439
-1.06167
3.23841
2.9364
-1.85172
3.99971
-0.81305
-0.551324
-1.59289
-0.0202745
1.85002
0.234758
2.4225
0.44742
0.72362
1.27675
-1.16221
-3.00176
-0.775831
-1.344
0.40173
0.625386
3.5746
-0.589513
0.782457
0.34815
-0.418347
-0.363327
-1.12643
0.304259
-1.98438
0.528864
0.552569
-1.14592
0.600872
-0.458842
4.33828
0.743038
2.02477
-0.600075
1.87566
-0.932329
-2.21754
2.61414
3.0365
-0.758695
0.379886
-1.55572
-0.376407
-0.932588
1.53603
0.681647
0.501902
3.6317
0.157054
2.82073
-1.01057
-1.07225
-0.680747
2.14442
-1.07018
-1.77682
0.0154963
3.58312
-1.13227
1.80246
4.37815
2.6968
0.870794
0.158083
-2.0986
-0.44091
1.41395
2.50838
-0.813954
3.55605
-0.187836
-0.711588
-0.238215
0.161027
-2.37435
0.917249
-1.36745
-0.70935
-0.382015
4.45208
1.61307
1.15756
-0.0704436
0.0239014
0.465985
-1.07237
-0.0250201
1.73433
-0.411078
0.978984
-1.1558
-0.367522
3.29708
-1.14438
2.92325
-0.103459
2.32832
1.75563
1.18245
-1.67676
1.5899
2.4604
0.339976
2.45365
-0.144775
2.51581
-0.717281
-0.361442
2.26846
4.34278
-0.386643
-0.367529
2.41774
-0.716676
0.0893447
0.532219
2.44298
-0.814007
-1.38152
-1.56583
2.41867
-0.4428
4.83479
-4.61936
-2.6046
5.66831
-0.88752
0.144362
-0.594473
2.76364
-0.565601
3.91536
-1.99084
-1.25215
3.45934
4.64859
4.82809
0.0101458
-0.413002
-2.4174
0.0992702
1.7027
-1.00741
1.56815
-2.67487
2.07837
0.280839
0.151634
0.229036
1.67563
-1.41706
-1.0921
-1.61252
-0.619261
0.63454
3.07248
4.33039
-0.701431
-0.899039
-3.42378
-0.501531
-0.545458
1.49224
-0.521005
-1.91454
0.456037
-0.370377
-2.28097
0.519078
-0.21085
3.8616
-0.11828
-0.587115
-0.42628
-1.05135
5.09426
1.74042
1.17247
-1.1665
4.54156
-3.00047
-2.17572
-0.582518
3.2987
-1.48179
1.52702
-0.374183
3.15993
-0.942174
-0.395113
-1.85492
-0.83553
0.568529
3.411
1.21269
-0.710967
-0.323953
1.09275
-0.0580325
3.25429
-1.32072
-0.612958
3.10537
0.286435
0.37819
-0.486368
0.0810326
1.5641
0.575632
0.465592
-0.833062
0.5536
0.233868
-1.47548
0.572598
1.14799
0.333145
-0.902271
1.05511
-0.828842
1.71367
0.582558
0.360536
0.0878052
1.72287
0.859657
0.54227
-2.49622
-0.666949
-2.43092
0.254161
4.63297
0.245448
0.197981
0.384138
0.85974
-0.327703
-1.38358
1.30342
-1.02424
0.274649
0.304611
-0.250544
-0.240639
-2.25194
3.78387
0.438163
-0.357238
0.120614
0.332285
4.65782
-0.109511
-0.424624
-2.44276
-3.87616
0.565341
1.65041
-2.01365
-2.00739
0.269271
0.829355
-1.49676
-1.11022
-0.505676
0.394897
-0.2671
-1.06938
1.55134
-0.0803015
1.11005
-2.30964
-0.403196
-0.0495607
-0.048572
0.18148
0.178584
-0.837417
1.33113
-1.33399
0.467337
-3.23398
-0.326647
1.01518
-0.456916
-1.0638
0.64807
0.823488
0.995485
4.18884
1.67757
-0.379603
-2.99407
0.649431
-0.310222
1.58778
0.473867
-0.799809
-1.17939
-0.268433
0.0526489
0.334912
0.319734
-0.143114
0.434965
0.311107
0.244183
4.45959
2.03592
-2.13443
-0.337649
-2.05894
-2.3244
-0.182773
-2.19182
2.97435
0.803953
0.608781
0.842547
4.12831
-0.41299
-0.451255
2.80579
0.448741
-0.619898
0.43243
1.21614
0.310432
-0.553088
-0.687823
-0.539886
2.57462
0.13027
0.605736
1.23449
1.14605
2.26186
0.139057
2.9009
-2.135
2.13351
4.39138
-0.0500125
0.659027
-1.24351
-0.0826761
-0.944708
-0.0790486
-1.13668
-2.08858
-0.115906
4.19547
-3.50212
-0.399913
0.0650576
-2.59034
4.3513
-0.370336
4.17681
-0.689415
0.462427
-3.19393
0.357512
-0.597155
0.502443
0.467387
0.431394
0.514944
0.233661
0.551313
0.561481
0.135917
0.496322
0.394943
0.368311
0.31524
0.264756
0.157765
0.244444
0.0225517
0.414044
0.0992702
0.155527
0.35512
0.381538
0.15412
-0.213293
0.417569
-0.0312485
-0.276107
0.428032
-0.626366
0.164236
1.78552
-0.147311
-0.0245814
0.499259
-2.71824
3.35407
-0.211918
-0.0169155
-0.305382
2.99859
3.23709
-0.314439
1.05735
3.20896
-0.694321
4.40514
3.65954
-0.115606
-0.98372
0.857779
-1.51937
-1.69452
-0.306771
4.31647
-0.168466
-2.21194
-0.377879
-0.360989
1.09865
2.21069
-0.152842
-0.28975
-2.86455
-1.58345
-0.583266
2.99309
1.03204
-2.47836
-0.000983812
1.215
0.324561
-2.73913
-0.759334
-0.531715
0.167848
0.844726
-2.70505
-0.915758
-2.7342
-2.63393
0.526345
-2.52085
4.19358
4.57627
-0.49973
1.03858
2.25612
-1.18413
4.25971
2.54936
0.164567
0.441476
0.416758
2.08274
3.59368
-0.0532668
3.93666
0.049691
-1.126
0.426586
3.5925
0.326505
1.82395
1.6784
-0.50405
-0.475596
-0.327831
-3.16621
1.87498
0.42501
0.407333
-1.78025
1.98713
4.02875
0.0994528
0.11422
1.74478
-0.574735
1.82544
1.1636
-0.477642
-0.385041
-0.139453
0.550863
4.44343
-1.13373
0.400808
-2.90642
-0.854688
-0.174287
-0.556046
0.0370252
0.171998
3.23845
4.29602
4.45508
-1.9304
-0.700004
3.41111
2.42114
-2.89552
-0.759996
0.0736916
-0.53269
1.35342
0.466136
-0.0833334
-0.547465
0.2484
0.844735
0.486945
3.59046
0.127627
1.19216
0.987588
-0.750704
2.81705
-2.18443
-0.0131991
-2.83563
-0.443458
-3.79503
1.39625
4.14162
-2.56539
4.31914
2.40235
-3.38204
0.516626
1.03454
0.23455
2.97626
3.16945
2.20603
-2.6522
1.10377
1.10498
-1.99517
0.592813
0.490885
0.424228
3.35274
0.21358
1.22291
-0.556687
-0.915191
0.118648
-0.474626
-2.27439
2.29443
-2.2372
-2.80053
1.13871
-2.20458
-1.49898
-2.84876
-2.63047
0.574332
0.293832
-2.47011
4.14188
0.616138
-2.80201
0.582636
-1.81271
4.3122
3.14571
-1.14209
-0.332744
-3.08419
-2.06573
-0.571421
0.298511
0.314223
0.134919
0.493198
-0.252188
4.49999
3.01686
-0.0421239
0.363344
0.662885
-0.477436
0.621432
0.468091
-2.99447
1.28074
-0.171715
-0.616355
-2.77778
0.50365
-0.281759
1.95147
4.36849
-1.01853
-0.636715
0.726278
0.252322
0.466802
2.82263
0.615225
3.04193
0.571265
-1.6176
-1.176
-0.874674
-1.5057
-1.81956
0.0713879
-0.773935
3.17484
0.620753
-2.01066
0.943583
-0.570214
-0.969687
0.271586
0.39738
0.0305572
0.506215
-0.655514
1.02516
-0.246931
-2.05598
-1.69744
3.068
3.79594
-0.330219
3.33235
0.704759
0.809994
0.166368
-1.37107
3.65902
4.13828
3.9471
3.44381
-1.28782
-1.01011
1.30945
1.25528
-0.464914
1.38346
-1.61108
-2.52286
-2.1577
-0.135212
2.17233
1.95652
-1.91044
2.40295
2.53154
2.45535
3.52746
1.59886
2.09128
1.82835
1.70391
4.04361
2.74292
1.88259
1.51795
1.13112
3.85367
2.66601
2.27759
3.1511
0.0197209
-0.213962
-2.22468
4.4023
-2.17643
2.88666
1.60551
-0.46951
4.40925
0.0574691
-1.02023
4.48627
0.272608
0.611747
-0.482941
0.141813
-0.0820954
-0.53689
3.42819
-0.0580981
-0.625677
-0.561774
3.38521
4.66114
-2.6673
4.72785
-2.64788
-0.285907
0.0748573
-0.959391
1.04624
0.369303
0.345366
2.26857
4.04991
0.173007
-1.02547
-0.334662
0.743159
-2.61693
0.727543
-1.82599
0.284599
0.415224
4.24421
-0.553883
0.549535
4.52314
0.157777
0.900712
0.104222
-0.116347
0.358194
1.96335
1.42897
0.440239
0.253025
0.276888
0.162696
-1.6027
-0.41951
1.37446
0.0726672
2.86523
-0.014125
-0.265199
4.51007
-0.397779
-2.6203
0.603637
-0.51047
-0.408305
2.38379
-0.641777
-0.380048
1.44765
-0.323904
-1.65423
-1.78582
-2.45241
0.734873
-2.75324
0.59459
-2.71754
-0.085631
0.411795
0.469152
1.46606
0.0811378
-3.09398
0.197606
-0.0161821
0.059114
-1.29412
0.662915
0.431616
0.60517
1.07825
-0.507645
-1.39218
-0.555599
0.407624
5.26308
-1.99276
0.318219
0.304809
-1.06135
0.611728
0.455825
4.97463
0.555489
0.383277
4.21123
-0.43271
-2.71285
3.48842
3.18052
-0.524737
1.14441
0.730318
-1.36746
0.342448
0.458979
1.45299
4.14058
2.13643
-0.401917
1.85466
-2.58094
-0.251506
-2.67935
0.252714
-0.485376
1.86749
2.55685
-0.52484
-1.13646
-0.970841
2.20316
0.0075581
-1.72111
0.406538
-0.418282
-1.88819
-0.648311
0.257748
-0.652046
0.816296
1.35417
-0.457552
-1.49816
2.50321
1.92741
2.06565
0.119889
-0.464885
0.957391
-0.426927
0.614654
0.334392
0.253021
-0.0648536
-0.0604984
0.742413
-0.212633
1.22261
0.87497
1.34792
4.62203
-3.23373
4.9426
0.459991
0.0313949
0.603053
-1.12628
0.35794
-0.343143
0.38733
0.352715
3.99543
-0.259513
4.85909
1.55805
-1.29075
-2.23428
-2.7891
1.18746
-2.523
-1.04991
-0.637397
-0.561129
2.14101
4.64532
-0.691967
-0.0791688
0.0218033
1.6097
0.152093
5.21621
1.07215
-1.09583
-1.33459
0.171146
0.418044
0.152468
-0.240689
-1.67692
0.0867693
2.14905
0.492316
1.32111
-0.284334
-0.378966
-0.430759
0.30508
-1.14558
0.608438
1.16786
-0.019326
-0.248948
-3.71663
-1.24417
2.03903
3.7453
2.61378
0.226773
-0.378187
-0.855858
-0.384127
2.36561
3.4065
0.274935
2.23814
-0.702121
-2.51344
-0.497752
4.20937
1.13264
-0.252051
-2.39262
2.68169
-0.412491
-2.45089
-0.855366
0.171747
-1.07684
-2.46866
3.92472
1.49051
0.0925815
-0.421707
2.99096
-0.520002
-0.667494
2.30566
-0.602233
-2.81328
-2.38003
1.26283
2.34513
1.44054
2.71253
3.86459
0.712436
0.558614
4.94952
-0.568674
4.76114
1.14404
-2.47426
-3.05753
-1.07022
-0.341844
0.657692
-2.65746
-0.303528
-0.54218
1.65007
2.76401
-3.05192
0.524836
-2.67735
0.754829
3.92711
0.440679
0.498115
0.0512021
-3.30361
0.0972148
0.58236
-0.278237
1.34487
0.378312
0.362481
0.69071
-1.9935
-0.856852
-0.457816
-0.689958
-0.649225
0.645637
0.555042
-2.95991
-0.010652
-2.66352
4.76391
-2.02026
-1.11132
-0.617268
0.401603
0.0157903
-0.104089
-3.40447
4.47878
4.33971
-2.67728
0.539395
-0.507256
-1.07286
1.63129
3.0051
1.8139
-0.0274611
-0.250036
-2.07386
-0.997817
-0.0580607
4.13016
2.08125
-3.31107
-0.484627
1.88715
-2.70114
-3.34686
-0.190126
-3.1027
-0.355945
-0.534837
0.593603
0.141541
-3.39177
-1.22935
-2.25288
-2.66963
-0.486755
-2.74251
4.65208
3.13895
0.478724
0.191394
-2.02504
-1.36102
-1.95379
-0.939533
1.87864
0.127749
-0.22371
0.546583
2.95697
-2.7781
0.964723
0.416708
-2.57014
1.18388
4.0902
0.123314
0.153449
0.477933
2.76291
-0.500874
-0.148415
0.512697
0.0326812
3.1081
4.24629
0.673293
0.271982
1.5034
-0.516856
3.43488
-0.0574114
-2.08018
-0.830122
-2.02514
3.08398
-1.58634
1.5447
3.3955
0.190012
0.282489
-2.3606
-0.598713
0.374343
-0.364579
-1.05585
0.452813
-2.78662
-0.285161
-1.96452
-2.14285
-0.594223
-0.42275
1.65703
3.74351
-2.88798
-1.90317
0.021644
-1.50422
-0.22292
-2.75444
1.02085
1.5092
-0.487659
1.70791
1.20113
-0.214623
0.556284
1.30065
-0.957514
-0.546953
1.71719
2.91641
-0.513094
-0.440099
-0.289939
-3.14402
-2.76819
0.52231
4.68299
-0.280412
1.32897
-0.135719
1.13156
1.34596
-2.54474
0.607764
2.96657
-0.477432
0.443239
-0.452199
0.518962
-0.511787
0.601711
-0.456256
-0.372325
-0.958317
0.0826591
-0.675006
-1.16464
-0.852003
-1.18669
-1.71763
0.620455
0.420475
-1.43393
-1.53446
0.780657
0.602703
0.3697
-1.96845
0.108421
0.972525
-0.932255
3.62149
3.32085
0.190086
-0.654618
1.14493
3.34682
-0.392964
-0.493677
-2.16924
-1.34237
-1.90536
-0.145868
0.881866
-0.123868
-0.301534
-1.98629
4.21314
3.09733
3.84573
3.4979
1.27202
3.68624
1.451
-1.69551
3.89183
1.35693
2.29151
3.9516
1.71788
2.59627
1.93007
2.02403
2.41986
3.14756
2.11888
1.11986
1.69285
1.84512
2.50531
2.69204
1.54553
2.2665
-2.23305
-0.210736
-0.379662
0.290604
1.66658
-0.0949596
-0.251608
-1.24761
-2.80456
1.01669
-0.320254
0.34573
-2.16702
3.18742
-2.63109
0.278474
0.8722
0.24625
0.360201
0.223556
-2.62256
-1.048
0.540251
-1.12581
0.532586
-0.185277
-0.48013
-0.535851
1.66448
-1.60631
0.131903
-1.09286
3.48076
0.312326
0.242229
-2.35248
-0.0486693
-2.38937
0.0237113
0.682852
-1.15107
-0.613112
-0.613718
0.423528
0.996209
1.87417
-1.00623
0.61931
0.143295
0.367222
0.203367
-0.524359
2.64132
-0.86665
0.188067
-1.96632
0.0433251
0.651406
0.875072
0.53996
2.95583
-2.76879
2.04876
0.446399
0.122124
0.300505
0.360471
4.20239
-0.544452
3.97462
-1.91061
1.56535
0.169259
0.471251
4.0927
0.614732
1.2455
0.108108
0.392365
-2.31022
2.99428
0.421624
2.90564
3.53139
-0.348944
-2.56729
0.462197
-1.11206
0.745503
0.471694
1.46235
-1.54415
-1.60413
1.66372
1.94338
-2.29521
0.609535
-1.72962
3.17194
-0.931675
-0.685314
0.11128
0.372076
0.59075
0.32806
4.24123
-1.71394
-0.558392
0.253476
-2.68555
0.692787
-1.97706
0.203818
0.318262
-0.400501
0.26792
-1.93785
0.157162
-0.98033
-2.95147
0.276068
0.252597
0.635765
-0.36829
0.81274
0.443526
0.859455
2.2785
0.536132
0.0321664
-1.1009
2.28646
1.25032
0.268919
0.69089
3.88481
2.09777
0.656119
-0.949084
0.0467396
4.55211
-2.56968
0.271496
-0.242458
0.708846
3.4576
2.94418
-0.405452
-0.386596
-2.95414
1.3481
-2.59963
-1.65655
-0.182552
0.44045
-2.68195
0.202469
0.671712
0.38376
-2.38244
0.108098
-0.356608
0.602828
-2.76554
-0.904948
0.504441
0.0403132
-2.84139
-2.44471
1.32881
0.365649
4.15501
0.414833
0.306023
0.263204
3.52689
4.13923
-2.55256
0.14744
3.2598
0.380935
2.39597
-0.506535
1.31696
4.24244
-0.518486
0.440273
0.278206
-2.9656
0.392701
0.768341
-1.94294
3.87472
0.410775
0.721799
1.48451
0.263439
0.640187
-2.61035
2.20753
4.11144
4.13253
-0.550985
3.47296
-2.68813
0.672287
-0.482595
4.12208
4.21175
0.246612
4.03692
1.27718
1.4403
0.77514
0.419763
-1.07031
3.37352
3.37327
-1.04107
4.24483
)
;

boundaryField
{
    frontAndBack
    {
        type            empty;
    }
    bottom
    {
        type            zeroGradient;
    }
    inlet
    {
        type            zeroGradient;
    }
    top
    {
        type            zeroGradient;
    }
    outlet
    {
        type            fixedValue;
        value           uniform 0;
    }
    car
    {
        type            zeroGradient;
    }
}


// ************************************************************************* //
