/*--------------------------------*- C++ -*----------------------------------*\
  =========                 |
  \\      /  F ield         | OpenFOAM: The Open Source CFD Toolbox
   \\    /   O peration     | Website:  https://openfoam.org
    \\  /    A nd           | Version:  7
     \\/     M anipulation  |
\*---------------------------------------------------------------------------*/
FoamFile
{
    version     2.0;
    format      ascii;
    class       surfaceScalarField;
    location    "35";
    object      phi;
}
// * * * * * * * * * * * * * * * * * * * * * * * * * * * * * * * * * * * * * //

dimensions      [0 3 -1 0 0 0 0];

internalField   nonuniform List<scalar> 
11380
(
159.844
-587.742
427.898
-797.985
25.6674
772.317
477.364
-373.482
-103.882
720.512
233.638
-954.15
1509.8
-1069.35
-440.448
1216.24
-1527.08
310.841
42.3603
453.884
-496.244
169.431
-839.426
669.995
961.82
-1610.65
648.832
-1790.37
1697.94
92.429
-542.947
1759.19
-1143.77
1937.39
-793.621
603.23
181.465
-784.695
-28.0877
-1331.88
1359.96
226.321
-2016.69
1020.08
-388.451
-631.632
-231.565
391.409
480.346
190.548
-670.894
1152.81
-1317.34
164.539
-333.884
373.703
-39.819
1018.01
-1345.72
327.71
1221.85
800.95
-2022.8
79.49
-1663.12
1583.63
-546.345
-1131.87
1678.22
469.825
181.819
-651.645
-200.928
-386.814
497.072
1012.73
1671.45
-1835.17
163.719
-119.306
-1682.13
1801.44
-1561.72
662.211
899.508
-314.656
651.129
-336.473
-181.363
-72.0219
253.385
1303.18
-1223.69
355.471
-1407.04
1051.57
-1754.19
1754.19
103.012
1557.69
-1660.7
-1089.62
-472.103
688.386
-646.026
-390.944
942.226
-551.282
1331.58
-1317.01
-14.5723
-1099.88
708.938
618.114
401.97
-419.383
-4.08396
423.467
-504.742
817.226
-312.484
-1618.25
1618.25
1253.49
-1437.8
184.308
-489.869
1711.72
1250.66
-308.431
1660.68
-1161.16
-499.511
48.4472
-382.331
2069.86
-1138.75
-931.105
1841.36
-169.913
447.223
155.918
-603.142
-485.941
984.498
-498.556
-1191.47
1294.48
-564.909
967.972
-403.063
392.78
760.025
659.521
-490.09
-437.43
584.621
-147.19
1190.43
-834.96
2308.27
-1080.73
-1227.54
1165.71
-2014.62
848.91
-1626.49
1598.41
440.305
-1584.08
-758.423
1249.91
-491.491
-668.722
354.066
1661.38
-699.558
-1106.93
-870.908
1977.84
746.573
-374.669
-371.904
691.266
559.391
-258.223
1511.72
89.9914
-303.878
213.886
-284.424
754.25
-331.346
555.335
-223.989
-324.1
804.445
-319.632
-134.748
454.379
308.902
168.462
1490.39
-472.383
-1029.71
492.45
537.257
255.623
101.06
-356.683
944.494
-341.264
-1713.99
572.169
1141.82
17.2553
-882.243
864.988
-271.638
584.523
-312.885
159.746
-1093.88
934.135
1049.79
-1065.48
15.6894
373.152
515.161
-888.313
-244.932
692.156
-1102.17
-483.141
1585.31
-675.629
948.14
-272.511
1345.99
-1465.3
-663.045
256.529
406.517
-470.221
-1011.41
1481.63
-533.205
-800.56
1333.76
574.144
-993.863
419.718
-259.256
-312.069
571.324
394.616
-304.625
-1051.33
565.384
955.689
-795.942
-110.466
943.336
-832.871
-196.601
402.924
-206.323
-672.481
-357.226
-386.711
960.856
1856.34
-1856.34
-524.619
-138.426
-948.092
1605.96
-657.865
394.836
-823.102
428.266
-920.506
355.597
-941.898
-1058.08
-1507.89
334.705
1173.19
-254.654
975.166
-349.208
631.665
-282.457
-1941.89
999.991
-1164.78
-343.112
600.382
-1548.47
1728.48
-1726.35
-2.12613
172.694
-605.156
432.462
-1501.05
988.963
512.086
268.332
227.261
-495.593
301.266
-632.612
228.459
-400.412
171.953
2025.15
-851.146
-1174.01
-547.834
128.452
611.034
847.247
-1458.28
-181.475
409.934
432.201
875.222
-1307.42
-898.779
383.743
515.036
-1055.71
1448.49
-1067.91
309.485
741.92
-90.7911
578.349
-340.168
-238.181
1052.65
-560.202
593.576
-1403.39
809.811
-1341.83
239.663
-535.598
263.96
-1235.79
981.138
1934.1
-1008.03
-926.07
276.793
1579.55
-2105.08
902.38
1202.7
347.472
-34.5271
-312.945
-221.865
474.718
-252.853
-84.2669
-396.733
481
-453.796
134.165
333.47
-135.386
530.222
442.283
364.341
-806.624
-2059.73
1151.87
907.861
461.158
-520.122
58.9638
213.857
-353.288
139.432
953.03
1072.13
1814.66
-256.971
756.472
-499.944
794.181
-1388.03
593.851
352.619
393.953
1081.83
-1064.57
-457.166
-338.834
795.999
461.155
-122.659
-338.497
793.295
-611.83
480.269
-738.155
257.885
503.333
1157.34
-1240.24
707.031
1016.32
-1562.67
-3.10294
-1439.42
1442.52
329.492
820.367
-1149.86
620.802
269.839
-890.641
-2274.93
1192.43
1082.49
-1121.54
-1153.39
93.0047
387.265
959.385
-629.893
877.122
-896.983
19.8614
-2099.4
992.467
-213.336
-183.656
396.992
-42.3768
1770.86
-850.232
52.2471
-1036.05
-1069.04
-225.92
439.776
-698.798
174.179
-289.734
-480.427
770.161
1103.87
-1574.09
782.121
-1373.92
591.802
730.362
-496.724
1947.79
-1444.45
-378.278
-1375.91
12.4686
441.415
-532.881
558.548
43.7814
-596.795
553.013
564.427
-296.095
-594.089
271.771
322.318
787.498
-345.215
35.1318
312.341
1188.47
-1191.57
155.879
238.737
454.668
-744.402
617.223
-1003.93
-2026.82
2026.82
-297.611
-482.954
780.566
698.346
405.809
-1104.15
579.395
162.525
427.778
359.72
-2199.78
1328.87
-924.942
-681.665
1606.61
-464.068
-771.724
-291.456
622.05
-330.594
880.339
-299.255
-581.084
-481.194
653.888
346.974
-696.183
-400.467
-103.398
503.865
-1353.93
-481.239
707.91
-1171.98
-374.127
-1244.12
844.381
1463.89
310.288
-873.152
562.864
965.057
-346.943
1390.96
-797.389
434.689
-278.81
-319.384
-923.189
649.774
273.415
-423.174
-500.015
320.2
-404.467
-118.543
-172.246
290.789
-392.859
1091.2
432.332
-241.783
-378.077
1380.32
-169.336
-1210.99
-474.279
309.95
164.329
277.181
297.755
-574.936
-76.4216
-661.733
592.272
-1729.14
1136.87
1489.31
-878.275
-1056.88
-444.164
-1054.33
575.296
479.03
1421.97
-433.005
927.845
-1410.99
-208.819
-115.09
323.909
-466.273
575.243
-1630.96
427.782
903.799
291.631
373.511
-665.142
568.01
1186.18
1100.65
-705.577
-395.077
385.836
-199.364
-186.472
-1419.39
448.007
735.151
-1183.16
1473.06
-545.218
-513.895
996.449
-482.554
426.175
1186.12
-1612.29
47.4628
-723.092
-154.983
410.607
145.526
-326.889
572.064
480.588
-508.978
-18.2186
527.196
1024.49
-1307.62
283.129
673.057
-245.279
468.529
-1447.15
978.625
349.552
1690.99
-525.282
848.103
1086
-655.133
-1685.11
760.169
553.609
427.318
-980.927
460.732
79.3102
1750.34
-1829.65
1443.52
-379.491
-1064.02
1699.29
-1741.66
-363.06
-551.178
726.157
-174.979
-502.589
167.728
293.428
-373.061
-1225.86
214.45
-764.842
-638.545
-553.717
980.149
-426.432
-649.468
639.173
10.2953
654.569
-923.124
268.555
-616.661
296.599
320.062
-645.874
-777.874
373.572
404.302
-931.932
1400.46
-434.923
897.302
-462.379
-2205.33
5.55535
162.852
-524.59
361.738
141.408
1238.91
-73.8164
-624.981
148.763
-586.193
1486.78
-704.663
392.454
-459.237
66.7827
-558.12
558.12
1222.89
395.356
1778.6
-1226.94
590.723
636.216
844.52
-51.2246
1293.49
776.369
-541.732
1335.91
292.823
291.7
254.286
-805.464
217.547
-722.29
222.297
-432.943
210.646
-323.235
647.345
-324.11
79.5769
-402.812
-590.594
-564.762
1155.36
-421.642
562.593
-140.95
-1192.14
2032.02
-839.881
1286.8
-327.419
-393.465
134.21
-1991.06
859.186
1581.9
-870.547
-711.356
1987.11
-877.535
-1109.58
714.986
571.818
-238.765
461.061
-695.375
1208.79
-513.415
-768.491
1200.69
552.234
924.427
-1726.56
802.135
-612.164
-50.2889
662.453
294.253
284.096
446.146
-63.3526
-382.793
895.887
-83.6241
-812.263
950.392
-605.378
-345.014
1576.09
-472.225
899.34
-1632.79
733.447
1068.42
879.369
743.484
-430.432
-313.052
-1058.68
-258.326
582.532
567.537
-1150.07
-522.476
526.089
-3.61304
568.334
-329.872
-238.462
-991.928
557.005
591.779
897.53
-441.706
1096.28
1438.35
-804.936
-633.413
383.056
-919.359
536.302
-1075.96
403.479
600.654
-1114.55
450.541
-555.219
104.679
471.818
345.408
-509.286
-48.8342
-793.128
-884.901
1678.03
177.25
208.586
-285.515
378.52
9.82892
-606.617
596.788
515.488
871.064
-1386.55
-427.159
308.616
984.645
-88.758
834.59
-1063.69
229.096
443.989
843.906
-1385.64
-471.697
836.038
1986.07
-1291.54
-694.531
269.118
608.003
255.201
794.589
115.563
-1014.83
899.266
1673.69
-1088.83
-584.861
-138.233
1888.57
-1866.19
-160.635
481.663
-619.782
138.12
-1008.99
529.084
479.903
-1730.45
538.314
-955.101
844.635
392.37
192.25
549.892
-239.604
-409.396
704.152
260.906
-27.4472
745.802
-718.355
-1148.85
-878.46
2027.31
-576.008
1153.25
-577.245
-495.459
-317.907
104.571
-1660.39
867.262
-801.912
-675.292
1477.2
-327.47
-293.788
621.258
357.807
-724.454
366.647
268.037
-613.252
348.513
179.287
-527.8
389.735
-681.192
698.115
-340.308
314.249
-448.997
699.66
489.648
-212.467
-475.11
-302.764
1239.54
1.72558
-1241.27
1037.59
-420.362
557.035
410.937
-1782.25
869.792
912.457
479.845
572.967
-1052.81
-530.061
202.59
-265.966
1183.1
-917.13
-1590.76
1212.48
504.534
-1095.13
380.79
11.6643
483.473
310.374
-793.847
364.576
-609.508
-43.4309
762.242
-718.812
-523.988
793.827
417.511
319.544
524.976
647.932
90.2919
-468.662
378.37
1057.43
-644.081
-413.344
494.075
-1664.27
1170.19
-1140.17
1753.2
-613.031
1715.93
-1123.66
-332.775
604.546
-1196.81
1312.37
424.152
-799.485
1626.66
-827.176
-288.486
-185.793
-945.281
1474.58
1819.71
-609.665
-1210.04
-405.346
756.864
-1310.58
-124.572
-106.65
552.795
-713.742
-354.189
-1236.57
-205.89
473.927
901.381
-555.318
158.585
-1675.12
-71.4213
1746.54
-1112.83
536.819
560.31
-1189.13
628.819
900.697
919.012
630.202
619.712
737.54
258.909
-1199.54
504.167
-385.99
429.771
609.921
-511.953
224.738
-724.711
499.973
755.428
-402.808
-247.56
175.538
-623.29
280.61
342.681
-883.706
-749.081
1087.66
-2145.74
392.72
-677.144
-342.684
-722.796
837.381
600.968
-329.703
325.619
424.166
326.005
573
-899.005
549.395
659.395
-548.097
147.63
394.215
-691.826
-1073.93
-825.991
1899.92
-1820.35
157.226
1106.16
-1372.13
1212.74
-698.049
-514.696
-505.346
1349.25
-1495.35
627.967
867.381
-282.016
-208.196
490.212
1428.48
558.635
376.344
-479.742
-473.686
-581.057
1054.74
-428.66
591.512
1584.14
-1132.71
-451.434
-859.761
376.807
654.152
403.273
-1623.41
416.209
1207.2
-166.946
515.459
797.322
786.82
180.846
-716.088
535.242
194.181
208.743
-270.722
-109.885
380.607
497.913
40.1358
-538.049
-1677.41
620.528
-1627.42
1702.72
-75.2956
17.6341
-1645.05
1069.39
824.747
-341.274
-860.849
-215.112
-1134.57
-239.349
-311.684
676.259
-1813.35
-648.896
1216.43
229.534
754.964
-1335.55
-679.062
-466.609
685.129
-393.497
-1013.24
1350.84
-1933.17
582.328
648.401
1288.99
476.668
-1.94983
715.875
724.473
-1440.35
-631.41
321.229
310.182
431.952
-100.732
-331.22
129.362
330.673
134.767
-465.44
-612.85
1166.46
441.021
-663.426
-457.986
-401.707
859.693
-300.484
91.6643
-449.598
144.974
-298.184
-710.803
536.058
-104.106
-582.589
965.645
568.933
-266.027
-302.906
450.13
-774.23
-649.294
481.647
-1129.34
-861.742
1196.45
-569.771
430.753
365.246
-501.78
127.111
1025.59
-312.043
586.405
-274.362
-509.038
1578.43
-760.956
320.112
366.217
-686.329
212.583
543.84
-0.67896
-543.161
-268.496
-181.102
991.972
1108.75
564.935
-906.779
958.707
-51.928
-448.724
166.708
-814.049
333.622
-585.399
380.361
375.066
877.176
-1296.8
419.627
773.835
-817.266
-948.731
-550.406
1499.14
-160.11
533.621
-568.342
228.174
1329.03
811.742
-630.895
1382.78
-674.866
486.508
-619.276
-404.342
-418.73
-378.233
796.963
498.119
-839.383
-491.333
69.7652
421.568
-305.249
572.551
722.651
-329.931
-224.729
-173.733
398.462
-485.453
120.503
364.949
1466.25
85.4503
-1551.7
-760.699
1352.48
-1144.8
-465.855
611.386
-245.169
1155.19
-381.356
1083.36
492.733
703.171
-448.885
-884.434
-522.605
-1328.22
-14.5313
985.549
-971.018
633.426
388.06
-1021.49
-360.174
-187.661
-689.18
405.561
1621.26
-226.335
395.856
328.352
-724.208
-1839.73
-2106.72
1519.16
587.562
-2041.43
359.295
419.365
557.487
-976.853
-460.717
1017.75
-449.813
-688.359
1138.17
-2030.58
1391.22
639.366
617.298
-1067.11
8.4905
442.05
385.715
178.735
255.954
383.73
1036.66
945.547
672.483
-318.158
-354.324
-284.917
612.338
-327.422
566.116
534.538
563.694
514.253
-1077.95
-795.93
-699.418
749.096
406.095
-417.342
783.99
-1193.35
1609.56
473.144
-1161.5
-364.58
543.866
-1398.54
948.944
449.593
-726.398
-334.614
-736.494
264.73
471.764
447.537
716.689
-1164.23
1082.11
-602.262
-441.42
671.383
-229.963
248.723
320.21
-464.107
-432.417
896.524
-217.395
598.07
-984.674
386.605
-445.377
600.597
-1681.33
424.152
669.322
-1093.47
515.228
116.438
113.416
-2212.82
602.631
-171.878
1445.72
1777.1
-217.544
-1559.56
-438.633
1789.48
-1987.55
1194.7
792.85
391.472
352.012
-55.7422
893.123
-1282.13
717.366
-865.814
-820.203
805.671
286.027
86.3455
-372.373
218.956
171.166
-390.122
1572.37
-856.493
-1530.91
-325.432
514.942
-247.81
-267.132
389.04
365.209
253.114
432.015
-13.3326
1004.99
-991.66
442.284
292.468
-734.752
-734.276
1817.53
-1083.25
-342.326
731.366
-1240.82
-419.881
-911.614
479.197
654.802
-863.787
208.984
755.406
-373.938
-381.468
-459.32
-447.458
457.123
1150.05
1244.49
-684.181
795.985
-345.855
424.314
356.252
-224.389
-234.848
-300.874
650.427
408.178
-842.678
434.5
281.746
388.522
-670.267
-417.753
825.931
753.586
-1146.44
928.433
-51.2572
-478.358
281.09
800.737
-97.3041
1386.3
1890.52
-36.1351
346.085
-384.971
475.263
-1090.24
1076.91
695.398
376.329
379.077
104.419
410.523
246.771
525.546
-379.607
-251.804
-559.736
-89.7319
-372.203
357.103
15.1
-256.695
-278.902
1010.54
-1540.64
530.101
-140.541
-232.941
-444.181
736.649
-1661.23
1590.85
-962.881
339.299
-743.64
584.35
1224.4
-1808.75
607.465
983.384
325.981
-1130.08
720.688
-346.45
-318.692
1403.26
-1463.13
848.465
614.665
470.345
-649.276
178.931
-406.664
481.363
-74.699
414.099
83.8144
1725.38
444.178
-249.997
557.696
-1704.79
1147.09
-104.068
428.467
342.728
329.754
-448.867
-613.499
1062.37
400.775
-872.472
-639.535
901.747
571.315
-427.478
-189.183
-433.19
-409.488
-307.98
-826.594
1821.09
-1821.09
-96.7122
-1618.04
1714.75
298.653
269.681
-916.519
-555.845
1472.36
-408.108
971.802
-637.2
-1040.21
733.967
400.918
-1134.89
463.53
-149.281
573.085
1220.33
-1793.42
-1046.89
2114.09
-1067.19
-381.869
-286.853
-519.618
896.425
-1768.72
1614.21
154.517
1768.72
-1623.53
-145.196
-235.65
513.11
-277.46
-537.331
1620.69
1592.65
-2012.53
1137.45
-346.089
-240.743
586.832
210.452
-575.031
-776.695
359.352
1345.41
640.653
592.658
473.53
-1066.19
257.478
445.693
875.044
500.114
-1375.16
546.58
-1020.27
1574.92
-564.38
-792.637
-413.234
-161.63
574.864
-490.591
1207.28
-738.657
326.85
365.306
398.843
228.22
-627.063
609.295
831.256
-602.16
247.726
710.981
-427.478
-383.527
-218.51
602.037
1168.34
-711.909
603.424
471.476
-1074.9
-1281.37
1281.37
-380.325
756.654
-268.225
-490.42
758.645
513.615
430.589
-944.204
400.308
-668.533
598.397
-870.534
272.137
-367.695
-484.337
1077
-656.729
-716.877
1373.61
-370.075
968.145
-1552.84
675.303
-6.92662
-405.002
411.929
-575.638
749.817
339.008
308.337
157.436
306.095
-601.345
254.895
1871.48
-1968.79
241.417
-722.611
470.011
-824.74
354.729
-895.993
1461.49
-565.494
-430.483
-481.131
601.002
1124.12
-1725.12
-711.429
329.56
-466.222
1032.34
-818.829
1066.56
-368.652
-617.692
-541.97
759.518
535.331
-353.512
914.39
-324.259
-161.194
1599.04
-1816.59
-338.595
-646.079
-355.209
475.712
280.084
-673.581
-152.945
1090.26
-809.166
183.693
-375.708
-271.078
646.786
380.792
-896.963
516.171
-474.414
-478.273
-873.152
-390.985
592.435
-201.45
-455.432
-458.49
-367.101
-160.698
-424.082
652.302
-484.707
840.959
-1070.8
621.937
-1406.94
605.031
-29.7249
-1844.62
1874.35
570.265
-451.503
1265.42
-728.601
239.165
-239.165
677.036
-466.73
1040.59
-1677.79
-1158.75
-947.977
284.148
328.191
910.295
716.366
-537.616
-288.125
825.741
1665.86
-1695.59
-432.344
327.86
236.567
1134.25
-530.827
-943.346
1550.51
-607.164
437.168
-258.434
382.561
461.227
-843.787
557.06
458.144
-1015.2
-330.598
657.448
-38.4048
1909.89
1640.97
992.004
-1696.67
726.006
-1176.16
450.154
-492.541
1367.59
835.462
-1340.81
-605.091
259.002
820.919
-393.601
541.848
-1196.03
654.184
-629.842
-1215.52
-695.743
1911.26
-166.504
557.3
-390.797
-144.175
344.263
-510.767
342.376
355.475
-697.851
-1498.49
755.298
743.194
883.864
-1434.27
818.501
-434.758
198.467
-353.451
-639.363
255.836
-723.753
-674.784
695.738
508.664
-1204.4
376.446
-205.029
-171.417
552.368
-955.43
-600.135
-471.986
805.608
-831.393
-1156.15
-1437.91
499.813
938.099
42.2877
-685.27
332.09
353.18
-1336.19
1051.4
284.794
-614.104
-456.7
-665.223
920.425
392.243
-184.131
-208.112
508.577
980.22
-1488.8
987.648
-557.043
164.26
392.783
-481.226
687.711
-446.295
-503.335
148.127
233.803
-1525.34
517.408
564.699
-803.165
227.527
128.444
-452.703
349.985
-828.257
1954.16
-1195.38
-758.782
472.417
-713.49
241.073
318.472
347.595
93.787
-441.382
-594.669
182.559
261.619
-691.889
1374.02
-682.132
424.086
516.688
-1243.09
256.415
1866.76
-1013.59
-853.175
783.372
-547.215
156.23
1402.25
-975.038
-427.21
313.994
-780.724
-616.656
1725.41
602.73
641.762
326.954
-40.9267
246.292
-1138.27
1725.72
-587.453
-1763.57
820.222
1786.21
-1712.66
-73.5438
-666.51
280.52
655.318
-750.243
208.273
1402.4
-566.934
371.019
465.02
-1858.93
1420.3
569.248
-483.611
-85.6373
179.986
-547.088
-330.236
-165.223
-345.661
688.39
-680.295
267.061
632.661
540.918
-1173.58
1113.32
-1947.81
834.488
130.536
373.329
-1701.49
1663.08
294.194
-743.079
-174.773
373.24
773.05
676.712
-1449.76
1099.21
-1097.48
515.599
-1117.86
-620.542
243.109
377.433
553.853
-273.244
-654.423
-1023.37
272.953
-731.443
-912.323
150.636
148.812
227.634
424.003
270.739
-694.742
-647.282
-834.693
-978.662
478.956
-1073.63
-327.799
492.128
530.053
666.393
-274.639
-118.826
-462.844
788.825
247.301
-1207.74
560.461
1320.81
-547.762
431.791
-1031.93
-378.745
127.301
441.947
1022.95
551.973
-1733.38
1636.67
1670.75
-623.974
-1046.78
1909.53
-1899.67
-9.86071
236.1
-621.071
-376.31
560.003
-790.163
-340.249
-326.26
1016.33
716.592
-1541.03
824.436
241.682
-26.1785
1625.22
-1136.05
424.144
-1299.98
507.339
-62.7742
1529.03
1196.62
-470.615
-484.078
-72.9651
-249.873
736.12
-1951.64
-703.869
369.905
-530.407
160.502
189.638
-501.68
1139.98
671.669
-1811.65
-634.691
151.08
941.324
-1497.17
-210.557
678.639
-468.082
883.792
1116.21
-752.471
1355.2
654.299
-556.782
-97.5168
-334.807
1183.27
1071.37
-1981.55
910.185
-1183.66
534.765
1488.62
-586.876
-426.914
-121.183
-1249.89
565.706
1177.06
-35.2411
946.408
776.405
-1722.81
-185.413
579.069
-1541.68
962.61
487.047
916.206
-1403.25
639.027
577.406
423.925
-1106.57
587.948
1117.45
1214.64
-451.95
-762.686
-1186.2
-1754.93
-1.78379
-1731.6
-176.018
-473.259
1615.15
-640.316
-974.838
-490.772
1120.97
-1325.47
630.752
694.723
-1367.97
1453.42
-1338.44
585.972
1520.39
-439.061
-589.523
162.609
-1519.97
223.005
176.392
211.138
443.161
472.96
414.531
-887.491
506.53
-938.576
899.496
-1444.71
-729.994
215.792
514.202
-1061.66
448.813
-497.393
868.411
694.749
8.58684
-536.18
145.383
-886.571
-1318.76
-708.429
342.73
365.7
392.043
-719.353
327.31
-469.384
-189.336
-707.647
731.448
1540.55
-594.144
835.096
737.271
1344.46
-844.35
-970.55
-571.13
-790.209
429.137
361.072
-1034.47
-634.163
296.038
338.126
-1433.68
-296.774
-784.969
392.099
392.87
-673.718
446.17
227.548
-695.454
249.16
412.846
483.677
389.744
436.187
475.467
384.226
594.138
-967.2
711.006
455.452
450.453
355.599
-806.052
1630.69
-1079.75
-550.936
-505.164
-300.856
-1035.34
449.639
347.324
409.796
591.506
-1001.3
-1388.23
747.915
-523.007
1151.83
360.961
-30.2881
412.639
-860.953
448.314
-1910.58
292.536
437.371
-721.604
284.234
-194.157
394.976
-200.819
-656.267
293.639
362.628
-666.382
312.058
370.479
386.175
610.931
-1019.04
750.389
667.134
-1417.52
438.904
623.462
335.89
391.036
-726.926
403.751
327.615
624.756
714.978
435.071
631.003
-1054.97
423.962
-1695.17
1150.2
544.967
1696.53
-539.191
616.211
-1146.33
530.121
-637.066
343.279
437.829
-931.66
493.83
810.823
-500.449
350.22
338.17
608.743
-947.338
655.514
-1251.6
596.084
425.929
733.09
-1223.68
767.858
510.356
-1278.21
515.133
393.485
-908.618
-501.914
-935.998
-287.104
629.48
352.362
539.414
-891.776
326.924
330.524
-502.202
1944.72
434.631
-844.067
409.436
-917.343
-809.218
-742.214
360.746
-1250.29
431.463
-1755.63
1623.53
132.104
1758.36
-1614.21
-144.157
-779.045
-582.639
256.647
325.992
-1786.21
2012.53
539.565
789.8
-1329.36
440.2
715.155
689.217
385.591
-1074.81
9.30843
1617.14
-594.185
387.902
877.518
-641.93
321.121
320.81
-378.675
-294.799
543.523
-204.784
432.045
273.89
-655.788
381.898
255.179
-568.064
-275.173
442.96
-1031.24
588.283
538.091
1092.6
365.902
594.954
307.064
348.934
-655.999
1660.12
-943.528
1693.15
-1521.96
-171.19
-327.46
-818.119
408.631
856.977
-1067.53
-597.699
270.277
-1090.48
1628.57
-1618.27
-69.6977
1687.97
-341.052
-350.016
-370.345
542.661
591.59
-499.485
-20.637
-549.292
495.187
-282.564
-212.623
1781.85
-1324.73
-616.44
291.717
324.723
396.042
357.337
733.867
-288.249
-399.485
-1758.36
1695.59
459.959
-1099.31
639.351
-39.8821
1676.55
570.274
476.166
-1046.44
102.327
1143.89
-1451.87
-3.17487
-1907.4
217.727
-590.187
305.402
284.785
-953.875
611.191
-894.25
463.767
-1127.18
671.566
455.618
411.718
255.94
-793.556
-365.246
1214.91
885.575
699.735
-1182.26
456.157
726.102
494.904
699.013
-1193.92
-418.686
-248.292
397.104
-957.632
439.269
518.363
21.1871
-1880.12
1080.39
-481.995
-522.487
559.394
-1377.82
818.425
-445.659
800.388
-405.892
509.486
-718.633
1710.6
396.465
-168.831
210.641
-155.605
-246.261
401.866
1895.36
-504.146
-1722.51
1049.83
-592.539
297.74
-1011.09
550.373
-311.65
544.585
904.689
-1449.27
-1102.2
436.978
-21.399
-1947.39
1720.16
-648.789
-538.278
461.004
-1189.57
728.564
199.583
192.66
-276.624
778.24
696.343
834.679
814.632
-459.033
1083.42
-532.144
465.895
-182.362
-283.533
-1926.33
-712.045
-316.297
-638.618
-6.19981
644.818
453.209
-270.65
575.155
1084.96
-821.779
921.507
1243.45
-426.02
-108.77
-295.927
404.697
953.107
-888.111
-304.197
-1065.95
609.249
1570.91
-815.617
538.019
934.345
-409.595
735.702
-326.107
1129.42
-271.857
381.913
1349.19
-709.92
-209.439
448.391
-1197.9
749.513
-954.036
-210.471
1164.51
437.72
-952.901
515.181
152.901
731.857
482.779
749.144
-176.143
848.826
-426.454
1181.41
-795.816
552.778
-1465.26
912.487
-1216.63
1800.98
-431.703
-1510.19
879.009
-1401.61
-324.327
-469.52
1456.89
-1530.81
781.733
1491.33
190.976
274.919
-374.891
-1755.63
-272.179
-1032.54
1607.7
-1796.41
1796.41
1592.65
-1004.19
-628.406
-358.916
368.243
603.559
-429.434
-382.28
-1389.53
896.989
1125.02
600.701
1201.97
1789.49
-1216.4
-630.338
270.847
1659.41
-1917.05
257.644
816.968
-1268.4
1545.1
-561.721
806.489
346.763
-379.93
556.124
793.129
623.046
1404.27
-291.773
-445.936
-395.045
491.245
-335.327
472.203
735.078
-320.465
-120.917
-357.66
573.793
-216.133
37.8676
-367.739
1107.25
-1720.28
-489.792
-514.263
-575.056
863.398
707.516
-1596.15
904.265
-452.463
-642.743
-516.249
1251.4
368.973
1723.97
-1702.79
-1665.86
1899.67
-1560.49
840.002
720.489
-419.915
-1803.08
918.176
584.691
817.705
-381.83
1794.71
-681.385
-471.075
720.355
449.377
-1169.73
-1104.06
444.318
752.303
-1617.09
473.324
900.697
162.657
-386.155
223.498
-1620.64
-396.049
-485.963
990.099
-689.425
1442.71
-971.553
1855.34
240.86
-560.259
485.28
-294.304
474.353
893.232
543.565
976.829
-463.802
-427.786
574.63
882.26
-1392.68
-40.9954
1590.55
-853.276
519.987
971.342
-1475.71
-1115.89
1795.35
-1242.6
-552.747
1205.91
-319.567
-886.34
-179.173
440.587
-261.414
-457.145
-250.01
417.065
-167.055
131.476
-379.768
1752.55
-1754.33
-486.53
-530.905
-903.366
429.17
-192.709
-236.462
627.874
-509.169
-418.424
-323.494
741.918
-989.002
488.987
-1166.64
675.865
403.517
-657.98
-437.396
1597.2
-880.837
530.211
-458.723
-568.048
-463.195
353.543
-342.543
-11.0003
-1148.69
420.088
-665.259
-1033.37
1698.63
-629.871
-1426.17
709.295
562.453
-1596.22
1033.77
-433.293
-484.435
163.129
574.41
-1258.14
741.89
539.296
1005.81
-2133.16
999.977
1133.18
-396.451
402.044
-376.642
-25.4021
1477.91
-387.888
449.704
1138.97
583.004
905.619
564.978
528.447
-1093.43
150.843
-470.126
-1712.66
232.985
1127.44
-638.905
518.8
1013.39
-1532.19
1092.72
-1643.66
195.518
732.915
572.334
-876.531
-1086.14
-162.775
414.971
-252.196
-585.632
-460.704
-636.505
-619.674
343.05
-1620.49
938.822
-477.373
214.066
-382.898
524.182
-306.455
-638.442
1196.81
-1336.8
955.822
380.98
-1028.45
-405.644
-772.737
-838.314
1701.71
-477.666
1799.39
-1594.55
-204.836
-1556.53
1018.55
537.981
-739.503
-247.725
427.336
-179.61
-618.173
384.824
263.76
-648.584
-524.667
1017.61
621.728
-351.45
-1620.17
1050.4
571.854
1103.42
-1675.27
-447.441
-278.052
-378.214
-757.48
-521.722
-331.322
488.758
1557.96
-995.51
-773.241
1497.42
654.14
-326.28
725.885
1152.33
-1878.22
320.664
318.225
-487.833
-1936.48
1722.89
213.594
731.249
-475.506
-255.742
531.902
1060.68
-1592.58
353.543
-1734.77
-233.219
1752.38
-1580.61
1073.68
506.931
-1741.36
6.58819
-522.352
402.044
1701.49
-1722.89
938.952
625.91
-1564.86
363.951
-213.005
-150.946
-450.284
-245.171
58.0275
93.7935
-341.519
-418.598
-451.937
-397.969
203.812
1510.09
379.313
-193.844
-479.874
448.49
-186.871
342.764
1510.64
966.254
-200.22
-766.034
-1103.98
1704.98
-1729.07
1063.81
-707.758
-1021.31
-1265.05
1844.98
-579.926
1155.03
-1771.34
616.306
264.56
-877.24
1676.11
43.3803
-1719.49
-491.211
-1082.88
-1752.55
-979.384
551.598
1019.43
590.328
1132.92
-1723.24
268.589
-513.758
696.812
-384.754
420.77
923.844
682.762
-378.544
-676.422
582.983
1072.41
-1655.39
-413.498
-356.136
769.634
435.021
-1663.08
1521.96
141.124
576.152
-1042.37
544.774
1083.8
-1555.54
993.822
-228.172
210.239
349.764
1909.53
471.252
-51.3022
995.834
722.749
-1718.58
-696.291
1085.18
-1557.41
151.856
-568.447
187.087
261.403
-692.005
-558.288
582.828
1034.31
-710.481
-271.802
-1368.01
672.009
695.997
-399.031
700.543
159.806
-860.348
562.672
-137.228
1557.52
-198.386
290.299
-782.898
-1936.48
1664.58
1006.42
296.599
305.508
505.315
-929.582
-996.747
-1767.25
627.933
1693.74
497.804
-474.955
1210.03
1086.95
-424.917
1028.48
-975.24
483.822
491.418
701.241
1047.84
-1749.08
474.555
491.09
-1493.79
-743.749
38.1717
774.474
-413.728
-894.357
371.87
-540.912
-799.896
562.864
-578.715
1397.14
1055.2
184.965
230.006
-550.719
1618.45
-777.511
1527.9
-1727.83
575.343
1152.49
533.536
-880.479
-1733.44
1917.05
-183.61
1721.72
169.937
-547.639
354.913
-261.12
-481.822
1210.39
568.275
1128.26
-491.011
416.997
853.258
-451.289
-770.019
440.81
329.209
1420.02
1089.47
-518.467
1422.73
-510.379
-532.695
1043.07
-602.865
561.148
-1259.2
1693.15
1839.56
-687.226
1586.33
-647.383
-1240.21
715.542
-563.227
190.273
-373.929
439.067
-230.324
-516.161
-1246.7
1870.96
-624.266
1173.1
-556.887
1120.21
-1659.4
1715.73
-574.032
-550.247
-549.873
1720.06
-315.596
-688.162
-473.51
1223.02
-1695.86
-1860.12
613.43
405.124
-986.208
155.651
202.716
-1719.02
1204.11
514.908
1162.83
558.89
-514.326
-465.493
1191.59
185.382
209.594
588.451
1251.11
-539.194
-1238.57
1777.76
-1025.11
999.982
866.778
-204.004
-1659.41
1702.79
-510.273
1410.97
-1733.44
-302.29
-54.0561
356.346
-245.284
581.088
-335.804
156.109
493.665
777.407
-385.364
1257.5
1270.36
-413.386
847.552
-438.921
1817.62
-662.592
1586.75
-1723.97
-412.856
-797.281
351.312
445.969
-562.401
-563.815
79.7563
-1138.44
-984.945
-670.909
1655.85
-943.692
-1189.47
206.474
-447.216
-646.358
705.859
1167.42
650.202
1410.2
-592.491
1636.69
1317.84
-575.948
-480.01
185.706
-503.363
1396.59
1239.75
-567.737
-999.975
888.267
63.1895
-951.456
603.389
-506.268
1403.26
1495.01
-589.394
-347.989
347.989
-589.718
1623.49
1238.83
-486.524
1134.1
-51.1487
1852.59
-373.097
1489.43
-589.935
-507.719
1347.72
-648.224
1218.35
-570.127
1554.79
-592.185
778.139
575.445
-1353.58
-686.676
269.238
542.504
601.389
-1957.28
-1024.62
1586.75
353.609
-353.609
-51.6541
379.606
438.895
376.513
37.5856
-273.21
972.8
-546.872
-429.558
809.164
-234.217
611.65
-413.009
1564.88
-444.355
-883.867
172.088
222.519
-394.608
601.179
1250.75
-1851.93
923.504
-459.738
-342.543
126.143
-1943.07
1816.93
-442.967
164.157
1180.78
-440.542
-740.242
-285.631
-608.726
-498.747
-376.642
-468.455
255.833
1157.46
-565.865
231.872
-364.357
132.485
-23.0984
-107.689
1375.91
-1268.22
34.68
-594.416
-586.583
-442.093
442.093
-1262.33
1985.07
-1344.26
-197.637
-1826.55
232.001
-1025.75
-974.247
-173.915
-1641.03
711.448
1229.32
-1925.06
357.591
319.957
-677.547
-1850.03
1234.26
615.765
-557.483
557.483
-958.697
-40.0496
-1866.19
-558.207
1650.81
-674.494
1636.2
-601.89
-196.978
-1710.42
-575.269
-491.774
-594.915
-457.477
457.477
-1537.82
194.534
1343.28
159.857
220.186
-380.042
526.415
439.839
994.376
-476.013
1751.28
768.768
-412.219
386.817
524.874
1702.07
-594.828
-553.008
1636.8
457.934
1812.88
-645.46
-1804.86
-1938.07
-647.216
-471.092
471.092
-598.184
203.139
-724.545
1017.19
-466.812
-1078.91
-297.993
1579.55
1852.29
1635.4
-1635.4
-323.315
740.71
1761.54
595.814
1275.15
161.188
202.762
631.438
591.129
1603.47
-1603.47
212.532
-361.763
-441.704
446.368
948.938
-465.117
-637.856
-1130.91
1706.25
271.712
-1686.55
646.34
-287.511
457.448
1744.65
-592.163
-210.14
-492.701
373.12
744.327
1738.59
-613.566
-511.811
-783.288
1960.55
-870.468
-1090.08
1642.65
-701.562
1223.95
-1824.97
601.023
409.035
-969.294
-184.546
-98.9507
1096.6
-487.353
149.314
659.945
-1683.31
422.752
625.101
-1804.86
-583.312
1787.42
882.585
-1162.85
1760.5
-597.653
1783.83
-575.574
-1208.25
428.113
932.806
-1754.33
924.24
-1465.07
214.511
1250.55
-832.096
-1254.21
-367.387
71.5015
295.886
581.805
260.199
1039.51
-433.189
842.922
-409.733
819.436
744.09
-1563.53
645.067
1066.65
-23.7895
-660.31
684.099
-1744.59
723.28
716.594
150.508
-1122.54
1936.79
-674.577
-1262.22
-537.194
1665.45
844.661
970.198
-1814.86
1227.85
683.406
-412.408
706.047
846.615
1025.87
-588.148
1761.54
624.917
1773.56
-1185.56
-588
-441.448
-339.109
780.557
121.459
-1185.48
1660.51
-540.297
-1437.75
1437.75
1250.55
594.433
1351.27
206.697
-567.817
278.169
-177.109
699.224
1113.66
470.689
-285.307
-868.738
-575.976
1747.74
-1747.74
976.151
-976.151
987.343
1025.17
-2012.52
1837.97
-614.022
-581.136
878.108
-947.86
-1052.16
998.013
691.968
-1689.98
-509.286
-407.348
-659.762
-808.448
2042.71
-1246.4
-613.722
1002.98
974.864
1289.78
647.013
318.137
1012.69
266.268
344.219
1186.18
1756.91
-1756.91
671.028
79.2027
-382.109
-997.065
-539.999
1674.1
989.471
1010.53
-1833.32
-213.94
-361.329
613.108
-380.123
1849.63
-1077.88
-771.75
385.247
-8.9028
-829.462
-1662.69
1662.69
912.459
1923.76
-648.611
590.383
-479.072
1708.02
-1228.94
728.211
1837.83
1160.06
-625.3
-577.53
1142.51
-810.789
-480.21
931.786
1106.37
396.12
418.512
368.406
1222.89
-1135.02
-585.254
-644.735
-1212.56
1857.29
-122.352
-252.33
372.688
-481.458
1250.29
990.98
818.697
-623.179
1878.13
-650.272
-384.386
648.147
1877.34
739.771
-541.4
368.582
-436.792
1454.65
-758.308
1172.16
588.343
-74.3057
400.457
-326.151
-1244.12
902.555
390.793
1637.19
-713.347
1046.48
904.702
776.926
765.317
591.566
757.53
1016.66
693.947
1835.92
-984.054
-851.863
537.466
-328.867
287.886
-287.886
-378.387
-667.258
282.504
831.482
398.379
337.323
1888.96
-659.643
1097.8
78.1727
-796.528
1118.94
490.246
-1139.94
1139.94
1758.58
-671.625
738.951
452.643
-165.722
899.894
-637.422
1314.46
1200.52
888.876
1143.67
540.457
1096.35
-553.738
-84.8805
-1090.45
1115.49
636.595
-1669.96
1197.99
-123.057
539.274
-416.217
251.549
-608.705
1859.46
1074.76
-1074.76
996.748
605.159
-1601.91
633.147
651.198
619.166
1115.31
767.398
-667.63
1731.44
382.376
1060.74
129.694
1563.64
529.721
710.025
-1215.74
-717.434
-527.003
1914.09
-1387.08
1852.18
-601.637
1513.38
-1852.29
338.908
983.836
-983.836
1773.05
-683.573
64.5714
-495.003
381.374
-644.646
1353.88
-709.231
670.712
-667.103
67.265
524.918
629.901
-1154.82
1492.22
-758.777
1025.6
-1025.6
421.098
-319.916
319.916
252.899
1148.27
-695.807
-895.736
1591.54
1233.39
1266.33
661.086
-1927.42
-1335.68
-717.102
1426.4
1335.68
-541.379
-1023.65
739.199
284.45
1154.51
-1154.51
1174.11
533.903
1202.82
-1848.28
1206.28
-1060.46
1060.46
1079.02
1080.87
774.473
586.652
-1764.16
1177.51
1091.94
-1735.44
1077.52
-628.702
-514.6
1012.4
-699.434
585.958
1291.38
1692.91
-833.278
-859.628
1048.22
-1048.22
-196.501
352.602
-156.1
-766.986
353.259
-1827.08
624.428
1202.65
-767.553
-764.15
1531.7
-312.606
-321.455
634.061
1123.31
1657.11
-718.292
264.398
193.536
875.546
-875.546
904.565
1680.82
-1035.76
640.654
-1278.08
1260.84
-1909.45
1132.25
-1794.84
-265.477
-401.781
1921.93
1135.27
-1135.27
1236.17
-1850.19
595.012
-595.012
416.518
-249.84
-166.678
607.208
952.685
-478.13
764.526
1775.36
-857.181
471.042
-851.443
851.443
1238.69
-1078.94
1254.7
-1868.42
1267.23
-1891.5
1125.45
1555.28
-773.549
-358.904
894.546
-1872.23
977.687
-364.941
523.526
-859.046
859.046
154.167
-452.161
1176.27
-1777.98
1189.98
-726.524
-1025.52
1752.04
595.069
-642.22
-160.684
-349.627
510.312
423.701
368.322
536.062
-375.56
636.796
1289.48
-1926.28
843.356
-843.356
1125.8
-1773.02
77.3219
-482.324
1694.19
1205.09
612.724
-1817.81
363.347
-760.41
760.41
639.464
-1852.02
1243.48
1082.89
-654.772
-517.089
517.089
1222.23
619.884
-1842.12
1160.23
-1752.4
1123.15
-1763.16
640.009
594.29
-1419.94
825.65
1237.84
621.613
-1771.17
1173.51
488.464
627.958
1229.34
-693.827
-1368.17
1773.73
726.198
-726.198
1095
-1734.61
639.606
-824.484
385.563
-720.269
1718.28
225.48
300.563
188.195
535.654
1224.28
431.732
-851.658
-811.066
1662.72
-1166.66
-660.416
553.99
-1530.91
-632.256
1109.53
-721.629
664.416
-664.416
1009.55
-1009.55
-605.827
886.047
-723.522
1876.03
-642.641
-205.648
177.821
165.298
-343.119
610.93
1112.15
-1723.08
1813.98
-576.139
-719.422
1895.7
1079.57
-1773.39
566.357
-418.727
-522.047
522.047
150.709
200.326
-351.035
1836.1
195.276
145.573
-340.85
-270.046
604.207
-604.207
-1215.63
1767.92
-552.284
702.49
-456.198
436.02
-232.208
189.04
149.857
-338.898
1802.71
-1817.27
-1745.35
1131.78
562.173
-416.79
201.463
152.614
-354.076
-1686.17
661.052
626.568
-626.568
562.837
618.805
-367.256
-2087.59
-1193.38
-675.924
1878.74
1134.24
-1721.69
-1230.62
619.229
1707.4
-1091.1
-1168.71
204.069
153.022
-357.091
-581.593
581.593
33.693
680.21
1092.91
-1773.12
1131.15
1118.53
-694.567
330.651
740.548
-740.548
-1493.46
593.691
899.764
1083.2
-1678.02
1810.55
-604.261
464.498
-716.028
-1640.78
1038.89
-598.661
1796.65
282.797
563.683
-563.683
1633.34
-892.278
432.54
-711.879
711.879
-1097.87
-849.941
-503.642
199.119
163.961
-363.081
657.331
-1301.98
-419.806
-1654.16
1068.91
528.401
553.861
130.848
205.598
-336.447
-1204.05
1805.07
-608.727
-1280.41
-785.323
1604.76
254.808
519.212
-286.069
625.043
-625.043
1792.36
1497.73
316.255
-620.15
620.15
727.259
-499.712
593.818
-431.209
-196.528
460.926
-500.188
193.733
739.898
-524.106
-707.353
322.966
-1658.95
1118.65
1090.95
833.535
-586.763
1452.34
-1557.46
965.279
1002.56
-1673.47
611.107
1106.1
-1717.21
-1587.02
1022.64
616.273
-616.273
1223.52
628.766
-1122.98
1113.56
-682.093
732.073
-482.913
-1486.35
896.958
1033.62
-1627.8
-1183.25
-580.908
1962.82
-997.468
521.455
981.499
-1628.88
-153.587
-553.766
1603.74
-16.9955
-669.041
1209.66
-1885.58
551.76
-1681.1
1101.42
-521.721
314.431
207.29
546.186
-1204.17
1845.13
-1528.76
957.627
-251.673
-247.982
499.655
211.905
-460.383
-385.633
1452.29
-761.088
-823.438
1584.53
740.799
-1839.9
1099.1
-320.316
474.483
-1922.63
1952.58
-1952.58
-1804.45
807.708
1881.33
-649.861
167.602
-414.477
-538.424
-337.849
-879.44
384.182
-597.317
2000.58
847.118
-493.828
-353.29
-1664.49
860.368
-1892.91
1069.18
726.163
1836.1
-281.142
1669.21
1787.52
-587
-1627.65
545.696
1081.95
873.746
-1634.83
-606.203
-668.164
-128.429
635.821
-364.11
152.746
405.374
974.67
514.873
-1489.54
1675.36
-543.579
-562.603
1652.39
-1703.54
926.287
-509.29
-1100.64
613.286
-26.5357
-1439.58
1630.7
-524.604
-1435.36
859.383
609.118
-1679.43
1070.31
1671.48
-588.282
-1286.91
-689.83
1919.17
-1621.26
-14.133
-365.801
-1799.21
600.823
-1178.35
-1468.2
878.266
-502.196
923.045
776.4
-1699.44
1022.73
-1450.75
428.024
-64.3855
-228.727
-161.395
-1414.85
460.813
357.803
-977.08
529.351
-1519.61
752.062
-1605.97
790.348
-1115.21
2009.76
-43.4999
-607.681
1772.83
941.385
151.43
-1819.83
1169.97
-625.698
433.127
-445.565
1070.48
-159.045
-1061.5
1220.55
-482.36
1260.5
819.134
-1657.45
190.599
1196.69
758.452
-1535.96
131.961
1670.41
617.659
-1561.19
958.852
-1556.17
-546.32
233.713
-1398.54
912.013
451.821
-109.663
1208.5
-566.734
403.932
-723.217
1415.72
-692.499
-363.702
635.139
-368.078
-561.482
830.719
-1372.59
805.658
-542.648
-700.438
-360.67
-463.815
1853.04
-1066.63
-656.447
-631.489
1870.18
-1268.22
497.758
-1239.39
798.845
-1000.87
841.821
-1302.56
740.157
-840.127
-321.376
-793.846
324.326
-482.288
1209.65
607.161
1026.18
-6.4186
594.367
-78.4734
422.737
-232.645
442.239
954.3
1065.28
182.159
-1414.33
821.838
-750.085
-1128.51
388.266
-1338.29
762.347
-1605.5
752.227
1264.21
448.465
-218.459
-767.175
1342.62
-1082.72
-651.88
454.47
-339.26
35.3822
994.057
-1119.26
125.207
648.719
-782.723
203.375
-1745.79
-819.631
319.182
-223.068
1087.12
593.066
297.94
-891.006
-596.043
-856.746
364.973
-449.88
-24.1099
1443.45
943.767
259.827
267.607
-527.434
-686.752
1788.17
-55.6122
-475.774
734.683
171.234
357.091
270.842
-596.97
1676.85
1384.25
1829.03
352.171
1079.69
-1766.44
791.873
684.776
-1476.65
-1507.08
1095.02
-1061.24
1709.96
-651.929
316.205
-792.547
-582.091
-1001.28
1583.37
-1026.61
266.498
-341.197
1092.69
-1553.07
703.953
-1531.13
-869.999
606.604
263.395
-583.797
529.727
736.651
1112.98
-1668.24
1668.24
-599.837
807.012
1147.15
928.105
-1527.94
-604.91
-946.09
-414.096
-478.181
-290.94
612.169
651.115
-1441.28
-1605.82
724.982
864.631
-1628.78
637.388
737.549
738.501
-1521.4
-485.403
1390.11
-773.591
-522.427
1296.02
-1252.22
684.48
928.046
-398.962
577.621
-1317.12
-1384.25
-1339.84
618.457
721.379
-572.192
658.518
-1307.81
-683.608
737.334
-419.196
799.967
522.615
674.979
424.8
-1198.39
326.61
522.82
-849.43
-426.231
-98.3591
875.473
-1593.76
1663.57
-158.111
-1052.97
-626.456
369.459
278.688
1654.64
-556.836
1476.26
-579.299
486.269
646.545
-1510.18
863.637
-1230.41
660.286
-1217.18
-489.53
1148.05
1168.62
727.206
-1249.63
733.916
-1728.75
856.88
463.932
1008.04
-472.382
-137.437
-1049.86
-256.67
407.513
-475.048
674.263
-1570
-1184.61
529.481
1034.67
724.081
-1213.61
-603.876
-1636.98
1.02777
353.885
411.865
-900.779
1526.69
320.944
786.689
-418.108
4.95741
1574.65
881.841
-349.733
303.408
46.3251
-470.415
1237.81
559.561
-1045.18
485.615
-320.944
-21.5994
527.031
-1072.11
545.078
1178.84
-413.521
328.701
-741.109
72.5617
942.079
425.66
-233
-500.435
-1051.88
-1191.3
634.414
-714.402
-1626.49
-658.766
796.505
608.818
870.161
-1478.98
1037.64
-1085.11
1660.65
-621.764
-488.513
-318.046
1183.03
-287.225
338.068
-389.071
51.0028
-735.752
-595.666
-1421.47
778.73
-975.455
-626.452
-46.5933
-14.3506
-286.913
498.767
-1185.44
239.757
-295.575
55.8183
-1092.03
-589.065
-674.68
583.697
-1149.56
-175.534
335.394
-396.379
60.9842
424.12
375.847
-1097.38
-592.533
818.401
430.948
-495.867
916.115
630.412
-1546.53
920.919
232.385
860.032
-438.934
453.014
531.915
506.483
-1038.4
601.988
482.046
-1084.03
689.619
608.671
801.484
-1410.16
968.414
1160.04
-661.272
942.797
648.747
879.287
-39.3729
570.878
-1101.71
287.98
-354.627
66.6472
466.678
380.44
-405.975
320.435
85.5403
1112.37
501.9
-1016.5
-1636.03
862.482
1423.17
-756.039
-449.451
352.422
97.0285
1155.53
-735.438
184.621
-1072.9
1712.51
309.208
-410.184
100.976
1478.06
-599.794
335.779
-439.428
103.648
-617.29
253.181
-474.485
376.234
98.2504
369.806
-460.559
90.7535
370.279
-452.256
81.9774
436.399
-497.402
61.0032
-482.873
449.859
33.0141
445.287
-470.612
25.3247
430.476
-449.028
18.5519
432.854
-445.001
12.1472
423.561
-428.97
5.40874
-457.528
473.375
-15.8477
458.206
-432.778
-25.4287
440.998
-403.839
-37.1584
-479.467
544.848
-65.3811
-20.8368
-799.627
491.196
-147.105
753.854
-686.085
459.342
504.401
652.297
-1458.87
806.568
-598.138
-648.013
430.95
378.214
427.731
-433.339
330.599
102.74
387.242
-754.901
367.659
106.677
1571.5
-606.22
-1292.63
178.476
-553.367
441.78
-925.271
483.49
529.508
384.017
-841.487
457.47
1688.72
-744.949
1500.57
-881.41
-1587.76
-799.894
1763.9
-672.959
469.919
-951.915
756.435
-1354.57
1112.02
1598.41
512.02
416.026
433.109
335.009
-439.509
104.501
-896.786
444.85
-447.703
455.325
-7.62217
-761.163
-566.298
505.238
637.27
-426.009
-581.506
1646.12
-575.814
493.484
532.384
509.245
-1014.44
505.196
-1537.46
1173.76
-693.213
1715.94
1126.48
-596.362
-440.179
-446.246
404.574
41.6716
-281.787
426.525
539.686
-1038.43
477.06
1178.84
-546.878
-546.547
-331.73
340.317
1057.84
-347.321
-632.796
-535.914
512.792
-1057.15
544.353
1425.42
-603.577
1400.84
-500.946
492.105
-980.619
444.145
-443.325
-0.819306
175.154
-899.166
-671.415
1469.1
351.984
-837.198
478.012
-943.129
1839.97
-966.226
-738.051
267.925
541.224
595.999
649.668
-1245.67
686.104
-1433.04
746.939
1074.2
463.054
-904.758
730.997
622.881
-504.876
1417.34
-1770.54
1503.38
267.153
255.049
1453.78
-1031.13
1543.21
160.713
-734.439
225.269
433.203
-859.212
-637.658
-1108.62
276.975
1118.52
-155.569
1289.77
-605.294
-1600.37
1098.18
1921.2
-1110.48
-810.717
-584.093
843.596
1041.81
412.511
-822.244
-815.7
-1120.63
-648.655
-501.399
-378.349
-1361.72
-256.551
317.535
-569.338
193.452
433.897
-829.689
204.827
-675.901
852.241
-1812.51
-864.792
200.429
159.784
-360.213
-947.336
456.334
-1099
894.263
1014.94
435.494
1417.1
-1565.15
694.369
260.025
777.378
1379.32
578.684
-1182.54
603.858
458.784
-867.099
-891.378
1880.85
-440.406
188.733
-559.918
1119.48
206.842
628.316
686.141
-193.63
-395.87
589.5
1634.07
-1013.54
-509.806
1147.08
396.726
-316.323
-80.4027
628.462
-1275.25
-890.914
351.035
539.879
-1122.66
-1621.17
785.184
877.539
653.696
719.91
192.214
312.187
135.804
-506.646
370.842
542.557
-297.472
725.012
-1207.37
540.89
393.416
-778.78
-781.632
-628.524
20.9857
1629.27
-982.927
-821.905
968.43
1529.7
-850.204
-679.5
337.144
-686.957
349.813
-540.293
1297.82
1267.82
171.121
209.245
-1053.59
741.081
685.316
-506.487
130.927
-453.812
263.789
190.023
253.559
1469.1
370.049
-731.811
640.3
980.934
-1563.02
173.899
316.486
339.306
-655.792
1189.11
-605.409
359.271
697.242
-374.622
600.102
1282.77
480.075
-934.764
454.689
546.328
526.181
-1072.51
674.152
-1431.63
892.46
-450.39
-597.109
1679.06
-615.723
1809.52
-1193.8
-622.982
248.36
1512.86
-778.946
-357.846
889.159
275.875
-910.106
-388.126
666.814
821.539
-732.748
1277.98
446.701
-893.582
446.881
-1063.13
-756.704
-768.602
-1057.95
-974.384
-715.598
596.36
-596.36
-7.84656
-735.568
549.79
-1551.07
806.797
175.092
408.732
-751.087
342.355
657.44
872.264
-1306.67
1856.46
-901.866
1660.47
-719.084
1267.84
-880.014
453.374
-249.998
1405.23
301.481
-592.654
291.173
-1069.86
619.984
-933.84
1535.23
849.006
-128.514
-463.796
842.01
413.307
547.888
-452.985
-94.9034
-1649.63
782.533
-568.916
137.707
1642.17
-889.942
1122.66
17.2816
1523.69
-657.584
-1129.69
-451.082
-562.02
-875.287
-1678.86
1052.41
524.013
-533.708
9.69458
-325.242
337.71
-750.974
1865.6
-58.8021
273.649
-595.104
-1523.69
-138.997
1156.88
-704.841
-452.037
-726.135
-117.222
583.618
257.188
-781.294
-591.177
1768.69
377.848
-745.56
1838.25
346.397
-907.879
278.713
284.922
-563.635
-323.267
370.471
335.576
-1377.3
-417.328
216.636
236.737
901.965
-1131.75
449.66
1075.52
-45.3297
-590.063
1155.68
-554.857
-959.774
-460.166
-510.89
-830.253
1341.14
-614.951
108.399
218.555
-218.582
-961.802
1405.42
-443.617
-502.606
-678.837
1297.29
246.1
-512.341
266.241
619.265
1390.49
628.918
-1576.25
1215.73
-834.752
-471.555
-534.273
268.281
-341.223
72.9413
-572.059
-249.038
-5.93524
-625.697
-1197.17
736.465
460.704
-568.992
1099
-672.478
1393.86
-581.32
245.516
1651.85
-926.873
726.135
34.275
-60.1027
232.443
-480.425
804.971
-564.396
932.269
651.099
1019.1
-443.803
813.724
-1370.49
671.351
-247.199
1052.81
-654.204
1154.02
-369.581
329.532
-577.552
-890.183
1601.63
750.974
1731.29
522.498
-328.765
-536.499
865.047
-477.805
850.483
617.125
466.987
-359.664
-107.323
715.44
-1617.31
-417.578
969.632
-637.058
-854.01
-741.379
472.857
-356.954
-115.903
-495.305
-537.565
-600.331
371.003
1105.09
-652.079
912.774
-547.801
602.947
-428.828
1305.38
-1707.11
724.186
-1797.54
605.013
-530.853
512.769
-842.447
329.678
210.508
-539.42
328.913
-762.686
374.626
-357.087
174.854
583.437
-270.736
-468.358
1195.56
1141.46
-708.349
-587.886
-473.828
374.935
-446.787
71.852
-507.065
188.797
446.891
-233.571
-321.648
-303.413
784.581
-1102.63
495.607
956.993
1043.59
-465.198
414.91
323.267
476.39
1028.17
453.305
852.537
1068.66
837.918
-1492.74
654.823
471.998
-1259.43
677.927
-185.777
-268.035
221.723
-394.667
603.36
812.357
-599.147
-155.392
267.883
238.57
203.669
1672.43
-453.003
-751.163
-308.904
424.93
-116.025
1206.02
-533.489
-672.529
437.662
-391.89
261.517
409.834
-574.195
493.781
-742.81
1176.71
278.521
640.786
1399.17
-1204.64
709.851
-429.361
191.18
-182.097
-705.228
607.154
534.872
-319.005
1101.5
-682.172
1140.96
-488.878
1212.96
768.425
-583.878
418.873
-109.971
1514.46
-776.914
1654.61
-993.562
1370.49
-1273.87
249.038
-47.448
602.534
-778.896
-784.63
-400.68
1257.56
-93.5494
-576.718
-263.871
-1190.89
-587.629
729.009
-279.898
889.524
-456.985
-368.174
169.566
227.426
582.382
-208.821
-286.771
1229.35
-593.135
-539.387
583.266
-656.734
175.578
63.5867
463.604
-342.587
-121.017
287.24
-1091.91
764.365
273.175
-1024.34
370.812
193.224
-564.037
627.391
-319.886
759.561
-439.675
-787.836
-378.605
-1024.65
555.547
464.253
-1207.06
-897.788
333.392
-140.243
169.736
929.342
-74.4045
492.5
-1174.67
1785.51
-903.669
-90.2803
-16.1741
-21.4402
8.21997
659.384
-467.255
45.2724
-630.672
-430.951
-626.195
-541.36
798.548
-436.711
-963.605
-1228.46
-96.2704
-483.069
758.943
899.665
-416.175
151.722
-348.223
-57.1048
787.062
800.866
423.191
-323.393
443.826
-120.433
-527.812
-682.051
334.73
-610.83
226.689
721.112
-190.708
359.17
1166.3
25.6726
-518.53
647.517
-1594.02
946.499
303.098
171.385
-397.654
580.623
-405.532
209.231
-692.3
-408.473
175.473
-238.79
-205.224
925.912
785.38
182.459
327.852
-952.342
518.244
-108.91
264.749
-751.279
-657.524
-949.941
749.721
-1220.65
-892.79
289.359
-502.014
142.669
-347.698
-428.251
887.337
-342.984
-469.275
698.809
65.587
391.89
468.348
1154.38
-760.511
15.1748
-390.952
639.312
-560.071
-624.984
731.857
-455.843
1209.8
-318.508
276.217
42.2907
1779.07
869.187
511.444
-340.323
879.369
-1428.08
-1840.46
856.403
767.78
-327.734
1603.74
500.983
100.002
-81.3057
-153.344
234.65
1695.64
714.049
-1406.55
1688.09
-733.793
1036.32
-42.2595
1217.16
11.9995
264.374
-725.078
-308.668
-342.578
301.656
-839.22
1020.05
595.189
206.984
-692.948
-701.277
-163.776
1226.37
-242.344
-261.193
-172.079
-70.791
242.87
-1032.32
-207.6
-689.749
-632.565
-1351.61
568.321
-543.06
-1254.12
1108.92
735.948
-370.421
-122.28
438.683
-316.517
-122.166
1771.77
-535.145
132.617
-351.076
-82.7404
-473.677
972.88
-645.17
478.215
549.739
-670.189
-45.8996
291.011
-87.2695
284.854
143.874
208.727
-1154.38
-405.374
-187.219
-68.5509
255.77
-757.047
-812.285
-370.256
-102.999
-846.942
-1136.03
-1464.15
-535.891
-1464.15
1466.49
533.514
1466.49
342.578
-313.889
132.787
1034.69
724.494
1280.1
-1125.58
-457.213
-859.91
-452.528
-840.018
-286.977
656.87
-459.719
287.841
-1752.3
-437.783
-10.3879
-375.392
729.457
-571.045
408.91
-728.796
-527.454
629.95
-436.726
-1114.28
-725.615
694.978
-1721.59
-770.6
-688.266
1679.8
-499.237
212.466
1056.17
-559.43
-100.88
-76.7159
-1494.49
595.319
1566.74
384.059
-1419.74
-483.354
-1399.12
243.015
-1012.14
461.735
437.929
1009.5
-862.664
-59.8743
-246.179
306.053
-1292.63
-356.961
435.775
-242.323
-749.53
-509.668
-592.848
1487.11
684.606
368.642
-778.692
431.427
1157.92
-722.426
-817.104
-690.426
260.992
-649.736
-18.7962
-466.416
1283.02
-822.206
1463.38
-386.479
-357.28
795.163
-426.191
-911.048
-782.176
-430.23
489.194
-367.903
-127.484
495.387
103.002
422.483
-461.619
1431.82
1573.13
-604.705
-635.51
1160.43
-968.258
243.628
-293.164
-470.029
1099.21
-536.604
-204.505
946.683
-488.121
-152.534
363.18
757.047
-1342.48
-50.6067
-369.2
-245.024
245.024
-314.966
-436.121
932.276
-619.303
1297.23
-403.531
-511.68
-1586
832.779
-316.608
-337.489
-1193.93
1176.45
-572.596
172.218
411.411
-889.592
-721.998
322.165
487.498
-297.475
-634.759
-541.038
-268.511
-86.7231
355.234
-819.748
-79.7037
-260.793
340.496
-254.196
-69.6159
323.812
-272.787
34.937
866.893
-1542.19
354.809
-189.511
116.691
-913.219
1042.75
-501.521
-654.839
-476.424
1131.26
937.971
-276.112
-91.5856
367.697
-451.69
463.69
1381.77
1662.29
1282.77
-1500.84
722.148
184.4
460.418
90.9616
-335.986
480.727
-288.83
786.108
-443.753
559.561
-691.935
-610.042
-464.68
162.425
520.562
-31.0921
-468.092
-463.97
-658.454
-1590.28
774.58
-275.929
-101.921
377.85
-887.238
-512.176
1610.35
-1538.47
-883.645
1129.81
-1175.14
1603.21
1063.52
-818.796
-899.787
126.387
-613.888
1671.73
914.486
909.128
677.992
-253.698
873.147
-351.133
-353.713
-374.057
709.633
402.509
575.436
601.648
528.122
-354.223
757.702
344.081
1582.73
1438.06
-508.717
312.949
-361.783
-628.405
14.0026
175.167
-883.074
354.952
-807.748
954.279
855.242
175.578
-263.737
471.027
315.359
-586.354
782.342
203.83
212.44
186.022
1561.14
48.4273
905.389
-953.817
476.285
-401.354
168.337
-1097.57
471.378
57.4338
818.579
907.812
-172.562
-171.161
-392.875
-358.391
-539.397
-605.42
237.246
-929.194
458.996
-468.066
-359.905
113.193
738.473
-457.834
918.462
-71.2614
-482.106
578.129
885.256
348.963
-238.932
265.771
931.723
603.507
53.3613
288.914
258.252
-1229.95
464.68
-952.536
633.887
318.649
1688.77
-428.051
-382.854
332.381
-404.343
976.56
156.571
336.754
1220.77
1514.81
-651.174
-679.268
643.106
-374.218
897.926
-523.709
-678.675
657.838
-459.693
823.827
388.293
629.786
-370.621
-1351.64
1038.4
-245.77
1857.45
-678.056
189.104
526.651
-236.908
676.746
-310.267
235.957
-1100
451.705
-1356.61
1339.76
406.78
-281.475
-104.769
386.244
-784.079
-1623.94
-942.134
157.22
109.969
-589.067
1078.05
1190.89
-723.367
-813.893
-657.784
554.617
501.498
571.414
-1271.85
929.125
-287.479
1175.51
-510.117
776.797
-1291.12
1098.67
-55.7689
231.347
-614.56
1401.62
263.429
-646.177
-916.848
384.945
1207.13
195.63
214.977
101.537
-1001.52
907.303
-971.688
-230.808
322.134
766.53
720.425
1159.63
358.184
-662.293
-324.015
-318.877
-274.789
-762.912
-456.961
473.538
-390.301
-14.1658
83.6432
-42.8618
-760.269
286.592
-1360.52
295.951
549.074
656.116
-1205.19
-1104.56
-353.717
-377.065
-1009.5
-1134.18
-1520.32
618.543
-306.222
-1103.81
-394.501
-386.55
780.194
402.967
-1125.39
-50.4731
349.009
281.479
284.3
618.458
-1065.49
357.126
-461.257
381.208
-198.942
-397.741
-189.664
-1557.23
305.216
-1508.54
-1457.76
-206.473
1114.96
96.0959
-513.128
1089.71
-636.403
-699.688
1146.58
812.873
354.423
-772.001
717.898
-276.049
-373.687
-400.282
-579.545
1055.94
348.215
-115.311
-232.904
-347.612
-810.077
-397.65
1207.73
1914.52
127.309
409.403
208.616
-546.724
-295.722
307.38
261.502
-53.1854
-208.316
-370.484
169.664
-455.587
470.762
-415.127
769.55
616.567
535.281
-433.744
-378.125
-86.1882
-907.347
461.302
-237.099
-692.63
641.52
501.256
1186.71
1019.8
-1175.82
749.386
-543.827
-170.472
1551.71
-585.092
1103.34
-258.011
1648.26
-136.137
-205.086
420.27
921.08
415.757
-1381.98
-330.341
-1450.35
1315.81
-637.819
705.769
-1371.52
655.056
352.048
-471.355
-640.018
-558.476
495.876
-203.824
-960.115
-833.422
286.697
1159.45
1511.32
1004.32
220.81
474.623
8.10284
438.225
476.338
969.968
637.166
-349.926
-284.693
1533.6
-181.119
887.895
-1353.62
955.73
441.351
-607.525
-190.313
-488.362
340.603
-585.882
1131.06
618.072
-350.189
332.05
430.178
-327.176
245.125
-423.37
-205.421
-825.676
269.456
-600.834
-488.38
417.118
-1013.1
197.74
1035.9
507.08
827.351
347.462
-244.185
-401.202
1530.83
-759.747
-470.203
17.2356
-766.021
1204.13
-1708.9
1195.72
-205.334
1325.07
329.987
-314.07
-174.044
583.878
-386.59
464.463
1517.25
-148.205
331.851
-539.36
1391.95
-1229.25
-1340.61
416.162
397.048
-964.052
198.019
-330.409
318.632
-362.835
471.003
1062.59
-559.913
-577.669
1203.78
-1251.3
576.439
336.88
-1190.28
-1272.23
-290.439
28.161
-486.092
296.425
-763.69
280.336
-49.2132
-606.402
416.089
-367.515
264.403
-82.4725
-899.441
-467.807
-345.611
1112.25
-380.704
-294.594
293.073
429.671
431.513
-535.139
257.645
1632.57
-1575.08
-296.56
525.784
-86.5157
-723.82
287.242
91.3267
-1111.42
-439.651
-910.895
327.017
944.576
-333.23
-957.893
-372.811
46.0746
204.088
-695.413
784.401
-732.153
520.687
-153.454
-242.381
395.834
-331.575
58.7534
-344.061
972.876
998.745
-407.938
174.396
173.066
-651.202
209.948
499.789
-539.162
1079.87
289.386
-383.396
1146.72
-650.849
-267.37
283.682
143.689
-1671.61
366.253
1333.48
179.006
75.955
50.9044
-421.489
192.951
1474.14
151.039
-803.331
421.975
-1532.96
1544.04
274.436
-158.108
-436.308
-187.891
1107.25
77.7306
-279.743
363.369
-356.558
700.639
642.278
294.621
-628.194
-1036.84
174.333
-147.778
638.662
-321.34
653.192
339.704
299.608
-784.082
1189.72
79.2139
376.043
-480.504
769.748
373.245
718.493
381.898
170.897
-624.879
914.078
249.814
-477.098
265.259
275.631
-914.379
-261.439
38.6514
-73.4487
1501.12
-287.954
1356.5
-210.237
287.967
329.86
-1137.28
439.178
-821.971
344.873
-323.287
-672.632
1021.05
655.797
-487.491
-760.306
225.161
457.169
209.113
-339.185
-78.0562
271.007
-555.401
-982.227
690.526
196.629
-607.875
-235.131
-757.461
-479.97
-152.222
-811.831
-204.826
1052.93
505.98
1732.99
-624.069
-83.7933
495.092
-664.339
-175.062
-148.224
-496.209
-50.6409
-1471.54
452.136
-223.303
-354.167
-463.534
750.231
351.805
613.286
607.403
-347.749
566.065
149.381
996.076
-849.145
1295.83
582.719
380.433
-304.478
-540.653
-55.4363
-426.67
-999.163
4.05538
-383.433
-379.475
81.54
-288.293
-796.578
171.616
-76.2894
118.677
1114.71
-573.354
-111.955
803.232
273.708
-399.021
-989.508
624.657
-341.039
286.697
803.245
288.362
98.9029
-427.933
-244.199
1444.76
486.872
255.793
-101.78
1216.49
-245.183
-122.332
381.697
-791.49
-263.359
237.721
92.6877
-325.591
1380.29
-530.495
-234.014
-147.451
114.971
101.791
-46.1818
-55.6094
9.63395
2.19577
-11.8297
3.64157
-20.168
16.5265
97.1462
50.2934
-147.44
-9.49584
4.07729
5.41855
132.406
-194.337
61.9315
-169.191
119.951
49.2402
14.5234
-245.154
230.63
-313.376
231.785
81.5911
-131.283
-37.9086
154.673
-57.5263
-270.15
155.17
114.98
-44.006
47.6997
-3.69364
-334.255
203.083
131.173
29.4626
39.8683
-69.331
-373.104
361.097
12.0074
44.3202
-76.8539
32.5337
-1.71168
-20.9439
22.6556
93.8543
-299.96
206.106
423.544
-296.794
-126.75
16.5377
-4.519
-12.0187
-134.01
-179.366
16.8216
-0.283898
5.66317
6.66214
-12.3253
-370.614
440.64
-70.0257
-14.5434
1.74672
4.7558
-6.50252
3.1787
7.27782
-10.4565
-2.39676
2.68896
-0.292201
-2.39493
2.68738
-0.292455
-2.39521
2.68791
-0.292703
-2.37637
2.68354
-0.307162
2.37363
-2.67538
0.301747
-2.37638
2.68339
-0.307008
-9.99737
-5.93049
15.9279
93.0198
-298.781
205.761
53.4475
-336.612
283.164
9.98502
-0.351071
-38.8871
135.829
-96.9414
-219.601
201.235
18.3657
-447.34
279.13
168.21
71.2522
-110.139
-9.78763
0.933043
8.85459
-2.52266
2.09948
0.423179
7.95183
2.66218
-10.614
-25.1886
-9.91042
35.099
17.7786
22.2867
-40.0654
-7.42659
5.71491
-5.32158
-0.167488
5.48907
-345.317
103.636
241.681
235.238
188.307
5.24922
0.234827
-5.48405
5.29841
0.194637
-5.49305
5.24785
0.233126
-5.48097
5.24843
0.232684
-5.48111
5.3399
0.195683
-5.53558
5.29844
0.194405
-5.49285
14.6654
-24.6628
-271.95
-175.39
19.6009
-11.6491
22.7497
-17.0866
14.5005
28.7249
-43.2254
-201.903
-132.353
7.51995
-35.8004
28.2804
76.8562
-34.2698
-42.5864
-13.8198
22.0461
-8.22627
-68.7623
111.876
-43.1138
11.6311
36.0686
46.2774
30.5788
-2.98828
3.16343
-0.175153
247.459
-208.907
-38.5519
117.45
-73.1301
-16.337
16.337
4.52936
-4.52936
-7.42659
483.961
-380.862
-103.099
-2.89413
0.49737
2.76513
-0.391498
-2.8939
0.498976
-2.89544
0.500233
-2.78964
0.413264
-2.78875
0.41237
7.80324
11.7977
268.711
-21.252
9.06327
-60.2649
51.2016
6.4538
-8.67867
2.22487
-134.406
4.3672
-0.840094
-3.5271
468.806
-348.135
-120.671
267.629
-153.146
-114.483
-163.098
157.39
5.70815
-5.80395
-3.69189
185.211
-170.687
0.197395
-32.2691
18.4493
-47.5336
62.0341
17.0085
-17.059
0.050548
39.5618
-30.4985
53.685
-35.9064
59.5301
-128.292
-2.3428
-0.179853
-0.06629
-0.0191179
0.0854078
-212.057
324.26
-112.203
12.5155
89.2758
-17.1352
0.798113
68.0162
394.516
-462.533
13.0107
18.1034
-31.1141
253.226
-120.821
-19.9408
22.9215
-2.98072
-9.37102
15.2364
-5.86541
-79.1231
-154.666
233.789
127.524
27.149
-129.099
317.689
-188.589
-11.6306
11.2749
0.355716
71.0436
64.0231
-135.067
-281.064
35.9103
157.177
-29.6533
-2.48165
2.77994
-0.298287
-2.5264
2.82341
-0.297007
-2.48158
2.77991
-0.298335
-2.42837
2.73661
-0.308245
-2.52618
2.82392
-0.297745
-2.52666
2.82438
-0.297713
12.9559
-38.1445
320.736
-227.717
-14.7819
-5.08825
19.8702
286.091
-192.237
-326.896
114.84
-332.467
470.97
-138.503
-365.31
-7.79362
-4.86758
4.86758
-361.094
97.6177
263.476
-0.196146
-11.1776
11.3738
-392.725
460.741
-132.613
216.552
-83.9395
-30.1209
10.1801
-19.3146
50.2946
-30.98
-95.156
77.024
18.132
27.2423
90.208
7.96884
-73.5947
65.6258
109.799
-38.7551
-318.074
188.975
-297.716
218.593
7.64127
23.1677
-30.8089
-55.971
-52.3406
108.312
128.159
158.721
-286.88
3.24099
-1.49426
391.396
-337.949
181.238
86.3916
46.4056
0.602025
-47.0076
-16.0378
19.2165
17.1694
-10.7156
-54.0471
93.9155
2.45721
-2.75515
0.297938
8.81621
-31.0866
22.2704
-111.492
-51.6054
-1.29295
1.29295
11.127
-20.498
0.0346823
-0.100972
-15.2373
15.1133
0.123941
-108.855
-127.845
236.7
-5.29834
-11.8368
-35.3288
38.9703
-130.822
134.889
-4.06731
2.50087
-133.323
-95.4785
277.061
-181.583
-301.652
306.899
-5.24678
69.5501
-179.749
110.199
0.746392
3.78297
-108.652
215.34
-106.688
116.002
-12.0391
-103.963
-286.687
-74.4074
-2.63534
-31.1728
33.8081
-188.637
233.956
-45.319
-485.768
111.123
374.645
24.9993
-11.9887
-1.03983
1.03983
50.9735
-32.8701
23.2036
6.65016
-29.8538
-106.045
165.575
-303.353
207.874
-389.747
155.618
234.129
-5.40204
10.1578
326.19
-120.683
-205.507
15.8197
-8.29974
-0.146496
-3.54783
3.69432
43.4324
45.6521
-89.0845
15.6431
15.0638
-30.7068
-6.56515
0.178217
6.38694
-5.27777
-30.7303
36.0081
-5.51109
-6.11951
-37.6434
67.6824
-30.039
-334.355
-10.9616
-4.95111
-28.4067
33.3579
-127.429
-142.722
-21.9829
-397.794
419.777
-6.01218
5.86569
-36.6593
45.4755
-24.6375
144.371
-237.156
124.035
113.121
47.8595
-236.496
78.9183
-14.1401
2.85604
11.2841
-5.46627
-9.77102
138.919
-247.571
24.1091
0.890245
21.9948
-82.7535
60.7586
-380.564
-105.204
-2.90233
0.0082039
-2.90194
0.00803501
-3.26998
3.36451
-0.0945322
2.95731
-0.19218
-3.32668
3.41441
-0.0877285
-3.32575
3.40219
-0.0764455
-2.90396
0.00852377
3.44361
-3.32792
-0.115693
-2.9704
0.180765
-3.26984
3.36445
-0.0946076
-2.97002
0.181276
-3.32401
3.40799
-0.0839787
3.44175
-3.33467
-0.107085
-3.27114
3.36526
-0.0941176
11.3351
-26.117
-338.859
-50.8872
-40.5194
21.2048
-311.014
12.2336
119.039
-346.861
227.823
-33.0263
394.123
-2.2496
-4.31555
-37.3833
45.0245
-41.6388
5.83842
33.6444
-79.8262
-332.324
89.8453
242.478
-217.539
345.697
197.731
128.459
-19.3126
16.6773
-85.4789
-9.67714
60.6566
-17.1053
-43.5513
127.222
-11.2199
284.835
183.971
101.343
219.256
-492.687
273.432
-434.806
64.1924
-2.78237
9.179
-6.39664
-237.432
-125.659
363.091
-69.6509
-149.95
127.611
-253.255
125.644
12.8915
-13.4877
0.596207
40.9181
-389.053
30.9173
-7.74966
-214.439
-59.4663
49.5558
142.552
-130.094
-12.4585
-43.7008
-110.52
154.221
-144.603
214.153
-26.1472
181.318
0.104694
0.167272
-0.271965
-31.8771
11.1204
20.7567
-9.63297
-292.019
-6.91725
-6.96014
-129.63
136.59
-123.769
251.38
113.617
-423.104
309.488
0.637212
0.554786
-1.192
0.217691
-0.112998
22.6633
-13.6179
-9.04545
-4.65606
-0.211529
43.453
51.0346
-94.4876
-6.71217
0.878602
5.83356
-0.326431
-2.66184
202.378
121.882
-62.0244
-175.132
33.5558
-3.38509
-30.1707
0.326795
-7.52606
7.19927
16.6372
13.5614
-30.1986
-1.33059
-125.936
127.267
22.2727
28.022
26.3868
119.604
-486.816
367.213
18.9371
3.72625
72.0021
-309.434
-179.534
-201.03
-255.427
327.429
35.5846
84.3664
-74.4584
124.752
438.015
-113.549
-324.466
-20.072
-0.0960476
-2.44456
2.25862
0.185938
-2.44436
2.25147
0.192893
2.43137
-2.25217
-0.179192
-2.44491
2.25156
0.193352
-2.8519
2.12553
0.726372
-2.44019
2.25751
0.182682
-2.43999
2.25766
0.182336
-74.3576
266.914
-192.557
-1.70729
-5.00487
350.326
-24.3949
-325.931
-80.8418
88.8106
276.646
-344.258
67.6122
23.732
-59.0607
24.2899
52.7611
-77.051
0.957159
-0.957159
-327.562
135.465
-108.222
-317.093
54.7322
262.361
-4.65542
-327.811
-157.969
-106.635
264.604
6.76201
17.3471
21.6795
-0.950271
-20.7292
8.31065
275.959
-284.269
-64.7746
121.87
-57.0957
-8.46927
24.1123
-169.965
63.9196
-5.32158
255.468
228.493
35.3133
79.276
-114.589
14.1942
20.6373
-34.8314
-131.444
174.877
133.141
-97.8275
55.8563
-311.283
2.19598
-4.97834
-5.90746
4.71256
1.1949
47.1921
-84.8355
5.24922
5.29841
5.29844
5.24843
5.3399
5.24785
5.49228
344.833
-237.333
162.975
25.0518
14.6935
-39.7453
2.95077
-3.03637
0.085609
-55.6773
-184.314
-264.661
136.817
101.271
46.4618
30.5622
-117.288
259.014
-141.726
-127.503
-104.434
231.936
8.70012
158.309
-15.7572
40.7355
160.5
-9.98234
108.149
-126.058
17.9092
70.5786
-46.8466
213.64
178.449
-392.089
-173.07
1.05877
-1.05877
-120.125
55.3502
88.7348
-216.237
-87.9294
-350.716
438.645
-42.6075
143.738
-101.13
17.7358
27.932
-45.6677
2.83319
26.1516
7.40411
469.078
-347.519
-121.56
-293.611
-199.076
-223.285
-69.1532
292.438
-10.8899
1.70673
9.1832
-5.17719
51.5828
-16.9932
17.9262
-481.945
255.637
226.308
418.226
-234.87
-183.356
-4.00307
-1.90439
-377.309
197.775
109.003
75.5325
-184.535
-5.03051
-0.351363
5.38187
109.491
258.183
-367.673
230.123
238.955
47.9825
-32.9187
-78.2763
244.601
-166.325
274.16
-362.09
-312.636
31.8827
21.8022
11.6778
13.2399
-24.9177
-7.49481
3.24766
4.24716
-39.6459
-126.677
166.323
-6.80755
-0.687262
2.76242
-0.66294
-12.3605
-38.028
50.3885
0.84612
-30.841
29.9949
-52.4417
-358.388
410.829
21.4834
63.5004
-324.232
260.731
-14.7468
0.606636
-458.106
-22.213
37.4609
-15.2479
179.932
115.963
-295.894
-177.799
226.27
-48.4706
38.5058
-21.8685
0.150903
-11.0408
38.8795
-39.8298
-21.3156
3.04121
1.32599
-30.0537
44.2478
73.3384
-115.946
-44.8262
-272.267
-21.9443
-40.2898
46.5392
-39.8891
22.8159
177.26
-200.075
184.498
-99.2275
-85.2701
22.5306
-12.712
-9.81863
54.8336
-30.5438
-436.363
414.38
15.1562
0.867604
-16.0239
11.5767
1.31481
5.26629
11.7422
-204.713
-277.233
5.13164
-5.44537
0.313733
-124.543
7.91587
-0.638048
5.07212
-6.14233
1.07021
4.97223
-6.14186
1.16963
-262.443
212.3
50.1425
190.601
247.413
136.094
-253.382
-24.6927
-35.5722
15.3145
12.5284
-27.843
-0.244012
0.243392
0.242998
0.243346
0.24302
0.244399
77.886
173.553
-251.439
27.9198
19.5952
-47.515
-39.648
-4.21817
43.8662
86.7138
-127.906
41.1926
115.445
-148.432
32.9865
-150.401
341.002
56.1828
-53.0096
-3.17319
-2.03665
2.91525
302.253
-204.635
-129.904
-185.907
315.811
4.45218
-13.2367
8.78449
-241.147
275.746
-34.5983
91.2289
-128.631
37.4019
33.3033
17.6702
-113.528
177.551
13.5629
-12.8165
-20.7567
10.3359
10.4209
-14.0421
18.4943
217.355
-23.0884
22.4831
0.60536
-340.477
348.788
-31.8771
152.724
-37.2783
-37.1518
211.685
-174.533
-243.622
-56.3382
-56.6575
68.7492
-12.0917
116.025
-18.9051
-97.1198
14.3001
-50.9594
-50.1503
18.2732
-0.082671
-4.6458
5.51124
-0.865441
-2.28701
-2.29158
-2.28717
-2.23268
-2.29349
-2.29354
-95.8053
33.2432
62.562
-36.3197
25.8011
10.5186
144.976
-217.427
72.4511
-21.3774
32.5044
11.5692
10.9614
-74.8326
27.299
-27.3385
-2.51527
8.28789
-47.9359
-159.966
120.32
41.7461
-95.7933
-52.9601
61.2479
-233.151
55.3524
29.305
78.8619
54.5103
-133.372
10.5457
15.2961
-25.8418
-127.747
25.3991
102.348
63.3822
-216.528
-177.001
390.641
1.60912
-2.44921
64.7739
-71.7341
271.867
199.103
120.562
-12.4123
-481.935
66.5221
415.413
385.161
-437.602
120.608
-3.31282
14.9906
5.07213
4.97223
-44.0595
12.8868
26.0061
101.216
-19.7485
-30.9418
-148.477
179.419
30.546
-81.0896
3.5271
1.34048
64.0744
-76.1135
20.4134
-5.09889
39.4389
-28.1038
-0.339858
-0.953093
-20.8167
31.9371
2.28972
25.4363
-55.49
161.962
111.167
-273.129
48.1666
34.6437
-82.8103
-1.1587
0.773398
0.385298
-40.4351
33.4144
7.02072
-436.065
431.41
68.0602
45.9571
-114.017
3.78757
14.3824
-18.17
6.06205
-11.866
91.1531
-169.429
-117.726
97.7542
19.9722
-102.9
157.41
-437.302
368.149
82.5609
37.9696
-120.53
53.0087
20.3774
-73.3861
152.239
-125.73
-26.5084
32.1319
-33.0289
0.896986
12.6615
-50.0448
-41.399
53.5284
17.331
-70.8594
0.25103
0.152894
-0.403924
75.0882
26.1827
-8.94387
-7.35209
16.296
-27.0214
99.4967
-73.4907
78.6381
22.3438
-100.982
-27.6697
-34.0089
-34.2759
-11.3918
73.603
-71.524
260.838
-189.314
274.226
-210.726
18.0086
-30.3691
452.211
-342.72
21.9521
-26.4711
-46.2261
190.597
102.704
255.168
163.058
-24.5392
25.1791
-0.639956
1.76217
1.9463
-3.70847
3.01989
14.9063
-67.6894
106.576
-38.8869
-53.4626
-290.796
-2.40468
-0.497261
-2.40466
-0.49767
-2.36333
-0.540639
-2.42292
-0.848218
-2.42273
-0.847107
-2.42208
-0.847897
-23.2805
-17.2389
4.71256
236.717
-162.196
-74.5207
-256.838
219.686
14.8241
-14.4973
29.5035
-19.9531
-9.55039
28.8222
-71.4085
-131.979
143.021
-11.0425
20.9673
74.3988
25.0979
-4.93499
-33.5702
120.284
-38.6422
-33.7198
72.362
-70.7465
22.7424
1.36994
-30.8492
41.3949
-5.03051
-230.279
-80.7353
111.383
22.3021
-319.097
-34.2224
5.81564
262.508
-138.474
-368.854
-39.6764
8.94609
-249.669
-77.2277
344.01
-457.559
4.6467
4.5323
-194.003
15.8262
-37.2036
-92.7807
138.738
-217.985
-63.0791
106.692
3.10659
-69.3193
5.74674
63.5725
-33.6066
6.26808
-0.317949
-0.526156
0.953093
-0.426937
38.3665
-63.0592
63.2015
30.7139
6.36893
-13.2244
6.85548
2.93539
3.50463
-6.44001
9.42169
14.4214
-23.8431
-31.4655
16.9221
31.5311
13.9444
-74.4914
73.1609
22.6636
-36.7657
14.1021
16.7348
6.01494
-56.528
18.5001
-26.2175
39.4575
22.2598
11.5483
-31.0128
122.242
54.7995
-245.549
190.75
43.5553
12.6275
13.7967
24.7091
-97.0971
29.2071
-40.7947
11.5876
-96.1057
-22.8821
118.988
38.6223
11.7662
-8.45056
-50.1503
106.287
29.1775
31.562
-72.9611
142.352
-31.8445
-110.507
67.3088
7.79285
23.1245
-23.9809
-12.3389
-61.8282
95.4656
-6.25442
-10.8046
10.2817
-18.5907
8.30903
46.6154
137.882
31.6539
-16.8629
-14.7911
76.7807
122.24
-199.021
-8.44706
101.724
31.4171
-0.0894814
-97.2357
100.605
-3.36971
28.8874
7.12072
24.5185
-58.7944
-61.8347
119.633
134.423
-254.056
32.4875
6.392
28.1712
5.18669
66.1899
-47.9495
8.11976
95.9691
-0.740567
48.1319
-47.3913
4.65606
0.813232
-5.46929
423.147
-285.696
-137.451
-289.111
129.978
159.134
186.743
-260.906
74.1627
19.4348
24.79
-44.2247
-7.35275
36.5598
65.8684
-168.768
-24.4393
43.8868
26.6918
51.4804
100.758
23.4933
-13.3198
6.92317
37.7694
8.7698
-148.114
37.5936
-223.917
79.3145
308.462
-332.979
24.5171
-163.919
34.2888
-81.2157
46.6408
-163.1
37.1639
-137.461
29.2388
-128.56
30.7327
148.515
-109.377
-39.1375
-2.55813
-6.96808
9.5262
-395.113
222.043
-0.907666
47.3843
-147.767
54.9867
-141.688
-122.973
22.8412
6.66227
-11.1856
-106.541
-46.4085
-138.662
8.56864
-85.6305
0.187576
-319.635
310.002
-310.575
135.993
174.582
114.81
-161.036
-121.907
-1.0541
1.1008
33.1033
14.8792
-370.708
318.35
52.3581
33.0018
12.0227
-5.87631
-104.612
-23.9485
-126.517
16.0024
50.332
-12.8217
-323.79
49.2848
195.316
-1.73486
31.1911
-52.9851
12.55
312.185
-3.72383
376.737
-103.238
-273.499
6.42492
-14.1746
-148.385
-121.781
-15.6805
-118.237
-29.8771
18.6383
31.6937
-6.644
2.64093
4.00307
-4.71922
32.4406
-172.244
54.0066
155.389
58.7641
-241.556
93.1713
0.0488521
-11.2265
9.06518
-29.0183
42.1726
11.0335
-53.2061
-43.0297
76.3633
-389.876
313.513
-225.188
153.664
7.69341
-13.0955
30.0358
-51.9043
4.49621
5.66163
5.46269
-19.5048
-5.57254
-317.898
76.7506
217.494
58.2514
-276.442
58.4569
-84.9011
31.9785
-23.3788
18.2092
-56.9961
38.7868
115.959
-146.9
-143.104
-41.4307
-160.878
34.3607
-0.0329582
-0.0355455
0.0375489
-0.0356107
-0.107158
-0.0359855
-0.0358796
33.4845
93.7823
-211.225
-159.685
37.7779
-6.27766
208.656
-1.79579
-4.34654
-1.79297
-4.34889
-221.089
-323.087
114.164
208.923
0.401458
0.373285
0.401191
0.375234
0.37528
0.401331
364.005
-169.089
43.3587
334.986
71.0115
5.76708
-76.7786
2.53556
83.9082
-12.8967
-112.211
-28.1331
140.344
-11.5877
6.49943
17.1151
12.6183
56.1309
-113.804
94.8991
9.30432
112.248
-175.694
63.4463
3.15214
-9.48991
6.33776
-2.45417
-0.30098
-6.644
83.9411
-102.65
18.7092
28.218
19.3192
-116.555
-159.464
50.0872
-0.40276
3.90739
3.26851
-56.2286
18.9507
-15.7986
8.5599
-4.62962
-3.93028
-188.334
56.8896
-1.79331
-252.242
-10.2015
-168.3
54.7721
-4.51789
-1.98463
-22.8575
-0.173017
0.558315
-304.576
83.4873
-192.159
92.9314
-194.886
-59.0658
204.042
-85.2219
35.0716
-115.185
-207.902
-8.69211
24.4558
-51.9918
225.545
-57.7172
-41.5772
62.5444
-1.10129
7.76343
-168.295
-49.1319
48.5575
-116.247
60.483
362.664
-11.7352
25.0017
-5.56695
-72.4371
-270.21
342.647
231.803
-208.988
64.1439
-180.806
116.662
0.817192
4.31445
-10.0722
42.9184
-11.0316
-59.8278
4.78643
-12.6413
18.6231
1.03988
-35.3942
4.55325
-71.2232
-71.8812
-344.43
-50.6829
-123.485
-15.1775
-5.29811
-5.30016
-5.29949
5.30987
-5.29864
-5.29843
-4.80921
8.46403
5.11049
295.1
81.6364
-74.879
105.593
26.1104
5.54356
10.3359
27.8549
-20.0517
26.147
37.157
-29.869
-7.28794
-18.8866
46.5266
-27.64
-128.12
-9.62163
481.656
-440.738
-514.67
395.931
118.739
463.384
-453.019
-10.3646
49.3877
-33.5616
162.458
-185.937
23.4796
-23.2952
-113.673
136.968
232.594
-183.309
80.3053
19.9636
15.9802
-35.9437
57.7799
-39.1415
-231.863
-374.681
-83.425
-0.780702
-0.176457
276.146
-63.846
-22.7976
14.1767
188.993
125.989
-314.982
-68.5063
-54.5644
15.9222
-131.7
13.017
-2.16044
6.44251
-184.203
385.777
-289.448
-96.329
-8.57575
9.88447
-1.30872
-50.9362
232.186
-181.25
6.8454
-8.55269
109.917
126.783
-18.3891
21.2105
3.79125
408.762
-492.413
83.6504
17.9836
-12.8959
-5.08766
-235.338
200.455
34.8833
-11.9765
-18.2221
-12.6936
54.8662
265.354
-319.77
-27.0917
109.624
253.61
-363.234
5.50994
-22.371
16.861
-26.9603
-12.9139
-128.268
-12.6555
12.2372
0.418284
16.2933
-3.66233
-86.7703
159.221
-19.0716
-63.7387
84.345
307.051
-46.5464
60.4909
51.6735
-37.5714
-44.8465
-14.6198
241.792
96.1161
-337.908
-64.2312
165.871
-152.294
-13.5773
-1.40059
8.92655
-7.52597
-25.2764
31.2913
155.203
-293.677
0.0956746
0.0984386
-0.194113
-7.06283
114.634
-185.857
117.728
-84.4844
-115.705
336.79
-149.204
-187.586
-80.6743
-149.761
230.435
-120.531
41.8355
206.568
-248.404
-40.8759
53.7626
-168.769
48.3353
-36.787
34.184
-14.0513
-20.1327
137.011
-48.4909
60.5136
-28.9503
80.1519
175.797
56.7966
410.268
-442.005
326.102
-455.084
-413.136
290.97
-407.237
406.418
-123.88
93.6031
263.803
-357.406
-63.912
186.152
-4.34346
88.2846
-230.414
105.089
131.627
5.30987
-5.29949
-5.29864
-5.29843
-4.80921
-5.30016
-5.29811
21.2561
-78.2895
57.0333
-1.44758
1.04482
138.381
37.5582
-175.939
-6.04211
-131.259
137.301
-220.071
-57.0332
277.104
-136.854
135.832
20.0175
-155.849
-43.642
55.2296
-25.2818
-122.486
-126.922
-48.4425
50.997
47.0273
71.552
-118.579
-38.1554
33.7668
4.38864
66.8078
-45.0056
-12.3425
-34.0044
3.29807
12.6971
-15.9951
-85.2219
204.115
28.0711
-121.659
0.969293
250.448
73.364
151.322
8.5599
-120.707
-70.2865
320.734
60.043
-133.152
-128.239
59.7374
-42.0672
-265.344
-147.792
13.3298
-4.76994
65.6338
-95.2146
157.146
-55.9659
44.9343
536.646
-429.331
-107.315
480.614
15.1773
-86.5296
-285.678
372.207
-25.0111
-200.177
314.062
-417.161
440.872
95.7741
55.9346
-6.37879
-24.1914
27.4894
-0.32491
-10.2313
-3.00541
196.238
-33.7801
86.7467
104.872
-191.619
-199.103
13.1654
-168.89
-199.225
368.116
56.9971
-42.1179
-247.562
297.704
1.93876
-51.8468
49.908
-11.8714
43.3278
-31.4565
39.5498
-58.6214
-279.059
-91.6487
-292.491
-57.3951
75.8951
-12.3543
-0.748584
-116.442
163.469
-395.531
183.361
212.17
28.7642
10.6933
-132.983
20.7715
-16.802
1.64783
1.64878
-121.582
-17.1972
79.7593
-278.621
155.648
54.1888
-9.3317
-44.8571
-54.1767
65.9429
106.323
-0.969586
3.61052
375.582
105.033
268.108
-237.549
-30.5589
347.04
-29.3509
-180.754
372.934
-242.957
434.764
-93.3253
-456.487
287.597
-14.0205
-352.662
161.231
52.343
-45.951
144.434
51.8036
-43.013
48.8287
47.6706
-42.4839
207.597
-120.85
-134.671
-278.149
21.311
-178.561
-148.715
327.277
-236.313
-49.8621
58.8081
57.8521
-49.7323
-285.375
-44.7887
180.244
-135.455
-9.60169
121.923
-20.7067
19.6755
17.7854
81.4103
-0.637894
0.805165
9.58435
-16.5016
-45.5471
52.6679
388.566
46.1977
27.6213
11.9758
-231.47
219.494
24.3361
-42.8252
49.0932
-2.2926
-1.03532
2.19228
-120.247
115.904
-365.589
43.1503
189.874
-233.024
415.038
32.548
106.076
-138.624
40.8773
24.7565
268.108
322.159
54.1888
-3.7261
16.5224
1.46122
71.5392
35.7055
13.3298
54.8354
125.409
88.5922
-61.9004
326.076
88.9619
-99.1174
-38.8708
22.3101
269.222
-291.532
-4.62962
29.5678
-4.6458
-24.438
98.8368
32.0258
61.3683
-48.3513
6.19098
199.269
107.949
-131.245
14.0157
-3.16797
-321.298
-113.804
289.556
169.235
-149.218
179.512
96.6341
-282.797
-82.7914
68.6979
49.0297
44.8369
204.395
-99.5232
-406.758
-0.47931
-53.1916
2.15576
6.5771
-8.73286
165.883
-253.815
87.9321
-54.3613
45.0296
84.8889
254.429
-191.046
-100.774
55.0654
81.0207
16.776
43.267
65.0966
262.584
-327.68
-19.1837
-0.249454
72.628
-10.7738
413.203
-171.411
-353.884
-7.49655
12.7198
-5.22323
-117.49
53.2583
58.9825
104.487
45.7291
-7.15679
-50.7973
155.887
61.526
-52.7562
-325.434
146.872
329.588
-335.866
-378.188
-0.467484
-0.831268
-2.49448
-0.813865
-2.51282
-1.00152
-1.96888
0.956957
2.00035
-1.00368
-1.96634
-0.828739
-2.49527
-0.403182
-1.93962
-0.833741
-2.50093
1.53347
1.87452
1.53864
1.87577
0.783893
2.58055
0.783455
2.58105
0.808406
2.59379
0.783002
2.58225
97.71
-334.616
236.906
2.5994
-15.5023
-40.4636
-162.355
156.313
-330.733
132.681
198.052
86.6638
-76.4872
-10.1766
298.797
-45.1869
-237.248
-3.30582
22.9814
-288.245
396.896
-108.652
-0.00529751
-45.8227
230.934
-30.2316
-215.185
64.97
150.215
-196.18
281.72
-102.441
65.3779
133.891
-135.431
21.6264
153.343
12.5278
-184.577
340.195
49.1844
34.7238
216.569
97.8203
-314.389
-13.5359
-231.211
165.828
65.3826
-1.91692
14.614
90.3221
-79.8987
-10.4234
398.004
31.5644
-377.344
-33.9525
-360.713
-81.7016
-23.5556
-187.2
-138.234
-11.2835
-41.7016
-13.4034
75.2354
-61.832
280.342
-321.8
173.085
85.4355
-124.573
-263.556
384.573
163.19
-392.944
-4.84975
12.5136
21.6704
66.5593
211.182
-277.742
29.7002
82.1759
-2.70362
67.3833
-13.1944
11.7126
16.1423
-342.62
281.252
61.3684
-26.4388
-91.0507
-163.382
16.6576
21.7477
-90.5622
-5.33087
24.2183
280.342
198.411
-325.339
126.928
-331.092
143.892
144.629
-43.8703
-342.236
287.385
54.8509
296.553
-238.096
243.818
-117.282
-126.535
97.4848
38.2613
23.107
67.3833
72.4405
14.2234
-55.4712
10.6247
114.252
93.3442
-55.414
-135.431
-73.5101
1.92792
3.58332
18.2919
-11.3687
-131.981
-44.8571
-22.3612
79.3945
20.7624
-39.2285
18.7468
-30.6181
5.10366
44.8043
341.22
-46.1553
-295.064
144.233
-5.3785
324.041
350.149
-248.127
-102.022
-237.549
163.182
-133.943
-1.94129
-2.58807
127.528
131.486
27.6663
129.334
-227.519
358.957
-190.748
-343.961
79.533
-245.002
165.469
58.3097
21.0027
-79.3124
184.391
258.522
82.6977
132.043
21.3004
-33.3439
-30.5104
-355.517
451.711
-96.194
-76.3971
140.541
-56.0893
-328.899
384.989
230.798
201.759
148.39
170.414
-319.618
-3.85642
37.4047
181.284
-218.689
17.699
171.126
-138.686
-106.059
178.608
-141.014
-185.807
-405.473
187.504
-133.497
202.314
-144.318
-57.9964
217.362
-158.598
260.381
-248.405
236.423
-157.108
254.272
-161.101
-211.799
-133.812
-226.759
226.759
159.233
137.712
-296.946
123.102
-264.827
215.593
-1.42642
-160.929
-94.1248
62.279
31.8457
106.248
-293.833
65.7376
-9.6067
307.505
-168.586
195.686
-91.1988
-3.63697
163.841
-133.108
-275.973
147.158
298.959
-345.114
183.784
23.831
284.906
-123.418
51.2734
13.9846
-65.258
145.39
168.794
-314.184
236.274
-56.7616
-207.725
145.529
169.797
-315.326
55.7291
-86.2395
343.354
-245.644
4.15267
-29.2272
25.0746
18.8034
10.6668
4.44656
147.204
-98.1745
248.997
-134.744
-47.2717
254.429
-277.02
353.771
396.599
-314.963
148.028
82.6936
15.4949
-98.1885
-343.203
365.505
90.3221
-266.284
324.536
-92.4386
171.29
-139.312
41.2149
-21.2514
177.619
-143.33
182.521
-148.161
-2.29601
1.76985
-230.893
297.452
13.0508
-6.98874
165.456
-131.972
-300.974
142.653
158.321
-416.508
298.789
117.719
19.615
19.4257
197.205
0.389804
117.447
66.9438
149.276
201.065
-350.34
15.4166
341.25
16.9757
318.614
271.967
-250.656
339.684
-195.792
186.814
-378.864
192.05
98.9132
-22.902
-71.2227
207.157
100.348
-19.5176
-263.124
328.22
-103.803
-6.83548
12.4971
325.175
-421.504
106.085
325.966
340.211
-213.283
-188.458
188.458
174.328
-137.164
7.96207
184.357
-146.579
-68.8039
-6.99969
-34.9301
41.9298
-189.588
336.46
259.58
-180.047
182.913
-139.554
125.372
-243.307
279.217
15.0402
16.8969
-149.898
149.898
-218.796
134.953
-110.617
16.8717
128.115
-153.126
283.983
-12.0161
348.412
-224.352
104.58
144.417
-300.902
330.562
-29.6598
-74.1714
-98.209
64.4892
13.528
160.124
-219.19
-170.092
163.476
165.089
-328.565
134.953
304.623
-85.6091
76.235
-76.9756
-140.314
-160.66
-205.687
130.948
-89.0657
270.161
-181.095
174.75
-127.366
311.447
285.411
94.8991
266.238
17.7457
37.0866
282.894
-159.792
-273.879
133.913
139.966
110.663
232.691
324.283
-225.37
-296.344
283.875
-156.347
276.076
-168.079
-107.997
-1.44514
268.117
38.7825
10.2091
-10.0703
-0.138807
333.89
-179.619
-118.596
-238.495
-245.667
313.521
-67.8542
-79.9853
-139.044
219.03
76.4756
184.507
-129.442
-112.989
-247.224
-249.356
-79.8987
-140.661
-9.23638
39.8582
-31.791
201.231
-169.44
185.529
-135.442
-189.062
-84.0736
-284.118
368.192
-131.487
224.832
-127.81
160.358
150.096
-149.69
-124.188
203.333
-152.336
-159.999
394.995
-234.997
-227.914
265.319
209.098
-152.208
200.476
-137.03
22.8957
-4.88709
-95.9573
261.841
144.419
-100.189
87.7767
-176.341
282.588
-124.924
254.259
-157.211
291.124
-351.484
186.33
150.665
247.036
-190.239
-161.691
312.5
-150.809
-113.438
242.809
-129.372
-198.803
320.894
-122.091
-423.922
0.279697
-5.28457
70.8413
85.6823
-316.575
244.786
-151.854
194.231
-139.459
-0.920903
96.3457
-66.5298
-29.8159
335.006
-61.5739
-20.4063
12.9098
-200.835
22.6865
4.80291
-170.092
-16.9524
99.646
134.185
170.515
126.547
149.438
169.176
-21.4287
20.3746
-315.668
-74.3422
390.01
18.5677
60.8268
-110.617
101.371
-314.654
306.514
-122.842
-183.672
-240.194
136.056
104.137
-140.661
-158.45
316.771
13.595
97.8653
172.295
-4.00836
0.151942
116.284
-333.554
165.357
168.197
-152.822
300.85
31.1972
-1.08963
3.01755
2.21551
-1.93581
-149.428
360.069
-210.642
-0.455934
69.1566
21.7184
230.72
-126.14
253.205
-0.0540403
0.608826
76.549
176.055
151.222
352.368
-165.554
231.246
-39.1943
-192.052
403.574
-146.418
-164.865
6.96278
-12.8933
236.714
-135.799
-100.915
187.638
-175.111
-117.162
-65.7096
1.92276
155.366
154.128
182.332
7.66716
-1.16773
16.0808
325.492
9.33
-398.251
213.937
12.7405
6.34478
-3.33901
258.507
11.901
148.454
-310.145
30.9571
126.433
12.6867
-188.4
342.528
87.5424
154.05
56.9692
-134.762
98.6918
155.195
-297.559
140.348
21.6764
131.047
109.355
-305.862
196.507
-8.91175
317.631
141.999
15.4988
170.353
-163.374
-67.3322
274.49
117.885
118.427
135.832
-19.3473
116.832
13.261
10.0639
-9.55956
-0.504321
-85.148
-213.934
299.082
-218.691
319.039
260.991
351.86
-207.441
93.2212
-5.18478
4.35351
-5.16192
4.34805
-5.88669
4.88517
-4.40133
-4.35351
-4.34805
-5.18522
4.35648
-5.88995
4.88627
-4.35648
-4.40132
-5.87533
5.47215
-4.91838
-5.18263
4.34889
-4.39963
-90.4642
-149.73
9.8427
121.514
11.7937
9.20417
-107.419
121.642
168.461
-235.794
87.458
-55.4322
-140.745
152.569
-201.701
208.591
120.113
-328.704
153.691
290.677
-179.509
-191.046
299.154
-182.87
-263.659
320.628
67.4169
193.341
85.0765
-278.417
11.0229
-4.44577
-3.27452
98.8066
-95.532
64.2
-36.178
-276.026
107.947
-347.197
-273.72
92.6252
-133.382
287.074
-6.63006
-27.7479
-320.051
-4.35655
-227.113
241.664
-123.237
-78.002
243.471
1.09577
-47.1638
46.0681
186.833
165.534
239.598
-140.906
0.340507
-143.991
253.907
-142.804
-15.1327
142.791
-96.1755
238.677
133.531
187.405
-5.64645
-181.759
-0.293938
-378.833
143.963
402.839
-252.742
80.3794
-260.427
-117.141
110.226
139.081
172.367
118.822
320.351
-430.322
-87.2041
204.6
92.8528
0.79823
246.283
-48.9767
-71.2654
120.242
317.946
-13.4153
212.51
128.581
-341.091
-178.161
119.607
-140.314
75.7383
-221.602
145.863
-356.579
143.57
213.009
15.9402
23.4987
-20.2951
-461.613
-74.7831
-68.8298
143.613
-275.54
314.191
47.9373
3.04121
-340.255
30.7625
204.293
-235.056
269.67
-350.484
80.8145
106.091
-270.897
-304.035
19.4848
132.529
-152.014
76.0342
13.2416
186.205
131.426
152.796
30.2949
75.79
9.98865
-20.0608
-289.538
-83.0181
372.556
332.622
-80.1139
181.9
-267.048
289.676
298.277
-292.785
60.3224
-131.069
-70.6016
-128.286
232.006
-302.04
70.0336
304.119
-177.572
-20.1945
168.631
19.0073
98.0084
-348.287
250.278
4.12072
-4.12072
-185.134
-193.01
-369.189
55.5512
-274.145
218.594
-0.763117
71.6044
-2.9345
2.72297
9.25855
229.345
-294.477
-205.519
57.0751
125.943
-137.162
19.08
9.59975
-213.775
-152.181
336.929
-184.748
221.652
38.7291
2.30695
-2.62489
139.227
-93.498
-10.5086
-165.59
176.098
469.953
31.4819
-257.26
-59.3156
72.9002
-249.979
177.078
-17.504
-113.729
53.2465
201.174
-79.7618
3.09027
-15.0789
73.5117
-83.1184
62.1379
355.108
26.957
52.9482
-152.471
-7.71542
-67.2352
54.7088
-244.948
-72.2792
57.6594
10.2796
-8.6124
235.416
56.3152
-291.731
-191.283
191.008
0.274411
48.9398
-116.096
67.1564
35.5728
12.2944
136.67
260.245
-205.536
-197.011
-72.4628
66.0841
87.8692
245.725
73.4003
-319.125
7.01321
92.6328
134.987
-15.3798
-79.7153
67.6235
-412.972
213.746
-93.108
-1.70613
-0.589879
-115.64
135.124
-100.71
297.217
81.9617
-108.47
253.306
77.2558
-14.3713
252.414
278.787
-141.97
-201.791
-61.8953
82.6577
44.9248
-227.709
35.6574
-87.571
74.1676
209.927
-197.633
168.831
-133.948
287.558
46.624
80.5249
23.4157
186.512
-38.0993
17.9666
-1.3958
-0.0517844
231.371
-143.828
-260.228
152.231
9.36259
1.66028
-14.2248
-18.8041
1.90557
0.629999
2.89924
84.8774
94.9444
-92.4436
-47.2774
-0.562687
156.876
167.739
-336.795
169.056
272.02
-11.0287
-281.591
103.43
326.706
32.6071
-188.966
25.9688
-6.20935
-8.53743
-292.465
-205.507
-200.651
-1.13984
-312.618
8.58296
37.183
46.0593
39.922
-3.07112
46.4894
68.8172
73.044
77.8251
-52.1616
-225.58
97.1642
-474.46
44.3442
-271.031
-74.6539
29.6483
191.932
204.964
-7.72372
-0.954948
-64.9563
82.6553
18.5395
3.94359
-245.699
-340.956
66.7387
-15.4653
109.792
257.13
-1.43295
1.43295
-1.35423
13.1519
53.0912
-18.8884
119.579
87.4866
-15.5622
-352.189
190.798
161.391
-23.7742
85.5172
38.1818
11.2546
-157.94
-0.022139
0.022139
38.3073
-65.3022
23.235
51.556
-302.212
39.191
2.19699
-14.909
63.7997
26.3291
8.98832
7.30763
78.8686
-102.275
-159.471
261.746
-51.9809
65.5088
209.452
-133.714
-85.1224
251.547
-135.585
3.1077
-5.29834
0.207813
-107.522
72.237
14.6002
280.343
-83.3008
116.133
-333.672
-287.599
51.3392
23.8962
42.3565
182.225
-361.488
179.263
-23.1238
8.25901
-18.2413
68.0784
261.062
67.158
-62.3804
20.2625
186.114
126.601
-133.013
6.41168
-298.842
70.9282
-0.668879
0.668879
47.1928
-38.7541
-121.943
-72.0602
9.08515
20.7868
-66.6211
4.03951
-4.03951
168.732
-261.273
92.5406
0.131464
-0.131464
142.287
-157.666
-170.144
-170.779
338.519
295.179
-139.531
-84.3376
39.6286
-275.942
-0.0597076
0.0597076
-5.10434
14.4669
-288.929
8.71432
-0.462341
-8.25198
-3.41813
3.41813
2.6989
-2.6989
3.61448
-3.61448
-3.34139
3.34139
3.36928
-3.36928
2.46346
-2.46346
3.14704
-3.14704
-10.8474
10.8474
-2.79339
2.79339
-2.73969
2.73969
-2.96219
2.96219
-2.61112
2.61112
3.93467
-3.93467
3.0258
-3.0258
-3.62201
3.62201
-2.87342
2.87342
3.00339
-3.00339
-3.00186
3.00186
-2.56494
2.56494
3.78297
3.13869
-3.13869
3.43786
-3.43786
-3.58876
3.58876
-3.02609
3.02609
3.25263
-3.25263
-4.57248
4.57248
-3.26376
3.26376
3.32095
-3.32095
2.62416
-2.62416
-3.93777
3.93777
-70.7222
18.7413
2.56749
-2.56749
-74.8814
4.03753
-4.03753
4.40862
-4.40862
-2.18375
2.18375
7.44227
-189.201
213.195
-205.753
306.026
-3.04164
3.04164
-4.51702
4.51702
-2.97731
2.97731
3.1719
-3.1719
-4.56757
4.56757
2.40359
-2.40359
3.93211
-3.93211
-2.58826
-5.28634
5.28634
-4.14407
4.14407
-150.86
-168.759
2.48538
-4.06171
4.06171
4.00719
-4.00719
3.43089
-3.43089
4.5567
-4.5567
100.673
-3.1408
3.1408
142.205
-156.576
58.1626
-0.0702425
0.0702425
75.3461
-164.573
-85.4058
86.9675
-424.916
-4.29109
4.29109
-26.1104
85.4989
-328.456
-154.393
-174.172
0.0720599
-0.0720599
-13.8082
3.57691
-0.302845
0.302845
284.714
83.4778
-97.1364
-124.465
-1.80726
-166.371
168.178
80.6045
-291.83
-3.81164
-2.99592
-10.2376
142.767
-127.178
-166.655
-6.34106
6.34106
67.892
2.71265
-2.71265
5.37284
-5.37284
400.815
-9.72759
-119.564
35.0796
-242.368
312.402
64.7893
-38.9771
49.6704
-161.987
0.70612
0.288691
-0.994812
134.796
-318.849
120.046
34.5086
-254.876
220.367
220.709
-220.709
0.077868
-0.077868
118.108
-4.29023
4.29023
67.5265
186.731
-254.258
-185.484
-42.9657
261.559
-207.405
106.49
9.8576
-0.931043
2.8731
-2.8731
295.937
-155.001
-140.936
15.4614
-181.051
79.7581
-293.692
102.202
5.71491
9.25646
83.6142
-143.057
59.4424
321.836
82.4774
56.7497
-21.4278
97.9034
-10.5611
-361.898
180.541
181.357
78.03
8.31561
-86.3456
334.191
-232.82
-397.131
-197.499
2.51739
-2.51739
180.815
2.96974
-99.7164
307.591
196.255
-245.106
48.0953
-9.20478
55.4822
351.872
-115.277
-11.4158
-13.247
-17.7718
30.4585
-21.974
-268.305
-109.333
100.721
-99.5001
37.5997
19.1249
-10.9344
-8.19046
48.7853
-60.0135
11.2281
1.75794
-1.75794
-149.244
4.88627
-4.91838
5.47215
-4.34654
-4.40132
-4.39963
4.88517
4.80118
-4.80118
4.79926
-4.79926
-4.40133
4.80074
-4.80074
0.0755401
-0.0755401
-209.449
95.4044
-8.9695
190.286
-108.695
-32.8017
-39.4775
37.3508
-84.1974
-2.05083
13.0122
-322.136
-97.345
115.254
50.0522
32.6055
61.5258
-181.705
33.5447
-126.945
28.771
-65.4186
12.6624
-291.377
1.64321
-1.64321
87.2116
-231.19
143.978
-305.253
27.2613
-284.521
158.088
-281.506
210.11
-209.835
4.39315
8.10396
-141.375
-60.3262
-19.5744
-57.4011
44.792
-191.371
50.6753
303.065
18.2525
212.378
149.811
202.706
-352.517
-70.5418
101.739
53.4386
12.3362
-140.031
140.031
-215.267
14.6153
-117.236
-180.252
170.979
9.27258
-14.7911
-38.9111
60.6588
-14.8034
126.663
-312.57
1.46499
-1.46499
177.173
-56.8524
34.9952
-69.0041
176.495
121.209
-15.3802
99.9982
415.386
-216.544
-198.842
-233.18
136.044
236.624
42.5934
-7.42603
-3.27462
-4.15197
185.152
-51.7349
-6.88654
-216.054
4.33972
2.10279
-262.49
-79.015
-19.1735
308.985
-255.739
141.945
1.4661
-1.4661
-137.024
266.648
-156.856
-202.669
63.2102
68.0175
-43.7992
53.8505
28.8047
-33.6396
81.8238
-48.1842
64.5466
-230.053
78.1989
-9.54094
153.209
118.2
146.404
5.79987
-2.38484
-3.41503
-82.068
231.194
-149.126
-209.603
257.698
75.9086
-268.93
30.1956
154.086
-241.54
-23.6145
-50.8228
-76.8753
3.2806
-95.6762
-241.433
-26.9065
99.2948
-108.836
-82.0337
-268.45
-1.25782
2.12316
-0.865348
2.68777
-33.0856
8.3933
24.6923
0.488116
-0.488116
-46.4987
-247.006
-180.129
319.406
-82.4999
0.162704
-2.86633
0.178195
-2.84004
7.63434
149.241
-115.797
82.9957
-2.36034
0.323688
-0.144831
-29.1064
-26.1014
-9.84238
3.14745
-3.14745
163.63
215.347
164.989
171.939
-0.322541
-0.0813828
17.3851
303.243
69.6672
163.403
-46.9638
277.542
126.371
-37.4058
-88.9652
-13.6659
87.8335
129.121
67.9662
17.1143
-85.0805
-0.77674
107.1
15.2417
-8.78159
-6.46008
51.9569
11.699
274.388
-180.982
393.545
-243.734
197.731
-59.7358
68.0514
-236.055
2.72875
208.757
-144.957
-39.1647
-113.67
-222.223
-136.555
-0.675469
0.675469
313.496
193.965
1.15236
-1.15236
8.90815
25.7077
15.5072
62.6769
53.3665
-116.871
63.5042
-11.9226
111.217
367.695
39.7305
67.931
-136.761
226.293
-19.725
-160.574
66.0309
-61.2671
-4.7638
123.541
62.6107
-62.4309
380.144
-126.939
-65.3192
-384.671
148.616
105.547
48.5454
-125.379
-49.6902
-87.0706
-8.29974
226.076
-224.275
-90.114
-63.6905
93.3388
-154.342
307.551
-54.9977
66.8987
224.622
88.8992
237.432
-53.6687
-187.314
47.7598
-97.5515
76.2758
-60.195
154.798
225.346
247.851
-310.738
62.8866
-210.545
0.70993
184.687
115.95
-300.637
-4.13569
27.8058
-11.4687
-56.2144
169.54
56.5365
6.42691
-295.099
155.568
-47.6571
131.271
12.3088
-0.707298
-2.84053
-245.687
56.7699
-74.2851
17.5152
-2.32301
-2.96156
77.0324
197.721
67.5975
16.9584
324.379
272.975
-154.867
354.197
-268.698
11.8674
-10.8518
-1.01561
71.727
-23.7117
78.8206
105.717
193.364
-101.599
-224.303
0.854326
-0.854326
156.747
-231.672
74.9249
-37.5922
-25.0056
0.764074
-150.223
-358.59
254.708
-66.0931
6.35737
10.4462
-4.37335
-8.40174
-110.922
17.1057
-1.60695
-155.798
289.091
-253.709
164.011
-33.0625
-164.856
88.1417
186.348
208.872
136.552
-345.425
-14.1119
166.584
93.5157
-260.099
100.496
218.543
-149.578
-169.995
-117.196
-80.6216
-58.9108
48.7342
0.107511
-0.107511
-157.816
80.5993
51.6229
-132.222
241.93
-91.8659
231.525
-191.603
-201.532
274.576
281.852
-0.729429
27.6535
0.109325
336.934
-77.2578
-319.198
203.692
-165.385
-5.46889
5.46889
-143.8
-12.7766
-73.9894
218.557
216.733
-0.505468
221.536
295.55
-331.284
-70.1473
401.431
66.5975
-1.25883
61.8055
-7.27623
-227.955
45.0677
-19.3601
30.1074
-76.5789
245.311
2.29799
-6.43251
-62.1493
80.6286
118.199
-0.160455
8.12253
-164.919
337.965
-124.028
91.3164
-29.7271
112.597
22.3795
-116.119
324.244
-208.125
-64.708
-130.265
249.087
160.17
-296.167
80.8681
-57.6331
-110.967
-343.21
216.272
348.764
-2.75944
2.75944
-176.205
-4.6004
33.3592
-5.07877
98.0575
-33.5683
-260.992
112.059
-154.361
306.685
5.11939
165.86
20.7259
2.90672
-14.7435
0.366034
-66.8935
-0.776006
1.40601
2.3484
0.306806
-288.442
377.342
0.171382
-0.0407949
-0.235438
0.273091
-0.22224
0.320195
0.00152806
0.436916
0.562666
-1.31985
-0.435901
0.970764
0.299751
0.0487804
-0.479496
-0.00565517
-225.107
-144.191
3.88245
0.0123523
0.704641
-48.0959
0.622026
-0.136878
103.849
-89.3988
-14.45
17.2303
0.276481
324.822
-53.0506
-6.20429
30.6995
-49.2023
-8.16225
-78.1834
-0.459258
-153.938
272.298
-275.668
3.36957
-193.015
285.556
0.81614
0.0682269
99.7506
-107.913
84.2743
45.3904
-107.54
2.3804
-1.24882
-1.13158
-40.2066
-3.2775
3.2775
0.014559
-104.924
8.74812
55.544
0.00580802
-28.0362
-0.120222
0.743528
-0.623306
9.03422
-2.60626
1.89896
-20.1974
-2.96475
-91.4338
120.291
-275.292
-19.1627
85.7767
-12.4318
16.3143
45.2551
33.6062
-30.6198
-9.73437
-28.4101
-48.3591
76.0254
-19.404
-2.13631
14.4615
45.7926
127.052
216.265
235.446
-7.04506
18.744
291.035
7.19324
-85.3766
-146.737
280.268
13.5911
-0.105177
-0.170139
-64.4179
114.166
-49.7483
255.354
195.091
129.153
-333.004
108.729
-3.27462
34.9903
-22.4767
-56.609
69.87
8.5273
-6.59071
-1.93659
29.4003
4.19177
-192.737
-54.1304
73.556
-85.5501
2.82816
-58.8999
264.159
-85.2884
244.315
-108.271
-1.08267
306.752
44.9796
321.714
243.975
2.41025
-2.41025
1.59193
-7.45734
104.48
-46.6181
63.5937
-22.7869
24.0951
1.46695
33.8162
-56.6031
-143.249
-159.698
-56.539
-7.13103
-42.074
49.2051
-25.6662
-26.0687
-0.731186
156.382
-0.252928
0.252928
35.1879
46.6359
0.563522
-26.3142
-6.77142
-0.759444
148.639
-4.19555
4.95962
-1.08882
-243.559
-2.38484
-62.6395
-99.3476
-75.4142
-116.963
83.3949
-61.5046
73.2982
-8.14064
8.09985
-83.5435
-108.088
-157.029
296.073
-299.797
-48.8455
15.9955
0.0319012
-0.0319012
-79.3672
-40.8065
-2.20394
3.01717
67.4967
-57.654
-152.025
194.381
1.60341
-1.45147
-64.6634
86.3818
-261.699
349.185
46.6472
4.02807
-0.114734
-135.24
94.8415
-113.653
302.628
-0.145417
0.434108
13.4496
30.0453
50.5077
378.572
-298.814
-149.71
63.4232
1.11086
7.60346
2.72875
-11.2823
-73.7983
-7.47056
7.67838
-12.013
-295.402
-47.8086
0.0278065
-0.615552
-150.617
-234.053
24.1778
-16.2317
343.223
104.179
-43.8563
-142.389
17.0057
24.9241
-25.8406
138.288
0.648369
-0.648369
0.865924
-0.865924
0.558168
-0.558168
-0.946836
0.946836
-0.774819
0.774819
-0.949903
0.949903
-0.946897
0.946897
-0.864563
0.864563
-0.818117
0.818117
0.854771
-0.854771
0.959229
-0.959229
-0.774101
0.774101
-0.955659
0.955659
-0.874692
0.874692
-0.955585
0.955585
0.951138
-0.951138
0.864621
-0.864621
0.887729
-0.887729
-0.891768
0.891768
0.996313
-0.996313
0.865508
-0.865508
-0.815448
0.815448
0.854656
-0.854656
0.855783
-0.855783
-0.64515
0.64515
0.959096
-0.959096
-0.557764
0.557764
0.867931
-0.867931
0.855881
-0.855881
-0.553675
0.553675
0.649131
-0.649131
0.840244
-0.840244
0.889162
-0.889162
-0.89176
0.89176
0.955377
-0.955377
0.927328
-0.927328
-0.935531
0.935531
0.558037
-0.558037
0.552048
-0.552048
-0.959626
0.959626
-0.780702
-0.821159
0.821159
-0.648423
0.648423
-0.885993
0.885993
-0.552048
0.552048
0.839751
-0.839751
-0.935699
0.935699
0.55389
-0.55389
-0.927174
0.927174
0.851613
-0.851613
-0.885881
0.885881
0.850383
-0.850383
0.935316
-0.935316
0.642861
-0.642861
-0.955937
0.955937
0.969293
-0.927281
0.927281
0.850335
-0.850335
0.64333
-0.64333
-0.691952
0.691952
0.862134
-0.862134
0.642996
-0.642996
-0.754717
0.754717
381.663
-279.46
-11.3327
-0.65856
0.65856
-0.162599
2.46059
154.038
-223.769
-128.748
214.039
0.00110563
32.2262
-187.311
196.584
-2.61721
-22.4647
19.1241
374.139
-27.0573
89.3363
132.942
-90.9695
17.3426
-344.079
-354.039
79.626
0.14294
-0.137132
-4.21937
0.997142
-1.47456
0.477416
-10.8623
10.7571
-86.8318
-0.644201
-199.392
28.7042
-0.355917
37.0756
7.27698
-68.5441
23.0491
-17.0591
100.287
219.118
-2.25386
-0.209596
113.807
-200.934
278.759
-71.5538
-57.7483
-252.989
-118.53
2.80852
-16.6299
-57.6552
31.7031
-24.6183
-8.54301
103.241
1.45781
-150.117
19.6668
-298.016
-58.3885
204.792
87.4843
289.191
-136.771
271.567
-11.72
-8.39859
33.0909
-1.40633
18.3005
-0.0729174
-0.00495071
214.454
81.0965
-2.25386
-10.1422
9.97206
0.0319706
-7.05192
-20.4534
120.022
-24.6172
26.1868
-119.753
157.935
88.9972
121.115
2.80852
-0.187353
-9.67089
75.235
55.6045
-38.5988
210.804
282.051
4.52239
1.86455
-0.0729173
64.8226
9.33757
438.864
-241.089
-28.592
1.77214
-0.795348
-1.77214
168.852
-9.40537
-6.61848
289.683
-106.096
0.0227177
-294.116
168.337
95.2868
-117.261
-193.536
65.6108
-51.7601
-163.507
-111.869
170.031
83.5208
-4.19279
-59.6324
265.393
7.0797
-284.896
-222.334
-155.446
80.9172
338.845
0.62365
1.94129
-1.97308
209.093
1.97308
33.5804
-120.412
116.701
-0.298038
1.16502
-0.125193
0.915053
-1.7804
12.216
-179.212
166.436
9.69719
-9.69566
2.27735
-16.0354
-0.530638
0.530638
174.045
100.848
0.0511247
-148.391
56.9568
-0.525667
2.44843
-100.499
58.617
1.42253
1.89841
-0.725752
-1.89841
-383.618
159.85
-1.72901
36.2012
-31.092
9.74586
7.61351
6.88776
-1.85583
346.354
148.747
-293.292
-199.286
-80.5271
-186.521
189.475
4.10797
89.0315
-9.78954
-6.731
9.41877
156.506
-31.3761
-76.8924
-132.437
180.197
412.915
-251.525
120.005
157.911
-1.23712
-44.6858
-6.87896
-40.7789
-66.7607
0.444425
-0.444425
-1.5851
0.336278
-1.03043
-13.3521
3.58332
-7.21875
43.3453
70.8209
-3.37527
118.438
-0.635595
-317.607
-47.7038
-232.939
-11.1527
-1.58841
175.401
43.459
-4.06571
-107.619
84.495
41.0581
246.38
-2.37028
-89.9812
3.22495
59.7182
0.420987
347.719
-175.613
1.81386
-1.64248
-214.424
0.241284
-0.228931
-162.373
210.226
167.115
-210.704
-1.9637
2.32974
-50.3881
60.4821
0.554655
-9.05299
-3.44015
41.5685
238.142
69.4308
54.6191
122.83
-4.10797
51.6257
-229.902
3.48196
0.0177672
171.513
39.2913
-39.8177
-32.4253
94.0719
46.4691
-43.894
1.72901
238.343
-166.616
-52.2875
31.0361
136.053
0.915141
121.014
-37.6188
-0.0636153
0.912096
-0.0827159
-160.013
-13.3026
13.9246
-0.214135
-1.37096
0.104152
-82.3026
-0.252909
0.280716
-0.737419
-2.27735
-0.132898
20.5293
-82.3859
-0.635595
-2.41243
-0.0367875
-181.573
6.96141
-1.37515
15.6506
-334.956
15.1409
4.04005
41.1684
0.563522
-1.13522
-190.468
-7.60782
-372.02
-50.7965
-9.77667
-30.5647
87.1414
1.63654
244.326
-10.1568
-1.07194
6.21938
2.59778
-54.0133
-42.1443
-0.0511247
-0.0217925
-87.565
147.007
-3.89015
-124.41
-208.594
-313.065
-109.975
166.932
78.6946
55.4607
-22.927
-88.0327
-32.3795
-141.926
333.858
-265.111
321.213
139.233
-1.88597
-76.1871
-2.18218
-5.95847
0.0918223
0.0931107
-0.0852816
-0.081328
-0.0865748
-0.0809673
0.0216337
0.148292
-0.0607309
228.666
-149.971
74.7709
218.084
-111.667
-1.44312
-14.5692
-76.1909
-1.14897
52.6802
78.5911
-9.0903
73.1165
-55.6013
-176.859
8.11082
-8.32042
101.64
-69.9372
144.73
34.2051
11.0977
-10.8246
1.89381
-180.501
292.448
20.1813
289.047
75.1263
27.4945
-119.36
81.7468
-69.5308
30.0865
9.40924
-9.0375
9.3577
119.406
-0.89426
54.9323
7.94853
127.807
6.19391
0.408552
-1.79612
-1.67041
-343.084
2.74272
7.00314
0.940969
-91.3424
-0.152135
57.8308
-0.759706
34.9651
115.667
-91.9229
45.8068
78.8423
-4.40766
-2.4713
49.8349
24.745
-9.86286
-0.162143
78.3981
-71.0748
-23.4134
94.4883
86.3758
-178.771
-96.5213
94.2199
-255.934
97.1604
-70.9736
-1.04479
2.65517
-0.0454599
-93.5395
-11.1177
53.3042
7.03428
-1.52583
-0.954162
16.1621
8.08528
72.971
20.995
-99.1089
-6.6063
58.0195
20.3787
81.0686
38.7584
-7.07774
-4.77751
-248.212
-229.132
44.6931
28.3193
-27.9718
8.43185
6.70088
-9.17218
-57.5576
-27.1737
-99.1402
99.5838
)
;

boundaryField
{
    frontAndBack
    {
        type            empty;
        value           nonuniform 0();
    }
    bottom
    {
        type            calculated;
        value           uniform 0;
    }
    inlet
    {
        type            calculated;
        value           uniform -2000;
    }
    top
    {
        type            calculated;
        value           uniform 0;
    }
    outlet
    {
        type            calculated;
        value           nonuniform List<scalar> 
14
(
1999.98
1999.99
1999.96
1999.97
2000
1999.96
2000.02
2000.04
2000.03
2000.04
1999.95
2000.02
2000.05
2000
)
;
    }
    car
    {
        type            calculated;
        value           uniform 0;
    }
}


// ************************************************************************* //
