/*--------------------------------*- C++ -*----------------------------------*\
  =========                 |
  \\      /  F ield         | OpenFOAM: The Open Source CFD Toolbox
   \\    /   O peration     | Website:  https://openfoam.org
    \\  /    A nd           | Version:  7
     \\/     M anipulation  |
\*---------------------------------------------------------------------------*/
FoamFile
{
    version     2.0;
    format      ascii;
    class       surfaceScalarField;
    location    "37";
    object      phi;
}
// * * * * * * * * * * * * * * * * * * * * * * * * * * * * * * * * * * * * * //

dimensions      [0 3 -1 0 0 0 0];

internalField   nonuniform List<scalar> 
11265
(
135.511
-529.948
394.437
-768.945
10.952
757.993
433.105
-370.899
-62.2063
672.709
251.668
-924.377
1510.62
-1069.42
-441.196
1216.27
-1527.11
310.842
-18.791
465.127
-446.336
168.985
-841.521
672.535
962.017
-1610.77
648.753
-1770.65
1677.55
93.1035
-542.947
1759.22
-1141.44
1935.21
-793.768
606.771
181.28
-788.051
-25.9829
-1318.96
1344.94
222.507
-1993.16
1022.69
-383.804
-638.889
-216.545
352.056
484.208
190.615
-674.824
1154.71
-1314.32
159.611
-311.437
374.126
-62.6884
1005.4
-1323.7
318.301
1221.63
799.735
-2021.36
74.9716
-1646.27
1571.3
-503.244
-1153.85
1657.09
474.842
181.968
-656.81
-180.68
-349.269
497.811
1012.81
1653.88
-1813.69
159.812
-99.211
-1688
1787.21
-1559.56
654.469
905.094
-309.148
652.883
-343.735
-189.928
-117.092
307.02
1289.59
-1214.62
355.283
-1407.31
1052.03
-1754.28
1754.28
101.535
1539.32
-1640.85
-1081.67
-477.893
656.617
-675.408
-386.17
941.779
-555.61
1331.81
-1317.21
-14.6021
-1100.28
714.111
624.7
397.993
-389.863
-31.6508
421.513
-485.032
779.405
-294.372
-1618.4
1618.4
1253.55
-1437.86
184.308
-488.941
1710.57
1254.16
-312.377
1660.72
-1161.22
-499.5
72.644
-384.081
2066.54
-1136.02
-930.52
1820.94
-167.057
453.451
156.083
-609.534
-465.249
973.462
-508.213
-1176.44
1277.97
-567.402
970.138
-402.736
398.85
755.859
660.896
-491.911
-437.684
592.4
-154.716
1190.61
-835.328
2308.22
-1080.68
-1227.53
1164.23
-2010.31
846.078
-1608.86
1582.87
440.588
-1582.03
-758.897
1250.48
-491.588
-671.628
362.48
1661.44
-699.423
-1106.93
-870.899
1977.83
734.253
-378.481
-355.773
690.187
563.97
-258.214
1511.77
109.183
-315.082
205.898
-284.743
759.585
-333.934
562.872
-228.938
-324.435
808.643
-318.567
-145.565
464.132
314.621
118.485
1467.53
-462.128
-998.932
479.958
518.974
273.408
92.4443
-365.853
948.165
-341.394
-1707.14
619.912
1087.23
14.5243
-863.618
849.093
-278.609
593.007
-314.398
157.871
-1093.89
936.023
1051.04
-1066.64
15.6023
373.08
517.784
-890.864
-245.308
698.759
-1103.28
-482.437
1585.72
-677.421
950.195
-272.774
1352.06
-1451.27
-634.866
237.192
397.674
-470.203
-1011.51
1481.71
-537.442
-795.396
1332.84
575.654
-995.683
420.029
-263.886
-315.681
579.567
403.884
-294.701
-1040.13
574.884
955.512
-797.641
-110.374
943.795
-833.42
-206.967
414.974
-208.007
-651.471
-347.461
-386.732
962.386
1856.36
-1856.36
-513.277
-121.59
-950.426
1577.81
-627.38
451.542
-886.015
434.473
-922.882
355.479
-941.905
-1058.08
-1493.55
340.401
1153.15
-267.495
940.204
-319.054
613.466
-294.411
-1941.9
999.994
-1146.56
-346.99
571.023
-1521.45
1728.52
-1725.84
-2.68192
186.695
-586.944
400.249
-1475.23
980.835
494.399
282.939
216.418
-499.357
307.933
-641.867
239.005
-414.173
175.167
2019.25
-868.883
-1150.37
-538.212
148.349
615.174
838.332
-1453.51
-183.547
422.553
431.543
876.359
-1307.9
-905.598
390.963
514.636
-1048.72
1447.57
-1068.48
309.587
749.382
-96.4992
546.923
-339.54
-207.383
1022.29
-542.33
593.406
-1403.75
810.339
-1342.17
238.89
-544.132
265.523
-1205.41
937.919
1943.43
-990.399
-953.034
276.8
1579.56
-2097.31
896.993
1200.32
361.116
-31.9795
-329.136
-223.373
480.498
-257.125
-104.882
-381.369
486.251
-463.687
145.121
339.499
-132.688
584.23
420.988
377.893
-798.881
-2045.23
1129.19
916.044
461.1
-529.172
68.0725
220.063
-361.173
141.11
995.929
1023.32
1793.18
-253.866
721.846
-484.654
796.058
-1389.31
593.254
349.785
384.468
1062
-1047.47
-479.972
-275.198
755.17
474.1
-133.281
-340.819
796.27
-614.99
533.279
-734.754
201.475
503.331
1157.39
-1240.05
702.607
1030.96
-1534.21
-3.12236
-1439.43
1442.55
326.594
823.53
-1150.12
622.522
269.93
-892.451
-2271.42
1158.71
1112.71
-1102.13
-1169.29
161.155
372.124
958.88
-632.285
878.543
-898.314
19.7711
-2099.39
992.458
-222.583
-188.257
410.84
-41.92
1770.44
-830.116
61.1718
-1030.17
-1067.14
-228.719
448.782
-673.788
160.511
-286.712
-455.136
741.848
1103.98
-1574.18
782.747
-1374.32
591.569
708.975
-457.307
1947.84
-1444.51
-378.283
-1375.99
50.7976
414.33
-524.769
535.721
19.5332
-571.983
552.45
568.185
-285.246
-602.085
277.709
324.376
780.241
-359.253
34.1853
326.93
1188.47
-1191.59
172.833
231.051
428.25
-714.962
618.942
-1005.67
-2026.75
2026.75
-280.973
-462.505
743.478
698.962
405.854
-1104.82
579.529
169.853
406.68
373.56
-2199.76
1328.86
-926.134
-679.758
1605.89
-476.511
-728.903
-269.429
588.473
-319.043
847.525
-236.769
-610.756
-448.796
635.491
359.779
-678.834
-366.71
-106.982
473.692
-1337.14
-476.548
662.246
-1138.76
-374.141
-1244.26
844.347
1463.87
305.892
-908.066
602.175
966.139
-341.439
1391.29
-797.883
442.09
-269.257
-326.069
-891.062
600.763
290.3
-367.553
-523.51
309.543
-414.425
-175.791
-161.135
336.925
-392.794
1091.76
434.346
-243.731
-390.514
1359.59
-167.646
-1191.94
-459.991
275.939
184.052
230.814
297.567
-528.381
-16.4738
-718.28
592.152
-1729.05
1136.9
1483.99
-868.817
-1052.52
-422.713
-1056.45
573.986
482.459
1395.67
-414.834
928.864
-1411.3
-180.235
-170.265
350.501
-468.441
579.309
-1628.03
427.896
903.918
303.186
340.006
-643.192
568.047
1186.23
1103.14
-712.225
-390.91
401.366
-214.356
-187.01
-1419.44
446.081
737.362
-1183.44
1473.28
-544.42
-503.611
962.861
-459.249
426.156
1186.15
-1612.3
47.3978
-724.818
-147.243
420.652
186.365
-376.293
552.37
469.919
-577.705
29.0163
548.688
1024.52
-1307.65
283.131
664.494
-257.813
468.349
-1447.22
978.875
381.419
1687.82
-523.594
885.835
1057.6
-659.851
-1684.74
758.602
558.383
406.179
-964.562
456.039
78.9307
1750.09
-1829.02
1443.67
-379.49
-1064.18
1699.19
-1741.11
-366.258
-523.887
716.596
-192.709
-502.591
180.424
293.675
-373.162
-1225.95
214.442
-764.677
-639.068
-613.515
993.048
-379.532
-652.147
642.05
10.0974
654.89
-923.509
268.619
-691.412
340.367
351.045
-647.814
-725.982
352.798
373.184
-932.2
1400.55
-420.153
888.23
-468.077
-2205.31
5.55693
176.343
-533.402
357.058
140.231
1219.35
-63.8661
-609.922
156.856
-594.539
1487.06
-704.314
377.326
-461.257
83.9305
-563.182
563.182
1222.99
395.412
1778.12
-1228.31
589.681
638.626
848.132
-51.8614
1292.12
774.424
-540.63
1336.69
294.152
298.855
268.089
-791.976
208.121
-693.153
228.911
-441.533
212.623
-272.375
602.46
-330.084
103.093
-375.468
-591.512
-564.65
1156.16
-418.369
542.443
-124.074
-1192.15
2032.04
-839.885
1288.92
-330.044
-399.63
135.744
-1983.7
829.851
1551
-858.257
-692.747
1987
-877.462
-1109.54
714.027
574.897
-240.243
469.154
-686.234
1172.7
-486.469
-769.592
1201.14
551.799
924.59
-1725.49
800.896
-592.598
-49.4879
642.086
270.933
275.99
415.61
-76.5936
-339.017
896.525
-83.5278
-812.997
921.038
-577.458
-343.58
1576.17
-472.189
892.04
-1628.24
736.202
1068.46
879.384
747.81
-440.179
-307.631
-1058.91
-258.301
566.726
575.027
-1141.75
-525.314
504.763
20.5503
575.158
-341.519
-233.639
-985.07
564.917
594.519
889.472
-441.791
1096.68
1418.7
-785.881
-632.819
392.913
-923.357
530.444
-1043.92
392.452
573.525
-1077.14
416.765
-511.397
94.6312
449.963
329.442
-514.438
-48.7447
-793.998
-880.092
1674.09
190.547
210.819
-245.071
406.226
6.87969
-578.626
571.746
500.874
866.944
-1367.82
-487.695
311.904
985.417
-88.8928
835.796
-1064.54
228.74
427.474
845.586
-1386.22
-452.82
830.713
1980.18
-1286.33
-693.854
269.742
608.801
255.661
795.375
95.518
-985.565
890.047
1673.73
-1088.98
-584.745
-137.949
1888.04
-1866.1
-160.65
482.889
-621.052
138.163
-1012.79
527.294
485.497
-1730.47
538.317
-955.617
845.243
392.259
200.141
572.887
-266.996
-418.344
709.181
256.958
33.021
726.216
-759.237
-1131.12
-897.87
2028.99
-558.798
1121.82
-563.02
-482.235
-329.929
107.346
-1656.29
862.289
-838.456
-629.136
1467.59
-330.334
-294.766
625.1
350.972
-677.248
326.276
246.336
-605.589
314.948
196.036
-510.984
375.674
-645.103
649.326
-298.354
314.774
-460.339
687.387
450.623
-219.809
-430.948
-295.034
1225.47
-0.509994
-1224.96
1039.14
-420.199
559.337
410.802
-1782.33
869.814
912.515
487.683
554.626
-1042.31
-533.658
203.324
-263.824
1181.51
-917.686
-1590.84
1212.56
504.634
-1096.15
384.227
-6.90136
466.187
301.824
-768.011
370.415
-615.723
-34.9562
757.706
-722.75
-525.344
795.274
396.269
321.539
526.593
652.179
114.164
-457.959
343.795
1058.43
-644.83
-413.599
494.036
-1664.27
1170.24
-1140.34
1753.23
-612.884
1715.86
-1123.71
-334.292
612.001
-1189.07
1284.58
424.851
-797.035
1609.36
-812.326
-253.884
-206.107
-912.177
1471.35
1814.56
-610.826
-1203.73
-405.098
693.221
-1306.74
-124.689
-78.3235
493.934
-693.168
-354.18
-1236.66
-217.323
463.659
902.918
-557.327
175.958
-1674.76
-71.2647
1746.02
-1083.59
524.793
566.426
-1183.71
617.284
900.955
913.601
630.575
619.909
710.642
252.219
-1164.12
477.888
-395.206
414.739
617.956
-514.28
240.959
-729.597
488.638
739.373
-389.588
-298.541
181.449
-595.965
254.035
341.929
-886.631
-741.611
1087.67
-2145.75
397.536
-682.279
-342.846
-723.793
833.408
585.293
-338.978
307.327
420.853
259.651
619.148
-878.799
539.96
632.743
-515.566
148.856
372.591
-653.563
-1046.97
-849.632
1896.6
-1803.44
157.166
1106.85
-1370.68
1180.64
-711.426
-469.216
-504.146
1349.73
-1495.47
627.91
867.565
-285.575
-209.778
495.353
1428.42
558.583
341.07
-448.051
-481.431
-570.532
1051.96
-420.566
596.91
1582.87
-1130.28
-452.592
-817.023
354.518
654.641
403.788
-1623.42
416.178
1207.24
-185.507
500.455
797.668
785.203
176.87
-693.022
516.152
204.092
210.882
-286.979
-109.541
396.519
489.582
50.3243
-539.907
-1652.62
600.101
-1613.33
1682.54
-69.2133
13.3121
-1626.64
1069.53
799.481
-333.293
-835.087
-208.837
-1134.57
-239.748
-312.049
682.464
-1812.7
-634.149
1209.18
216.604
756.858
-1331.59
-678.713
-465.813
668.693
-365.507
-1013.27
1350.79
-1932.95
582.162
646.886
1288.33
483.151
-2.6535
716.171
710.386
-1426.56
-637.14
332.962
304.177
437.902
-100.342
-337.56
144.613
292.381
153.079
-445.459
-592.282
1150.67
451.739
-649.388
-460.724
-401.875
862.599
-321.364
141.129
-455.769
161.069
-303.237
-709.555
544.62
-106.718
-573.959
966.872
575.724
-268.565
-307.159
454.219
-778.654
-645.688
456.842
-1129.39
-844.781
1185.18
-569.77
440.752
314.418
-494.617
116.136
1028.01
-315
591.053
-276.053
-509.04
1578.57
-711.213
275.683
363.52
-639.203
206.882
542.797
-30.039
-512.758
-257.108
-198.661
1009.6
1108.88
564.848
-883.295
942.1
-58.8056
-453.679
168.104
-778.652
323.517
-594.178
372.257
367.116
846.797
-1262.95
416.149
776.515
-811.471
-948.884
-550.389
1499.27
-179.313
519.319
-542.384
202.844
1313.13
785.65
-608.78
1343.61
-681.361
487.441
-652.526
-401.564
-422.134
-378.563
800.697
501.48
-842.875
-495.618
84.5419
411.076
-318.958
572.459
727.543
-330.007
-240.107
-175.056
415.163
-487.235
138.493
348.742
1460.27
82.2571
-1542.53
-753.826
1348.35
-1144.77
-466
565.844
-202.324
1151.84
-375.324
1083.45
492.715
693.139
-425.049
-884.886
-522.426
-1328.37
-23.1075
985.16
-962.053
610.503
359.795
-970.298
-328.497
-209.715
-685.259
405.533
1621.21
-206.52
374.183
341.701
-715.885
-1839.77
-2106.69
1519.15
587.547
-2037.46
349.465
390.312
544.365
-934.677
-460.415
1019.75
-420.29
-679.998
1100.29
-2030.55
1391.21
639.337
606.718
-1027.01
14.074
402.691
386.509
193.851
248.239
363.485
997.03
904.16
678.329
-323.864
-354.465
-291.647
619.571
-327.924
571.592
531.543
564.862
514.701
-1079.56
-796.131
-699.344
751.582
400.257
-410.363
736.639
-1193.4
1609.57
443.438
-1123.44
-332.952
528.988
-1388.68
904.178
484.498
-720.684
-349.648
-767.451
324.147
443.305
447.228
717.847
-1165.07
1072.67
-584.989
-413.304
653.396
-240.092
252.44
323.284
-467.094
-432.245
899.339
-231.406
576.441
-961.279
384.838
-458.678
600.598
-1681.28
423.891
670.538
-1094.43
515.655
97.8104
113.411
-2212.8
562.348
-121.595
1444.55
1777.09
-217.55
-1559.55
-438.499
1789.29
-1987.14
1194.54
792.602
400.291
347.519
-43.8239
877.232
-1283.02
718.374
-868.969
-822.062
798.955
301.269
61.0004
-362.27
225.941
180.233
-406.174
1558.58
-842.412
-1530.93
-325.432
469.608
-214.663
-254.945
393.235
366.35
258.618
410.075
-10.2626
1002.64
-992.376
419.275
291.282
-710.557
-734.128
1817.38
-1083.25
-342.8
736.035
-1225.35
-415.5
-914.629
482.384
614.31
-816.845
202.535
760.223
-378.883
-381.34
-440.948
-442.347
452.198
1113.49
1239.11
-672.688
799.962
-345.743
402.979
340.499
-244.036
-217.22
-243.346
624.765
408.136
-846.565
438.429
256.589
358.566
-615.154
-421.399
829.535
754.28
-1147.07
905.59
-58.793
-485.507
275.657
786.341
-96.2722
1384.6
1890.51
-61.0532
336.992
-343.175
457.338
-1087.3
1077.04
677.893
376.461
383.762
77.6204
391.988
253.471
504.521
-373.211
-263.929
-562.513
-89.634
-359.362
363.968
-4.60626
-257.77
-286.362
1010.89
-1540.7
529.808
-170.984
-199.915
-422.46
713.742
-1641.82
1590.98
-963.071
297.048
-698.613
584.326
1224.41
-1808.74
607.429
983.553
319.388
-1122.17
703.821
-313.838
-329.355
1385.29
-1450.34
833.248
617.087
440.984
-623.071
182.087
-368.046
464.085
-96.0391
414.377
75.205
1724.33
456.313
-252.22
557.65
-1704.79
1147.14
-96.5098
407.789
343.095
335.234
-448.66
-615.055
1063.71
411.602
-864.422
-640.644
902.581
570.703
-469.487
-221.925
-437.374
-409.191
-307.482
-827.086
1821.1
-1821.1
-101.332
-1600.47
1701.8
294.521
280.637
-917.037
-555.502
1472.54
-408.205
973.067
-612.516
-1040.11
712.898
390.011
-1102.91
474.176
-159.402
573.07
1220.34
-1793.41
-1040.02
2114.15
-1074.13
-376.697
-294.931
-503.052
857.571
-1756.67
1604.82
151.858
1756.67
-1610.68
-145.996
-243.342
521.914
-278.572
-537.3
1620.75
1573.74
-1989.24
1105.35
-343.168
-236.089
579.257
225.029
-557.981
-731.742
321.379
1342.61
637.568
583.388
480.96
-1064.35
271.4
421.739
875.306
500.11
-1375.42
536.854
-1018.29
1574.95
-564.06
-785.059
-373.591
-160.172
533.763
-490.195
1208.04
-739.949
331.548
367.211
369.141
240.255
-609.396
594.17
831.746
-603.007
253.953
688.148
-469.487
-379.345
-210.25
589.594
1168.48
-693.58
608.29
467.397
-1075.69
-1287.82
1287.82
-384.743
761.204
-280.115
-479.761
759.876
494.954
439.803
-934.757
392.249
-672.364
607.522
-869.047
261.525
-367.488
-491.579
1074.97
-660.222
-712.017
1372.24
-367.608
944.048
-1552.74
675.281
-14.954
-368.236
383.19
-560.553
721.065
290.266
312.194
167.395
306.781
-572.914
259.076
1870.1
-1966.37
248.26
-697.056
453.665
-820.953
367.287
-906.436
1433.92
-527.486
-430.087
-484.542
600.811
1124.18
-1724.99
-714.472
337.775
-462.301
1033.89
-793.952
1047.9
-376.344
-625.939
-520.33
728.45
538.92
-356.953
906.556
-305.491
-181.744
1599.03
-1816.58
-336.174
-625.105
-337.313
475.806
282.307
-647.814
-154.981
1072.03
-796.372
200.491
-328.051
-267.49
595.541
386.276
-881.157
494.881
-483.586
-457.18
-908.066
-366.198
552.437
-186.238
-439.391
-432.197
-333.211
-177.773
-395.532
635.787
-465.709
806.208
-1072.24
623.576
-1406.29
567.83
-28.5048
-1838.17
1866.67
570.025
-450.192
1234.62
-709.83
284.192
-284.192
672.616
-444.485
1040.76
-1653.27
-1158.74
-947.957
290.457
329.114
894.399
714.963
-513.518
-286.849
800.367
1659.96
-1688.46
-433.799
342.716
225.469
1134.87
-526.579
-943.337
1550.49
-607.149
442.468
-248.617
375.241
423.147
-798.387
538.29
466.231
-1004.52
-331.538
663.086
-38.0237
1908.12
1611.78
992.588
-1696.9
726.782
-1176.84
450.059
-492.493
1367.8
837.045
-1341.19
-597.846
254.677
802.981
-396.801
548.951
-1190.18
641.231
-635.913
-1215.53
-695.681
1911.21
-177.591
532.478
-354.887
-121.531
303.372
-480.963
331.464
366.556
-698.02
-1487.65
756.116
731.535
884.019
-1434.41
823.505
-432.542
214.104
-361.348
-626.934
247.589
-677.436
-711.241
697.894
506.91
-1204.8
389.067
-204.562
-184.505
554.997
-957.733
-578.287
-451.538
775.055
-831.327
-1155.82
-1437.96
499.7
938.256
23.7007
-667.638
318.677
348.961
-1320.08
1046.86
273.218
-615.894
-456.342
-665.681
921.342
399.074
-198.556
-200.519
508.326
980.526
-1488.85
978.093
-561.231
166.012
395.219
-441.604
667.6
-419.34
-503.638
166.325
234.211
-1520.54
525.39
547.281
-777.551
216.997
147.932
-453.424
361.816
-818.996
1954.16
-1195.39
-758.774
456.742
-688.02
231.278
322.442
326.32
114.966
-441.286
-576.078
191.697
264.616
-691.777
1374.26
-682.482
424.086
487.036
-1207.72
264.144
1866.77
-1013.59
-853.183
784.443
-513.514
147.316
1402.34
-975.141
-427.194
325.954
-770.439
-616.556
1725.43
608.801
630.314
319.359
-18.09
254.296
-1138.38
1725.72
-587.339
-1763.54
820.201
1766.73
-1695.9
-70.8329
-656.228
261.023
609.387
-722.346
202.017
1402.64
-565.59
383.321
447.392
-1858.68
1420.18
532.609
-465.227
-67.3825
194.055
-527.266
-328.634
-153.601
-350.926
694.021
-625.8
252.209
616.362
547.184
-1163.55
1113.55
-1947.58
834.023
137.681
336.011
-1699.72
1661.7
306.335
-731.385
-166.877
380.981
760.251
678.201
-1438.45
1084.37
-1084.88
521.961
-1106.95
-628.165
250.722
377.444
524.165
-270.13
-625.496
-1027.78
285.117
-717.314
-912.322
164.432
161.33
227.737
396.122
282.054
-678.176
-634.759
-834.2
-978.504
485.639
-1061.72
-290.74
474.792
532.159
653.023
-278.314
-121.316
-442.648
762.036
257.864
-1201.01
566.25
1311.92
-551.669
436.632
-1014.92
-385.032
114.225
418.384
1023.24
551.71
-1721.53
1620.19
1646.74
-590.012
-1056.73
1905.18
-1894.17
-11.0182
241.226
-584.401
-347.387
547.878
-774.871
-322.946
-333.282
1021.24
704.984
-1517.37
812.385
303.617
-26.1858
1625.21
-1106.23
412.651
-1266.13
481.074
-61.1704
1521.44
1197.2
-470.417
-487.326
-73.9047
-236.411
736.052
-1951.58
-708.89
353.081
-530.542
177.461
190.864
-505.863
1139.93
671.591
-1811.52
-600.518
135.291
941.812
-1497.31
-210.522
678.82
-468.298
873.878
1126.12
-742.073
1350.87
654.162
-548.863
-105.298
-342.08
1175.33
1050.81
-1979.96
929.151
-1174.69
540.545
1488.75
-586.168
-397.107
-118.459
-1243.53
570.838
1167.89
-80.6605
946.174
775.807
-1721.98
-204.245
578.678
-1541.73
963.056
487.013
916.517
-1403.53
625.265
583.911
395.399
-1106.62
590.189
1109.33
1215.49
-452.217
-763.271
-1186.2
-1754.94
-5.00151
-1716.52
-174.967
-448.104
1609.57
-631.979
-977.591
-490.837
1121.41
-1319.83
634.554
685.279
-1363.51
1445.77
-1332.45
590.374
1520.49
-404.645
-555.851
158.744
-1496.45
218.378
176.383
213.378
440.784
459.851
401.326
-861.177
506.404
-938.898
900.401
-1444.82
-703.188
211.969
491.219
-1046.21
453.926
-479.868
863.189
694.624
24.8653
-509.984
155.097
-886.567
-1318.75
-713.832
348.028
365.803
400.822
-722.229
321.407
-476.685
-189.372
-708.942
722.939
1539.9
-593.729
821.364
737.219
1344.7
-844.586
-971.084
-570.65
-795.523
428.375
367.147
-1036.09
-640.737
302.189
338.549
-1433.69
-296.779
-789.346
396.576
392.771
-649.492
421.2
228.292
-673.416
254.076
412.81
486.529
389.886
439.649
478.054
384.545
595.954
-969.116
688.354
462.312
452.73
356.25
-808.98
1630.74
-1079.85
-550.89
-504.727
-290.242
-1029.83
452.988
347.709
409.72
593.403
-1003.12
-1382.81
750.834
-530.163
1147.45
347.232
-54.8514
412.382
-864.424
452.042
-1899.98
299.508
440.342
-725.121
284.779
-188.205
402.577
-214.372
-660.379
304.047
356.331
-672.521
318.056
370.858
390.346
612.25
-1020.45
752.398
663.371
-1415.77
438.835
624.88
338.612
392.415
-731.027
407.796
328.239
613.819
695.989
417.497
610.829
-1031.77
420.942
-1679.46
1175.84
503.616
1696.57
-539.18
619.683
-1147.1
527.415
-641.351
346.585
437.519
-934.337
496.818
784.892
-483.068
350.934
343.087
587.894
-924.068
652.564
-1252.8
600.234
401.107
734.287
-1224.48
769.079
509.809
-1278.89
494.775
397.914
-892.689
-501.739
-936.217
-297.905
629.369
352.554
541.193
-893.747
331.345
331.741
-502.188
1944.74
436.386
-846.349
409.962
-917.695
-807.791
-747.219
365.879
-1225.97
432.021
-1740.04
1610.68
129.362
1749.63
-1604.82
-144.815
-783.116
-590.807
263.723
327.084
-1766.73
1989.24
538.823
791.066
-1329.89
440.144
716.017
690.009
385.626
-1075.64
-41.2354
1617.14
-593.904
381.598
853.026
-647.646
325.069
322.577
-378.598
-296.955
549.395
-217.864
434.283
279.038
-663.876
384.837
262.566
-576.964
-280.887
442.69
-1032.95
590.259
538.06
1092.68
366.017
596.369
310.428
351.445
-661.873
1636.02
-931.035
1692.26
-1520.94
-171.315
-328.241
-822.112
412.92
857.356
-1067.88
-605.129
277.205
-1090.56
1628.62
-1597.03
-75.1619
1672.2
-341.406
-350.28
-370.332
538.687
596.182
-502.203
-26.9696
-549.763
504.29
-283.538
-220.752
1759.48
-1307.28
-623.234
297.364
325.87
398.964
357.309
734.447
-294.121
-399.191
-1749.63
1688.46
459.694
-1100.55
640.86
-42.0256
1662.22
571.001
476.349
-1047.35
103.727
1144.58
-1452.06
-10.0806
-1889.89
225.718
-596.919
307.066
289.853
-955.006
612.16
-897.372
467.285
-1128.24
672.972
455.265
391.861
255.78
-769.299
-331.688
1216.53
886.441
699.278
-1182.78
456.161
726.618
494.537
700.32
-1194.86
-388.738
-248.006
409.336
-959.971
438.783
521.188
21.2322
-1879.91
1079.97
-472.449
-502.605
558.521
-1378.13
819.613
-430.234
797.521
-405.584
501.977
-712.179
1721.78
409.439
-181.702
214.586
-167.59
-246.169
413.758
1895.33
-504.123
-1701.51
1051.09
-599.423
302.468
-1013.16
552.748
-312.82
544.386
905.121
-1449.51
-1103.38
437.696
-20.9718
-1945.4
1713.69
-662.878
-539.897
460.823
-1190.29
729.464
192.796
206.278
-280.435
772.03
699.319
837.275
817.306
-461.056
1084.57
-500.207
476.126
-191.178
-284.949
-1924.05
-713.546
-317.881
-641.987
-6.52295
648.51
464.274
-272.578
567.331
1068.69
-809.451
924.048
1244.1
-425.536
-161.226
-253.498
414.725
959.977
-888.403
-316.167
-1067.43
611.083
1560.81
-804.694
537.767
934.772
-395.863
734.764
-338.902
1130.15
-275.001
383.233
1349.59
-706.152
-217.205
448.332
-1198.46
750.129
-975.386
-154.146
1129.53
440.762
-955.065
514.303
149.824
732.333
483.155
743.337
-124.189
852.03
-425.995
1182.24
-796.61
552.321
-1465.43
913.11
-1216.65
1800.97
-431.709
-1510.19
879.482
-1401.91
-316.318
-451.694
1457.14
-1525.54
783.926
1491.45
199.649
276.477
-355.706
-1740.04
-282.712
-1018.54
1585.87
-1775.91
1775.91
1573.74
-1004.43
-632.884
-338.458
368.382
604.684
-420.048
-364.217
-1389.76
897.265
1125.11
600.612
1202.55
1789.49
-1216.42
-617.098
273.097
1659.12
-1916.64
257.521
815.205
-1267.8
1545.2
-561.652
787.322
334.496
-355.127
555.205
794.527
656.136
1372.85
-267.235
-445.33
-363.926
495.7
-339.617
471.912
736.13
-297.873
-143.412
-334.947
567.067
-232.12
29.8872
-371.406
1107.39
-1720.28
-463.318
-493.042
-566.352
863.527
697.282
-1596.41
904.638
-451.953
-627.51
-514.572
1251.93
354.67
1723.78
-1702.55
-1659.96
1894.17
-1560.73
840.194
720.535
-399.289
-1797.95
917.856
583.607
819.028
-386.381
1794.43
-680.874
-458.874
701.583
434.425
-1136.01
-1100.69
444.181
753.018
-1617.15
473.241
901.018
174.073
-399.332
225.258
-1604.7
-388.461
-471.023
990.233
-677.277
1442.89
-980.014
1853.89
241.85
-547.151
494.876
-295.227
474.332
893.466
543.249
977.241
-463.153
-427.923
574.156
882.988
-1392.7
-40.9916
1577.82
-840.597
519.964
971.484
-1475.81
-1115.9
1779.78
-1241.66
-538.114
1206.09
-319.182
-886.905
-189.411
452.116
-262.705
-457.361
-250.566
428.737
-178.17
143.435
-391.441
1737.93
-1742.93
-464.104
-530.869
-903.539
441.632
-203.879
-237.753
633.005
-491.069
-400.647
-322.121
722.767
-952.842
429.332
-1167.13
676.288
415.923
-641.585
-434.694
1581.63
-866.67
530.194
-458.166
-570.162
-462.787
361.667
-351.193
-10.4745
-1120.73
410.9
-664.899
-1033.58
1698.48
-609.577
-1424.21
712.192
562.272
-1596.26
1033.98
-408.536
-477.008
154.015
556.626
-1258.4
743.83
539.25
1005.96
-2133.17
999.984
1133.19
-362.834
409.686
-384.483
-25.2023
1478.02
-375.236
449.59
1185.38
582.444
906.306
567.025
527.775
-1094.8
163.168
-446.268
-1695.9
246.783
1127.53
-621.311
518.582
1013.65
-1532.24
1092.82
-1643.71
195.923
709.668
552.999
-869.166
-1086.4
-169.656
425.758
-256.101
-586.624
-435.26
-636.763
-626.054
345.619
-1619.27
939.512
-476.978
215.329
-397.032
532.95
-307.232
-617.005
1197.09
-1302.21
939.285
362.922
-1019.99
-372.303
-761.609
-828.631
1692.16
-477.166
1794.72
-1586.07
-208.644
-1556.61
1018.67
537.933
-729.46
-257.345
439.384
-182.039
-599.406
384.049
271.952
-656.001
-524.162
995.667
628.596
-351.391
-1620.25
1050.48
571.795
1103.51
-1675.3
-420.311
-289.389
-370.989
-748.258
-501.171
-331.014
498.409
1557.99
-995.718
-774.685
1497.46
658.83
-316.114
725.883
1152.35
-1878.24
286.312
313.096
-487.378
-1933.39
1720.69
212.695
737.08
-474.886
-262.193
531.854
1060.79
-1592.64
361.667
-1726.61
-233.213
1752.36
-1580.67
1073.75
506.923
-1729.45
2.84208
-521.885
409.686
1699.72
-1720.69
939.496
624.934
-1564.43
378.705
-217.866
-160.839
-425.256
-248.16
65.2682
94.6938
-352.039
-427.646
-441.4
-405.398
217.193
1510.2
379.001
-192.939
-456.553
459.91
-195.294
332.407
1510.73
988.547
-175.413
-813.134
-1104.07
1704.88
-1728.87
1063.97
-707.337
-1021.53
-1265.08
1844.99
-579.91
1155.06
-1771.21
616.148
269.728
-877.907
1675.83
43.4276
-1719.26
-491.18
-1083
-1737.93
-981.456
553.533
1019.55
590.257
1133
-1723.26
269.858
-472.182
702.474
-384.417
396.779
924.61
681.281
-374.755
-657.016
582.921
1072.51
-1655.43
-403.468
-365.835
769.302
403.43
-1661.7
1520.94
140.757
581.475
-1043.78
544.756
1083.87
-1555.64
993.992
-235.907
224.422
323.456
1905.18
433.978
-62.7787
995.852
722.751
-1718.6
-697.015
1085.3
-1557.49
163.192
-570.654
195.286
264.625
-671.253
-554.72
582.601
1034.54
-710.964
-260.961
-1368.49
674.709
693.776
-411.886
739.955
103.125
-843.079
562.002
-137.178
1557.36
-212.602
271.561
-774.703
-1933.39
1664.61
1020.52
340.367
296.651
488.241
-929.941
-994.106
-1767.26
634.77
1693.76
506.011
-474.504
1210.63
1087.09
-424.948
1029.63
-977.744
490.571
487.174
700.522
1047.92
-1748.44
482.357
484.515
-1493.94
-746.097
33.8717
779.056
-413.177
-884.364
381.758
-539.45
-801.742
602.175
-577.706
1397.32
1055.16
192.278
233.48
-550.651
1618.5
-773.995
1526.39
-1727.83
575.281
1152.55
541.174
-882.613
-1732.97
1916.64
-183.674
1721.74
179.538
-544.955
364.678
-269.984
-481.539
1211
568.273
1128.3
-491.216
426.688
857.11
-459.117
-771.419
429.122
342.298
1419.18
1089.57
-518.28
1422.92
-510.558
-533.2
1043.76
-602.789
514.034
-1225.46
1692.26
1839.57
-687.217
1585.88
-646.383
-1241.05
716.885
-562.7
199.788
-388.044
451.396
-240.514
-518.95
-1246.7
1870.95
-624.243
1173.37
-553.684
1120.26
-1659.44
1700.66
-573.967
-546.864
-549.835
1720.07
-316.725
-688.079
-473.376
1223.51
-1687.34
-1860.11
613.406
344.886
-955.642
166.031
211.338
-1719.02
1204.14
514.885
1162.85
558.89
-512.415
-465.42
1192.04
180.038
222.539
588.447
1251.13
-539.182
-1238.58
1777.76
-1025.32
999.988
866.785
-204.084
-1659.12
1702.55
-510.139
1411.16
-1732.97
-335.98
-10.3471
346.327
-259.403
583.883
-324.48
112.294
488.469
780.479
-379.657
1257.52
1270.72
-413.367
851.15
-438.23
1817.51
-662.445
1586.6
-1723.78
-412.81
-771.87
338.802
433.069
-560.509
-563.456
79.7412
-1138.65
-985.343
-670.071
1655.41
-943.702
-1189.47
209.403
-445.492
-647.793
705.703
1167.44
650.065
1410.3
-591.273
1636.73
1318.04
-574.214
-490.108
194.882
-503.307
1396.77
1240.05
-565.343
-999.984
891.966
57.0515
-949.018
603.426
-506.176
1403.44
1495.06
-588.756
-362.415
362.415
-589.514
1623.5
1239.34
-486.317
1134.14
-62.7827
1849.99
-389.412
1489.47
-589.071
-507.692
1347.89
-651.431
1218.58
-567.154
1554.81
-591.754
760.742
572.094
-1332.84
-671.805
263.819
521.831
600.536
-1957.29
-999.861
1586.6
365.772
-365.772
-65.1032
386.11
437.395
358.776
55.601
-313.128
934.82
-533.712
-427.028
813.138
-241.381
618.825
-423.99
1553.18
-444.346
-884.028
184.002
225.583
-409.586
601.172
1250.77
-1851.94
926.285
-459
-351.193
126.149
-1943.03
1816.89
-448.807
179.55
1181.13
-440.485
-740.645
-296.316
-588.048
-494.213
-384.483
-478.008
257.256
1158.13
-561.953
230.71
-378.041
147.331
-22.8161
-107.682
1375.99
-1268.31
34.6047
-597.118
-586.453
-449.67
449.67
-1262.35
1985.1
-1344.34
-204.542
-1823.88
237.813
-1025.75
-974.244
-183.328
-1638.67
708.732
1229.32
-1925
366.534
314.182
-680.716
-1850.02
1234.27
615.749
-560.443
560.443
-959.045
-39.984
-1866.1
-558.164
1650.85
-676.532
1636.18
-601.641
-184.339
-1705.56
-582.787
-475.219
-594.835
-464.098
464.098
-1537.81
194.529
1343.28
170.468
224.582
-395.05
506.846
481.7
996.457
-475.269
1751.29
768.365
-420.267
395.065
521.936
1702.06
-594.669
-552.978
1636.84
468.382
1812.79
-645.345
-1804.23
-1938.07
-647.033
-476.728
476.728
-577.923
213.997
-708.08
1018.94
-466.187
-1074.1
-287.738
1579.56
1852.3
1635.36
-1635.36
-286.833
739.22
1761.51
595.796
1275.15
170.893
207.812
600.368
592.241
1603.5
-1603.5
220.13
-355.695
-436.57
456.902
950.892
-460.321
-639.164
-1130.98
1706.26
278.316
-1665.16
625.057
-288.738
468.276
1744.65
-592.094
-214.385
-447.914
377.168
732.159
1738.58
-613.469
-511.78
-779.097
1960.54
-870.458
-1090.08
1642.74
-704.624
1223.97
-1824.95
600.988
371.055
-918.207
-185.452
-103.989
1097.88
-486.798
130.089
634.902
-1662.68
432.955
603.287
-1804.23
-583.288
1787.43
883.774
-1162.9
1760.49
-597.594
1783.83
-575.542
-1208.29
430.899
925.87
-1742.93
924.608
-1484.36
247.58
1236.78
-831.114
-1254.22
-376.631
74.6576
301.974
581.749
267.434
1030.19
-441.446
845.71
-404.263
820.645
740.199
-1560.84
644.178
1066.39
-24.0873
-662.406
686.494
-1744.41
722.872
704.778
150.545
-1122.64
1936.77
-674.558
-1262.21
-537.182
1665.48
834.524
965.672
-1800.2
1227.86
683.35
-405.456
709.504
830.714
1027.78
-587.019
1761.51
626.137
1773.56
-1185.6
-587.959
-425.521
-333.18
758.7
121.451
-1185.63
1660.54
-540.277
-1437.79
1437.79
1250.56
594.422
1351.48
206.514
-563.622
281.204
-188.76
699.121
1113.66
479.661
-299.623
-869.793
-575.029
1740.09
-1740.09
994.495
-994.495
987.335
1025.17
-2012.5
1837.95
-613.987
-581.117
850.004
-947.853
-1052.16
998.264
690.988
-1689.25
-514.438
-376.582
-650.426
-808.432
2042.7
-1246.42
-613.694
1002.97
974.856
1289.77
646.995
323.876
1012.69
234.265
339.033
1186.23
1756.89
-1756.89
671.678
79.6729
-386.832
-997.057
-539.994
1674.13
991
1009
-1833.29
-221.186
-361.601
599.858
-353.075
1849.54
-1077.86
-771.672
359.615
-18.5455
-821.133
-1662.67
1662.67
912.779
1923.75
-648.594
583.04
-479.061
1708.01
-1228.95
729.094
1837.82
1152.22
-611.672
-576.639
1143.66
-812.671
-484.19
932.362
1106.45
397.874
419.432
368.834
1222.99
-1135.21
-585.073
-644.689
-1212.57
1857.26
-126.49
-258.923
346.254
-507.48
1250.3
991.354
798.017
-602.094
1878.08
-650.22
-382.535
654.487
1877.32
740.586
-549.427
373.472
-448.14
1451.8
-752.482
1172.2
588.294
-90.7603
405.434
-314.674
-1244.26
903.304
401.658
1636.43
-711.819
1046.67
904.981
778.594
765.959
591.537
758.086
1006.07
715.708
1835.85
-984.049
-851.8
538.416
-329.297
301.264
-301.264
-387.106
-673.015
288.598
832.595
385.841
348.923
1888.91
-659.587
1097.87
24.6069
-783.844
1119
475.57
-1140.12
1140.12
1758.3
-671.209
739.423
452.614
-177.674
900.134
-641.225
1313.84
1200.54
889.082
1143.74
540.438
1096.41
-557.3
-84.6878
-1090.59
1115.61
636.243
-1669.83
1198.02
-133.118
549.947
-416.829
246.93
-608.696
1859.46
1074.98
-1074.98
997.01
604.819
-1601.83
633.124
651.492
619.232
1115.31
767.763
-667.266
1731.24
396.051
1061.03
129.58
1563.64
527.674
712.378
-1215.5
-717.45
-527.002
1914.1
-1387.1
1852.19
-601.625
1513.37
-1852.27
338.899
984.106
-984.106
1772.68
-683.107
57.422
-497.601
395.475
-646.561
1353.34
-706.781
673.63
-641.043
67.2578
529.926
617.487
-1147.41
1488.5
-752.301
1025.98
-1025.98
425.155
-329.756
329.756
297
1148.43
-694.514
-896.46
1590.97
1233.39
1266.33
661.071
-1927.4
-1319.88
-712.068
1424.26
1319.88
-544.649
-984.606
775.674
208.932
1154.72
-1154.72
1174.12
533.895
1202.81
-1848.16
1206.31
-1060.96
1060.96
1048.89
1054.55
799.342
586.634
-1764.16
1177.53
1092.09
-1735.44
1063.74
-609.817
-505.832
1011.84
-699.423
585.945
1291.38
1689.15
-829.181
-859.97
1048.47
-1048.47
-195.281
365.317
-170.037
-771.782
358.605
-1827.05
624.378
1202.67
-768.485
-761.155
1529.64
-323.453
-316.415
639.868
1123.36
1656.07
-716.554
266.852
201.53
876.063
-876.063
880.492
1679.91
-1035.73
636.766
-1277.99
1260.84
-1909.43
1132.26
-1794.71
-271.722
-401.293
1921.91
1135.62
-1135.62
1236.18
-1850.17
599.627
-599.627
425.889
-253.061
-172.828
611.271
953.398
-471.041
766.708
1770.46
-852.599
474.332
-852.164
852.164
1238.69
-1078.99
1254.71
-1868.4
1267.23
-1891.48
1125.49
1550.35
-766.424
-365.433
894.211
-1871.88
977.671
-349.466
525.424
-859.975
859.975
170.131
-457.869
1176.26
-1777.98
1190.02
-725.668
-1025.59
1751.25
562.765
-642.2
-177.18
-336.33
513.509
430.082
369.008
536.612
-359.151
636.77
1289.48
-1926.25
844.373
-844.373
1125.83
-1772.86
84.2196
-452.456
1675.53
1205.11
612.682
-1817.79
374.145
-761.544
761.544
639.415
-1851.99
1243.49
1065.56
-634.659
-520.392
520.392
1222.25
619.842
-1842.09
1160.29
-1752.38
1123.2
-1762.99
639.788
579.929
-1395.6
815.666
1237.86
621.609
-1771.15
1173.56
488.292
627.918
1229.34
-693.194
-1368.14
1773.67
727.546
-727.546
1095.07
-1734.41
639.345
-828.166
389.936
-719.337
1717.6
238.264
300.507
197.902
538.291
1224.29
432.673
-852.254
-807.377
1659.63
-1166.7
-660.356
556.149
-1530.93
-632.223
1084.69
-703.094
666.082
-666.082
1010.52
-1010.52
-605.777
891.659
-721.806
1875.99
-642.6
-206.485
178.462
179.762
-358.224
610.859
1112.2
-1723.05
1813.99
-576.133
-719.374
1895.64
1079.49
-1772.69
537.21
-388.354
-525.723
525.723
165.463
197.117
-362.579
1836.02
210.95
145.974
-356.924
-282.781
606.028
-606.028
-1215.65
1767.92
-552.269
684.171
-429.875
442.866
-225.673
203.674
152.258
-355.932
1802.7
-1817.27
-1745.33
1131.86
540.508
-385.412
196.637
167.578
-364.216
-1685.62
660.301
629.107
-629.107
562.784
582.499
-335.57
-2087.51
-1193.42
-675.828
1878.64
1134.34
-1721.68
-1230.64
620.904
1707.31
-1091.16
-1169.68
198.274
167.646
-365.92
-584.405
584.405
36.0162
680.139
1092.94
-1773.08
1131.19
1096.2
-675.254
305.447
741.773
-741.773
-1469.11
581.756
887.349
1083.32
-1677.99
1810.55
-604.24
445.718
-715.896
-1640.73
1039.09
-598.626
1796.65
273.208
566.966
-566.966
1633.25
-895.074
436.075
-713.48
713.48
-1097.4
-850.178
-465.486
191.417
177.961
-369.378
655.032
-1301.59
-459.675
-1654.13
1069.06
527.526
559.982
140.686
213.916
-354.602
-1204.07
1805.06
-608.643
-1280.4
-781.512
1602.16
267.769
518.976
-283.263
626.764
-626.764
1792.33
1497.74
316.25
-622.426
622.426
703.231
-474.939
563.175
-404.431
-203.841
470.693
-509.087
201.855
713.975
-502.006
-715.601
333.066
-1658.98
1118.7
1091.03
818.19
-564.719
1452.06
-1557.43
965.673
1002.84
-1672.91
610.989
1106.17
-1717.16
-1587.01
1022.95
619.01
-619.01
1223.53
628.764
-1123.04
1094.45
-662.425
711.467
-457.391
-1486.33
897.57
1033.87
-1627.77
-1183.28
-580.885
1956.84
-999.664
524.395
981.925
-1628.31
-162.095
-553.506
1603.63
-17.0243
-668.878
1209.62
-1885.45
551.733
-1681.12
1101.47
-529.227
312.735
216.492
550.755
-1192.34
1845.14
-1528.76
958.107
-263.682
-242.363
506.045
223.699
-458.494
-385.026
1451.42
-753.244
-823.341
1576.59
740.718
-1839.84
1099.12
-309.071
479.202
-1922.6
1948.73
-1948.73
-1801.71
807.608
1881.21
-649.664
178.653
-417.693
-537.372
-343.407
-880.137
388.822
-593.427
1978.71
850.49
-492.533
-357.957
-1664.55
848.921
-1867.46
1052.39
727.384
1836.09
-282.109
1669.23
1787.52
-586.973
-1627.67
545.691
1081.98
871.981
-1625.23
-606.066
-667.918
-130.354
642.054
-363.739
154.419
408.764
1000.65
465.457
-1466.1
1675.33
-543.477
-562.575
1640.29
-1703.07
919.274
-492.586
-1101.97
615.173
-26.5085
-1426
1630.65
-524.48
-1435.35
860.325
608.928
-1679.36
1070.44
1671.44
-588.118
-1286.91
-689.793
1919.14
-1621.21
-14.1422
-367.646
-1799.19
602.933
-1179.57
-1468.13
879.058
-502.184
923.002
773.556
-1696.56
1008.42
-1431.96
423.54
-64.3673
-240.082
-166.091
-1384.59
409.202
296.957
-949.483
529.341
-1517.53
749.05
-1594.3
789.608
-1115.22
2009.43
8.44154
-607.463
1772.83
941.915
151.519
-1819.63
1169.96
-625.637
433.138
-445.409
1071.55
-116.596
-1076.74
1193.33
-480.239
1240.98
817.956
-1646.59
197.17
1196.7
759.828
-1533.82
148.326
1670.44
607.952
-1538.99
944.578
-1538.01
-551.326
227.873
-1399.09
912.771
450.258
-109.644
1202.66
-572.349
401.01
-716.69
1395.92
-679.231
-363.694
592.953
-340.744
-541.066
804.885
-1372.68
807.091
-507.664
-700.056
-365.233
-462.933
1853.05
-1066.69
-656.363
-631.445
1870.13
-1268.31
472.479
-1239.76
799.279
-965.421
848.825
-1302.73
742.22
-835.943
-287.493
-766.19
314.497
-485.361
1209.67
606.861
1026.39
-6.68125
596.87
-91.5345
394.907
-226.931
449.47
954.238
1065.37
182.792
-1414.31
823.032
-749.527
-1128.9
388.257
-1338.33
764.114
-1591.21
750.616
1264.19
459.344
-225.864
-750.837
1322.93
-1082.83
-651.581
461.906
-336.688
21.606
994.208
-1119.57
125.364
648.406
-758.814
215.935
-1744.92
-792.59
309.522
-234.706
1087.18
568.959
297.482
-866.442
-595.661
-829.414
354.195
-459.463
-23.9624
1443.58
944.247
254.858
278.229
-533.087
-686.374
1787.84
-66.185
-456.474
708.693
181.09
356.272
278.498
-596.395
1676.88
1381.59
1828.99
362.1
1079.66
-1766.03
793.624
680.858
-1474.48
-1504.81
1095.01
-1061.4
1709.81
-651.79
315.241
-792.226
-570.297
-991.452
1561.75
-1030.26
237.936
-333.976
1078.59
-1537.08
700.955
-1513.28
-848.028
582.835
265.193
-583.022
535.119
736.579
1112.96
-1668.23
1668.23
-599.32
807.008
1147.15
928.518
-1527.84
-604.859
-948.514
-417.865
-477.209
-283.692
616.655
648.028
-1422.9
-1588.71
722.037
865.118
-1626.27
637.079
739.733
740.448
-1515.15
-485.266
1390.25
-757.715
-515.071
1272.79
-1252.36
687.013
931.238
-403.943
581.068
-1310.53
-1381.59
-1338.85
614.974
723.877
-574.196
643.316
-1289
-682.777
742.597
-418.721
804.543
525.622
680.585
419.316
-1177.03
323.443
500.786
-824.229
-425.381
-108.021
875.955
-1592.51
1663.47
-158.356
-1053.13
-626.233
367.789
286.698
1654.66
-556.797
1476.18
-578.612
495.389
646.005
-1509.98
863.977
-1230.56
663.407
-1217.2
-489.555
1132.87
1168.64
710.394
-1225.46
736.021
-1728.03
844.791
467.129
1009.81
-471.516
-144.952
-1051.36
-255.694
418.861
-474.182
673.045
-1569.51
-1182.69
522.838
1034.82
705.823
-1195.38
-602.76
-1633.77
0.139411
364.539
411.011
-901.464
1526.4
329.895
790.768
-417.296
5.33107
1574.52
881.775
-344.119
316.042
28.0777
-470.356
1238.12
562.301
-1046.75
484.449
-329.895
-21.2972
532.323
-1070.14
537.821
1179.21
-413.247
339.384
-744.841
72.5679
941.274
432.033
-225.755
-500.341
-1062.31
-1191.69
638.009
-713.615
-1608.86
-658.503
798.049
607.804
871.001
-1478.8
1037.64
-1085.2
1660.59
-621.504
-483.794
-310.96
1160.05
-293.893
351.021
-381.807
30.786
-735.049
-594.086
-1408.6
781.088
-975.776
-626.053
-46.5744
-14.2276
-290.611
483.281
-1155.09
251.717
-285.394
33.6772
-1092.09
-589.03
-677.129
587.97
-1149.92
-186.628
348.083
-384.949
36.8663
422.989
381.554
-1097.42
-590.35
814.119
430.902
-495.213
916.821
629.333
-1546.15
904.383
224.604
863.195
-438.04
455.982
523.545
513.043
-1036.59
594.194
488.005
-1082.2
688.597
607.214
802.756
-1409.97
969.318
1131.93
-648.65
943.365
647.609
879.787
-39.3187
575.733
-1102.31
303.846
-344.251
40.4045
465.565
384.925
-379.282
326.422
52.8604
1112.43
509.527
-1015.36
-1629.92
863.496
1421.35
-757.98
-412.696
350.41
62.2857
1129.5
-718.597
196.398
-1073.02
1712.36
306.353
-373.379
67.0258
1477.93
-598.87
325.861
-397.616
71.7554
-623.706
259.968
-430.608
346.986
83.6221
335.977
-421.943
85.9662
332.958
-420.368
87.4108
395.413
-478.914
83.5002
-489.545
430.337
59.2077
433.944
-479.947
46.0035
429.623
-460.347
30.7246
440.198
-453.475
13.2768
435.754
-432.193
-3.5606
-433.23
485.959
-52.7283
463.269
-398.458
-64.8114
439.438
-364.287
-75.1505
-422.309
509.363
-87.0546
-20.7356
-801.629
489.252
-146.835
752.397
-684.943
464.338
513.143
650.766
-1458.51
807.742
-596.108
-648.008
429.063
384.075
411.061
-390.815
310.731
80.0839
375.679
-753.402
377.723
118.451
1571.44
-605.764
-1292.66
195.678
-551.384
446.168
-927.752
481.583
535.495
393.371
-839.623
446.252
1687.71
-743.463
1500.33
-878.712
-1587.78
-789.358
1763.65
-672.619
478.505
-950.953
758.331
-1354.44
1112.07
1582.87
510.465
420.773
427.676
319.996
-396.104
76.1079
-895.276
453.875
-433.495
471.256
-37.761
-757.707
-571.386
504.463
639.201
-420.708
-578.726
1646.05
-575.619
492.371
535.41
506.979
-1017.04
510.061
-1537.45
1173.76
-685.166
1693.59
1127.24
-599.823
-383.941
-450.887
381.046
69.8415
-286.515
424.943
545.076
-1039.29
477.04
1178.85
-549.086
-545.715
-317.725
342.59
1057.94
-348.937
-634.343
-535.335
511.34
-1058.75
547.41
1425.3
-602.263
1400.99
-500.855
497.828
-981.621
459.992
-438.672
-21.3194
163.476
-889.176
-671.016
1469.11
351.988
-825.937
484.308
-944.629
1830
-958.016
-724.179
277.911
543.619
592.551
653.012
-1245.56
683.823
-1432.33
748.508
1074.22
469.922
-906.492
732.644
620.698
-504.687
1417.47
-1770.27
1503.08
267.196
263.86
1453.52
-1024.03
1518.43
164.907
-709.372
218.303
440.573
-861.28
-642.647
-1111.59
277.975
1119.64
-166.664
1289.76
-602.744
-1600.4
1098.21
1921.13
-1110.49
-810.637
-580.422
844.45
1041.97
420.417
-824.681
-807.27
-1121.72
-648.051
-500.817
-386.942
-1351.9
-245.133
311.935
-575.863
206.36
426.403
-830.531
197.406
-656.28
855.502
-1809.23
-851.993
193.702
174.015
-367.718
-935.613
455.86
-1098.53
894.907
1016.77
423.851
1416.47
-1542.22
699.608
257.422
781.594
1379.03
574.189
-1183.44
609.247
459.787
-856.978
-888.407
1879.41
-446.522
182.84
-558.565
1120.87
209.424
624.544
689.297
-201.308
-396.199
597.507
1610.17
-1010.07
-508.755
1147.96
364.369
-275.067
-89.3014
628.318
-1259.51
-864.296
337.992
526.304
-1122.81
-1621.18
781.822
877.809
649.553
722.686
201.532
311.611
143.852
-514.267
370.415
545.25
-297.749
706.712
-1186.95
529.869
401.935
-781.593
-783.125
-626.846
-7.33554
1608.14
-983.079
-818.749
968.759
1529.38
-851.258
-678.119
346.64
-690.349
343.709
-540.138
1298.22
1268.67
187.146
209.229
-1053.82
743.306
680.954
-507.223
148.072
-459.165
257.67
201.495
250.811
1469.11
379.16
-734.855
646.287
970.689
-1540.99
189.094
326.438
333.517
-659.955
1189.22
-601.249
364.298
699.407
-365.534
603.798
1282.78
474.708
-935.34
460.633
541.461
531.781
-1073.24
676.819
-1425.08
895.39
-450.688
-597.099
1679.08
-598.07
1786.15
-1188.08
-625.504
259.97
1509.65
-773.625
-355.461
889.391
281.592
-910.382
-385.654
672.352
822.536
-734.911
1277.56
440.863
-895.789
454.926
-1063.15
-756.478
-763.615
-1060.27
-974.753
-714.5
598.339
-598.339
-7.68903
-731.176
539.595
-1531.05
810.616
174.821
402.433
-753.418
350.984
656.269
873.109
-1294.08
1833.67
-887.751
1659.7
-717.78
1267.77
-865.253
459.77
-243.836
1403.64
311.12
-596.865
285.744
-1069.31
609.844
-934.369
1534.91
824.74
-130.395
-461.615
845.69
417.461
491.612
-401.05
-90.5623
-1637.41
780.431
-541.225
136.794
1628.82
-878.206
1122.81
17.3083
1523.67
-650.366
-1128.26
-433.784
-557.236
-857.843
-1678.76
1052.53
510.355
-574.53
64.1757
-284.723
335.521
-751.374
1850.37
-17.7468
283.834
-600.249
-1523.67
-138.998
1129.23
-694.157
-435.073
-727.105
-117.267
583.598
253.11
-755.116
-591.157
1768.69
383.859
-741.381
1819.97
339.167
-880.233
273.097
296.071
-569.168
-328.354
363.911
345.593
-1377.21
-419.845
228.729
231.041
867.432
-1111.26
448.836
1075.15
-45.3182
-582.139
1156.57
-553.637
-950.318
-445.277
-493.425
-818.963
1312.39
-613.097
81.1026
238.257
-226.33
-950.392
1378.64
-428.249
-497.313
-681.664
1296.64
257.234
-517.915
260.681
618.998
1390.43
617.249
-1552.86
1187.58
-824.659
-465.919
-540.803
283.251
-327.552
44.3017
-550.546
-258.426
-12.0697
-626.819
-1197.56
736.646
460.912
-573.082
1098.53
-668.729
1392.61
-583.307
258.826
1635.46
-913.42
727.105
34.4389
-61.1511
244.036
-486.4
802.885
-542.999
921.738
640.012
1021.03
-447.048
788.063
-1370.54
672.705
-247.854
1051.58
-654.379
1154.08
-376.018
336.034
-569.155
-890.596
1599.33
751.374
1731.07
530.605
-328.749
-527.061
864.623
-488.944
844.016
618.819
413.664
-324.161
-89.5026
711.191
-1598.94
-404.479
969.929
-636.793
-844.01
-742.686
416.031
-328.776
-87.2554
-478.094
-519.892
-603.874
370.605
1089.26
-633.274
884.431
-530.236
586.136
-422.745
1305.68
-1688.91
705.831
-1797.53
608.797
-530.857
501.905
-839.962
338.057
224.421
-541.771
317.35
-763.271
384.861
-349.383
168.379
568.112
-268.513
-461.957
1172.35
1117.92
-690.246
-587.857
-461.9
336.149
-422.498
86.349
-497.078
197.639
442.669
-217.192
-294.205
-303.599
768.643
-1079.6
480.58
943.61
1035.1
-452.586
403.098
328.354
479.438
1029.7
490.455
852.463
1068.67
823.071
-1472.92
649.853
466.487
-1259.3
680.572
-197.788
-261.377
174.374
-388.215
599.828
796.093
-595.892
-166.7
257.384
233.989
215.481
1654.8
-458.26
-734.08
-310.917
382.008
-71.0902
1177.09
-488.015
-689.078
439.089
-397.055
261.92
410.785
-571.726
493.995
-725.8
1152.2
232.263
644.638
1399.17
-1204.64
698.719
-408.678
201.295
-188.45
-686.318
607.143
520.384
-313.031
1101.48
-663.352
1123.14
-489.866
1195.69
751.205
-607.956
381.135
-66.5138
1511.73
-772.002
1654.13
-993.832
1370.54
-1247.21
258.426
-25.4452
602.529
-780.558
-780.286
-405.562
1250.35
-79.7028
-535.451
-264.4
-1190.82
-589.89
731.633
-273.879
891.875
-455.801
-357.735
176.872
233.968
582.374
-223.965
-275.393
1230.17
-591.543
-537.799
583.216
-656.729
217.132
67.0594
407.1
-323.317
-83.7827
268.643
-1079.57
765.931
278.288
-1012.37
358.886
206.363
-565.248
627.163
-277.9
719.028
-441.128
-761.788
-378.548
-1024.98
536.97
456.102
-1181.9
-873.258
330.259
-106.343
183.341
933.715
-47.5182
492.196
-1155.55
1781.9
-900.129
-88.9858
-20.1493
-17.7209
40.9799
640.487
-472.581
90.6488
-684.827
-434.015
-624.735
-519.769
772.878
-448.772
-963.154
-1213.63
-93.6502
-458.846
740.438
902.041
-420.458
165.736
-361.016
-43.8287
783.464
800.776
430.387
-319.352
395.082
-75.7299
-504.365
-640.934
291.996
-624.723
272.123
703.182
-210.922
329.407
1155.52
52.4634
-518.738
646.906
-1593.68
946.777
293.032
186.17
-390.69
553.413
-378.592
214.795
-673.64
-414.392
188.636
-233.284
-217.345
921.166
769.363
196.988
316.522
-952.225
524.901
-85.3725
275.152
-739.256
-663.487
-965.685
790.272
-1220.65
-896.477
285.116
-503.225
154.616
-359.178
-428.269
888.61
-341.2
-477.553
694.157
67.0431
397.055
461.819
1154.36
-734.455
27.7982
-380.986
640.957
-539.113
-628.189
732.333
-446.799
1209.81
-311.435
285.719
25.7164
1779.07
869.201
511.965
-324.819
869.75
-1428.09
-1840.38
856.334
750.516
-337.007
1603.63
509.25
114.948
-125.581
-173.783
299.364
1695.65
707.137
-1386.37
1687.27
-733.036
1036.57
-42.3591
1217.02
32.584
273.81
-709.07
-294.116
-346.334
291.99
-811.882
1020.05
552.371
199.502
-670.524
-701.265
-145.825
1208.92
-244.363
-272.406
-181.439
-123.176
304.615
-1032.36
-218.805
-689.766
-615.233
-1320.06
540.966
-550.916
-1245.45
1099.46
737.644
-341.251
-106.663
386.426
-306.551
-79.8749
1770.83
-514.205
134.35
-360.214
-57.9401
-450.369
954.516
-636.216
471.805
539.514
-648.072
-44.9498
297.676
-84.3822
285.58
156.648
208.67
-1154.36
-408.764
-189.87
-122.213
312.083
-757.361
-808.633
-374.803
-86.4283
-879.256
-1120.53
-1464.14
-535.887
-1464.14
1465.74
534.256
1465.74
346.334
-318.355
119.694
1034.71
724.513
1271.59
-1119.73
-461.743
-848.785
-445.418
-841.06
-272.512
659.182
-413.843
292.247
-1752.13
-444.627
-27.0844
-371.396
733.876
-575.384
406.616
-684.516
-509.871
631.459
-425.097
-1114.31
-725.529
673.846
-1704.11
-771.924
-686.583
1679.69
-502.692
227.299
1056.33
-561.482
-100.924
-92.4842
-1471.35
582.173
1566.34
389.485
-1419.58
-461.345
-1398.77
254.415
-1015.06
460.24
441.801
1009.53
-863.077
-118.592
-219.262
337.854
-1292.66
-344.783
441.624
-235.263
-765.571
-459.889
-592.029
1486.94
687.04
355.722
-765.787
436.875
1131.86
-708.004
-820.89
-673.231
253.183
-644.925
-27.4391
-473.522
1253.59
-844.384
1461.33
-384.287
-365.345
765.627
-410.957
-903.237
-818.472
-428.011
496.084
-349.744
-143.582
493.327
123.64
413.258
-455.21
1420.88
1573.01
-604.247
-623.659
1153.58
-969.134
247.282
-303.624
-445.211
1099.7
-529.475
-215.366
946.954
-473.118
-157.045
369.668
757.361
-1342.44
-30.927
-428.748
-257.418
257.418
-324.042
-429.376
932.038
-616.384
1296.96
-408.67
-510.607
-1585.99
817.573
-322.692
-355.15
-1193.94
1176.63
-567.387
180.501
415.185
-892.394
-723.17
284.334
492.684
-291.189
-632.839
-515.227
-227.309
-134.034
361.344
-819.738
-129.891
-224.279
354.17
-223.184
-123.178
346.362
-279.158
35.3879
893.938
-1523.07
369.329
-189.567
171.391
-955.235
1044.3
-500.68
-669.643
-426.338
1095.98
939.441
-235.595
-132.058
367.653
-439.649
472.233
1359.39
1661.16
1282.78
-1480.48
714.693
185.894
462.616
96.9777
-354.396
456.787
-301.233
788.09
-437.106
515.011
-694.212
-607.381
-465.626
135.814
492.918
-45.147
-448.19
-420.954
-654.364
-1579.64
772.37
-236.905
-136.327
373.232
-888.224
-512.157
1610.37
-1519.62
-869.765
1129.9
-1175.22
1599.93
1054.31
-818.797
-899.807
125.9
-613.722
1671.66
900.704
911.071
680.254
-267.048
875.425
-350.315
-317.074
-366.663
712.256
394.042
578.309
601.55
529.749
-340.655
734.762
331.844
1578.84
1408.53
-474.812
316.254
-364.999
-658.685
12.6143
141.125
-883.076
364.97
-799.21
948.481
837.67
217.132
-261.165
477.657
306.115
-579.776
783.629
211.857
216.396
198.766
1559.94
48.3757
905.652
-954.028
474.932
-402.708
182.32
-1099.17
474.436
56.1753
819.647
908.324
-181.076
-184.965
-380.283
-352.424
-520.834
-607.504
249.769
-929.423
456.701
-468.08
-348.678
91.8702
750.032
-456.592
891.537
-89.338
-462.046
575.358
885.97
354.024
-209.232
274.33
932.101
602.804
53.3472
295.227
263.683
-1223.35
465.626
-920.65
613.462
307.188
1688.73
-429.692
-371.623
289.554
-403.519
977.15
127.984
336.674
1220.69
1514.63
-650.652
-679.621
678.237
-331.724
859.212
-527.488
-680.542
659.807
-410.363
822.759
380.6
619.64
-361.259
-1346.9
1038.67
-252.755
1857.45
-678.891
201.612
529.018
-210.148
691.849
-315.537
242.768
-1100.08
431.809
-1356.58
1339.49
406.529
-242.466
-135.605
378.071
-783.971
-1623.55
-918.153
171.31
70.2173
-604.588
1033.92
1190.82
-686.24
-772.853
-660.559
554.053
499.049
538.916
-1238.97
931.053
-264.416
1174.92
-523.276
777.304
-1289.72
1098.67
-79.6412
296.774
-605.349
1388.81
235.961
-631.38
-909.606
358.863
1198.66
210.558
210.094
62.6552
-970.039
907.555
-971.923
-238.157
295.559
757.225
713.146
1152.61
352.217
-661.581
-329.304
-309.271
-277.372
-739.073
-453.637
525.121
-386.508
-27.9164
83.493
-43.8457
-744.1
293.731
-1336.05
288.577
510.405
666.523
-1176.93
-1096.83
-356.679
-390.989
-1009.53
-1135.6
-1516.31
616.711
-277.619
-1103.8
-377.462
-379.554
781.146
392.216
-1100.22
-82.0689
346.135
287.787
265.369
608.709
-1030.93
355.601
-447.083
366.463
-207.523
-400.55
-199.912
-1534.62
293.327
-1508.56
-1457.75
-216.994
1095.18
63.1088
-472.638
1063.04
-572.581
-682.301
1124.97
812.85
363.642
-768.122
695.123
-263.454
-381.471
-408.442
-562.869
1042.31
357.2
-166.225
-190.975
-334.874
-799.12
-401.569
1200.69
1914.44
88.5315
415.948
203.55
-535.49
-304.472
283.283
313.772
-108.444
-205.328
-378.937
164.565
-450.582
478.381
-402.73
766.372
626.764
482.151
-419.496
-364.024
-96.837
-905.52
404.351
-236.825
-740.551
639.044
501.795
1170.4
1019.87
-1160.49
780.962
-542.453
-134.787
1546.45
-575.097
1100
-313.046
1648.19
-110.537
-217.016
373.362
921.226
415.754
-1373.77
-328.617
-1433.21
1314.88
-634.626
707.498
-1353.16
665.846
362.852
-448.873
-629.143
-533.573
490.05
-202.53
-974.391
-830.941
295.451
1133.21
1511.13
1003.6
225.425
471.375
21.6506
442.635
502.17
969.979
598.588
-329.946
-289.237
1525.65
-177.303
888.165
-1353.72
955.931
438.651
-606.586
-190.568
-489.974
329.241
-587.054
1131.07
583.46
-326.076
300.453
427.796
-304.156
240.572
-427.075
-159.988
-810.031
320.118
-600.836
-490.2
417.092
-1013.09
197.82
1017.18
507.742
804.415
357.425
-241.821
-401.905
1530.84
-748.022
-475.329
19.0468
-748.3
1176.25
-1708.89
1175.93
-198.42
1323.87
312.074
-341.776
-174.221
585.006
-384.775
464.332
1517.22
-148.164
324.675
-539.607
1391.83
-1202.12
-1323.4
419.624
399.544
-967.917
154.783
-347.456
335.907
-369.63
465.592
1060.06
-561.981
-567.463
1203.66
-1218.89
537.533
320.329
-1189.81
-1271.82
-262.385
66.4432
-482.986
301.643
-749.38
288.034
-48.9983
-608.262
417.694
-368.963
264.402
-131.597
-899.618
-468.401
-359.604
1115.79
-378.32
-296.681
278.467
432.727
428.975
-535.133
252.935
1632.57
-1575.08
-310.894
530.843
-90.4862
-718.262
291.737
57.4021
-1101.19
-429.859
-888.849
280.893
962.488
-331.531
-958.189
-336.654
7.02172
204.085
-701.439
769.261
-708.089
501.701
-164.839
-234.371
399.21
-330.503
52.1704
-351.793
973.485
998.837
-406.18
187.228
170.197
-651.201
226.455
501.2
-540.519
1080.14
248.499
-378.793
1126.62
-636.57
-274.053
291.427
143.73
-1671.54
366.311
1329.09
188.566
75.7749
77.982
-426.216
191.559
1473.93
167.649
-801.504
426.18
-1532.94
1543.26
274.797
-158.464
-438.654
-188.83
1107.27
131.239
-288.648
328.103
-344.67
676.513
643.24
294.614
-628.382
-1000.13
168.968
-160.959
604.718
-329.636
654.311
331.941
309.016
-766.895
1188.14
48.3532
340.317
-480.506
770.038
373.082
718.379
351.447
142.487
-625.424
911.443
294.157
-455.648
273.042
256.827
-936.248
-224.247
23.5782
-121.13
1500.83
-283.581
1339.47
-197.925
329.164
322.163
-1136.47
420.771
-806.164
350.516
-333.662
-675.683
1021.08
655.8
-487.487
-747.667
233.462
410.695
253.424
-313.866
-128.917
320.475
-556.914
-984.42
692.491
185.713
-607.863
-196.047
-759.012
-459.633
-129.779
-838.138
-167.933
1053.77
507.039
1721.13
-621.673
-83.7574
443.317
-654.233
-173.341
-160.322
-497.663
-105.815
-1465.26
444.213
-223.618
-316.403
-453.088
748.539
355.361
575.719
601.399
-350.652
564.795
186.652
996.387
-822.318
1289.25
586.355
386.559
-310.784
-541.242
-37.5703
-424.476
-1009.03
4.70881
-369.931
-381.369
60.931
-326.842
-782.325
121.351
-29.0691
119.288
1111.94
-554.82
-123.395
804.007
248.906
-385.852
-984.304
626.327
-362.305
275.908
803.852
317.339
54.7846
-427.928
-246.186
1442.9
484.708
247.898
-98.8704
1210.81
-214.776
-154.186
370.852
-829.521
-245.774
211.524
135.933
-326.908
1380.31
-515.13
-192.141
-143.673
83.221
-111.974
94.9815
16.9925
243.79
72.8586
-316.648
26.9989
-1.07149
-25.9274
-62.1324
57.4384
4.69401
-3.98745
3.59947
0.387974
339.943
-66.5224
-273.42
159.038
-74.2204
-84.8175
26.1479
14.1352
-40.2831
53.6945
0.565897
-54.2604
-238.25
122.189
116.061
-39.7965
-82.0966
121.893
-6.17227
6.57558
-0.403307
35.772
304.171
323.471
-79.6814
76.5964
-5.96132
-70.635
-11.7435
14.9725
-3.229
-111.266
-245.26
356.526
-46.9998
0.905671
46.0942
-63.4479
1.31548
-50.7199
3.72005
84.1735
-313.555
229.381
288.423
-180.85
-107.574
-225.056
-111.638
336.694
2.33574
11.4727
-13.8085
-9.58669
-2.15683
363.381
-22.16
-341.221
110.658
48.3803
-9.09123
-1.33315
10.4244
-3.12204
3.50347
-0.381436
-3.11956
3.50133
-0.381762
-3.11997
3.50213
-0.382158
-3.0956
3.49646
-0.400858
3.09187
-3.48569
0.393826
-3.09559
3.49624
-0.400655
3.75979
-59.1177
55.3579
-23.5366
49.6845
-48.5029
-44.1303
92.6331
-3.67164
2.52208
1.14957
201.619
-175.092
-26.5268
-163.283
286.267
-122.983
-13.882
4.79082
4.35722
-0.120941
-4.23628
-363.99
554.448
-190.457
125.994
-165.79
8.98015
44.7144
1.78097
-54.5424
52.7614
-142.547
-95.703
-30.1923
-193.059
223.252
-191.046
41.9933
149.053
274.895
-301.432
26.5363
-4.82128
7.15702
474.967
-176.587
-298.38
120.621
-263.907
143.285
-31.8959
33.6768
-34.065
-39.0333
73.0983
20.5421
78.0751
-98.6172
12.1642
1.94312
-14.1074
24.1502
-21.3131
-2.83713
-3.28678
2.73463
0.552149
50.4282
-303.775
253.346
-224.077
-166.568
390.645
25.4974
-1.34716
-253.66
-33.5962
287.256
-240.099
282.21
-42.1109
-73.0867
-38.8873
-6.9294
-0.219179
7.14858
6.83671
0.305878
-7.14258
6.90013
0.254114
-7.15424
6.83497
0.303395
-7.13837
6.83552
0.302956
-7.13848
6.9535
0.25581
-7.20931
6.90015
0.253762
-7.15391
257.547
-207.119
17.516
205.846
-223.362
20.0424
-94.5116
74.4692
-3.34276
-12.0599
15.4027
-271.475
241.283
24.4608
-58.5258
-417.345
306.078
-47.8587
-143.187
-369.543
127.938
241.604
60.2069
214.688
94.8835
-18.2872
-111.996
-9.32282
21.4871
10.9029
39.8984
-50.8013
27.5167
40.9461
-68.4629
94.0205
-12.2841
-81.7364
-3.61849
-0.368959
364.532
-46.875
-317.657
38.8323
-35.0726
28.5524
-62.0981
33.5457
-87.6069
323.716
-236.109
147.952
226.734
-374.686
72.1508
402.816
-9.2128
9.6305
-0.417703
-3.76903
0.64699
3.60147
-0.509605
-3.76871
0.649147
-3.77112
0.651147
-3.63347
0.537865
-3.63228
0.536689
-6.17227
162
80.3021
-242.302
331.572
130.77
-462.342
-35.2386
-64.7058
185.327
385.403
-301.229
-20.3595
-15.3121
35.6716
27.9263
13.0716
-40.9978
-28.0786
-260.313
288.391
399.725
-99.9547
-299.77
250.305
-278.383
64.7776
-246.09
181.312
-26.2128
-5.82055
32.0334
-230.348
67.0644
-3.05195
-0.234832
-328.169
45.0065
283.162
168.206
-241.099
72.8931
-9.73926
0.162241
9.57702
-47.1917
42.3854
4.80629
15.9365
-18.9209
2.98439
-90.999
-71.1371
162.136
-11.4024
86.1386
-74.7361
-28.1738
391.555
-151.903
169.419
28.6428
-29.2162
0.573422
-1.2519
-26.1347
27.3866
-5.10782
63.5407
-58.4329
153.381
135.042
28.084
-26.2221
-1.86193
-9.46547
111.106
-101.64
382.018
-50.4467
79.9692
-192.613
112.644
20.9338
-64.1742
5.05656
-350.713
-3.23232
3.62181
-0.389484
-3.29014
3.67781
-0.387663
-3.23222
3.62178
-0.389559
-3.1635
3.56592
-0.402414
-3.28992
3.67859
-0.388666
-3.29038
3.67902
-0.388636
117.717
225.997
-343.713
459.63
-256.676
-202.954
-13.2521
-0.629923
31.439
-36.5469
115.519
-369.179
406.629
147.819
-1.37556
-7.83723
-469.337
167.287
-392.343
-347.956
260.349
293.179
-32.8041
-260.375
4.35722
26.9332
0.0657025
-135.505
297.505
-60.8566
59.6047
-33.1245
-5.96567
39.0901
33.8955
2.32114
-36.2166
26.5565
1.52753
-200.004
-76.3563
91.9619
-15.6056
-53.3138
-4.01623
57.3301
104.629
-116.032
-14.5716
14.4507
-323.511
308.821
14.69
63.9512
-36.0249
30.0718
-36.6287
-10.563
3.20129
-3.59037
0.38908
5.14141
58.094
-63.2354
41.5188
-369.688
-0.0721695
-2.82766
-5.11606
7.94372
-21.9673
0.654217
172.32
68.9337
-241.254
134.553
-412.201
277.649
129.689
-139.155
40.206
-41.2775
24.0325
-100.389
22.2817
-18.744
-3.5377
-269.988
385.507
7.06955
40.6296
-47.6992
-58.1619
-103.109
161.271
-86.6201
258.94
-295.113
249.892
45.2207
-9.34654
-0.39272
162.598
-284.644
122.046
145.832
-162.871
17.0386
-35.6485
-47.3675
83.016
15.8375
-251.077
235.239
252.653
-236.815
36.4556
-31.3142
312.214
-19.0343
-28.9253
159.692
-130.767
-23.5649
51.0816
330.792
-106.023
-224.769
-12.8716
-122.168
135.04
9.64349
18.9993
-13.2564
0.00427041
339.594
-490.31
150.716
164.82
-42.6303
-5.57763
28.581
-23.0034
88.2656
-117.191
390.697
-463.601
72.9047
-244.807
324.351
-79.5439
-31.4367
5.22385
-69.9159
-53.7396
123.655
62.9248
-101.958
95.2232
106.395
203.812
-108.644
-95.1677
21.8975
-22.8176
0.920125
78.6641
-186.058
-99.3075
164.085
-384.268
215.943
168.325
11.3131
-10.9905
-0.322663
2.89605
8.91736
-184.009
-251.843
70.9929
8.36793
-1.79235
123.677
207.115
-62.1414
364.065
0.467387
29.824
3.83402
-33.658
-3.77956
0.0105334
-3.779
0.0102915
-4.25877
4.38237
-0.1236
3.85216
-0.250693
-4.33355
4.4479
-0.114352
-4.33229
4.43185
-0.0995649
-3.78201
0.0108927
-4.33677
4.52382
-0.187048
-3.86951
0.236041
-4.25858
4.3823
-0.123726
-3.86899
0.236708
-4.32993
4.43942
-0.10949
4.4824
-4.34121
-0.141189
-4.25966
4.38306
-0.123397
2.46606
14.3399
-16.806
463.432
-328.879
-105.788
126.33
-276.479
-47.0313
158.131
-12.2983
35.5439
3.18733
-38.7313
32.9678
-22.0648
-39.514
6.3895
-22.3879
20.4668
1.92111
28.5524
315.29
-152.692
304.508
155.122
-0.00780618
61.3256
-61.3178
157.867
149.761
-307.628
67.4258
267.105
-334.531
-45.2366
86.1827
3.18163
1.06049
-4.24212
9.35626
150.336
6.19704
-6.14378
-0.712548
6.85633
-40.118
60.1603
-4.42979
0.669974
3.75981
34.8182
-40.3959
94.4598
-142.319
205.431
388.762
10.9632
-15.0742
-225.025
427.004
197.188
-214.57
17.3814
-57.1048
214.972
-48.4364
182.665
-134.229
-1.61274
319.533
-366.189
46.6557
-1.00625
12.2914
-11.2851
90.7963
-12.7212
361.052
-0.0926329
-3.52586
5.36996
5.94318
-10.2038
-0.898056
11.1019
-176.442
403.176
-241.24
308.666
162.009
-216.855
54.8458
7.35678
-6.64018
-0.716596
25.2731
-25.2809
65.2847
-76.2109
10.9262
4.01284
5.14034
-9.15318
143.043
-63.0742
31.5475
5.70429
-37.2517
-261.816
323.517
-61.7007
-209.48
66.9335
-409.857
139.869
193.891
128.194
-322.085
68.1736
-28.2752
-344.594
401.996
-40.5378
-10.1821
-13.3988
10.5712
-3.18411
2.94107
0.243042
-3.18373
2.93181
0.251918
3.1668
-2.93318
-0.233625
-3.18457
2.93196
0.252611
-3.7148
2.76856
0.946242
-3.17851
2.93988
0.238625
-3.17824
2.94002
0.238221
173.706
-186.578
-21.5048
40.9281
31.7756
-72.7037
12.3147
13.1827
-221.384
-38.9288
22.1754
22.1117
-44.2872
276.164
-70.3178
311.646
-117.755
-30.5446
171.005
-32.7446
-138.26
62.535
-59.2751
57.19
-115.352
228.62
-66.611
-27.148
35.4532
-8.30523
-223.199
132.2
-27.1457
277.45
71.1583
-7.6176
34.1853
-12.0099
-130.778
59.6411
-32.8625
152.169
-119.306
32.1134
-12.1836
32.5985
-20.4148
-6.9294
-76.7787
28.2759
224.701
-27.5125
-39.5388
292.64
-253.101
132.313
149.897
-4.81152
2.36903
2.44248
6.83671
6.90013
6.90015
6.83552
6.9535
6.83497
22.0029
-214.464
192.461
-101.964
57.8341
21.6717
-236.644
214.972
-304.737
365.785
-61.0487
30.3531
-23.2835
-193.38
209.55
-16.1703
-50.9444
-12.5035
12.5172
-12.8716
0.354409
-312.456
-151.146
2.35889
1.24575
5.35726
-6.60301
-148.003
-151.907
299.91
-109.085
58.7633
50.3218
25.147
-24.2413
3.31744
91.6641
-39.8674
-204.208
155.771
-249.704
296.38
-46.6768
41.1979
129.807
138.878
5.09485
-143.973
15.5719
-437.354
421.782
351.149
-27.4327
-52.7578
-9.3403
-0.743872
23.0256
-3.97002
1.38055
-1.38055
-95.0174
-114.463
-52.2476
55.4349
168.49
-159.134
8.36793
-243.279
210.475
-330.843
224.82
3.98509
-0.803463
5.08329
-6.9949
1.9116
4.17666
-0.191571
21.9549
-140.402
118.447
145.512
-6.63386
-61.9587
-233.154
131.957
-88.5503
-5.96133
3.59774
-0.863107
-37.726
10.578
207.22
79.0467
-236.175
348.555
-112.381
-41.9654
45.7995
-49.7751
-89.3174
139.092
203.617
-237.213
188.634
-91.3177
-97.3164
-13.1647
17.2305
-4.06585
50.7401
-120.656
-39.7602
-219.302
259.063
-2.22991
34.5632
-71.6865
37.1233
-12.4723
2.26845
1.31343
-20.0574
-7.67952
-1.28341
8.96293
-111.132
120.293
-9.16182
-26.5866
-13.2808
-171.708
-93.2713
225.228
259.038
-298.577
-13.5276
108.199
-94.671
45.4399
-45.4741
0.0342691
-18.9852
-31.3482
-6.37779
-3.41315
14.8859
15.5588
-108.435
92.8757
-24.5614
18.5958
277.131
-70.5899
-206.541
43.1415
51.7421
55.6105
-33.4987
-242.997
-97.8009
340.798
-91.2695
-210.162
-38.3479
54.1802
-15.8322
-50.7823
35.4702
-0.713198
-211.374
212.088
-36.8036
29.9486
6.85501
6.60347
-7.98809
1.38462
6.48898
-8.00769
1.51871
37.0902
-49.2739
135.028
-283.031
-210.783
-25.8614
-231.517
97.6892
133.828
-34.2633
149.623
-115.36
-60.2432
24.5947
233.963
-234.676
-0.318887
0.318004
0.317555
0.317952
0.317596
0.319358
81.0656
-15.7809
-216.623
121.605
63.0342
58.2633
-121.297
-52.3038
-140.309
9.31851
273.438
221.126
-321.08
36.8572
-214.147
177.29
-243.062
-141.206
-35.2828
-19.7706
-68.1293
61.5635
6.56574
-327.778
130.039
197.739
-75.3142
238.761
-163.447
-11.5305
-210.82
-401.816
421.981
-20.1653
6.02726
11.2033
-246.887
-24.6966
271.584
31.0807
2.59611
204.234
-173.875
-30.3598
-29.4502
52.6228
-23.1726
-346.07
109.895
3.26877
11.7038
79.9696
-21.8756
269.061
-188.758
44.6033
-94.3784
99.4166
-341.647
242.23
13.5285
-283.712
270.183
-31.1173
-14.9724
225.62
-129.404
103.537
25.8675
-270.117
23.2295
-76.5708
-16.8762
93.4471
-2.97821
-2.98426
-2.97846
-2.90769
-2.98697
-2.98699
105.558
-6.14378
-257.946
9.42717
-372.768
-181.23
186.325
76.0259
325.97
-0.267497
-73.3459
289.289
-93.2484
9.50994
83.7385
-13.7731
-50.4011
-125.226
-115.873
-60.8763
0.0197426
103.915
99.8967
39.2649
-7.82583
12.7064
-15.8022
3.0958
32.8191
-276.849
225.485
-323.286
-15.7789
18.1378
14.3964
6.60347
6.48898
-160.839
9.46573
151.373
-3.82753
-165.451
91.2304
186.497
-331.048
144.552
-194.66
29.9827
15.4572
-1.08584
-3.34395
0.101087
-160.906
108.222
52.6836
26.9761
-44.4787
17.5025
24.4239
2.38843
-26.8123
18.3939
-129.525
53.0578
-12.4282
44.614
-47.4511
-242.281
337.691
-95.4094
92.0303
-185.63
93.5998
187.148
-165.193
251.232
-153.542
-102.323
117.261
-14.9375
2.98211
1.9284
10.5888
-167.99
-48.8656
-44.6532
107.578
1.06661
-8.74613
-87.9105
-56.8656
144.776
22.8249
299.156
-321.98
-23.8252
51.4157
91.6277
-2.73319
-6.39634
6.32417
154.122
123.009
9.47468
1.59092
-11.0656
80.0782
-336.754
-102.646
-40.4051
143.051
130.322
-67.288
-116.103
-72.4096
188.513
-74.5219
-72.9915
355.651
-284.213
-71.4377
31.6137
-47.2851
15.6714
-448.099
-42.2105
128.926
150.654
-111.384
-39.2697
-193.948
361.236
-254.669
323.843
-69.1736
215.514
-237.674
245.947
-290.72
44.7733
34.6437
29.3075
-132.564
-67.5057
40.5862
26.9195
-172.969
306.586
-81.101
-3.13203
-0.646974
-3.13198
-0.647576
-3.07867
-0.703345
-3.15529
-1.10437
-3.15509
-1.10349
-3.15411
-1.10466
-81.4039
-182.503
9.01832
130.241
-139.26
-0.162353
9.63704
35.0319
-7.64524
52.814
-8.20005
-5.5023
-47.5556
98.9713
19.1634
-26.1711
7.00768
-165.431
-16.1446
-46.4263
-16.8091
-56.433
-27.2248
83.6578
-366.142
61.4053
-263.427
151.789
53.386
-98.6226
102.819
-94.3161
-8.50258
27.2492
-235.119
207.87
49.2731
61.4432
68.879
-117.537
-210.241
-5.08329
-10.136
40.0846
-48.7728
-105.189
153.962
23.7364
-23.6353
-4.92818
21.4632
-16.5351
147.958
-220.368
-32.4167
3.75223
28.6645
16.9424
17.243
78.0475
72.6765
-150.724
111.471
50.6649
-20.0178
27.496
28.1145
-259.886
-56.6612
316.548
134.587
-227.858
169.497
-91.4495
269.558
42.6556
96.2154
73.2815
44.4383
114.829
37.6165
258.764
24.2194
-28.2356
-8.20955
19.8462
-11.6367
-27.6703
-4.74642
-372.091
286.195
85.8964
-108.435
-110.242
152.236
-1.21363
-129.754
130.968
-38.5609
-9.13832
-78.9965
147.875
-123.581
43.6592
-8.841
6.63149
18.2712
20.6612
-38.9324
-29.0054
-245.402
274.407
-71.4995
-89.4062
-21.3807
-46.7486
38.9599
-19.8462
-19.1136
-20.7396
-5.4575
26.1971
208.561
206.019
-198.48
225.017
-120.074
-19.7329
-6.39186
26.1247
-50.2983
-15.3475
160.228
-144.881
-33.7975
159.791
274.265
-298.962
-36.101
-0.117064
-160.782
52.1385
93.6851
-172.682
-160.112
-44.0959
-193.909
-11.9604
-29.0374
239.308
-104.722
-11.2339
-11.154
301.898
-256.891
-90.2049
-3.04359
-40.3484
-193.99
102.54
-11.2411
29.5123
139.214
-139.602
0.388655
299.329
56.3217
11.9637
14.3522
-26.3159
246.703
-10.115
47.2052
-9.06788
-214.824
-116.019
28.5471
7.12451
-50.8407
296.788
32.7186
-62.1688
14.2532
-75.2775
228.659
64.2613
-2.93566
23.018
-3.85462
12.9376
-11.6919
20.8429
-8.13645
-204.241
167.736
36.5052
-54.1253
-4.30758
-48.4697
131.828
-131.828
9.2421
-17.4517
25.653
26.9698
46.3143
105.336
98.898
-120.386
-33.2042
-68.7539
75.8306
19.8978
-95.7284
8.96718
-0.847339
-8.11984
9.75095
-35.5108
84.7839
77.2107
15.4224
-17.5458
-54.1406
0.794929
4.79805
-5.59298
-4.12553
17.5787
-13.4531
68.8474
-27.6615
-0.84721
25.9942
-30.3922
-8.34933
38.7416
-6.09965
-0.895243
-297.785
355.019
-57.2336
23.393
458.08
-42.6228
-415.457
-31.6433
-8.75258
38.9599
68.0002
-89.6872
-335.411
425.098
14.2522
20.6282
-58.9761
-21.1141
3.24555
17.8685
355.285
-283.135
-251.255
-56.4326
307.687
-205.305
214.222
-41.7973
-8.98494
-1.71316
-86.0033
233.961
-24.1528
3.2851
41.6502
26.5234
141.603
-151.896
10.2934
-0.0431921
-0.0463962
0.0489333
-0.0464964
-0.139132
-0.0470853
-0.0469674
-133.801
-5.35383
-176.98
-4.25019
-82.429
-7.77582
-35.8497
324.236
176.591
-2.88498
30.4124
-33.6813
3.26889
15.7421
-167.44
151.698
-239.057
181.952
12.4504
-38.0351
114.934
-3.82825
-2.37318
-5.6149
-2.34029
-5.6674
1.00061
-86.6594
198.131
-0.379358
0.523724
0.487253
0.523503
0.489752
0.489823
0.523697
81.9109
289.476
-371.387
0.487005
-55.6266
-73.4205
52.0283
0.733103
-186.564
83.4544
-4.80789
238.771
20.5914
-188.581
0.569774
-14.5085
-51.7608
1.46245
-182.728
236.143
-53.4154
136.785
-64.1089
-68.5214
35.0227
-7.30269
-308.319
394.285
-3.19749
-0.392885
-3.40038
-17.7137
40.3593
-80.7077
-171.5
6.30665
73.0081
219.305
-295.929
76.6242
304.615
-289.043
161.206
7.28371
-56.9426
5.99823
-101.439
-270.652
-102.26
11.6722
90.5878
-197.197
236.093
-38.8956
-135.534
13.366
288.988
-29.9498
-191.381
102.06
89.3205
-266.776
-16.9354
-285.665
142.117
143.549
-279.884
-175.587
263.96
-88.3726
-169.194
93.6706
75.5235
-314.143
285.138
32.3211
-39.5746
-54.8353
94.4099
-383.267
287.589
95.6782
-4.75882
46.6081
291.593
-30.8912
-260.702
3.11032
6.93545
-166.069
-46.6043
6.06656
-264.064
273.417
-9.3533
-4.56245
-20.8735
32.8372
-3.01535
-42.4588
19.1756
-216.373
-188.015
135.711
63.9565
100.577
-81.8148
94.8834
-13.0686
-91.945
-123.518
-57.7747
7.37353
11.6066
-222.389
109.757
78.8775
72.6946
-31.0444
-225.829
54.1211
363.242
247.033
41.9553
-97.781
-46.2972
4.33173
-20.397
21.9879
-107.806
-42.918
-271.089
7.02478
-253.104
-6.89954
-6.90232
-6.9013
6.91496
-6.90015
-6.89985
-6.26307
1.20092
101.895
-135.099
-221.457
101.623
119.834
-87.5778
40.2104
32.7995
3.60229
57.9612
-38.6144
285.647
336.055
-36.726
-145.821
-77.3784
-46.1132
78.8318
50.5531
4.88182
-71.4341
35.4092
-3.6434
-10.1651
-16.6527
-79.0487
95.7014
79.4329
216.781
-84.5801
288.561
-18.3783
-14.6132
26.8287
-12.2156
-19.2726
4.79795
14.4746
98.2993
-114.889
16.5892
74.4638
-101.689
-3.63722
-10.9344
0.461188
21.0021
204.956
-251.831
-7.70135
25.2039
387.105
-305.194
33.5419
116.081
122.332
-277.867
-20.7104
9.62112
-21.631
-2.70835
22.0716
-137.121
228.34
-91.2184
45.8927
52.9946
49.8241
-155.886
129.359
300.762
-26.4969
-1.5599
41.3805
4.41898
-51.7359
244.967
-193.231
21.8513
92.8757
-77.9051
-91.289
243.338
-323.019
-29.4035
68.7687
-90.6443
-18.9278
11.2265
16.2031
23.8435
267.75
100.433
357.647
-334.658
109.889
10.6945
3.12137
-30.5479
-3.13341
-155.399
136.522
-112.219
-24.3021
-104.244
-11.0865
7.68609
32.8376
-40.5359
86.6709
-46.0847
209.138
-99.381
130.061
-105.578
-180.087
-8.60582
-32.6717
381.212
-423.834
118.686
-180.551
-27.4372
-177.868
51.0838
85.4377
56.4626
-147.78
9.53287
-43.0283
135.628
87.7816
-223.409
-54.0546
64.278
-81.087
14.9039
-290.116
-81.9046
0.0897745
39.4506
-20.9775
228.197
-402.143
-28.1415
2.21411
120.565
10.403
299.552
-376.38
76.8289
19.9917
-99.8967
79.905
-386.624
336.178
145.96
93.3484
12.3509
-13.6666
1.31568
15.3467
55.8117
50.4621
86.3232
35.4078
51.2631
192.047
31.8089
14.5069
-46.3157
-187.71
3.7004
-6.06992
-94.8968
148.017
-184.118
451.119
-488.88
16.8527
6.91496
-6.9013
-6.90015
-6.89985
-6.26307
-6.90232
-6.89954
197.629
-103.958
47.8934
-43.0418
-4.85159
-123.03
-211.627
63.1851
-75.6133
207.322
-105.261
72.0672
-48.3502
299.859
-251.509
-56.664
207.345
-150.681
-27.3409
-105.469
-88.5213
-382.107
288.648
93.4595
-90.3485
-95.44
-10.0383
105.478
-260.485
302.495
-42.0101
-147.175
-58.3698
48.2548
-13.7213
0.464865
1.26349
42.6918
34.4447
301.611
283.827
388.281
-300.404
-53.4477
353.852
45.298
-54.3659
-398.849
139.447
259.403
-395.554
201.606
-2.75635
17.1086
70.2525
17.0283
-20.6717
28.2587
-220.814
-110.234
265.63
7.7871
451.053
42.3511
-50.957
60.6813
-69.8196
252.705
4.79508
-257.5
-8.03327
3.96742
-3.09534
-1.24143
317.002
-97.6974
105.325
-84.3916
41.2294
-49.5788
-424.712
274.591
-37.6811
338.043
-8.17964
0.342408
77.0061
-404.083
327.076
-52.17
-79.1302
214.758
48.7379
-57.7228
58.0705
-66.2705
-189.297
132.633
185.431
113.933
-354.06
187.492
452.12
161.092
192.056
-227.178
35.1216
93.8041
2.15064
2.1421
177.957
12.3776
-15.5608
45.5949
-54.4359
50.7801
-59.5327
-311.326
404.941
253.164
-112.248
-140.916
-361.75
-117.38
-104.077
-15.6277
294.633
-279.006
45.1469
-1.00989
-44.137
-10.7602
8.00384
-79.9989
-114.71
98.057
-247.214
168.083
-202.699
112.35
-127.756
169.089
-41.3331
-5.94182
0.825752
-20.7617
361.075
-60.6214
-300.453
156.583
-212.888
240.544
-27.6561
56.5086
54.6146
273.819
-94.5163
372.165
-243.727
-13.4991
-99.7483
142.44
-100.158
-191.325
-31.0639
197.865
-305.844
107.98
196.426
154.723
1.87743
-6.68894
45.6279
-182.749
-154.009
27.4328
126.576
-55.5174
-285.704
45.0332
3.77788
-0.0180681
167.227
-133.685
2.11859
305.999
-367.673
61.6733
75.4292
-54.801
-111.691
-28.2926
279.847
-14.217
59.994
-286.266
270.638
-101.254
-320.118
68.8632
-4.893
-7.97861
-9.07297
-24.768
-162.942
-299.645
294.633
-60.3986
57.3832
191.697
130.121
-39.2139
-76.6475
72.3399
3.46411
-98.0645
219.649
-107.299
-11.8551
47.3253
-74.455
134.449
-2.89293
42.7948
-150.384
107.589
41.2864
261.208
250.48
-247.975
208.215
-61.3475
49.4923
270.268
9.57917
70.1172
-73.0529
32.1044
7.16042
-0.556573
221.649
-269.999
85.989
-104.276
-6.39634
-90.4025
340.882
131.409
35.8177
118.708
-74.1045
-45.685
200.287
162.955
39.1038
-144.572
28.6806
131.023
-45.8102
-25.0176
-89.6921
-264.591
249.517
-364.627
-18.0086
-365.999
310.482
109.721
-134.738
68.9927
-70.7059
90.6054
14.72
-178.462
185.397
-9.37016
48.2967
467.785
-25.0875
-142.353
117.193
184.822
-175.356
-119.791
-209.427
-25.6924
-17.0153
-1.90557
-338.542
186.636
-16.6262
303.618
-280.793
-111.797
-316.589
208.591
107.998
-258.953
-51.9861
310.939
-30.6685
-307.23
384.236
-147.175
-187.768
70.3884
232.597
67.2622
68.6382
-68.6185
34.6531
-295.749
261.096
242.866
111.304
174.204
-81.8926
74.275
-0.32594
38.9036
260.648
323.827
-80.4888
39.638
-11.0737
42.8826
5.24044
163.842
-169.082
18.224
68.0246
-66.5622
298.974
-360.403
61.4295
-1.08291
-3.24937
-1.06014
-3.27341
-1.30471
-2.5648
1.2466
2.60557
-1.30753
-2.56145
-1.07959
-3.25034
-0.525779
-2.52617
-1.08413
-3.25707
1.99754
2.44188
2.00434
2.44356
1.02101
3.3613
1.02039
3.36198
1.05298
3.37888
1.02093
3.36213
242.734
-114.606
78.8622
46.4478
242.234
-279.935
37.7013
30.5504
31.2303
-61.7807
246.371
-144.907
-101.464
17.745
299.756
-353.203
-255.208
296.495
-378.831
317.782
244.283
-115.152
-41.6015
156.753
41.5791
263.589
-320.25
-44.4692
-72.5354
-97.1541
120.547
119.908
49.1808
33.4159
-346.971
26.0588
257.229
-283.287
-109.502
126.092
31.5578
0.871478
-32.4293
67.5961
-66.863
-67.072
-27.8785
-258.398
326.459
-68.0606
-267.202
250.908
16.2934
-117.985
69.2124
24.9677
-273.669
248.701
116.033
-54.5063
94.7167
-85.9718
-237.048
-321.489
223.792
98.0363
-20.8256
-320.099
-238.905
-153.438
430.801
164.685
77.0002
-241.685
-192.872
188.622
191.868
-194.753
-177.173
184.456
-67.0478
68.061
-65.165
188.32
-187.75
-204.964
217.414
-318.36
227.958
7.61767
-81.7993
74.1816
228.204
-228.204
-181.752
188.059
-176.317
-104.371
280.688
58.5245
-52.458
38.2959
-45.7865
329.286
322.44
-58.8512
-269.484
-96.7057
68.1825
-66.8671
95.8669
150.504
269.427
-261.639
111.012
11.3197
334.726
-91.8601
70.0008
-64.0025
-3.52343
-164.989
123.656
52.3925
-4.49908
50.4118
-309.365
-317.949
231.977
-227.461
-424.177
381.967
68.8993
-64.0175
31.299
261.151
-292.449
-18.4172
4.28542
14.1318
-2.01645
-100.243
358.607
-105.903
329.286
-278.212
232.426
257.285
-230.343
50.3542
-240.754
190.4
16.5851
-374.765
69.2575
-66.1471
-66.1098
71.1664
-115
-8.61347
103.159
72.6038
-65.2303
-56.5636
-50.8271
-238.966
289.793
276.967
-333.932
253.443
-83.7592
206.523
-258.259
276.373
-327.2
-266.952
413.111
-146.159
263.524
-339.339
75.8159
258.991
-268.345
81.1204
-81.1204
57.4033
-52.9843
197.389
-64.392
-132.997
-94.4299
-31.3643
-242.304
288.528
-72.4867
-154.691
117.095
-45.0279
-279.006
-34.5863
-256.838
303.494
-309.483
291.105
-15.9979
-13.5048
261.228
-329.289
100.187
5.2916
57.4336
-53.1019
-34.3032
69.589
-38.8127
-30.7763
-100.941
377.314
-335.379
-49.6593
47.8312
1.82811
-238.75
-269.427
-74.2869
-125.016
-62.9988
103.835
-366.135
308.901
-179.036
-35.5335
-60.6356
347.6
-77.8876
-328.592
265.627
62.9647
196.852
-218.762
-18.1744
277.166
-61.4074
290.894
-63.5543
183.462
109.107
258.793
233.216
-68.5307
-32.92
14.2255
267.792
54.6481
277.145
-296.179
-308.455
279.051
-44.4237
69.6385
68.3637
138.981
22.0138
-133.398
-290.544
255.958
-252.051
-193.3
-166.304
254.615
-254.615
-21.1967
363.509
-168.003
-195.506
180.513
-192.811
-325.813
266.962
356.654
-57.4981
198.705
164.804
-179.515
-176.417
-313.707
287.211
340.16
-309.474
288.764
104.789
13.6035
451.436
-63.1546
380.924
-342.02
165.493
-358.793
260.003
36.4915
-39.1322
-268.437
307.57
-256.91
404.728
303.331
-42.1224
-9.77642
107.598
-116.912
390.732
-52.5616
20.659
-136.018
-78.7552
-91.4781
91.4781
-38.9276
298.931
-73.5181
-286.016
359.534
359.397
-212.992
-146.405
-0.190251
20.4345
-18.1134
-248.965
-309.164
270.031
-26.3663
-221.997
242.588
-333.466
457.661
-35.6795
141.367
-94.5687
-135.584
-288.593
-240.974
192.504
299.159
-273.442
81.6616
151.554
-302.289
333.075
161.032
-163.874
266.156
-318.142
-35.8548
297.005
195.523
-89.9914
-323.735
293.785
-13.0718
-68.7021
-283.449
-25.6498
284.442
-277.288
210.677
-345.586
306.971
-205.384
205.384
-67.3631
-65.7654
23.0228
-13.2718
-12.1438
262.949
53.9007
15.6883
92.9417
-101.954
-12.0147
-60.1864
280.33
-235.556
-17.902
235.547
-202.636
-9.12834
75.9155
-66.7872
170.025
129.885
-3.78903
-0.453088
-159.297
159.297
-44.1505
-277.493
321.644
81.5081
307.254
5.60703
18.9733
104.695
-121.571
-380.995
278.461
6.55561
-285.016
-25.1106
-115.014
236.619
-81.8194
127.447
114.907
328.534
-32.3922
21.3185
-263.565
210.149
-9.72751
40.0226
-252.516
196.889
-226.362
-174.74
174.74
32.498
84.5971
-142.322
142.322
115.071
-115.071
171.9
132.221
-304.121
23.7407
-9.55616
136.365
-64.2226
-72.1422
-199.412
274.572
39.9642
-314.537
264.403
31.5408
18.1437
270.947
-316.58
-24.9881
-7.40408
12.7982
-0.447271
-194.964
-170.956
282.016
-326.167
29.7106
-315.726
-12.6096
108.3
8.96044
-12.128
285.931
-11.3588
35.111
324.423
105.597
-96.0869
122.967
-139.762
16.7946
263.076
190.639
-144.191
-14.932
230.187
-161.823
-187.651
-180.067
-158.707
235.707
246.848
-150.981
25.5623
-157.223
-85.0787
276.665
40.2553
-316.92
-221.439
304.45
-25.9888
30.0645
-153.582
-63.8794
-321.248
43.7548
-49.635
315.791
-394.375
-140.117
104.314
115.335
262.878
-3.65577
322.659
-54.8668
306.075
-1.51548
-304.56
-261.639
-93.0607
249.89
-156.829
4.80577
4.82473
391.561
-395.121
127.171
228.683
-355.854
11.0453
-169.984
158.939
-305.986
263.863
260.686
-302.697
-3.77974
-25.1946
28.9744
251.977
-203.787
203.787
-163.695
-268.582
198.264
305.734
-265.937
-39.7967
-11.7491
-126.088
-16.2339
283.928
14.7516
-298.68
-263.494
327.409
-60.4469
87.1501
-96.2784
-102.704
-131.261
301.286
252.285
-304.846
6.51836
141.361
188.128
-401.845
213.717
-44.5831
-226.362
-152.798
324.698
40.8471
274.158
-96.2015
233.551
-345.932
159.26
-138.601
-1.30618
-93.01
-298.739
252.062
265.611
18.8314
-352.518
232.445
-38.6972
-275.839
35.0515
-47.3903
12.3388
-221.439
183.139
-147.321
14.7409
-11.4558
244.392
-288.815
341.186
-284.595
196.222
-10.4588
11.2643
-36.2524
-9.06937
-163.695
220.164
-281.571
-37.8735
302.277
-181.839
187.08
-126.088
-0.491241
-18.4366
77.0612
228.6
-285.163
18.9876
-281.152
-45.0144
273.024
-237.968
30.8844
274.849
13.9653
194.596
-45.2992
-336.959
298.262
-280.882
52.7599
228.122
211.328
-278.4
-156.306
-268.908
13.6468
94.6535
282.413
-325.735
-309.484
133.167
-284.923
319.368
-208.555
83.5395
306.311
-42.4476
176.483
-268.557
92.0743
6.35973
-320.854
-223.591
119.633
-270.075
-46.8455
313.786
202.415
-274.951
94.4529
272.542
-6.53028
-266.213
193.726
4.46992
-46.4447
-12.0811
-31.0683
293.946
-9.55261
240.311
89.6247
-57.49
330.032
-240.406
155.825
282.472
-349.835
45.7162
-342.413
-16.6639
102.653
-265.64
311.356
-54.3477
271.48
-372.421
98.9085
-10.8747
-52.7839
172.982
-280.555
-4.06019
-0.923086
-288.46
18.3085
270.152
-354.931
154.926
5.15671
221.12
-298.518
77.3977
-273.709
-188.029
-6.75244
5.66952
-6.7225
5.66236
-7.6667
6.36199
-5.73204
-5.66952
-5.66236
-6.75304
5.67345
-7.67099
6.36346
-5.67345
-5.73203
-7.65195
7.12617
-6.40536
-6.75153
5.6674
-5.7306
-238.13
146.912
-231.23
131.849
-291.762
18.0528
199.174
-332.862
133.687
-299.486
245.138
-245.967
220.275
247.061
-221.815
124.034
-17.0874
71.4794
-26.1507
317.218
-130.582
166.268
-250.027
-25.6569
-16.0802
25.5014
-261.058
-224.818
135.011
89.8077
20.9376
-12.8832
-8.05447
-60.2153
146.873
-248.126
267.796
-64.9995
-2.06765
20.333
79.4014
163.498
48.6067
-353.358
304.751
183.291
-47.5804
15.4529
-22.857
342.851
83.8226
190.336
-70.2434
165.268
-205.936
40.6683
-0.59387
-35.1589
-39.1988
4.12621
50.5219
-372.607
-5.1992
5.1992
-27.1351
15.1747
101.748
-340.653
173.067
242.246
-415.313
-235.028
129.766
1.03392
-123.169
-115.375
238.544
151.109
-255.831
103.887
-341.1
228.319
-293.318
8.22461
-0.147155
42.5325
224.622
-89.0066
57.9622
38.9483
103.037
-113.455
10.4181
-75.9847
1.19803
103.236
155.691
191.148
-343.946
-31.3101
-277.953
-47.7822
-216.542
-8.29704
0.177202
-114.388
101.711
12.6764
29.1268
162.578
-191.705
3.01757
227.831
1.59725
-324.799
3.1337
-305.714
329.292
-89.7297
-81.2247
84.4378
57.1433
13.2611
-70.4044
-264.067
-51.6591
312.026
-216.265
-95.7612
121.324
-116.032
4.89675
6.97455
-6.97455
53.0537
218.336
-245.992
-144.863
278.691
4.94535
-141.281
-3.59989
5.24001
6.49401
-176.223
275.131
5.01921
80.8244
-45.4152
-89.7346
-259.438
147.19
169.886
-245.163
-95.5754
-51.7751
-2.91567
201.871
-232.935
-339.363
-54.4405
-246.725
301.166
-123.835
52.7578
-248.971
92.1423
278.257
-84.4378
-7.04025
-279.996
342.517
-62.5207
52.6375
-1.00386
-5.92749
5.92749
4.4493
-16.3419
2.70419
-6.4329
59.6645
-221.487
-60.0798
6.97792
212.039
-288.024
135.79
-250.804
25.5756
-14.8069
0.308564
23.7388
83.859
-315.28
267.497
1.81316
-18.3482
-154.789
360.859
-206.069
236.711
51.6804
-34.6563
-337.086
276.9
-113.487
184.285
-363.8
-4.30555
4.30555
-46.6982
24.7543
-114.288
-18.3689
-14.8143
5.35793
-5.35793
-21.3735
-23.3398
-169.57
68.0695
-11.0171
303.864
-40.7878
128.133
-243.133
-0.180886
98.7402
274.492
-1.90853
1.90853
-258.258
306.865
242.12
-331.849
-113.541
113.63
-103.154
-132.593
370.487
-237.894
94.6402
-59.7619
56.2199
-206.901
16.3231
-163.498
-159.358
-270.344
-83.0141
281.78
222.487
-375.925
281.835
236.522
-176.858
-6.08767
6.08767
-227.116
72.4254
-97.0171
-37.0227
47.3405
-99.5105
-410.948
126.149
-230.226
-89.78
43.6953
-141.495
344.046
-248.384
-95.6621
115.337
-115.894
10.7486
-124.958
-279.855
259.69
6.03421
-6.03421
-47.6882
-156.379
-57.8052
-258.775
24.3467
-106.646
52.1398
-2.10672
2.10672
-112.901
-179.934
292.836
-38.1627
-167.773
121.081
-235.369
-230.639
-298.202
201.185
361.009
-147.293
-3.88486
3.88486
184.404
12.9855
-34.9709
-0.476811
1.77188
-1.77188
11.6619
2.71643
-2.71643
-153.005
285.226
180.861
92.5766
120.954
0.370203
450.507
206.442
-319.344
-167.874
81.0565
-259.269
354.947
328.118
-48.9264
-18.2784
5.92371
-5.92371
-91.403
389.579
176.217
-150.641
199.012
-132.358
338.801
-4.23628
-224.447
26.5679
185.957
-309.717
251.912
28.8955
256.311
-309.095
268.722
-290.854
12.6324
282.345
-15.382
-226.092
241.474
-31.5971
-3.08318
3.08318
40.9384
-209.394
-218.627
118.468
232.833
2.38328
-2.38328
376.085
-182.553
-193.532
-24.9962
12.7059
12.2902
261.489
-168.68
240.16
3.84683
-3.84683
-36.8785
191.473
-24.8667
-166.838
-5.39799
0.576712
-51.8009
265.782
-2.6004
2.6004
1.43275
-130.074
-178.233
308.307
206.62
-175.548
279.434
351.474
-144.854
123.648
155.243
-278.892
-1.79512
1.79512
-53.3564
-3.68177
3.68177
-232.932
125.634
-27.6312
2.22104
-2.22104
17.218
-155.819
-2.4232
2.4232
54.6128
28.4032
70.6752
-66.2053
-228.574
-127.28
-2.25202
2.25202
-211.447
2.61914
-2.61914
6.06391
112.644
273.655
-126.465
-214.654
-11.7491
-13.2471
-15.0648
3.71592
-3.71592
-312.699
3.98058
-3.98058
-205.93
-67.4904
4.3928
-4.3928
-57.774
-254.925
4.06574
-4.06574
-114.464
173.721
127.566
259.283
-284.898
-244.754
-15.6212
-289.418
381.877
-92.4592
-2.9418
2.9418
-335.756
310.099
-325.775
174.63
2.52442
-2.52442
-19.261
-107.558
-155.756
-122.671
3.42048
-3.42048
11.4923
-203.879
305.627
-181.16
-173.442
-14.6957
2.78132
-2.78132
-2.94367
2.94367
209.394
-2.18201
2.18201
175.508
-158.29
13.2361
-122.739
-110.35
-11.9106
39.8626
-27.9521
-4.3117
4.3117
0.685551
-1.77139
67.8419
-34.2668
-261.912
7.518
-7.518
273.248
1.95527
-1.95527
-122.419
393.9
-210.561
352.052
-141.492
116.984
-253.634
136.65
13.5746
-108.471
5.16754
-5.16754
-0.0631202
2.9868
-2.9868
-128.061
301.781
-14.86
-6.55293
21.4129
135.569
-25.8489
43.0332
283.835
-34.6996
153.709
-201.289
212.269
282.809
61.8363
-12.344
3.06607
-3.06607
-52.8879
-132.435
344.704
-154.192
258.458
-104.266
-155.449
-60.0119
-19.3384
20.2099
99.8419
-104.623
47.9717
-294.697
-0.250402
301.861
-2.07117
2.07117
6.67136
-6.67136
117.876
-29.6099
-141.714
-17.8459
115.903
3.04084
-3.04084
-1.23603
-7.06101
-2.99192
2.99192
253.179
-227.678
74.1465
-89.0912
14.9447
7.06805
-7.06805
149.344
-77.3773
277.533
-251.713
-25.8202
276.584
-409.177
-57.5166
13.0473
-1.46233
152.981
-215.979
-100.206
-219.842
314.381
-94.5386
-11.3506
-71.6924
0.0520421
-10.8122
-205.49
197.034
8.45561
-21.7927
51.7753
3.91632
-3.91632
2.14972
-2.14972
276.094
28.3774
6.92195
-6.92195
-94.6972
72.4323
-15.0491
-11.8293
194.541
-155.593
53.9007
3.43067
-3.43067
94.0205
-19.8739
-139.473
16.1579
123.315
5.62739
-5.62739
-0.695362
-3.07661
3.07661
-24.5584
-3.69419
3.69419
-68.9338
14.1328
-3.77618
3.77618
126.027
331.634
-110.994
13.3898
-93.3887
6.32034
-6.32034
243.207
14.8228
-18.6026
-291.934
-56.3817
348.315
13.7181
-80.7659
49.6314
-286.092
5.06735
-5.06735
159.191
196.667
-277.892
-50.9466
62.7028
-11.7562
161.147
-261.681
385.187
-123.506
-91.3568
-139.011
4.50338
-4.50338
-109.519
-142.261
78.7066
38.3913
-160.21
121.819
-25.1308
10.1507
14.9802
-38.8127
294.84
125.888
-270.752
184.908
2.17184
190.468
-336.873
-302.54
-229.551
144.472
-153.982
-16.0023
-5.28847
5.28847
-2.26306
-103.268
93.4369
9.83093
-187.647
20.8089
-6.76485
6.76485
-114.891
-11.4023
-35.988
249.278
-249.278
-26.7606
-9.4918
-86.3311
-287.665
4.60133
-4.60133
346.538
-21.1474
-15.0692
9.42235
-202.233
3.84253
-3.84253
-182.94
-35.8223
-330.853
54.3734
-103.119
2.97546
-2.97546
30.0439
281.602
424.269
-182.023
-5.5023
258.725
-1.12368
-4.43906
-8.53945
12.9785
156.344
241.934
-301.696
300.081
-103.858
160.796
-256.371
-171.054
48.3083
177.814
-226.122
-255.898
228.266
-326.59
-34.5184
-221.379
-25.6019
-89.4594
35.8802
51.6097
-56.1088
242.574
-22.2989
276.726
-310.993
-260.136
-4.57221
-330.923
268.717
-208.088
-37.9039
259.502
79.8434
9.34007
-89.1834
-51.4841
85.2406
-10.9656
127.13
234.644
-115.011
-34.938
47.1484
41.6104
-65.2704
121.692
7.37254
108.174
-115.547
46.5691
170.865
-352.025
244.952
-115.186
5.6807
-5.6807
-114.464
8.00076
-8.00076
241.575
-0.599942
11.6691
93.9278
-20.4838
4.88629
-4.88629
-1.75539
16.5782
-105.117
-52.7624
-106.151
107.352
275.974
5.27384
-5.27384
251.651
-104.74
11.198
-217.739
-48.5452
-167.096
10.7468
6.36346
-6.40536
7.12617
-5.6149
-5.73203
-5.7306
6.36199
6.25318
-6.25318
6.25015
-6.25015
-5.73204
6.25255
-6.25255
136.701
1.69094
0.268867
-97.542
-17.5287
-19.2991
5.44494
-122.985
-6.74689
-135.29
-104.271
-200.305
-174.381
-53.544
263.693
-53.3297
55.1578
260.592
48.2289
-34.3205
-126.237
194.33
81.3701
241.071
-322.441
-109.164
35.0036
-42.1366
7.133
123.744
203.318
-8.72178
429.106
-124.491
97.542
-54.8787
15.635
-141.872
-185.354
193.579
-16.4814
224.352
92.8435
-140.561
47.7178
-5.18946
5.18946
54.7526
-303.137
241.41
-115.776
-59.3057
-144.052
136.549
-251.013
-55.8151
-187.815
187.815
29.1417
130.038
-2.9888
2.9888
-159.746
-56.2331
-151.354
149.091
-45.1777
-321.062
302.693
119.568
159.123
58.9165
-71.0445
5.2015
-5.2015
-356.062
-69.2489
3.36701
-3.36701
-269.396
-372.03
350.525
52.2802
56.0171
-69.0889
115.339
-295.273
-185.667
190.823
-245.452
140.83
-95.0816
-113.603
117.724
0.428186
125.125
-124.011
190.945
-5.47932
170.185
-164.706
320.635
129.872
-175.355
-64.3035
137.394
86.3374
256.117
-76.7765
82.0165
-204.499
277.033
-41.0524
-0.0892698
190.011
-196.444
0.368772
145.175
-256.169
-50.9379
61.4123
-10.4744
-57.3994
52.5525
-97.9677
-149.86
-218.968
-423.83
-76.7935
79.9272
-314.119
-97.7331
-15.7222
-134.301
-169.82
-131.009
119.659
215.63
134.649
-83.9842
0.211222
-3.73465
0.163139
-3.68899
-63.2342
-11.6152
74.8495
-243.398
215.321
0.0467355
-32.5108
-55.8865
-64.5704
-13.3551
77.9255
-30.7235
5.52892
-110.381
77.4613
74.647
-79.6706
-65.8103
65.2164
-0.881037
-13.8847
14.7657
-8.66361
205.697
-123.016
268.191
1.71011
-78.4947
79.6927
-66.6331
-81.2132
77.153
-0.392845
260.765
-149.007
-104.221
-126.519
-127.115
0.866667
-93.7241
135.688
-128.315
119.843
110.915
-289.148
-0.980378
166.849
-74.0054
-94.8242
39.0091
-3.04741
151.445
-76.9143
-115.065
10.8445
-128.162
1.85796
0.588169
95.7535
-105.306
292.509
-231.475
-61.0344
50.6397
42.8303
-251.002
156.305
-80.6653
-15.6131
-1.80462
0.367121
-0.17118
-78.2833
-0.225375
308.467
-47.3714
-3.41459
0.0648904
-0.410128
8.03818
48.6974
-56.7356
-310.434
-92.0419
77.1099
40.4633
-95.177
164.101
-267.22
98.0607
0.0355516
-84.0862
-18.1698
102.256
199.133
-222.473
74.7818
16.9925
75.4305
-253.347
-73.8532
-199.025
-210.832
116.728
-395.27
278.542
322.341
-240.971
67.6671
-280.574
-91.8473
-290.029
420.8
-116.187
280.288
15.1997
-1.71992
50.4187
359.936
140.341
0.613575
9.36437
-9.97794
39.8648
-284.363
-194.415
26.6421
-0.025231
-166.684
-202.495
271.678
-251.007
-48.9452
214.767
0.22213
-192.12
-148.98
-1.69751
-171.924
0.438758
0.587064
-303.148
271.838
0.1159
-26.4212
-158.535
-220.206
-120.447
64.5098
-284.352
153.361
61.3967
7.41143
60.6581
-1.3301
-94.6623
-231.606
-144.32
258.624
95.9075
-289.286
-0.0819911
0.345504
22.9258
-29.4787
4.2941
-20.8471
-225.592
-43.8034
-61.4171
113.97
-365.71
-281.95
210.257
-0.181056
-51.093
283.804
-262.198
23.4922
-275.205
0.0979483
-324.064
2.16352
236.1
-354.427
-130.678
-112.606
-20.6357
-148.447
-178.3
-85.5742
193.082
-186.723
0.639308
-260.768
-11.0413
104.478
-125.64
-10.6856
-350.014
236.527
0.0031156
66.9733
-208.765
-29.6766
97.928
-16.688
140.003
-87.7383
-1.35286
108.958
-18.5216
-258.943
236.644
224.354
-433.606
234.906
6.69854
-30.6766
-142.505
131.488
-8.55907
-179.088
0.126611
-2.33463
-5.01638
5.01638
96.4596
207.711
50.8809
40.4773
294.847
3.96742
0.55027
-213.825
222.281
-98.8156
19.145
-80.8439
-0.4792
2.79927
11.6367
-15.8294
-8.03188
23.8613
-2.24417
17.6971
-18.6053
-38.1629
0.303166
-17.0622
-5.79471
-9.86955
-9.29475
4.2941
61.9697
-74.5792
-374.319
279.78
-0.733664
-215.151
27.8284
59.2957
-71.4395
15.6627
-103.401
-75.2961
80.3153
13.3239
-79.957
-0.825736
-280.231
72.7116
207.52
-0.863215
-80.0001
84.8968
5.46421
15.9487
-6.87771
-63.4185
53.6909
-50.82
-0.11502
50.935
-31.5898
-10.5469
0.571947
18.0238
94.4793
-96.0392
-76.591
79.6086
54.7707
-50.3214
11.5351
-11.617
195.196
-27.0713
-26.5161
78.5315
-77.4976
28.9845
14.6935
-14.5955
-14.6687
14.4876
7.72841
39.4729
11.6087
-79.4419
77.3743
95.9912
-0.58456
-26.554
-228.433
233.228
-158.455
51.1973
-244.428
10.6439
8.27285
-113.913
339.839
-25.999
4.10073
3.81235
-107.36
-89.8226
83.2923
60.3694
-157.092
9.81946
-37.7715
41.7608
-230.633
22.017
168.928
-129.305
251.362
-282.038
46.4439
-203.646
305.589
219.853
-254.553
30.9971
-23.8641
-160.875
168.226
-40.6646
67.8719
93.3996
-124.018
-6.99098
31.1986
-169.363
59.2044
-70.9535
232.016
-21.5413
-139.741
-33.2842
91.2464
-39.2334
181.738
-217.56
130.64
-164.497
216.177
373.182
-2.89293
-28.9999
-99.1494
81.2474
258.461
-13.0471
13.0471
262.693
-11.7778
12.3649
110.635
-96.6488
-4.28488
-69.1643
296.995
-65.8516
14.9137
-99.8537
125.416
-20.2241
58.949
43.8665
-3.82615
268.863
11.1383
3.53878
232.221
196.885
-164.688
5.00481
216.382
-104.729
8.10333
2.36903
-50.5061
16.1081
-61.9741
-80.5309
3.33613
5.14888
-58.2045
2.76641
55.4381
-1.91594
1.91594
-1.11248
1.11248
167.36
0.844966
-0.844966
1.12848
-1.12848
0.727366
-0.727366
1.2912
-1.2912
-1.23275
1.23275
-1.00986
1.00986
-1.23798
1.23798
-1.23453
1.23453
-1.12694
1.12694
-1.06338
1.06338
1.11451
-1.11451
1.25075
-1.25075
-1.00891
1.00891
-1.24544
1.24544
-1.13998
1.13998
-1.2459
1.2459
1.23955
-1.23955
1.12702
-1.12702
1.1577
-1.1577
-1.16299
1.16299
1.22652
-1.22652
1.12769
-1.12769
-1.06323
1.06323
1.11446
-1.11446
1.11591
-1.11591
-0.840704
0.840704
1.25054
-1.25054
-0.726845
0.726845
1.13109
-1.13109
1.116
-1.116
-0.721578
0.721578
-0.92091
0.92091
1.10263
-1.10263
1.15959
-1.15959
-1.16297
1.16297
1.24562
-1.24562
1.20925
-1.20925
-1.21978
1.21978
0.727243
-0.727243
0.719422
-0.719422
-1.25109
1.25109
1.30927
-1.30927
-0.857565
0.857565
-0.845042
0.845042
-1.15548
1.15548
-0.719426
0.719426
1.09156
-1.09156
-1.22008
1.22008
1.964
-1.964
0.721939
-0.721939
-1.20919
1.20919
1.11066
-1.11066
-1.1553
1.1553
1.10899
-1.10899
1.21947
-1.21947
0.837707
-0.837707
-1.28968
1.28968
1.26349
-1.20918
1.20918
1.10891
-1.10891
0.838343
-0.838343
-0.90324
0.90324
1.12435
-1.12435
0.837926
-0.837926
-0.983837
0.983837
12.4834
3.82615
-43.4745
-99.216
54.0214
-14.1566
110.739
-336.331
1.11394
-4.74299
-13.3127
22.0395
-58.2894
13.1117
-49.9559
-74.0019
123.958
2.19515
-238.771
207.174
2.34862
-145.463
-3.83894
-69.049
1.32397
132.979
266.116
-329.27
-13.2024
-139.483
-109.916
-242.109
-65.9667
-12.6696
-3.10509
2.70178
-119.374
48.2677
2.66729
-30.0346
-8.12831
65.927
322.123
19.2683
5.48603
-1.19517
-149.328
-32.8904
72.41
0.92189
222.891
15.5053
296.303
-107.731
-168.57
134.626
-183.491
-76.948
207.883
1.19517
-239.977
315.408
260.948
-38.6289
111.045
5.99344
-25.6527
19.6592
129.272
-36.2129
5.48941
3.78889
313.827
-2.01657
2.14578
-171.376
206.498
262.121
71.0792
-40.813
-13.3056
159.904
-219.916
330.705
-94.1788
-155.739
-220.642
310.284
-2.34862
-1.01839
-48.8151
-110.518
196.934
-283.265
40.3884
-335.387
-10.261
3.55911
6.70185
197.353
-7.34198
50.5684
44.1483
27.0504
37.7933
-1.32397
-85.4917
189.294
245.323
-176.856
303.544
-40.851
208.473
9.09119
196.827
23.9121
1.06004
2.01657
-10.4472
-145.544
3.67168
50.957
0.45696
368.966
-81.1448
50.9371
-115.046
-7.14942
-108.397
-43.3223
13.2876
-216.416
102.812
239.501
42.2001
-20.4322
-153.411
110.765
198.552
98.6911
-103.291
-6.09965
-196.226
37.2011
13.769
16.0637
-29.8327
-282.332
44.6573
-11.5007
-9.87874
-106.446
-47.3787
-59.6411
-249.201
-6.55627
-52.8277
-19.0584
12.4476
-243.081
-244.681
284.172
13.8782
20.7309
-5.75076
-7.23219
109.404
196.349
-16.8952
-73.4882
7.11798
-9.99994
210.739
-200.739
18.9909
-3.81626
12.1085
-6.3844
61.6325
-103.234
16.0572
-5.7479
64.9709
-104.43
108.427
120.723
112.883
-0.8284
12.454
4.77177
33.8167
-96.259
62.9748
274.084
29.46
-5.18025
-263.725
110.183
-77.3914
61.6105
-113.177
-153.539
-109.262
21.1661
-57.1541
-9.8222
16.5329
13.5389
0.14174
7.54698
-63.4335
0.672797
96.0886
-94.9747
-10.8702
14.4538
-52.464
28.6987
93.4618
-14.9446
-10.0132
67.0943
-173.916
1.39251
-229.662
20.9947
14.1975
98.9508
-200.294
-116.354
-107.396
64.4776
-151.852
52.7854
191.998
65.6445
-126.297
4.76
11.0844
-10.9578
84.843
-124.113
-266.598
-4.27782
111.63
232.536
115.136
-59.9244
-55.2557
-1.24554
1.24554
68.9662
-314.368
-123.19
86.0074
6.14235
-26.1602
0.637206
265.109
-3.94918
195.698
-4.5549
215.294
-215.91
214.786
19.3321
-66.3478
-0.8284
-2.75156
10.5193
-98.6483
137.359
-27.2196
3.13905
20.0546
-153.102
94.4133
-2.84632
-8.77073
4.99807
-64.7489
-234.17
7.33452
-3.28439
-13.6108
23.2833
9.406
-126.256
-13.1802
4.10727
-11.5296
-93.3621
-199.798
-3.84779
-94.5427
-2.77471
97.3174
8.5486
321.64
80.0082
19.1165
-196.707
-140.166
-37.5712
-143.909
-98.0596
-231.835
-149
117.691
96.4221
-0.333442
219.637
-71.7653
1.2474
283.488
265.641
-198.547
-34.4628
-38.6317
84.9704
32.6407
-46.2256
266.139
-9.01498
9.56525
169.881
26.468
20.8461
12.3259
0.119572
0.121233
-0.110955
-0.105058
-0.112605
-0.105462
0.0281774
0.199394
-0.0793954
202.426
18.103
-14.5843
-200.259
278.56
-115.685
335.323
0.975515
-10.8543
-6.3103
-18.5269
42.8947
21.8364
247.084
-23.1011
-5.58075
-105.492
66.107
6.34264
-211.684
-72.6683
-178.745
97.7494
-161.85
56.4273
-2.35003
-2.17028
0.821876
-111.277
-8.44433
-5.46485
6.41328
3.22375
-2.63178
-0.62372
-20.0875
6.47818
-22.3143
-5.70799
-110.683
-0.62372
-154.44
-63.1203
122.616
4.86028
12.2942
-12.7734
64.7378
-372.481
-31.6825
19.6014
10.5972
72.5515
-288.685
-74.8683
78.4071
281.372
89.6081
245.79
0.621819
8.39171
-0.604573
-2.36764
-8.48661
2.39209
11.8299
84.4348
5.17328
-124.228
6.70496
13.9705
9.33958
-6.94749
-2.81657
242.031
-6.55875
-131.539
)
;

boundaryField
{
    frontAndBack
    {
        type            empty;
        value           nonuniform 0();
    }
    bottom
    {
        type            calculated;
        value           uniform 0;
    }
    inlet
    {
        type            calculated;
        value           uniform -2000;
    }
    top
    {
        type            calculated;
        value           uniform 0;
    }
    outlet
    {
        type            calculated;
        value           nonuniform List<scalar> 
14
(
1999.98
1999.99
1999.97
1999.98
2000
1999.97
2000.02
2000.03
2000.02
2000.03
1999.97
2000.01
2000.03
2000
)
;
    }
    car
    {
        type            calculated;
        value           uniform 0;
    }
}


// ************************************************************************* //
