/*--------------------------------*- C++ -*----------------------------------*\
  =========                 |
  \\      /  F ield         | OpenFOAM: The Open Source CFD Toolbox
   \\    /   O peration     | Website:  https://openfoam.org
    \\  /    A nd           | Version:  7
     \\/     M anipulation  |
\*---------------------------------------------------------------------------*/
FoamFile
{
    version     2.0;
    format      ascii;
    class       volScalarField;
    location    "20.5";
    object      p;
}
// * * * * * * * * * * * * * * * * * * * * * * * * * * * * * * * * * * * * * //

dimensions      [0 2 -2 0 0 0 0];

internalField   nonuniform List<scalar> 
7807
(
1.84462
1.51275
2.00062
1.8586
0.886434
0.278551
2.03325
1.13047
0.572259
1.602
0.234191
0.999623
1.19057
1.45337
1.61098
1.29558
1.85023
1.24449
1.22684
1.45949
1.55473
0.926938
1.40042
1.79239
1.27286
1.85303
0.874615
1.49633
1.73173
1.24573
1.31835
2.08223
1.40124
0.761201
0.465573
1.55561
1.26012
2.02122
1.20035
0.654177
1.20217
1.28913
1.46334
1.54554
0.581608
0.365448
0.918117
1.19048
0.365022
1.46042
1.05568
1.48412
1.30308
1.40565
1.55531
1.1206
1.21677
1.1288
1.35958
0.759168
0.295516
1.09672
1.45285
1.0089
0.777313
1.31945
0.562646
0.048328
1.68617
1.18111
0.351829
1.43112
1.25755
1.35713
1.22689
1.39937
1.99114
1.54726
1.61669
1.43142
1.1785
2.08037
1.62295
1.35477
1.0222
0.987824
1.14406
1.29085
0.89098
1.04623
1.7397
1.55183
0.494026
1.18919
1.07399
1.31116
1.43087
1.40839
1.02203
0.851887
1.40447
1.62752
1.06297
0.192439
1.563
1.7535
2.29893
1.12633
0.0139089
1.4566
1.84091
1.46857
0.022505
1.46843
1.75274
0.780753
1.49289
1.6901
1.41222
1.37192
1.41823
2.06528
1.46755
1.2898
1.39674
0.929663
1.29188
1.21288
0.819517
1.31125
1.51795
1.61165
0.805598
0.901865
1.37003
1.83288
2.34893
0.186576
1.20191
1.51376
1.35518
1.43653
1.40138
1.35566
2.29936
1.43649
1.73504
1.36225
1.36173
2.05812
1.5441
1.55596
0.996749
1.66822
1.61928
1.98376
1.41127
1.18637
2.12445
0.343776
1.19516
1.80597
0.215064
1.12421
1.09385
1.90026
1.90243
2.1106
1.12238
1.06273
0.0572466
1.3621
0.767934
1.52025
1.21534
1.34133
1.57973
1.73713
0.500588
0.801027
1.86261
0.306995
0.446263
2.02387
1.5127
1.45328
1.40934
1.34813
1.43313
1.52949
0.215801
1.42592
1.74448
1.06567
0.376622
1.78475
0.897
1.30395
1.42565
0.0572361
0.974113
1.84305
1.77308
2.00568
1.4932
1.47149
1.47967
1.51408
1.83965
0.572999
0.276005
2.18093
1.2811
0.801259
1.42437
1.29861
1.95033
1.9645
1.43628
2.0968
0.879491
1.24994
1.41562
1.57725
1.46611
1.81461
2.14315
0.473129
1.28675
1.70621
1.16621
1.68633
0.897545
2.09056
1.98533
1.13994
1.22194
0.646293
1.74197
0.442918
1.24684
1.43035
0.376894
1.04115
0.88804
1.73992
0.237539
1.0634
1.42879
2.0534
1.6003
2.13634
0.276983
1.42332
0.667834
1.99968
1.08778
2.32125
1.23935
0.982248
1.46973
1.52167
0.770979
0.587824
0.775952
1.17464
1.46076
0.261224
1.40772
1.07548
0.506583
0.82033
2.17153
1.16647
0.786442
2.23581
1.03871
1.84244
0.663976
1.36821
0.0782284
1.394
1.56723
1.58997
1.36211
0.792808
1.45349
1.31606
0.555379
0.763655
1.0849
1.17739
1.03699
0.989228
1.35538
1.46589
1.34497
1.55452
1.39152
1.94668
1.95777
0.941434
1.56914
0.0669956
1.1129
1.32128
1.78234
1.64675
0.441385
1.10214
1.37449
1.74684
0.925571
1.06591
0.92448
1.63861
1.50345
1.91085
0.959196
1.5269
0.488007
1.22018
0.346144
1.34816
0.667453
1.38824
1.55004
1.38894
1.37073
1.26735
0.742535
1.4655
1.32154
1.63933
1.74231
1.467
1.53685
1.32345
1.1667
1.43654
2.10207
1.53581
1.48572
2.13862
0.972822
0.971467
1.54485
0.994744
1.43269
1.16452
1.0384
0.977852
1.72471
0.529712
0.758694
0.399895
1.05154
1.23911
0.105852
0.867096
1.35388
2.09513
1.38364
1.27419
2.15398
1.97488
1.61198
1.57818
1.37676
1.17416
1.88163
1.21415
1.88427
1.43673
1.47128
1.77538
1.88262
1.40176
1.63517
1.81236
1.85511
1.51382
1.05869
1.10973
0.442816
1.42351
1.23383
1.0092
0.49137
0.950401
1.45325
1.6709
1.3093
1.26408
1.09338
1.52079
1.18897
1.1976
1.78765
0.935393
0.324651
0.556903
0.4681
1.33586
1.71575
1.14315
1.45654
1.46194
2.02703
1.21342
1.21244
1.13747
2.15442
0.853383
1.9047
1.74184
0.466815
1.4353
1.04732
1.43952
0.751316
1.61871
1.33301
1.19924
0.859941
1.72433
1.75002
1.4515
1.35882
1.09467
1.41158
1.66283
2.1392
1.50562
1.23504
0.0245041
1.27234
1.00206
1.4554
1.46129
1.55654
2.07455
1.73055
1.48867
1.79517
2.18291
1.41439
1.01119
1.88062
0.985819
0.605949
1.22556
0.423917
1.4737
1.32982
1.39249
1.00104
1.7903
0.99674
0.298438
1.4674
0.98058
1.60296
1.41231
1.40249
1.61109
1.70762
1.64803
1.65483
0.622531
1.66414
1.65025
0.81694
1.3014
0.765572
1.38213
1.39689
1.11562
0.919324
1.73416
0.234694
0.584801
0.980512
1.33574
1.41757
1.37834
1.38474
1.45723
1.4675
1.46488
1.86619
1.56032
1.16907
2.09589
1.43319
1.2475
1.37289
1.31747
1.31039
1.23613
1.48093
1.53408
0.31997
1.45356
0.423858
1.96738
1.69633
1.12099
1.21439
0.551931
2.09794
1.91162
1.64602
1.74847
1.43578
2.51547
0.509378
1.52599
1.27059
1.74305
2.15238
1.65012
1.71768
1.26299
0.584168
1.73399
1.53213
2.11083
1.60059
1.82162
1.1795
2.0506
1.89815
1.21639
1.18977
1.71093
1.41945
0.54172
1.266
1.42632
1.45149
1.25927
1.26316
0.589869
1.90955
1.25065
0.467773
1.46256
0.775611
0.601749
1.28367
1.81219
1.46631
2.16098
0.357821
1.80728
1.44722
0.570131
0.170135
1.72734
1.80372
1.10401
1.77885
0.248438
1.7934
1.46899
1.22852
2.26862
1.42004
1.73963
1.35664
1.79002
1.79925
1.30234
1.3357
1.23757
1.05424
0.622657
1.24299
1.86949
0.294028
1.78244
1.47164
1.99001
1.76813
1.43076
2.1165
0.963978
1.41785
1.49122
1.36587
1.16847
1.44417
1.55547
2.11569
0.305531
0.987523
1.46656
0.0750532
1.96418
0.973552
0.0865947
0.57133
0.680275
1.34231
1.44459
0.946031
0.389148
1.1743
1.28521
1.46048
1.46648
1.41057
0.185699
1.4628
1.26441
1.71493
2.01933
1.07146
1.71773
0.542006
1.25237
1.57705
1.17271
1.82808
1.26581
1.53291
1.58652
1.72826
1.32563
1.22895
1.76783
1.45215
1.9976
1.2179
1.84969
1.2143
0.883948
1.70524
1.41931
1.60228
0.963846
0.0729089
1.46222
1.78303
1.07
1.70861
1.25757
1.46154
1.5059
1.38397
0.960323
1.18324
1.44786
1.36287
1.22113
0.712797
2.01062
1.71065
1.46312
0.59965
1.90055
0.204257
0.582379
1.71883
1.38993
1.75949
1.49621
1.39427
1.52112
1.46554
1.60697
0.915663
1.4016
0.350793
1.26959
1.81755
1.2959
1.04052
1.43732
0.984847
0.870904
2.17726
1.22676
0.826424
0.055467
1.67424
1.38496
0.765342
1.03239
1.72134
1.64081
1.39938
0.139437
1.74927
1.32812
1.77874
1.31136
1.34723
1.37166
0.455011
1.57914
1.63321
1.63329
1.47633
1.87234
1.14706
1.76298
1.28852
1.45686
0.696136
1.33556
0.700919
1.73473
1.82784
0.954341
1.40966
1.31422
1.48192
1.47649
0.970748
1.51719
2.12022
1.61365
0.537116
1.63404
1.21682
3.18849
1.25364
1.36351
1.43825
1.36656
1.33791
1.18399
1.2854
1.1676
1.54913
0.448679
1.48585
1.58027
1.9361
1.39527
1.76506
0.964187
1.50259
1.41366
1.80214
1.18268
0.569261
1.32975
1.23084
1.5139
1.34525
1.34278
1.55935
1.27612
1.43333
1.45256
0.0889992
1.56987
1.44933
1.74162
1.51346
1.59796
1.47073
1.89359
1.48412
1.38104
1.44401
2.31571
1.49533
1.25918
1.46621
1.47031
1.47099
1.48159
1.75721
1.04408
1.87002
1.20649
0.775471
1.00998
1.61194
2.06554
1.17502
1.45394
1.73607
0.193724
1.33047
1.44157
1.53843
1.20588
1.01059
1.40389
1.20898
0.229761
1.41808
1.8428
1.43874
1.29329
0.944546
1.7366
0.799731
0.902092
0.684837
0.991469
1.64526
1.46612
1.35202
1.30759
0.372949
1.475
1.54463
1.46739
1.39164
1.34808
0.589531
1.28756
1.43014
1.62588
2.00218
1.06015
1.4283
1.12507
1.47988
1.7342
0.697217
0.618795
1.71965
1.60886
1.40173
1.05532
0.975929
1.42633
0.689746
1.43371
1.23718
1.94013
1.84013
1.50288
1.45125
1.17401
1.40631
1.59143
1.45449
1.44828
0.0678767
1.57989
1.35335
1.45959
1.43377
1.41181
0.727063
1.04785
1.77074
1.37043
0.0411633
1.03798
1.5034
0.535818
1.45825
0.49692
1.31176
1.45872
1.49787
0.491686
0.238297
1.63484
1.45916
2.12458
1.84055
1.56862
0.982523
1.4251
0.575122
1.51048
1.47688
1.59591
1.29159
1.8307
1.40612
0.749303
1.40048
1.47694
0.945679
1.46685
1.42783
1.4016
1.37194
1.51509
1.42326
1.34558
1.49906
1.74934
1.47475
0.0113038
1.47569
1.42692
1.48128
1.34546
0.789281
1.43932
1.46509
1.43811
1.41917
1.71074
1.48687
1.35083
1.36496
1.48574
1.45776
1.49853
0.682408
1.67091
1.77992
1.13089
1.78763
1.4702
1.47857
1.46241
1.76652
1.5969
2.1149
0.0763803
1.6415
1.73784
1.24138
0.892734
1.25638
1.56953
0.386134
1.27056
1.44557
1.26644
1.30046
0.483241
1.5227
0.771233
0.790141
1.83113
1.30431
1.66972
1.3867
1.77534
1.3882
0.860904
1.49227
1.33105
2.04852
0.832278
1.44303
0.765921
0.715702
1.36989
1.4911
0.345077
1.15121
1.44425
0.864228
0.268382
0.504464
1.67848
1.53155
1.25958
0.808932
1.289
1.25844
1.31078
0.760021
1.90855
1.50171
1.79772
1.8704
0.532344
1.65973
1.66468
0.787881
0.685496
0.894182
1.55819
1.47083
1.42118
1.40941
1.44934
1.71909
1.48154
0.0959008
1.28277
1.32559
1.3642
1.06186
1.24487
0.824731
1.39509
0.690008
0.783077
1.27998
1.06249
1.31837
0.108461
1.24426
1.43294
1.53127
1.50972
1.15785
1.20464
1.15964
1.08426
1.4548
1.16159
0.449531
0.788466
1.41194
1.20837
1.07995
1.26561
1.32814
1.45974
1.20242
1.68602
1.21397
1.41671
1.36777
1.30589
1.24614
1.03634
1.10409
1.02969
1.23361
1.24879
1.76214
1.7105
1.5579
2.00119
0.333457
1.16111
1.25034
1.15671
1.66423
1.28567
1.57394
1.18037
1.78315
0.958858
0.954444
1.49964
1.42109
0.63361
1.38926
1.09647
1.2938
0.196672
1.10908
0.94365
1.26939
1.52175
1.38256
1.27606
1.23256
1.35031
1.60813
0.949982
0.925567
0.929758
2.13107
0.670465
1.59746
1.30267
1.2905
1.33239
1.41126
1.34714
1.36136
1.28764
1.07705
0.429705
1.05474
1.34378
1.58872
0.868623
1.73406
1.35451
1.23037
0.791451
1.33897
0.422516
1.6718
1.34487
1.3248
1.31332
1.1972
1.36765
0.887817
1.37809
1.5823
1.32243
1.45827
0.86103
1.32531
1.27777
1.24095
1.02469
1.65907
0.960546
1.2894
0.828144
1.69198
1.3768
1.33023
1.02211
1.18679
1.00372
1.7623
1.54453
1.78001
1.17504
0.874545
0.835873
0.98168
1.75651
1.42348
1.14044
0.595176
1.33166
1.44483
0.946389
1.40954
1.2527
1.46742
1.076
1.36407
2.58644
1.42276
1.3121
1.41753
0.234203
1.52328
1.02666
1.33622
1.10854
1.36257
1.23785
0.753583
0.998729
0.984116
1.76097
1.08208
0.921022
1.07317
1.42266
1.15302
1.28765
1.19738
1.1518
1.11056
1.02124
1.76912
1.39268
1.01158
1.03538
1.32422
1.23243
1.39927
0.944837
1.57301
1.36417
1.15235
0.94965
1.23906
2.08583
1.76332
1.20037
0.709717
0.977716
1.44854
1.05904
1.3396
0.747927
1.39824
0.920707
1.24495
1.53884
0.940742
1.32949
0.857625
1.94118
1.15338
1.19983
1.54738
1.01262
1.32076
1.65886
2.07034
1.19867
1.21203
0.910125
0.821771
0.197814
0.0448243
1.18826
0.780104
1.68671
0.864498
0.916364
1.24191
0.576499
1.39136
1.45338
1.25863
1.39893
1.32908
1.64129
1.47704
1.56613
1.50081
1.56552
1.62152
1.2158
0.824914
1.21359
1.45777
1.02334
1.24093
1.6226
1.89587
1.44926
0.689715
0.471732
0.850193
0.133574
1.36352
0.815617
1.19275
1.40019
0.672186
1.00582
0.569788
1.60003
1.23972
1.50954
0.97081
1.9761
1.84422
1.1967
1.47799
1.33613
1.32443
1.24073
0.939979
1.459
1.44537
1.393
1.53887
0.563962
1.75912
1.45534
1.16097
1.44756
1.32274
0.732909
1.1669
0.851742
1.40027
1.03147
1.74027
0.595574
1.17005
0.649455
1.50983
1.17726
0.967264
1.49313
0.738995
1.60722
1.66556
1.33468
0.878408
0.461973
0.748644
0.710237
1.42285
1.62718
1.59308
0.569008
1.344
0.742425
1.80854
1.42158
1.82842
1.3858
0.668303
0.742396
1.15079
1.08935
0.848582
0.129494
1.38734
1.38748
0.558255
0.794049
1.28046
0.149398
1.70739
0.852017
1.4043
1.27933
1.10469
1.41076
1.42625
1.67661
1.46448
1.27845
0.606723
1.40815
1.28534
1.5811
1.68639
1.96395
0.8252
1.41669
1.41771
1.88718
1.43425
0.435122
1.11927
1.04437
1.08743
1.39963
1.61923
0.68534
1.48144
1.17445
1.61978
0.705214
0.627184
1.50817
1.85844
1.41196
1.71219
1.03639
0.551429
0.017441
1.47718
1.37575
0.736774
1.66117
1.1871
1.0936
2.16512
0.844314
1.07118
1.42039
1.47267
0.943264
1.64612
1.47469
0.477107
1.43414
0.65797
0.45644
1.68987
1.45183
0.661481
1.41403
1.31483
1.00528
1.48014
0.946853
1.30744
0.981362
1.03625
1.42826
1.37109
1.49613
0.868305
1.70697
1.77539
1.48303
1.32379
1.31395
1.07004
1.70434
1.65669
1.32146
0.520194
1.30339
1.37823
1.44964
1.34425
0.972559
1.55111
1.33432
0.441499
0.450585
1.4862
1.37387
1.31146
1.2808
1.56975
1.39232
0.621844
0.965151
0.65345
1.40044
0.183062
0.935598
1.46135
1.46885
1.69484
1.01625
1.02209
1.31053
1.31564
0.48841
1.39965
1.69394
1.68804
0.155817
0.409861
1.69351
0.994745
1.46654
1.36214
0.983584
0.880397
1.42114
1.51672
1.70081
1.38876
0.873615
1.34763
1.41774
0.769167
0.552733
0.841259
1.5408
1.40088
1.71761
0.545572
2.28023
1.56826
0.56329
0.961457
0.69284
0.711735
0.186558
0.535142
1.45173
0.843207
0.634321
0.521067
1.65746
1.09515
0.527047
0.444731
1.92191
1.30126
1.53015
0.955822
0.79486
1.57148
0.482701
1.35052
1.48517
0.908113
1.23476
0.40304
0.575701
1.3513
1.46913
1.11214
1.48497
1.49817
0.190745
1.29372
1.3651
1.59412
0.897305
0.494219
1.41461
1.10548
0.838064
1.40492
0.48179
1.5335
0.651955
0.829791
1.59582
1.10131
1.41596
2.12483
0.973981
0.555543
1.42161
1.44546
1.25714
1.03973
0.460768
1.34563
0.443669
1.75652
2.22919
1.64883
0.964396
1.03102
0.201649
1.34163
0.43769
1.32219
0.930534
0.719883
1.01185
1.26719
0.428137
0.809765
1.30776
0.611889
1.25246
1.26465
1.4498
1.00687
2.20323
0.936593
0.926629
0.548488
1.22256
1.40511
1.19243
0.538971
0.395479
1.09477
0.475776
0.411659
1.28319
0.712372
0.176788
1.40549
1.11442
1.44669
0.911621
0.318118
0.993978
1.42558
1.28638
1.40218
0.924044
0.746639
0.72094
0.8747
0.470024
1.87788
0.849508
0.169743
0.868768
0.977314
0.811131
1.41447
1.39263
0.645591
1.13613
0.182222
1.15303
0.341923
1.38214
0.507608
0.676787
1.17262
0.309586
1.22466
0.593647
0.849388
1.27643
0.196518
2.00707
1.40949
1.38224
0.262478
0.158802
0.999514
0.829287
1.41251
0.147037
0.105461
0.802653
0.00113174
0.614968
0.634525
0.699664
0.733145
1.42294
2.06415
1.40854
1.93609
1.15027
1.3205
0.175613
0.775968
1.22491
0.52002
0.556419
0.472688
1.62897
1.05117
0.730894
3.45659
0.693169
0.839128
0.654142
0.0406946
1.63859
0.99048
0.798582
0.499871
0.957662
0.311325
1.02751
1.38884
0.657147
1.09246
-0.0511077
1.23172
0.578934
1.74987
0.678552
0.833802
1.44753
1.00164
0.614791
0.869068
0.291513
1.72046
1.44107
0.883902
0.6362
1.13227
0.754433
1.52847
1.65825
1.5881
0.85132
0.0531755
0.00936828
1.57617
0.536569
1.40805
1.41793
1.27926
1.59162
2.22009
0.888836
1.77051
1.2745
1.34319
1.72596
0.611383
1.43173
0.13784
1.18107
1.39918
0.276269
1.4265
0.790654
1.45719
1.22764
1.37111
1.38458
1.18976
1.42474
1.3988
0.467015
1.19012
0.524474
1.38122
0.176897
0.484491
1.50895
1.70937
0.00884869
1.39262
1.04222
0.381114
1.33866
0.130742
1.2294
0.707585
1.38387
0.417595
0.417088
1.05633
0.639887
1.70185
1.34743
1.64316
0.431686
0.692886
1.33299
0.0235848
1.41559
1.44018
1.40728
2.24795
1.13424
0.141057
1.37162
1.3634
1.14083
0.55115
0.390252
1.39186
0.484963
0.752958
0.0215363
0.554877
1.33728
1.70647
1.48406
1.63425
1.1023
0.00393931
1.26959
1.43068
0.173695
0.131221
0.575994
0.297567
0.615505
1.80449
1.41889
0.276044
0.160283
1.44292
1.77607
1.74073
0.230583
1.36719
1.33357
1.27713
1.38978
1.26147
1.00034
1.66711
0.404869
1.32774
1.72118
1.39933
0.398093
1.4073
0.514093
1.85691
1.43246
0.458671
0.282976
1.75643
0.0441167
0.563854
1.1905
0.268172
1.83503
1.19061
1.1175
1.45769
1.05147
1.45371
1.74726
1.41345
1.5236
0.771708
0.247779
0.924313
0.364221
0.274889
1.5031
1.74094
1.68423
0.725904
1.85309
1.35328
0.153181
1.37421
0.378055
1.33688
1.42943
1.30676
1.12507
0.89471
1.21547
0.722957
0.935058
1.39035
1.00887
0.464505
0.198242
0.306009
1.37183
0.353045
1.36398
1.87869
1.14724
0.257464
1.01527
0.302576
1.66184
0.609668
0.331327
0.342345
0.165709
1.79321
0.60383
1.82287
1.43303
0.465126
1.41076
0.910728
1.69711
2.52614
0.84822
0.0222791
0.254042
0.22196
1.70506
0.0110858
0.871451
1.28712
1.80961
0.115144
0.218348
0.0228006
0.175923
1.29376
0.0219171
1.83625
1.31217
0.413737
0.178469
0.9197
1.36138
0.0111576
0.28018
1.71414
0.206732
1.35326
1.47396
0.447968
0.010229
1.46303
0.0112655
1.72519
0.0993231
0.704712
0.146038
0.442263
1.56899
0.0869983
0.916277
0.189679
1.38205
1.06384
1.10059
1.20715
1.69153
0.817057
0.424102
1.16028
1.15441
0.543735
0.583242
0.854628
0.310727
1.75754
1.26301
2.0855
0.111051
1.14184
0.736777
1.6902
0.339539
1.34043
0.162202
0.897654
1.35764
0.536062
1.25623
1.40282
1.1884
0.34379
1.44228
0.563882
0.867191
1.08924
1.40196
0.945842
0.621275
0.683414
1.01255
0.854784
0.232671
0.834922
2.56579
0.39343
1.00431
1.36262
1.44672
1.42103
1.3951
1.30437
0.942258
1.39051
0.367624
0.397477
2.17546
0.373405
1.75465
0.636227
0.707735
0.817114
1.4854
0.662143
1.16816
0.254302
0.640657
0.438653
0.370126
1.24693
0.502253
0.531514
0.362101
0.697065
0.281764
1.39159
1.8104
0.122968
0.695056
0.701887
0.212021
0.768896
0.123043
0.779655
0.68076
0.618832
1.4212
0.748481
0.968232
0.0923783
1.07878
0.605495
0.1111
0.151031
0.11129
0.750969
0.734687
1.39445
1.35318
1.42389
1.06442
1.11924
1.53927
1.42674
0.334583
1.36912
1.21101
0.771858
1.21576
1.41218
2.05325
0.634441
0.15959
0.92105
0.318292
0.146516
1.51751
1.1661
1.54894
1.41146
2.11381
0.674019
0.0647872
0.49214
0.227718
0.830861
1.717
1.8079
0.185288
0.545795
0.315904
1.78789
1.46612
1.31611
0.0943779
0.139601
1.14163
0.721633
1.44089
1.26817
0.330792
1.06561
1.36852
0.313124
0.971115
0.477276
1.39615
0.871417
1.70005
0.132218
0.885698
1.17495
0.153595
0.526932
1.31191
0.139008
0.78793
0.261089
1.24968
1.39301
1.17745
1.30239
1.14322
1.16827
1.17111
0.958647
0.347114
0.494143
0.225458
0.189466
0.28668
1.23323
1.42872
0.677585
1.4369
0.96954
1.43229
0.374739
0.309503
0.856965
1.53093
0.175011
1.43015
1.27807
1.61499
1.44339
0.218702
1.00359
0.561554
1.4863
1.65036
0.302926
1.42341
1.33686
1.04412
0.324451
0.129791
1.49879
1.23785
0.296279
1.112
0.404972
0.595655
1.64563
0.102179
0.371146
0.59584
0.28961
0.797637
0.354685
1.06323
0.628814
1.22865
0.860269
0.636733
1.39521
1.38734
1.12366
0.118631
0.21118
1.45067
1.11538
1.39698
0.351197
1.09161
0.20345
0.246956
1.59178
1.08381
0.979076
0.330148
1.30076
0.304226
1.42733
0.282337
1.45012
0.398506
0.0872743
0.361134
0.805124
1.49447
1.26586
1.44104
0.289143
0.457981
1.44405
1.40773
1.14117
0.143205
1.49737
1.41525
1.46244
0.295865
0.157744
0.465751
1.48476
1.43861
0.815336
1.14746
0.418134
1.80139
0.369066
0.323542
0.478689
0.498704
0.17887
1.04005
0.529362
0.998978
1.43662
1.20167
1.38876
0.391969
0.261197
1.5529
1.4712
1.06945
1.62176
0.557838
0.213541
0.192917
1.69417
0.513132
0.646465
0.268279
1.44363
1.23639
0.391605
0.690134
1.18518
1.09613
0.764247
1.81173
1.43305
1.07308
2.05735
0.589877
0.920794
1.25124
1.51014
0.261282
0.425352
0.168207
1.11618
1.40312
0.719826
1.40604
1.12253
0.385002
0.0643395
1.15915
1.44626
1.53177
1.50888
1.38441
1.37402
1.55915
1.34348
0.338836
0.687943
1.50415
0.669182
0.760541
0.845965
0.49264
0.707076
1.17557
0.11074
0.371611
1.51685
1.50983
0.839882
0.67703
0.206254
1.8479
1.13862
0.875267
1.35013
0.516533
0.548351
0.486808
0.333712
0.715068
1.37801
1.4238
0.095454
0.789103
1.39509
1.38659
1.43477
0.654152
0.884673
1.28905
0.275199
0.41717
1.43036
0.182494
1.70458
0.485685
1.03985
0.474303
0.582197
1.4474
1.1635
1.27633
0.930695
0.204397
1.29122
1.48406
1.23615
0.514552
1.5731
1.699
0.124123
1.40533
0.411285
0.24081
0.25768
0.689545
1.29693
0.518563
0.615578
1.28484
1.32332
1.23026
1.94978
0.452507
0.358181
1.71335
1.42096
1.05555
0.70742
1.70914
0.479229
0.916458
0.583926
0.545089
0.240252
0.275479
0.31744
1.24509
0.337179
1.06872
1.38608
1.82427
0.889867
0.276189
1.06961
1.54855
1.43219
0.74437
1.41114
1.9379
0.282991
2.05494
0.121028
1.0759
1.34723
0.668283
2.1466
0.608852
0.115263
0.928453
0.254405
0.754754
0.589342
0.357661
0.907331
0.577237
0.53412
1.00634
1.83595
1.52003
1.32217
1.38312
0.0933973
0.337107
1.10182
1.43775
0.220222
1.40425
0.326909
1.59573
1.49005
1.37295
0.873675
1.26586
0.790035
1.22815
1.30758
1.22181
1.52335
0.0493672
1.8209
1.58687
0.988336
1.78779
1.23762
0.103667
0.418488
0.333071
0.481166
0.589546
1.84259
0.794672
1.85073
1.0562
1.70542
1.80241
1.69344
1.14894
0.247611
0.671675
1.11109
1.45964
1.41
0.865228
0.525329
1.37263
0.963509
0.665076
0.792837
0.797986
1.03298
1.39576
0.340367
1.36782
1.52277
0.311682
0.648366
1.29842
1.4366
0.742313
0.676957
0.432082
0.661175
1.67073
1.29163
1.41124
0.868252
1.67108
1.3835
0.458391
0.364831
1.54931
0.725162
1.65039
1.34641
1.22455
0.714721
0.95364
1.38217
0.695385
0.702208
1.46029
1.43699
1.72539
1.42994
1.33539
0.80615
0.252515
1.09362
0.378219
1.43786
1.43818
0.709796
1.1268
1.00352
1.46632
0.741952
0.654202
0.51235
1.38612
0.317001
0.697781
1.62993
1.73333
1.46145
1.4409
1.46475
1.53678
0.856677
1.36901
0.431127
0.0601059
0.777893
0.0497028
0.784059
0.628846
1.15501
1.4849
1.19506
1.37477
1.487
1.44239
1.07245
1.43605
0.666545
1.17278
1.26434
0.672033
1.57056
1.09747
1.2347
1.30948
1.05946
1.13243
1.06675
1.48952
0.834198
1.28898
1.27533
2.11077
1.33992
1.57727
1.56222
1.39849
0.978909
0.659599
0.937687
0.602926
0.941876
1.33408
0.384901
0.829107
1.85613
0.982881
1.38522
1.23307
0.778989
1.13736
0.288525
0.225974
1.48348
0.358556
0.995938
1.57785
1.19526
0.801151
1.34993
1.11726
1.02156
1.4695
0.86405
1.07402
1.41747
0.914985
1.16523
0.931157
1.24749
0.841482
1.48944
0.932274
1.12443
1.42248
1.30323
0.874382
1.41987
1.25138
1.24821
0.772691
1.12414
1.45062
0.769254
1.11922
1.42716
1.2671
0.845669
1.80382
1.36716
0.222505
1.15014
1.42022
0.808183
1.75997
1.15775
0.829712
1.46969
0.887521
1.21821
1.63695
0.912208
0.837319
0.589147
0.634157
1.06079
1.24501
0.906161
1.31626
1.61368
1.35726
1.45531
0.825388
1.00932
1.00348
1.47857
0.615431
1.40631
0.719796
1.25532
0.901543
1.07056
1.58035
1.66325
1.45788
0.353026
1.77429
1.07409
1.1949
1.41408
1.46075
1.2671
0.257774
1.07015
1.15012
0.99498
1.08487
0.908221
1.57939
1.41357
1.21024
1.09589
1.48778
1.30372
1.28617
0.895749
0.98477
0.992538
1.65542
0.904075
1.46302
0.812138
1.11799
1.21349
1.46136
1.22721
1.46397
0.365448
0.391884
1.3205
1.24051
1.09925
1.45733
1.61258
1.40769
0.622074
1.44879
0.879316
1.44522
1.326
1.44031
1.44293
1.45207
1.48808
1.56094
1.58983
1.6164
1.64315
1.6698
1.74464
1.76866
1.7911
1.82991
1.13586
1.1949
1.58897
1.38757
0.893285
1.45546
1.38418
0.981613
1.04741
0.048688
1.26595
1.29711
0.345007
0.978895
1.1366
1.41216
1.43623
1.37812
1.41991
0.749049
0.897513
0.239351
1.45584
1.21041
1.38083
1.3651
0.943193
0.901933
1.05904
0.222394
1.46019
0.731431
0.675146
1.33603
1.17007
1.05312
0.655296
1.43274
1.22591
1.57841
1.44062
1.3509
1.7208
1.2811
1.09245
1.31404
1.05235
1.19766
1.29264
2.01446
1.11103
0.571225
1.13671
1.22416
0.0542604
1.54236
1.15683
1.96016
1.53104
1.42815
1.33287
1.54062
1.23195
0.307332
0.0789419
1.08212
1.44666
0.551461
1.92346
1.01189
1.13483
0.953698
0.6509
1.24901
1.6953
1.52141
1.63638
0.729483
1.24268
0.0516837
1.36354
1.26565
1.28752
1.47769
1.10648
1.15583
1.04708
1.25619
0.0854541
1.28104
1.04996
0.693119
0.651393
1.49178
0.975132
1.67878
1.20064
1.11774
1.49112
1.59062
1.48307
1.29597
1.53838
1.24538
1.73009
1.52397
1.04794
1.40546
1.08924
0.281906
0.6823
0.426385
1.17027
1.09962
0.640829
1.31002
1.31355
1.0202
0.801046
1.03201
1.3947
1.68247
1.38704
1.41644
1.13106
1.59856
0.899483
1.61751
1.22336
1.06789
1.41136
1.43493
1.613
0.301258
1.3532
0.791923
1.01513
0.862556
1.13229
1.64064
1.04095
1.82998
1.30002
1.54905
1.26342
1.04428
1.2127
1.53
1.47059
1.81636
1.50544
1.33885
1.71733
1.39845
1.11228
1.42435
1.15434
1.36096
1.69516
1.04465
1.85512
1.15028
1.5656
0.509547
1.58748
1.68602
1.42542
1.29225
0.590521
0.0523532
1.09783
1.15282
1.3793
1.37101
1.12149
1.37814
1.70225
1.52525
1.46767
1.3234
0.999858
1.06205
1.79683
1.09007
1.7092
1.4343
1.08798
0.75531
0.949748
1.34804
0.826064
1.09584
1.43938
0.706492
1.15089
1.44617
1.40268
1.78665
0.00269492
1.33607
0.885276
1.33149
0.634336
1.43212
1.63746
1.43271
1.35894
1.18789
1.25497
1.07558
1.13017
1.54158
1.39174
0.13363
1.27918
1.24716
0.697809
1.20681
1.28709
1.22179
1.36765
0.246096
1.68579
1.39433
1.18726
0.676521
1.20503
0.655714
1.50365
0.739778
1.33008
0.938066
1.37621
1.12059
1.14827
1.30858
0.609599
1.22011
1.14656
1.71164
0.88944
1.17861
1.15586
1.1422
1.63519
1.2622
1.50329
1.33445
0.934364
1.62701
1.45757
0.917854
0.402947
1.48021
1.40835
1.14455
1.36098
1.35095
0.84572
1.54241
1.35207
1.26101
1.21409
1.8697
1.34721
1.51798
1.3878
0.618523
0.158806
1.25994
1.2659
1.70965
1.22535
1.41745
0.609578
2.08589
2.0287
0.852584
1.76427
2.1126
1.37069
0.118826
1.68664
1.67744
1.03723
1.33282
0.959664
0.167759
1.66715
1.56786
0.170548
1.43086
0.927998
1.43256
1.59571
1.37991
1.41452
1.35756
1.00923
0.900426
1.19429
1.57135
1.40417
1.75066
1.18005
1.52347
1.28141
0.516005
1.27932
1.06113
1.66062
1.24265
1.67189
1.02385
1.45928
1.37611
1.66611
1.25968
1.12679
1.38856
0.649217
1.27935
1.61849
1.27538
1.69727
1.29043
1.29983
1.4625
1.54688
1.4778
1.30277
0.787447
1.37715
0.830554
1.2331
1.12373
1.41088
1.30479
1.43454
1.01832
1.48288
1.39653
1.37138
1.55996
1.61686
1.02973
0.079941
1.16146
1.75471
0.336731
1.10762
1.22422
0.615752
1.35749
1.29703
1.03655
0.830715
0.819079
0.642477
1.37022
1.31451
1.37485
1.40864
1.03621
1.89106
1.46559
1.3784
1.38643
0.925447
0.628316
1.30167
0.812505
1.18859
1.90793
1.68608
1.66476
1.06709
1.24483
0.911008
1.48291
1.64456
1.61059
1.68161
1.69675
1.31837
0.784484
0.954166
1.47169
1.33073
1.70929
0.21252
1.17557
-0.219216
1.36369
1.41886
0.843786
1.36707
1.38336
1.424
1.69041
1.66444
1.55482
1.6707
1.57202
1.57247
0.233601
1.3599
1.37342
1.46804
1.34562
1.38061
1.5597
1.47287
0.819296
1.41222
1.61892
1.66145
1.46773
1.64341
1.32038
1.33133
1.47221
1.11483
2.03496
0.411315
1.45133
1.5098
1.27049
1.11628
1.40685
2.06774
1.34348
1.50878
1.12954
1.46295
0.622744
1.80589
1.40593
1.35486
1.45827
1.43463
1.50211
1.97166
1.87161
1.07908
0.668601
1.04895
0.635054
1.37886
1.07528
1.5017
0.240129
0.942442
1.59217
1.9504
1.35667
0.0222891
2.11419
1.45734
1.51871
1.01749
1.67119
1.43421
1.53548
1.68215
0.102009
1.65093
1.36694
0.520512
1.50031
1.48331
1.50825
1.98507
1.9863
1.16433
1.46092
0.809388
1.36492
1.37618
0.37213
1.67625
1.45686
1.37306
1.52216
1.16847
0.204504
1.14076
1.34363
1.86116
1.38505
0.961387
0.439443
1.07946
0.337077
1.36324
1.3934
1.17952
1.39982
1.40918
1.40111
0.0839165
1.41743
1.07737
1.46045
1.50158
0.385254
0.00917533
2.01815
1.92471
2.10094
1.82547
1.44
1.02971
1.44054
1.4188
0.602732
1.90408
1.5394
0.729436
1.63162
1.59863
1.56732
1.45732
1.42743
1.78641
1.45299
1.50677
1.11472
1.45297
1.45629
1.57809
1.60123
1.62911
1.65479
1.75286
1.77913
1.59328
1.41978
2.18839
1.14541
1.56712
1.40834
1.08664
1.59367
1.50264
1.20649
1.44344
1.45042
1.41905
0.460414
1.4047
1.9561
1.54883
1.92586
1.85795
2.09749
1.50796
1.45275
1.98501
1.43632
1.73219
0.731962
1.05538
0.801461
1.42624
1.5935
1.50651
1.43557
1.50792
1.42148
1.57901
1.38502
1.59897
1.42597
0.822137
1.31881
1.44603
1.14925
1.46925
1.31487
2.30908
0.1063
1.54842
1.12967
1.24013
1.09641
1.57543
0.996975
1.43225
0.295066
1.12884
1.59185
1.39501
1.30247
1.29247
0.236782
1.57956
1.68134
1.40302
1.39072
1.57335
1.13715
0.967432
1.70081
0.176535
1.50123
1.36334
1.44682
0.0781243
0.809098
0.187844
1.43694
1.69608
0.130848
1.16932
0.406586
1.50788
1.34579
0.496148
1.37736
1.44727
2.0293
0.378745
1.53014
0.854474
0.733584
0.737114
1.70592
1.48529
1.42435
1.42691
1.82624
1.36467
1.67103
0.0537752
1.8543
1.60247
0.11081
1.4577
1.56468
0.600688
0.359648
1.37682
1.38705
2.0701
0.410702
1.3917
1.38535
0.202794
1.45054
0.924032
1.35029
1.75795
1.36319
1.3488
1.17225
1.13496
1.86837
1.94112
0.914866
1.46678
1.3827
1.83822
1.48367
0.60238
1.55019
1.46089
1.46499
0.81262
1.388
1.61292
1.4245
1.52464
1.41412
1.43918
1.41615
1.44248
0.198821
1.34956
2.08684
0.816621
1.22428
1.11743
2.35182
1.60637
0.00969045
0.022029
1.70879
1.70737
1.26777
1.43745
1.42515
0.262251
1.31026
1.32306
1.67912
1.0333
1.79054
1.32378
1.48909
1.97344
0.555759
1.33646
1.46859
1.48967
1.3134
1.18776
1.91618
1.48602
1.60209
1.41617
1.44709
0.433056
1.73149
0.996908
0.596455
1.41925
1.57887
0.89755
1.27469
1.45025
1.64093
1.06572
1.39045
0.972882
1.32546
0.617664
1.47556
1.00602
1.59158
1.38584
1.71993
1.19684
0.307336
0.795709
2.08101
0.245261
1.4235
1.41369
1.89643
1.51838
0.851622
1.2729
1.40164
1.42609
1.52343
1.41895
1.63339
1.24134
1.63092
1.37412
1.28859
1.91144
1.05366
1.31677
1.73092
1.65457
2.15254
1.42398
1.36086
0.772294
1.4377
1.46168
1.61915
1.23191
1.36371
0.743875
1.36397
1.01685
1.53162
1.36511
1.49088
0.907135
1.37373
0.726285
1.61638
1.38583
0.791725
0.298235
1.54952
2.08421
1.51702
1.34181
1.24079
1.10807
1.93801
1.38857
0.102799
1.47936
1.47062
0.0608668
1.20701
1.3723
1.19899
1.07486
1.63219
1.89016
1.85584
1.39991
1.02055
1.40973
0.577227
1.76372
2.05466
0.389946
1.19388
1.55636
2.06438
0.161549
1.89262
2.07266
1.40668
1.02889
1.23
1.90829
1.15183
1.44001
2.20616
1.09981
1.92092
1.3232
1.30342
2.04435
1.70591
1.91988
1.87262
0.970242
0.0853333
1.74122
1.53044
1.2086
1.53025
1.53035
1.44416
1.32981
1.90409
1.08649
1.14172
1.46639
1.52561
1.3264
1.4435
1.49094
1.87197
1.48102
1.32142
2.03323
0.94791
0.268778
1.48799
1.41296
1.50285
0.511157
1.16479
0.148895
1.51435
1.39939
0.208027
0.863948
0.95717
0.53807
1.55189
1.21816
1.11349
1.29432
1.42336
1.19311
1.02904
1.87061
1.35337
1.35525
0.832934
1.22475
0.449115
1.4303
1.63325
1.52347
1.71504
1.14047
1.61221
1.73512
1.78767
1.32217
2.03077
1.32159
1.8771
1.45902
0.0732527
1.36192
1.35635
1.33877
1.67412
1.41148
0.857366
1.99387
1.1241
1.67917
1.37454
1.64829
1.54478
1.02678
1.36327
1.44487
0.90736
0.724069
1.21235
1.39505
1.08906
1.09332
1.44038
1.72508
1.15011
1.35541
0.0551921
2.15386
2.09083
1.14907
0.834822
1.35436
1.36044
1.42343
0.543946
1.57786
1.40233
0.714965
0.694951
1.45336
0.755263
1.34629
1.40784
1.89545
1.43182
1.96402
0.734786
1.20848
1.25001
1.64497
1.59214
1.45992
1.04064
1.2537
1.85022
1.37603
0.829131
0.259395
1.03284
0.0775021
1.49672
1.26956
1.32982
1.02726
1.6903
0.443976
1.06202
1.79857
1.81827
1.32186
0.872255
1.77001
0.53671
0.767948
1.58107
0.793147
2.21273
1.36892
1.89132
1.48639
0.273232
1.13712
2.01009
1.92431
1.27351
1.29667
1.09476
1.65851
1.60752
1.22728
0.862998
1.51629
1.43369
0.0958139
1.39328
1.41502
1.42588
1.10407
2.18986
1.25761
1.32468
1.41662
0.778397
0.139113
0.887078
1.30671
1.91301
1.496
0.317507
0.730366
1.4534
2.02198
0.505955
0.70736
1.5539
1.4329
1.9764
1.35025
1.944
1.9188
0.476906
1.86217
1.90687
1.36892
1.56473
0.489827
1.92347
0.793732
0.333071
1.146
1.78848
1.19066
1.78048
0.888605
2.22225
1.0052
0.0747644
2.02
1.41083
2.09829
1.65038
1.45533
1.34238
1.42538
1.96084
0.750302
0.405701
1.61011
0.74694
2.38958
1.46288
1.45878
0.952148
1.55157
1.61501
1.42536
1.36295
1.39908
1.27515
1.41547
0.816801
1.27781
1.45385
1.41069
1.45202
1.62194
1.5146
1.652
1.50449
2.15876
1.44064
1.36684
0.637229
1.49747
1.91235
1.48902
1.62579
1.83396
1.44011
1.30322
1.43383
0.275559
1.08677
1.08255
1.19556
1.16476
1.49642
0.422817
1.69055
1.59234
1.77236
1.63953
1.81527
1.19345
1.62368
1.37071
1.42144
1.31584
1.46032
1.52737
1.94287
1.41579
1.15982
1.52315
1.66597
1.40044
1.46618
1.77319
1.25998
1.40359
1.65876
1.39564
2.68335
0.21385
0.119095
1.43949
2.01289
1.93005
1.87159
2.05243
1.55377
1.27295
1.38962
1.64217
1.3787
1.3451
1.46712
2.07281
1.07724
1.99203
1.68106
1.3221
0.451462
1.36147
1.94526
0.903173
1.20855
1.73227
1.5093
0.576824
1.37173
1.50299
2.08855
1.41889
1.71837
1.68333
1.38463
1.53497
1.90429
1.95238
1.70259
1.42761
1.64148
1.63228
2.07597
0.713385
1.34993
2.02998
1.42889
1.84033
2.08646
1.04948
1.37239
1.66436
0.518822
2.2179
1.24847
1.92035
1.19154
1.31199
1.51623
0.808799
2.10109
0.504201
1.46392
1.92608
0.623566
1.29661
1.32091
1.32338
1.6891
1.24184
1.10464
1.67143
1.39848
1.09165
0.402962
1.59587
0.955526
1.81707
1.43984
1.49528
1.54424
0.893027
1.51326
1.55965
1.43484
1.84389
1.28043
1.37566
1.74385
0.823553
0.869723
1.71581
1.26487
1.14089
1.70254
2.05382
1.69453
1.3875
1.87021
1.98452
1.2527
0.0829915
1.81535
1.45659
1.24832
0.739318
1.42297
0.627965
0.721362
1.54207
1.09696
1.15352
1.42649
0.0563556
1.79711
0.707991
1.4729
1.46521
0.484254
1.46019
1.29721
1.44276
0.822628
1.45078
1.93455
2.16951
2.04544
0.00785164
1.41933
0.33333
0.227866
0.120068
0.725357
0.802182
1.02269
1.88261
1.29287
0.973107
1.59566
1.45607
1.28417
1.42409
1.39882
1.65409
1.87757
0.046622
1.34316
1.49344
0.0419248
1.35473
1.53656
1.81974
0.0209984
2.09238
1.34095
1.61723
1.68368
1.03769
1.72847
0.99598
1.42087
2.08254
0.807072
0.971636
1.75854
0.647829
1.29903
0.260076
0.715101
0.954192
1.34276
0.953596
0.5337
0.240453
1.3975
1.41995
1.44539
1.70074
1.5102
1.18328
2.06386
1.32655
2.32803
1.37988
2.07383
2.07028
2.05457
1.23699
1.14162
1.17608
1.35889
0.517169
1.82038
1.44754
1.00389
1.81803
2.12113
1.70667
1.6025
1.52038
1.30508
1.50144
1.48049
1.30259
1.13382
2.04364
0.621064
2.10199
1.87766
0.739035
1.78374
1.4394
1.44638
1.71678
1.53952
1.10172
1.71722
1.20523
1.88396
1.69638
1.08584
0.424889
1.53028
1.46026
0.0440134
1.31619
1.45092
0.719048
1.33117
0.0594967
0.0190202
1.41173
0.0467474
1.11676
1.30128
1.30767
1.68102
1.44901
1.21005
1.60167
1.38874
1.45387
1.64699
1.31731
1.34936
1.98385
1.95064
0.284535
1.80137
1.41481
2.33528
1.83716
1.0195
1.87414
2.192
0.0433207
1.80521
1.5191
1.5398
1.40563
0.156799
1.61878
1.41299
1.14275
0.494528
0.3273
1.3293
1.01818
1.41933
1.52334
0.0709419
1.4614
1.63064
1.11623
1.10983
1.26342
0.759047
0.251014
2.07447
2.03228
1.55313
1.4259
1.3875
0.872902
0.643922
0.402017
0.982494
1.23266
1.40039
1.35199
1.50986
2.00533
1.40832
2.10157
0.649795
1.37034
2.08116
0.636172
1.46318
0.439924
1.25206
0.0211944
1.21266
1.71032
0.457156
1.0224
1.71839
1.51058
1.14081
1.21888
1.15484
0.230037
2.09052
1.41506
1.86685
1.70722
1.01821
1.96115
0.0548628
1.54352
0.13382
1.02166
1.21864
2.18715
0.819262
1.89105
1.62418
0.606536
0.398164
1.42338
1.95357
0.041653
1.34954
1.26385
1.43419
1.40679
1.46324
1.34026
1.3853
1.52531
1.07051
1.45894
1.46334
1.07462
1.24385
0.210925
0.616996
0.758991
0.219374
1.6724
0.862399
0.811709
1.89306
0.839176
1.39667
1.80376
0.127577
1.29411
1.46094
2.09635
1.48691
1.8211
1.46708
1.90588
1.30118
2.25255
1.41792
1.44187
1.20269
2.0635
1.3103
0.0780375
0.789426
1.71043
1.58377
1.66581
2.08737
1.41234
1.54997
1.94242
1.06988
1.58471
1.47234
1.13212
1.28342
1.49281
0.599162
1.43134
1.70036
1.68512
1.25272
0.240949
0.227394
0.0411694
1.47139
0.45674
1.40347
1.93795
1.39817
2.07663
1.45395
0.923869
2.08727
1.37699
1.16776
0.774832
0.818859
1.10908
2.05945
2.10849
1.3597
1.22829
0.502848
1.92828
1.77836
1.49968
1.61068
1.34488
1.24421
1.47789
2.40455
2.39026
1.6539
1.15331
1.08265
1.35217
1.33755
0.743676
1.88832
0.849071
1.46141
1.38335
1.43321
1.55883
1.44441
1.15535
2.08753
1.71384
1.7111
1.4345
1.60377
1.0996
0.231615
1.95961
1.37167
1.02317
1.3899
1.66005
0.435182
1.83099
1.32133
1.41829
1.63651
1.71996
1.4445
1.18095
1.53409
2.09378
1.69093
2.04127
0.741997
1.67154
1.30806
1.46827
1.96315
0.853942
1.26538
1.38258
1.6543
1.38058
1.42589
1.46276
1.46233
1.37549
1.37682
2.44311
1.64735
1.43089
1.37657
1.26185
1.46877
2.10143
1.15649
1.17711
1.44617
1.10466
1.3331
1.31432
1.48282
1.994
2.48308
1.38236
2.25422
2.20368
1.11338
1.2505
1.34613
1.55127
0.731035
1.60801
0.512511
1.43191
1.43679
1.40185
0.979329
1.49316
1.88567
1.62346
2.19711
2.02097
2.23738
0.419168
1.14097
2.45029
1.25269
2.09421
1.92724
1.05619
2.09684
0.036205
1.36342
1.6436
1.62926
1.97048
1.04447
1.49021
1.03085
1.94069
1.38372
1.24083
2.05173
1.37389
2.09541
1.26099
1.46268
1.92475
2.28058
1.80839
1.83776
1.59509
1.11025
1.48903
0.513393
2.06253
1.81858
1.87579
1.84964
2.08976
1.24227
1.46306
2.07988
0.238014
2.08134
1.68354
2.09701
2.2334
0.222315
1.37829
2.04146
1.02738
0.967969
0.041077
1.46012
1.22395
1.97394
1.1962
1.22537
1.68976
1.46158
0.749217
1.38148
2.0508
1.4339
2.30502
2.09143
1.96767
1.578
1.66648
1.29978
1.82715
1.98307
2.07663
1.79412
1.17506
1.5434
1.98112
1.14633
1.5308
1.88702
1.05068
2.08885
0.768237
1.45165
2.09823
1.47764
1.91786
1.58445
0.409854
1.87502
2.0512
1.6358
1.94492
1.46347
2.02453
0.87109
1.09004
1.89076
2.02092
2.15105
1.62905
2.37974
1.41131
2.08035
1.72005
1.49135
1.44729
1.48652
0.837325
1.68911
1.60506
1.19398
1.63582
2.00865
1.54384
1.90822
1.53094
1.57476
1.28587
1.06311
1.84696
1.74428
1.53032
1.70281
1.80089
0.875129
1.50375
0.794887
2.29414
1.57831
1.97191
1.86076
1.91037
1.04513
1.67
2.27802
2.42067
1.39457
2.09402
1.81446
1.84968
1.9796
1.37057
1.58831
2.23932
2.10975
1.67701
1.88171
1.87835
1.71976
1.03178
1.84928
1.87329
1.85286
1.46123
1.63658
2.08942
1.19597
1.44457
1.83721
1.55917
2.00059
1.49657
1.74317
1.50036
1.27915
2.54006
1.90191
2.36966
2.03208
2.16221
1.63937
1.42163
1.84788
1.31627
1.34148
1.46479
1.45777
0.636195
1.51494
1.8267
2.08066
1.94246
1.44904
2.01825
1.56252
1.46527
2.14068
1.94624
2.5551
1.50228
2.30621
1.59833
1.18189
0.434291
1.55277
1.49749
1.46251
1.98303
1.47145
1.45568
1.93969
1.49871
1.50496
1.31095
1.61671
1.62867
1.36702
1.77339
1.12787
2.02905
2.36954
1.95524
1.8251
2.08541
2.21555
1.56367
1.34594
1.72107
1.83413
1.99815
1.91265
0.478835
1.86866
1.88954
1.52129
1.48876
1.36309
1.4058
1.68558
1.47276
1.39968
1.62456
1.58329
1.3511
2.00478
1.89268
1.67709
1.56038
1.79903
0.394415
1.42669
1.95102
1.84989
1.06084
1.45992
1.90115
1.39285
1.73816
2.44481
1.43975
0.66674
1.27403
1.13031
1.49833
1.53069
1.84676
1.66876
1.46552
1.46714
1.60745
1.72204
1.48195
1.32609
1.3166
1.45465
1.75941
2.16678
1.74216
1.51279
1.80026
1.56811
1.78533
1.81411
2.06482
1.40721
1.62238
2.00385
2.00467
1.99969
2.08895
1.60005
1.456
1.69117
1.45482
2.13156
1.27421
1.40299
2.05897
1.50099
1.69978
1.7462
1.0987
1.02831
1.83403
1.85932
1.75281
1.50085
1.50455
1.89889
1.90875
1.71632
1.94592
1.79211
2.05094
1.24732
1.78677
1.70822
1.69293
1.92824
0.975509
1.54826
1.34353
1.60358
0.866554
2.32866
0.249142
2.06652
1.47539
1.80082
1.52142
1.94885
1.39371
1.63112
1.33736
1.44824
2.59216
0.906426
1.54916
1.91686
2.04703
1.78788
2.3534
1.70059
1.74301
2.17721
1.65546
1.52646
1.43772
1.48284
1.26517
1.30874
2.25068
1.71271
2.4934
1.95047
1.72753
1.32976
1.98766
1.36943
2.46557
1.49336
2.05019
1.70958
1.58561
1.76844
1.54111
1.58707
1.07811
1.39621
1.36002
1.8062
1.87714
1.85566
1.84897
1.98319
1.86925
0.649008
1.90392
2.16293
1.48597
1.9132
1.42899
1.44117
1.80232
1.45669
1.41922
1.60448
1.10776
1.90377
1.59145
1.66168
1.34114
1.89311
1.94131
1.86345
2.56701
1.49588
1.95208
1.51135
1.55935
1.69144
1.82941
1.15194
0.890227
1.69737
1.78511
1.64813
1.56841
1.46065
1.46097
1.60793
1.22681
1.78409
2.01423
1.59675
1.73446
1.06896
0.700752
1.04853
1.38734
1.20925
1.42382
1.46243
1.44378
1.98059
1.45194
1.40168
1.87285
1.35448
1.82639
1.78651
2.18882
1.71539
1.78432
2.09519
2.0928
1.69586
1.95705
1.29101
1.86304
1.99319
2.40743
2.12333
2.25522
1.60133
1.38359
1.7956
1.65845
0.968929
2.08736
1.64634
1.52586
1.83739
1.17146
1.55463
1.78807
1.98254
1.31883
1.99102
1.973
1.5987
1.82101
1.69729
1.44313
1.02831
1.78836
1.68811
0.871698
1.95013
2.4354
1.45598
0.883314
0.978457
1.29788
1.51719
1.90829
1.22974
1.88794
1.83507
1.96489
2.09504
1.57362
2.22453
1.35589
1.83765
1.70976
1.94753
2.08367
2.21318
1.37162
1.65007
1.46769
1.3791
1.76183
1.95034
2.03873
1.80749
1.77128
2.17272
1.55483
1.47553
1.73524
1.42035
1.19012
1.78266
2.09462
2.27443
1.12837
1.3353
1.39032
1.94397
1.73181
1.93536
1.53184
2.11225
1.81503
1.91545
1.48668
1.95493
1.89616
1.79529
1.44903
1.85937
1.43987
1.70055
1.74282
2.05233
1.32357
1.86833
1.70917
0.986722
0.984382
0.914017
1.48486
1.62608
1.48491
1.28034
0.364836
1.05027
1.79082
1.51336
2.28246
0.683358
1.68537
1.78026
1.72315
1.12909
1.73706
1.45129
1.46292
1.45817
1.66798
1.68987
1.78416
2.12517
2.05989
1.55832
1.50311
1.49225
1.42037
2.11277
1.33308
1.90957
1.80705
1.41047
1.40188
1.36918
1.47909
1.36013
2.07263
1.54215
1.69135
1.91904
1.09644
1.16144
1.46617
1.54719
1.96332
1.24014
1.73064
1.4657
1.86261
1.35485
2.52685
1.74478
1.51314
1.74818
2.39241
1.39866
2.13834
1.6164
2.00819
1.87805
1.88976
1.51001
1.62627
1.76853
1.69405
1.708
2.08455
1.78537
1.71205
2.06355
1.74502
1.89199
0.771696
1.10803
1.62995
1.55356
1.86192
0.934213
1.71652
1.15127
1.84344
1.60414
1.43603
1.6163
1.50268
1.85666
0.272416
1.54364
2.05535
1.31257
1.04223
1.60786
1.71003
2.19931
0.262953
1.56966
2.09741
1.50589
1.96902
1.83891
2.09918
2.22983
1.57744
1.35971
1.4389
1.96358
2.57891
1.64218
0.709734
1.45687
1.74844
1.50742
1.55722
1.03214
1.9109
0.962427
1.56393
1.43507
0.81789
1.65542
1.85024
1.43073
2.48537
1.22097
1.50577
1.44974
1.25524
1.6732
1.52082
1.44136
1.35372
1.88148
1.47302
2.43087
1.414
1.5428
1.85039
1.98685
1.52297
1.50513
0.831329
1.89589
1.77173
2.02926
1.86943
1.45675
1.81171
1.96323
1.45538
1.97637
0.915753
0.333685
2.04774
2.06992
1.42721
1.85127
1.46035
1.87726
1.73899
1.99197
1.66849
1.37161
1.76962
1.78283
1.54038
1.71196
1.03133
1.47837
2.06082
1.93065
2.1914
1.3208
1.5385
1.79989
1.90339
1.68989
1.84217
1.8034
1.26974
1.43007
1.46365
1.96828
2.01168
1.69879
0.616431
0.152073
2.0874
1.45938
2.07025
2.0231
0.731444
2.01824
1.33091
2.18852
1.83466
1.43585
1.75098
1.93636
1.36916
2.06614
2.02426
2.02027
1.60285
0.904905
2.0696
0.979465
1.77042
2.50693
0.940868
1.55937
1.14979
2.08372
1.92708
0.302609
1.76954
0.900236
1.61269
1.38708
2.06858
1.51994
2.08985
1.69503
0.904916
1.67539
1.9063
1.87171
1.50293
1.67259
1.78663
1.4659
1.45101
1.04024
1.3097
1.46013
0.950913
1.59298
2.26658
1.71211
2.01364
1.87699
1.44284
1.65903
1.89715
0.919928
2.08577
0.887571
2.13876
1.50122
1.39239
1.73677
1.58535
1.50161
1.80514
0.88342
0.615841
1.96232
2.07398
1.97878
1.44432
2.11263
1.98338
1.06313
2.0688
1.67332
1.69365
1.85135
1.80541
1.61991
1.82557
1.4662
1.69848
1.70069
0.412243
1.77965
1.97624
1.20039
0.482923
2.03198
1.70695
1.68317
0.732369
0.500317
1.30752
2.06188
1.50244
1.31342
1.40176
1.90284
1.84163
1.83843
1.82544
1.40893
1.36515
1.20402
2.08173
0.862817
1.85248
1.86253
0.986976
1.81835
0.949322
1.45997
1.51319
1.26292
1.64822
1.99013
1.8609
1.56475
1.40549
1.67781
1.94283
1.36215
1.93263
1.90025
2.08598
1.61432
1.16902
1.43215
1.73895
1.97969
1.11631
1.98106
1.0039
1.45519
1.99456
1.46057
1.4343
0.825803
1.49805
1.43328
1.62367
1.41502
2.01219
2.01597
1.64577
1.72224
1.85164
1.98182
2.41851
2.11197
2.2428
1.59011
1.37238
1.57038
2.09322
1.88529
1.44547
1.96347
2.13027
1.1596
1.51077
1.68258
1.92519
1.24241
1.89357
2.08073
2.06839
1.57765
1.61563
1.285
1.70382
1.33538
2.20455
1.55311
2.07453
1.94436
1.81455
1.47784
1.76324
1.56519
1.75242
2.01987
1.9506
2.08788
1.4866
1.87951
1.67842
1.14568
1.54348
1.93857
1.66336
1.74964
0.985974
1.96394
1.6395
1.61565
1.60503
2.03706
2.45602
1.77292
1.78207
2.209
1.93512
1.61238
1.69894
2.12401
1.90793
1.63667
0.818704
1.87092
1.83661
1.94382
1.67925
1.36899
1.64722
1.87643
1.64834
1.9276
2.07893
1.10261
1.89218
1.21805
1.45874
1.44292
1.74786
1.84745
1.77458
1.39177
1.60552
1.00702
1.97648
1.42202
1.87028
1.84415
2.07226
1.69509
0.336093
1.60143
1.86527
1.39384
0.477078
1.70099
1.66653
1.68815
1.87494
1.7719
1.76462
1.93036
1.83768
0.415633
1.93569
1.80845
1.99944
1.79316
1.82727
1.78798
1.91634
1.88027
1.23748
1.86961
1.85004
1.97147
1.49431
1.37903
2.03944
1.81607
0.851337
1.03423
1.08812
1.91529
2.03321
1.81314
1.73756
1.55938
1.83848
1.0407
1.71842
1.67928
1.89839
1.92024
1.96701
1.6801
2.52357
1.09103
1.77269
1.85435
1.98445
2.11459
2.41589
1.37525
1.59299
2.24394
2.08816
0.931934
1.55187
1.95445
0.848356
1.93267
1.75005
1.43792
1.62871
1.67139
1.61909
1.98316
1.77679
1.68985
1.38507
0.95105
1.67138
1.5437
0.945876
1.79441
1.89451
1.83905
1.43827
2.12278
1.35542
1.4549
1.09132
1.63029
1.57196
2.05073
1.86927
2.08885
1.83912
2.06349
1.9615
1.41568
1.99406
1.68034
1.88371
1.54719
1.54642
1.30827
1.45223
2.05575
1.89958
1.80525
1.77465
1.38832
1.61
1.87977
1.42642
1.49431
1.36131
0.393042
1.91894
1.49022
2.0205
1.72081
2.03549
1.82454
1.76199
2.05606
1.39223
1.76139
1.83669
1.48239
1.77698
1.39994
1.89098
1.88509
2.04177
1.90389
1.9393
1.46702
1.81204
2.07691
1.56642
1.59594
1.43349
1.85205
2.15608
1.36887
1.79029
1.74982
1.08964
2.50317
2.19059
0.932984
1.91595
0.975416
2.05791
2.0931
1.01156
1.9669
1.73886
1.21962
1.00494
1.05804
1.55542
1.87226
1.8722
1.12943
2.00104
2.01085
1.68377
1.65621
1.73478
2.06606
2.60667
1.96959
2.04435
1.47504
1.65987
1.23331
1.43422
1.91198
1.94999
2.06728
1.97901
1.47355
1.33399
1.53902
2.39891
2.13156
1.39209
1.60984
2.26189
2.00144
1.87128
1.67742
2.27508
2.35346
1.45684
2.01511
1.99179
1.56233
1.38796
1.82693
2.00061
1.42905
1.43604
1.77629
1.79742
0.964094
1.926
1.69616
0.149922
1.32071
0.87356
1.98176
2.0616
1.73353
1.83162
2.26519
1.45215
1.86418
1.71498
2.05555
1.76343
1.53556
1.55631
2.08373
1.5578
1.41949
2.00527
2.03153
1.61128
1.21658
1.76832
1.55254
1.9723
2.06428
1.75441
1.46181
1.43055
1.42618
1.8306
1.80864
1.44019
1.86261
1.2857
1.82831
1.94452
1.43219
1.66641
1.88856
1.89691
1.89982
0.674993
1.4734
1.4961
1.43527
1.69558
1.64134
1.93418
1.46039
2.07421
0.548009
1.87063
1.86244
1.55572
1.90427
1.53646
2.08454
2.08252
2.05875
1.38753
1.30143
1.89034
1.73466
1.52656
1.54312
2.128
1.4297
1.72144
1.0192
1.48184
1.35465
1.45681
1.50893
1.45491
1.87872
1.44119
1.92642
1.25944
1.53543
1.84176
1.49406
2.06555
1.87376
1.06663
1.65895
2.05901
1.06371
1.83199
1.50161
1.4144
1.16366
0.932582
1.41
1.83729
0.782052
1.42624
1.52819
2.07701
1.79351
1.42205
1.83716
2.07305
1.78451
1.50847
1.54307
1.78281
1.94544
2.16901
1.48833
1.77791
1.5871
1.67435
1.42212
1.85867
1.68531
1.51443
1.20477
1.67385
1.40447
1.74557
1.69367
1.70841
2.57977
1.68268
1.94835
1.23491
1.58119
1.4924
1.88671
1.69791
1.62837
1.39967
1.59459
1.56465
0.362611
2.15141
0.936333
1.52325
1.91322
1.71075
1.4654
1.60021
1.48757
1.45977
1.56817
1.45825
1.61769
1.88972
1.49152
1.52182
1.92232
1.36462
1.80604
2.05037
1.43382
1.93903
1.48853
1.82821
1.45295
1.93133
1.45217
1.12492
1.43036
1.0702
1.90483
1.48184
1.53648
1.34163
1.45858
1.43243
1.52544
0.773884
1.85246
1.80697
2.1064
1.80586
1.4683
1.33176
1.16276
1.91774
1.79066
1.96437
1.94473
1.46133
1.54535
1.81861
1.40426
1.51871
1.44045
2.02867
1.38364
1.92783
1.92418
1.58218
1.47169
1.525
2.04548
2.08781
2.04063
1.85132
1.49242
1.43227
1.45951
1.77689
1.91349
1.53997
1.43483
1.4525
1.41186
2.06933
1.45288
1.66944
1.19554
1.43788
1.30942
1.07085
1.74533
1.45983
1.53111
1.54104
1.50443
1.89127
1.3067
1.21372
2.46361
0.544643
1.98586
1.53243
1.49401
1.64719
2.24726
1.373
1.53062
1.53473
0.917634
1.19859
1.02584
1.52581
1.75285
1.70941
1.66377
2.34465
1.44603
1.49168
2.31858
1.27415
1.47634
1.69403
1.51815
1.77955
1.73538
1.30044
1.54298
1.42379
1.79228
1.5637
1.34155
1.86353
1.91525
1.52596
1.58652
1.3264
1.97271
1.8381
1.87595
1.82249
1.4643
1.52448
1.84971
1.46164
1.80135
1.53651
1.86624
1.61335
1.44851
1.41772
1.87371
1.7183
1.35915
1.48243
1.81708
1.68815
1.52129
1.70296
1.481
1.72834
1.80775
1.63816
1.34047
1.5158
1.52349
1.74449
2.07279
1.68012
1.55
1.89617
1.65967
1.77046
1.51705
1.67499
1.46557
1.66393
1.78788
1.76353
1.57921
1.54011
1.39991
1.69857
1.524
1.52798
1.50881
2.02004
1.786
1.53627
1.47667
1.5032
1.41843
1.04696
1.11192
1.47446
1.52232
1.44659
1.91948
1.49959
1.63009
1.77256
1.47466
1.53184
1.48493
2.46794
1.64048
1.71689
1.52322
1.02676
1.55194
1.39727
1.45179
2.04637
1.9091
1.58478
1.93041
2.05908
1.7148
1.4891
1.6678
1.46595
1.97126
1.96835
1.44641
0.897981
1.45849
1.61524
1.87612
1.83632
1.46436
1.52695
1.85637
1.50868
2.16719
1.87775
1.36096
2.08937
1.92149
1.48993
1.81464
1.69192
1.51908
1.49333
1.51372
1.52742
2.08772
1.29245
1.4609
1.97373
1.92725
1.53819
1.74893
1.5522
1.77142
1.0572
1.4611
1.49919
1.79358
1.49677
2.02095
1.62899
1.69135
1.98518
1.38988
1.45853
1.51802
1.42282
1.44785
1.4945
1.44655
1.26327
1.45352
1.49803
0.937513
1.02113
1.4998
1.50691
1.88565
1.27131
1.50035
1.19995
1.37347
1.5103
1.46047
1.30372
1.47016
1.60067
1.44466
2.03615
2.1062
1.50115
1.93278
0.854786
1.44506
1.40464
0.961649
1.83954
1.88458
1.83586
2.03073
1.94356
1.00066
1.463
1.76952
1.45392
1.50127
1.4916
1.44968
1.5385
1.52154
1.45966
1.45086
1.30784
1.45482
1.28672
1.08278
1.98832
1.45041
1.46296
1.24638
1.50665
1.93615
1.45114
1.35637
1.45015
1.50546
2.07732
1.96118
1.46595
1.4462
1.52109
1.15771
1.47768
1.19669
1.81519
1.46026
1.49351
1.47907
1.43537
1.4526
1.16649
2.07315
1.41879
1.7012
1.50389
1.5673
1.44265
1.46013
1.4868
2.51912
2.04434
1.44921
1.16289
0.863947
1.45187
1.32092
1.48343
1.46151
1.45658
1.45957
2.07327
2.03946
2.00759
1.86875
0.974377
1.84529
1.96273
1.93183
1.99247
0.582893
1.97726
1.91077
1.48631
1.89767
1.93165
1.49906
1.44826
1.46747
1.44463
1.93165
1.44737
2.05746
1.40848
1.45207
1.02809
1.46757
1.45547
1.99907
2.08098
1.87399
2.05905
1.49342
1.44681
1.20246
1.96532
1.48974
1.86505
1.30469
1.0562
1.81947
1.56127
1.881
1.88681
1.48748
1.55234
2.06131
1.33009
1.52295
2.04884
1.83812
1.83121
1.57254
1.58635
1.98771
1.86327
2.04939
0.962916
2.06661
1.26199
2.04698
1.57831
1.44225
1.97341
1.71313
1.38769
1.1822
1.49233
1.5766
1.79504
1.78913
0.137023
2.0358
1.47606
1.8321
1.55575
1.10966
1.51929
1.48771
1.73589
2.02969
1.29361
2.03673
1.52195
1.62316
1.51041
2.13962
1.47823
1.05138
1.61123
1.54865
1.25011
1.7683
1.77752
1.51654
1.2175
1.76195
1.46775
1.55308
1.4665
2.00946
1.47096
1.52588
2.07654
1.51307
1.12485
1.95285
1.54261
1.96751
1.96808
1.87531
1.47173
1.71249
1.29246
1.46528
1.40285
1.68515
2.22403
1.47128
1.68097
1.70108
1.50509
1.47049
1.73433
1.43633
1.87272
1.69767
1.45502
1.95669
1.46433
1.4902
1.99551
1.46809
1.0878
1.46497
2.04321
1.29359
1.14876
1.96899
2.01936
0.85464
1.48856
1.4731
1.49189
1.51317
1.14273
1.66266
1.4847
1.65872
1.37301
1.54742
1.36541
1.95264
2.02184
1.63433
2.08736
1.98547
1.41855
1.57418
1.93681
1.17896
1.62832
1.49403
1.29228
2.00407
1.80041
1.47895
1.58103
1.47494
2.06485
1.43678
1.56495
1.61596
1.92296
1.97353
1.41722
1.46219
1.01553
1.49335
2.42445
1.92079
0.947432
1.4822
1.46075
1.46003
1.77635
1.47449
1.90223
1.45326
1.47867
1.4661
1.90251
1.72626
1.45418
1.35637
1.40125
1.48261
1.55266
1.48522
1.46216
2.0272
1.46692
1.46884
1.93432
1.48216
1.56277
1.47044
1.46905
1.4498
1.46705
1.46905
1.45825
1.24441
1.90526
1.1169
1.81096
1.48579
1.50132
1.13334
2.02791
1.48325
1.41047
1.48987
1.46193
1.44206
1.48298
1.37249
1.47697
1.46599
1.46508
2.02233
1.90076
1.4537
1.72688
1.46447
1.88413
1.49174
2.08578
1.47109
1.08241
1.48888
1.47203
1.45954
0.200322
1.76361
1.71942
1.67616
1.76726
1.72371
1.67894
1.50146
1.45841
1.46121
1.5055
2.32727
2.33077
1.28358
1.28765
1.49058
1.04783
1.24113
1.64792
1.48241
1.88379
1.16852
1.56013
1.48432
1.47934
1.84242
1.99696
1.46263
1.87203
1.83466
1.45467
1.48077
1.85813
1.44349
1.47402
1.62006
1.81144
1.91887
1.33767
1.46826
1.56409
1.49696
2.04321
1.4054
1.86402
1.52054
1.88166
1.84424
1.99336
1.45966
2.02609
1.48083
1.02845
0.981076
1.97278
1.83905
1.46482
1.79404
1.82372
1.98905
1.48603
2.06214
1.91511
1.42826
1.54829
1.71683
1.6985
1.73812
1.75755
0.939596
1.44791
2.02076
1.60949
0.920974
1.46025
1.48303
1.48539
1.78242
1.47523
1.40865
1.42406
2.09331
1.72553
1.4789
1.57914
1.54552
1.85888
2.01611
1.22018
1.8035
1.46023
1.4604
1.4591
1.14042
1.60753
1.47474
1.68444
1.45364
1.45867
1.84833
1.46646
1.55435
1.56921
1.47346
0.488683
1.62401
1.78055
1.75942
1.58185
1.66698
1.57304
1.6523
1.60837
1.37597
1.70385
1.65381
1.67964
1.99605
1.7362
1.10282
1.47129
1.39508
1.44104
1.54514
1.49769
1.95914
1.3455
1.92329
1.43836
1.9714
1.62724
1.11702
1.9645
2.02453
2.01458
2.20972
1.5461
1.53823
1.47523
1.46181
1.41461
1.50145
0.479136
1.56654
1.44283
1.3837
1.50278
1.13118
1.10561
1.60043
2.06784
1.47336
1.37789
2.02637
2.05519
1.11923
1.50719
2.21351
1.26363
1.59065
2.04633
2.03001
1.30782
2.02518
2.29278
1.57739
1.44868
2.09649
1.97327
1.48119
1.33213
1.43609
1.5094
1.4758
1.44401
1.47575
1.74428
2.09689
2.00319
2.02919
1.44139
1.47889
1.45654
2.07199
1.43365
1.92741
1.82929
1.08167
1.45239
1.5494
2.07302
1.26242
1.25065
1.21361
1.97542
1.93722
1.53535
1.35183
1.34942
2.06175
1.55147
2.11784
-1.30096
1.28094
1.94901
1.41781
1.93155
1.06257
1.90879
1.1661
1.46879
1.95837
2.15444
1.65392
1.7662
1.92591
1.28248
1.57724
2.04171
1.44242
1.91039
1.95341
2.01749
1.73772
2.01623
1.94844
1.96164
1.97978
1.89465
1.8552
1.88055
1.93561
1.93839
1.96225
2.03963
1.89371
1.6082
1.32064
1.98838
1.38598
1.47197
2.05033
1.42451
1.93976
1.88176
1.92487
1.41698
1.94075
1.81925
1.33738
1.01348
1.55413
1.85598
1.27348
2.04249
1.00658
1.39525
1.94416
1.84144
1.84329
1.45406
1.27348
1.79094
1.4697
2.47136
1.81199
1.846
1.52423
2.09338
1.77232
1.79533
1.22466
1.75273
1.41843
1.78494
1.85201
1.80349
1.91641
1.78121
1.94793
2.1484
1.72676
1.19688
2.08103
1.18786
1.76188
1.95488
1.80607
1.56774
0.967081
1.46654
1.9718
2.04669
1.20005
1.47305
1.84516
1.99468
1.69179
1.69567
1.92324
1.37406
1.54731
1.68566
1.71225
1.8469
1.06686
1.45836
1.95755
1.29912
-0.49064
1.24713
1.45851
1.92475
1.69727
1.3282
1.66751
1.53233
1.46226
1.29329
1.42028
1.25759
1.96833
1.93837
1.66572
1.47177
1.44463
1.79134
2.03989
1.15072
2.03859
2.05465
2.03563
1.62605
0.463003
1.95669
1.64975
1.44115
1.81909
2.01072
1.60434
1.98483
1.56622
1.21231
1.23455
1.58174
1.37179
2.05252
1.57777
1.46652
1.95582
2.01563
2.06541
1.56811
1.10713
1.97328
2.0556
2.08269
1.7311
1.56196
1.46441
2.04713
1.46416
0.568844
2.18762
1.97087
1.53888
1.50513
1.98805
2.04054
2.00912
2.55042
2.01149
1.15026
1.51623
1.97163
1.53845
1.19788
1.99479
1.82864
2.02023
1.44721
1.35306
0.935332
0.661232
1.42938
2.03205
2.01463
1.67278
2.57276
1.34028
1.93688
-0.11206
1.47345
1.51448
1.1815
1.14994
0.137138
1.63312
2.0188
2.03063
1.23304
0.316137
0.881938
1.96461
1.20209
1.56885
1.40342
1.15201
1.4587
1.2527
0.832763
1.55491
1.95248
0.736263
1.19065
1.47697
1.13543
2.08796
2.03725
1.31424
0.698198
1.91765
1.44097
2.04344
1.4678
1.2876
1.09183
1.95111
1.08045
1.45086
1.97299
1.65384
2.05637
1.61241
1.7447
1.57434
1.50302
1.01014
1.28367
1.09142
1.96661
2.07301
1.75008
1.24807
2.0089
2.04518
1.34062
0.798096
1.24596
2.08895
1.49435
2.07005
1.8595
1.38834
1.91086
1.95195
1.95903
2.04314
1.92875
2.02975
2.04293
1.70906
1.88185
1.52054
1.87973
1.3251
1.46683
2.05032
1.87049
1.81953
2.09669
1.30062
1.2748
1.51741
1.97269
1.42306
1.41271
0.575779
1.9883
2.01207
1.91742
1.8326
1.04743
1.35209
2.0069
1.12151
1.43791
1.9822
1.50277
1.43705
1.84081
1.78272
0.852654
2.01401
1.97001
2.0264
1.69412
1.98333
2.00327
1.85481
1.83144
1.64439
1.24605
2.02419
1.58795
2.08485
0.525148
2.00402
1.1884
0.974796
1.22169
1.67807
2.12375
1.80036
1.76916
1.86315
1.21053
1.44158
2.34902
2.31167
1.26347
1.48141
1.52417
1.30648
1.65932
2.04807
1.69906
2.17822
1.7442
1.78554
1.91791
1.99115
1.76874
1.84154
1.92485
2.01761
0.793068
0.998504
2.00001
1.98452
1.76742
1.46507
2.07756
2.00425
1.29201
2.04192
1.86498
2.08258
2.08166
1.7261
1.35437
1.7993
1.43999
1.93024
1.91046
1.78065
2.01885
2.14155
1.83823
1.48622
1.12154
1.83698
1.80669
1.71583
2.0712
1.13395
1.92728
1.89895
1.86051
1.696
1.20636
1.46242
1.14308
1.84683
1.15817
0.986358
1.50383
1.69131
2.07442
2.02102
1.87627
1.8524
1.84111
1.38918
1.93468
1.4614
1.63406
0.982241
1.79083
1.73273
1.88495
0.8964
1.97331
1.81137
1.93749
2.37308
1.41793
2.28726
1.63566
2.15709
2.02697
1.89681
1.99788
1.69743
0.566152
1.47383
1.95388
1.70886
0.559389
2.02337
1.80947
1.63008
1.94251
1.97313
1.8969
1.83606
2.0029
1.98796
1.97241
1.93134
2.00752
1.44817
0.99603
1.96127
2.13162
0.90392
2.11394
1.87467
1.9325
1.93534
1.88789
1.91418
2.00309
1.46114
1.6812
0.99772
1.50268
1.93392
0.661288
1.93678
1.41456
1.61186
1.95763
1.95472
1.22055
1.98893
1.88729
2.48088
1.2199
1.44845
2.071
1.25005
1.53306
1.55313
1.98408
1.1478
1.68052
2.1872
1.4541
1.47373
1.63124
2.07411
1.4632
1.64624
1.45002
1.98636
2.10322
1.94764
1.56687
1.87359
0.741314
1.1763
1.28722
1.85698
1.95587
1.48092
1.83632
-0.777095
1.48705
1.90551
1.2741
1.5715
1.24631
2.08001
1.84519
1.36866
1.78692
1.67614
1.07376
1.44716
1.84824
1.28205
1.10104
1.46288
1.80153
1.77082
1.45289
1.40309
1.83122
1.81026
1.52939
1.95382
2.13322
1.78909
1.2975
1.84167
0.933415
1.74607
1.45244
1.70566
1.47895
1.48546
1.4021
1.48538
1.49789
2.04488
1.44222
1.89982
1.8888
0.985503
1.50501
1.98133
2.02875
0.635673
0.967762
1.47995
2.00557
1.72129
1.45853
2.15456
1.35134
1.69614
2.1252
1.96023
1.93518
1.48213
1.00201
1.88872
1.93069
1.74641
2.03417
1.17951
1.08377
1.46134
1.82471
0.575116
1.67289
1.58913
0.988473
1.67556
1.36202
1.36953
1.99116
1.74043
1.48198
1.32331
2.04256
1.93109
1.44005
0.695331
1.2239
1.93216
1.94297
1.7455
2.06773
1.92326
1.89354
1.45669
1.85966
2.06515
2.35017
1.61629
1.10982
1.62989
2.07412
0.76538
2.06425
1.8619
1.54413
0.645253
1.09598
1.63697
1.30223
2.03341
1.45358
2.14511
1.94052
1.83276
1.62968
0.98368
0.509734
2.02478
0.795982
1.48525
0.873811
1.47181
-0.300548
1.42433
1.79732
1.92501
2.06489
1.93978
0.828163
1.87544
2.14048
1.87081
1.03364
1.4778
1.4355
1.99419
1.87827
1.02822
1.02184
1.38373
0.557163
0.389893
2.03199
1.5181
1.85351
1.2895
1.28275
1.45911
1.46981
2.00077
0.612464
1.98827
1.77487
1.80726
1.40883
1.41461
1.90538
1.47491
1.99526
1.95785
0.803767
1.69985
2.1761
2.00062
2.0737
2.10476
1.87133
2.11586
1.97618
1.29244
2.09387
1.12962
1.88772
2.04024
1.71927
1.82119
0.00695645
1.7773
1.53317
1.7153
1.99849
1.51813
2.21509
1.44945
0.230963
1.56349
0.69936
1.00931
1.17998
2.06843
1.77695
2.02618
1.48262
1.574
1.02522
1.3279
1.0183
1.67701
1.6878
1.63864
1.91909
0.694945
1.66807
1.90162
1.71322
2.06163
1.12808
0.973556
1.61563
2.25354
1.79219
1.3782
1.92319
1.87037
1.35503
1.82513
1.88902
0.984754
1.47008
1.50737
1.98705
2.0216
1.68186
1.34249
1.92715
2.0149
1.39185
2.49276
0.76965
0.984795
2.15131
1.84768
1.50681
0.569813
1.65557
1.90619
1.86446
1.84876
1.70109
2.08529
1.71428
1.52316
1.82687
0.623238
1.97492
1.33006
1.75042
1.1623
1.80851
1.85587
1.87931
1.36946
1.83515
2.03971
1.99184
2.18355
1.95989
1.4875
1.83767
1.77655
1.90707
1.81863
1.90592
1.44326
1.7946
0.840605
1.70104
0.738613
1.07218
1.94216
1.81344
1.73327
1.63509
1.37047
0.826072
1.75754
1.44325
1.45924
1.89933
1.8302
1.8796
1.01313
1.79373
0.760434
1.79718
1.92254
2.31303
1.23916
2.00084
1.98519
-0.198554
1.61931
1.95122
2.08783
1.45365
2.02609
1.96832
1.50229
1.98026
1.27978
2.23351
2.08567
2.09636
1.22854
1.57558
1.04686
2.02745
1.7301
1.67502
1.80052
2.07517
2.06564
0.748782
1.6405
2.16278
2.04541
2.16618
0.770978
1.70357
1.84658
1.85145
1.18178
1.70783
1.48751
1.72322
1.46985
2.20054
2.21617
0.834191
0.62206
1.93633
0.843223
1.18847
1.71371
1.42777
1.84803
0.854112
1.78485
0.893054
2.14309
2.03442
0.801593
2.05093
0.630599
0.710213
1.71035
2.17336
1.98821
1.8697
1.32741
2.08475
1.82012
1.64834
1.75642
1.84574
1.16987
1.75033
2.0466
0.876605
2.08975
1.98988
1.60595
1.77858
1.46105
2.23906
2.92471
1.81149
1.68884
1.62164
1.73345
1.45959
2.08102
1.33959
1.667
1.50639
1.62957
0.960792
0.522569
2.60743
1.9258
2.63455
1.64686
1.47603
-0.245815
1.21706
2.57807
1.50728
1.33685
1.39681
1.60022
1.44352
1.97407
1.40555
1.47122
1.3417
1.27658
1.66781
1.49427
2.36261
1.77626
1.23294
1.84348
1.5371
1.45005
1.71203
1.73255
1.64625
1.75534
1.51491
1.86349
1.60207
1.21077
1.29718
2.32064
2.47155
1.58204
2.3855
1.79856
1.82087
1.68902
1.36431
2.44869
2.55472
2.5121
2.40663
1.38433
1.42851
1.92859
1.90782
1.55943
1.95115
1.31936
1.12501
1.18802
1.62329
2.12381
2.08133
1.25365
2.16806
2.21129
2.18865
2.42661
1.99366
2.10386
2.03799
2.01484
2.53367
2.25476
2.05877
1.9737
1.88468
2.49223
2.23428
2.14496
2.34211
1.16737
2.06322
1.01658
1.89223
1.35602
2.07215
2.11901
2.04303
1.51146
1.00325
1.50134
2.0872
1.7715
2.03095
1.49438
2.29227
1.25398
1.76673
1.43862
1.75658
2.08667
1.24991
2.02631
1.24455
0.923801
1.57376
1.85085
1.55424
1.83116
2.14298
1.76118
1.49589
1.56287
1.4333
2.00519
1.73191
1.97995
1.23742
1.67805
1.92339
1.90093
1.84399
1.64853
1.94694
1.70941
1.01697
1.04516
1.76019
1.92278
2.04662
2.1187
0.907973
2.00979
1.77661
1.4617
1.81095
2.21773
1.70739
1.50536
2.03762
2.22143
1.32018
1.94027
0.918074
1.92041
1.24356
2.10613
1.60639
1.11658
1.43927
2.28917
1.47245
2.12894
1.83114
0.997431
1.76198
1.20061
1.51976
1.56273
1.68479
2.18722
2.52924
2.00825
2.49357
2.18565
2.00734
1.43601
0.991055
2.33487
1.57819
1.48216
0.873823
2.04437
1.78922
2.05909
2.05124
1.35955
2.50748
1.68966
1.81192
1.98275
1.32318
1.48878
1.65689
2.0533
1.41548
1.35198
1.44494
0.280434
2.03955
1.52305
1.84041
0.954226
1.4684
1.45827
1.63844
1.334
1.80693
1.9367
1.54551
1.3278
2.19724
2.06686
0.834281
1.54971
1.27432
2.00312
1.45156
1.02554
0.777179
1.48352
1.81938
1.48924
1.4738
0.978989
1.83633
1.77423
2.03363
1.67763
1.48767
1.91958
1.03307
1.48346
1.67949
1.82128
0.61818
1.83914
1.60588
1.9319
1.53155
1.74119
1.81097
1.18598
2.06585
1.88521
1.94309
2.58416
1.25065
1.62078
1.26137
1.38685
1.50847
2.05815
1.84419
1.44617
1.04795
1.45413
1.91507
1.46508
1.32751
1.13733
1.66282
1.8095
1.58997
1.90842
1.94721
1.68776
1.62306
1.14668
0.159606
1.83019
1.24343
1.13081
1.67455
2.07055
1.99288
1.58703
1.73548
2.28897
1.98875
1.462
0.610504
2.17133
1.86237
2.61281
1.46003
1.60013
1.69482
0.980209
1.67994
1.08984
2.02364
2.08832
1.95837
1.50278
2.10607
1.4906
1.81247
0.917547
1.46563
1.92259
0.97154
1.5287
1.89772
0.762271
1.55327
0.743285
2.17957
1.97527
1.57473
1.51495
1.77093
1.47257
1.83188
1.64341
1.58208
-0.0345346
1.85073
0.0761117
1.40138
1.45802
1.94292
1.61749
1.47389
0.882091
1.55762
1.44305
1.59179
1.47702
2.06772
1.98096
1.451
1.41904
1.27841
2.1493
1.57369
1.03327
1.80588
1.01805
1.46074
1.5635
1.30076
1.04578
1.8279
2.08524
1.79047
1.64333
1.62754
1.61652
1.6913
1.50415
1.51
1.3905
1.90662
1.73345
0.672427
1.54808
1.23539
2.09304
1.61431
2.00932
1.23923
1.29562
0.695096
1.6899
1.15223
1.90215
1.70998
2.29773
2.24157
1.8115
1.06172
2.00222
1.86488
1.67062
1.4162
1.45794
1.44206
1.46633
0.742415
1.97816
1.03149
1.83873
1.92978
2.01437
1.42363
1.48858
2.04722
2.00068
1.86919
1.45125
1.28265
1.79263
1.69756
1.25359
1.48153
1.26198
1.86878
1.78906
1.64833
1.22408
0.773541
1.68441
2.00698
-0.04466
2.17476
1.4575
1.8083
1.82235
2.016
1.53365
0.96197
2.24375
1.45992
1.0553
2.04468
1.28811
1.79166
1.66231
1.42724
1.48088
1.82098
0.811173
1.37977
1.90878
2.86887
1.92001
1.90304
1.631
1.81512
2.05988
1.12529
2.04438
1.04661
1.02469
1.9426
1.65604
1.33902
1.77381
1.97278
2.01249
1.69132
2.00159
2.23583
1.11439
1.48153
1.77411
1.48259
1.46735
1.13694
2.14376
2.71711
1.60639
1.47766
2.02928
1.45452
1.19516
0.99528
1.51087
1.50017
2.59972
1.49953
2.26512
1.5162
1.24282
1.43624
2.56553
1.46037
1.67814
1.50473
1.39551
1.48271
1.41468
1.28702
1.78716
1.74359
1.33231
1.351
1.83016
1.76608
1.72251
1.2432
1.65653
1.85265
1.43878
2.45846
2.3955
1.70052
1.52571
1.87465
2.37645
1.55005
1.56873
1.19776
1.37349
1.26495
1.63242
1.81148
1.61325
1.59123
1.22134
2.54342
2.35244
2.50344
2.41745
1.91743
2.43968
1.94138
1.30797
2.48184
1.96043
2.13495
2.52277
2.0048
2.20141
2.0906
2.07156
2.17764
2.3321
2.11298
1.89394
2.02411
2.0476
2.22074
2.24426
1.98282
2.1542
1.17946
1.93694
1.99658
2.09842
1.20992
2.06001
1.84845
1.64909
1.60577
2.08775
2.04685
2.62152
1.18129
1.42665
1.42139
1.46436
1.34776
0.894985
1.8381
2.06922
1.62064
2.20285
2.06137
1.81077
1.43667
1.5004
2.43113
1.93044
2.01241
1.8864
1.30514
1.87373
1.6273
1.95082
1.13703
1.15508
1.34981
1.6913
1.76453
2.09942
1.46254
2.14762
0.774621
1.70163
1.89109
1.90213
1.54956
2.29749
0.288815
1.89162
2.05777
2.30869
1.73778
1.02261
2.07373
1.92869
1.22839
2.02313
2.01875
0.517455
2.01083
1.55306
1.7718
1.47249
1.29072
0.848109
1.03346
1.90038
1.41419
1.88534
0.765688
1.46641
1.47603
1.52969
1.68808
1.28828
2.33315
1.45976
1.50596
1.6775
1.72351
1.76719
1.89151
1.31267
1.617
1.94031
1.94463
1.28408
1.70026
1.41746
1.13793
1.99049
2.00108
1.6911
1.71087
1.78876
1.93666
1.90831
0.0650537
1.87678
1.1293
1.87269
1.82844
2.41419
1.43116
1.46167
0.802035
0.791253
1.8554
1.88752
1.60938
1.2779
1.47068
1.42059
1.44162
2.05103
1.38203
0.704515
1.60095
1.75423
1.94052
0.913829
2.13333
1.27824
1.69859
0.983055
1.80724
2.13232
1.65897
1.13415
1.82741
1.49795
2.19733
1.65515
1.88383
1.36767
1.66272
0.819696
1.8706
2.09384
1.42231
1.02777
0.824633
0.104955
1.04512
1.8296
1.48953
1.75151
1.24349
1.91298
2.56556
0.816774
1.96589
2.51688
1.7302
1.76883
1.87509
0.79407
1.80148
2.58806
1.93217
1.75956
2.07592
1.77292
2.65566
1.64141
1.05328
1.67528
2.21027
1.86341
2.09284
1.77521
1.86942
1.9751
1.14854
1.7881
1.15314
)
;

boundaryField
{
    frontAndBack
    {
        type            empty;
    }
    bottom
    {
        type            zeroGradient;
    }
    inlet
    {
        type            zeroGradient;
    }
    top
    {
        type            zeroGradient;
    }
    outlet
    {
        type            fixedValue;
        value           uniform 0;
    }
    car
    {
        type            zeroGradient;
    }
}


// ************************************************************************* //
