/*--------------------------------*- C++ -*----------------------------------*\
  =========                 |
  \\      /  F ield         | OpenFOAM: The Open Source CFD Toolbox
   \\    /   O peration     | Website:  https://openfoam.org
    \\  /    A nd           | Version:  7
     \\/     M anipulation  |
\*---------------------------------------------------------------------------*/
FoamFile
{
    version     2.0;
    format      ascii;
    class       surfaceScalarField;
    location    "38.5";
    object      phi;
}
// * * * * * * * * * * * * * * * * * * * * * * * * * * * * * * * * * * * * * //

dimensions      [0 3 -1 0 0 0 0];

internalField   nonuniform List<scalar> 
11512
(
138.812
-509.031
370.219
-779.609
5.30383
774.306
422.744
-371.562
-51.1821
660.048
252.675
-912.723
1510.16
-1069.39
-440.777
1216.25
-1527.09
310.841
-34.2353
468.923
-434.688
169.278
-840.309
671.031
961.908
-1610.7
648.797
-1772.21
1680.77
91.445
-542.947
1759.2
-1142.68
1936.39
-793.713
604.6
181.438
-786.038
-25.8796
-1323.72
1349.6
223.867
-1996.08
1021.83
-387.207
-634.623
-195.518
334.329
481.765
190.638
-672.403
1154.11
-1316.41
162.307
-335.571
379.977
-44.4066
1015.1
-1329.94
314.843
1221.76
800.391
-2022.15
75.6677
-1652.19
1576.52
-499.058
-1154.68
1653.74
471.558
181.968
-653.526
-182.034
-326.997
497.398
1012.77
1659.8
-1819.25
159.456
-98.7053
-1688.01
1786.72
-1561.42
658.739
902.684
-313.404
652.359
-338.956
-192.038
-125.188
317.226
1294.49
-1218.82
355.388
-1407.16
1051.77
-1754.23
1754.23
100.024
1544.26
-1644.28
-1086.18
-475.239
649.085
-683.32
-389.138
942.266
-553.128
1331.68
-1317.1
-14.5855
-1100.35
711.211
620.867
400.963
-419.776
-12.5355
432.312
-462.383
808.362
-345.979
-1618.32
1618.32
1253.52
-1437.83
184.308
-489.44
1711.2
1252.31
-310.044
1660.7
-1161.19
-499.506
54.461
-390.032
2068.31
-1137.44
-930.862
1827.08
-167.282
449.218
156.103
-605.321
-476.239
982.333
-506.094
-1180.42
1280.44
-565.926
968.899
-402.973
395.808
758.298
660.107
-490.829
-438.421
587.505
-149.084
1190.51
-835.123
2308.24
-1080.71
-1227.54
1165.03
-2012.57
847.537
-1614.24
1588.36
440.453
-1583.13
-758.632
1250.17
-491.534
-670.426
357.022
1661.41
-699.498
-1106.93
-870.904
1977.84
703.707
-390.72
-312.988
690.97
561.341
-258.219
1511.74
93.6216
-308.001
214.38
-284.682
756.24
-332.4
557.721
-225.321
-324.323
806.088
-320.756
-136.736
457.492
318.066
104.678
1474.65
-459.554
-1005.28
500.084
505.194
259.055
101.079
-360.134
945.98
-341.38
-1704.99
630.178
1074.81
22.5829
-868.798
846.215
-273.468
587.227
-313.759
158.945
-1093.92
934.972
1050.33
-1065.98
15.6532
373.168
516.213
-889.382
-245.253
694.471
-1102.66
-482.834
1585.5
-676.373
949.005
-272.631
1351.76
-1450.46
-662.725
295.689
367.036
-470.213
-1011.45
1481.67
-535.311
-798.292
1333.6
574.777
-994.639
419.861
-260.573
-313.281
573.854
399.047
-305.426
-1049.45
573.21
955.636
-796.691
-110.426
943.539
-833.112
-198.243
405.674
-207.432
-638.984
-366.294
-386.735
961.513
1856.35
-1856.35
-482.878
-179.847
-944.812
1570.86
-626.05
463.03
-899.261
436.231
-921.511
355.585
-941.901
-1058.08
-1503.08
342.484
1160.6
-266.193
926.241
-339.4
634.684
-295.284
-1941.89
999.992
-1153.3
-349.777
571.55
-1516.36
1728.5
-1726.12
-2.37707
199.607
-622.078
422.47
-1473.68
975.911
497.765
273.272
226.03
-499.302
303.097
-635.497
230.214
-403.176
172.961
2017.63
-872.248
-1145.38
-559.024
139.248
614.011
842.543
-1456.55
-182.472
412.687
431.918
875.726
-1307.64
-901.614
386.294
515.32
-1052.63
1448.44
-1068.16
309.53
744.895
-92.5351
576.089
-294.478
-281.611
1030.22
-530.138
593.503
-1403.55
810.045
-1341.99
239.326
-538.212
264.744
-1192.27
926.075
1945.42
-986.897
-958.528
276.796
1579.55
-2101.27
899.619
1201.65
349.96
-34.7524
-315.208
-222.499
476.601
-254.102
-89.8847
-396.583
486.468
-457.083
136.327
335.222
-132.178
595.208
435.479
374.026
-809.505
-2043.91
1128.61
915.304
462.143
-523.398
61.2557
215.284
-355.315
140.031
1004.37
1013.25
1798.15
-253.898
756.648
-460.959
795.003
-1388.61
593.607
367.985
335.723
1066.65
-1044.06
-486.111
-258.365
744.477
464.868
-124.392
-340.476
794.497
-613.059
545.278
-735.467
190.189
503.332
1157.37
-1240.48
705.168
1030.78
-1529.84
-3.11163
-1439.42
1442.53
328.303
821.789
-1150.09
621.518
269.889
-891.407
-2270.42
1152.98
1117.44
-1098.84
-1171.58
175.046
370.232
959.258
-630.955
877.728
-897.554
19.8252
-2099.39
992.463
-214.879
-184.825
399.704
-42.1727
1770.67
-847.206
67.5967
-1032.99
-1068.29
-226.914
442.198
-700.038
217.16
-291.648
-425.224
716.871
1103.92
-1574.13
782.399
-1374.1
591.701
698.549
-445.874
1947.81
-1444.48
-378.28
-1375.95
60.6853
408.238
-540.163
545.467
34.2868
-593.606
559.319
568.141
-294.869
-596.665
273.449
323.216
789.847
-354.368
35.3634
314.597
1188.47
-1191.58
159.92
239.128
396.267
-687.915
617.946
-1004.68
-2026.79
2026.79
-275.556
-445.35
720.906
698.615
405.831
-1104.45
579.971
164.924
421.681
368.166
-2199.77
1328.86
-925.505
-680.797
1606.3
-474.177
-718.09
-249.405
558.832
-309.427
839
-221.173
-617.827
-466.052
665.659
361.683
-701.083
-384.48
-132.791
517.271
-1340.2
-479.052
654.172
-1128.35
-374.133
-1244.18
844.366
1463.88
305.406
-915.48
610.074
966.099
-345.232
1391.11
-797.607
438.897
-278.977
-321.643
-881.664
586.806
294.858
-352.888
-528.776
320.877
-410.761
-186.565
-159.641
346.206
-392.832
1091.45
433.131
-242.493
-380.715
1367.45
-173.511
-1193.94
-486.634
310.673
175.961
220.937
275.47
-496.407
-4.66491
-730.802
592.218
-1729.1
1136.89
1487.05
-873.038
-1048.24
-425.441
-1055.35
574.87
480.48
1394.97
-419.062
928.301
-1411.14
-175.64
-181.418
357.058
-467.14
577.463
-1630.09
427.833
903.852
303.427
297.944
-601.371
568.026
1186.2
1102.07
-708.404
-393.667
388.895
-201.035
-187.86
-1419.41
447.192
736.133
-1183.32
1473.17
-544.868
-484.522
944.42
-459.898
426.167
1186.13
-1612.3
47.4402
-723.813
-155.284
414.339
193.939
-385.977
542.617
487.605
-592.115
37.964
554.151
1024.5
-1307.63
283.13
673.702
-252.021
468.449
-1447.19
978.737
390.72
1689.49
-524.458
894.2
1051.22
-657.674
-1684.97
759.467
563.535
414.057
-977.592
457.954
79.1403
1750.23
-1829.37
1443.58
-379.491
-1064.09
1699.24
-1741.42
-364.38
-545.551
732.092
-186.54
-502.59
170.096
294.772
-373.12
-1225.9
214.446
-764.772
-638.776
-626.677
995.791
-369.114
-650.535
640.307
10.2278
654.711
-923.294
268.583
-706.244
348.927
357.317
-646.725
-703.021
345.416
357.605
-932.052
1400.5
-427.958
894.513
-466.556
-2205.32
5.55601
166.815
-528.837
362.023
144.719
1222.73
-107.82
-592.218
150.894
-589.315
1486.91
-704.511
395.098
-466.216
71.1182
-559.887
559.887
1222.94
395.381
1778.38
-1227.59
590.322
637.269
845.957
-51.4596
1292.86
775.442
-541.266
1336.27
293.568
293.659
266.227
-811.779
251.174
-713.557
223.866
-435.321
211.455
-257.244
590.395
-333.151
111.453
-368.697
-590.991
-564.72
1155.71
-379.946
560.377
-180.431
-1192.14
2032.03
-839.883
1287.8
-328.54
-395.298
134.725
-1982.24
827.554
1550.89
-851.908
-698.978
1987.06
-877.503
-1109.56
714.636
573.162
-239.572
463.438
-673.392
1160.16
-486.772
-768.976
1200.89
552.045
924.51
-1726.08
801.568
-555.281
-85.6062
640.887
313.649
262.44
411.46
-86.1418
-325.319
896.167
-83.5837
-812.583
941.417
-580.791
-360.625
1576.13
-472.209
895.894
-1631
735.104
1068.43
879.375
745.991
-433.869
-312.122
-1058.78
-258.315
574.857
573.725
-1148.58
-470.943
530.273
-59.3301
571.477
-333.087
-238.39
-990.627
562.67
593.732
893.317
-441.744
1096.46
1429.14
-791.173
-637.965
387.437
-922.165
534.728
-1050.87
411.888
576.481
-1061
481.811
-557.708
75.8968
492.889
315.473
-511.037
-48.85
-793.724
-882.503
1676.23
178.865
210.029
-237.982
413.028
-29.5913
-576.175
605.766
502.414
873.038
-1375.45
-500.029
313.464
984.983
-88.8162
835.113
-1064.06
228.948
410.668
844.652
-1385.92
-464.929
838.955
1983.19
-1288.9
-694.288
269.382
608.347
255.398
794.931
100.549
-984.213
883.664
1673.7
-1088.9
-584.809
-138.105
1888.33
-1866.15
-160.642
482.176
-620.319
138.143
-1010.81
528.646
482.167
-1730.46
538.315
-955.328
844.902
393.079
194.426
577.932
-272.526
-415.77
706.395
259.704
45.6697
722.841
-768.51
-1127.75
-901.157
2028.91
-546.175
1126.09
-579.913
-487.766
-320.116
105.238
-1658.56
864.834
-842.991
-621.01
1464
-328.496
-294.214
622.71
350.175
-660.769
310.594
260.935
-615.303
345.629
194.818
-540.447
370.997
-620.402
631.323
-281.148
315.556
-452.292
682.088
419.506
-198.569
-410.725
-292.296
1230.07
-2.13925
-1227.93
1038.26
-420.313
557.984
410.915
-1782.29
869.802
912.483
487.4
564.13
-1051.53
-531.397
202.901
-264.98
1182.39
-917.413
-1590.79
1212.51
504.582
-1095.57
386.193
8.90451
432.654
320.203
-752.857
366.423
-611.676
-39.7653
760.717
-720.952
-524.553
794.442
401.253
320.314
525.643
650.145
108.056
-423.792
315.736
1057.86
-644.405
-413.458
494.057
-1664.27
1170.21
-1140.25
1753.21
-612.965
1715.9
-1123.68
-333.58
607.029
-1182.61
1283.16
424.451
-801.444
1617.17
-815.731
-286.377
-200.256
-904.493
1473.36
1817.37
-610.486
-1206.88
-405.297
679.04
-1305.72
-124.623
-62.5485
474.009
-692.154
-354.185
-1236.61
-212.505
473.441
902.037
-561.548
164.964
-1674.96
-71.3504
1746.31
-1087.15
540.972
564.389
-1187.94
623.553
901.051
916.316
630.367
619.799
706.724
237.696
-1153.6
480.209
-395.271
429.558
613.037
-512.956
232.421
-730.692
498.27
715.903
-347.918
-308.324
183.136
-624.485
256.303
368.182
-885.596
-745.402
1087.66
-2145.74
394.372
-679.054
-342.758
-723.225
838.794
590.344
-341.061
328.526
380.53
244.038
630.642
-874.679
525.03
635.133
-561.498
177.018
356.687
-632.243
-1041.47
-854.622
1896.09
-1809.77
157.585
1106.51
-1371.49
1168.8
-710.229
-458.573
-504.832
1349.48
-1495.41
627.942
867.463
-283.162
-208.785
491.947
1428.45
558.612
365.795
-498.586
-478.098
-576.643
1054.74
-428.212
595.027
1583.57
-1131.58
-451.995
-795.344
349.994
654.366
403.496
-1623.42
416.195
1207.22
-181.407
527.036
797.5
786.073
208.071
-708.949
500.878
195.863
209.812
-272.731
-110.643
383.375
509.187
-6.66708
-502.52
-1650.29
602.054
-1613.21
1684.38
-71.1773
14.5877
-1627.79
1069.45
787.335
-354.682
-825.491
-225.381
-1134.57
-239.525
-312.065
678.488
-1813.06
-641.289
1215.01
223.78
758.553
-1333.63
-678.943
-466.265
633.8
-330.373
-1013.26
1350.82
-1933.07
582.253
647.692
1288.7
478.704
-2.10304
718.486
715.014
-1433.5
-634.826
325.235
309.592
433.833
-100.855
-332.978
138.486
330.469
150.106
-480.576
-600.238
1163.77
450.712
-651.374
-459.053
-401.836
860.889
-326.392
150.752
-454.501
149.075
-300.122
-710.692
538.602
-104.77
-579.775
967.211
571.146
-266.92
-304.225
451.63
-775.953
-650.89
463.298
-1129.36
-849.16
1191.64
-569.771
444.337
300.14
-470.492
79.7722
1026.62
-313.07
588.079
-275.009
-509.039
1578.49
-700.618
259.689
365.204
-624.893
232.055
505.214
-37.1908
-468.024
-268.932
-185.569
1013.1
1108.81
564.896
-892.835
957.394
-64.5598
-450.372
167.209
-752.452
327.229
-596.78
327.96
387.944
849.056
-1253.36
404.306
775.419
-815.185
-948.799
-550.398
1499.2
-180.829
478.772
-568.551
274.073
1309.22
799.227
-591.156
1331.35
-677.174
486.926
-660.455
-401.08
-419.995
-378.455
798.45
499.417
-840.797
-477.058
105.176
371.882
-307.484
572.51
724.516
-330.144
-226.487
-174.992
401.479
-492.702
126.526
366.176
1463.25
83.5171
-1546.77
-756.961
1350.69
-1144.78
-465.92
551.377
-186.174
1154.24
-378.816
1083.4
492.725
707.302
-441.075
-884.634
-522.527
-1328.29
-18.9532
985.995
-967.042
594.677
353.025
-947.702
-356.989
-202.035
-685.132
405.549
1621.24
-200.668
389.06
338.557
-727.616
-1839.75
-2106.71
1519.15
587.555
-2037.19
349.178
385.616
532.063
-917.679
-460.632
1018.62
-417.485
-669.083
1086.57
-2030.57
1391.21
639.353
595.053
-1012.54
43.708
438.103
386.093
182.782
256.115
324.386
980.669
885.089
674.651
-319.965
-354.686
-286.832
614.832
-328
568.452
533.619
564.19
514.451
-1078.64
-796.02
-699.385
750.511
403.724
-406.885
717.479
-1193.37
1609.57
442.377
-1111.46
-359.431
554.25
-1384.96
893.154
491.805
-711.224
-337.131
-775.246
337.383
437.863
447.411
717.193
-1164.6
1080.58
-593.178
-429.283
679.195
-249.912
249.868
321.278
-465.277
-432.427
897.703
-226.244
574.131
-972.666
398.534
-462.065
600.598
-1681.31
424.049
669.848
-1093.9
524.652
110.032
113.414
-2212.81
551.437
-107.1
1445.19
1777.1
-217.547
-1559.55
-438.573
1789.39
-1987.36
1194.63
792.738
394.631
351.36
-45.0647
883.859
-1282.52
717.805
-867.113
-821.823
802.87
296.17
83.5418
-379.711
220.432
172.454
-392.886
1565.37
-846.888
-1530.92
-325.432
520.572
-232.83
-287.743
390.508
365.733
268.484
365.316
-11.897
1003.95
-992.054
379.804
300.453
-680.257
-734.209
1817.46
-1083.25
-342.639
733.147
-1228.96
-415.323
-912.885
480.459
595.787
-794.537
198.751
757.295
-375.647
-381.648
-439.835
-453
451.808
1101.51
1242.99
-678.604
797.569
-345.939
381.455
339.451
-231.38
-234.836
-228.581
619.301
408.283
-844.267
435.985
239.891
350.123
-590.015
-419.114
827.397
753.89
-1146.72
898.665
-49.6096
-485.319
283.111
783.535
-96.8153
1385.51
1890.51
-43.6879
354.361
-318.342
426.398
-1088.92
1077.02
648.287
376.554
380.741
88.1874
432.385
261.071
513.235
-379.242
-255.584
-560.818
-89.7175
-374.492
362.131
12.3612
-257.428
-280.784
1010.7
-1540.67
529.97
-179.656
-191.906
-388.523
688.976
-1650.6
1590.91
-962.966
282.799
-683.879
584.339
1224.41
-1808.75
607.449
983.459
328.348
-1129.39
713.615
-286.295
-315.076
1389.53
-1457.28
839.182
618.103
445.18
-652.051
206.871
-402.226
496.063
-93.8366
388.323
120.863
1724.9
447.138
-251.275
557.675
-1704.79
1147.12
-100.189
395.119
343.1
331.551
-448.796
-614.159
1062.96
409.886
-874.815
-640.013
902.121
571.048
-477.896
-228.347
-434.738
-409.529
-307.761
-826.813
1821.09
-1821.09
-100.383
-1601.22
1701.61
298.82
272.657
-916.75
-555.694
1472.44
-408.159
972.349
-613.201
-1037.09
698.163
405.017
-1103.18
466.661
-151.106
573.078
1220.34
-1793.42
-1039.61
2114.05
-1074.45
-380.87
-289.556
-487.126
837.121
-1761.9
1609.09
152.813
1761.9
-1615.92
-145.986
-237.464
515.775
-278.311
-537.318
1620.72
1577.47
-1992.79
1110.05
-295.184
-275.364
570.548
227.255
-586.686
-715.217
308.332
1344.09
639.098
589.109
477.192
-1066.3
268.269
439.034
875.161
500.113
-1375.27
542.864
-1020.96
1574.94
-564.238
-773.152
-360.897
-143.957
504.854
-490.428
1207.62
-742.271
328.369
366.102
392.014
245.088
-637.103
619.269
831.475
-602.526
262.221
695.174
-477.896
-332.347
-248.641
580.988
1168.41
-682.13
605.61
469.97
-1075.58
-1289.16
1289.16
-381.877
758.431
-273.217
-487.548
760.765
505.902
439.415
-945.317
398.466
-671.684
603.09
-871.413
268.323
-367.696
-487.774
1076.88
-658.495
-714.679
1373.17
-382.08
956.211
-1552.8
675.293
37.9384
-440.032
402.093
-526.367
743.527
274.396
315.999
159.408
307.254
-539.507
253.212
1870.85
-1967.67
263.79
-729.842
465.491
-827.661
362.17
-904.702
1428.17
-523.471
-430.426
-482.46
600.916
1124.15
-1725.06
-713.375
332.505
-464.855
1033.31
-799.061
1061.28
-370.753
-620.411
-506.596
757.769
536.675
-354.707
915.788
-324.397
-168.305
1599.04
-1816.58
-352.828
-619.838
-354.988
481.513
283.989
-614.362
-179.306
1076.54
-793.426
197.261
-309.36
-270.229
579.589
391.532
-894.947
503.416
-477.036
-470.948
-915.48
-368.03
609.158
-241.128
-467.785
-450.096
-362.063
-178.384
-414.826
659.914
-445.872
785.323
-1071.43
622.636
-1405.39
562.401
-29.0264
-1841.42
1870.45
570.16
-450.946
1242.41
-701.441
292.82
-292.82
675.108
-459.348
1036.5
-1649.7
-1158.74
-947.968
286.019
328.813
899.13
718.045
-514.185
-307.435
821.62
1662.9
-1691.93
-432.975
333.16
234.982
1134.81
-529.198
-943.342
1550.5
-607.158
440.766
-257.985
369.354
410.409
-779.763
548.168
466.718
-1014.89
-331.113
659.483
-38.2263
1909.08
1608.05
992.265
-1696.78
726.345
-1176.46
450.115
-492.52
1367.68
836.173
-1341.01
-583.432
288.248
815.121
-401.065
546.7
-1195.14
648.441
-632.03
-1215.52
-695.715
1911.24
-191.457
573.382
-381.925
-188.021
334.28
-525.737
339.686
360.963
-700.648
-1493.21
756.92
736.286
883.934
-1434.33
820.695
-434.401
201.562
-356.847
-616.207
283.86
-666.769
-718.19
696.704
507.929
-1204.63
379.576
-206.429
-173.147
553.447
-956.42
-586.06
-427.072
754.3
-831.363
-1156
-1437.93
499.763
938.169
1.7143
-662.133
360.909
301.225
-1328.18
1051.07
277.117
-614.861
-456.571
-665.426
920.824
395.738
-187.251
-208.487
508.466
980.357
-1488.82
987.582
-558.567
164.866
393.701
-425.183
694.315
-430.525
-510.443
155.456
234.073
-1522.97
524.403
556.175
-785.696
259.329
135.848
-460.245
360.196
-831.144
1954.16
-1195.38
-758.779
430.989
-702.507
271.518
319.752
348.68
101.048
-449.727
-584.812
184.213
262.924
-691.84
1374.13
-682.287
424.1
486.962
-1198.19
258.347
1866.77
-1013.59
-853.178
783.833
-558.946
190.917
1402.29
-975.084
-427.203
325.032
-784.38
-616.611
1725.42
606.604
636.388
332.647
-36.4778
265.031
-1138.32
1725.72
-587.402
-1763.55
820.212
1768.93
-1697.23
-71.6922
-672.75
277.479
585.307
-742.976
236.38
1402.52
-566.351
379.46
459.495
-1858.82
1420.25
580.385
-450.274
-130.112
198.295
-560.358
-289.995
-197.771
-347.375
690.475
-597.259
236.362
624.18
547.076
-1171.26
1113.43
-1947.71
834.279
157.08
360.19
-1700.67
1662.45
306.448
-747.524
-175.041
376.603
765.367
679.08
-1444.45
1087.37
-1089.51
522.498
-1115.68
-623.357
245.305
378.052
550.632
-294.329
-624.518
-1025.18
286.597
-736.692
-912.323
171.156
150.527
229.049
414.549
285.982
-700.531
-641.242
-834.469
-978.592
486.853
-1071.67
-325.001
500.962
534.369
657.275
-275.806
-119.491
-413.215
741.563
264.37
-1206.02
564.78
1316.94
-551.576
442.313
-1028.37
-380.576
166.755
413.631
1023.08
551.856
-1721.67
1621.29
1642.33
-587.263
-1055.07
1907.44
-1896.98
-10.4611
229.565
-547.907
-371.692
568.953
-777.566
-338.111
-334.639
1017.82
710.98
-1520.48
809.503
316.169
-26.1816
1625.22
-1107.25
425.118
-1258.03
484.875
-61.8161
1525.07
1196.88
-470.532
-485.287
-73.2797
-282.568
736.09
-1951.61
-705.791
369.172
-536.757
167.585
190.1
-503.169
1139.96
671.634
-1811.59
-641.109
190.835
941.542
-1497.24
-210.542
678.719
-468.178
872.742
1127.26
-747.424
1354.03
636.992
-500.231
-136.76
-341.036
1180.22
1049.21
-1979.6
930.384
-1181.28
539.991
1488.69
-586.564
-407.218
-154.279
-1247.98
569.378
1165.12
-90.3051
946.303
776.133
-1722.44
-192.376
578.896
-1541.71
962.81
487.032
916.345
-1403.38
632.471
582.543
415.747
-1106.59
588.848
1115.53
1215.01
-452.068
-762.942
-1186.2
-1754.93
-4.58329
-1717.09
-208.162
-443.889
1613
-636.156
-976.847
-490.802
1121.17
-1323.39
633.338
690.049
-1365.92
1449.44
-1336.47
589.044
1520.44
-395.502
-600.228
193.009
-1491.97
220.599
176.388
247.709
389.282
439.529
415.451
-854.98
506.476
-938.72
899.904
-1444.77
-724.362
241.134
483.228
-1058.14
457.897
-490.969
870.428
697.912
11.7013
-550.546
168.62
-886.569
-1318.76
-710.502
344.526
365.977
395.398
-721.283
325.885
-471.608
-189.357
-708.197
727.407
1540.26
-593.955
826.344
739.03
1344.57
-844.455
-970.789
-570.917
-792.417
429.191
363.226
-1035.17
-636.529
297.937
338.592
-1433.68
-296.776
-786.732
393.732
393
-673.839
422.999
250.84
-699.25
268.726
412.891
484.813
389.89
437.507
476.491
384.398
594.895
-968.015
699.252
464.522
451.352
355.888
-807.241
1630.71
-1079.8
-550.915
-504.971
-293.338
-1034.84
450.907
347.543
409.786
592.3
-1002.09
-1386.08
749.923
-527.413
1150.97
371.823
-41.3533
412.648
-862.401
449.753
-1899.51
298.287
438.495
-722.986
284.491
-194.438
398.09
-203.652
-659.222
297.534
361.688
-668.671
313.985
370.754
387.677
611.492
-1019.65
751.398
665.418
-1416.82
438.887
624.068
336.892
391.607
-728.499
405.199
327.948
599.797
677.419
424.092
608.961
-1041.7
432.737
-1675.68
1180.52
495.166
1696.55
-539.186
617.772
-1146.84
529.073
-638.669
344.455
437.773
-932.806
495.033
775.729
-455.526
350.661
339.814
584.877
-937.705
654.435
-1252.36
597.922
397.962
733.614
-1224.04
768.396
510.126
-1278.52
501.088
405.424
-906.512
-501.836
-936.096
-291.89
631.576
352.46
540.149
-892.608
328.393
331.09
-502.195
1944.73
435.344
-845.015
409.671
-917.519
-808.559
-744.191
362.543
-1239.94
440.884
-1745.95
1615.92
130.031
1753.75
-1609.09
-144.656
-780.677
-585.34
258.587
326.753
-1768.93
1992.79
539.248
790.362
-1329.61
440.18
715.531
689.562
385.609
-1075.17
-52.4055
1617.14
-594.06
394.605
847.808
-643.953
322.436
321.517
-378.951
-295.628
545.496
-208.681
434.711
275.404
-658.438
383.034
257.113
-570.872
-277.097
442.873
-1031.99
589.116
538.078
1092.64
365.961
595.552
308.2
349.861
-658.061
1640.97
-929.985
1692.74
-1521.49
-171.249
-328.227
-819.764
410.235
857.145
-1067.69
-600.273
272.273
-1090.52
1628.59
-1597.96
-73.8118
1671.78
-341.686
-350.51
-370.734
541.146
593.662
-501.341
-22.0571
-549.498
497.919
-283.485
-214.434
1762.92
-1311.11
-618.791
293.439
325.352
403.141
357.326
734.122
-289.978
-399.666
-1753.75
1691.93
459.86
-1099.86
639.999
-41.4338
1662.72
570.589
476.249
-1046.84
102.792
1144.2
-1451.96
-9.45415
-1890.06
219.608
-592.455
306.131
286.324
-954.364
611.606
-895.577
465.152
-1127.65
672.174
455.479
391.249
272.279
-786.464
-309.942
1215.78
885.96
699.538
-1182.49
456.16
726.329
494.756
699.582
-1194.34
-361.15
-249.824
400.351
-958.65
439.131
519.518
21.2075
-1880.03
1081.68
-478.593
-514.618
559.018
-1377.97
818.957
-440.529
802.699
-405.991
503.357
-710.842
1723.94
399.574
-170.524
211.784
-157.327
-247.622
404.949
1895.35
-504.136
-1706.98
1050.38
-594.818
299.19
-1011.99
551.36
-312.525
544.498
904.881
-1449.38
-1102.71
437.287
-21.1935
-1946.48
1712.8
-663.59
-538.947
460.93
-1189.89
728.958
199.892
195.845
-277.851
775.361
697.996
835.751
815.725
-459.836
1083.93
-498.547
468.766
-184.073
-284.693
-1925.29
-712.68
-317.051
-639.919
-6.3068
646.226
456.118
-271.905
571.963
1069
-814.126
922.586
1243.74
-426.033
-173.182
-245.108
418.291
960.394
-888.241
-315.634
-1066.6
610.03
1565.94
-809.024
537.908
934.536
-405.383
738.111
-332.728
1129.74
-272.936
342.253
1349.38
-709.495
-212.67
448.367
-1198.15
749.784
-977.792
-142.008
1119.8
438.974
-953.882
514.909
181.594
732.066
482.943
742.92
-112.279
850.155
-426.417
1181.77
-796.162
552.577
-1465.34
912.766
-1216.64
1800.98
-431.705
-1510.19
879.219
-1401.75
-330.097
-422.76
1457.01
-1528.64
783.237
1491.38
192.791
275.975
-374.595
-1745.95
-286.533
-1018.78
1590.74
-1781.53
1781.53
1577.47
-1004.3
-630.379
-359.197
368.309
604.04
-378.273
-381.301
-1389.63
897.112
1125.06
600.662
1202.23
1789.49
-1216.41
-623.478
272.045
1659.28
-1916.87
257.588
816.155
-1268.15
1545.15
-561.69
801.599
324.49
-361.659
555.732
793.752
662.429
1366.48
-247.135
-445.825
-388.392
492.815
-336.711
472.082
735.538
-320.723
-129.004
-351.276
576.542
-225.266
36.6648
-369.752
1107.31
-1720.28
-461.207
-506.111
-577.52
864.364
701.58
-1596.27
904.431
-452.347
-634.204
-515.535
1251.67
358.251
1723.89
-1702.68
-1662.9
1896.98
-1560.6
840.088
720.509
-392.192
-1800.67
918.168
584.223
818.302
-393.86
1794.58
-681.156
-424.788
687.729
447.994
-1135.72
-1104.06
444.261
752.617
-1617.12
473.287
900.84
164.251
-389.059
224.808
-1605.61
-390.462
-443.178
990.159
-683.203
1442.79
-980.797
1853.54
242.247
-537.293
488.136
-295.345
474.344
893.337
543.425
977.013
-463.617
-427.867
574.423
882.585
-1392.69
-40.9938
1583.98
-844.953
519.977
971.406
-1475.76
-1115.89
1779.24
-1240.78
-538.458
1205.99
-319.399
-886.591
-180.9
443.581
-262.681
-457.264
-251.291
420.075
-168.784
133.236
-383.06
1738.67
-1743.25
-477.932
-530.889
-903.443
432.175
-194.462
-237.713
629.716
-471.457
-362.336
-335.3
697.636
-942.773
413.998
-1166.85
676.052
406.497
-648.758
-432.418
1588.61
-870.569
530.203
-458.546
-568.929
-463.059
355.581
-344.607
-10.9746
-1124.21
422.769
-665.098
-1033.47
1698.56
-615.822
-1425.51
710.827
562.372
-1596.24
1033.86
-409.311
-471.431
166.343
540.382
-1258.3
742.765
539.275
1005.87
-2133.17
999.98
1133.19
-389.202
404.141
-378.707
-25.434
1477.96
-385.962
449.687
1195.48
582.758
905.928
565.856
528.195
-1094.05
152.729
-460.927
-1697.23
247.577
1127.48
-628.823
518.703
1013.51
-1532.21
1092.76
-1643.68
183.33
715.336
563.675
-879.309
-1086.25
-164.041
417.568
-253.527
-586.055
-450.711
-636.633
-621.848
343.996
-1619.96
939.158
-477.224
215.423
-385.947
526.936
-307.328
-622.949
1196.94
-1297.72
929.315
368.409
-1019.2
-393.466
-767.09
-832.649
1697.01
-477.485
1794.56
-1586.03
-208.534
-1556.56
1018.6
537.96
-734.343
-249.517
430.078
-180.56
-607.143
385.266
266.239
-651.505
-524.46
1007.49
624.208
-351.935
-1620.21
1050.43
571.827
1103.46
-1675.28
-436.161
-282.099
-377.123
-752.742
-487.982
-332.439
491.847
1557.98
-995.603
-773.878
1497.44
658.118
-324.958
725.884
1152.34
-1878.23
317.679
326.64
-487.653
-1935.03
1721.87
213.159
733.639
-475.835
-257.804
531.881
1060.72
-1592.61
355.581
-1726.54
-233.216
1752.37
-1580.64
1073.71
506.927
-1729.63
3.08664
-522.164
404.141
1700.67
-1721.87
939.203
625.472
-1564.68
366.556
-214.456
-152.1
-431.04
-268.21
64.9379
94.2582
-343.775
-423.1
-448.313
-401.312
206.874
1510.14
379.177
-220.934
-452.905
451.335
-188.411
341.085
1510.68
993.593
-170.377
-823.216
-1104.02
1704.94
-1728.98
1063.89
-707.569
-1021.41
-1265.06
1844.98
-579.919
1155.04
-1771.28
616.235
266.037
-877.536
1675.99
43.4016
-1719.39
-491.197
-1082.93
-1738.67
-980.267
552.4
1019.48
590.296
1132.95
-1723.25
274.406
-460.579
698.997
-385.012
397.604
924.208
682.095
-388.526
-653.172
582.956
1072.45
-1655.41
-410.361
-360.526
770.887
451.569
-1662.45
1521.49
140.952
578.512
-1043.37
544.766
1083.83
-1555.59
993.898
-230.278
221.788
347.165
1907.44
454.878
-71.4452
995.842
722.75
-1718.59
-696.607
1085.24
-1557.44
153.658
-569.352
188.677
262.659
-672.285
-567.66
582.727
1034.41
-710.693
-290.993
-1368.32
673.223
695.098
-401.893
749.419
90.3911
-839.81
562.392
-137.205
1557.45
-201.42
289.137
-778.716
-1935.03
1664.59
1020.65
348.927
316.84
458.889
-929.791
-995.5
-1767.26
630.57
1693.75
501.908
-474.764
1210.3
1087.01
-424.94
1028.98
-976.807
486.674
490.134
700.914
1047.88
-1748.79
478.223
488.988
-1493.85
-745.013
36.6098
776.334
-413.792
-896.26
381.642
-540.284
-800.721
610.074
-578.275
1397.23
1055.18
186.404
231.164
-550.689
1618.48
-775.885
1527.28
-1727.83
575.315
1152.52
536.724
-881.956
-1733.23
1916.87
-183.639
1721.73
171.676
-546.532
357.147
-262.889
-481.703
1210.66
568.274
1128.28
-491.106
424.819
855.163
-454.2
-774.147
438.683
335.464
1419.64
1089.52
-518.385
1422.82
-510.459
-532.915
1043.37
-602.831
504.82
-1215.05
1692.74
1839.56
-687.222
1586.13
-646.932
-1240.59
716.13
-562.994
191.725
-376.55
441.938
-232.126
-517.288
-1246.7
1870.95
-624.256
1173.37
-555.594
1120.23
-1659.42
1706.55
-574.003
-548.923
-549.856
1720.07
-316.358
-688.125
-473.453
1223.24
-1691.42
-1860.12
613.419
329.976
-947.802
157.394
204.651
-1719.02
1204.12
514.898
1162.84
558.89
-513.444
-465.462
1191.79
185.598
212.493
588.449
1251.12
-539.189
-1238.57
1777.76
-1025.21
999.985
866.781
-204.04
-1659.28
1702.68
-510.214
1411.05
-1733.23
-344.688
-0.299441
344.988
-250.433
584.678
-334.245
100.491
486.315
779.344
-383.946
1257.51
1270.52
-413.378
849.068
-438.833
1817.57
-662.526
1586.68
-1723.89
-412.835
-768.447
310.327
458.12
-561.596
-563.655
79.7497
-1138.53
-985.129
-670.531
1655.66
-943.697
-1189.47
159.078
-434.442
-646.983
705.789
1167.43
650.141
1410.26
-591.959
1636.71
1317.97
-575.201
-483.013
187.668
-503.338
1396.67
1239.96
-566.733
-999.979
890.282
60.4501
-950.732
603.405
-506.227
1403.34
1495.04
-589.112
-350.447
350.447
-589.627
1623.49
1239.05
-486.437
1134.12
-62.6374
1849.35
-376.027
1489.46
-589.553
-507.707
1347.79
-649.679
1218.58
-568.897
1554.8
-591.993
762.745
579.456
-1342.2
-659.255
289.606
509.622
601.006
-1957.28
-1008.36
1586.68
356.001
-356.001
-56.9895
381.986
438.709
406.375
-18.0517
-321.328
917.424
-519.462
-429.003
810.989
-236.208
614.261
-423.629
1552.24
-444.351
-883.939
173.636
223.965
-397.6
601.176
1250.76
-1851.93
924.707
-459.555
-344.607
126.146
-1943.06
1816.91
-447.431
168.454
1180.94
-440.518
-740.42
-296.17
-600.089
-497.068
-378.707
-471.172
256.738
1157.99
-564.323
233.218
-367.916
134.698
-23.1256
-107.686
1375.95
-1268.26
34.662
-595.48
-586.525
-444.264
444.264
-1262.34
1985.09
-1344.3
-211.338
-1823.79
237.76
-1025.75
-974.246
-175.759
-1639.96
710.167
1229.32
-1925.04
360.903
318.744
-679.647
-1850.02
1234.27
615.758
-558.622
558.622
-958.853
-40.1237
-1866.15
-558.188
1650.82
-675.396
1636.19
-601.779
-184.94
-1705.12
-577.894
-451.606
-594.879
-459.498
459.498
-1537.81
194.532
1343.28
161.198
221.628
-382.826
502.951
490.642
995.293
-475.775
1751.29
769.857
-414.412
388.978
523.687
1702.07
-594.757
-552.995
1636.82
460.722
1812.84
-645.408
-1804.58
-1938.07
-647.134
-472.922
472.922
-609.747
221.356
-699.092
1017.96
-466.596
-1077.04
-298.356
1579.55
1852.29
1635.38
-1635.38
-272.438
741.725
1761.52
595.806
1275.15
162.46
204.096
598.674
586.649
1603.48
-1603.48
214.411
-360.38
-440.083
449.063
950.189
-463.515
-638.419
-1130.94
1706.25
273.698
-1663.06
625.971
-288.776
460.452
1744.65
-592.132
-211.451
-429.169
378.335
737.198
1738.58
-613.522
-511.797
-771.066
1960.55
-870.463
-1090.08
1642.69
-702.777
1223.96
-1824.96
601.007
362.352
-899.645
-184.909
-99.684
1097.17
-487.142
148.597
634.63
-1659.81
429.9
629.87
-1804.58
-583.301
1787.42
883.115
-1162.87
1760.5
-597.627
1783.83
-575.56
-1208.27
438.333
925.555
-1743.25
924.404
-1486.51
252.407
1234.11
-833.461
-1254.22
-369.61
72.1033
297.506
581.78
262.326
1035.61
-436.455
844.71
-408.255
820.115
742.258
-1562.37
644.659
1066.54
-23.9014
-661.167
685.069
-1744.51
723.097
710.03
150.526
-1122.59
1936.78
-674.569
-1262.21
-537.188
1665.47
838.162
968.283
-1806.44
1227.86
683.381
-411.201
708.735
828.423
1026.75
-587.779
1761.52
625.44
1773.56
-1185.58
-587.982
-383.425
-349.717
733.142
121.455
-1185.55
1660.52
-540.288
-1437.77
1437.77
1250.55
594.428
1351.36
206.615
-555.328
280.353
-179.274
699.178
1113.66
474.132
-288.534
-869.212
-575.56
1740.16
-1740.16
998.392
-998.392
987.339
1025.17
-2012.51
1837.96
-614.006
-581.127
843.762
-947.857
-1052.16
998.133
691.524
-1689.66
-511.037
-370.913
-641.625
-808.441
2042.71
-1246.41
-613.71
1002.98
974.86
1289.78
647.005
320.046
1012.69
226.262
342.889
1186.2
1756.9
-1756.9
671.312
79.4053
-383.631
-997.061
-539.997
1674.12
991.016
1008.98
-1833.31
-215.833
-362.061
620.958
-373.38
1849.59
-1077.87
-771.715
398.376
-32.5805
-812.849
-1662.68
1662.68
912.602
1923.75
-648.603
582.498
-479.067
1708.01
-1228.95
728.599
1837.83
1157.72
-617.727
-577.185
1143.04
-811.578
-482.181
932.045
1106.4
396.82
418.904
368.61
1222.94
-1135.1
-585.173
-644.714
-1212.57
1857.28
-129.083
-254.88
341.239
-514.421
1250.3
991.148
788.413
-605.084
1878.11
-650.249
-384.54
650.779
1877.33
740.129
-544.06
370.344
-439.882
1453.52
-755.521
1172.18
588.321
-77.9215
405.293
-327.371
-1244.18
902.893
397.316
1636.86
-712.652
1046.56
904.826
777.682
765.6
591.553
757.775
1003.64
720.307
1835.89
-984.052
-851.835
537.873
-329.649
289.944
-289.944
-380.584
-669.5
284.488
831.985
394.778
343.333
1888.94
-659.618
1097.83
12.9978
-781.508
1118.97
457.526
-1140.02
1140.02
1758.45
-671.437
739.16
452.631
-187.277
900.001
-639.276
1314.38
1200.53
888.968
1143.7
540.448
1096.37
-555.071
-84.8482
-1090.51
1115.54
636.437
-1669.9
1198
-125.053
542.853
-417.8
232.417
-608.701
1859.46
1074.86
-1074.86
996.866
605.007
-1601.87
633.137
651.328
619.196
1115.31
767.56
-667.466
1731.35
385.163
1060.87
129.644
1563.64
528.864
711.091
-1215.63
-717.442
-527.003
1914.09
-1387.09
1852.19
-601.632
1513.38
-1852.28
338.904
983.955
-983.955
1772.88
-683.363
62.8474
-496.716
384.088
-645.547
1353.69
-708.147
672.044
-664.822
67.2618
529.324
623.087
-1152.41
1490.69
-755.587
1025.77
-1025.77
422.651
-322.002
322.002
308.232
1148.34
-695.222
-896.075
1591.3
1233.39
1266.33
661.079
-1927.41
-1323.57
-714.749
1425.58
1323.57
-545.302
-975.905
784.288
191.616
1154.61
-1154.61
1174.11
533.9
1202.81
-1848.22
1206.3
-1060.68
1060.68
1039.44
1051.85
801.684
586.644
-1764.16
1177.52
1092.01
-1735.44
1074.13
-616.235
-511.354
1013.26
-699.429
585.952
1291.38
1691.16
-831.24
-859.92
1048.33
-1048.33
-198.138
355.747
-157.609
-768.957
355.166
-1827.07
624.405
1202.66
-768.045
-762.738
1530.78
-315.951
-321.044
636.995
1123.33
1656.65
-717.494
265.525
195.197
875.774
-875.774
879.705
1680.41
-1035.75
639.025
-1278.3
1260.84
-1909.44
1132.25
-1794.78
-267.425
-402.075
1921.92
1135.42
-1135.42
1236.17
-1850.18
596.678
-596.678
418.949
-251.002
-167.946
609.062
953.845
-475.622
765.43
1773.01
-854.847
472.36
-851.758
851.758
1238.69
-1078.96
1254.7
-1868.41
1267.23
-1891.49
1125.47
1553.16
-769.922
-362.292
894.395
-1872.08
977.681
-363.673
528.638
-859.448
859.448
158.881
-457.237
1176.27
-1777.98
1190
-726.133
-1025.56
1751.69
601.504
-642.211
-166.211
-348.788
514.999
426.161
321.907
541.688
-374.103
636.785
1289.48
-1926.26
843.795
-843.795
1125.81
-1772.95
38.0884
-478.12
1677.31
1205.1
612.705
-1817.8
366.455
-760.895
760.895
639.442
-1852.01
1243.48
1077.41
-639.074
-518.324
518.324
1222.24
619.865
-1842.1
1160.26
-1752.39
1123.17
-1763.08
639.91
585.052
-1396.17
811.119
1237.85
621.611
-1771.16
1173.53
488.387
627.94
1229.34
-693.54
-1368.15
1773.7
726.769
-726.769
1095.03
-1734.52
639.489
-826.055
387.223
-719.844
1717.98
229.906
301.484
190.362
536.748
1224.28
437.294
-852.042
-809.269
1661.31
-1166.68
-660.389
554.897
-1530.92
-632.241
1092.39
-697.784
665.11
-665.11
1009.97
-1009.97
-605.805
888.602
-723.678
1876.01
-642.622
-207.082
179.263
166.709
-345.972
610.898
1112.17
-1723.07
1813.99
-576.136
-719.4
1895.67
1079.54
-1773.08
579.082
-402.064
-523.398
523.398
152.763
201.879
-354.641
1836.06
196.763
146.637
-343.401
-275.877
604.953
-604.953
-1215.64
1767.92
-552.277
707.239
-442.207
439.354
-232.48
190.493
150.991
-341.484
1802.7
-1817.27
-1745.34
1131.82
576.479
-407.858
202.79
154.965
-357.755
-1685.92
660.712
627.579
-627.579
562.814
551.892
-319.476
-2087.55
-1193.4
-675.881
1878.7
1134.28
-1721.69
-1230.63
619.948
1707.36
-1091.12
-1169.15
205.169
155.573
-360.743
-582.69
582.69
33.9987
680.178
1092.93
-1773.1
1131.17
1106.8
-674.063
325.674
741.07
-741.07
-1471.13
586.991
884.138
1083.25
-1678.01
1810.55
-604.252
411.466
-715.969
-1640.76
1038.98
-598.645
1796.65
284.209
564.929
-564.929
1633.3
-893.504
433.949
-712.55
712.55
-1097.66
-850.049
-461.186
199.712
167.054
-366.766
656.333
-1301.88
-467.965
-1654.15
1068.98
528.02
556.521
131.777
207.163
-338.94
-1204.06
1805.07
-608.69
-1280.41
-783.496
1603.61
259.72
519.108
-286.988
625.754
-625.754
1792.35
1497.73
316.253
-621.066
621.066
727.17
-476.33
603.674
-410.664
-198.06
463.585
-502.982
195.654
735.803
-494.669
-710.727
326.186
-1658.96
1118.68
1090.99
832.961
-571.89
1452.21
-1557.45
965.456
1002.69
-1673.22
611.054
1106.13
-1717.19
-1587.02
1022.78
617.352
-617.352
1223.53
628.766
-1123.01
1105.82
-664.934
735.017
-466.292
-1486.35
897.234
1033.73
-1627.79
-1183.26
-580.898
1955.68
-998.448
522.673
981.698
-1628.63
-155.958
-554.769
1603.69
-17.0085
-668.968
1209.64
-1885.52
551.747
-1681.11
1101.44
-524.648
314.973
209.675
552.018
-1200.78
1845.14
-1528.76
957.843
-254.81
-247.882
502.692
215.785
-460.174
-385.352
1451.89
-756.615
-823.976
1580.59
740.762
-1839.87
1099.11
-320.257
479.138
-1922.62
1948.7
-1948.7
-1803.19
807.688
1881.28
-649.772
168.919
-415.778
-538.104
-339.767
-879.746
386.987
-596.59
1986.12
848.62
-493.572
-355.048
-1664.52
853.362
-1872.14
1052.99
726.253
1836.1
-282.488
1669.22
1787.52
-586.988
-1627.66
545.694
1081.97
873.231
-1629.85
-606.142
-668.053
-129.033
638.159
-364.462
153.308
406.578
1004.67
455.886
-1460.56
1675.35
-543.533
-562.59
1640.18
-1702.81
927.082
-502.263
-1101.24
614.096
-26.5237
-1425.72
1630.68
-524.548
-1435.37
859.81
609.033
-1679.4
1070.37
1671.46
-588.209
-1286.91
-689.813
1919.15
-1621.24
-14.1371
-366.531
-1799.2
601.74
-1178.92
-1468.18
878.626
-502.19
923.071
775.044
-1698.11
1009.32
-1435.86
426.54
-64.3776
-230.39
-162.497
-1376.69
398.902
282.545
-943.001
529.347
-1518.71
750.662
-1599.9
790.879
-1115.22
2009.61
19.8867
-607.584
1772.83
941.637
151.469
-1819.74
1169.97
-625.671
433.134
-445.51
1070.95
-111.535
-1076.33
1187.87
-487.185
1249.93
819.141
-1651.79
192.034
1196.69
759.174
-1535.06
136.361
1670.42
612.192
-1542.18
947.415
-1544
-548.974
233.023
-1398.78
912.347
451.515
-109.655
1206.61
-570.225
402.928
-723.262
1402.94
-679.677
-363.699
565.633
-329.271
-530.18
819.786
-1372.66
806.309
-504.336
-693.849
-362.354
-463.702
1853.05
-1066.66
-656.41
-631.469
1870.16
-1268.26
469.166
-1239.55
799.037
-958.946
847.412
-1302.69
741.098
-827.01
-284.45
-750.455
327.695
-483.539
1209.66
607.027
1026.28
-6.51379
595.361
-97.6085
431.888
-232.928
445.421
954.277
1065.32
182.654
-1414.34
822.382
-749.832
-1128.68
388.263
-1338.36
763.156
-1597.62
752.667
1264.2
451.158
-219.995
-751.392
1330.85
-1082.77
-651.746
457.503
-341.906
33.9051
994.124
-1119.4
125.276
648.578
-738.106
206.426
-1745.4
-782.071
326.545
-225.829
1087.15
569.503
313.23
-882.733
-595.873
-824.713
373.107
-455.616
-24.0676
1443.51
944.001
259.594
270.703
-530.297
-686.581
1788.02
-64.1877
-458.227
695.923
172.638
357.395
273.176
-596.715
1676.86
1382.98
1829.02
355.553
1079.67
-1766.25
792.8
682.968
-1475.77
-1506.02
1095.02
-1061.31
1709.89
-651.867
317.024
-792.402
-573.609
-990.467
1564.08
-1028.43
265.167
-359.004
1082.51
-1542.68
704.549
-1520.28
-863.196
586.216
276.981
-583.453
534.239
736.618
1112.97
-1668.24
1668.24
-599.607
807.011
1147.15
928.291
-1527.9
-604.887
-947.156
-415.567
-477.937
-289.79
615.025
652.287
-1429.85
-1595.58
725.007
864.914
-1627.65
637.25
738.767
739.996
-1518.71
-485.342
1390.17
-755.551
-523.559
1279.11
-1252.38
685.644
929.547
-400.901
580.203
-1314.55
-1382.98
-1339.54
616.93
722.613
-573.043
646.539
-1297.43
-683.231
739.433
-419.387
801.935
527.571
677.546
426.917
-1182.47
343.319
496.168
-839.486
-427.892
-100.945
875.713
-1593.21
1663.53
-158.217
-1053.04
-626.356
369.547
281.233
1654.65
-556.819
1476.23
-578.993
489.152
646.304
-1510.1
863.792
-1230.63
661.738
-1217.19
-494.411
1140.95
1168.63
707.517
-1231.08
735.171
-1728.42
850.153
466.79
1008.83
-472.079
-165.546
-1050.53
-258.012
410.741
-474.796
673.717
-1569.79
-1184.3
526.628
1034.75
710.275
-1204.69
-603.385
-1635.54
0.95832
356.188
411.995
-901.092
1526.56
322.96
788.386
-418.043
5.07368
1574.59
881.892
-353.669
308.85
44.8189
-470.39
1237.95
560.731
-1045.92
485.184
-322.96
-21.6463
529.838
-1071.88
542.038
1179
-413.403
333.072
-744.273
72.5645
941.774
429.135
-233.29
-500.395
-1061.14
-1191.67
636.072
-714.043
-1614.24
-658.655
797.572
608.369
870.545
-1478.91
1037.64
-1085.15
1660.63
-621.648
-486.846
-318.569
1164.78
-288.954
344.764
-394.087
49.3231
-735.431
-594.979
-1417.19
782.99
-975.6
-626.273
-46.6043
-14.3011
-244.999
492.996
-1152.25
245.49
-299.211
53.7209
-1092.06
-589.049
-675.768
585.692
-1150.02
-177.085
343.617
-402.472
58.8547
423.994
377.941
-1097.4
-591.603
816.307
430.936
-495.631
916.441
629.93
-1546.37
903.026
232.085
861.392
-438.741
461.585
528.662
509.99
-1038.65
598.875
485.196
-1084.07
689.151
608.031
802.069
-1410.1
968.81
1133.02
-640.026
943.062
648.235
879.513
-39.3555
573.122
-1102.32
296.812
-361.254
64.4421
466.443
382.177
-414.472
333.163
81.3082
1112.4
505.972
-1017.33
-1633.31
863.391
1422.42
-757.003
-459.348
369.927
89.4208
1134.95
-712.181
187.145
-1072.95
1712.44
328.302
-419.075
90.7728
1478.01
-599.383
357.868
-447.843
89.9745
-619.721
255.259
-476.823
407.297
69.526
400.926
-457.859
56.9334
403.033
-445.721
42.6886
467.852
-481.447
13.5955
-447.704
469.286
-21.5821
465.756
-435.29
-30.4655
441.958
-404.099
-37.8585
438.036
-394.15
-43.8858
423.218
-374.226
-48.9917
-387.57
448.356
-60.7852
424.761
-361.158
-63.6034
402.124
-336.214
-65.9098
-402.072
471.326
-69.2537
-20.8007
-800.599
490.554
-160.555
755.741
-685.567
466.989
507.387
651.617
-1458.73
807.114
-597.259
-648.011
430.56
380.429
420.988
-437.263
357.967
79.2956
383.638
-756.599
372.961
108.442
1571.47
-606.016
-1292.64
187.064
-561.659
443.576
-926.484
482.908
532.252
388.936
-842.796
453.86
1688.27
-744.267
1500.48
-880.117
-1587.77
-802.282
1763.79
-672.805
474.462
-953.054
757.315
-1354.57
1112.05
1588.36
511.627
417.92
439.218
359.655
-445.781
86.1255
-897.954
449.641
-381.994
439.283
-57.2888
-759.533
-568.37
504.933
638.108
-424.453
-580.332
1646.09
-575.727
493.095
533.658
508.564
-1015.79
507.223
-1537.46
1173.76
-689.462
1698.78
1126.95
-597.877
-372.022
-409.956
421.176
-11.2199
-283.212
434.515
542.144
-1039.21
477.051
1178.85
-547.815
-546.236
-332.818
344.519
1057.88
-350.497
-633.466
-535.681
512.258
-1057.92
545.664
1425.38
-602.996
1400.91
-500.906
494.676
-981.521
436.002
-382.587
-53.4156
209.312
-886.076
-671.234
1469.11
351.986
-830.047
480.8
-944.315
1834.78
-961.55
-741.416
280.489
542.23
594.563
651.259
-1245.82
685.084
-1432.78
747.694
1074.21
466.041
-906.124
731.775
621.919
-504.792
1417.39
-1770.42
1503.25
267.173
271.078
1453.69
-1020.35
1518.12
185.617
-722.448
250.991
436.337
-860.79
-639.467
-1111.63
296.13
1119.03
-157.519
1289.84
-604.2
-1600.38
1098.19
1921.17
-1110.49
-810.681
-582.603
844.078
1041.88
415.794
-824.049
-810.705
-1121.12
-648.385
-501.171
-381.136
-1351.28
-246.687
317.315
-572.9
196.655
437.166
-830.062
232.419
-657.207
853.666
-1810.98
-855.894
201.273
162.58
-363.853
-933.492
457.079
-1098.79
894.555
1015.77
433.93
1416.86
-1537.52
696.483
282.898
779.16
1379.23
576.894
-1183.33
606.432
466.744
-860.911
-888.366
1879.38
-443.289
188.478
-559.406
1120.14
208.077
626.692
687.692
-195.56
-396.779
592.339
1609.25
-1007.2
-509.38
1147.49
337.888
-268.067
-69.8206
628.397
-1259.95
-858.447
347.31
511.137
-1122.73
-1621.17
783.574
877.736
651.851
721.322
194.446
312.941
137.763
-509.419
371.656
543.689
-298.331
708.931
-1196.12
547.461
396.86
-780.806
-782.318
-627.783
-4.28595
1607.03
-981.058
-820.379
968.579
1529.57
-850.69
-678.884
340.736
-689.342
348.606
-540.227
1298
1268.26
178.015
209.238
-1053.69
742.259
683.317
-512.8
138.697
-456.931
263.76
193.172
241.95
1469.11
373.621
-734.001
642.723
968.826
-1542.43
179.85
320.118
338.386
-658.504
1189.4
-603.707
361.117
698.242
-373.399
603.304
1282.78
478.274
-935.699
457.425
544.536
528.817
-1073.35
676.169
-1428.91
893.805
-451.552
-597.105
1679.07
-599.829
1786.05
-1186.22
-626.298
252.9
1511.51
-776.341
-357.022
889.263
292.81
-910.231
-387.99
669.223
821.994
-733.849
1277.95
444.996
-895.424
450.428
-1063.14
-756.602
-763.505
-1060.29
-974.56
-715.097
597.164
-597.164
-7.78919
-733.509
542.153
-1532.62
808.501
201.609
407.186
-753.105
345.919
656.92
872.654
-1293.92
1836.07
-891.027
1660.13
-718.49
1267.81
-867.992
456.583
-250.156
1404.64
304.778
-595.165
290.387
-1071.71
616.095
-934.082
1535.09
841.782
-129.094
-463.298
843.727
414.925
463.585
-393.563
-70.0212
-1642.92
782.014
-578.773
168.108
1634.81
-882.143
1122.73
17.2935
1523.68
-654.463
-1129.7
-409.369
-560.176
-865.176
-1678.82
1052.46
508.177
-584.735
76.5579
-275.318
336.003
-751.151
1848.2
-10.2231
276.955
-597.999
-1523.68
-138.997
1128.66
-685.874
-442.791
-726.552
-117.243
583.609
278.839
-773.508
-591.168
1768.69
381.433
-744.252
1826.76
360.558
-890.737
278.271
288.407
-566.679
-324.773
369.224
339.511
-1377.3
-418.286
219.778
236.805
848.775
-1121.51
456.575
1076.07
-45.3246
-586.679
1156.11
-554.365
-946.238
-449.933
-499.416
-812.401
1311.82
-614.14
105.66
226.988
-220.298
-945.039
1378.58
-433.537
-500.721
-680.191
1297.12
249.363
-515.358
265.995
619.145
1390.47
621.636
-1555.13
1185.29
-816.881
-469.787
-537.64
277.712
-348.144
70.4316
-549.966
-250.763
-7.91965
-626.703
-1197.34
736.546
460.796
-571.889
1098.79
-670.791
1393.4
-585.153
250.908
1642.06
-917.05
726.552
34.3432
-60.5027
235.655
-483.537
804.763
-539.414
920.541
643.535
1020.02
-445.145
787.066
-1370.51
671.923
-247.471
1052.59
-654.282
1154.04
-371.423
331.299
-574.082
-890.418
1600.58
751.151
1731.19
525.209
-329.555
-532.679
867.15
-483.512
850.888
617.859
390.526
-321.064
-69.4622
714.509
-1605.54
-413.266
969.778
-636.939
-848.707
-742.243
396.085
-327.82
-68.2651
-454.376
-498.168
-601.675
370.832
1099.86
-638.276
884.874
-511.767
588.901
-427.189
1305.51
-1687.72
706.659
-1797.53
606.796
-530.855
509.018
-843.334
334.316
215.855
-543.591
327.736
-762.942
379.602
-356.104
175.183
571.88
-290.296
-471.568
1179.08
1126.34
-687.118
-587.873
-469.835
407.633
-435.709
28.0759
-503.413
190.822
452.273
-210.441
-347.267
-303.495
763.969
-1082.54
488.639
946.793
1039.32
-461.613
376.007
324.773
483.625
1028.87
498.349
852.504
1068.66
825.023
-1479.35
654.327
468.857
-1259.5
679.165
-188.9
-268.032
163.488
-393.265
604.83
798.11
-597.76
-156.492
246.157
238.937
206.484
1661.3
-459.773
-741.003
-314.08
371.992
-57.9119
1168.82
-479.515
-689.308
438.367
-393.516
261.69
410.232
-577.343
493.877
-721.52
1158.69
218.286
643.163
1399.17
-1204.64
697.013
-430.975
149.365
-183.43
-686.994
607.149
526.669
-318.21
1101.49
-666.826
1133.57
-495.294
1205.57
753.505
-612.798
372.469
-54.4028
1513.33
-774.566
1654.4
-993.687
1370.51
-1245.94
250.763
-88.7229
602.532
-779.824
-782.549
-404.476
1254.63
-68.6388
-521.376
-264.098
-1190.86
-588.602
731.539
-279.703
890.575
-456.626
-366.579
170.814
228.89
582.379
-213.495
-285.807
1229.76
-592.492
-543.924
583.244
-656.732
224.92
67.9005
390.369
-323.968
-66.4006
256.036
-1088.6
765.094
278.963
-1019.97
369.298
198.747
-568.045
627.288
-265.223
705.277
-440.054
-783.765
-378.58
-1024.8
518.58
465.225
-1186.75
-886.583
347.168
-131.046
172.947
929.626
-61.2064
498.68
-1165.51
1783.82
-901.93
-54.8265
33.9367
29.068
40.9657
641.044
-471.479
99.4926
-696.272
-432.236
-625.686
-512.324
791.164
-440.007
-963.442
-1215.11
-95.9976
-468.748
761.558
900.787
-417.88
153.463
-351.601
-29.9663
786.163
800.826
426.082
-321.997
383
-61.0029
-500.867
-628.782
278.285
-623.529
282.463
706.007
-217.486
322.164
1162.82
66.3615
-518.622
647.243
-1593.87
946.626
303.026
176.112
-398.933
588.016
-386.407
223.338
-692.087
-412.074
178.785
-263.887
-212.312
925.927
765.851
187.739
327.261
-952.291
522.062
-87.8133
276.02
-753.951
-659.879
-969.017
798.641
-1220.65
-894.473
307.461
-502.58
144.335
-350.765
-428.259
887.946
-342.283
-475.152
698.932
65.9816
393.516
466.071
1154.37
-751.869
61.7761
-389.175
642.075
-532.025
-626.405
732.066
-434.355
1209.81
-321.211
280.42
40.7904
1779.07
869.193
516.024
-338.01
864.093
-1428.08
-1840.42
856.372
768.806
-331.041
1603.69
503.762
104.476
-133.332
-178.092
311.424
1695.64
712.586
-1392.26
1687.72
-733.446
1036.43
-42.3033
1217.1
56.6962
278.466
-729.177
-270.145
-343.828
305.819
-803.988
1020.05
545.293
233.821
-676.999
-701.272
-163.044
1213.72
-243.287
-264.302
-183.894
-132.478
316.372
-1032.34
-210.877
-689.756
-621.607
-1312.33
541.262
-545.863
-1249.27
1103.29
736.946
-336.003
-93.1663
372.496
-308.552
-63.9445
1771.35
-526.262
133.248
-353.243
-64.1849
-462.95
957.629
-642.785
486.413
546.241
-639.513
-69.4356
297.646
-115.475
286.35
145.432
210.316
-1154.37
-406.578
-191.265
-132.217
323.481
-757.186
-810.961
-372.365
-82.9121
-886.105
-1123.67
-1464.15
-535.889
-1464.15
1465.72
534.275
1465.72
343.828
-317.64
132.072
1034.7
724.503
1275.37
-1122.56
-460.523
-854.024
-436.915
-840.468
-263.715
658.39
-401.816
294.716
-1752.22
-441.171
32.1431
-374.576
731.598
-573.133
405.593
-670.816
-488.627
633.93
-435.184
-1114.29
-725.577
673.94
-1702.37
-771.217
-687.515
1679.75
-503.373
217.565
1056.25
-560.257
-100.911
-83.2422
-1472.38
586.303
1566.58
385.734
-1419.67
-473.462
-1399
247.2
-1013.78
461.279
439.508
1009.51
-862.852
-130.446
-215.309
345.756
-1292.64
-355.853
439.056
-242.401
-765.863
-449.186
-592.482
1487.04
685.865
365.184
-766.764
434.9
1134.96
-701.028
-818.75
-659.472
281.199
-649.87
-21.8143
-469.628
1245.38
-846.476
1462.48
-385.462
-360.696
748.799
-390.549
-900.5
-826.812
-430.666
491.922
-364.037
-134.74
498.777
111.588
422.777
-457.281
1425.56
1573.08
-604.5
-628.642
1157.97
-968.656
260.991
-296.815
-458.099
1099.43
-535.777
-208.497
946.805
-444.58
-153.589
365.044
757.186
-1342.46
-27.4462
-440.519
-246.76
246.76
-318.596
-434.509
932.541
-618.04
1297.21
-410.497
-511.956
-1586
830.58
-327.164
-339.923
-1193.94
1176.84
-570.408
174.207
412.913
-890.85
-722.498
272.859
490.58
-297.408
-633.906
-490.232
-219.436
-145.475
364.911
-819.743
-141.377
-217.92
359.297
-218.364
-134.696
353.06
-274.381
35.1048
897.515
-1518.53
357.773
-191.064
183.025
-964.533
1043.45
-501.216
-670.614
-414.342
1084.96
939.416
-227.342
-142.461
369.804
-392.461
449.158
1353.4
1661.79
1282.78
-1485.91
719.148
184.948
461.278
91.5509
-338.311
460.995
-290.892
787.884
-441.965
506.925
-693.005
-608.874
-465.079
159.9
524.785
-33.4314
-479.304
-404.642
-658.121
-1584.5
773.792
-228.369
-145.583
373.952
-887.697
-512.167
1610.36
-1526.11
-871.786
1129.85
-1175.17
1601.78
1060.11
-818.796
-899.796
126.175
-613.813
1671.7
901.277
910.151
679.08
-255.529
874.192
-350.797
-300.777
-372.35
711.861
400.24
576.555
601.604
532.563
-352.714
757.125
339.43
1580.87
1401.62
-471.994
314.064
-362.914
-665.257
-3.03704
171.566
-883.075
359.189
-802.483
946.16
839.894
224.92
-263.933
473.609
271.529
-584.635
782.953
206.329
213.908
187.571
1560.59
48.4045
905.506
-953.911
475.925
-401.908
169.913
-1098.38
472.692
56.1062
819.23
908.045
-177.197
-176.71
-391.334
-371.15
-515.433
-608.962
242.383
-929.296
464.543
-468.073
-358.054
75.0211
751.146
-457.633
903.175
-78.3641
-483.295
576.86
885.621
350.868
-201.096
268.318
931.896
603.192
53.355
303.459
260.882
-1227.61
465.079
-910.748
593.377
317.371
1688.75
-428.827
-340.5
272.757
-404.62
976.82
111.322
336.718
1220.73
1514.73
-650.94
-679.424
685.976
-319.852
845.542
-525.691
-679.448
658.647
-401.088
823.63
384.79
612.839
-385.544
-1349.34
1038.52
-247.336
1857.45
-681.065
192.499
527.657
-204.786
695.429
-312.636
238.103
-1100.04
439.101
-1356.59
1339.64
406.666
-233.456
-144.098
377.554
-784.03
-1623.77
-932.046
163.311
58.3888
-606.736
1020.73
1190.86
-672.527
-759.906
-659.415
554.363
500.545
536.757
-1230.61
930.063
-248.282
1175.24
-526.115
777.053
-1290.5
1098.67
-83.7477
308.668
-607.937
1394.1
231.61
-634.561
-907.873
408.136
1203.08
198.491
215.848
49.9951
-976.7
907.415
-971.793
-242.905
328.573
763.177
712.409
1157.33
355.932
-661.973
-326.833
-329.187
-290.833
-737.148
-456.634
535.723
-393.613
-17.1481
83.5754
-43.1846
-762.344
299.394
-1337.79
293.724
505.35
664.733
-1170.08
-1100.71
-355.846
-380.229
-1009.51
-1134.84
-1518.58
617.898
-332.083
-1103.81
-381.845
-384.436
775.571
400.45
-1101.48
-67.7424
347.48
283.814
289.476
609.272
-1021.08
332.453
-431.328
375.735
-215.409
-398.775
-192.91
-1535.06
290.766
-1508.55
-1457.75
-209.834
1090.21
48.5282
-462.011
1056.18
-557.833
-681.363
1133.64
813.357
359.785
-773.051
690.943
-272.229
-377.641
-404.868
-567.604
1051.23
360.813
-177.934
-182.879
-343.842
-803.948
-400.605
1204.55
1914.49
74.4481
390.747
183.537
-542.799
-300.535
293.687
324.337
-118.737
-205.6
-373.675
170.022
-400.581
462.357
-410.585
770.37
626.383
468.019
-418.024
-370.367
-87.5629
-908.281
390.925
-238.725
-751.385
640.365
499.985
1171.79
1019.83
-1157.2
788.085
-543.605
-121.097
1549.13
-580.742
1102.8
-323.743
1648.23
-134.55
-213.594
361.319
921.145
416.053
-1377.6
-330.267
-1432.91
1315.48
-636.401
706.607
-1355.94
664.398
355.342
-458.885
-629.087
-565.713
497.722
-205.333
-975.12
-834.589
291.79
1127.91
1511.24
1003.99
222.567
471.721
48.577
442.381
505.055
969.973
575.267
-319.231
-292.048
1529.64
-178.943
888.015
-1353.67
955.82
446.642
-607.182
-190.43
-489.018
338.659
-590.679
1131.06
557.709
-311.552
334.776
437.561
-325.973
246.989
-429.622
-144.58
-806.925
329.871
-600.835
-492.173
417.107
-1013.1
197.778
1011.98
507.367
812.095
350.546
-244.808
-399.668
1530.83
-753.489
-474.123
17.5552
-749.474
1169.75
-1708.9
1177.86
-210.61
1324.55
315.062
-348.81
-174.123
584.355
-356.701
464.405
1517.23
-148.187
329.716
-539.472
1391.9
-1198.73
-1328.42
417.566
399.129
-968.798
145.582
-352.616
340.939
-372.817
468.107
1061.53
-560.747
-573.965
1203.72
-1210.03
532.852
334.053
-1190.09
-1270.85
-258.988
73.6587
-482.974
309.92
-765.076
291.614
-49.2769
-607.166
416.736
-370.83
264.403
-140.606
-899.52
-472.75
-348.673
1115.88
-384.573
-295.368
278.812
420.459
430.368
-535.136
273.57
1632.57
-1575.08
-298.714
528.722
-87.2064
-721.012
288.61
85.6681
-1100.61
-432.006
-882.73
269.932
965.392
-332.434
-958.062
-330.034
-0.843566
204.086
-697.754
783.229
-715.632
503.211
-156.553
-241.801
398.354
-343.442
58.2867
-346.821
973.237
998.786
-407.142
176.799
173.747
-651.202
219.811
500.371
-539.727
1079.99
240.357
-379.04
1134.05
-636.325
-268.982
288.348
143.708
-1671.58
366.283
1331.5
181.274
76.0899
0.37055
-424.584
192.121
1474.04
160.44
-802.92
424.104
-1532.95
1543.26
274.602
-158.269
-437.211
-188.262
1107.26
141.749
-282.19
322.671
-325.556
664.986
642.69
294.618
-628.277
-987.702
196.306
-153.515
594.998
-324.92
654.635
338.419
303.656
-780.192
1189.03
75.8813
375.556
-480.505
769.877
325.596
718.444
348.179
125.83
-625.12
913.512
303.24
-465.682
273.99
273.471
-940.984
-216.216
37.1546
-132.46
1500.99
-296.662
1339.88
-196.59
338.339
323.439
-1136.97
429.515
-823.155
357.473
-326.287
-674.082
1021.06
655.798
-487.489
-761.024
234.762
397.887
261.84
-346.455
-138.664
330.785
-557.591
-983.249
691.338
184.503
-607.87
-184.501
-759.429
-469.41
-124.968
-843.83
-159.807
1054.01
506.429
1726.37
-623.081
-83.7777
423.2
-664.277
-176.279
-150.009
-496.807
-117.2
-1465.05
442.77
-223.442
-306.571
-459.372
751.162
354.664
556.355
603.811
-309.505
565.683
196.403
996.214
-817.291
1292.49
585.62
382.255
-306.165
-544.849
-49.3833
-433.912
-1011.07
45.1593
-381.538
-380.217
72.8848
-335.255
-796.574
110.241
-18.8399
118.92
1113.54
-558.063
-117.239
803.57
294.583
-361.756
-983.373
625.35
-366.86
276.79
803.567
324.334
45.898
-427.931
-248.182
1443.93
485.871
253.935
-100.097
1213.64
-208.48
-162.351
384.022
-837.791
-237.124
207.134
145.482
-328.361
1380.3
-499.92
-182.637
-145.353
73.9813
11.0357
-126.709
115.673
-16.283
17.0396
-0.756662
-311.515
210.017
101.498
338.681
-57.4132
-281.267
-173.728
227.017
-53.2882
-17.1482
172.206
-155.058
-3.60347
-6.79371
10.3972
31.3787
-19.1122
-12.2665
168.95
-157.915
59.2439
-232.972
176.862
-101.552
-75.3099
382.14
-403.126
20.9857
16.9575
-11.1924
-5.76517
141.629
35.2327
-208.786
293.61
-84.824
-44.3379
54.2653
-9.92733
424
-159.076
-264.924
-210.294
100.168
110.125
-37.0327
102.8
-65.7676
394.477
1.85931
-396.336
-495.129
463.065
32.064
-4.44829
-37.7854
42.2337
-13.0364
-0.40568
13.442
-131.285
114.137
71.4106
281.504
-352.914
-228.38
14.7149
213.665
257.886
-410.858
152.973
-39.4202
233.693
-194.273
-0.447459
-0.48244
0.929899
68.9081
58.2121
-127.12
-3.08608
3.46253
-0.376446
-3.08375
3.46052
-0.376774
-3.08411
3.4612
-0.377089
-3.05988
3.45556
-0.39568
3.05612
-3.44489
0.388772
-3.05986
3.45535
-0.395483
-253.8
214.38
-25.0522
166.068
-141.016
-25.3754
17.5762
7.79927
187.701
236.298
-331.74
288.638
43.102
-0.165142
-0.282318
-11.3645
-0.606198
11.9707
27.524
91.7289
-119.253
12.4431
18.9356
392.238
-320.828
115.886
-304.014
188.127
240.3
-243.232
2.93157
97.8364
-121.948
24.1116
-2.56133
21.6644
-19.103
176.456
-148.932
83.2241
63.1474
-146.371
-103.273
-91.8795
195.153
-8.15531
-8.12764
105.1
-130.152
38.6444
46.675
-85.3193
281.455
71.0776
-352.532
15.4694
-19.0728
26.6098
-31.5413
4.93148
-15.517
-9.85845
-74.1823
29.8443
-3.2485
2.70338
0.545121
266.445
-26.145
57.5162
-55.8181
-1.69814
5.89517
-120.69
114.795
361.309
33.1683
-6.35108
6.35108
-304.264
-4.0986
308.363
16.8877
8.43226
-25.32
-6.84626
-0.22021
7.06647
-252.273
-147.335
399.608
-257.322
48.5359
327.115
11.5655
6.75528
0.302417
-7.05769
6.81849
0.250737
-7.06923
6.75372
0.300084
-7.0538
6.75425
0.299659
-7.05391
6.8719
0.252071
-7.12397
6.81852
0.250448
-7.06897
-12.0531
0.688573
-2.31527
-10.7211
26.3028
89.357
-115.66
0.624267
11.3394
-11.9636
-180.235
76.9619
142.419
-136.524
-13.4757
-171.287
184.762
-120.069
146.371
391.973
-134.088
7.51461
1.1072
-8.62181
-92.7255
-117.568
2.58884
-2.3004
-0.288442
-468.188
297.133
171.056
-269.989
212.575
259.754
-232.283
-27.4716
-199.08
314.967
-42.0373
374.198
-332.161
-190.06
230.488
-40.4289
-255.185
137.236
117.949
-254.664
-56.8513
-3.46984
3.94403
-0.474189
-3.72626
0.640179
3.56015
-0.504032
-3.72599
0.642236
-3.72795
0.643845
-3.59173
0.531852
-3.59058
0.530717
-222.138
282.097
-59.9593
-102.185
185.41
-156.622
321.905
-165.283
208.185
-405.485
197.3
440.931
-188.516
-252.415
-0.522713
0.519034
0.0036791
34.5538
347.586
-102.687
122.764
-20.0768
36.7946
107.335
-144.13
-1.3636
-1.69849
38.9391
-37.2406
-119.01
-20.1423
139.152
16.5221
322.425
-114.24
-62.5548
99.3495
10.5963
-11.3849
0.788645
-3.92272
0.452878
156.769
-174.342
17.5722
-3.01679
-0.23171
89.7351
-51.0907
2.07643
0.512408
-0.117586
0.407187
-0.2896
8.02449
81.7106
-173.929
272.966
-99.0373
103.127
-36.2025
-66.9244
14.133
-3.53673
-217.217
361.081
-143.865
171.997
268.934
29.5295
27.9867
55.0082
-92.0409
-436.274
394.237
-301.713
147.209
154.504
113.621
-87.058
-26.5627
-104.256
-18.7811
123.038
29.2627
-29.2627
-222.138
165.897
-257.776
4.21757
103.118
0.352301
16.5354
-3.19552
3.57978
-0.384252
-3.25305
3.63566
-0.382606
-3.19543
3.57975
-0.384312
-3.12691
3.524
-0.39709
-3.25277
3.63633
-0.38356
-3.25321
3.63673
-0.383526
-4.5385
33.9362
-367.642
333.706
-43.8559
-11.9621
174.056
-237.579
63.5227
-53.5914
49.1431
263.619
-277.095
-18.8125
-17.8437
36.6562
-0.0132053
-26.3394
26.3526
-304.143
-27.5972
224.601
134.396
-358.998
-6.03387
35.2966
309.08
-27.6247
79.1487
-296.366
-436.403
184.13
9.24471
7.79491
233.926
63.4667
-297.392
95.3575
-394.202
298.844
102.829
-301.909
-413.856
86.2914
327.564
4.81506
-84.7961
318.722
-4.77015
20.2395
-0.0065654
-0.111021
47.8019
236.877
-284.679
11.1418
5.81572
-26.9909
-274.056
301.047
-6.08495
-0.266133
226.172
-378.479
152.306
-52.5471
-211.62
-127.32
-224.636
34.5768
3.16772
-3.55315
0.385431
-267.085
-96.768
0.055863
-0.578576
-40.4618
-83.2349
123.697
102.042
-33.134
-1.73665
47.1212
-45.3846
-66.7653
113.44
-19.8968
-17.1272
37.0239
-12.4946
0.182532
12.312
-129.182
-281.677
102.508
16.2343
-118.742
-327.623
-167.506
-100.394
55.6441
44.7494
163.116
-6.34676
-305.043
148.421
-23.8106
170.216
-146.405
-350.049
190.973
-109.138
-6.8316
115.97
-93.4717
-50.6581
-30.4997
6.4531
24.0466
-258.24
174.575
83.665
35.2192
-137.907
24.8403
-26.5769
-31.5343
26.7642
70.1487
15.8464
-85.9951
-285.938
1.13491
284.804
-157.516
117.305
40.2111
64.6153
-132.022
13.0119
-113.578
6.91698
106.661
285.69
-182.861
-200.2
60.6826
139.517
157.007
-65.2778
-180.198
-169.852
11.3608
-103.132
91.7716
-119.8
-191.794
12.4824
179.311
-131.746
113.919
17.8264
10.5916
92.5353
-297.346
56.1385
241.207
-255.801
81.8725
-65.237
76.5978
-6.98547
-23.5142
-1.29367
1.29367
-150.796
-29.4396
71.9454
-1.79671
-2.30143
-5.85388
33.5836
-40.5691
-194.766
282.817
-88.051
78.1999
-14.0792
4.07009
10.0091
6.00928
39.0292
-45.0385
0.780366
165.288
87.4204
-332.154
244.733
-8.50262
-23.0317
48.8391
123.367
-6.19044
-125.555
35.2123
-43.7149
15.6978
-112.959
-8.09643
121.055
205.548
20.7403
-226.288
-0.61975
0.688721
-0.0689711
-17.2155
38.5591
-41.1205
248.586
13.9578
-262.544
3.01179
-3.49423
-222.138
0.897857
-0.0108683
-0.886989
-27.0249
-60.6994
87.7243
-121.066
84.864
20.5997
-22.9149
-5.39121
-45.4695
-217.287
262.757
47.8371
-47.8503
17.2654
-13.2765
-3.98898
271.259
-46.6571
-124.309
141.881
3.69211
-0.0935024
-3.59861
29.9517
-3.34192
238.497
-199.091
-39.4057
-3.73683
0.0105639
-3.73633
0.0103489
-4.20989
4.33165
-0.121767
3.80768
-0.247532
-4.28287
4.39581
-0.112938
-4.28167
4.38012
-0.0984502
-3.73893
0.010979
-3.82456
0.232833
-4.20971
4.33158
-0.121871
-3.82407
0.233488
-4.27944
4.38755
-0.108113
4.42913
-4.29
-0.13913
-4.21077
4.33234
-0.12157
86.5299
51.298
207.398
-258.696
-8.43226
5.46482
2.96744
136.969
12.9483
-149.917
13.6262
355.726
-260.368
192.707
-58.6348
-134.073
170.831
151.074
-26.6173
-191.282
217.899
-28.7168
-268.629
-60.5841
-39.8094
177.559
-1.10397
-25.8157
6.21439
90.2414
-19.5448
-17.2351
36.7799
338.929
128.076
-467.005
-303.675
92.0547
-29.9558
10.0591
-22.8476
141.191
-118.344
236.628
-2.83846
28.6391
-25.8007
5.21063
31.9873
-37.1979
-232.964
61.6777
55.3156
-1.05029
-21.0359
-80.3581
101.394
-134.472
40.9999
-363.407
237.787
125.62
229.686
-55.6296
99.1544
-440.931
341.777
66.8933
-333.978
28.6755
-8.07584
186.585
-170.351
-131.239
26.9828
1.21173
-1.21173
64.5239
-87.3715
225.192
23.3935
34.2184
219.774
-253.992
154.223
-178.033
94.0236
3.8127
340.749
-253.329
0.503283
-11.6956
-0.230606
-193.307
-61.8785
214.296
-259.766
-4.44704
-9.51383
13.9609
-2.09976
41.7063
-39.6065
-0.74697
-11.7476
-360.202
394.138
-17.6954
56.2545
-0.152933
0.643724
-0.490791
-0.195186
-19.5135
19.7087
-256.652
-11.0147
267.666
1.60833
7.74406
-9.3524
67.7874
395.278
-140.329
320.07
-179.741
196.774
-337.102
19.8871
-18.2787
185.979
-192.169
-75.0102
425.891
-350.881
-75.3973
104.208
-28.8111
35.4158
-35.611
25.7207
-23.6147
-2.10604
-3.87724
2.28524
1.592
6.94951
48.3661
-3.12951
0.145334
2.98418
-30.9971
-89.2764
120.273
1.33785
-3.63825
-312.264
411.419
346.653
-108.976
-237.677
-189.121
-279.067
-90.0848
-23.4934
316.878
-25.1088
-291.77
-459.599
15.5159
-135.585
-74.1505
206.3
-132.15
204.994
-226.245
21.251
4.24421
-296.66
292.416
37.053
28.1579
-65.2109
20.4784
-133.437
42.0135
-44.852
-130.196
67.6412
19.7116
-211.505
3.90474
31.4694
-35.3741
115.933
-91.696
-3.1477
2.90816
0.239543
-3.14746
2.89899
0.248475
3.13094
-2.89796
-0.232984
-3.14817
2.89911
0.249056
-3.67185
2.7368
0.935055
-3.14207
2.90674
0.235335
-3.14182
2.90687
0.234948
-1.37712
11.1603
-9.78315
-23.784
24.4083
-66.6084
139.095
-72.4866
-58.8247
31.7997
152.643
-171.424
12.8693
281.059
-293.928
-28.0997
9.28718
4.39776
-2.32133
213.462
-178.544
-34.9184
323.304
-398.314
-139.177
-182.93
322.107
129.754
161.107
31.6002
-19.5978
25.6071
294.116
-280.158
232.641
-27.6476
-19.8793
364.68
4.22904
2.12204
-21.0297
-6.10422
27.1339
143.793
-151.89
-17.0383
-14.503
-40.1809
286.046
-245.865
-6.84626
411.815
-239.818
-145.273
66.92
78.3529
117.336
-183.944
-203.545
17.6165
-0.351109
-35.5828
-133.936
169.519
6.64485
7.5962
-14.241
-12.248
4.68976
7.55822
6.75528
6.81849
6.81852
6.75425
6.8719
6.75372
7.64579
-156.603
137.217
19.3856
229.011
170.198
123.412
58.2159
-21.1629
-98.1579
67.1609
309.619
-275.401
349.089
-166.587
337.418
500.7
-362.288
-138.412
0.053817
-32.939
-167.261
24.6954
1.02532
149.68
-156.512
72.426
-165.151
-86.6368
87.8058
-1.169
331.943
-149.069
-182.874
356.556
3.01369
-359.569
-126.281
1.97179
-70.5722
52.8768
327.548
63.5018
170.191
1.3642
-1.3642
238.313
-72.4163
-176.336
158.34
-41.0348
-142.984
155.932
-276.596
8.13122
268.465
-0.22193
-12.026
54.9394
-7.81813
-77.3934
-52.8026
11.4971
-144.453
132.956
55.4992
-16.47
322.254
-276.335
-45.9192
-257.468
-270.269
27.9746
242.294
15.1582
-271.81
-300.038
399.133
-99.0944
-289.798
15.7421
-92.7313
389.864
309.876
-258.578
-469.919
392.362
77.5568
-179.164
242.706
-63.5428
187.842
83.4166
-136.57
152.086
31.1365
369.491
-400.628
127.101
-53.7604
-73.3402
-0.88556
0.26581
0.195713
-0.348646
260.228
71.7148
-10.3298
31.8499
-21.5202
-26.8701
22.423
-9.45358
16.0984
-4.08549
-0.361515
4.44701
-1.82423
-2.05301
5.55687
-211.036
205.479
-121.004
3.55659
-0.853209
-0.0013036
-1.66944
1.67074
28.2328
-5.21456
-23.0183
46.4422
-11.2299
3.4497
353.106
161.929
-103.717
42.9573
-9.3737
-154.742
-208.665
287.702
104.271
100.617
-362.136
261.52
388.223
-392.322
92.1929
-26.4946
-65.6983
290.47
-301.485
-43.4355
-3.68814
47.1236
-74.2728
41.0751
33.1977
22.7362
-1.0718
-237.335
210.718
274.306
47.9487
-447.915
354.806
93.1094
14.7804
-13.6639
369.39
-19.183
-251.086
295.517
31.5979
-116.35
-151.16
267.51
-107.193
446.122
-266.125
45.6322
-6.69309
-16.0984
-13.1643
59.8173
-14.3736
-112.335
-108.364
16.3435
92.0208
-32.0311
-0.0819397
1.60431
2.79345
77.0623
183.166
14.3711
35.3166
-11.6747
-23.6419
6.4136
-7.91261
1.49901
12.3307
-0.991347
-199.273
-72.0151
132.815
-60.8002
-206.815
-124.88
331.695
3.98289
-0.038859
146.839
-41.7394
212.457
-284.924
72.467
-189.136
-280.783
-0.31395
0.31353
0.313031
0.313482
0.313059
0.314828
389.678
-303.387
31.1539
-6.31366
442.912
-378.297
99.7704
-107.559
7.78875
38.475
240.536
-33.1378
-282.517
240.716
-235.159
4.61813
-235.636
236.771
439.915
-263.768
291.742
118.36
-55.4811
-62.8785
6.08495
0.954876
-7.03982
23.3509
-25.4506
-195.703
17.1593
143.004
3.36708
-0.604528
0.122493
0.482035
239.573
-9.08484
36.7097
-371.739
4.09631
-17.7876
-8.40997
26.1976
-295.267
392.77
-97.5025
3.78464
-137.852
65.7257
289.27
-354.995
-3.18764
-424.523
21.3973
-223.816
44.6521
295.63
-2.18789
-0.941619
2.76953
8.66103
-11.4306
408.947
-377.81
-91.7815
25.5757
66.2058
-22.287
19.1566
3.13034
10.6074
-97.2442
-351.597
133.96
217.637
256.447
-2.94479
-2.95063
-2.94499
-2.87484
-2.95311
-2.95312
-40.8671
290.515
-249.648
-70.9819
-50.9661
-5.94128
5.84778
-2.50745
22.3945
0.0545596
265.147
-306.014
-14.1826
-25.5166
21.4811
4.03546
-164.424
-31.2796
-1.6789
-52.4529
34.6091
-118.041
31.7684
86.273
-35.8963
179.44
-143.543
336.199
-267.676
-68.5225
-0.116575
-0.0485662
-50.7571
40.4273
-154.706
211.249
-56.5434
-313.847
18.5801
-6.41298
6.41298
6.4136
36.3383
9.2939
251.403
-113.653
30.4179
-40.6542
35.4397
-224.466
460.854
-405.668
-55.1862
11.9346
18.4656
-24.2308
13.8504
-132.593
2.94751
-503.542
396.35
-22.083
-241.929
264.012
-121.881
99.1964
22.6851
-320.257
181.081
28.0305
-33.8927
5.86212
-64.9118
277.369
80.6423
-73.6928
10.29
29.1689
-39.4589
-39.6753
33.5711
-18.332
23.5426
-54.8285
37.7014
-225.714
326.331
276.635
-354.545
77.9095
27.5116
7.80501
174.893
236.922
-47.8076
36.1329
1.41147
7.90868
-9.32015
-0.0174334
-101.626
26.2291
-83.4213
-18.2051
-78.1905
406.721
-340.995
-117.783
319.657
-79.3454
-77.2575
47.2577
-15.2704
-30.4507
-100.789
-213.852
348.248
4.10226
5.58206
29.1671
-34.7492
-391.347
412.333
4.73218
25.7399
-30.4721
-208.629
113.955
94.6739
282.943
-45.1556
-3.09633
-0.640002
-3.09631
-0.640522
-3.0431
-0.695831
-3.11973
-1.09104
-3.11955
-1.09016
-3.1187
-1.09119
28.7556
-2.16571
-33.3604
350.701
-74.0658
21.3272
-13.731
-368.619
272.733
-193.584
-200.522
71.3074
-129.942
440.569
-0.415379
-1.25406
-4.76091
-17.526
-74.2728
8.54309
280.095
26.5334
-109.955
4.89362
-23.2256
-0.739135
2.40988
-5.39791
10.2915
299.638
-111.797
-60.2309
132.657
-433.535
73.3327
-256.954
216.525
259.36
26.6858
58.4692
-10.6321
-232.429
-119.168
36.4913
-13.7219
-22.7694
10.8552
-17.2664
6.41117
0.906031
-14.1825
1.12561
-29.2795
196.082
-166.802
2.04634
15.5077
-17.5541
-6.30066
7.14948
-0.848825
-0.498433
0.149787
-356.735
-29.7295
-121.066
-71.3393
217.446
-196.706
10.0631
-0.982201
-9.08094
18.8624
87.9418
39.1587
83.1701
113.257
-327.109
212.802
-242.081
-1.78915
21.0286
-19.2394
-188.951
-40.1494
229.101
20.8386
-16.1065
4.42326
-20.4855
-5.89212
17.0339
0.0056933
7.56268
-7.56837
207.5
-272.411
-127.341
26.5521
24.4445
-174.94
349.702
-174.762
43.5098
-7.17147
75.4413
-210.962
135.521
-45.6701
59.9989
-14.3287
297.011
49.6418
9.95502
-9.0848
30.5659
-0.115261
34.0399
205.533
-19.1323
-200.289
219.421
-204.762
26.0419
178.72
209.468
10.3059
43.5531
-14.3842
-93.3582
-24.6833
207.345
-187.633
17.4593
63.183
-34.3032
33.5777
-5.54711
366.49
40.0399
-406.529
104.7
-61.1938
-43.5065
47.875
-6.16877
7.70952
-8.69176
0.982236
-13.2217
55.2353
-111.011
-34.2623
4.69866
-5.11404
24.8827
12.9775
-37.8601
-50.522
-154.803
205.325
-16.6592
32.8551
-16.1959
-39.8887
-7.96163
-150.857
149.102
1.75434
-327.495
144.565
-3.39016
3.66668
-0.27652
-89.7045
15.4317
8.00492
-95.063
-5.28344
29.6917
31.1814
-2.54229
87.7726
-76.2755
41.9412
-6.52536
41.1287
-28.8948
-12.2339
155.083
8.03356
-82.654
38.3398
-6.87045
9.70163
37.7143
-8.54719
-52.5998
8.74384
231.446
-45.4671
0.547749
3.89926
-24.2862
-12.9117
32.9221
-7.18218
119.336
-120.511
1.17476
-6.36579
5.62666
0.954936
182.149
-27.9265
16.2701
-15.1791
-1.09091
-31.7885
-5.45213
-88.8064
-227.5
316.306
12.7991
261.786
-198.264
226.92
-260.28
-0.330649
7.83004
-7.49939
-20.8385
199.807
-13.2221
-158.773
-19.2605
-50.1727
-20.3995
-24.5081
-185.766
210.274
0.361406
77.9354
27.3607
9.29556
-64.1908
-98.8081
162.999
-0.0652273
11.2255
0.58562
-1.08405
-15.2684
100.69
182.127
-157.223
-34.9464
39.7419
-66.3046
172.134
-11.0273
-20.417
-8.67264
29.0897
-38.7902
-6.59434
-352.732
-68.9847
421.717
-28.1574
249.333
-221.176
-17.9646
-10.2905
28.2551
148.982
-355.798
-22.8635
-5.70385
28.5673
-19.6865
-9.11743
28.8039
-88.1571
27.4577
-33.5312
-6.07527
201.717
174.164
-281.694
5.09802
20.8962
-131.043
110.146
-1.00309
-0.208642
122.851
-115.934
111.931
51.8234
-163.754
-233.826
-144.653
-30.5984
-17.2092
-18.052
0.264339
-80.8554
0.884147
6.91211
-7.79626
-78.3173
285.817
3.6211
-29.3425
-6.26853
180.856
-199.988
7.2804
-8.54926
1.26886
-397.178
-0.0424743
-0.0457968
0.0495506
-0.0458771
-0.138041
-0.046371
-0.0462554
-155.466
-2.44902
-163.608
113.086
-54.8637
297.158
308.326
-43.1792
129.021
16.2041
-145.225
122.608
-56.0595
301.171
-20.1125
-33.0564
-7.59786
80.3504
-2.31157
-5.60104
206.923
-38.973
-172.532
-21.5789
-202.237
300.31
-6.19475
3.7116
24.9262
-28.7368
-6.6373
0.517003
0.480896
0.516778
0.483414
0.48347
0.516959
-277.875
-28.1393
-269.971
2.66599
267.305
-2.88103
10.5906
14.3892
-271.343
165.589
-318.682
153.093
-165.336
22.3522
24.9242
144.473
-0.679321
10.7703
-95.7125
84.9421
-278.227
-15.7004
40.6182
-15.7356
-145.647
145.124
0.523715
-32.8277
-7.74143
211.968
-136.527
10.1184
-28.083
-171.676
0.251579
99.0667
20.3482
83.8602
-3.15967
-0.393481
-29.9513
-9.72403
-10.1438
-20.7962
-70.9853
-30.3278
-14.7107
-280.201
0.0430862
-14.6725
105.868
-115.659
9.79106
309.262
0.356668
-2.61008
-37.8493
-14.6036
-32.4561
-12.3959
-12.2798
16.3499
44.4057
-8.96598
-220.469
-138.528
-31.0525
44.564
-13.5115
-42.2996
-8.45748
9.10104
154.888
-163.989
80.0002
158.313
-25.2515
5.565
43.8114
118.117
9.19837
21.9556
320.946
-418.448
8.66453
-25.7007
5.28365
-4.88663
-20.929
350.134
143.699
109.791
13.0603
-3.68025
-15.7666
19.4469
-42.5463
22.0938
40.1699
-12.8093
87.8116
118.488
23.4886
34.9939
-58.4825
4.1853
-278.135
2.7344
306.292
3.58393
-162.168
5.65653
21.9965
-21.7555
20.7733
-64.3365
-5.47607
69.8126
-151.09
6.6372
-9.21321
20.0685
126.949
6.00674
154.307
-162.824
8.51698
-38.0271
-149.198
12.6285
164.372
-120.561
9.32971
142.756
-144.265
149.132
23.0021
23.2963
24.711
-30.7449
-196.998
124.249
72.7489
8.12917
7.1112
41.3081
-48.4193
130.962
-2.70766
4.9929
20.8116
-271.897
-12.2051
-11.0205
73.7337
320.405
224.656
131.179
11.2401
-3.39016
9.88657
136.563
-151.106
14.5438
-6.70173
-20.119
26.8207
-4.21776
-7.16715
0.544411
-6.30066
3.66668
290.368
0.101832
-6.81815
-6.82076
-6.81992
6.83348
-6.81886
-6.81857
-6.18892
-273.775
-99.5675
166.487
147.269
-183.165
49.8278
68.5317
32.3048
-293.034
293.953
-0.918607
160.418
192.793
-353.212
29.0614
6.87353
-16.4669
2.30462
238.411
7.06011
-8.34819
1.28808
93.3897
103.732
34.2803
108.352
-142.633
0.0841935
-5.96762
29.1455
-25.1237
-4.02176
-40.5423
-14.2863
262.021
46.3048
-21.157
-67.0001
339.462
-103.011
-236.452
-399.307
377.592
21.715
7.97236
-6.38037
3.8131
-38.1901
100.818
-62.6281
-288.998
-65.9972
69.5192
19.7794
-89.7045
384.298
-453.283
-10.3653
10.9496
-0.584371
12.6356
128.556
-16.7364
182.485
-217.403
9.82612
201.259
-354.824
153.565
85.0525
-123.243
-283.611
19.843
-3.28902
-16.202
19.491
-22.8133
35.6124
-19.4302
8.82245
10.6078
269.735
22.0073
-154.676
-164.392
319.068
11.9669
-8.15382
91.3488
-223.498
-19.0577
262.799
19.7247
-282.524
-210.026
295.035
-85.0089
-137.975
303.563
6.67342
-8.7231
3.32518
3.21726
180.168
-346.755
31.6453
-103.66
-10.7659
46.0625
-35.2966
32.9321
180.848
-213.78
-265.919
-201.086
119.119
-29.7623
260.981
-216.329
-0.810396
18.9491
36.5501
-304.122
-104.957
-211.617
316.575
410.583
-3.93069
-406.652
-405.054
437.118
-177.948
338.367
-140.549
-231.189
41.0751
234.76
-143.411
3.51542
0.736504
85.0721
-0.409872
1.53548
155.286
14.2331
26.4371
3.51465
-50.2668
-146.731
-141.756
-1.60947
17.1172
-21.2515
299.051
7.14662
-108.698
27.6868
-1.24976
15.0159
150.176
-225.693
75.5176
-20.0631
248.3
-89.9869
-5.24955
-3.47355
-117.303
-13.9819
-355.531
403.779
-48.2473
422.183
-354.787
-67.3956
435.099
4.81598
-122.439
108.084
14.3552
-3.51116
-0.0874495
-132.165
36.1487
-49.0604
-16.4699
-9.45358
-0.295287
-26.0441
0.467638
34.3428
-48.0646
14.8082
-385.711
178.601
-382.146
132.219
-185.879
53.6601
6.83348
-6.81992
-6.81886
-6.81857
-6.18892
-6.82076
-6.81815
92.3161
-25.32
-31.2052
31.5575
207.18
-304.138
96.9583
-53.8314
38.561
24.6264
199.8
-224.426
141.909
-107.628
321.325
100.392
453.824
7.98503
38.4572
-220.001
0.29506
-0.145273
-239.593
0.00710753
-22.8248
5.29877
5.5011
-2.40804
-63.568
47.1011
-95.9059
16.3002
1.36577
6.90757
-8.27334
1.24894
354.617
-153.358
6.4255
36.5318
-14.9706
192.322
49.1466
-241.468
-158.905
15.3616
233.382
11.9371
43.0023
-152.639
93.1497
59.489
41.0788
-58.288
104.366
138.34
128.888
86.4771
-100.66
389.001
-217.649
15.4125
79.6937
-227.645
353.265
-332.624
-321.75
157.359
-337.467
410.8
416.791
-343.057
-162.031
-76.069
65.2908
-79.6195
8.65722
-104.076
383.715
-279.64
200.413
-196.511
-3.90207
-57.3576
7.16485
15.956
-23.1208
114.164
-140.738
26.5733
-1.66713
98.1833
176.122
-288.344
-431.751
327.675
-56.0096
41.2988
24.7462
-301.862
277.116
-82.4971
-1.21478
410.816
-91.1587
7.81889
17.5715
-25.3904
-54.3861
40.0018
-65.6834
197.902
91.0519
15.6433
-203.276
-36.6571
-115.982
-58.1037
43.5001
-102.324
250.509
-58.1875
230.139
-47.6546
143.722
167.702
35.7155
-46.4814
-112.401
-96.2279
-278.782
51.1373
60.8757
-71.5078
91.448
305.492
-396.94
113.69
95.3344
-209.024
291.033
-83.8534
22.3144
23.4924
-87.8289
2.11756
-239.88
212.409
15.5887
-7.76981
46.0625
-119.101
182.602
-55.7253
42.2137
-99.2353
-27.8849
4.65937
195.753
-243.938
10.0448
233.893
-52.631
40.3971
275.056
-15.6256
-259.431
85.2047
3.84032
4.86786
-8.70818
-118.018
24.6593
171.934
165.484
-56.0209
43.625
-2.1696
112.905
75.0115
-187.916
203.24
47.2687
-10.2639
60.7745
-68.7361
293.199
-51.4504
41.7264
77.6789
49.4674
-127.146
-190.734
-55.1207
44.9769
-21.3213
-32.1316
53.4529
58.7734
-254.252
278.998
-49.8128
41.2656
-87.9878
91.7724
12.3738
-5.09345
58.1445
-65.316
42.7942
-50.392
-184.234
-90.2109
69.8114
-55.3218
46.3558
-149.816
-51.4288
43.6874
42.8056
-49.6761
-46.0448
38.8626
-2.72054
-3.22074
-9.04695
15.7204
-73.3064
61.3443
175.387
123.714
-299.101
-60.0615
53.8928
76.1068
218.928
-47.7485
41.1112
-48.8886
42.6201
350.412
-170.244
52.0371
-58.1123
-123.613
-35.2922
-2.59892
83.6698
-55.5119
0.708113
-147.563
95.5956
51.9675
339.681
-407.946
-114.051
50.5631
-57.2562
-10.2318
275.056
-9.00896
-272.668
-59.9043
53.3099
102.517
-51.9773
45.4519
-17.5329
52.142
-48.7509
43.2038
-58.1664
261.407
-61.3041
44.8341
392.234
-29.5701
211.979
-182.409
134.313
127.355
-221.863
94.5081
-66.0416
44.7203
-50.2847
44.8326
-15.7609
270.688
128.445
32.6691
-7.06201
5.61326
-1.94658
44.464
-59.8283
42.2955
177
89.4453
-170.961
114.516
56.4447
-125.933
-106.838
-48.5689
141.719
121.392
71.3623
-192.754
-0.200207
-59.8903
45.6041
-240.212
-156.541
-56.6056
-76.2305
132.836
250.656
39.2735
-6.3478
-32.9257
4.17927
-73.3526
86.9788
187.516
-164.514
-160.805
183.158
-293.138
138.396
-60.2477
47.0259
134.052
100.708
-69.8841
245.16
15.8208
247.123
-160.686
182.683
-20.5098
198.138
-347.206
-212.388
146.705
-232.04
15.7108
-116.71
131.065
9.59893
-146.123
-269.878
172.394
111.926
-230.233
118.307
-57.3141
46.0842
-161.915
176.148
50.708
147.194
202.367
410.367
-167.14
178.338
-178.338
311.272
-7.75145
5.43012
21.9449
72.1388
-98.9012
234.422
-53.4494
44.0757
377.088
-386.097
67.8518
-230.37
162.518
-215.046
164.34
50.7057
166.153
-304.005
-158.416
172.959
-128.191
-119.046
247.237
6.05934
33.2141
-0.433279
78.0835
-43.0896
233.913
-209.287
-75.3655
-60.3733
51.9158
11.1366
17.7469
-28.8835
-190.986
171.725
64.3032
-232.729
168.426
-228.643
180.989
70.2942
-5.61326
4.22904
59.1784
-13.116
-1.06999
-3.21168
-1.04761
-3.23526
-1.28934
-2.53522
1.23185
2.57583
-1.29211
-2.53196
-1.06674
-3.2127
-0.519172
-2.49762
-1.07081
-3.21919
1.97383
2.41372
1.98048
2.41533
1.00907
3.32251
1.0085
3.32316
1.04059
3.33953
1.00918
3.32317
-61.6976
53.8794
169.411
-182.633
-16.5326
-172.561
170.112
343.099
-164.498
40.6009
92.2144
-274.478
294.202
60.4795
-248.628
188.148
-170.596
169.492
-209.585
181.659
-49.1052
16.9736
-153.801
165.041
-159.078
171.706
-154.599
163.116
178.204
-193.473
-90.9963
165.468
-155.869
150.433
204.184
-158.817
165.454
-157.451
166.781
166
-162.288
-258.76
-321.106
14.9096
-7.74479
-63.0019
306.338
-155.264
-257.138
186.828
70.3099
-163.45
188.478
-25.0282
-260.615
202.428
-179.697
165.025
175.28
-181.627
165.533
-164.752
-249.571
167.053
-166.801
110.618
-47.4705
209.457
-267.624
-173.795
168.403
168.093
-159.428
-123.362
22.0463
197.977
-276.021
295.864
-165.199
165.723
164.048
-158.391
50.7402
210.667
-163.864
163.184
-447.519
313.432
-159.454
165.461
90.4912
-72.7844
-17.7068
10.3453
-3.28517
174.067
-209.43
35.3634
-276.939
60.6724
216.267
156.36
-133.465
-123.673
-90.2845
183.272
26.0774
5.66186
2.3105
276.742
-1.6853
-329.149
309.036
-23.7619
7.56597
-279.864
191.813
181.957
21.8045
-203.761
21.3333
9.8481
137.195
262.609
-259.677
-3.59295
-302.113
302.469
-291.355
301.242
-70.2111
4.33177
-0.102732
307.751
-323.452
156.522
184.052
248.262
-432.314
173.088
372.849
291.412
-297.607
-23.1641
-236.416
-7.52119
-343.59
315.451
299.775
-297.041
-149.503
347.64
18.1608
247.464
-265.624
-33.3917
-224.076
-49.5598
331.732
-282.172
-16.4475
14.0394
-344.621
301.442
-291.045
291.088
-279.987
301.995
-292.257
312.036
276.742
-80.2023
-287.846
303.588
-67.4821
-62.5128
-11.7144
20.3716
177.816
12.9361
-185.468
-15.1055
-277.313
4.12368
273.189
-296.315
307.88
-293.592
297.175
-177.36
-102.504
-65.1956
59.1784
-219.189
184.242
-36.2555
29.5537
447.494
-58.4931
-321.421
320.503
164.797
-305.67
305.772
-113.439
230.775
-386.8
310.215
76.5851
63.4249
-287.192
223.767
-304.337
298.37
-292.066
72.6429
219.423
-219.107
18.8182
3.28376
-0.776568
9.4376
192.993
-161.393
-69.428
342.2
-138.016
-259.431
-169.94
371.753
-215.959
299.555
-349.115
320.858
-145.471
-276.398
4.01339
0.115685
-1.79458
-289.001
198.717
154.68
313.349
-168.939
271.339
82.431
120.173
-202.604
-119.188
-234.226
353.414
68.4958
263.236
162.997
-173.349
6.54392
166.805
69.8575
294.575
-267.889
52.2782
-10.97
200.883
170.871
96.7986
36.5827
-135.391
16.6938
38.5414
-11.1623
0.441178
6.06365
-301.365
295.302
-23.6557
-43.7882
310.531
-135.638
279.692
-110.245
-196.366
-223.166
223.166
241.34
-350.316
339.244
-70.3097
-226.372
-155.774
56.1633
108.209
229.529
-115.574
-290.085
-37.41
-218.27
-123.214
-377.874
260.091
-229.524
184.057
-282.031
214.549
37.7174
151.662
-348.028
50.9438
-30.6387
-20.3051
57.0717
212
-98.3105
-2.92771
-161.061
22.4871
294.06
-316.547
-124.559
-339.601
408.097
-97.4197
-239.382
183.323
241.12
-129.195
-97.1883
107.655
-135.724
353.698
-105.436
-251.165
178.748
-202.347
169.408
22.4903
-61.9104
39.4201
12.5148
-77.7518
-212.173
90.4912
336.71
-284.595
3.13406
-17.6828
-183.538
9.37319
-15.0699
5.69675
-68.1897
308.324
-378.634
-141.067
-117.177
-328.207
208.406
318.946
-202.006
-14.7176
-22.4892
39.3328
-89.2704
114.328
-73.7266
294.786
-355.789
-18.2922
306.546
-360.949
0.299122
0.219912
-26.2053
-17.836
302.511
-83.5829
-18.1019
-33.6009
100.163
-66.5621
153.758
199.939
17.3217
-20.0053
-216.627
247.875
-147.167
-333.815
0.45037
-2.63826
192.698
58.2058
-19.7269
-36.2157
-11.849
214.393
144.903
-89.6266
-36.5121
-77.1682
296.591
-16.3925
-135.416
187.239
19.0497
95.2779
186.058
-186.058
-16.3282
-113.959
10.0136
0.576977
-129.505
222.846
264.043
-158.004
372.397
-14.9297
-15.6238
-153.883
153.883
120.226
-104.543
-15.6829
274.508
12.4056
-286.913
-17.6766
-84.8965
-30.7629
1.83055
120.011
-106.999
94.4864
206.907
120.226
-186.884
275.233
-0.725629
0.573447
-58.4987
184.156
-125.657
-68.3095
292.076
10.5824
-2.7831
-12.909
-13.3943
-13.5339
-9.2909
-177.82
384.727
-71.4303
348.546
-16.6227
-206.644
3.04632
-90.6762
225.343
20.9245
-177.419
156.494
8.16292
191.984
-172.785
240.739
-211.678
15.9863
1.13093
-166.697
-166.69
-154.402
321.092
-12.3372
-11.3556
-24.9201
-10.1632
-325.487
80.6595
244.828
-72.7844
-278.656
337.452
-58.7958
-9.89045
10.6901
-0.799621
216.793
-335.981
-39.5458
213.613
71.8835
-308.3
186.236
-0.288553
25.46
-25.1715
15.8507
-90.6653
-258.874
277.035
-10.3234
285.557
-380.157
197.091
-328.869
131.778
-9.51293
-18.7438
348.832
-76.0992
-29.3057
77.3049
-47.9992
-12.5276
-26.1305
37.2672
-121.452
-205.847
327.298
-7.58643
-8.88592
235.635
44.0567
-295.608
16.9516
-9.76199
-13.6734
13.3781
12.1594
-8.56485
77.8953
94.4987
-239.63
-96.3078
335.938
228.282
-13.1676
-102.767
15.6977
-321.013
70.7119
250.301
120.011
-27.3916
4.57827
-162.215
-296.618
295.892
-234.838
-37.317
272.155
-11.516
-301.243
216.234
66.962
243.501
-310.463
199.588
-289.215
222.673
223.49
-307.073
-14.0175
32.7369
-62.0426
-206.644
-10.7334
26.7105
38.4908
-67.3019
-8.46128
-177.577
-143.192
11.3029
-104.543
22.4714
-5.13269
52.3438
-47.2111
-9.3572
59.6052
232.471
-35.9198
49.5913
-13.6715
-0.383312
-285.787
286.17
6.34106
197.065
140.387
102.228
-308.075
-138.795
112.151
-6.01151
-12.6604
20.7677
28.4795
-94.2901
212.597
-8.99676
10.1277
187.631
-284.819
-3.53416
-17.8945
21.4287
20.097
112.189
300.124
-71.8424
-15.6335
-234.014
-361.303
223.287
-236.987
303.949
17.7325
45.6078
-85.95
309.44
252.524
18.181
-13.6048
-14.7529
239.554
-364.434
-29.1734
63.137
-13.6059
-5.74868
246.325
-246.752
252.816
-108.694
-155.774
253.958
-7.08092
-8.38763
-80.0039
277.069
245.154
77.6934
-38.2733
320.141
-76.6395
-138.89
343.284
48.5752
-42.5159
149.398
-69.7454
-37.8138
-101.655
295.24
-0.0199817
-90.8387
71.7045
-12.4236
-254.309
-103.575
357.884
352.67
279.594
231.032
-316.982
-81.629
-239.384
33.6606
-268.499
-0.785506
212.202
-365.56
7.69589
-136.171
13.8815
177.501
-280.005
-190.34
87.9139
0.905881
-101.584
318.946
338.105
0.64756
-9.7285
-6.67259
5.6026
-6.64319
5.59558
-7.57606
6.28672
-5.66409
-5.6026
-5.59558
-6.67316
5.60642
-7.58025
6.28814
-5.60642
-5.66409
-7.5613
7.04213
-6.32945
-6.67185
5.60104
-5.66268
166.036
-276.28
39.8487
-41.0985
63.5949
-0.408664
225.275
-326.93
15.8769
-261.842
171.855
18.2957
151.259
-268.436
79.5587
229.881
11.6667
-320.64
51.8088
25.8847
14.2556
10.442
-315.836
304.902
10.9119
222.067
-384.097
-233.059
-77.4041
210.932
-28.9757
4.29907
-303.947
-10.2051
314.152
-31.2943
255.09
-363.785
200.429
-93.7831
30.7039
63.0792
26.0533
14.1489
-264.436
4.33972
11.249
11.3309
14.5409
108.077
30.3063
43.2404
-46.5823
3.157
-25.9264
199.272
-240.676
5.99973
15.7216
269.243
16.4462
-107.318
-161.898
-3.51863
7.85835
213.042
-382.982
-200.429
2.08236
8.78122
3.34076
4.6195
162.141
156.926
201.781
26.472
185.972
-311.761
204.442
-113.969
7.06983
140.643
-264.316
191.856
-362.1
39.0315
-323.516
331.212
-125.021
-14.0517
217.944
-286.466
-164.015
-215.954
234.773
138.583
-305.273
3.54273
-343.393
-90.8687
-38.0583
-4.59663
127.793
-286.468
158.675
1.16091
-149.101
-254.814
125.62
82.5209
36.5984
-239.072
309.784
-3.06853
309.755
-79.874
11.0411
-1.33951
4.76483
-7.29996
-15.6496
-138.521
-2.01442
-168.899
-1.07862
1.82252
21.7704
7.65015
-2.33717
0.134348
106.999
116.09
-21.5743
-76.1047
93.4265
-3.68293
-30.4855
277.141
-315.235
38.0939
-37.8602
-314.291
10.3436
-4.42911
-269.197
11.4241
-37.1525
-4.71371
-3.29148
8.00519
-0.219212
25.6375
-311.424
8.93419
-8.93419
-18.1924
137.229
-316.97
-263.481
116.313
394.607
20.3583
0.415041
-32.0394
-143.494
187.495
-356.434
-13.2235
6.32961
95.3592
-6.51869
-249.341
278.418
-29.0766
232.351
106.959
-250.37
92.0334
-71.6852
-261.078
253.557
117.751
69.4876
-47.2935
12.6554
138.521
-2.47834
-249.077
251.555
92.2334
14.4278
-37.5297
126.698
247.254
-40.7663
9.56113
168.899
246.37
-176.277
0.679411
-297.297
214.754
-305.592
110.004
-251.071
-142.663
322.971
-86.6728
-29.1705
-282.012
-178.924
-4.56446
4.56446
237.285
-221.465
-48.3246
349.766
-80.3178
-138.697
-32.1559
65.9615
27.3632
-93.3246
95.4316
2.69629
-114.623
58.0172
30.027
-112.524
-139.009
156.171
-247.867
9.8279
3.77343
-3.77343
69.4988
30.6643
70.3656
-88.0724
187.537
-352.036
140.366
-126.175
30.2694
-123.311
29.3774
-96.3774
4.50394
-4.50394
203.642
-358.044
2.94108
-2.94108
-191.126
10.1959
-3.73108
3.46495
65.1449
-20.3108
11.1462
63.7082
-74.8544
138.755
-282.62
-3.2602
3.2602
-3.07998
20.8269
102.286
-2.97204
2.97204
185.769
-331.24
71.0317
69.8682
-3.87832
3.87832
-23.5106
300.652
314.996
-289.358
-13.7972
7.94328
-270.353
3.18052
-3.18052
3.78354
-3.78354
-3.69706
3.69706
3.37504
-3.37504
-0.719216
-3.47153
3.47153
-3.02723
3.02723
-3.40245
3.40245
92.1335
-30.7892
-140.421
23.7106
62.0425
-19.747
11.8979
-99.8857
187.075
-342.849
26.2343
-235.521
231.414
-380.247
-3.72972
3.72972
2.76252
-2.76252
66.5338
-21.8136
273.672
10.8258
-301.173
290.347
-3.26509
3.26509
75.8474
83.5331
66.5751
24.1799
-90.755
-45.2819
-225.145
240.855
2.14189
-174.605
110.506
-41.0068
2.70086
-2.70086
64.0223
-18.4182
96.5671
-235.576
3.2505
-3.2505
59.9618
-14.0883
10.5541
-2.49567
2.49567
3.286
-3.286
3.17523
188.513
7.12075
-195.633
2.60954
-2.60954
0.94301
-55.3256
-8.69883
-5.09833
-65.0879
-3.22357
3.22357
104.835
-3.15834
3.15834
-30.0379
95.9994
-4.1021
4.1021
0.448243
9.84329
27.0393
-82.5512
-3.91773
3.91773
-67.8417
-5.85421
5.85421
-83.0938
-3.16107
3.16107
25.7156
-271.58
63.6053
-16.5794
-0.958259
4.97165
359.362
24.1168
-248.193
-16.7414
18.973
-2.23161
79.405
-205.062
-3.69168
3.69168
-21.1184
3.03271
-3.03271
-3.72128
3.72128
0.945127
-8.11228
-76.7766
28.7774
103.821
-33.4552
-3.72839
3.72839
-7.67859
0.884877
-24.5481
91.1232
138.194
-210.869
195.236
291.811
4.08057
62.6941
-50.0386
-0.907631
0.907631
-18.1399
4.40885
-149.238
-315.075
316.934
2.94255
-2.94255
19.6041
43.09
-2.86321
2.86321
-74.7398
124.207
-65.488
159.987
-97.8952
21.7904
90.725
38.1627
-307.548
308.227
-286.514
18.6251
-2.92874
2.92874
-280.146
-53.02
92.0516
68.0394
-21.9552
177.115
-12.7594
-149.778
27.6588
122.12
9.71147
-226.339
-15.9813
-240.329
256.31
3.54026
-3.54026
-0.350972
0.350972
9.36181
276.195
3.90981
-3.90981
131.009
-65.0361
91.5224
-26.4863
-13.3096
-2.84391
16.1535
-3.90912
3.90912
-28.0535
-4.81515
4.81515
-143.992
267.705
-96.0883
24.978
71.1103
-4.46404
4.46404
-168.896
5.35332
-267.165
261.811
-5.53508
5.53508
81.9649
227.819
260.798
16.2367
21.3309
183.442
-14.0341
-2.92697
2.92697
9.08895
-316.637
-255.724
22.381
54.3396
-10.2639
-5.54265
5.54265
-313.83
4.47974
68.6761
251.465
0.42066
-0.42066
254.232
-306.146
89.7692
3.82809
-3.82809
-33.1723
-241.126
-168.273
34.2
-5.84778
-1.39168
316.387
264.949
-115.55
-4.11553
4.11553
-9.70044
4.69091
-4.69091
-190.851
29.4582
272.984
-60.4083
8.51114
-278.864
-154.829
-57.1726
5.69584
0.416981
-0.416981
-1.6567
11.6703
-11.2261
-257.273
-293.398
10.6773
-10.6773
-164.961
-304.249
-0.0514403
0.0514403
180.194
-307.514
-92.917
-79.8682
5.43012
-55.0169
7.80579
0.222517
-0.222517
61.9728
-10.0569
-294.79
19.3908
-0.239951
0.239951
-98.3761
27.4615
217.944
246.256
-246.256
-135.574
-374.815
2.8978
30.3163
-0.0532671
-33.5419
0.352197
-0.352197
160.845
127.594
-288.44
148.368
-38.3415
108.153
-194.769
180.735
-157.08
-24.4921
-56.0282
80.5203
-276.908
297.005
-197.021
164.394
314.316
115.703
-15.6288
3.36237
-27.4264
80.3032
-255.727
-11.4377
-2.72392
2.72392
-5.48006
5.48006
-88.2972
-120.727
-1.88978
-0.831698
2.72148
-9.54465
0.147579
9.39707
-96.1483
-12.0573
67.7014
182.836
138.256
156.651
28.5028
-185.154
-110.151
-95.7879
346.444
0.295232
-0.295232
-160.177
-83.1467
59.5129
-5.63342
-3.17982
5.86054
-2.68072
352.518
-105.395
47.3089
292.432
317.273
-126.068
48.2417
-10.6334
0.742923
-268.32
284.197
-108.195
-80.3839
64.0556
18.9526
45.65
187.648
-219.804
-94.8731
318.617
-223.744
-148.404
-2.60811
171.63
-143.15
66.0616
-217.222
9.82636
-241.127
253.533
239.195
-217.864
-174.794
195.562
22.8555
-87.8917
56.5077
-54.3658
198.85
-363.811
-321.987
270.805
-52.3206
299.873
-265.968
55.6214
-122.997
49.0927
-8.30108
0.292459
-0.292459
55.5669
67.3275
-93.5328
177.15
-2.39937
-174.751
-221.959
210.395
24.3774
-92.1674
54.4833
-71.1061
-6.24799
6.24799
-55.9592
65.7871
-140.614
-1.03897
178.988
9.52497
39.6347
71.514
-2.74691
128.052
-102.269
-25.7824
50.6963
-6.0208
2.55641
3.46439
-83.0425
-164.824
6.28814
-6.32945
7.04213
-5.66409
-5.66268
6.28672
6.17852
-6.17852
6.17607
-6.17607
-5.66409
6.17797
-6.17797
-75.3821
55.6552
-62.1432
49.8061
-303.598
314.929
2.3419
15.3416
-13.6856
0.414915
-0.414915
-25.1261
56.6838
134.995
9.41696
-199.757
194.295
-345.426
197.022
32.084
-158.152
-211.175
225.43
4.45821
-76.8599
67.0979
7.8234
-8.23206
-70.742
274.349
58.0094
-78.3202
286.03
-293.33
7.82262
-79.1595
-26.9352
106.095
-58.4612
-21.5087
79.97
-41.9743
137.713
-253.287
-181.524
193.191
-60.7595
-21.777
82.5366
44.8266
-121.315
237.405
80.4676
-24.5549
82.5643
-284.815
-61.7216
53.1568
21.8334
-307.824
-4.18708
-70.6673
-76.8795
265.307
-181.214
-2.73704
-5.4245
-67.0744
52.3568
14.7043
80.2872
-69.6145
100.236
-30.6214
-60.3872
-287.935
66.3134
-80.3309
-25.6619
62.3715
-181.172
187.171
184.689
-181.348
-71.4445
-19.6695
91.114
0.264389
-0.264389
0.0763698
-77.3389
-79.733
57.9194
-365.77
75.6855
-175.331
184.112
19.0188
45.0898
-29.7074
30.1224
1.9486
28.8403
53.5115
0.523334
-211.225
16.1617
-171.649
200.152
269.136
0.208484
30.1311
-293.993
1.01877
-0.210071
-0.808699
-0.142248
-69.3382
0.217322
3.09376
-0.0551918
-23.9436
1.21157
212.107
-311.811
311.945
0.0592374
4.91241
-196.619
-0.347812
-193.941
-186.306
-63.7511
284.717
15.5548
5.61718
-2.67191
-2.94528
-3.56966
-0.0232842
0.00550387
-3.64375
-197.021
117.424
86.6651
67.9649
-76.3526
-119.506
300.586
115.092
149.856
15.7551
191.575
278.299
-197.64
-269.872
281.296
43.8576
65.4368
-192.479
191.4
-162.997
-170.266
196.976
-203.164
200.095
11.1344
32.7736
40.5984
-73.3721
76.6219
-95.3657
-5.95903
7.70518
-1.88947
53.7642
6.22251
1.48267
3.59631
-267.643
15.7484
-388.775
-203.457
-97.4147
300.872
30.7988
-126.947
-256.73
373.525
-116.794
0.790326
-3.72727
3.72727
-9.47579
-0.0688622
-81.6773
-141.784
-2.85815
3.81302
-0.614032
-231.298
-368.546
-57.3685
288.797
-221.203
-98.6018
319.804
-0.943758
0.245584
-0.245584
0.184365
159.729
-74.7196
174.846
-193.038
154.462
245.146
218.342
-110.687
70.9744
260.435
1.37648
-266.893
285.074
4.41086
12.6231
-22.2008
-243.424
-7.64194
-271.222
-25.0392
0.16139
-0.16139
8.89608
-340.094
83.0069
-8.12944
-74.8775
-23.6111
-74.5468
2.3257
287.113
-268.488
-150.807
-0.716013
-0.771014
0.187013
-11.9346
-264.915
-113.651
80.7266
42.0476
0.0793429
-0.230361
0.230361
-0.0655367
162.088
-199.948
-253.433
133.928
5.17619
-5.17619
-128.595
251.571
50.957
-70.9622
224.656
-321.424
41.6553
-84.7449
-286.551
206.825
-184.354
-15.4515
0.437149
3.49249
-205.499
53.605
-71.7068
-87.6458
310.933
52.6995
-70.3762
22.6934
13.663
0.000688897
-136.572
47.9848
-104.013
-285.352
299.501
-1.07104
-206.883
161.601
-35.8984
-141.52
-104.942
10.5324
51.7594
-67.3832
-76.5806
66.5237
-0.861286
0.0696884
218.993
-28.0083
64.1677
68.6684
-126.338
63.4592
295.87
0.856191
131.779
52.0725
-65.4668
244.029
-310.026
21.6087
-90.9468
7.02896
-13.1657
89.0131
252.391
361.907
-340.192
196.47
-182.589
0.668471
115.959
-382.98
214.084
-278.186
6.96407
-0.287447
220.521
-234.185
357.985
64.7939
11.2105
-76.0043
349.124
-32.7368
196.438
-166.98
180.229
-175.93
-156.809
-95.9383
42.9183
30.1123
-169.32
-19.4129
259.088
-239.675
44.1465
-100.78
56.634
49.2068
-58.0927
-24.3758
-58.1754
219.782
-235.783
13.7203
7.10663
26.7789
-91.9227
65.1438
-12.0222
92.5617
3.32519
218.617
-123.258
16.7536
-276.81
-175.604
177.686
-294.09
309.812
0.273958
7.48302
32.136
244.16
3.43418
-3.43418
-45.0636
-20.1474
-89.7776
-8.1176
-0.0647842
0.853895
0.701006
-1.5549
-178.87
185.94
238.384
78.9028
81.0839
-0.789147
54.6413
188.925
-346.004
-62.8244
8.45859
-11.8381
16.4562
-10.2672
327.278
9.93673
-11.6039
-139.932
157.665
331.786
-0.391478
3.06679
-1.88304
-1.18375
57.1285
-66.2348
56.8776
-31.66
-15.6335
54.041
-1.15532
14.3976
210.812
-149.752
-28.6601
-19.3606
-174.886
-22.7206
20.52
9.99049
-18.9247
-0.0569649
0.157484
56.0717
-2.67191
95.345
-13.8924
24.5697
-316.76
314.423
-24.3979
-24.7262
339.436
353.84
-19.3466
-25.7089
22.0306
-83.2244
114.147
-2.68072
-149.361
160.273
250.344
-18.2905
0.0288196
-4.59328
78.9785
-22.9068
81.7553
61.6794
-10.0707
58.1664
136.086
14.7706
67.766
-0.947694
-62.3577
-6.23279
12.6228
2.55641
-34.9334
-51.0617
-0.767933
-0.00277386
146.771
-142.152
1.06854
-33.7563
-2.00465
71.8251
-65.4841
-3.47355
-18.893
77.8722
-102.792
166.263
15.6648
-18.0379
-2.10847
2.3419
-183.446
4.52152
5.9436
5.55979
-62.9786
2.3257
16.8542
75.6811
18.6131
26.5748
-45.1879
83.1422
56.0102
193.989
-261.831
56.0041
154.928
0.651906
-169.274
-11.9933
-285.606
-3.74884
-2.73704
-20.2013
34.9817
4.59328
1.26092
58.0763
47.5256
-24.6382
-22.8874
-35.7792
-13.2661
-102.311
51.5376
-69.4394
-50.7895
-18.6498
-37.7334
-35.6387
21.8167
-0.205012
0.566418
2.35529
-84.5386
-137.19
-34.7847
-1.7775
-0.64336
207.889
-22.9386
-2.98785
-3.86748
-8.15857
-80.7836
-195.236
1.97701
-15.4327
-188.329
-1.97701
-144.936
-0.0280694
193.213
-2.96328
1.98164
50.0773
-51.8074
-2.69306
2.69306
-1.98164
3.88228
238.685
37.8115
-120.958
-401.118
68.9569
-12.7233
77.2171
2.47537
-2.95184
0.476465
-233.336
-163
-1.65727
1.65727
44.5511
-4.32022
8.89508
-172.908
-132.365
-1.56982
1.56982
-19.871
-291.07
253.54
-20.8866
0.835501
-0.835501
1.11573
-1.11573
0.719249
-0.719249
-1.21866
1.21866
-0.998424
0.998424
-1.22384
1.22384
-1.22011
1.22011
-1.11396
1.11396
-1.05235
1.05235
1.10138
-1.10138
1.23591
-1.23591
-0.997497
0.997497
-1.23125
1.23125
-1.12699
1.12699
-1.23126
1.23126
1.22544
-1.22544
1.11403
-1.11403
1.14385
-1.14385
-1.14906
1.14906
1.05785
-1.05785
1.11468
-1.11468
-1.05079
1.05079
1.10379
-1.10379
1.10269
-1.10269
-0.831339
0.831339
1.23573
-1.23573
-0.718773
0.718773
1.11832
-1.11832
1.10278
-1.10278
-0.710308
0.710308
-1.33922
1.33922
0.826169
-0.826169
1.14529
-1.14529
-1.14903
1.14903
1.23098
-1.23098
1.19491
-1.19491
-1.20547
1.20547
0.719128
-0.719128
0.711438
-0.711438
-1.23625
1.23625
-1.00309
-0.769408
0.769408
-0.835576
0.835576
-1.14163
1.14163
-0.71144
0.71144
1.07953
-1.07953
-1.20569
1.20569
0.713813
-0.713813
-1.19471
1.19471
1.09574
-1.09574
-1.14149
1.14149
1.09575
-1.09575
1.2052
-1.2052
0.828428
-0.828428
-0.865027
0.865027
1.24894
-1.19485
1.19485
1.09569
-1.09569
0.829026
-0.829026
-1.12707
1.12707
1.1109
-1.1109
0.828599
-0.828599
-0.97258
0.97258
-1.28182
1.28182
75.5366
8.32356
-1.55428
107.399
88.8715
53.2921
-45.1159
-0.615562
1.46946
0.584202
-12.348
11.7638
-55.5536
297.662
-11.6325
287.826
-281.882
-34.5265
26.1704
97.5262
-44.7239
15.236
-1.92551
14.9812
-245.018
189.692
140.676
-2.96328
-5.18341
17.0659
77.5216
52.0432
54.8871
-300.191
116.604
184.268
-10.8605
10.8053
1.98886
15.5212
180.232
-1.98886
-2.16984
58.4289
-62.6604
-89.1357
124.525
-1.99595
1.72466
-122.497
-1.72466
51.9181
-33.305
1.92551
0.798414
22.3309
1.86455
56.2118
-358.97
1.70111
1.99595
-0.0188056
107.041
1.98105
40.2378
136.647
0.184554
288.459
4.10671
0.00882758
-4.10671
59.8328
-6.67598
1.23397
-24.1725
2.72054
2.74427
86.1024
186.053
-2.83316
28.189
274.23
2.75955
-21.6987
-12.8278
-2.75955
170.849
-0.680551
0.652482
-239.288
-128.982
0.300905
181.713
-32.7716
-216.799
-242.564
-176.957
256.222
-267.66
64.9477
-181.876
177.447
6.53186
20.588
-302.47
26.5092
-7.02996
301.106
175.967
-61.6218
2.1504
-41.4896
-59.7324
42.6191
-0.316782
-249.637
58.5796
-36.8913
55.0406
59.8473
-1.49022
1.07531
83.6605
52.2463
-147.089
29.0722
-12.578
108.01
-85.3809
-209.916
-7.08256
56.8886
-86.3165
-52.5923
78.4216
269.888
-85.6197
-185.571
64.844
-0.196557
80.0299
-72.156
-15.3156
-2.15728
0.274241
-178.972
235.746
161.585
-178.322
274.731
-40.589
180.732
0.728844
-0.728844
-2.54008
26.2423
4.25947
-4.25947
72.9029
-35.2747
33.1027
-147.16
-0.819084
63.9788
-292.349
19.5626
-0.54382
-23.3056
-54.1567
-1.03579
10.1463
69.9218
0.926569
-0.660758
182.874
-2.21728
54.5741
-3.91537
-8.30082
-170.707
-300.308
271.137
39.9859
-133.597
97.2604
-12.0714
0.262223
0.0993569
-0.36158
47.845
152.25
-81.481
7.34667
15.5529
-16.342
91.4216
-161.041
-227.734
-2.29692
3.15311
-13.0668
-6.59817
-382.474
277.079
51.8641
248.788
47.0435
234.253
64.9747
41.4869
108.094
-376.925
190.619
65.0352
21.6299
-94.7472
-10.1947
-1.28377
-2.1504
-3.33301
0.592018
2.74099
-0.479591
156.454
-55.8791
64.3377
-88.1887
68.842
64.7426
-1.98105
328.547
47.2782
-4.31807
-133.886
261.345
52.807
-13.6809
17.7851
137.523
-212.677
16.6448
89.8624
-68.2325
28.5283
-16.6492
1.54567
15.1035
-0.552972
291.458
-55.7055
-0.819084
33.2683
-244.955
-78.8828
265.828
13.387
-0.544004
-1.21098
7.61354
-7.96135
-90.1442
-40.7859
-68.9716
16.3792
9.86311
29.1249
-15.3313
-221.676
-0.600969
-9.41793
-35.5948
181.975
15.3513
302.821
-33.7622
35.6268
3.26839
24.5421
-75.5548
2.20965
-190.538
-138.864
96.62
-2.46276
-0.230295
-9.62407
-13.8336
-10.147
262.327
-231.438
-5.56432
-4.0821
-7.7667
58.6083
67.1749
-25.0112
-2.78036
-101.91
-98.6626
151.756
-126.651
90.8719
-183.931
160.189
54.2139
-18.5391
107.528
-260.487
0.118234
0.119892
-0.109811
-0.103976
-0.111475
-0.104265
0.0271797
-0.0782143
-237.071
53.1166
-0.870271
164.802
-155.277
-5.4146
-17.7936
21.9859
155.461
-57.8937
-14.2622
-6.2028
-0.463229
0.358953
30.4339
-197.236
2.44716
206.573
0.436814
27.8556
24.1949
-0.386137
28.4751
-38.8326
-40.0503
327.537
-28.3486
274.945
-30.8891
44.7767
-1.57783
-2.14474
148.567
0.44747
-40.8013
317.88
-256.377
273.131
-18.2518
35.0806
296.597
-26.5079
-15.6238
-7.87226
0.613031
232.345
-82.6999
56.2136
8.60086
-0.444696
-0.156272
-0.466737
11.8553
108.56
6.04209
0.832384
-3.9641
-7.79292
-6.96054
-2.05742
-21.278
0.410146
6.73714
-10.3238
50.134
-87.9477
73.8238
-13.0907
31.7341
-1.17066
)
;

boundaryField
{
    frontAndBack
    {
        type            empty;
        value           nonuniform 0();
    }
    bottom
    {
        type            calculated;
        value           uniform 0;
    }
    inlet
    {
        type            calculated;
        value           uniform -2000;
    }
    top
    {
        type            calculated;
        value           uniform 0;
    }
    outlet
    {
        type            calculated;
        value           nonuniform List<scalar> 
14
(
1999.98
1999.99
1999.96
1999.97
2000
1999.97
2000.02
2000.04
2000.03
2000.03
1999.96
2000.01
2000.04
2000
)
;
    }
    car
    {
        type            calculated;
        value           uniform 0;
    }
}


// ************************************************************************* //
