/*--------------------------------*- C++ -*----------------------------------*\
  =========                 |
  \\      /  F ield         | OpenFOAM: The Open Source CFD Toolbox
   \\    /   O peration     | Website:  https://openfoam.org
    \\  /    A nd           | Version:  7
     \\/     M anipulation  |
\*---------------------------------------------------------------------------*/
FoamFile
{
    version     2.0;
    format      ascii;
    class       volScalarField;
    location    "24";
    object      p;
}
// * * * * * * * * * * * * * * * * * * * * * * * * * * * * * * * * * * * * * //

dimensions      [0 2 -2 0 0 0 0];

internalField   nonuniform List<scalar> 
7639
(
0.231353
-0.000601066
0.444477
0.269175
-0.00129967
-5.05097e-05
0.451655
-0.00797743
-0.000170021
0.11295
-4.7328e-05
0.00367192
-0.0119086
0.0561318
0.117685
-0.0156669
0.245272
-0.0154969
0.00159283
-0.0685662
0.0740536
0.00242322
0.0411918
0.220954
-0.0200744
0.247051
-0.0011985
0.0691782
0.184134
0.00371882
-0.0212394
0.712182
0.0404895
-0.000724745
-0.000150401
0.0924572
0.00422722
0.435401
-0.00676388
-0.000503393
-0.0061807
-0.0150584
-0.0693165
-0.0639156
-0.000296428
-0.000116482
0.00237983
-0.00697316
-9.50271e-05
-0.0679128
0.00550693
0.0655286
-0.0252168
-0.00411596
0.0914675
-0.00711489
0.00175388
-0.00797153
-0.0324043
-0.000756048
6.95488e-05
0.00704648
0.0564822
0.00405203
-0.00146857
-0.0208184
-0.000134133
7.55956e-06
0.0155694
-0.00653724
-0.000106359
-0.0552904
-0.0194248
-0.0325116
-0.014998
-0.0455633
0.436829
0.0726752
0.0496316
-0.0602929
-0.0114254
0.402544
0.105506
-0.0339817
-0.00218304
-0.00345917
-0.00852775
-0.0244833
-0.000983056
-0.00673226
0.188617
-0.0880294
-0.000193475
0.00181154
-0.00536161
-0.0335087
-0.0527118
-0.00099314
-0.00240944
-0.00175244
-0.0549292
0.0570579
-0.00508554
-2.61434e-05
-0.0871381
0.190673
0.613157
-0.00756371
-4.23775e-07
0.0369045
0.252125
-0.0458804
-1.56672e-06
0.0391167
0.191672
0.000724805
-0.0609607
0.152322
-0.040157
-0.0332762
-0.0569011
0.383072
-0.0665248
0.0154632
-0.0555591
-0.00145858
-0.0191137
0.00299687
-0.00155153
-0.021353
-0.133641
0.0521534
-0.000911268
-0.00116242
-0.0351307
0.244629
0.485486
-2.24137e-05
0.0122641
-0.0704069
-0.0308313
-0.0477353
-0.0459708
-0.0312504
0.619855
-0.0201094
0.185386
-0.031575
-0.0423156
0.381809
0.0881427
-0.0737377
-0.00227958
-0.00881464
0.105338
0.398626
-0.0519471
-0.0118594
0.573981
-8.56864e-05
0.000863503
0.229495
-2.33904e-05
-0.0031522
-0.00603751
0.289686
0.290531
0.597216
-0.00357478
-0.00469546
8.76002e-06
-0.0588366
0.000715309
0.00604306
0.013332
-0.0417916
-0.0664614
0.110772
-0.000192028
-0.000757858
0.273208
-8.54854e-05
-0.000162295
0.452863
-0.00635816
-0.0383492
-0.0378691
-0.0307941
-0.0233115
-0.0689509
-2.6179e-05
-0.0510063
0.112535
-0.00513174
0.000123838
0.180791
-0.00189966
-0.0200905
-0.0223173
1.01509e-05
0.00146147
0.253201
0.148679
0.402987
-0.0551174
-0.0417032
-0.0993233
0.075293
0.25164
-0.0003184
6.18847e-05
0.578496
-0.013369
-0.000948035
-0.0488685
-0.0200122
0.358286
0.368555
-0.051983
0.674826
-0.00176071
-0.0152221
-0.056236
0.0898488
-0.0840962
0.178951
0.575633
0.000111677
0.0162371
0.162936
-0.00637181
0.148357
-0.000830008
0.640511
0.390478
-0.00847107
0.0043608
-0.000466321
0.0639411
-0.000137471
-0.00975537
-0.0667991
-0.000105869
-0.00207574
-0.000652756
0.152377
-2.30499e-05
-0.0069891
-0.0588245
0.711548
0.0450372
0.623052
-6.3496e-05
-0.02479
-0.000278684
0.419304
0.00676669
0.486793
0.00214021
0.0012398
0.00559882
0.0788066
0.000973816
-0.000347297
0.000864538
-0.00671915
-0.0388062
-5.90322e-05
-0.0502567
-0.00575169
-0.000213297
-0.000982363
0.462966
-0.0118743
-0.00120402
0.676518
-0.00228644
0.246502
-0.000312744
0.000260999
1.43842e-05
-0.0361282
0.0863403
-0.0635155
-0.0326956
-0.000637444
-0.0613017
-0.022949
-0.000273355
0.000840043
-0.00343557
-0.0114583
0.00493783
-0.00194407
-0.0325221
-0.0342659
-0.0320941
-0.0537233
-0.0400925
0.377437
0.395844
-0.00236078
-0.106377
-9.16137e-06
-0.00374604
-0.0337066
0.214738
0.118425
0.000169281
-0.00345013
-0.0390318
0.171261
-0.00157268
0.0060311
0.00205779
0.00993253
-0.12237
0.344418
-0.00252449
-0.00405612
-0.000171442
0.00678031
-7.60686e-05
-0.0257391
-0.000537789
0.00641947
-0.1512
-0.0403472
0.00243461
0.0146558
-0.00116359
0.0315613
-0.0116979
0.0724228
0.15882
-0.124402
-0.0631568
-0.02354
0.00857833
-0.065131
0.610219
-0.0563891
0.0485844
0.661306
-0.00243467
-0.0027692
-0.0740878
-0.00171943
-0.0168371
0.0106239
-0.00443785
-0.0032982
0.170869
-9.6427e-05
0.000934374
0.000137565
-0.0053961
-0.0110168
-1.1227e-05
-0.00174131
-0.0311165
0.572544
0.0034436
-0.013105
0.534879
0.334878
0.0642418
-0.0965326
-0.0594077
0.00826674
0.278899
-0.0167245
0.301378
-0.0271499
-0.075859
0.157736
0.301117
-0.0474431
0.110766
0.167433
0.264481
0.0733159
-0.00482652
-0.00666342
-0.000131637
0.00380103
-0.0170572
0.001636
-0.00016152
-0.00256095
-0.0609286
0.0543605
-0.024751
-0.00439148
-0.00599727
-0.00497654
-0.0109225
0.00287624
0.130104
-0.00298625
-2.73849e-05
-7.52207e-05
9.14956e-05
-0.0297076
0.166117
-0.00633514
0.0450032
-0.0906839
0.426302
0.00538962
0.0112446
-0.00805488
0.446157
-0.00168359
0.337078
0.189683
-0.00017703
-0.0292851
-0.00521738
-0.0460446
0.000958906
0.0738788
0.00507971
0.0104371
-0.00135752
0.135661
0.176667
-0.044225
-0.0312607
-0.00364904
-0.0244937
0.000942469
0.69969
-0.0544146
0.00747076
-6.26022e-07
-0.0195904
-0.00361458
0.0288833
-0.0757994
-0.1064
0.461672
0.15625
-0.0914878
0.189089
0.435298
0.0451637
0.00200456
0.284882
-0.00143128
-0.000282688
-0.0251867
0.000154543
-0.107159
-0.000847092
-0.0329863
0.00318839
0.190598
-0.00282856
-3.13701e-05
-0.0798179
0.00289408
0.0124416
-0.0530497
-0.068964
-0.107404
0.165053
0.135744
0.139677
-0.000319374
0.0425297
0.0792973
-0.000834378
-0.0238741
0.0010277
0.00846859
-0.004746
0.00790318
-0.00123698
0.0702541
-2.56719e-05
0.000343197
0.00329309
-0.0306875
0.0330675
-0.0311833
-0.0356669
-0.0358649
-0.0916145
0.00914833
0.273428
-0.124291
-0.0102189
0.648535
-0.0519003
-0.0115577
-0.0356058
-0.00955546
-0.0289686
-0.0151871
0.0439232
-0.0646438
-3.39105e-05
0.0385956
-0.000145084
0.385568
0.0144374
-0.0075655
-0.0203318
-0.000292537
0.404572
0.336332
0.0246438
0.0520876
-0.055015
0.502171
-8.91462e-05
0.0232187
-0.0256411
0.122371
0.601817
-0.0114602
0.152819
-0.00310897
-0.000316572
0.0383785
-0.122843
0.424
0.0167727
0.237147
-0.0107682
0.436568
0.317918
-0.0135452
-0.0115263
0.0248989
-0.0701406
-0.000123709
-0.0187944
-0.0677232
-0.057418
0.018307
0.015078
-0.000188689
0.337427
-0.00184931
-0.000156109
-0.0302048
-0.000776252
-0.000348215
0.0052791
0.217803
-0.0718204
0.558839
0.000111516
0.21157
-0.0244343
-0.000107794
3.40727e-05
0.181253
0.214158
-0.00623998
0.197278
4.81305e-05
0.207939
-0.123596
-0.0141615
0.458785
-0.0469225
0.0442396
-0.034158
0.203014
0.20756
-0.0231272
-0.0290426
-0.00915572
-0.00439548
-0.000308606
-0.00202847
0.282345
-3.6486e-05
0.202588
-0.0702954
0.361076
0.192657
-0.0690598
0.541099
-0.00247862
0.00636557
-0.0454118
-0.0277424
-0.00973535
-0.0274801
0.036613
0.638801
7.75491e-05
-0.00292292
-0.0446298
1.19833e-05
0.392711
0.00294173
1.17899e-05
0.000328328
0.000636998
-0.0245403
0.0278465
-0.00235491
-0.000127545
-0.0103088
0.00366781
-0.0819151
-0.0637486
0.0337168
-2.99167e-05
-0.109
-0.0183683
0.0418193
0.35775
0.00182922
0.0678522
0.000262395
-0.0176255
0.10205
-0.00976175
0.230712
-0.0180725
0.0267604
0.105907
0.150843
0.00667178
-0.0144983
0.15929
-0.0667276
0.426052
-0.013089
0.254671
-0.0130155
-0.00175726
0.145519
0.000329707
0.0971743
0.00303036
1.02034e-05
-0.08684
0.125011
0.00229133
0.0485533
-0.0171782
-0.107901
0.00028092
-0.0322707
-0.00253948
-0.0123777
-0.0595028
-0.0365121
-0.0136987
-0.000213861
0.45294
0.0706823
0.0445469
-0.0002954
0.318159
1.18541e-05
-0.000271269
0.0874889
0.00120409
0.100723
0.0680219
0.0260025
-0.0453155
-0.091603
-0.0953214
0.00209693
-0.051778
-2.06622e-05
0.00563563
0.221617
-0.022084
-0.00421008
-0.0128208
-0.00296119
-0.000609063
0.662714
-0.0138144
-0.000829466
-6.96473e-06
0.15049
-0.0383878
-0.000490318
-0.00416396
0.17422
0.0833659
-0.0468275
6.07109e-06
0.194413
-0.0219761
0.182022
0.025666
0.0315513
-0.0384569
-0.000136984
0.10337
0.0730007
-0.0653133
-0.0656494
0.285311
0.0095661
0.14987
-0.0041095
-0.0289122
-0.000590454
-0.00269786
-0.000146904
0.167108
0.216126
-0.00224152
0.0288648
-0.0233472
-0.0544812
-0.060147
-0.00280283
0.0213414
0.630699
-0.0640534
-7.16292e-05
0.084023
-0.00572896
0.534808
-0.017043
-0.0167532
-0.00535602
-0.0192624
-0.0102752
-0.0109561
-0.00529485
0.00235853
0.0291793
0.000179761
-0.134638
-0.0578011
0.367233
-0.0451056
0.112125
0.00322234
-0.0449304
-0.0182802
0.225903
-0.0103443
0.000183343
-0.0215329
-0.00794997
0.0248724
-0.0349352
-0.0302139
-0.0402583
-0.0198448
-0.00952945
-0.0610111
1.11916e-05
0.0431264
-0.0537094
0.0872315
-0.0531929
0.0968691
-0.0670313
0.315801
0.00468925
-0.0396546
-0.0205792
0.567241
-0.110322
-0.0178259
-0.0858666
-0.036041
-0.0796774
-0.0490604
0.153023
-0.00418787
0.271417
0.0136904
-0.00058651
-0.00184986
0.0748575
0.718949
0.00164174
-0.0250371
0.182718
4.0501e-05
-0.0278303
0.0411239
-0.00749224
0.0138883
-0.00247295
-0.0364216
-0.00465451
5.13277e-05
-0.0447472
0.252296
0.00188976
-0.022467
0.00297297
0.181975
-0.000568867
-0.00187913
-0.000537579
-0.0011807
-0.0418234
0.000922574
0.00400812
-0.0241026
7.99288e-05
-0.0887681
-0.122428
-0.0968999
-0.0210896
0.0226495
-0.000314221
-0.0176303
-0.0577783
-0.0453943
0.364444
-0.00192201
-0.0621387
-0.00710013
0.00792634
0.120836
0.000703676
-0.000227193
0.0297613
-0.0468767
0.022139
-0.00447286
-0.00313598
-0.0535028
-0.000254817
-0.00220031
-0.018236
0.313118
0.246564
-0.0396934
-0.0522229
0.0112961
0.0051466
-0.0393463
-0.0592607
-0.0166702
1.15693e-06
-0.0337477
-0.0328187
-0.0643268
0.00475431
-0.0501513
-0.000599652
-0.00451571
0.196687
-0.0369703
-5.17348e-06
-0.00425534
-0.0988628
-0.000244135
-0.0209788
-6.53545e-05
0.00585693
-0.0799812
-0.0383237
-2.12245e-05
5.38526e-05
0.130134
-0.0442299
0.408119
0.244505
-0.0278535
-0.000886426
-0.0161669
0.000354794
-0.126169
-0.0742059
-0.0885744
-0.0218809
0.2208
0.0111808
0.000440751
0.00744791
-0.0952999
0.00305559
-0.0258725
-0.056028
0.00159048
0.024498
0.0728039
0.0103555
-0.0298076
-0.061952
0.191864
-0.031159
-1.41388e-07
-0.083795
-0.0600356
-0.0371665
0.00574787
0.00119194
0.00918977
-0.0788288
0.0353851
-0.0347559
0.0880185
-0.0436403
0.00832222
0.021438
0.0135912
-0.0353952
-0.114923
-0.000141468
0.148999
0.211864
0.00892181
0.137459
-0.0619163
0.0489723
-0.0443315
0.20251
0.101928
0.623357
8.75409e-06
0.093587
0.172091
0.0167571
-0.00171612
-0.0189596
-0.0478912
7.61185e-05
-0.018946
-0.0466754
-0.0207131
-0.0228013
0.000214139
-0.107042
-0.000424274
-0.00101562
0.245635
0.00727973
-0.0350604
0.0223769
0.21059
0.0119067
-0.000447873
-0.0958733
0.00895188
0.384656
0.00152388
-0.0486392
-0.000245534
-0.000634533
0.00752645
-0.0508869
-2.89041e-05
-0.0114929
0.030914
-0.0022544
5.42964e-05
-4.31974e-05
0.153303
-0.0453863
0.00765846
-0.0012811
0.00969417
0.0176104
0.00951945
-0.000325949
0.342403
-0.0860147
0.22339
0.286132
-0.000236818
-0.0408477
0.0945588
-0.000887839
-0.000296979
-0.000484267
-0.0228418
0.0145166
-0.0130158
-0.0212229
-0.0589967
0.169625
-0.0822766
1.75829e-05
-0.0200742
-0.019264
-0.035771
-0.00489323
0.00676357
0.00147586
0.0306515
-0.000588165
-0.000255639
-0.0180514
-0.0048239
-0.0255255
-1.51693e-05
-0.015453
0.0364144
-0.0293115
-0.0321648
-0.00916154
-0.0123177
-0.00966384
-0.00581676
0.00765885
-0.00998165
-0.000112292
-0.000451718
0.0251044
-0.0128039
-0.00551358
0.009475
0.00287528
-0.0966511
-0.0116502
0.15695
-0.0131743
-0.050994
-0.0252633
-0.023326
-0.0161904
-0.0042052
0.00257942
-0.00394319
-0.0145571
-0.0167151
0.181361
0.133503
0.046955
0.354971
-7.59751e-05
-0.0037078
-0.0170322
-0.00860133
0.0574105
-0.0208721
0.0411418
-0.00481458
0.189474
-0.00216963
-0.00181675
0.0126723
-0.0192654
-0.000238813
-0.0226054
-0.00654294
-0.0214566
-1.8148e-05
-0.00735779
0.00230328
-0.0181536
0.0324723
0.038505
0.0210269
-0.0145784
-0.0318681
0.116849
-0.00142427
-0.00219552
-0.00236328
0.529157
-8.53071e-05
0.0664006
-0.0218364
-0.0210625
-0.0269167
-0.0407632
-0.029141
-0.0344688
-0.0189334
-0.00511534
-0.000102636
-0.00475923
-0.0223116
0.0999327
0.00195636
0.0903344
-0.0331951
-0.0138286
-0.00102438
-0.0293334
-0.000108755
0.148224
-0.0306034
-0.026697
-0.0244189
-0.00442319
-0.0333091
-0.00187949
-0.0404663
0.103249
-0.0263371
-0.0652667
-0.00163034
-0.0274764
-0.0190766
0.017058
-0.00360504
0.142625
-0.00267859
-0.0197318
-0.000745767
0.160519
-0.0389147
-0.0269298
-0.00362143
-0.0103158
-0.00307256
0.162535
4.49677e-05
0.136626
-0.00539905
-0.00090481
-0.00140298
-0.00259394
0.11002
-0.0583265
-0.00751814
0.000404875
-0.00840963
-0.0129877
-0.000997513
-0.0156389
-0.0162781
0.059956
-0.00549465
0.00450844
0.521813
-0.0595084
-0.0291985
-0.0558827
4.64248e-05
0.077806
-0.00394257
-0.0273377
-0.00620992
-0.0358254
0.00474365
-0.000588649
-0.00323244
0.00372665
0.201524
-0.00646946
-0.00199035
-0.00514812
-0.0518837
-0.00911529
-0.0227218
0.00488133
-0.00954141
-0.00983222
-0.00364562
0.203416
-0.045506
0.00366819
-0.00470285
-0.0280436
-0.0150518
-0.0486122
-0.00156037
0.0926064
0.0251138
-0.00861458
-0.00192448
-0.0145796
0.544275
0.202979
-0.0122212
-0.000637504
-0.00265728
0.00244721
-0.00441833
0.0229851
-0.000452521
-0.0176881
-0.00219703
-0.0179098
-0.139151
-0.00117741
-0.0123595
-0.00150532
0.326895
-0.00710776
-0.0126451
-0.0415616
-0.00214678
-0.0304331
-0.0326023
0.474177
-0.0116304
-0.0123143
-0.00235672
-0.000506332
7.15959e-06
-3.18725e-06
-0.0109919
-0.000735609
0.070764
-0.000737928
-0.00201976
0.00918557
-0.000278423
-0.043928
-0.0552248
0.0190634
0.0422447
0.0285823
-0.0327378
-0.0419066
0.0913961
0.0720795
0.097669
0.123465
-0.0139174
-0.000949051
-0.00646294
-0.0609485
-0.00391208
-0.016031
-0.035801
0.319623
-0.0485386
-0.000529961
-2.183e-05
-0.00163042
3.33971e-06
0.00928695
-0.000612076
-0.00516015
-0.0469528
0.00063655
0.0029846
-0.000234074
0.0561199
-0.016411
-0.0460648
-0.00134504
0.336245
0.244694
-0.0109119
-0.068357
-0.0284929
-0.0248746
-0.0153755
-0.00208351
-0.0692105
-0.0333851
-0.0420385
-0.1075
-4.26237e-05
0.17579
-0.016993
-0.0104585
-0.0308344
0.0206572
-0.000584564
-0.00912095
-0.00151093
0.0132268
-0.00170252
0.132465
0.000415909
0.0112423
-0.000453485
-0.103478
0.00992375
-0.000839022
0.00634857
0.00048323
-0.030183
0.106949
0.0011396
-0.00159909
-0.000131017
-0.000632308
-0.000554845
-0.0584476
0.125679
-0.0288032
-0.000291011
0.00988765
-0.000500526
0.231283
-0.0575623
0.237137
-0.0425307
-0.000493721
-0.000306209
-0.00798804
-0.00620968
-0.000692614
-1.72893e-05
0.0269965
0.0311237
-0.000254444
-0.000357898
-0.0206153
-2.0951e-05
0.168941
-0.00102604
-0.0510074
-0.0199277
-0.00696831
-0.0533992
-0.058509
0.152377
-0.0216857
-0.021099
-0.000343666
-0.0543768
-0.0215371
-0.023511
0.0350295
0.361465
-0.00129775
-0.0568339
0.0126655
0.301855
0.0414962
-0.000124668
-0.00661497
-0.00448824
-0.00544726
-0.0464398
0.0836937
0.000221756
0.0166803
0.00335815
0.0640509
-0.000572311
-0.000122528
-0.0898315
0.269421
-0.0526094
0.127612
-0.00139722
-0.000215276
-2.04292e-06
-0.0780806
-0.0409355
-0.000367372
0.0875929
0.0124693
-0.00587049
0.43437
-0.000422968
-0.00407556
-0.0564535
-0.0267238
-0.00252306
0.13603
-0.0574057
-0.000176219
0.0117271
-0.000181043
-0.000103031
0.130921
-0.00117433
-0.000496004
-0.0496296
-0.0252745
-0.00385886
-0.0320597
0.00272319
-0.0235403
0.00188734
-0.00385197
-0.0612907
-0.0376651
0.0158803
-0.000985201
0.15128
0.210341
-0.0870397
0.0103941
0.020952
-0.00471126
0.167831
0.0951498
-0.02836
-0.000171022
0.0107034
-0.0527864
0.0105348
-0.0284551
-0.00232626
0.0392572
-0.0281305
-0.000144309
-7.19951e-05
-0.0383206
-0.026349
-0.0264889
0.0106112
-0.0194817
-0.0433274
-0.00015735
-0.00153559
-0.000218696
-0.0341705
-2.20403e-05
-0.00213561
-0.0449798
-0.0857362
0.052145
-0.00328566
0.00469642
-0.0220593
-0.0259787
-0.000133739
-0.0448269
0.0309202
0.158587
3.07518e-05
-0.000115885
0.1617
-0.00277684
-0.0766589
-0.0396109
0.00381199
0.000563494
-0.0639531
-0.0323808
0.165841
-0.0538081
-0.00162022
-0.0103712
-0.0507351
-0.000632127
-0.000258807
-0.000992137
-0.0281542
-0.0493355
0.101125
-0.000224414
0.546417
-0.0582125
0.00014594
-0.00106282
0.000300602
0.000341782
-1.1076e-05
0.000169654
-0.0507337
-0.000788559
0.000504548
-0.000211335
0.141975
-0.00626563
-0.000205559
-3.92255e-05
0.357558
-0.0222179
-0.0521848
0.00129781
-0.000791804
0.0532184
-9.90558e-05
-0.0139172
-0.128661
0.00247104
-0.00714654
-9.90488e-05
-0.000218347
-0.0310064
-0.0590236
0.00809205
-0.104156
-0.0608507
-2.65242e-05
0.0233403
0.0350697
0.110365
-0.00189162
-0.000164774
-0.0540281
-0.00665252
-0.00053964
-0.0476738
-0.000143418
0.0366955
-8.33828e-05
-0.00139848
-0.065002
-0.00234042
-0.0558369
0.493803
-0.00180853
0.000324086
-0.0523725
-0.0517978
0.0101688
0.0052911
-0.000159101
-0.0314662
-8.42048e-05
0.198772
0.673203
0.0433309
0.00342707
0.0040598
-1.55169e-05
-0.0283397
-5.39458e-05
-0.00792676
-0.00186708
0.000434451
-0.0036869
-0.0103948
-0.00012776
0.000997329
-0.00903441
-0.000336798
-0.0108023
-0.0171734
-0.00865332
-0.00125952
0.598087
-0.000752011
0.00275643
0.000289033
0.0153798
-0.0480018
0.0107058
-0.000185995
-0.000102526
0.0029815
-0.000111931
-2.24261e-05
-0.0124795
0.00080037
-2.23187e-05
-0.0492899
-0.0025095
-0.0537117
-0.00180314
-6.85416e-05
-0.00342931
-0.00944146
-0.0158944
-0.0244604
0.00262149
0.000602997
-0.000503287
-0.00214961
-7.75631e-05
0.281652
0.00176828
-1.74623e-05
0.000677179
-0.0022241
-0.000379181
-0.0602178
-0.0523357
-0.000130003
-0.00756707
1.98012e-05
-0.00290189
-7.38552e-05
0.0379554
-0.00014533
-0.000192016
-0.00390489
-1.84032e-05
0.0150012
-0.000237568
-0.0013782
0.0207597
1.87551e-05
0.39468
-0.0516023
-0.0409683
-2.14187e-05
-1.93377e-05
0.00212959
-0.00129207
-0.0495413
-1.49713e-05
4.01615e-07
0.000852914
-2.8156e-06
0.000440609
0.000520015
-0.000493606
0.000901533
-0.0506472
0.509176
-0.0339715
0.346191
0.010083
-0.0176967
-1.58082e-05
-0.000956857
-0.0129759
0.000175189
0.00033311
0.000203293
0.0350447
-0.001481
-0.000224761
0.527673
-0.000585723
0.000677678
0.000580877
-3.96535e-06
-0.0780663
-0.00238162
0.00129234
0.000153578
-0.000568677
-6.87532e-05
-0.00101295
-0.0430607
-0.000446295
-0.001755
-1.498e-06
-0.000519588
-0.000274966
0.194913
-0.000473286
-0.000282919
-0.0653763
0.00422573
-7.92107e-05
-0.00145112
-6.13056e-05
0.177011
-0.0686522
-0.000307632
-0.000414173
-0.00207486
-0.000154981
0.0584533
0.105527
0.0114351
0.000591667
-6.05544e-06
-7.11757e-07
0.0506985
0.000298442
-0.0581276
-0.0253711
-0.0167331
-0.134756
0.603015
0.00221172
0.1802
-0.0154934
-0.0295541
0.180136
-0.00038089
-0.0623057
-1.03336e-05
-0.00960497
-0.0477066
6.90922e-05
-0.0479679
-0.00102818
-0.00856486
-0.00599812
-0.0420149
-0.0417416
-0.00347985
-0.0584633
-0.0431555
-0.000195462
-0.0128863
-4.44287e-05
-0.0372802
-2.62259e-05
-0.000194323
0.014517
0.170693
1.61486e-07
-0.044588
0.00399361
9.51293e-05
-0.021863
1.00306e-05
-0.0144476
-0.000269562
-0.0381192
0.000153598
-8.64345e-05
-0.00221155
-3.63761e-05
0.166274
-0.0308442
0.0470823
-2.26978e-05
0.000720164
-0.0327175
1.55405e-06
-0.0549985
-0.0630087
-0.0536176
0.552043
-0.00694629
-1.55754e-05
0.0282411
-0.0411291
-0.00276894
-1.33081e-05
-8.51218e-05
-0.0462576
0.000155824
0.000996697
4.94942e-08
0.000193168
-0.0284888
0.0198116
-0.0623761
0.0933639
-0.00573066
-1.01135e-06
0.00688109
-0.0496971
-1.94292e-05
-1.15848e-05
0.000374286
8.01235e-05
0.000469613
0.171033
0.037859
7.03321e-05
1.64457e-05
-0.0628331
0.210013
0.180883
-4.29829e-05
-0.0362181
-0.0201858
-0.0111538
-0.0468189
-0.00916861
-0.00312783
0.147223
-3.56539e-05
-0.0269144
0.175062
-0.0477956
-9.1612e-06
-0.0587981
-0.000180503
0.263018
0.0297859
-3.95269e-06
-2.31999e-05
0.187381
5.10976e-06
-0.000185477
-0.0124307
2.09276e-05
0.245237
0.00369916
-0.00784577
-0.0613573
-0.00403701
-0.0700328
0.191361
-0.0126581
-0.0385745
0.00112723
-1.50333e-05
-0.00109444
3.36631e-07
-1.06299e-05
0.022399
0.189352
0.156597
-0.000464668
0.260366
-0.012425
1.2514e-05
-0.0447511
-1.01456e-05
-0.0283249
0.0309857
-0.0153083
0.00491917
0.00209279
-0.00984951
0.000297446
-0.00179218
0.0208984
-0.00307581
-4.1211e-05
3.81709e-05
-6.00349e-05
0.0340874
7.06255e-05
-0.0231653
0.275725
-0.006414
6.33976e-05
-0.00370503
-3.50528e-06
0.0198865
-0.000375267
-6.37323e-05
-8.45204e-05
-9.78972e-06
0.221645
-0.000151173
0.23472
-0.0590547
0.000137807
-0.0505131
-0.000505719
0.163816
0.542343
-0.00150025
3.24332e-06
2.40542e-05
-1.72408e-05
0.124983
9.52476e-07
0.0011828
-0.0248072
0.22341
1.04799e-05
2.22956e-05
3.71668e-06
3.24224e-05
-0.0211897
2.53097e-06
0.228736
-0.0168339
-0.000125147
3.79536e-05
-0.00219667
-0.029086
1.6863e-06
-5.49366e-05
0.173359
4.3035e-05
-0.0321379
-0.0523663
0.000160271
1.04953e-06
-0.112179
1.63983e-06
0.165248
1.90839e-05
-0.000468129
1.67055e-05
-0.000179061
0.0966948
5.77196e-06
-0.00174627
1.39474e-05
0.0135596
-0.0036216
-0.00679234
0.000882008
0.160663
-0.000271799
-7.75973e-05
-0.00935174
-0.00903358
-0.000252398
-4.28153e-05
-0.000945453
5.24172e-05
0.127962
-0.0109113
0.532139
2.35766e-06
-0.0080726
-0.000151764
0.127443
7.19443e-05
-0.026887
3.04252e-05
-0.00168045
-0.0334859
-0.000237861
-0.0163132
-0.0483713
0.00553176
-1.23637e-06
-0.054434
-0.000347176
-0.000298119
-0.0058705
-0.015106
0.00143795
-3.79951e-05
-0.000455544
-0.000960517
-0.0013539
2.0336e-05
-0.00128148
0.522897
0.000118716
-0.00346877
-0.0348566
-0.0687305
-0.0604839
-0.0466906
-0.0222828
-0.000544786
-0.0167679
9.50324e-05
-7.91442e-05
0.522884
-9.31699e-05
0.163011
-0.00047216
0.000458437
-0.00120092
-0.0661543
-0.000436733
0.000693066
-1.00881e-05
-0.000409948
-5.86373e-06
-7.75733e-05
-0.015447
-0.000106989
-1.57943e-05
-8.14086e-05
0.00017904
-4.02711e-06
-0.042202
0.18501
-7.28925e-06
-0.000634063
5.17493e-05
3.97976e-05
-0.000881781
1.34324e-05
-0.000955969
0.000330164
-0.00038191
-0.0611678
-0.000728189
-0.00193922
7.82818e-06
-0.00166438
0.000387386
-1.32053e-05
-6.46865e-06
1.80125e-05
-0.000840554
0.000611649
-0.0436953
-0.0274721
-0.0616444
0.000664725
-0.00198248
-0.0352984
-0.0620432
-9.33904e-05
0.0165088
0.00743953
-0.00110912
-0.0122879
-0.0538096
0.467282
-0.000438514
-1.19582e-05
0.000996524
6.2785e-05
2.36321e-05
0.0780343
0.00396794
0.0904075
-0.0364756
0.454981
-0.000548757
4.0952e-06
0.000180768
-1.37691e-05
-0.00144632
0.148339
0.231202
-8.52569e-07
-0.000171204
-1.09379e-05
0.218212
0.0172331
-0.00616794
1.57695e-05
2.52881e-05
0.00790187
-0.000733741
-0.0674885
-0.017175
3.49355e-05
0.00383076
-0.0312975
-5.77191e-05
0.00200296
-6.12849e-05
-0.0447165
-0.00184345
0.14359
2.20804e-05
0.00186075
-0.000102288
2.065e-05
0.000204666
-0.0233531
2.00216e-05
-0.000965882
3.14764e-05
-0.0200182
-0.0443027
-0.00327425
-0.00751885
-0.00893798
0.00990983
-0.00906389
-0.00260433
8.38083e-05
0.000129125
2.83346e-05
2.46773e-05
-5.4082e-05
0.00975481
-0.0553372
0.000559491
-0.0431319
-0.00325213
-0.0490396
0.000106707
4.93785e-06
0.00145558
-0.0941594
2.46207e-05
-0.0427801
-0.0151666
-0.077583
-0.0434806
3.50468e-05
-0.00363268
0.000229076
-0.135101
0.137822
2.00799e-05
-0.0570635
-0.0226144
-0.0044618
5.01808e-05
-5.68784e-06
0.0253044
-0.0169071
3.38307e-05
-0.0070728
5.32396e-06
0.00025357
0.124852
-6.13146e-06
1.27946e-05
-7.72524e-05
4.55077e-05
0.00100789
0.000106628
-0.00548838
0.000274065
-0.0129138
0.00123329
-0.000207752
-0.0322933
-0.0419059
-0.00653342
-1.30866e-05
2.90588e-05
-0.0578029
0.00625906
-0.0461196
4.05065e-05
-0.00538483
-3.39815e-05
3.31235e-05
0.0681397
-0.00726961
-0.00292055
6.88759e-06
-0.0180811
6.26345e-05
-0.0633298
3.66342e-05
-0.0712502
3.09991e-05
-3.9711e-06
0.000103611
0.00114175
-0.0830646
-0.0183033
-0.0655605
2.46705e-05
0.000116245
-0.0725217
-0.025551
-0.00870422
-1.25148e-06
-0.0330743
-0.0486826
-0.0724638
1.11149e-05
-3.96222e-06
1.69984e-05
-0.075579
-0.0637047
0.000814591
-0.0113255
-5.05017e-05
0.177563
0.000114194
2.38521e-05
0.000178933
3.34847e-06
-4.27578e-06
-0.00378275
0.000138938
-0.00267998
-0.0612064
-0.0133439
-0.0553109
5.40374e-05
-4.88621e-05
0.0490823
-0.0505751
-0.00493678
0.113136
1.98826e-05
-8.74357e-06
-7.95838e-06
0.0688468
0.000204735
1.54344e-05
1.7872e-06
-0.0576681
-0.0157103
1.61922e-05
0.000104031
-0.0095016
-0.00664687
0.000489088
0.232874
-0.0564075
0.000204522
0.681649
-4.30588e-06
-0.000712042
-0.00877798
-0.0722474
1.35198e-05
8.17512e-06
2.82191e-05
0.00521031
-0.0325637
-0.000344082
-0.0476944
-0.00796803
3.96445e-05
-3.13106e-06
-0.0103941
-0.00516483
-0.022806
-0.0762364
-0.0440337
-0.0380731
-0.0150803
-0.0269808
-5.98603e-05
0.000405339
0.00426881
0.000602364
-6.48932e-05
0.000859269
4.68623e-05
-8.02335e-05
-0.0123483
-9.74947e-06
-2.14295e-05
0.0351703
-0.0263672
-0.000150982
-2.57736e-05
-4.62365e-07
0.255992
-0.00683241
0.000883036
-0.0280424
0.000264919
0.000232882
0.000201741
-4.43935e-05
0.000545603
-0.0372311
0.0169244
-7.07418e-06
-0.000154779
-0.040762
-0.0315849
0.0505019
-0.000508534
0.00202688
0.0190271
8.94293e-06
7.73608e-05
-0.0462696
2.92545e-05
0.167861
2.19247e-05
0.0045596
0.000196115
0.000260724
-0.0660634
-0.00755286
-0.0180673
-0.00250345
3.43972e-05
0.00686357
0.0631385
-0.0125492
-0.000131647
0.096116
0.163856
7.20174e-06
-0.0501836
-6.18039e-05
-4.69898e-06
-4.16209e-05
-0.000588281
0.0210409
7.40382e-06
0.000287175
-0.0246488
-0.0257155
-0.0221014
0.323977
3.11325e-05
-6.5668e-05
0.173044
-0.00647029
-0.00393827
-0.000679737
0.170338
6.10855e-05
-0.000310618
6.56728e-05
4.36531e-05
4.07519e-05
4.65573e-05
8.94364e-05
-0.0179132
1.75437e-05
-0.00345156
-0.0433374
0.235903
-0.000127436
-4.66204e-05
0.00510286
0.086539
-0.0456009
-0.000784397
-0.0662506
0.3213
5.46421e-05
0.426246
-1.40404e-06
0.00362397
0.0257498
0.000493116
0.464454
4.93074e-07
-3.28483e-06
0.00128586
4.04773e-05
-0.000901301
0.000302799
2.12286e-05
-0.00204402
2.64211e-05
-0.000142374
-0.00343672
0.249032
0.0514936
0.0233714
-0.0426138
-2.8723e-06
-1.10067e-05
0.00368293
-0.0534607
-4.59173e-06
-0.0453138
-4.97664e-05
0.10497
0.0634527
-0.0328842
-0.00140551
-0.0122406
-0.00102716
-0.0150538
0.00402375
-0.00763017
0.064919
3.66357e-06
0.21182
0.0176683
-0.000601361
0.210975
-0.0136299
-1.03387e-05
3.63787e-05
8.20521e-05
-0.000213218
-0.000114747
0.253261
-0.00102118
0.259213
-0.00111948
0.168394
0.22071
0.0828898
-0.00725791
8.71128e-07
8.68813e-05
-0.010855
-0.10159
-0.04753
0.0016451
3.57779e-05
-0.0375467
-0.00031207
2.41339e-05
0.00112231
-0.00111381
-0.000665126
0.0346842
9.19213e-05
-0.0470796
0.0588043
7.18631e-05
0.000310217
-0.0146746
-0.0565577
-0.000760248
-0.000537113
2.53058e-05
0.000290249
0.0363542
-0.0173517
-0.0471304
0.00144661
0.0692557
-0.0385454
5.09993e-05
3.41522e-05
0.0136035
-7.78325e-05
0.0590553
0.00134286
-0.0138473
-0.000391259
0.00179236
-0.0360955
-1.99416e-05
0.000553562
-0.000693438
-0.0706041
0.133212
-0.0598182
-0.0271495
-0.000155869
-4.28463e-05
0.00723708
6.06471e-05
-0.0710596
-0.0635552
0.000631904
0.00367875
0.00410734
-0.0879859
0.000713377
0.000225262
5.49866e-05
-0.0408617
3.92742e-05
0.000627185
0.123919
0.183069
-0.10094
0.0511276
0.0498538
0.0146339
-0.000147753
0.0121761
0.000146808
1.11314e-05
-5.793e-05
7.88946e-07
4.99511e-05
-0.000365992
-0.00789983
-0.0563064
-0.0100618
-0.0292938
0.0544205
0.045683
0.00441234
-0.0612391
0.000193508
0.00501168
0.0120678
-0.00039788
0.0758307
-0.00129915
-0.0113049
0.0128022
0.00594295
0.001112
-0.00419873
0.0443389
0.000919836
-0.0200738
-0.0168607
0.555609
-0.0251761
0.0819931
0.0127401
-0.0376021
0.00240952
0.000128461
-0.00268577
7.74665e-05
-0.00274995
-0.0257161
-6.54404e-05
-2.68305e-05
0.265984
-0.00344721
-0.0415064
-0.0191689
0.00024295
-0.00150826
-1.74076e-05
1.43441e-05
0.0392718
5.33626e-05
-0.00307158
0.0760718
0.00673016
0.0012396
0.0195116
-0.00598939
0.00452688
-0.102853
0.000966381
-0.00462793
-0.054822
-0.000889474
-0.00838353
0.000845868
0.000983057
0.00109856
0.0377902
-0.000313904
0.00610342
-0.0528675
-0.0211241
0.00036374
-0.0525132
-0.0153634
-0.0175674
0.00013568
0.0071356
-0.0661966
-0.000875007
-0.00506665
-0.0488889
0.000101808
-0.00121966
0.222341
-0.0221627
-3.81942e-05
0.00888525
-0.049752
-0.00109624
0.199932
-0.00231852
0.00112527
0.0618246
-0.00149068
0.0089115
0.130905
9.4533e-05
0.00129432
0.000209614
5.59008e-05
-0.00469436
-0.00753916
-0.000116518
-0.0245468
0.0981267
-0.0371873
-0.0688935
0.00128445
-0.00341504
-0.000625259
-0.047142
4.54081e-05
0.0173818
6.69031e-05
-0.0163004
-0.00203946
-0.00518675
-0.111094
0.112909
-0.0733594
-4.8328e-05
0.186792
-0.0020452
-0.00269789
-0.0576614
-0.0770748
-0.016035
-2.54764e-05
-0.00117485
0.00779705
-0.00323006
-0.00492989
0.000498686
0.0879997
-0.0431622
-0.0114831
-0.00694568
0.0225084
-0.00276638
-0.00122592
0.00187267
-2.86441e-06
-0.00322969
0.11142
0.000885475
-0.1116
-3.86592e-05
-0.00762434
-0.00383943
-0.0823253
-0.011882
-0.0946443
-6.00127e-05
-5.72187e-05
-0.00448508
0.0113467
0.00198105
-0.106087
0.0839473
-0.0479576
0.000220477
-0.1157
3.48372e-05
-0.121624
-0.0258378
-0.143861
-0.153962
-0.16243
-0.170532
-0.172763
-0.164501
-0.150509
-0.125408
-0.101705
0.019152
0.0627723
0.110659
0.19359
-0.00835066
-0.00767998
0.0567687
-0.0185985
0.000999291
0.0153313
-0.0403513
0.000598685
-0.000689201
-1.59649e-06
-0.0146668
0.0189744
5.74823e-05
-0.000310272
-0.0108368
-0.00688872
-0.138675
-0.013914
-0.054924
1.51902e-05
0.000645973
-4.84865e-05
-0.0534068
-0.00910805
-0.036619
-0.0111025
0.0018925
0.000268721
0.00509638
-3.00632e-05
-0.0126947
2.80829e-06
0.000420043
-0.00650254
-0.0118462
-0.000267125
0.000371402
0.050776
-0.0107002
0.0611927
-0.129588
-0.00866243
-0.0291099
-0.0191386
0.0039921
-0.0219573
-0.00339617
-0.0128682
-0.0131127
0.358545
-0.00137283
9.01061e-05
-0.00603577
-0.00926023
4.74704e-06
0.0828909
-0.00425104
0.3327
-0.180023
-0.0439184
-0.0270402
0.0440002
-0.0051703
-4.52671e-05
-6.46464e-06
-0.00434348
-0.0563047
7.65648e-05
0.348796
-0.00286544
-0.0051519
-6.52048e-05
-0.000387377
-0.00667609
-0.0658518
-0.0912067
0.121492
0.000707151
-0.0145632
-5.13144e-06
0.0284477
-0.00831862
0.0206877
-0.021644
-0.00563011
-0.000883529
0.0013867
0.0125959
-1.02652e-05
-0.0101919
0.000589054
-0.000399548
0.00052466
-0.0322858
0.000268885
0.146881
-0.0108435
0.00406681
-0.0797285
-0.0104325
-0.0726802
-0.0122496
0.0338002
-0.0184648
0.182613
-0.023727
-0.00353848
-0.0493584
-0.000771898
-4.42607e-05
0.000491879
0.00010938
-0.00244332
0.00471339
0.000109982
-0.0144372
0.0232023
-0.00320003
6.66132e-05
-0.00342509
-0.0421449
0.154274
-0.0346153
-0.0481928
0.00864803
0.0758876
-0.00127935
-0.0144605
-0.0120201
0.00568764
0.0380267
-0.0589911
0.110477
-4.90351e-05
-0.0297768
0.00126304
-0.00158827
1.1772e-05
-0.00622162
0.101267
0.000954076
0.244812
-0.0210793
-0.0178921
-0.0161247
0.000140469
-0.00199766
0.0649812
-0.115979
0.231486
0.0316218
0.0258193
0.175178
-0.0424006
-0.004466
-0.0591677
0.000605205
-0.0337126
0.15849
-0.0029904
0.249716
-0.0015841
0.0940222
0.00012105
0.102691
0.116979
-0.00260963
-0.0200617
-0.000375601
-4.46986e-06
0.00563045
0.00211391
-0.0388134
-0.0354995
-0.00584561
-0.0395969
0.166663
0.0499125
-0.0546877
-0.0168366
2.69276e-05
0.00451266
0.144179
0.00490275
0.168391
-0.059344
0.00569161
0.000111597
0.000438982
-0.0221223
-0.00115587
-0.00274163
-0.041454
-0.000631544
0.0035802
-0.0417829
-0.0410278
0.152472
-2.61347e-06
-0.0193813
0.000223482
-0.0257259
-0.000355927
-0.0570671
0.126693
-0.041217
-0.0250342
-0.00178985
-0.0153094
-0.000738656
-0.0053999
0.0850971
-0.02998
-1.65403e-05
-0.00786957
-0.00467301
-0.000364709
-0.0028677
0.012537
-0.0109126
-0.0339514
-3.52063e-05
0.154752
-0.0287913
0.00720004
-0.000371806
-0.00830771
-0.000369315
-0.026167
0.00032964
-0.024271
-8.50997e-05
-0.0371252
0.00290333
-0.000165492
-0.0118925
0.000341271
-0.0096171
0.00125969
0.171993
0.00132441
-0.0094977
-0.00907269
0.0040669
0.127583
-0.0149077
-0.0735782
-0.0166433
0.000380972
0.124255
0.0498125
0.00139678
0.000136642
0.0545212
-0.0451128
0.00269217
-0.0273785
-0.000792505
0.000419484
0.00568224
-0.0268218
-0.0135329
-0.0113763
0.275841
0.028441
-0.0670209
0.0345981
-0.000437653
3.23267e-05
0.0012535
0.00266562
0.100649
-0.00401678
0.0192072
0.000123986
0.508443
0.463219
-0.00153063
0.203399
0.649578
-0.0305832
2.31976e-05
0.0544084
0.130535
-0.00381954
-0.0240384
0.000216238
1.14254e-05
0.146296
-0.00416561
2.15813e-06
-0.054427
0.000125298
0.0478575
0.029635
-0.0337274
-0.0336353
-0.0221806
-0.000293332
0.00124809
-0.0129831
0.0817476
-0.0435596
0.155188
-0.00990734
0.0416028
-0.00264093
-0.000233418
0.000193548
-0.00297362
0.134013
-0.00550793
0.132226
-0.000290181
-0.0767416
-0.0411631
0.133311
-0.00699013
0.000406975
-0.036913
0.00044005
0.0132683
0.115041
-0.0088361
0.147282
-0.0107293
-0.00422143
-0.0868022
0.0180699
-0.0594445
-0.0172204
-0.00094483
-0.0282953
0.00157104
-0.0097178
0.00167469
-0.0326017
-0.0128797
0.0454389
-0.00421954
-0.0661383
-0.0402661
0.0314186
0.0175745
0.117082
0.00451257
1.49518e-05
-0.00662276
0.197054
-9.33857e-05
-0.0061237
7.00401e-05
-0.000246025
-0.0378828
-0.00121844
0.00355163
-0.00112813
-0.00171967
0.000379349
-0.0366223
-0.0027887
-0.0160363
-0.00998829
-0.00331726
0.318102
0.0540192
-0.0341924
-0.0144582
0.00169264
0.000142484
0.013796
-0.0010785
0.00894361
0.347721
0.0835378
0.0715483
-0.000261983
-0.0163318
-0.00148196
0.025011
0.0616118
0.112566
0.149898
0.160438
-0.0151481
-0.000916152
-0.00228086
0.0361052
-0.00466827
0.169162
4.04107e-06
-0.00171167
-1.25681e-06
-0.00703681
-0.0365932
-0.00232418
-0.015143
-0.0295367
-0.05409
0.159186
0.137893
0.00348128
0.138115
0.0697811
0.0624169
5.31529e-06
-0.00893304
-0.0115918
-0.17053
-0.00671341
-0.0399691
0.0563469
-0.121339
-0.00130322
-0.0581313
0.0977842
0.118965
0.0580028
0.00748577
-0.0358666
-0.0176477
0.0224799
-0.00528309
0.384924
0.000101037
-0.0676698
0.0645895
0.0186239
-0.000828029
-0.0425747
0.498054
-0.0203036
0.0593559
-0.000849142
-0.0710571
0.000338081
0.187395
-0.0458393
-0.0231105
0.0535576
0.0184957
0.0595105
0.428801
0.274499
0.00278501
0.000561035
-0.00279671
0.000197367
-0.0291794
-0.00578111
0.0541116
1.11182e-05
-0.00201801
0.0764702
0.377603
-0.0256802
1.19953e-06
0.505204
-0.0687653
-0.152395
-0.00400876
0.0172405
-0.071573
0.0460334
0.136528
5.48559e-06
0.123548
-0.0285986
0.000231347
0.0338444
0.0326406
0.0535385
0.373876
0.440722
0.00549373
0.0568286
0.000671796
-0.0351968
-0.0318106
-0.0001156
0.137424
-0.075517
-0.0630031
-0.156887
-0.000912229
4.45662e-05
0.0054091
0.0172529
0.269594
-0.0350206
-0.00275771
0.00017337
-0.00367387
9.96586e-05
-0.0202305
-0.0381996
-0.00876437
-0.0301549
-0.0580615
-0.0416421
7.29238e-08
-0.0415339
-0.00286842
-0.0783729
0.0481611
-3.38565e-05
5.22952e-07
0.739886
0.373803
0.468477
0.220605
0.0160664
0.000101313
0.0222837
-0.0322587
0.000193587
0.31626
-0.0135527
-0.000683267
0.0520103
0.0835455
0.0266365
-0.106998
-0.0528026
0.214616
-0.115961
0.0397263
0.00714033
-0.140143
-0.152714
-0.15671
-0.14106
-0.125827
-0.102596
0.0399483
0.0892616
0.0547365
-0.0439707
0.596944
-0.00545863
0.00217445
-0.0508901
0.00632087
0.107939
-0.0209936
-0.00938399
-0.0679433
-0.136411
0.0415889
0.000161481
-0.0460883
0.414282
-0.011237
0.347925
0.265674
0.557914
0.0472014
-0.119821
0.428662
0.0247982
6.51505e-05
-0.00100685
-0.00491025
0.00040238
-0.0446318
0.0900665
-0.0664865
-0.0512424
-0.0149207
-0.0490802
-0.00024425
-0.00147975
0.0903331
-0.0408957
0.00138877
-0.00101395
-0.130212
0.00501124
-0.0170941
-0.0234345
0.558701
1.54727e-05
-0.163919
0.00242304
-0.0123883
0.0063922
0.0125978
0.00134122
-0.062215
-7.19894e-05
-0.00460544
0.0834329
-0.00816049
-0.0313599
-0.00713703
5.5276e-05
-0.00680229
-0.0731541
-0.0438797
-0.0263188
0.0176128
-0.00326596
-0.0020357
0.130182
5.66642e-06
0.0414073
0.0312106
-0.0621927
-1.19829e-06
-0.00161357
-2.29105e-05
-0.0388129
0.152913
-1.65281e-05
-0.00825355
0.000119686
-0.00927081
-0.0228669
0.000238377
-0.0384876
-0.056263
0.760079
-4.37467e-05
0.0703258
0.00161488
-0.000736721
0.000808451
-0.0414583
-0.0265959
-0.0455249
-0.045303
0.202757
-0.0256139
0.0813179
7.37971e-06
0.26249
-0.0150816
1.3302e-05
-0.0748987
0.0868214
-0.000404785
-4.08141e-05
-0.0414878
-0.0374926
0.748439
6.10753e-05
-0.036008
-0.0423286
-2.57405e-05
0.0177351
0.000568825
-0.0247821
0.190277
-0.0338994
0.0313812
0.00659646
-0.000202585
0.278297
0.396949
0.00176019
-0.0130333
-0.0477857
0.209014
-0.0219991
-0.000181718
0.0684098
-0.0840755
-0.0630943
-0.00120072
-0.00452163
0.0170296
0.0231121
-0.0682995
-0.053138
-0.065787
-0.0338317
0.0490998
4.35517e-05
-0.0207069
0.730031
-0.00118707
-0.0021444
-0.00422052
0.548703
0.114397
1.60836e-06
3.83842e-06
0.170133
0.169249
-0.0273068
-0.0576747
-0.0506383
-4.22225e-05
0.025019
0.0138912
0.125713
-0.00383344
0.179317
-0.0198545
0.0306107
0.406696
0.000267293
-0.0116986
-0.152326
-0.162965
-0.0196102
-0.00013556
0.329714
0.0667786
-0.00575511
-0.0293452
-0.0635564
8.56813e-05
0.182537
0.000679056
0.000148806
-0.0403987
0.0694518
0.00158681
-0.0101887
-0.0435761
0.125726
-0.0027176
-0.0395612
0.000845204
-0.0309635
0.000423582
-0.0174152
0.000388947
-0.00151378
-0.0287457
0.175868
-0.00885879
-7.59718e-05
0.000276256
0.639239
-5.42584e-05
-0.0381243
-0.0461591
0.294415
0.0436545
0.000143519
-0.0139579
-0.0200615
-0.0506173
0.0697505
-0.0469587
0.100299
-0.0135515
-0.019721
-0.0199164
-0.00823921
0.301967
0.00247474
-0.0125146
0.128826
0.133749
0.499664
-0.0419243
-0.0297259
-0.000860191
-0.0340299
-0.0668957
0.0914589
-0.00147835
0.0331615
0.000175629
0.0175884
-0.00275313
0.00182104
-0.0260956
-0.0271313
-0.00156531
-0.0228889
0.000149304
-0.00700282
-0.0393931
-0.00134638
7.751e-05
-0.0334336
0.664901
-0.0706894
-0.0174613
-0.00341987
-0.000255291
0.360484
0.0374679
1.82645e-05
-0.000207637
-0.0746122
-3.80133e-06
-0.00104099
-0.0368969
-0.00992804
-0.00516178
0.122516
0.302986
0.25073
-0.038724
0.000439473
-0.0445672
0.000129053
0.123805
0.549486
0.000128105
-0.00097371
-0.00187698
0.579038
7.7455e-06
0.290077
0.608607
-0.0423543
-0.0106092
-0.00314911
0.29609
-0.00622976
-0.0691504
0.527074
-0.00512664
0.316662
-0.0215469
-0.0102039
0.521461
-0.0234889
0.304481
0.271909
0.00250754
-1.30512e-05
0.188861
0.074582
-0.0144704
-0.0754519
-0.00944161
-0.0655358
-0.0148043
0.295663
0.000226719
-0.00574045
-0.0767868
-0.0834905
-0.0260432
-0.0570016
-0.0697455
0.284165
0.0587875
0.0252581
0.496212
0.000955237
-3.64754e-05
0.0591402
0.0453882
0.0641689
-0.000230003
0.00703239
1.40633e-06
-0.0814317
0.0183577
-3.03799e-05
-0.00115044
0.000760619
9.50213e-05
0.0851997
-0.00829865
0.000334739
-0.00972991
-0.0687396
-0.00909149
-0.00299518
0.284576
-0.0203273
-0.0159422
0.00142058
-0.0140811
7.92776e-05
-0.0383877
0.128041
-0.0180705
0.110509
0.00873576
0.091106
0.13765
0.214566
-0.0231619
0.404699
-0.0141542
0.28977
-0.0971374
-8.20934e-06
-0.0128749
-0.0192346
0.027976
0.147777
-0.0525445
0.00030963
0.751808
0.00795074
0.117195
-0.0357589
0.00747011
0.0804676
0.00086481
-0.02996
-0.0660985
0.00241769
-0.000718039
-0.0103187
-0.0375706
-0.00482052
-0.00718765
-0.0673241
0.179903
-0.00520379
-0.0324695
-1.02467e-05
0.616961
0.70159
0.00643059
0.000112258
-0.0278948
-0.000825423
-0.0338088
0.000126855
0.0316413
-0.028832
0.000204802
-0.000629563
-0.0501971
-0.000822727
-0.019366
-0.0301596
0.324268
-0.0647899
0.344412
-0.000667948
-0.0105058
-0.014286
-0.00441944
0.0335914
-0.0538438
0.00218969
-0.0141377
0.260032
-0.0356644
0.000362843
6.09247e-05
-0.00283237
6.96375e-06
-0.0208507
-0.0022756
0.0125892
-0.00628754
0.103214
6.06518e-05
0.0015099
0.125771
0.175053
-0.0245647
-0.00199043
0.110164
0.000289588
0.000311976
0.0277795
-0.00110921
0.543204
-0.0353349
0.299538
-0.123567
-3.31633e-05
-0.0083721
0.442797
0.304816
0.0173636
0.00341262
-0.000265257
0.123102
0.0363281
0.0146382
-0.00124865
-0.0381722
-0.0476187
3.4318e-06
-0.0249313
-0.0455372
-0.0367398
-0.00497363
0.564341
-0.00487434
-0.0245908
-0.0379258
0.000604466
2.77913e-05
0.00162107
-0.0059506
0.352597
0.00306791
8.74572e-05
0.000853234
-0.0649245
0.472474
0.000224179
0.000707676
0.0264375
-0.0367476
0.429094
-0.0295414
0.341254
0.312371
0.000212387
0.272897
0.316088
-0.0280034
0.0309282
-0.000213489
0.332114
0.000601295
-0.000103744
-0.00403176
0.212852
-0.00796747
0.152818
0.00215807
0.569433
0.00254329
2.56368e-06
0.788774
0.0409663
0.624201
0.13395
-0.127395
0.0203068
-0.0561216
0.414081
0.000270332
-0.000117157
0.0310872
-0.000778702
0.553093
-0.0955108
-0.104262
0.0022451
0.0771636
0.118126
-0.0641858
0.013594
-0.0259972
-0.0052802
0.0280211
0.000453056
0.0027299
-0.0316916
-0.0284998
-0.0462645
0.0225425
-0.0142891
0.0717808
0.0682487
0.611392
-0.0536108
0.0346011
0.000465898
-0.0710884
0.329506
-0.0164529
0.11096
0.24737
-0.0319237
0.0166628
-0.0640703
-6.19036e-05
-0.00417895
-0.00256079
0.00849996
-0.00512031
-0.16415
0.000130258
0.147157
0.0976117
0.203066
0.107217
0.164361
0.0125705
0.0403375
0.0204369
0.0251699
-0.0189824
-0.0943649
0.0767395
0.335396
0.04352
-0.00549857
-0.163865
0.0835808
-0.0100805
-0.0964322
0.202373
-0.0169556
-0.036593
0.137522
0.0375301
0.534965
-3.02607e-05
2.27581e-05
-0.056562
0.364735
0.379336
0.279234
0.401119
0.0576053
-0.00650794
-0.0122548
0.031972
-0.0196946
-0.00275696
0.024511
0.561482
0.00656753
0.35481
0.109272
0.0168471
0.000140056
-0.0340439
0.398052
-0.00247628
-0.00792082
0.0175179
-0.142391
0.00030267
-0.00737893
-0.0641289
0.691953
-0.0527797
0.175653
-0.0524066
-0.00999059
0.084774
0.305252
0.39551
0.115098
-0.0607553
0.120437
0.105774
0.740484
0.000779511
-0.004747
0.394672
-0.060367
0.226461
0.435653
0.00346339
-0.0331733
0.143565
8.23555e-05
0.479418
-0.0130209
0.358265
0.011802
0.000621578
-0.019079
-0.00119295
0.730047
9.68469e-05
-0.0870517
0.328162
-0.000432862
0.0224937
-0.0233627
-0.0234012
0.157341
-0.0195794
0.000878761
0.145113
-0.0219786
0.00076483
8.39264e-05
0.107674
-0.00264695
0.236117
-0.0653267
-0.0161498
0.0762956
-0.00143511
-0.0595181
0.0638031
-0.0636968
0.25381
-0.0210208
-0.00555551
0.181599
0.000217991
0.0019255
-0.00201481
-0.0130708
0.00671914
0.134765
0.482198
-0.0303927
0.0166105
0.271924
0.415356
-0.0127927
-8.43079e-06
0.21045
-0.0748703
0.0143951
-0.000883661
-0.0544924
-0.000295141
-0.00072203
0.0525829
-0.00442411
-0.00868374
-0.0288548
-1.0281e-06
0.1811
-0.000672945
0.0298446
-0.107002
8.3166e-05
-0.063479
-0.0232595
-0.0607594
0.000603774
0.0240752
0.372524
0.489959
0.670263
4.28278e-07
-0.0279135
9.51859e-05
4.96303e-05
1.68197e-05
0.000781841
-0.0012486
-0.00404519
0.28067
0.0226432
-0.00301755
0.0469162
0.0220317
0.0080996
-0.0558978
-0.0446136
0.116958
0.289376
-4.75651e-06
0.0136657
-0.0752942
-1.08781e-07
-0.0393893
0.0541721
0.237406
1.73628e-06
0.498189
-0.0300912
0.108808
0.0924171
0.00173256
0.169334
0.00266639
-0.0658657
0.62297
0.000185588
-0.0056179
0.0681754
-0.000293888
-0.0246546
5.77086e-05
-0.000687327
0.0026592
-0.0134599
-0.00284401
0.000274103
5.14222e-05
-0.012712
-0.0593262
-0.0520375
0.151707
0.0684394
-0.0085916
0.564109
0.0183275
0.530181
-0.0182341
0.593066
0.517774
0.537581
0.013114
-0.0101307
0.0108657
-0.00482805
0.000259515
0.236883
-0.0369933
0.00104662
0.237207
0.629164
0.168976
0.10077
-0.0609905
-0.017895
-0.009602
-0.0124617
-0.0374156
-0.00868478
0.510581
-0.000408715
0.713002
0.286777
-0.000730857
0.161131
-0.0371743
-0.0695023
0.175054
0.0625867
-0.00421526
0.163606
-0.015443
0.301634
-0.0119467
0.00174098
5.2474e-05
0.00753771
-0.0589141
4.06407e-06
0.00243982
-0.112999
-0.000685384
-0.0306159
2.86289e-06
7.29135e-07
-0.0715107
-2.86881e-06
-0.00579228
0.000374288
-0.0259166
-0.0246376
-0.049343
0.00928721
-0.0673125
-0.0409051
-0.104919
0.133962
0.01861
0.0159914
0.367308
0.32081
-6.79778e-05
0.189681
-0.0557104
0.573308
0.249496
0.00280987
0.294471
0.580829
7.83602e-06
0.226025
0.0112686
0.0257518
-0.0399225
-1.95175e-05
-0.102418
-0.0524214
-0.0043995
-0.000260467
8.7706e-05
0.015894
0.00112299
-0.0545395
0.0734614
-6.27558e-06
-0.0872049
-0.00461872
-0.00760482
0.00149671
-0.00605922
-0.000869111
-3.31003e-05
0.548689
0.486602
0.0644591
-0.0483297
-0.0079277
-0.00191281
-0.00031885
0.000130902
-0.00307227
0.0115328
-0.044847
-0.0384931
-0.190023
0.375904
-0.0419731
0.710953
0.000543834
-0.0338579
0.421576
0.000426538
-0.0608549
0.000104443
-0.0010921
3.71361e-06
8.62166e-05
0.171038
0.00018901
0.00153825
0.175261
0.0101906
-0.00858586
-0.013416
-0.00909336
-3.75089e-05
0.649636
-0.0513765
0.270735
0.108842
-0.00418687
0.346282
5.74195e-06
0.0603532
2.58077e-05
0.00321994
0.0107466
0.556381
-0.00101305
0.296672
0.00415356
-0.000407591
0.000104718
-0.0304511
0.369429
6.0812e-06
0.0123215
-0.000837316
-0.0655257
-0.0392271
-0.144912
-0.0147742
-0.0255351
0.0166619
0.00314427
-0.0933441
-0.11862
-0.00589248
-3.92097e-05
-3.46501e-05
0.000384051
-0.00083012
4.9327e-05
-0.0557911
0.00177143
0.00139941
0.319902
-0.00104859
-0.0426899
0.225669
2.32802e-05
0.00164513
-0.0832892
0.656722
-0.0122084
0.239547
-0.0523172
0.30911
-0.0209923
0.48157
-0.0527822
-0.059576
-0.0134906
0.535075
-0.0172504
-5.93232e-06
0.000470304
0.171352
0.0464799
0.143831
0.674905
-0.0436418
-0.0711401
0.383881
0.00110324
0.0402289
-0.00107299
-0.00423793
0.00153397
-0.00619356
-0.000221587
-0.0603686
0.164306
0.133626
-0.0112331
-3.89225e-05
-3.35436e-05
7.23298e-06
-0.00885299
0.000179087
-0.0541024
0.383414
-0.0422659
0.737742
-0.105623
-0.00192256
0.708277
-0.0217119
-0.00738612
0.00042779
-0.00109859
-0.00842542
0.702953
0.677117
-0.0276677
-0.0137473
0.000239298
0.341004
0.102085
-0.00515942
0.115024
-0.0164593
-0.0173753
-0.00867988
0.526919
0.501127
0.138271
-0.00800931
0.00116671
-0.0172027
0.0293402
-0.000829985
0.31333
-0.00117643
-0.00504013
-0.00580606
-0.0625301
0.0704183
-0.0532097
-0.00900407
0.613831
0.173215
0.116747
-0.0628203
-0.104304
-0.00740257
-3.20941e-05
0.401811
-0.00356254
-0.00403611
-0.0509489
-0.0881032
0.000128675
0.23494
0.0266493
-0.0534315
-0.112033
0.176976
-0.0390511
-0.00754934
0.01838
0.692248
0.0913101
0.477329
-0.000826346
0.0930061
0.0156386
-0.00544479
0.330181
0.00174343
0.0171053
-0.0268367
0.13698
-0.0385094
-0.0324593
-0.0518209
-0.0738374
-0.00140919
-0.0253734
0.537687
-0.0849455
-0.0336135
-0.00966666
-0.0152051
-0.0970945
0.685391
-0.00941754
-0.00779097
-0.126054
-0.00540808
-0.0137735
0.0248357
-0.00372914
0.748711
0.512362
0.0181142
0.468911
0.493113
-0.00800233
0.0154624
0.0300103
0.0813723
-0.000772664
0.00241181
-0.000244627
-0.029215
-0.0640853
-0.037877
-0.0030427
-0.166867
0.309962
0.0122828
0.450597
0.466319
0.516026
0.00014295
-0.00779366
0.53081
-0.0162698
0.643396
0.36787
0.00284062
0.585507
9.45059e-07
-0.00306962
-0.0805169
0.0237982
0.418883
0.00300718
-0.00287826
0.00272648
0.358409
-0.0220242
0.0149223
0.509742
-0.0375574
0.524454
-0.0122794
-0.051235
0.370512
0.515077
0.206484
0.250215
-0.10374
-0.0074253
-0.131809
0.000243405
0.527184
0.216095
0.290543
0.258163
0.601633
0.0158765
-0.103027
0.570632
-3.85982e-05
0.588401
0.103243
0.673967
0.641984
-3.50346e-05
-0.038727
0.487984
0.00231876
-0.00286766
1.89936e-06
-0.0513442
0.0124539
0.41428
-0.0104894
0.013316
0.11224
-0.0576208
-0.000761822
-0.0237107
0.498935
-0.0315921
0.503242
0.575823
0.403445
-0.345802
-0.161007
-0.501532
0.411963
-0.848331
-0.157837
-0.574427
-0.584737
-0.741867
-0.314748
-0.220793
-0.984005
-0.154771
-0.155641
-0.819381
-0.838274
-0.229755
0.682719
0.419446
0.677897
0.334084
-0.21296
-0.372626
-0.574406
-0.905604
-0.12856
-0.528283
0.596148
0.579684
0.832213
1.08463
0.0608155
1.50638
-0.36944
0.568837
-0.494923
-0.470477
-0.875004
0.852558
-0.13906
0.521485
0.66951
-0.185243
-0.189365
-0.726069
0.365764
-0.342685
0.312715
0.724497
0.789347
-0.586696
-0.0709345
0.86879
0.377301
-0.599249
0.262282
0.399293
-0.0813696
1.34483
-0.241357
-0.266559
-0.149376
-0.381887
-0.155923
-0.37371
1.62092
0.464813
0.716631
-0.484705
-0.0544901
1.22189
0.969013
-0.249205
-0.372179
1.20794
0.425596
0.309866
-0.653483
-0.213542
0.753888
-0.212224
0.787592
-0.791358
-0.226291
0.425967
-0.719808
-0.719021
-0.409473
-0.802126
0.0942714
0.531508
1.43649
-0.299867
-0.267677
-0.0953859
-0.509543
0.592928
1.49337
0.845417
1.09784
0.0749079
-0.355392
-0.96027
-0.116263
0.0263474
0.383711
0.888696
0.326294
-0.573423
-0.829366
-0.132848
0.313292
-0.128847
0.686695
0.685906
-0.140235
1.38862
0.489118
-0.152652
-0.526293
-0.513169
-0.651769
-0.588318
-0.667421
-0.118856
-0.359367
-0.824022
0.225253
-0.0773352
-0.190203
-0.54927
-0.0847225
0.0218958
0.993496
-0.389155
0.563592
-0.175045
0.702158
0.447352
0.954545
1.20719
-0.0718975
-0.502138
-0.22875
-0.289646
0.574333
0.000769079
-0.351436
-0.19025
-0.500618
-0.244538
-0.334248
-0.283203
0.506028
0.654146
-0.446298
-0.115718
0.201334
0.489536
-0.60046
-0.490296
-0.285368
0.780229
-0.648716
-0.657377
0.667731
0.458554
-0.786757
-0.689466
-0.549473
1.63805
-0.415893
0.504509
-0.874181
-0.500491
-0.085339
0.179073
0.13835
-0.114646
-0.531829
0.75982
0.103761
-0.330156
-0.263188
-0.46849
0.17064
-0.112735
-0.565994
-0.167847
0.579091
-0.648183
-0.070798
-0.0713825
-0.352958
0.46901
0.478882
-0.666552
0.657657
0.275069
-0.849041
0.583693
-0.180821
-0.327874
-0.598022
0.527307
0.177335
-0.138257
0.716236
-0.341318
-0.539413
0.814094
-0.321358
0.250294
-0.141923
-0.240037
0.710435
-0.0752497
-0.70016
0.352659
0.855116
-0.225329
-0.924245
0.66725
-0.141741
0.0625792
0.72793
0.618685
0.871107
0.356315
1.45232
0.184964
0.27264
1.12396
1.79804
0.116588
-0.162858
-0.313705
-0.245865
-0.67837
-0.593167
-0.266476
0.140167
0.218894
0.46509
0.580332
0.505371
-0.68604
0.496494
-0.764152
1.41979
-0.159776
-0.283645
0.0959189
0.714975
-0.142571
-0.720269
1.99042
0.463033
-0.660394
1.87323
1.21415
-0.977641
-0.596663
0.801331
-0.0418718
0.290041
-0.158877
-0.174375
0.787255
0.733362
-0.282139
0.73095
0.534232
0.478208
0.291413
0.518361
-0.780053
-0.752241
0.420895
-0.255825
-0.148885
-0.0872256
-1.08282
0.137357
-0.462509
0.645723
1.01471
-0.736181
-0.128232
-0.363475
-0.31033
-0.0771755
-0.709033
-0.108632
0.636458
-0.479729
0.507808
0.760476
1.57692
1.01292
1.26818
-0.0101955
-0.440436
0.287961
0.162979
-0.483298
-0.24854
-0.137623
-0.790798
-0.375034
-0.0749615
0.348665
-0.451753
-0.131292
-0.654985
-0.515066
-0.0985721
0.377827
-0.533494
-0.1251
-0.0569287
-0.792717
-0.636023
-0.315874
-0.760045
-0.524834
1.64474
-0.512619
0.775253
0.207791
-0.160595
2.26205
0.440282
0.692766
0.945159
-0.0786501
1.19825
-0.508862
-0.460597
-0.443914
0.731955
-0.104242
-0.269599
0.73899
0.374428
-0.747768
0.21739
-0.5858
-0.489835
-0.303559
0.99355
0.599671
-0.285676
0.395604
-0.248633
-0.118564
-0.43355
0.161076
-0.198671
-0.294887
1.43242
-0.00542611
0.495984
1.30711
-0.373845
0.50094
0.456473
-0.924943
0.529048
0.638565
1.95422
1.92296
1.89097
0.387376
0.134527
-0.115397
-0.340538
1.20203
1.32669
0.326472
-0.138799
-0.196207
0.722129
-0.244982
-0.398116
-0.617113
0.618101
-0.370194
0.101889
-0.945221
1.07685
0.396976
0.156245
0.729359
0.901099
0.43437
0.762575
-0.312611
0.217334
-0.412645
-0.463882
0.668609
0.302407
-0.562386
1.15122
0.505628
-0.14107
-0.685641
-0.772077
-0.17986
0.775155
0.903908
-0.536197
0.427697
0.0222928
1.74888
-0.725774
-0.491695
-0.322348
0.724564
-0.385393
-0.246799
-0.659037
0.419972
1.55161
-0.414744
1.03786
0.0154974
0.785392
0.532943
-0.435012
-0.356984
-0.712196
0.966829
0.328218
0.686541
0.326833
-0.410116
-0.0781768
-0.443469
0.474711
0.808752
0.71924
-0.121076
0.0786051
-0.120098
-0.133949
0.628823
0.412156
0.41519
0.0961111
-0.693916
-0.204712
-0.787137
-0.451302
-0.11571
-0.251802
0.602118
0.33374
0.683903
0.649192
-0.446617
1.07389
0.44066
0.170123
0.724773
0.470711
0.977179
1.23243
-0.048403
-0.478651
-0.188209
1.89868
0.329754
0.476792
-0.113661
0.159867
-0.105881
0.378622
-0.0731337
0.610703
0.533268
-0.160744
0.22622
-0.269938
-0.038456
-0.537603
-0.350321
-0.120851
-0.172738
-0.608158
0.42388
1.71307
-0.761257
0.530785
-0.305532
-0.564996
0.766713
-0.389633
-0.546019
-0.953766
0.531797
-0.416706
-0.628655
-0.806411
0.893936
-0.283714
-0.188929
-0.198161
-0.550006
0.344346
-0.373428
0.993927
1.61437
-0.788894
-0.0495178
-0.565466
0.664664
-0.522183
-0.0737295
-0.640383
1.04951
-0.548153
-0.855189
-0.144158
-0.73704
-0.27651
-0.560248
-0.685032
-0.513553
1.02468
1.08244
-0.0858697
-0.811069
-0.18081
-0.305233
-0.00718736
-0.311549
-0.117196
-0.135241
-0.111881
-0.740345
-0.529747
-0.653583
-0.493759
-0.164571
0.894524
0.642105
1.14875
-0.560778
-0.130469
0.38869
0.846785
0.986057
-0.712817
0.151526
-0.213185
-0.955895
1.09389
-0.657443
-0.375468
-0.77841
-0.342392
-0.510907
-0.108638
-0.383686
-0.693087
1.13346
0.638134
-0.633072
-0.647697
0.703114
1.92968
0.0714713
-0.460568
-0.594234
0.56454
-0.511996
-0.466083
-0.526742
-0.765067
-0.543481
-0.611817
-0.659948
-0.74234
-0.108468
-0.29735
-0.505674
0.45886
-0.476037
-0.736114
-0.670766
-0.113931
-0.791853
-0.646033
-0.532496
-0.117838
1.10614
0.719711
0.974882
-0.241093
-0.624845
-0.259563
-0.576728
-0.33744
-0.677499
0.401509
-0.427015
0.902073
-0.561738
-0.547266
0.653282
0.177707
0.816163
-0.210253
-0.635117
0.210196
1.01306
-0.225161
0.40711
-0.153908
1.28804
-0.347901
-0.595296
-0.220451
-0.202054
-0.751149
-0.283431
-0.683328
0.484932
0.625597
-0.719864
-0.470819
-0.684062
0.222245
-0.0838835
-0.709392
0.785925
-0.503896
-0.520796
0.632274
-0.569026
1.90806
-0.108755
-0.697277
-0.135574
-0.203939
0.0781069
-0.690483
-0.537881
-0.545533
-0.316392
0.00932269
-0.274288
1.04122
-0.616954
-0.650389
-0.652488
0.0623651
1.01625
-0.567471
0.826212
-0.630485
0.10076
-0.635306
-0.496189
1.13349
-0.562825
-0.526785
-0.12087
-0.839649
0.599474
-0.530726
1.82049
-0.097937
1.07602
-0.229197
-0.621177
-0.559644
-0.101391
0.233298
0.0476706
0.94273
0.724566
-0.122881
0.568538
0.806332
-0.581765
0.154808
-0.470402
-0.563277
-0.678115
-0.522658
-0.682481
0.418931
1.00994
0.490358
0.743374
1.59497
0.995789
1.25073
-0.0285817
-0.458816
-0.095677
0.195957
0.657675
-0.548955
0.620315
0.252694
0.764461
0.931969
0.729272
0.132513
-0.632627
-0.0935237
-0.592843
1.7574
-0.718151
-0.097301
-0.59774
-0.640649
-0.537013
1.16878
-0.106753
0.916517
0.664131
0.41243
0.438876
0.954263
0.103046
-0.320556
-0.572697
-0.744699
0.33772
-0.445008
0.393986
-0.00641812
0.313522
-0.775109
0.302774
-0.15702
-0.540633
-0.755231
-0.569488
-0.164379
1.67746
0.722662
0.072919
-0.708504
0.379593
-0.198003
-0.1765
-0.228142
0.433352
0.439897
-0.123782
0.417563
0.352945
0.266045
0.190444
-0.535996
0.359668
-0.319704
0.813398
-0.397117
-0.512296
0.390992
0.609194
-0.656263
-0.155524
0.189688
-0.671768
0.535143
0.519809
0.48736
0.684162
-0.102962
0.245799
-0.707723
-0.49681
0.386181
0.922926
-0.111923
0.221967
-0.387309
-0.372282
-0.581652
0.976046
0.59769
0.752532
-0.59244
-0.705448
0.801838
-0.212017
0.160491
-0.547198
0.749661
-0.672771
-0.542966
-0.105629
-0.116409
-0.74787
0.518788
0.770948
1.02332
1.5668
-0.430882
-0.000665371
1.26633
0.405328
0.336346
-0.529124
-0.374178
-0.601069
0.879942
0.79048
0.131012
0.735889
-0.0808105
-0.540447
-0.667547
0.483811
-0.725633
-0.593836
-0.451342
0.81021
-0.542634
0.304332
-0.794968
-0.559759
0.735064
-0.485632
0.730203
-0.545679
0.0871883
-0.592953
-0.614161
0.425676
-0.237868
0.697364
0.247137
-0.865195
0.543804
-0.522699
-0.572307
-0.135221
1.0954
0.886846
0.379237
0.439567
0.715448
0.681947
0.70258
1.22516
-0.525348
-0.135918
0.427027
0.389796
0.401113
-0.41718
-0.744343
-0.534701
0.530864
-0.262334
0.676926
0.277529
0.4648
-0.623196
0.773509
0.915419
0.828235
-0.450015
0.756388
-0.246174
-0.633354
-0.641636
-0.57321
-0.291568
-0.319281
-0.513042
-0.209192
-0.173162
-0.533655
0.808272
0.785794
-0.666168
0.693933
0.643637
0.760887
-0.257751
0.642217
-0.324373
-0.550235
-0.111548
-0.381588
-0.332862
0.448172
-0.128699
0.235118
0.699913
-0.518788
0.940339
0.46788
0.77338
0.0178795
-0.2681
0.5789
-0.0296949
-0.496584
-0.588704
-0.192209
1.03149
0.871513
-0.51066
0.749135
-0.131488
-0.0590111
-0.056648
1.53676
1.05318
-0.401049
0.0291925
1.30094
0.800801
0.548155
-0.485041
-0.568359
0.668868
-0.287566
-0.516174
-0.587427
-0.146885
-0.169103
-0.624595
-0.498851
-0.137271
-0.471813
-0.173478
-0.328446
-0.104406
1.00615
-0.494189
0.610335
-0.115589
1.28827
-0.547229
-0.0794402
0.358272
0.0989375
-0.0915892
-0.506843
-0.318638
-0.281926
-0.694203
-0.623859
-0.590255
-0.676444
0.737504
-0.0996025
-0.194881
-0.498398
-0.242632
-0.0661146
0.645923
0.648561
1.83546
-0.165016
-0.330211
-0.518879
0.250341
0.746392
-0.744182
0.200718
-0.538012
0.421823
-0.605037
-0.251201
-0.562559
-0.17268
-0.174442
0.786104
-0.27185
-0.0845618
-0.650507
-0.172981
0.695218
-0.628624
1.77541
-0.702832
-0.415264
-0.665508
-0.677821
0.740423
-0.703058
-0.569415
-0.615823
-0.106972
-0.287337
-0.311809
-0.183652
-0.406896
-0.0890331
0.819181
-0.821383
0.796957
-0.433188
-0.244001
-0.447244
-0.189357
-0.552466
-0.794177
0.382739
-0.486311
0.673589
-0.652912
-0.0956027
0.776338
0.360708
0.0978139
-0.319777
0.389355
-0.543979
-0.465149
-0.618134
0.753681
-0.188804
-0.287451
2.01293
-0.603546
-0.521212
-0.126199
-0.692281
-0.999779
-0.224911
0.79592
-0.14733
0.917359
-0.227286
-0.730234
-0.0968483
-0.600039
-0.642212
-0.0888529
-0.257071
0.58329
-0.711499
-0.762941
0.864332
-0.154987
-0.0865233
-0.50962
-0.268282
-0.547013
-0.759429
0.00110454
1.88605
-0.181741
-0.43312
-0.548109
-0.618266
0.587441
-0.710881
-0.219608
-0.100793
-0.160533
0.114773
-0.536747
-0.0940131
0.0613364
-0.158017
-0.334979
-0.138331
-0.722902
-0.836932
-0.153409
-0.220355
-0.259216
-0.280443
-0.736823
-0.200277
-0.533022
0.898828
-0.561529
-0.518022
-0.443509
-0.161958
-0.196315
-0.670282
-0.120772
-0.426841
0.136173
-0.317531
0.474573
-0.634802
-0.651749
-0.1897
0.917608
-0.552935
0.518058
-0.452138
0.639002
-0.226158
-0.286818
-0.632109
-0.074335
-0.305376
-0.141524
-0.10018
-0.559134
0.407477
0.964514
-0.428049
-0.132655
0.207227
-0.0838538
0.582239
-0.208083
-0.0511521
1.68089
0.459816
-0.131088
0.120143
0.986768
-0.137135
0.649006
-0.752923
0.280885
-0.12901
0.305186
0.21807
0.135792
1.43567
-0.294538
-0.213075
1.41124
-0.643669
-0.271534
0.159551
-0.183996
0.335198
0.249387
-0.614338
-0.173831
0.438803
1.10221
-0.203047
-0.109489
-0.406338
-0.13525
0.682844
-0.607329
0.409878
-0.0879659
-0.102558
-0.0991613
-0.126016
0.0139461
-0.105185
-0.104265
0.997204
-0.16567
1.0627
-0.189563
0.33123
-0.101118
0.709643
0.85311
0.325034
-0.15633
0.615969
-0.114963
-0.104877
-0.658801
-0.106982
-0.502398
-0.503688
-0.586891
-0.140501
-0.159696
-0.477771
-0.118594
-0.312652
-0.0956359
-0.15635
0.197424
0.251572
0.423675
-0.14686
0.833938
0.713868
0.341296
0.314844
0.121855
-0.14788
-0.423003
0.873174
0.374798
-0.0765908
0.660085
-0.626991
-0.132307
-0.0843672
-0.101383
0.534716
0.402586
-0.593155
-0.107712
-0.132564
-0.0993936
0.684319
0.565734
0.426983
1.69776
-0.197562
-0.506257
-0.102942
-0.137647
0.468354
-0.187284
0.469502
0.0963601
-0.0974141
-0.493699
0.441979
-0.0649627
-0.0830938
-0.127592
-0.110748
0.597994
0.0756488
0.765857
0.392601
0.509444
0.552333
-0.36739
-0.300909
-0.122349
-0.21985
0.586112
-0.134226
-0.125292
-0.101891
-0.12729
-0.236105
0.66757
-0.0962989
0.454082
-0.118779
0.386684
-0.129341
-0.102531
-0.352047
0.698802
-0.164328
-0.348804
-0.111172
-0.0985347
-0.178304
-0.584185
-0.0914594
-0.104329
0.553464
0.306231
-0.0916014
-0.632547
-0.113586
-0.111412
-0.310362
0.737506
-0.220568
-0.469713
-0.107603
-0.237303
-0.486345
0.705806
-0.196205
-0.0940135
-0.412041
0.905787
-0.144463
-0.0936536
0.769868
-0.47473
-0.161459
-0.791872
-0.114123
0.581267
-0.104462
-0.100882
-0.4275
0.567723
0.780524
-0.0995798
-0.142565
-0.215213
-0.182264
-0.472634
-0.0988292
-0.145507
-0.467412
0.137446
-0.0980406
0.61445
-0.0959717
0.466167
0.423433
-0.0967195
-0.125196
-0.0896789
-0.166301
-0.0110768
-0.10315
-0.105735
-0.070943
-0.108477
-0.108415
-0.0688025
-0.132209
0.574979
-0.0981513
-0.0725569
-0.0672988
-0.0741051
0.377714
-0.0847435
0.37151
-0.556253
0.254084
-0.298269
-0.22486
0.627997
0.0794317
0.445652
-0.0717592
-0.0991641
-0.0882591
-0.221003
0.428379
-0.0980968
-0.625218
-0.290352
0.358027
-0.110998
-0.258103
-0.166155
0.0439347
-0.251965
-0.0966131
-0.08957
-0.0802977
-0.0717571
0.674983
-0.60371
-0.106793
-0.0862062
-0.361823
-0.0193692
0.453358
-0.145121
-0.295491
-0.152349
-0.195721
-0.242492
-0.0643478
-0.147283
-0.0723485
-0.391963
-0.0672245
-0.0978095
0.441609
-0.0985178
-0.0948952
-0.0697816
-0.142364
0.199806
-0.507391
-0.520233
-0.0229123
-0.0963266
-0.0597751
0.142513
-0.124878
-0.0693348
0.549882
-0.107794
-0.115173
0.115371
-0.493966
-0.0964787
-0.446265
-0.558684
-0.131307
-0.499789
-0.101355
-0.113328
-0.312619
-0.11636
-0.122657
0.830409
0.908119
-0.47781
-0.294624
2.05925
-0.489834
-0.133917
-0.0795491
0.268078
-0.118281
-0.642045
0.193708
-0.0728316
-0.064592
-0.086823
-0.338883
-0.599254
-0.296252
-0.134695
1.03566
-0.119862
-0.515207
-0.552921
-0.286122
-0.100588
-0.130838
-0.514421
-0.159411
-0.615074
-0.180481
-0.211035
-0.400923
0.672053
0.564156
-0.538633
-0.690889
-0.0657277
-0.0731501
-0.0949574
-0.463104
0.521594
-0.0789105
-0.539192
-0.122836
1.09444
0.568362
-0.0634406
-0.077747
-0.0836782
-0.554987
0.964214
-0.563539
-0.0712205
-0.0797636
0.601455
0.876426
-0.0936013
-0.19311
-0.274799
-0.160587
-0.0602827
-0.151725
-0.128825
-0.256999
-0.121685
-0.0868458
-0.152608
-0.0633538
0.994713
-0.400387
-0.0819141
-0.0950144
-0.0667291
-0.142601
-0.177809
-0.412491
-0.0955525
-0.614718
-0.095188
-0.0823397
-0.102246
-0.136614
-0.571375
-0.142969
-0.218011
-0.166447
-0.0960226
-0.10192
1.47982
0.275858
-0.119174
-0.167362
1.01809
-0.326362
-0.0895844
-0.214704
-0.18187
-0.0856461
-0.101278
-0.0617814
-0.0949892
-0.494096
-0.164451
-0.107904
-0.28169
-0.10965
-0.108086
-0.579275
-0.0753412
0.865084
0.737987
-0.260392
-0.0843211
-0.140433
-0.373868
-0.170351
-0.410021
-0.186275
-0.24545
1.10588
-0.115225
-0.0935304
-0.200506
-0.0752595
1.1286
-0.158291
-0.207902
-0.688096
-0.122376
-0.0813007
-0.352393
-0.117999
1.14456
-0.697824
-0.17399
-0.138884
-0.0924721
0.632019
-0.192582
-0.667714
-0.450814
-0.130413
-0.451581
-0.0798346
-0.0923071
-0.140442
-0.0871755
0.632327
-0.0992507
-0.0734957
0.818817
0.623779
-0.149331
-0.14306
-0.0888603
0.998125
-0.0821482
-0.0822264
-0.0796569
-0.105333
-0.08305
0.898097
-0.0934699
-0.187918
0.494964
-0.0776076
-0.463761
-0.0894202
-0.0837292
-0.160669
0.769613
-0.0923333
0.0228271
-0.173309
0.660308
-0.580546
-0.0930159
-0.0192253
-0.0777411
-0.145664
-0.125552
-0.0894273
-0.496964
-0.10328
-0.0920404
-0.0857798
-0.735579
-0.0943487
-0.119548
-0.0791939
-0.133929
-0.0906586
-0.116011
-0.0970373
-0.11231
-0.202569
0.10337
0.61594
-0.08424
-0.303794
0.544699
0.6456
-0.0865971
0.880989
0.313173
0.224008
0.132336
0.336382
0.244773
0.145355
-0.205248
-0.297707
-0.284869
-0.182865
1.39813
1.43053
-0.635011
-0.612914
-0.52218
-0.532482
-0.0885757
-0.330492
-0.115708
0.623378
0.557627
-0.519376
-0.0920563
0.388011
-0.157173
-0.105255
-0.0910535
-0.278303
-0.226809
0.328436
-0.739905
-0.116996
-0.535111
0.178505
-0.127339
-0.245745
-0.0902859
-0.135758
0.163613
-0.655998
-0.0914183
-0.149001
0.886193
0.508361
0.916689
1.15802
-0.281261
-0.428024
-0.146128
-0.174954
0.252894
-0.708848
0.498956
-0.189428
-0.127794
-0.185516
-0.597015
-0.801811
-0.328612
-0.231022
-0.485755
0.299959
-0.196118
-0.272368
-0.0879293
-0.399969
-0.130402
0.448183
-0.436203
-0.14373
-0.654418
-0.202221
1.09634
-0.542266
-0.403917
-0.156276
0.334108
0.673936
0.0755162
-0.350035
0.437697
0.936123
-0.084447
-0.228438
-0.647989
-0.0845909
-0.375468
-0.217636
0.368201
-0.160478
-0.122298
-0.0869998
0.423628
-0.0611579
-0.182336
-0.168291
-0.303961
-0.47966
-0.0862156
-0.241507
-0.296136
0.450988
-0.100226
-0.10425
0.656401
-0.389255
0.683192
0.991372
0.488061
0.577537
-0.129911
0.529744
-0.727232
-0.177586
-0.298048
-0.221098
-0.199697
-0.0896585
-0.763071
0.730173
-0.197208
0.560847
-0.204049
1.25625
-0.141328
-0.0870489
-0.139808
-0.262465
0.504824
-0.463307
0.224519
0.0380621
0.729359
0.170597
0.399642
0.282164
-0.166657
0.762267
-0.150903
-0.325734
-0.23699
0.0141438
0.346794
-0.280062
-0.0818164
-0.520181
0.460453
-0.120966
0.393927
-0.0975478
0.506363
-0.189368
-0.0769881
-0.530854
-0.546686
-0.154704
-0.538204
-0.327029
-0.213124
0.277153
-0.497025
-0.43068
0.133592
1.10094
-0.17965
0.0911188
-0.143111
-0.467168
-0.206688
-0.0911742
-0.354815
0.442412
0.495014
-0.473933
0.524141
-0.177086
-0.359405
-0.237732
-0.20948
-0.16571
0.621538
-0.100236
-0.177753
0.933183
0.762292
0.51435
-0.0940751
-0.27891
-0.110465
-0.159706
0.241588
-0.182321
-0.261123
-0.0845358
-0.59197
0.156598
-0.386725
-0.615819
-0.258895
0.911176
0.38044
-0.319109
-0.71593
0.925043
-0.156347
0.268065
-0.17076
0.423589
-0.181761
-0.0823902
-0.118561
-0.577069
-0.498527
-0.439399
-0.179187
-0.0884735
-0.209099
-0.119636
-0.246948
-0.239496
0.426668
0.799001
-0.166043
0.227826
-0.761767
-0.588519
-0.55781
-0.7626
-0.419099
0.685015
-0.276237
0.293999
-0.404832
0.645115
0.521279
-0.164194
0.536275
0.776727
-0.209901
-0.653944
0.448798
0.643141
-0.188677
-0.22362
-0.207953
-0.379818
0.68572
-0.140583
-0.145895
-0.269149
-0.0813608
-0.217004
-0.109525
-0.0830517
-0.122672
0.214378
-0.0815182
0.558242
0.0464707
-0.106614
0.679718
0.934541
-0.110703
-0.442929
0.625679
-0.567922
-0.35211
-0.753503
-0.089585
-0.152006
0.58749
-0.127769
0.704588
-0.208843
-0.228247
-0.653734
0.16957
-0.0912411
-0.656349
-0.556473
-0.419341
-0.38003
-0.436638
-0.364675
-0.296946
-0.593725
-0.0792527
0.567323
-0.411424
0.626914
-0.619884
-0.261136
-0.260069
-0.678392
-0.309994
-0.593495
0.636996
-0.220898
-0.702152
0.446675
-0.709348
-0.263362
-0.282688
-0.134981
-0.255383
-0.811669
-0.265315
0.752584
0.546496
0.435917
-0.179514
0.803364
0.548149
0.464521
-0.282825
-0.269131
0.641429
-0.138991
0.518517
0.00815034
-0.743917
0.326229
0.232805
-0.533707
0.265006
-0.481656
-0.306144
-0.338334
-0.772055
0.115645
-0.367609
-0.0755881
0.504689
-0.737205
-0.759941
-0.116403
-0.557292
-0.233244
0.734828
0.263797
-0.532743
0.59568
-0.922421
-0.157182
0.477856
0.98995
-0.110369
-0.497722
-0.113045
-0.0897777
-0.238459
-0.354383
0.783349
0.254871
0.628373
0.3171
-0.2523
-0.601986
-0.412233
0.319531
-0.0888797
-0.0377977
0.88105
-0.265159
-0.283407
-0.531445
-0.80599
-0.0872851
-0.246749
-0.212726
-0.265018
-0.254185
-0.371335
0.786683
-0.279932
-0.5412
0.584315
0.534717
-0.0761787
-0.501709
0.0829787
0.518659
-0.335937
-0.421854
-0.804902
-0.645067
-0.83609
-0.118904
-0.514871
0.159552
0.82735
-0.0741481
0.512827
-0.147441
-0.193521
1.03362
-0.230889
0.8689
-0.546105
1.22893
-0.0194471
-0.147661
-0.382593
-0.297694
-0.81084
0.556944
-0.511644
-0.838302
-0.461156
0.599788
-0.713975
-0.41423
-0.541454
-0.488779
-0.358683
-0.23227
-0.233604
-0.194511
-0.484384
-0.340725
-0.853639
-0.503118
0.683879
-0.264015
-0.10585
-0.306607
-0.120315
0.758486
0.58781
-0.882999
0.967148
-0.876755
-0.173892
-0.502956
0.838245
-0.0509453
-0.209322
1.58884
0.361754
0.893915
-0.619208
-0.087776
-0.839717
-0.269985
-0.163715
-0.106268
-0.413228
-0.0680258
-0.230477
-0.247927
-0.156707
-0.254378
-0.813353
-0.459729
-0.0636388
-0.183103
0.655219
0.908002
-0.411278
0.292008
-0.397912
0.600992
-0.07421
-0.0751948
-0.123375
-0.166718
-0.251887
-0.330346
0.555657
-0.236574
-0.836267
-0.39828
1.19025
-0.0755068
1.23127
-0.329349
0.337942
-0.824574
-0.0936209
-0.561412
0.587697
0.758968
0.771362
0.493105
-0.519676
-0.450707
-0.0669579
-0.218931
-0.933566
-0.086309
0.244678
-0.624696
-0.273982
-0.187665
-0.177402
-0.22735
0.603827
-0.346795
-0.194753
-0.180178
0.830212
0.612154
-0.662611
0.389946
0.614477
-0.685508
1.04739
-0.202411
-0.476628
0.59391
0.468681
0.544636
-0.561235
0.460577
0.657378
0.502994
0.581893
0.507592
-0.618981
-0.0861984
-0.2318
-0.453255
-0.588815
0.468603
-0.723817
0.508909
0.869801
1.02867
0.59662
-0.402817
-0.0781878
-0.469289
-0.652612
-0.427798
-0.569073
0.598183
-0.524882
0.58463
0.745587
-0.799842
1.66116
-0.0775088
0.584489
0.364005
0.405006
-0.276081
0.52227
0.838154
-0.50413
-0.140908
0.348174
-0.165432
-0.738283
-0.332284
1.47081
1.36925
-0.670015
1.80807
-0.239886
-0.146332
-0.57664
0.0979972
0.873816
0.19111
1.1261
0.277714
0.37299
0.621437
-0.203334
-0.439496
0.705374
0.569267
-0.209787
-0.584837
0.612976
-0.0733328
-0.55409
-0.204414
-0.0735882
-0.268434
-0.13683
-0.463739
0.437549
0.867265
0.601978
0.705639
0.579243
-0.155244
0.757809
-0.541171
-0.456523
0.602335
-0.236816
-0.247167
-0.200748
-0.212895
0.970752
0.499802
0.725772
0.439787
0.614065
0.602352
0.862592
-0.29628
0.588465
-0.699699
0.402107
-0.397602
-0.593318
0.670174
-0.405489
-0.607263
0.799524
0.833343
-0.359757
-0.851442
0.848044
0.684085
-0.311286
1.09047
0.277981
-0.346414
-0.367885
-0.549756
-0.563587
-0.286787
0.654465
0.466368
0.46636
0.165599
-0.523079
-0.498204
-0.452518
0.296668
0.534701
-0.506836
-0.508178
0.810882
-0.519502
-0.404068
-0.150395
-0.438387
-0.359417
-0.179335
0.265335
1.5051
-0.369267
1.33933
0.0609677
1.08722
0.834944
0.582575
-0.184471
0.662769
-0.45351
0.559905
-0.32696
-0.391428
0.473441
-0.351502
-0.0839456
-0.0778472
0.636868
-0.215189
-0.152422
0.261903
0.284229
1.87108
-0.47133
1.22728
-0.207935
-0.680126
-0.39113
-0.163988
0.175329
0.403271
-0.253738
0.0197152
-0.244964
-0.405065
0.586161
-0.403412
-0.364256
0.588819
-0.599327
1.73392
-0.747872
-0.448417
0.17595
-0.0673757
-0.0693635
-0.487121
-0.884919
-0.0529591
1.00664
-0.506568
1.4241
-0.437012
0.0275935
0.867859
0.238699
0.927416
0.290645
0.541883
-0.450757
0.068755
0.32755
0.641889
0.920032
0.0892213
0.0138971
-0.229958
-0.309057
-0.482514
-0.364854
0.221236
-0.398997
-0.537633
0.573788
0.570653
0.441362
-0.372958
-0.434734
0.237995
-0.294597
-0.564454
0.395247
-0.503177
-0.516093
-0.49439
-0.252552
0.399048
-0.618524
-0.0910453
-0.568785
-0.0304609
-0.0790191
0.568424
-0.467423
0.519967
-0.133378
-0.494081
-0.497349
-0.810198
0.328185
0.720979
0.546576
-0.420695
-0.723449
-0.68131
-0.451484
-0.74462
-0.0830798
-0.0668315
-0.755276
-0.556273
-0.498861
-0.655957
0.903187
-0.084798
-0.256215
0.558843
-0.666138
-0.489036
-0.477883
0.616053
-0.239337
-0.738276
0.151866
-0.496499
-0.790361
-0.432751
0.55181
0.10986
-0.110499
-0.769844
-0.38137
0.664938
0.431858
-0.157824
-0.0642156
-0.301637
-0.18493
-0.745466
-0.160687
0.778473
0.59699
-0.520568
-0.0476441
-0.144627
-0.0269289
-0.461214
-0.115274
-0.462495
-0.384647
-0.19724
-0.377276
-0.10815
0.454404
0.347579
-0.519502
-0.0590206
-0.183251
-0.807161
-0.344169
-0.337008
-0.529387
-0.25426
-0.0871483
-0.173077
0.841962
-0.870848
-0.409866
-0.76891
-0.148054
-0.858936
-0.847526
-0.324134
0.433096
-0.508649
-0.364308
0.443007
0.552254
-0.194157
-0.304683
0.00406408
-0.235282
-0.464681
-0.459518
-0.266566
-0.452891
-0.414588
-0.252725
-0.0855779
-0.504686
-0.197291
-0.876649
-0.878515
-0.577737
0.633961
0.754382
0.48445
-0.664311
-0.0506984
-0.318339
-0.267844
-0.821958
-0.503768
0.74583
-0.420479
-0.376956
-0.0834621
-0.0576551
0.539798
-0.803536
-0.30502
-0.920029
-0.19474
-0.03168
-0.0192169
-0.480916
-0.0681208
-0.474728
0.669105
-0.170234
-0.0574356
0.4866
-0.0578671
0.72807
-0.0751841
0.473261
-0.155767
0.52514
-0.688634
0.125924
-0.181129
-0.847801
-0.407441
-0.0741899
-0.538577
-0.642529
0.661908
-0.824036
-0.555778
-0.262318
0.809648
0.244101
0.579965
-0.223617
-0.206515
-0.437441
-0.220767
0.585136
-0.114567
-0.492208
0.183551
0.234576
-0.215737
-0.245086
0.75629
-0.877687
-0.452992
-0.16164
-0.286202
-0.201295
-0.0710114
-0.242787
0.77284
0.756604
0.542012
-0.446874
-0.701663
0.870149
-0.707452
-0.568231
-0.645627
-0.788269
-0.649216
0.980959
-0.420623
-0.177526
-0.457746
1.24624
0.551996
-0.752548
0.403418
1.29505
-0.523139
-0.736834
0.619003
-0.112518
-0.535574
0.0192413
0.813394
-0.444941
-0.12979
-0.157964
-0.193584
0.186266
-0.476466
-0.548753
0.524295
0.91936
-0.431338
-0.32192
-0.446551
0.361729
0.435509
-0.766555
-0.642825
0.652851
-0.501998
1.27495
-0.533482
0.54958
-0.151964
0.436468
-0.443702
0.359698
0.714366
-0.848917
0.818115
-0.0809945
-0.434936
0.289951
-0.329871
-0.405058
-0.741232
-0.807405
0.460914
-0.480233
0.870898
-0.681215
0.145628
0.857007
-0.437181
1.30804
-0.0666921
0.823124
0.701157
-0.721541
-0.554492
-0.524398
-0.183615
-0.0491094
0.13051
-0.578415
0.508577
0.980917
-0.455076
0.548243
0.0158176
0.924003
-0.126799
-0.532625
0.79022
-0.0803116
-0.662563
-0.346442
0.559537
-0.184902
-0.566931
0.570275
-0.59785
0.451477
-0.0802061
-0.00754494
-0.556391
0.822833
-0.185285
0.372977
0.328347
-0.280962
-0.426941
1.95269
-0.373907
-0.575664
0.0330275
-0.596607
0.823047
-0.177303
0.545162
0.51045
-0.378649
-0.659922
-0.737968
0.751085
-0.221902
-0.119977
-0.175197
0.549275
-0.155441
-0.317046
-0.299903
-0.216062
1.55582
-0.0813181
-0.529797
-0.80132
-0.130387
-0.186383
0.407126
-0.152217
1.20148
-0.548681
-0.252133
-0.0746622
0.75982
1.19451
-0.322622
-0.382116
-0.575696
0.53753
-0.0786638
-0.494061
-0.48993
0.50743
-0.230979
0.460312
0.704354
0.689656
0.719163
-0.634581
-0.32745
-0.215553
0.415382
2.7108
-0.515022
1.25992
-0.376668
-0.694944
-0.208683
0.384374
-0.167149
-0.406825
2.06734
0.838643
1.94072
-0.235706
-0.390479
-0.262611
-0.521693
-1.07676
-0.650358
0.126132
-0.219741
1.47633
0.343664
-0.733764
0.47551
-0.135164
-0.304139
0.211161
0.256091
0.0909373
0.299927
-0.175734
0.514742
-0.00424807
-0.771367
-0.606044
1.40339
1.70425
-0.0437108
1.52688
0.384161
0.427866
0.167692
-0.473936
1.65698
1.86508
1.7817
1.57063
-0.434478
-0.339277
0.640464
0.604431
-0.0914701
0.680443
-0.565399
-0.967837
-0.823685
0.0397415
1.0196
0.932817
-0.691741
1.10929
-1.52219
1.18539
1.14503
1.61008
0.767205
0.980501
0.8568
0.810399
1.82476
1.2723
0.892845
0.728101
0.558067
1.74145
1.23318
1.0628
1.4437
-0.719743
-0.58051
0.399508
0.561228
0.0135864
1.83954
-0.360941
-0.495375
-0.309232
-0.350595
-0.511204
-0.579997
0.477483
-0.679117
0.347133
0.433375
1.52844
-0.249862
0.246726
1.10323
-0.530578
0.30346
0.0612876
-0.221662
0.488303
0.19506
0.516945
0.118869
-0.530444
-0.495011
0.561043
0.0842198
0.448878
0.222205
-0.0738551
-0.519645
0.195634
-0.333129
-0.174134
-0.0810221
1.23141
0.0596655
-0.192502
0.0022259
-1.0463
-0.208467
1.31782
1.34233
-0.0291717
-0.131353
0.754832
0.504636
-0.500274
-0.573373
-0.302902
-0.625364
-0.0216356
1.00536
-0.733429
0.806983
1.52406
0.497558
-0.261068
-0.285436
-0.0621307
-0.386224
-0.249561
-0.616431
-0.176727
0.726072
0.153487
-0.658767
-0.212211
0.487979
-0.452233
-0.352311
-0.547818
-0.127705
-0.0745635
1.46652
-0.606654
0.683712
-0.170063
-0.0759027
0.451623
0.761808
-0.27136
-0.42479
-0.176263
-0.0800574
-0.396739
0.093676
-0.477871
-0.565249
-0.220978
-0.171713
0.474636
-0.307754
-0.354284
0.527815
-0.412527
-0.449741
-0.142801
1.02455
-0.2948
-0.807861
0.816753
0.98591
-0.184768
-0.865472
0.265654
-0.567388
0.927258
1.29208
-0.429593
1.09054
0.902112
0.415989
0.108344
0.206373
-0.185254
-0.0792741
-0.0727956
-0.445973
-0.51025
-0.177942
-0.765667
0.715371
-0.285343
-0.236797
0.774206
0.726207
-0.572447
-0.0737474
-0.16809
0.408494
0.655154
-0.110731
-0.540948
1.16084
0.907534
-0.705788
-0.260526
-0.246049
0.573606
-0.540855
0.534509
0.616074
-0.10809
1.29163
-0.485619
-0.188405
-0.429346
-0.146331
-0.385056
-0.222575
0.611811
0.313251
-0.120549
-0.079863
0.397055
-0.268732
-0.389267
-0.22728
1.75666
0.029872
0.867048
1.34157
-0.649823
-0.135225
-0.122733
-0.51214
-0.432739
0.0368773
-0.370523
0.192337
-0.486884
-0.37097
0.929885
-0.487809
-0.152274
-0.720733
-0.0795929
-0.1856
0.252222
-0.787359
0.915637
-0.441063
-0.669502
0.687514
0.227713
-0.520831
-0.205546
-0.472915
-0.509991
0.510901
-0.732027
-0.824364
-0.320711
-0.540042
-0.431149
0.0591136
-0.497129
-0.717033
-0.441576
-0.422793
-0.0038268
-0.170174
0.790686
-0.18592
-0.315881
1.19488
0.666467
-0.068971
-0.20117
1.3494
0.511653
-0.13956
-0.164035
1.40152
-0.832029
0.894885
0.0919963
-0.176329
-0.493569
0.266231
-0.613141
0.63276
-0.0776508
-0.454155
-0.741189
-0.34568
-0.418395
-0.068395
0.81682
0.473116
0.148972
-0.568915
1.15987
-0.807945
-0.526817
-0.801762
1.03173
-1.06895
0.33496
1.79653
-0.829412
-0.533706
-0.556704
-0.456996
-0.43445
-0.785613
-0.4784
0.772816
-0.0594302
-0.198961
0.944628
0.75778
-0.0774632
-0.0790479
1.51389
-0.535304
0.0104818
0.631573
-0.402062
-0.153158
-0.537072
-0.599001
0.698468
-0.499849
0.392102
-0.653684
-0.358441
-0.273132
-0.421147
0.801356
0.0232705
-0.350233
-0.348927
0.384518
-0.488004
-0.427304
0.843788
-0.196848
-0.437153
-0.570527
-0.861987
0.412578
0.827823
-0.243345
-0.347616
-0.689426
0.793417
-0.358709
-0.329171
-0.968048
-0.324046
0.517047
0.483148
-0.598855
-0.39893
0.247913
-0.57269
-0.118926
-0.0678667
0.742361
-0.13658
1.35879
-0.530873
-0.30102
0.479517
-0.06826
-0.445535
-0.369805
-0.78333
0.818501
0.355114
0.831839
0.395634
-0.807739
-0.569723
0.459564
0.73994
0.409447
-0.591148
0.471123
-0.397509
-0.124392
-0.629004
0.386403
-0.360388
-0.835016
0.267212
0.451216
-0.538697
-0.716338
1.12189
-0.487631
0.747318
0.473629
0.333942
-0.890896
0.44121
-0.0768053
0.49721
0.0815363
-0.369031
-0.85063
-0.265322
0.4784
-0.0811364
0.546412
-0.076722
0.881416
0.922918
-0.151868
0.499887
-0.200826
0.576055
0.56629
-0.347025
-0.156255
-0.249751
0.318642
0.84655
-0.275776
-0.358206
-0.425949
0.0368825
-1.35671
0.238786
-0.0696244
0.360478
-0.0638645
-0.161859
-0.654145
-0.504495
0.352506
-0.10726
0.918298
-0.0588774
1.0808
-0.00905979
-0.684886
0.440635
-0.243295
0.807617
2.21548
0.479553
0.466215
0.198777
1.43583
0.640797
2.00037
1.89274
-0.287835
0.14244
-0.192987
-0.404647
-0.244372
-0.37795
-1.20704
-0.623324
0.359124
0.274251
-0.528109
-0.510956
0.438539
0.32653
0.23783
-0.713662
0.114126
0.492578
-0.316094
1.66709
1.54091
0.186078
-0.160187
0.544182
1.51472
-0.0978665
-0.0807394
-0.809568
-0.456893
-0.675893
0.0522831
0.421449
0.0255698
-0.0266704
-1.00899
-0.749105
1.86048
1.45326
1.75507
1.59297
0.620364
1.64636
0.673137
-0.59042
1.7303
0.691402
1.04895
1.79771
0.796541
1.17766
0.943783
0.925506
1.12524
1.42846
0.997367
0.570666
0.823022
0.872737
1.1966
1.25075
0.744974
1.07541
-0.147673
1.22444
-0.808858
-0.18453
0.863842
-0.677698
-0.19741
-0.685773
-0.171086
-0.118745
-0.551153
-0.0768981
-0.58787
-0.257178
-0.0763289
-1.1137
-0.505802
-0.66899
-0.121966
-0.170716
-0.654139
-0.252967
0.189302
-0.237325
-0.242336
-0.668365
0.0893592
0.447079
-0.142813
-0.610941
-0.544908
-0.47028
-0.0837262
-0.468459
0.656357
-0.79107
0.777775
-0.298056
-0.6138
0.777031
-0.138517
-0.355463
-0.462693
0.298539
0.797048
0.0425949
-0.834304
0.348309
0.372298
1.37469
-0.118753
-0.653253
1.75362
-0.724672
-0.899799
0.835198
-0.190843
0.479483
0.608236
-0.523018
-0.150971
-0.691585
1.84231
-0.231844
-0.643755
-0.507502
-0.780241
0.865817
0.351642
-0.797233
-0.914585
-0.92019
-0.539443
-0.743693
-0.51548
0.629001
-0.173327
-0.727656
-0.623876
1.43207
-0.285549
-0.193331
0.144939
0.238996
0.326028
1.47536
0.615401
0.295604
-0.905619
-0.757316
-0.3478
0.745719
-0.613238
0.197057
-0.619594
0.386013
0.761186
-0.213432
0.495053
-0.216343
-0.836359
-0.487158
-0.542913
1.15356
-0.0656179
0.0626243
-0.20127
-0.150813
-0.699759
-0.0763374
-0.49884
1.14616
0.516398
0.836455
-0.56418
0.0357475
-0.582483
0.501603
0.486271
-0.289138
-0.143044
-0.0807584
0.103212
-0.522151
0.0899617
-0.846125
0.498841
-0.903201
-0.458193
-0.484176
-0.817392
-0.512417
-0.414268
-0.0824853
-0.457815
0.429502
1.60183
-0.577595
-0.508672
-0.514398
-0.623412
-0.0762843
-0.544867
0.0619259
-0.198222
-0.548349
-0.833421
-0.694842
-0.724824
1.65249
0.716127
1.05336
-0.249852
1.68445
-0.131155
-0.194204
-0.710415
1.7582
-0.548493
-0.625354
0.31018
-0.685451
0.057391
-0.159632
0.0929353
0.41387
0.108371
-0.402533
-0.068487
-0.730325
-0.766408
-0.509771
-0.489404
0.338333
1.78466
0.0631018
1.67988
-0.523438
-0.327921
0.00691124
-0.901496
-0.307008
0.0694567
0.0277894
-0.604276
)
;

boundaryField
{
    frontAndBack
    {
        type            empty;
    }
    bottom
    {
        type            zeroGradient;
    }
    inlet
    {
        type            zeroGradient;
    }
    top
    {
        type            zeroGradient;
    }
    outlet
    {
        type            fixedValue;
        value           uniform 0;
    }
    car
    {
        type            zeroGradient;
    }
}


// ************************************************************************* //
