/*--------------------------------*- C++ -*----------------------------------*\
  =========                 |
  \\      /  F ield         | OpenFOAM: The Open Source CFD Toolbox
   \\    /   O peration     | Website:  https://openfoam.org
    \\  /    A nd           | Version:  7
     \\/     M anipulation  |
\*---------------------------------------------------------------------------*/
FoamFile
{
    version     2.0;
    format      ascii;
    class       surfaceScalarField;
    location    "2";
    object      phi;
}
// * * * * * * * * * * * * * * * * * * * * * * * * * * * * * * * * * * * * * //

dimensions      [0 3 -1 0 0 0 0];

internalField   nonuniform List<scalar> 
11265
(
159.9
-513.72
353.82
-733.23
-11.1934
744.423
408.453
-376.94
-31.5129
619.639
285.684
-905.323
1511.42
-1069.48
-441.94
1216.3
-1527.15
310.843
-67.8737
480.55
-412.677
168.51
-843.597
675.087
962.214
-1610.89
648.672
-1750.72
1657.01
93.7065
-542.947
1759.25
-1139.08
1933.04
-793.962
610.33
181.072
-791.402
-23.6149
-1305.59
1329.21
218.003
-1968.72
1025.57
-379.535
-646.035
-175.347
335.247
488.016
190.729
-678.745
1156.86
-1311.55
154.692
-294.033
378.023
-83.9898
990.978
-1299.83
308.856
1221.41
798.522
-2019.93
69.9713
-1628.77
1558.8
-455.225
-1183.23
1638.46
479.803
182.132
-661.935
-203.233
-310.486
498.544
1012.88
1635.41
-1791.08
155.669
-79.7853
-1695.71
1775.5
-1557.62
646.743
910.88
-303.918
654.847
-350.929
-194.476
-145.835
340.311
1275.32
-1205.35
355.098
-1407.58
1052.49
-1754.37
1754.37
101.164
1519.25
-1620.42
-1073.68
-483.939
640.324
-708.197
-381.277
941.394
-560.117
1332.05
-1317.41
-14.6315
-1100.63
719.354
631.285
394.285
-365.353
-59.739
425.092
-431.396
724.295
-292.899
-1618.57
1618.57
1253.62
-1437.92
184.306
-488.032
1709.44
1257.84
-316.441
1660.77
-1161.29
-499.489
96.1266
-390.16
2063.17
-1133.21
-929.953
1799.74
-164.331
459.594
156.249
-615.844
-442.828
962.76
-519.931
-1160.25
1261.41
-569.907
972.323
-402.415
405.083
751.78
662.24
-493.73
-438.419
600.142
-161.722
1190.79
-835.689
2308.17
-1080.64
-1227.52
1162.66
-2005.89
843.229
-1590.26
1566.64
440.883
-1579.96
-759.384
1251.06
-491.675
-674.6
370.682
1661.5
-699.288
-1106.93
-870.889
1977.81
664.768
-329.958
-334.811
689.264
568.571
-258.201
1511.82
127
-326.5
199.5
-285.06
764.863
-336.61
570.153
-233.543
-324.805
812.821
-318.242
-155.377
473.619
328.457
79.996
1442.4
-451.422
-952.592
461.741
490.851
289.707
85.4723
-375.179
951.855
-341.524
-1701.56
660.204
1041.36
10.3879
-841.695
831.307
-285.134
601.232
-316.098
155.861
-1093.76
937.9
1052.31
-1067.82
15.5134
373.008
520.42
-893.429
-245.684
705.278
-1104.43
-481.725
1586.15
-679.269
952.288
-273.02
1361.53
-1441.31
-583.963
237.085
346.877
-470.181
-1011.62
1481.8
-541.771
-790.227
1332
577.161
-997.519
420.358
-268.251
-319.245
587.496
413.87
-286.871
-1029.03
586.198
955.298
-799.437
-110.264
944.25
-833.986
-216.246
426.132
-209.886
-621.191
-331.401
-386.745
963.906
1856.39
-1856.39
-457.323
-126.639
-959.512
1551.09
-591.578
487.792
-923.816
436.024
-925.278
355.37
-941.914
-1058.08
-1478.89
347.583
1131.31
-292.696
912.335
-287.615
599.585
-311.97
-1941.91
999.995
-1127.32
-351.574
536.288
-1495.8
1728.54
-1725.33
-3.20419
216.359
-580.576
364.216
-1448.15
975.233
472.918
297.597
206.702
-504.299
314.266
-650.876
248.509
-426.755
178.246
2015.05
-856.052
-1159
-536.885
171.532
620.055
829.154
-1449.21
-185.685
434.194
430.857
877.529
-1308.39
-912.621
398.133
514.489
-1041.76
1446.85
-1069.07
309.683
756.94
-102.093
496.662
-286.111
-210.551
978.958
-517.217
593.235
-1404.11
810.87
-1342.52
238.098
-552.36
267.227
-1186.3
893.604
1943.03
-994.609
-948.422
276.806
1579.58
-2089.32
891.52
1197.8
373.438
-29.9903
-343.448
-224.87
486.068
-261.198
-125.01
-368.437
493.448
-473.41
155.168
345.283
-129.271
617.063
399.396
393.9
-793.296
-2033.27
1104.92
928.348
461.573
-538.162
76.5885
225.79
-368.571
142.782
1024.26
990.787
1770.32
-251.066
670.439
-433.353
797.999
-1390.62
592.623
311.193
353.575
1039.66
-1029.27
-508.9
-223.926
732.826
486.55
-142.84
-343.709
799.261
-618.189
568.328
-733.191
164.863
503.329
1157.45
-1239.99
698.218
1053.14
-1508.37
-3.1434
-1439.43
1442.57
323.699
826.679
-1150.38
624.259
270.002
-894.261
-2272.56
1135.55
1137.01
-1113.31
-1159.25
204.351
363.977
958.405
-634.707
879.955
-899.647
19.6923
-2099.37
992.449
-230.822
-192.597
423.419
-41.5143
1770.05
-808.276
75.0465
-1024.3
-1065.02
-231.476
457.266
-619.165
161.842
-241.606
-445.448
687.054
1104.1
-1574.28
783.374
-1374.7
591.326
700.709
-415.025
1947.9
-1444.57
-378.29
-1376.08
80.8186
399.732
-519.183
507.989
-5.95109
-549.138
555.089
573.211
-275.613
-609.835
283.318
326.517
774.8
-375.403
33.5427
339.895
1188.47
-1191.62
188.981
224.89
413.442
-655.048
620.691
-1007.44
-2026.67
2026.67
-238.122
-463.147
701.268
699.574
405.897
-1105.47
579.943
176.997
385.817
388.983
-2199.74
1328.85
-927.339
-677.821
1605.16
-500.651
-685.65
-284.645
560.365
-275.719
829.394
-184.712
-644.682
-409.262
625.622
378.384
-665.999
-321.409
-134.149
455.558
-1318.72
-472.356
609.944
-1110.6
-374.161
-1244.41
844.311
1463.85
301.491
-925.93
624.439
967.377
-336.093
1391.61
-798.377
450.372
-261.392
-332.678
-875.495
561.963
313.533
-320.494
-555.001
301.002
-426.012
-211.335
-153.918
365.253
-392.717
1092.29
436.35
-245.622
-401.931
1336.72
-165.026
-1171.69
-456.39
248.378
208.011
249.431
240.734
-490.165
22.748
-755.939
592.029
-1728.96
1136.93
1479.14
-859.087
-1051.77
-396.385
-1058.61
572.77
485.844
1366.86
-391.631
929.919
-1411.64
-163.204
-204.023
367.226
-470.589
583.443
-1625.21
428.009
904.037
250.99
332.921
-583.911
568.086
1186.28
1105.84
-719
-386.842
415.601
-227.481
-188.121
-1419.49
443.977
739.672
-1183.65
1473.53
-543.608
-506.959
924.609
-417.65
426.136
1186.17
-1612.31
47.2914
-726.56
-141.097
430.804
212.193
-406.669
522.566
456.392
-621.245
59.1674
562.077
1024.55
-1307.69
283.133
657.53
-271.713
468.165
-1447.29
979.12
416.398
1684.57
-521.91
905.925
1037.11
-664.812
-1684.35
757.008
565.702
382.324
-948.026
451.597
78.6049
1749.79
-1828.39
1443.82
-379.491
-1064.33
1699.05
-1740.57
-369.35
-497.321
711.136
-213.815
-502.594
192.027
294.523
-373.26
-1226.05
214.428
-764.517
-639.588
-661.986
1003.6
-341.614
-654.809
644.933
9.87545
655.212
-923.895
268.683
-737.499
367.485
370.013
-649.784
-692.784
365.087
327.698
-932.467
1400.63
-404.893
879.385
-474.493
-2205.3
5.5584
189.427
-542.757
353.33
138.64
1198.08
-66.5815
-552.584
164.477
-602.896
1487.35
-703.975
366.314
-466.689
100.374
-568.154
568.154
1223.1
395.471
1777.66
-1229.73
588.691
641.043
851.791
-52.5298
1290.79
772.374
-539.49
1337.49
295.569
305.663
285.866
-783.186
213.861
-645.257
235.078
-449.658
214.58
-233.237
580.846
-347.609
129.574
-362.811
-592.434
-564.525
1156.96
-370.557
493.957
-123.4
-1192.16
2032.05
-839.887
1291.16
-332.75
-405.497
137.246
-1982.05
798.822
1514.55
-846.197
-668.351
1986.9
-877.391
-1109.51
713.156
578
-241.82
476.898
-685.118
1132.11
-446.997
-770.721
1201.58
551.355
924.755
-1724.41
799.66
-550.977
-45.4249
596.402
259.004
237.658
419.561
-106.363
-313.198
897.165
-83.4185
-813.747
887.403
-539.314
-348.089
1576.25
-472.151
884.543
-1623.55
739.004
1068.5
879.399
752.442
-449.698
-302.744
-1059.14
-258.276
549.968
583.927
-1133.9
-459.601
458.061
1.5393
582.229
-352.574
-229.655
-978.614
573.721
597.643
881.499
-441.873
1097.09
1397.04
-764.448
-632.589
403.047
-927.925
524.878
-995.545
374.354
529.169
-1036.13
412.616
-468.468
55.8522
436.881
287.414
-519.494
-48.6602
-794.952
-875.165
1670.12
202.225
213.377
-219.974
424.325
-21.4005
-526.924
548.325
484.757
862.972
-1347.73
-524.879
313.544
986.197
-89.0315
837.003
-1065.38
228.377
377.539
847.297
-1386.79
-433.57
827.47
1974.11
-1280.82
-693.284
270.359
609.597
256.135
796.176
68.3485
-953.171
884.822
1673.76
-1089.14
-584.629
-137.713
1887.5
-1866.01
-160.665
484.119
-622.314
138.195
-1016.68
525.61
491.069
-1730.48
538.32
-956.114
845.85
392.517
207.624
585.132
-283.64
-428.646
714.331
253.047
74.6329
713.452
-788.085
-1143.95
-886.689
2030.64
-537.295
1079.75
-542.45
-437.138
-340.767
109.945
-1652.17
857.221
-881.651
-583.536
1465.19
-333.139
-295.745
628.883
370.059
-649.977
279.918
224.491
-599.894
284.622
220.122
-504.744
324.321
-608.966
623.911
-253.852
315.844
-471.221
672.853
422.483
-173.052
-379.2
-313.584
1210.47
-2.95242
-1207.51
1040.73
-420.035
561.658
410.664
-1782.41
869.837
912.572
497.229
535.044
-1032.27
-537.209
204.07
-261.641
1179.9
-918.259
-1590.93
1212.64
504.718
-1097.15
389.865
-23.5512
440.099
277.34
-717.439
376.103
-621.787
-26.5058
753.242
-726.736
-526.718
796.719
368.22
323.553
528.238
656.619
72.2686
-402.405
330.136
1059.44
-645.575
-413.865
493.994
-1664.27
1170.28
-1140.52
1753.26
-612.739
1715.78
-1123.75
-335.946
619.264
-1185.99
1254.34
425.571
-794.327
1590.55
-796.226
-223.584
-232.805
-892.91
1467.99
1809.33
-611.914
-1197.42
-404.857
641.199
-1303.18
-124.817
-40.631
460.192
-671.739
-354.17
-1236.76
-230.242
454.733
904.477
-562.28
193.843
-1674.37
-71.1241
1745.5
-1045.23
507.933
573.169
-1178.46
605.289
901.193
908.136
630.952
620.107
669.945
254.664
-1126.31
441.194
-408.015
402.064
626.05
-516.578
258.278
-736.544
478.266
673.568
-362.375
-330.144
184.309
-569.031
213.367
355.664
-889.472
-734.075
1087.67
-2145.75
402.256
-687.316
-343.041
-724.784
829.862
567.175
-353.702
293.963
367.318
208.306
659.576
-867.882
538.319
593.796
-493.666
172.257
375.621
-613.743
-1051.58
-841.003
1892.58
-1785.56
156.786
1107.57
-1369.21
1159.75
-737.542
-422.208
-502.933
1350.23
-1495.6
627.853
867.751
-289.005
-211.334
500.339
1428.37
558.529
299.338
-433.488
-489.605
-559.819
1049.42
-413.63
603.057
1581.65
-1127.79
-453.86
-771.974
308.828
655.137
404.302
-1623.43
416.146
1207.28
-210.623
495.245
798.064
783.583
176.454
-655.646
479.191
213.012
213.12
-301.243
-109.635
410.877
439.546
42.293
-481.839
-1627.47
575.708
-1599.86
1661.68
-61.8137
7.74267
-1607.6
1069.66
743.358
-303.259
-799.923
-195.621
-1134.58
-240.122
-312.47
688.574
-1812.09
-618.429
1202.36
202.895
759.865
-1327.65
-678.237
-464.996
605.635
-354.645
-1013.29
1350.74
-1932.73
581.997
645.315
1287.72
489.382
-3.31436
717.001
695.106
-1412.11
-643.545
344.636
298.909
443.621
-100.059
-343.563
161.998
260.122
179.256
-439.377
-569.115
1134.82
474.1
-583.001
-463.461
-402.049
865.511
-334.41
171.206
-463.359
176.489
-308.298
-708.381
552.788
-109.167
-565.509
968.556
582.312
-271.081
-311.231
458.273
-783.078
-642.561
415.48
-1129.44
-826.722
1174.3
-569.77
460.909
271.917
-446.217
116.259
1030.46
-317.864
595.638
-277.774
-509.044
1578.71
-677.301
230.25
383.997
-614.247
192.381
481.363
-3.58366
-477.779
-247.893
-215.467
1005.39
1109
564.761
-855.743
924.783
-69.0398
-458.512
169.507
-728.241
282.793
-598.497
340.306
333.263
806.318
-1225.93
419.613
779.129
-805.635
-949.037
-550.373
1499.41
-140.943
473.864
-494.827
208.716
1301.4
746.56
-570.105
1307.87
-697.927
488.393
-684.604
-419.727
-425.496
-378.936
804.432
504.844
-846.369
-436.135
59.4636
376.671
-331.233
572.366
732.367
-330.11
-253.542
-176.796
430.338
-492.732
156.67
336.062
1454.36
78.9752
-1533.33
-746.695
1344.34
-1144.75
-466.14
543.809
-159.812
1148.26
-369.129
1083.55
492.695
686.239
-400.373
-885.332
-522.252
-1328.53
-31.9564
984.747
-952.791
608.777
313.687
-922.464
-299.596
-237.289
-681.306
405.507
1621.17
-163.197
352.258
357.857
-710.116
-1839.81
-2106.67
1519.13
587.533
-2037.62
341.906
346.264
547.571
-893.835
-460.14
1021.8
-378.129
-682.243
1060.37
-2030.51
1391.2
639.307
609.291
-987.42
51.3325
361.284
387.325
208.439
241.933
340.42
955.555
861.258
684.092
-329.382
-354.71
-298.07
626.658
-328.588
577.118
528.724
566.041
515.159
-1081.2
-796.331
-699.272
754.059
394.199
-426.655
706.573
-1193.44
1609.59
403.006
-1085.25
-302.409
522.531
-1387.58
866.07
521.511
-723.306
-363.177
-790.753
364.71
426.043
446.908
719.007
-1165.92
1063.65
-566.419
-380.887
641.433
-260.546
256.008
326.304
-470.073
-432.105
902.178
-247.636
547.381
-932.698
385.318
-465.712
600.6
-1681.24
423.633
671.75
-1095.38
521.096
78.4884
113.405
-2212.78
539.667
-78.7583
1443.38
1777.09
-217.555
-1559.53
-438.359
1789.1
-1986.74
1194.39
792.351
408.971
343.471
-29.9472
859.809
-1283.91
719.386
-872.122
-824.094
792.138
319.998
38.528
-358.526
232.34
188.213
-420.553
1543.88
-826.883
-1530.95
-325.432
433.847
-172.781
-261.065
397.391
367.472
218.882
386.753
-7.22104
1000.32
-993.094
399.636
251.988
-651.624
-733.97
1817.22
-1083.25
-343.293
740.684
-1209.4
-411.011
-917.678
485.573
567.705
-786.211
218.506
765.019
-383.727
-381.293
-418.021
-437.722
447.609
1067.49
1233.77
-660.601
803.922
-345.649
403.92
297.348
-263.984
-202.705
-201.178
617.576
408.153
-850.478
442.325
206.901
366.392
-573.293
-424.986
833.139
754.979
-1147.7
879.495
-73.1772
-493.982
269.007
770.652
-95.1973
1382.92
1890.49
-86.5182
334.896
-340.933
413.201
-1084.32
1077.1
618.518
376.658
388.361
40.8986
392.948
264.808
479.615
-367.78
-275.765
-565.304
-89.5048
-349.999
372.262
-22.2629
-258.993
-293.368
1011.24
-1540.75
529.51
-198.554
-178.386
-406.007
657.995
-1621.05
1591.12
-963.266
251.26
-670.987
584.302
1224.43
-1808.73
607.395
983.724
281.047
-1114.8
686.155
-310.056
-273.855
1366.14
-1437.16
816.866
620.298
395.688
-596.373
200.684
-331.123
459.221
-128.097
368.604
70.9415
1723.28
467.663
-254.651
557.602
-1704.8
1147.19
-88.9374
404.508
343.537
340.555
-448.456
-616.633
1065.09
424.721
-858.291
-641.748
903.436
570.091
-495.168
-242.331
-441.517
-408.961
-306.994
-827.585
1821.12
-1821.12
-107.107
-1582.75
1689.86
291.105
291.125
-917.557
-555.158
1472.71
-408.299
974.34
-583.616
-1043.86
685.313
373.724
-1059.04
484.405
-168.561
573.053
1220.35
-1793.41
-1046.34
2117.04
-1070.7
-371.822
-302.777
-503.128
811.956
-1744.21
1595.19
149.012
1744.21
-1597.28
-146.924
-250.513
530.39
-279.876
-537.269
1620.82
1554.05
-1965.07
1059.67
-309.925
-211.033
520.959
247.901
-550.31
-700.622
273.967
1339.8
634.312
573.746
488.754
-1062.5
288.506
397.733
875.569
500.113
-1375.68
527.085
-1016.69
1574.98
-563.738
-784.737
-381.405
-112.107
493.512
-489.796
1208.8
-742.059
336.087
369.191
339.068
260.485
-599.553
586.969
832.224
-603.846
264.081
660.702
-495.168
-341.496
-192.27
533.767
1168.63
-671.505
613.2
463.303
-1076.5
-1284.94
1284.94
-389.073
765.731
-292.34
-469.434
761.774
475.437
451.099
-926.536
384.529
-676.869
617.045
-868.082
251.037
-367.278
-499.171
1072.92
-663.808
-707.111
1370.92
-367.406
914.787
-1552.65
675.259
22.0075
-362.262
340.254
-505.06
666.902
248.332
332.514
176.524
307.881
-523.885
213.829
1868.72
-1963.92
267.139
-676.401
437.645
-818.898
381.252
-924.332
1408.56
-484.226
-429.727
-487.951
600.617
1124.23
-1724.85
-717.688
345.865
-458.432
1035.55
-763.645
1027.73
-383.649
-634.016
-473.723
687.584
542.443
-360.31
900.158
-289.995
-202.738
1599.01
-1816.57
-335.749
-596.949
-322.392
479.062
238.182
-592.827
-173.343
1051.64
-782.637
222.934
-286.538
-289.957
576.495
395.077
-865.295
470.218
-492.333
-435.439
-925.93
-318.935
525.274
-206.339
-434.207
-404.802
-300.475
-204.269
-364.943
625.428
-461.397
758.745
-1073.7
625.246
-1412.08
530.427
-27.2046
-1831.52
1858.72
569.792
-448.887
1194.67
-686.732
311.978
-311.978
668.19
-421.609
1046.09
-1629.7
-1158.73
-947.939
296.497
330.161
876.869
713.684
-478.811
-293.067
771.878
1653.96
-1681.16
-435.324
357.658
215.552
1135.49
-522.293
-943.329
1550.46
-607.134
448.638
-240.198
393.222
369.671
-762.894
518.324
476.286
-994.61
-332.535
668.622
-37.6695
1906.39
1582.38
993.175
-1697.15
727.558
-1177.52
449.957
-492.444
1368.01
838.667
-1341.6
-538.336
228.41
784.732
-402.408
556.808
-1184.68
627.873
-641.852
-1215.54
-695.618
1911.16
-205.785
521.762
-315.977
-127.509
259.697
-465.482
321.066
378.352
-699.418
-1476.25
757.641
718.605
884.174
-1434.55
828.593
-430.46
228.513
-369.61
-568.716
227.219
-636.985
-750.596
700.078
505.102
-1205.18
400.882
-204.843
-196.039
557.662
-960.077
-552.948
-442.065
724.857
-831.25
-1155.49
-1437.99
499.583
938.411
37.7286
-609.673
298.304
311.369
-1303.51
1042.89
260.625
-617.715
-455.986
-666.157
922.292
406.438
-212.003
-194.434
508.065
980.834
-1488.9
969.423
-565.384
167.775
397.609
-392.989
652.362
-385.224
-507.815
185.424
234.668
-1515.49
535.045
528.604
-716.037
210.977
168.282
-458.277
376.513
-811.952
1954.16
-1195.39
-758.766
411.708
-640.787
229.079
326.298
309.316
136.662
-445.977
-555.988
199.963
267.701
-691.664
1374.49
-682.83
424.093
448.412
-1171.72
271.397
1866.79
-1013.59
-853.192
785.518
-484.791
165.856
1402.43
-975.247
-427.181
341.321
-762.931
-616.455
1725.46
615.533
618.237
316.65
3.3482
271.475
-1138.5
1725.72
-587.225
-1763.51
820.18
1747.06
-1679.42
-67.6405
-650.857
242.842
571.988
-679.15
205.428
1402.89
-564.221
397.556
429.915
-1858.43
1420.07
496.679
-406.675
-90.0044
218.107
-518.582
-292.552
-144.586
-356.039
699.576
-585.766
204.361
598.85
554.899
-1153.75
1113.76
-1947.32
833.563
164.123
291.435
-1697.98
1660.31
322.72
-723.094
-160.517
389.03
746.328
680.341
-1426.67
1068.27
-1071.22
529.854
-1096.27
-635.74
257.975
377.765
493.946
-280.579
-592.478
-1037.22
302.507
-707.309
-912.319
190.639
172.398
228.485
366.437
299.855
-666.292
-621.65
-833.732
-978.353
494.198
-1050.19
-257.956
465.967
535.237
639.067
-281.794
-123.702
-427.713
708.76
276.49
-1194.44
572.792
1302.77
-556.443
444.398
-997.347
-390.961
134.538
362.141
1023.53
551.445
-1711.26
1604.16
1625.07
-551.684
-1073.39
1900.78
-1888.63
-12.1481
193.72
-534.653
-319.81
542.745
-758.077
-307.281
-343.576
1032.59
691.2
-1491.16
799.965
342.103
-26.194
1625.21
-1067.62
396.117
-1229.44
444.708
-59.3395
1513.7
1197.77
-470.211
-490.542
-74.8423
-233.549
735.983
-1951.53
-713.837
338.698
-534.083
195.385
192.124
-509.988
1139.89
671.516
-1811.4
-555.593
148.919
942.304
-1497.46
-210.484
678.998
-468.514
883.614
1116.39
-731.145
1346.68
583.079
-498.709
-84.3704
-350.6
1167.47
1034.95
-1981.66
946.711
-1165.89
547.465
1488.89
-585.455
-350.546
-143.119
-1237.18
576.578
1162.01
-120.652
945.966
775.214
-1721.18
-223.583
578.285
-1541.79
963.503
486.976
916.836
-1403.81
610.959
591.398
365.075
-1106.67
592.403
1101.36
1216.36
-452.494
-763.864
-1186.2
-1754.95
-9.04223
-1702.22
-192.179
-404.194
1603.8
-623.435
-980.362
-490.9
1121.85
-1314.09
638.68
675.412
-1358.93
1437.9
-1326.39
595.24
1520.59
-392.901
-527.952
177.406
-1476.02
244.71
176.382
184.761
398.318
446.581
379.432
-826.013
506.28
-939.221
901.327
-1444.93
-666.401
217.723
448.678
-1030.56
461.441
-461.999
859.555
695.923
39.8659
-496.018
180.041
-886.564
-1318.73
-719.18
353.192
365.988
409.702
-725.369
315.667
-483.708
-189.397
-710.25
714.325
1539.26
-593.292
806.37
737.514
1344.94
-844.822
-971.621
-570.166
-800.894
427.758
373.136
-1037.75
-647.208
308.123
339.085
-1433.7
-296.784
-793.726
400.985
392.741
-623.24
383.149
240.091
-653.746
268.523
412.796
489.382
390.078
443.06
480.633
384.878
597.791
-971.051
663.364
471.453
455.007
356.94
-811.946
1630.79
-1079.95
-550.843
-504.287
-279.114
-1024.4
456.29
348.142
409.645
595.32
-1004.97
-1377.31
753.873
-537.898
1143.19
343.422
-83.3003
412.168
-867.922
455.754
-1891.6
308.848
443.261
-728.62
285.359
-183.449
410.347
-226.898
-665.149
314.476
350.672
-678.594
323.884
371.307
394.425
613.58
-1021.88
754.519
659.496
-1414.02
438.775
626.313
341.294
393.798
-735.092
411.772
328.912
613.375
678.917
388.57
584.997
-1003.7
418.707
-1668.88
1201.13
467.746
1696.61
-539.169
623.111
-1147.87
524.763
-645.577
349.832
437.242
-937.053
499.811
736.419
-459.079
351.727
347.849
559.178
-894.927
649.658
-1254.03
604.374
358.13
735.495
-1225.29
770.308
509.261
-1279.57
470.787
405.576
-876.363
-501.56
-936.434
-309.095
630.161
352.739
542.964
-895.703
335.589
333.033
-502.173
1944.75
438.129
-848.607
410.477
-918.047
-806.368
-752.2
370.908
-1197.97
434.32
-1723.43
1597.28
126.144
1740.5
-1595.19
-145.31
-787.166
-598.768
270.416
328.353
-1747.06
1965.07
538.077
792.355
-1330.43
440.074
716.885
690.81
385.652
-1076.46
-77.3013
1617.16
-593.624
373.525
821.14
-653.282
328.902
324.379
-378.625
-299.129
555.136
-230.645
437.346
283.935
-671.8
387.865
269.516
-585.614
-286.406
442.43
-1034.69
592.259
538.029
1092.76
366.121
597.785
313.705
353.934
-667.64
1609.45
-918.248
1691.37
-1519.93
-171.447
-329.252
-826.125
417.164
857.74
-1068.22
-612.404
283.816
-1090.64
1628.67
-1574.83
-82.2535
1657.08
-341.988
-350.711
-370.471
534.678
600.815
-505.347
-32.8144
-550.216
513.029
-284.762
-228.267
1735.69
-1288.08
-629.884
302.767
327.117
405.442
357.268
735.023
-299.723
-399.008
-1740.5
1681.16
459.429
-1101.83
642.4
-44.6935
1648.85
571.744
476.535
-1048.28
105.096
1145.27
-1452.27
-18.6222
-1872.98
233.153
-603.476
308.806
294.67
-956.147
613.106
-900.53
470.803
-1129.3
674.404
454.901
350.559
261.012
-739.823
-330.165
1218.23
887.328
698.825
-1183.3
456.164
727.132
494.165
701.641
-1195.81
-378.998
-248.516
420.913
-962.34
438.311
524.029
21.2765
-1879.71
1080.04
-462.992
-481.778
557.65
-1378.46
820.81
-414.876
796.128
-405.365
494.146
-715.056
1720.45
421.558
-193.073
218.302
-178.241
-246.732
424.973
1895.31
-504.101
-1679.87
1052.36
-606.166
307.038
-1015.28
555.144
-314.218
544.187
905.55
-1449.74
-1104.56
438.408
-20.5224
-1943.39
1710.67
-675.725
-541.522
460.63
-1191
730.367
187.359
219.079
-284.091
765.64
702.346
839.885
820.01
-463.07
1085.74
-463.206
485.861
-199.204
-286.657
-1921.75
-715.08
-319.541
-645.375
-6.81588
652.191
474.718
-274.755
558.36
1051.09
-795.905
926.623
1244.76
-425.141
-197.302
-227.282
424.584
953.663
-888.706
-331.246
-1068.93
612.949
1550.46
-792.82
537.516
935.199
-382.376
735.091
-352.715
1130.88
-278.105
330.552
1350.01
-702.863
-225.062
448.273
-1199.02
750.745
-1005.08
-97.1937
1102.27
443.784
-957.255
513.471
160.659
732.822
483.536
746.178
-86.6014
855.229
-425.596
1183.07
-797.419
551.877
-1465.61
913.736
-1216.66
1800.97
-431.715
-1510.19
879.945
-1402.2
-284.913
-432.526
1457.42
-1520.22
786.142
1491.57
207.611
278.25
-339.533
-1723.43
-299.563
-1003.09
1561.45
-1754.59
1754.59
1554.05
-1004.64
-637.328
-321.615
368.531
605.809
-382.454
-348.659
-1389.99
897.545
1125.2
600.523
1203.12
1789.48
-1216.43
-603.045
275.513
1658.83
-1916.23
257.396
813.402
-1267.26
1545.3
-561.58
762.605
317.14
-320.737
554.287
795.942
678.09
1352.55
-219.374
-444.776
-332.203
500.052
-343.803
471.611
737.192
-279.33
-166.647
-312.095
562.409
-250.313
22.7573
-375.332
1107.54
-1720.28
-422.753
-470.631
-559.731
864.031
686.43
-1596.67
905.008
-451.48
-610.995
-512.847
1252.52
316.681
1723.58
-1702.3
-1653.96
1888.63
-1560.97
840.387
720.584
-350.253
-1792.71
917.548
582.518
820.371
-394.508
1794.15
-680.387
-417.733
679.604
410.855
-1090.46
-1097.72
444.039
753.731
-1617.22
473.153
901.342
184.186
-411.511
227.325
-1588.95
-379.772
-429.81
990.366
-664.387
1443.07
-972.004
1855.62
243.317
-552.793
504.085
-296.474
474.311
893.702
542.932
977.657
-462.529
-428.087
573.694
883.724
-1392.71
-40.9871
1564.2
-826.686
519.943
971.626
-1475.91
-1115.91
1765.94
-1244.1
-521.845
1206.27
-318.796
-887.471
-198.627
462.983
-264.355
-457.573
-251.604
439.721
-188.117
154.05
-402.566
1724.12
-1733.16
-440.211
-530.833
-903.714
453.278
-213.892
-239.387
638.085
-450.072
-379.044
-283.707
662.752
-928.115
373.114
-1167.61
676.707
427.504
-623.895
-449.362
1564.79
-851.106
530.176
-457.623
-572.294
-462.395
369.268
-359.235
-10.0324
-1085.22
398.487
-664.542
-1033.8
1698.34
-586.158
-1422.26
715.147
562.097
-1596.29
1034.2
-362.096
-488.927
131.625
538.32
-1258.66
745.813
539.202
1006.1
-2133.19
999.993
1133.19
-327.942
416.914
-391.877
-25.0372
1478.13
-353.342
449.504
1215.28
581.889
907.002
569.088
527.131
-1096.22
174.181
-420.587
-1679.42
267.158
1127.63
-602.076
518.361
1013.92
-1532.28
1092.91
-1643.75
202.651
676.844
532.28
-863.526
-1086.66
-175.866
435.795
-259.93
-587.616
-407.454
-637.01
-632.324
348.233
-1618.02
940.2
-476.584
217.011
-410.085
541.433
-308.28
-591.771
1197.37
-1261.8
924.516
337.287
-1028
-331.895
-749.808
-818.3
1682.33
-476.676
1792.92
-1579.81
-213.109
-1556.68
1018.8
537.884
-718.852
-266.048
450.52
-184.472
-578.733
383.626
279.817
-663.443
-523.65
970.314
635.368
-351.553
-1620.32
1050.55
571.735
1103.6
-1675.33
-389.801
-300.736
-364.413
-738.627
-460.973
-331.234
507.758
1558.02
-995.921
-776.145
1497.48
664.645
-306.987
725.881
1152.38
-1878.26
254.951
278.951
-486.904
-1930.22
1718.5
211.721
742.943
-474.426
-268.517
531.805
1060.9
-1592.7
369.268
-1720.84
-233.206
1752.34
-1580.73
1073.82
506.914
-1719.15
-1.6894
-521.402
416.914
1697.98
-1718.5
940.041
623.938
-1563.98
392.03
-222.599
-169.431
-390.65
-263.096
73.7666
95.6388
-361.687
-437.21
-430.872
-413.17
229.721
1510.31
378.682
-205.143
-418.097
470.613
-202.912
297.145
1510.83
999.872
-156.76
-843.112
-1104.16
1704.77
-1728.67
1064.13
-706.926
-1021.75
-1265.1
1844.99
-579.894
1155.09
-1771.08
615.987
274.655
-878.573
1675.54
43.4739
-1719.01
-491.148
-1083.13
-1724.12
-983.549
555.461
1019.68
590.186
1133.08
-1723.27
292.183
-451.995
708.087
-384.203
356.146
925.37
679.79
-371.104
-632.6
582.859
1072.62
-1655.48
-393.511
-375.949
769.461
384.148
-1660.31
1519.93
140.381
586.889
-1045.32
544.737
1083.93
-1555.74
994.163
-243.223
243.145
299.6
1900.78
382.155
-86.6297
995.871
722.754
-1718.62
-697.74
1085.41
-1557.56
173.369
-572.884
202.737
267.875
-645.673
-552.293
582.376
1034.78
-711.443
-241.215
-1368.96
677.415
691.541
-423.777
771.632
60.3048
-831.937
561.344
-137.123
1557.2
-225.811
255.479
-766.345
-1930.22
1664.65
1038.93
367.485
277.834
458.585
-930.414
-991.335
-1767.27
641.601
1693.78
514.528
-474.034
1211.23
1087.22
-424.993
1030.8
-980.547
497.488
483.059
699.785
1048.01
-1747.79
490.357
478.199
-1494.1
-748.728
29.7283
783.644
-412.737
-876.034
394.256
-537.967
-803.633
624.439
-576.69
1397.5
1055.13
198.9
236.895
-550.582
1618.55
-770.396
1524.92
-1727.84
575.218
1152.62
548.931
-885.024
-1732.48
1916.23
-183.741
1721.75
188.228
-542.277
373.677
-278.038
-481.251
1211.62
568.27
1128.34
-491.458
438.159
861.159
-466.874
-774.421
418.212
356.21
1418.36
1089.66
-518.094
1423.1
-510.743
-533.703
1044.45
-602.712
461.74
-1199.28
1691.37
1839.59
-687.207
1585.4
-645.36
-1241.87
718.225
-562.172
208.225
-400.822
462.842
-249.722
-521.766
-1246.71
1870.93
-624.22
1173.61
-550.498
1120.31
-1659.48
1684.95
-573.902
-543.5
-549.795
1720.07
-317.817
-687.992
-473.248
1223.99
-1678.64
-1860.09
613.382
290.86
-935.542
175.366
219.322
-1719.03
1204.17
514.861
1162.86
558.888
-510.455
-465.349
1192.48
175.774
234.573
588.442
1251.14
-539.17
-1238.59
1777.76
-1025.55
999.993
866.793
-204.17
-1658.83
1702.3
-510.002
1411.34
-1732.48
-363.321
19.8472
343.474
-273.669
587.853
-314.184
67.0742
494.888
783.95
-374.248
1257.54
1271.09
-413.35
854.778
-437.614
1817.38
-662.295
1586.46
-1723.58
-412.764
-727.727
316.162
411.565
-558.582
-563.093
79.726
-1138.86
-985.738
-669.216
1654.95
-943.712
-1189.48
187.708
-398.742
-649.252
705.526
1167.46
649.924
1410.41
-590.037
1636.77
1318.26
-572.449
-499.804
203.33
-503.251
1396.95
1240.36
-562.942
-999.992
895.67
50.9437
-946.614
603.458
-506.083
1403.63
1495.12
-588.113
-375.317
375.317
-589.314
1623.51
1239.85
-486.119
1134.18
-76.052
1851.55
-404.276
1489.52
-588.194
-507.663
1348.05
-654.63
1218.84
-564.213
1554.82
-591.32
740.989
568.609
-1309.6
-656.767
261.149
485.411
599.662
-1957.31
-968.053
1586.46
376.835
-376.835
-79.0148
392.544
436.05
327.957
40.6473
-338.684
890.933
-532.803
-424.69
817.234
-248.151
625.917
-438.009
1542.93
-444.336
-884.192
194.5
228.815
-423.315
601.165
1250.78
-1851.95
929.105
-458.302
-359.235
126.155
-1943
1816.84
-455.873
194.482
1181.48
-440.43
-741.048
-310.104
-565.931
-489.614
-391.877
-487.103
258.836
1158.86
-558.046
230.406
-390.975
160.569
-22.609
-107.672
1376.08
-1268.41
34.5019
-599.806
-586.322
-456.898
456.898
-1262.37
1985.12
-1344.43
-215.661
-1823.99
244.183
-1025.76
-974.241
-191.922
-1636.33
705.919
1229.32
-1924.94
375.442
308.717
-684.159
-1850.01
1234.28
615.733
-563.391
563.391
-959.389
-39.9845
-1866.01
-558.12
1650.88
-678.548
1636.18
-601.395
-169.441
-1703.54
-590.139
-449.893
-594.754
-470.442
470.442
-1537.81
194.523
1343.28
179.77
228.909
-408.679
490.955
508.917
998.574
-474.544
1751.31
768.295
-427.878
402.841
518.98
1702.05
-594.509
-552.948
1636.88
478.251
1812.69
-645.228
-1803.61
-1938.08
-646.847
-482.195
482.195
-566.68
234.477
-689.102
1020.71
-465.57
-1069.3
-279.385
1579.58
1852.31
1635.32
-1635.32
-293.919
737.907
1761.47
595.777
1275.16
179.421
212.609
565.069
597.919
1603.53
-1603.53
227.215
-349.927
-431.616
466.776
953.098
-455.61
-640.482
-1131.05
1706.27
284.657
-1644.16
600.298
-290.352
478.579
1744.64
-592.024
-218.531
-422.607
382.106
719.257
1738.57
-613.37
-511.748
-781.033
1960.53
-870.448
-1090.08
1642.83
-707.694
1223.98
-1824.94
600.952
316.69
-869.483
-186.367
-108.427
1099.2
-486.249
114.039
606.303
-1643.53
444.679
583.833
-1803.61
-583.263
1787.43
885.009
-1162.95
1760.49
-597.534
1783.84
-575.51
-1208.33
435.955
929.3
-1733.16
924.973
-1503.76
276.53
1227.23
-830.722
-1254.23
-385.214
77.5096
307.705
581.692
274.364
1021.17
-449.79
848.874
-399.084
821.921
736.247
-1558.17
643.288
1066.15
-24.3789
-664.506
688.885
-1744.21
722.468
692.286
150.601
-1122.75
1936.74
-674.538
-1262.2
-537.17
1665.51
823.629
961.181
-1784.81
1227.87
683.292
-399.092
713.568
840.754
1029.75
-585.962
1761.47
627.362
1773.56
-1185.64
-587.918
-399.538
-300.377
699.914
121.442
-1185.77
1660.57
-540.258
-1437.84
1437.84
1250.58
594.41
1351.68
206.335
-577.145
284.782
-199.31
699.017
1113.67
488.68
-312.906
-870.865
-574.069
1734.85
-1734.85
999.868
-999.868
987.327
1025.17
-2012.49
1837.94
-613.952
-581.097
810.542
-947.846
-1052.16
998.517
689.99
-1688.51
-519.494
-335.19
-652.23
-808.415
2042.69
-1246.43
-613.666
1002.97
974.848
1289.77
646.976
329.462
1012.68
241.713
334.16
1186.28
1756.86
-1756.86
672.327
80.1542
-391.385
-997.048
-539.988
1674.16
988.914
1011.09
-1833.27
-227.969
-362.171
593.024
-325.865
1849.44
-1077.85
-771.594
346.829
-47.4901
-817.095
-1662.66
1662.66
913.099
1923.73
-648.576
575.441
-479.049
1708.01
-1228.96
729.976
1837.81
1144.47
-597.004
-575.792
1144.88
-814.542
-488.208
932.943
1106.53
399.618
420.392
369.296
1223.1
-1135.39
-584.892
-644.643
-1212.59
1857.23
-94.6832
-265.669
331.388
-528.69
1250.31
991.731
775.027
-572.375
1878.04
-650.168
-381.072
660.888
1877.3
741.407
-557.221
378.28
-458.912
1448.94
-746.593
1172.24
588.244
-106.248
412.018
-305.77
-1244.41
904.066
413.752
1635.64
-710.275
1046.86
905.261
780.295
766.601
591.507
758.645
996.298
724.149
1835.78
-984.043
-851.738
539.345
-330.006
313.099
-313.099
-395.247
-678.724
294.521
833.718
373.649
361.442
1888.85
-659.532
1097.94
-14.369
-773.716
1119.06
473.283
-1140.3
1140.3
1758.02
-670.8
739.895
452.586
-202.464
900.377
-645.118
1313.31
1200.57
889.289
1143.81
540.418
1096.47
-560.855
-84.5199
-1090.72
1115.73
635.892
-1669.69
1198.05
-142.385
560.47
-418.086
199.592
-608.687
1859.47
1075.21
-1075.21
997.272
604.479
-1601.75
633.101
651.784
619.306
1115.32
768.128
-666.904
1731.03
408.585
1061.31
129.474
1563.64
525.596
714.761
-1215.26
-717.474
-527
1914.12
-1387.12
1852.19
-601.611
1513.37
-1852.26
338.889
984.378
-984.378
1772.31
-682.647
50.7881
-500.487
408.33
-648.521
1352.8
-704.276
676.566
-609.337
67.2482
535.935
604.203
-1140.14
1484.77
-745.77
1026.36
-1026.36
429.182
-338.776
338.776
333.501
1148.59
-693.212
-897.177
1590.39
1233.4
1266.32
661.054
-1927.38
-1302.99
-706.984
1422.13
1302.99
-549.283
-954.257
807.577
146.68
1154.93
-1154.93
1174.12
533.886
1202.8
-1848.03
1206.34
-1061.47
1061.47
1013.41
1035.34
820.276
586.616
-1764.16
1177.54
1092.25
-1735.44
1049.89
-588.449
-497.108
1011.64
-699.411
585.932
1291.37
1685.28
-824.895
-860.382
1048.73
-1048.73
-195.099
377.178
-182.079
-776.591
363.854
-1827.02
624.327
1202.7
-769.513
-758.063
1527.58
-333.943
-312.057
646
1123.4
1654.97
-714.774
269.397
208.853
876.602
-876.602
851.339
1678.99
-1035.7
632.929
-1278.05
1260.84
-1909.42
1132.27
-1794.57
-277.757
-400.966
1921.89
1135.99
-1135.99
1236.19
-1850.14
604.225
-604.225
434.681
-256.223
-178.458
615.361
954.575
-464.218
768.913
1765.29
-847.741
477.625
-852.896
852.896
1238.68
-1079.04
1254.71
-1868.38
1267.24
-1891.46
1125.53
1545.32
-759.179
-372.52
893.875
-1871.53
977.652
-335.746
529.589
-860.904
860.904
185.742
-465.127
1176.25
-1777.97
1190.05
-724.804
-1025.65
1750.45
526.458
-642.179
-193.747
-324.757
518.504
436.469
328.688
539.929
-344.544
636.744
1289.48
-1926.22
845.391
-845.391
1125.86
-1772.7
46.6007
-408.863
1656.59
1205.14
612.639
-1817.78
384.456
-762.676
762.676
639.365
-1851.95
1243.51
1047.08
-611.122
-523.672
523.672
1222.26
619.799
-1842.06
1160.35
-1752.37
1123.24
-1762.81
639.564
562.362
-1369.07
806.71
1237.87
621.603
-1771.13
1173.6
488.123
627.877
1229.35
-692.557
-1368.11
1773.61
728.902
-728.902
1095.14
-1734.22
639.084
-831.869
394.255
-718.393
1716.91
251.015
300.871
206.886
540.951
1224.31
436.436
-852.9
-803.587
1656.49
-1166.73
-660.295
558.32
-1530.95
-632.19
1053.91
-680.386
667.772
-667.772
1011.51
-1011.51
-605.726
897.335
-720.338
1875.96
-642.559
-207.86
179.707
192.238
-371.946
610.786
1112.24
-1723.03
1813.99
-576.125
-719.326
1895.57
1079.42
-1771.98
518.031
-345.774
-529.382
529.382
178.452
195.279
-373.731
1835.95
224.569
146.866
-371.435
-296.155
607.862
-607.862
-1215.67
1767.92
-552.253
669.59
-398.115
450.136
-220.416
216.312
154.771
-371.082
1802.69
-1817.28
-1745.3
1131.93
530.406
-350.366
193.445
180.95
-374.395
-1685.06
659.516
631.616
-631.616
562.73
537.542
-337.95
-2087.43
-1193.45
-675.731
1878.54
1134.43
-1721.66
-1230.66
622.613
1707.21
-1091.22
-1170.65
194.229
180.894
-375.123
-587.239
587.239
38.0595
680.066
1092.97
-1773.04
1131.22
1070.05
-651.341
281.054
742.984
-742.984
-1442.18
567.568
874.611
1083.44
-1677.95
1810.56
-604.219
423.846
-715.76
-1640.69
1039.29
-598.592
1796.64
266.014
570.207
-570.207
1633.16
-897.897
439.595
-715.063
715.063
-1096.95
-850.377
-422.875
185.368
191.095
-376.464
652.71
-1301.23
-484.062
-1654.11
1069.22
526.635
566.256
149.163
221.42
-370.583
-1204.1
1805.05
-608.558
-1280.4
-777.626
1599.55
280.866
518.741
-281.383
628.501
-628.501
1792.31
1497.75
316.244
-624.681
624.681
678.231
-438.14
538.565
-361.159
-210.552
479.95
-517.686
209.407
681.808
-464.085
-724.026
342.954
-1659.01
1118.75
1091.12
803.017
-538.209
1451.78
-1557.39
966.069
1003.13
-1672.35
610.87
1106.25
-1717.12
-1587.01
1023.27
621.741
-621.741
1223.55
628.761
-1123.1
1073.39
-639.074
692.939
-424.417
-1486.3
898.188
1034.12
-1627.75
-1183.3
-580.861
1957.14
-1001.91
527.367
982.36
-1627.72
-170.231
-553.795
1603.51
-17.0583
-668.71
1209.59
-1885.32
551.705
-1681.14
1101.51
-536.774
311.589
225.185
556.301
-1180.2
1845.15
-1528.76
958.591
-275.11
-237.653
512.763
235.277
-456.354
-384.376
1450.53
-745.134
-823.244
1568.38
740.636
-1839.77
1099.14
-299.701
485.443
-1922.58
1947.96
-1947.96
-1798.92
807.586
1881.1
-649.464
188.278
-420.875
-536.379
-348.834
-880.837
393.888
-588.586
1954.72
853.89
-491.349
-362.541
-1664.62
835.787
-1838.87
1034.7
731.245
1836.09
-283.547
1669.26
1787.52
-586.945
-1627.7
545.685
1082.01
870.075
-1615.21
-605.928
-667.669
-132.272
648.228
-363.571
156.053
412.101
1031.44
417.216
-1448.66
1675.31
-543.374
-562.546
1629.77
-1705.82
913.6
-475.441
-1103.35
617.101
-26.4782
-1413.54
1630.6
-524.353
-1435.35
861.276
608.739
-1679.3
1070.56
1671.4
-587.953
-1286.92
-689.754
1919.11
-1621.17
-14.151
-369.434
-1799.18
605.057
-1180.85
-1468.05
879.859
-502.171
922.994
770.642
-1693.64
992.767
-1411.23
418.461
-64.3506
-250.089
-170.464
-1361.32
356.244
246.036
-930.639
529.329
-1515.44
745.932
-1581.97
789.145
-1115.23
2009.1
49.3423
-607.246
1772.84
942.432
151.612
-1819.43
1169.96
-625.576
433.144
-445.26
1072.62
-68.6317
-1100.07
1168.7
-478.093
1219.08
816.861
-1635.16
203.205
1196.71
761.293
-1531.69
164.126
1670.46
596.338
-1514.59
929.247
-1517.83
-556.704
222.76
-1399.63
913.515
448.661
-109.628
1196.71
-578.468
398.222
-709.607
1374.34
-664.729
-363.686
551.563
-347.202
-508.146
769.295
-1372.77
808.549
-463.996
-707.721
-369.714
-462.155
1853.07
-1066.75
-656.278
-631.401
1870.08
-1268.41
453.384
-1240.14
799.715
-931.289
862.657
-1302.91
744.328
-843.874
-241.374
-718.506
285.98
-488.44
1209.7
606.562
1026.6
-6.93532
599.339
-117.776
377.472
-222.364
456.937
954.184
1065.47
183.53
-1414.27
824.236
-748.971
-1129.29
388.245
-1338.37
765.919
-1575.7
749.01
1264.17
469.52
-232.625
-732.794
1301.4
-1082.94
-651.281
469.34
-335.952
9.45207
994.363
-1119.89
125.523
648.093
-702.797
227.772
-1744.04
-745.554
286.476
-245.67
1087.23
535.171
301.159
-836.33
-595.277
-782.75
332.857
-469.844
-23.8482
1443.71
944.699
250.59
288.461
-539.051
-685.999
1787.51
-78.7946
-418.388
673.052
189.799
355.714
285.888
-595.814
1676.9
1378.87
1828.96
371.897
1079.62
-1765.62
795.443
676.887
-1472.33
-1502.51
1095.01
-1061.57
1709.66
-651.65
314.801
-791.904
-556.32
-981.886
1538.21
-1037.85
212.601
-340.698
1063.35
-1519.71
697.765
-1493.99
-822.205
551.407
270.798
-582.235
541.424
736.507
1112.94
-1668.21
1668.21
-598.798
807.003
1147.16
928.93
-1527.73
-604.809
-950.969
-421.607
-476.29
-277.045
621.682
645.011
-1403.09
-1570.11
719.003
865.691
-1623.75
636.771
741.955
742.317
-1508.66
-485.125
1390.39
-739.334
-506.073
1245.41
-1252.52
689.583
934.491
-408.881
584.817
-1303.67
-1378.87
-1337.91
611.485
726.421
-576.219
625.719
-1268.28
-681.93
747.842
-418.38
809.186
529.574
686.426
413.216
-1152.55
324.189
467.349
-791.538
-425.508
-117.248
876.426
-1591.2
1663.37
-158.61
-1053.29
-626.011
366.433
294.455
1654.69
-556.757
1476.1
-577.916
504.201
645.457
-1509.77
864.312
-1230.77
666.561
-1217.22
-490.303
1116.02
1168.66
690.142
-1196.21
738.181
-1727.32
831.564
471.207
1011.6
-470.647
-174.047
-1052.89
-255.535
429.716
-473.344
671.828
-1569.01
-1180.91
516.098
1034.98
684.695
-1175
-601.628
-1630.53
-0.640042
374.317
410.265
-902.156
1526.09
338.136
794.854
-416.575
5.70989
1574.39
881.691
-341.613
329.267
12.3452
-470.306
1238.43
565.102
-1048.36
483.258
-338.136
-21.0996
537.899
-1068.24
530.34
1179.57
-412.968
350.323
-749.415
72.5737
940.394
438.994
-219.915
-500.25
-1078.46
-1192.14
641.642
-712.813
-1590.26
-658.227
799.552
606.778
871.847
-1478.63
1037.64
-1085.28
1660.54
-621.245
-479.065
-301.396
1132.7
-300.178
365.164
-378.541
13.3771
-734.339
-592.475
-1395.23
784.232
-976.096
-625.655
-46.5342
-14.0825
-255.044
460.796
-1117.56
264.502
-279.316
14.8144
-1092.15
-588.994
-679.584
592.236
-1150.28
-196.453
363.306
-379.42
16.1144
421.97
387.216
-1097.45
-588.149
809.735
430.874
-494.574
917.526
628.24
-1545.77
886.618
217.993
866.383
-437.201
460.92
515.081
519.921
-1035
586.186
494.294
-1080.48
687.576
605.724
804.039
-1409.76
970.219
1096.95
-636.158
943.937
646.452
880.29
-39.2704
580.694
-1102.99
322.267
-339.928
17.6619
464.535
389.355
-363.24
339.965
23.275
1112.5
517.565
-1014.67
-1623.82
864.637
1419.48
-759.986
-389.497
361.526
27.9709
1097.1
-698.614
207.297
-1073.13
1712.21
318.569
-349.166
30.5973
1477.79
-597.931
334.923
-368.096
33.1725
-630.077
266.506
-390.1
348.94
41.1601
334.248
-377.824
43.5764
328.229
-373.842
45.6127
376.095
-423.238
47.1436
-431.11
391.085
40.0245
390.463
-424.962
34.4998
382.669
-409.796
27.1265
389.469
-407.322
17.853
384.087
-392.678
8.59035
-405.08
427.78
-22.7001
408.663
-378.34
-30.3238
386.636
-349.132
-37.5042
-413.439
459.389
-45.9499
-20.6392
-803.674
487.233
-146.913
752.002
-683.783
471.157
521.687
649.196
-1458.12
808.927
-594.04
-648.003
427.255
389.979
393.668
-355.331
316.73
38.6015
364.314
-752.811
388.497
128.921
1571.37
-605.304
-1292.68
214.858
-554.391
450.604
-930.311
479.706
541.714
403.369
-838.418
435.049
1686.66
-741.962
1500.09
-875.927
-1587.8
-780.734
1763.4
-672.282
487.588
-950.58
760.285
-1354.33
1112.12
1566.64
509.008
425.483
421.311
327.197
-363.066
35.8691
-894.346
463.474
-401.664
414.557
-12.8923
-754.152
-576.519
503.695
641.184
-415.684
-575.958
1645.98
-575.422
491.255
538.49
504.828
-1019.79
514.965
-1537.45
1173.76
-676.229
1669
1127.98
-603.216
-329.883
-392.625
349.32
43.3043
-291.062
424.376
550.636
-1040.25
477.018
1178.86
-551.304
-544.916
-306.741
346.607
1058.03
-365.915
-635.94
-534.714
509.87
-1060.43
550.559
1425.16
-600.927
1401.14
-500.764
503.715
-982.781
404.757
-402.637
-2.12064
176.205
-879.817
-670.612
1469.12
351.992
-813.671
490.776
-946.386
1819.66
-949.588
-713.044
292.457
546.027
589.133
656.389
-1245.52
681.453
-1431.66
750.211
1074.23
476.897
-908.513
734.35
618.447
-504.493
1417.59
-1770
1502.77
267.229
279.789
1453.23
-1018.77
1491.69
186.136
-665.64
215.568
447.976
-863.661
-647.539
-1108.32
287.581
1120.8
-176.698
1289.76
-600.182
-1600.42
1098.25
1921.06
-1110.5
-810.557
-576.779
845.396
1042.13
428.389
-827.473
-798.347
-1122.84
-647.439
-500.231
-395.329
-1343.55
-231.284
307.183
-582.948
218.578
416.715
-831.387
187.566
-605.298
858.79
-1805.88
-837.789
188.717
187.152
-375.869
-923.597
455.819
-1098.08
895.555
1018.62
407.852
1415.8
-1522.95
704.785
263.712
785.824
1378.73
569.588
-1184.4
614.812
462.272
-846.015
-891.682
1880.6
-452.95
177.84
-557.166
1122.27
212.132
620.781
692.527
-208.477
-396.917
605.394
1585.12
-1009.41
-507.724
1148.91
326.644
-278.813
-47.8307
628.171
-1242.54
-829.604
315.433
514.171
-1122.97
-1621.19
778.359
878.128
645.38
725.54
210.22
311.467
151.398
-521.809
370.412
547.975
-298.364
685.281
-1163.37
524.199
410.561
-784.809
-784.64
-625.122
20.0781
1586.63
-986.333
-815.509
969.083
1529.03
-852.308
-676.72
356.153
-694.188
338.035
-539.981
1298.63
1269.54
204.184
209.214
-1054.04
745.586
676.545
-511.104
166.56
-465.078
252.567
212.512
207.378
1469.12
388.384
-738.311
652.321
960.502
-1516.82
204.832
336.347
328.295
-664.642
1189.37
-597.136
369.25
701.615
-357.333
608.348
1282.8
469.489
-936.154
466.666
536.535
537.549
-1074.08
679.508
-1418.14
898.363
-451.498
-597.09
1679.1
-577.221
1761.72
-1184.5
-629.068
271.736
1506.53
-768.346
-353.07
889.622
294.824
-910.65
-383.649
678.104
823.535
-737.128
1277.17
435.272
-898.36
463.089
-1063.18
-756.246
-760.864
-1063.13
-975.113
-713.394
600.302
-600.302
-7.56025
-726.744
528.016
-1509.9
814.471
192.791
396.424
-756.188
359.763
655.09
873.938
-1281.9
1809.92
-872.344
1658.9
-716.464
1267.71
-848.98
466.609
-238.837
1402.08
320.573
-601.478
280.905
-1069.48
599.638
-934.898
1534.56
796.183
-132.208
-459.524
849.503
421.588
454.16
-405.735
-48.4252
-1624.38
778.362
-517.004
155.844
1614.42
-865.41
1122.97
17.335
1523.66
-643.011
-1126.95
-421.361
-552.351
-838.925
-1678.66
1052.65
505.082
-607.73
102.648
-258.695
339.514
-751.785
1837.76
7.69329
293.765
-605.822
-1523.66
-138.999
1096.05
-685.426
-410.62
-728.071
-117.32
583.578
255.112
-719.197
-591.137
1768.68
390.595
-737.177
1800.53
331.654
-839.8
268.242
306.913
-575.155
-333.196
357.841
355.727
-1377.12
-422.335
240.242
226.367
823.842
-1087.93
448.856
1074.94
-45.3068
-573.945
1157.51
-552.451
-942.028
-427.044
-469.711
-808.903
1278.61
-611.197
57.1539
259.496
-233.497
-939.819
1348.51
-408.692
-492.005
-684.527
1296.01
267.972
-523.915
255.943
618.73
1390.37
603.366
-1526.96
1155.14
-817.85
-460.537
-547.419
301.4
-320.781
19.3805
-521.047
-266.89
-17.9406
-628.094
-1197.94
736.825
461.116
-577.781
1098.08
-664.956
1391.38
-586.705
272.521
1617.51
-898.505
728.071
34.6056
-62.2182
255.156
-492.809
800.749
-512.141
911.219
626.987
1023.02
-450.247
759.297
-1370.59
674.084
-248.513
1050.36
-654.549
1154.13
-382.151
342.167
-560.559
-891.107
1597.03
751.785
1730.85
538.483
-329.076
-517.437
865.106
-500.792
838.347
620.566
377.5
-329.617
-47.8826
706.52
-1578.86
-391.37
970.198
-636.529
-833.318
-744.036
382.842
-336.402
-46.4394
-459.574
-496.274
-607.389
370.191
1072.55
-611.634
838.89
-506.033
566.346
-416.912
1306
-1670.88
684.542
-1797.52
612.593
-530.859
490.977
-837.921
346.944
238.66
-545.73
307.07
-763.864
395.672
-342.505
163.22
549.662
-272.474
-454.091
1144.23
1089.37
-668.06
-587.827
-449.921
327.241
-373.89
46.6485
-487.106
205.837
438.03
-177.809
-290.659
-303.788
749.966
-1051.36
459.888
929.162
1025.56
-416.965
371.54
333.196
484.105
1031.23
525.025
852.39
1068.67
806.486
-1450.71
644.226
460.735
-1259.2
683.246
-209.208
-255.871
141.761
-382.158
596.602
777.733
-592.643
-176.462
213.613
230.355
226.582
1635.68
-464.924
-715.272
-324.285
360.966
-36.6802
1152.75
-439.063
-713.684
440.593
-402.04
262.352
411.732
-569.996
494.229
-705.436
1122.15
192.059
648.868
1399.16
-1204.64
694.331
-370.923
160.372
-194.285
-663.554
607.13
502.314
-307.712
1101.46
-641.347
1103.62
-491.985
1176.68
731.407
-637.255
362.485
-34.0278
1509.02
-767.069
1653.62
-994.101
1370.59
-1217.6
266.89
-40.3711
602.524
-782.28
-775.888
-411.444
1243.01
-47.0822
-526.211
-264.928
-1190.75
-592.158
734.852
-268.759
894.22
-454.625
-348.202
183.441
239.978
582.366
-238.924
-265.375
1231
-589.957
-536.873
583.166
-656.724
243.361
68.6171
377.033
-332.741
-44.2921
224.786
-1067
767.535
284.256
-999.528
348.045
220.052
-568.097
626.932
-235.495
690.974
-455.48
-731.207
-378.483
-1025.33
507.489
445.409
-1150.85
-841.416
329.275
-70.9274
196.161
945.352
-14.2431
492.789
-1134.14
1778.16
-896.469
-49.5951
-20.3266
-23.2349
8.29661
615.692
-479.122
120.165
-718.662
-437.056
-623.373
-484.858
739.97
-460.245
-962.651
-1197.5
-90.5773
-429.238
724.062
904.44
-424.734
177.952
-373.051
-6.3914
779.718
800.685
437.652
-331.849
371.241
-39.3921
-467.496
-618.392
252.477
-648.856
302.292
682.209
-233.666
313.662
1144.07
26.1155
-518.943
646.282
-1593.32
947.04
284.64
200.803
-381.898
531.438
-338.647
225.937
-655.174
-421.051
201.136
-233.787
-230.639
916.794
750.805
211.719
306.785
-952.11
531.986
-46.3366
289.259
-729.469
-669.483
-969.688
812.928
-1220.64
-900.23
284.436
-504.447
165.162
-370.006
-428.286
889.917
-339.358
-487.083
689.978
68.4014
402.04
455.404
1154.34
-694.759
12.0797
-371.747
643.483
-507.102
-631.398
732.822
-441.034
1209.83
-307.005
295.716
11.2887
1779.08
869.215
514.639
-310.455
862.708
-1428.1
-1840.31
856.265
733.926
-346.124
1603.51
517.304
129.695
-154.493
-185.495
339.988
1695.67
699.346
-1364.07
1686.45
-732.266
1036.81
-42.4492
1216.89
11.9198
288.912
-696.366
-248.452
-349.987
272.15
-768.425
1020.04
503.891
193.578
-623.388
-701.252
-130.664
1189.73
-246.453
-283.108
-185.818
-156.381
342.199
-1032.4
-229.619
-689.784
-595.843
-1288.13
507.092
-558.639
-1236.77
1089.85
739.459
-349.077
-73.5301
359.907
-317.902
-42.0049
1769.86
-491.475
136.091
-368.716
-86.7951
-424.132
934.636
-625.781
471.132
529.226
-608.414
-47.2317
305.14
-101.523
286.876
167.784
209.394
-1154.34
-412.101
-190.22
-155.358
345.578
-757.679
-805.003
-379.397
-73.9378
-895.75
-1103.79
-1464.13
-535.885
-1464.13
1466.58
533.418
1466.58
349.987
-323.97
108.503
1034.72
724.531
1262.93
-1113.91
-466.946
-836.723
-440.719
-842.104
-233.345
661.532
-383.909
305.151
-1751.96
-451.826
2.20517
-367.597
738.279
-579.83
418.511
-654.005
-472.062
634.467
-414.415
-1114.33
-725.443
649.793
-1687.64
-773.267
-684.856
1679.58
-507.588
242.213
1056.46
-563.505
-101.001
-109.041
-1446.28
566.461
1565.94
394.7
-1419.43
-437.012
-1398.39
265.843
-1021.08
458.748
445.692
1009.55
-863.488
-154.059
-204.032
358.092
-1292.68
-334.01
448.045
-229.467
-790.749
-408.532
-591.195
1486.75
689.516
343.208
-751.366
443.068
1099.49
-691.643
-824.696
-616.212
233.758
-640.91
-35.9586
-480.751
1229.81
-873.568
1459.14
-382.04
-373.482
722.135
-405.454
-896.617
-846.306
-426.418
503.007
-332.166
-160.881
493.047
145.762
400.88
-448.177
1409.36
1572.88
-603.792
-611.023
1146.96
-970.038
256.869
-313.969
-416.577
1100.17
-523.102
-226.313
947.22
-435.822
-161.227
375.807
757.679
-1342.4
-18.8521
-465.21
-268.31
268.31
-333.188
-422.999
931.748
-613.476
1296.72
-426.333
-509.494
-1585.98
802.429
-332.211
-370.747
-1193.95
1176.97
-562.154
188.227
418.928
-895.218
-724.333
241.612
498.378
-285.867
-630.853
-473.681
-204.027
-166.291
370.318
-819.727
-162.398
-204.067
366.465
-206.072
-156.297
362.369
-285.096
35.8339
925.111
-1508.65
382.626
-190.387
209.493
-983.208
1045.88
-499.851
-693.74
-377.047
1070.79
941.287
-212.267
-161.499
373.766
-404.264
416.184
1342.33
1660.01
1282.8
-1457.53
706.16
187.367
464.824
102.133
-370.443
423.789
-312.307
790.394
-430.631
468.759
-696.54
-604.691
-466.55
112.265
463.619
-57.9562
-436.995
-396.159
-649.618
-1568.48
770.137
-213.799
-163.249
377.048
-889.215
-512.137
1610.38
-1498.6
-854.371
1130
-1175.31
1596.68
1044.86
-818.799
-899.826
125.41
-613.554
1671.59
885.217
913.187
682.536
-278.764
877.676
-349.472
-281.501
-359.62
715.347
385.825
581.165
601.451
533.253
-328.421
711.371
300.774
1574.71
1380.33
-434.977
319.406
-368.067
-689.507
-28.2355
110.617
-883.077
375.233
-790.122
943.91
817.815
243.361
-259.127
484.313
282.95
-572.309
784.95
219.582
220.4
209.938
1558.74
48.3194
905.931
-954.25
473.63
-404.064
194.505
-1100.86
477.483
55.5075
820.791
908.835
-190.096
-199.242
-368.855
-347.118
-494.297
-610.833
262.631
-929.65
457.7
-468.102
-338.312
53.2244
768.876
-455.446
854.22
-108.374
-446.017
572.401
886.74
359.025
-168.774
282.587
932.469
602.091
53.3333
307.485
269.305
-1216.75
466.55
-872.645
588.498
284.146
1688.68
-431.349
-329.054
286.337
-402.977
977.765
139.346
336.589
1220.61
1514.44
-650.129
-679.979
700.448
-287.363
831.113
-543.751
-682.433
661.794
-371.639
821.682
372.611
610.263
-348.949
-1342.11
1038.92
-259.156
1857.44
-680.842
213.602
531.383
-190.603
699.52
-320.842
249.344
-1100.15
408.509
-1356.55
1339.23
406.267
-218.404
-161.127
379.531
-783.859
-1623.15
-888.453
186.217
38.1995
-629.048
1002.16
1190.75
-657.7
-742.842
-675.768
553.466
496.581
499.374
-1207.1
932.925
-266.304
1174.36
-529.287
777.798
-1288.25
1098.68
-95.3151
338.676
-595.185
1374.9
220.302
-613.64
-903.183
354.892
1189.81
224.268
206.536
29.1167
-919.054
907.809
-972.16
-252.623
278.225
746.656
706.126
1145.63
346.181
-660.853
-334.812
-292.252
-286.954
-701.655
-449.563
556.189
-385.174
-40.8375
83.3462
-44.7884
-729.705
305.573
-1309.02
279.753
466.168
685.463
-1151.63
-1089.53
-359.678
-403.899
-1009.55
-1137.07
-1512.38
615.013
-262.866
-1103.8
-354.888
-371.727
788.751
378.508
-1070.15
-42.7168
343.227
293.935
253.447
597.774
-1006.1
308.949
-429.504
351.264
-226.777
-403.319
-209.956
-1510.26
285.076
-1508.58
-1457.73
-227.449
1080.48
27.1664
-431.223
1042.47
-517.444
-661.316
1099.35
812.847
373.647
-765.016
650.966
-251.21
-389.701
-417.052
-544.091
1028.2
366.426
-200.351
-166.075
-311.842
-786.711
-406.285
1193
1914.36
53.3384
366.536
169
-524.043
-313.878
250.859
345.378
-142.418
-202.96
-387.488
160.589
-410.406
422.486
-390.153
763.799
648.579
452.893
-423.776
-334.325
-106.193
-904.158
352.963
-237.403
-783.959
636.469
503.858
1153.23
1019.94
-1145.32
803.702
-541.205
-100.718
1541.03
-564.719
1096.71
-346.601
1648.11
-88.6354
-232.145
326.394
921.372
415.717
-1365.31
-327.175
-1415.79
1313.93
-631.392
709.237
-1333.11
684.477
373.231
-422.22
-617.418
-511.991
482.917
-202.222
-992.519
-829.051
305.009
1105.01
1510.93
1002.92
229.991
475.262
5.77802
447.852
533.898
969.99
561.755
-336.969
-297.312
1517.5
-173.159
888.437
-1353.82
956.128
435.793
-605.691
-190.858
-491.574
318.61
-590.322
1131.07
542.023
-328.41
275.173
429.989
-284.227
237.76
-432.353
-119.481
-796.964
351.161
-600.839
-493.43
417.066
-1013.09
197.901
1002.66
508.427
773.532
367.105
-240.16
-416.088
1530.85
-735.514
-481.24
20.6894
-727.581
1150.64
-1708.89
1154.36
-179.926
1322.61
287.916
-360.132
-174.406
586.138
-338.433
464.199
1517.19
-148.105
317.635
-539.852
1391.71
-1172.74
-1303.93
423.051
403.101
-965.181
122.069
-360.364
351.235
-378.558
460.107
1057.39
-564.072
-557.214
1203.55
-1189.35
491.427
304.775
-1189.3
-1273.66
-234.706
90.4775
-481.374
311.706
-736.516
299.504
-48.7946
-610.143
419.284
-375.299
264.401
-162.292
-899.806
-471.336
-372.466
1119.73
-374.962
-298.742
294.994
382.449
426.388
-535.126
260.93
1632.56
-1575.08
-323.553
536.146
-94.0609
-712.83
296.038
25.602
-1091.41
-418.49
-874.474
237.219
980.91
-329.765
-958.488
-338.722
-19.1421
204.083
-715.668
753.87
-678.823
477.065
-175.724
-227.391
403.115
-294.131
46.6153
-359.521
974.064
998.929
-404.354
198.932
168.173
-651.2
246.261
502.62
-541.89
1080.42
224.233
-381.653
1102.54
-619.626
-280.256
299.826
143.779
-1671.47
366.372
1324.74
197.492
75.6295
46.0831
-431.595
190.021
1473.72
186.906
-799.645
430.516
-1532.93
1544.5
275.184
-158.83
-440.975
-189.75
1107.29
163.194
-297.094
288.973
-338.727
639.501
644.202
294.607
-628.572
-974.973
160.58
-174.82
585.45
-338.058
655.693
324.882
318.601
-747.863
1186.53
21.3014
307.402
-480.508
770.333
338.116
718.265
359.028
101.165
-625.957
908.757
321.238
-430.943
284.421
239.778
-949.201
-196.115
10.3109
-154.324
1500.51
-279.235
1321.67
-190.509
353.703
333.411
-1135.62
400.021
-791.321
360.378
-343.596
-678.653
1021.1
655.802
-487.484
-736.18
244.704
386.75
280.81
-297.704
-159.517
349.537
-559.061
-986.626
694.468
178.82
-607.855
-159.117
-761.057
-436.676
-113.475
-851.706
-144.592
1050.52
508.101
1709.08
-619.236
-83.7222
412.252
-644.725
-172.587
-171.009
-499.135
-139.83
-1461.64
399.63
-223.94
-294.201
-442.302
747.311
314.881
546.204
595.168
-314.457
563.575
216.567
996.699
-782.847
1282.42
590.726
392.357
-316.728
-543.675
-19.3336
-426.683
-1009.22
0.423593
-357.458
-383.262
36.7746
-350.026
-768.887
87.9052
6.73761
119.903
1109.26
-519.293
-135.589
804.78
239.863
-358.713
-976.471
628.005
-374.732
286.032
804.485
336.589
27.3878
-427.923
-256.002
1440.95
482.466
240.46
-95.7886
1205.05
-196.911
-178.388
362.909
-854.402
-209.235
196.759
163.605
-329.68
1380.33
-498.701
-165.086
-140.025
57.6603
-219.851
157.03
62.8207
297.122
38.827
-335.949
85.3645
2.41472
-87.7793
-148.878
135.695
13.1833
-68.5252
62.4796
6.04555
318.45
-20.0156
-298.434
266.245
-113.895
-152.35
74.9666
44.519
-119.486
158.135
1.50562
-159.641
-254.645
85.0653
169.58
-78.9434
-150.016
228.959
-125.057
129.626
-4.56924
-8.30628
326.756
338.608
-41.4859
196.111
-9.48517
-186.625
-86.2035
60.2437
25.9597
-67.5275
-238.83
306.357
-110.267
3.99778
106.269
-148.28
-0.598141
-113.658
3.3908
32.1274
-271.14
239.012
301.872
-239.484
-62.3881
-233.808
-108.54
342.349
9.74576
47.7056
-57.4514
-27.1018
-59.1017
382.844
-62.6409
-320.203
184.236
82.0087
-26.4063
-3.85026
30.2565
-53.701
59.9055
-6.2045
-53.6509
59.8615
-6.21062
-53.6592
59.8801
-6.22089
-53.2403
59.869
-6.62873
53.1814
-59.6272
6.44584
-53.2396
59.8639
-6.62429
11.6699
-129.441
117.771
-68.9958
143.962
-104.449
-49.2977
153.747
-62.8133
44.3695
18.4437
205.662
-222.24
16.5777
-195.25
328.182
-132.932
-39.4555
13.0493
12.3135
-0.451521
-11.862
-331.515
497.833
-166.317
193.847
-272.79
27.5714
130.564
5.87125
-131.997
126.125
-197.136
-57.5086
-66.9423
-171.9
238.842
-183.248
5.23012
178.018
291.349
-347.46
56.1108
-22.051
31.7968
443.947
-187.578
-256.369
162.695
-316.459
153.764
-84.137
90.0083
-92.4181
-107.702
200.12
20.8851
140.497
-161.382
34.9719
5.83858
-40.8104
72.8056
-63.9003
-8.90536
-56.0829
47.025
9.05788
-14.8363
-267.925
282.762
-171.745
-175.052
346.797
76.879
-4.0734
-239.383
-38.927
278.31
-238.186
319.87
-81.6841
-118.461
-101.389
-126.366
-3.71127
130.077
124.823
5.20994
-130.033
126.017
4.2466
-130.264
124.775
5.13171
-129.907
124.788
5.12125
-129.91
126.942
4.29136
-131.234
126.017
4.23853
-130.256
216.943
-231.779
41.1476
256.773
-297.92
70.6636
-171.554
100.891
-9.93291
-33.8249
43.7578
-283.654
216.711
75.8742
-168.292
-363.12
295.592
-9.62925
-173.619
-372.098
175.881
196.217
37.0925
254.257
246.297
-50.1865
-155.155
-26.3696
61.3414
37.5977
114.851
-152.449
86.7565
105.823
-192.579
204.914
-61.267
-143.647
-62.401
-6.12414
324.47
-15.5845
-308.886
95.3589
-83.689
108.451
-166.636
58.1851
-43.0019
279.498
-236.496
103.672
233.836
-337.508
89.2846
354.662
-38.6273
40.648
-2.02062
-65.3626
11.6616
62.3714
-9.18999
-65.3562
11.7054
-65.4165
11.7573
-63.1332
9.89291
-63.1056
9.86597
-125.057
169.969
99.9755
-269.944
276.352
142.408
-418.76
-94.0699
-68.5654
231.261
337.248
-305.12
-72.6387
-44.4619
117.101
87.2787
49.2172
-136.496
-8.14509
-301
309.145
391.316
-133.285
-258.031
287.932
-296.077
109.716
-262.864
153.148
-64.0934
-13.5171
77.6105
-268.778
73.5271
-52.2678
-3.8151
-302.008
13.2189
288.789
191.076
-286.058
94.9818
-43.668
0.684048
42.9839
-146.863
95.8167
51.0462
49.6991
-59.7342
10.0351
-153.488
-114.691
268.178
-28.6906
180.34
-151.65
7.55607
375.288
-219.062
260.21
103.444
-107.043
3.59968
-4.40968
-71.9568
76.3665
-12.2065
160.704
-148.497
120.929
180.942
99.3774
-94.6998
-4.67761
-26.9023
218.033
-191.131
352.06
-75.7078
144.442
-257.013
112.571
86.4527
-133.909
4.4677
-313.662
-55.484
61.8438
-6.35984
-56.5705
62.8933
-6.32282
-55.482
61.8436
-6.36161
-54.3233
60.8777
-6.55439
-56.5689
62.9181
-6.34928
-56.5797
62.9279
-6.34825
55.9162
252.56
-308.476
418.474
-222.821
-195.653
-37.7025
-1.75306
89.4651
-101.672
114.064
-353.448
361.733
136.1
-4.72275
-33.9046
-410.575
155.645
-389.454
-311.304
268.302
256.308
13.1047
-269.413
12.3135
87.6344
-2.26987
-155.345
325.313
-153.196
148.787
-84.9655
-15.1583
100.124
119.218
-32.1802
-87.0379
94.6377
4.73967
-207.632
-127.034
140.41
-13.3757
-168.014
-9.62841
177.642
180.015
-208.705
-39.6136
39.1621
-327.713
279.235
48.4779
199.397
-112.118
94.2181
-77.301
-69.5618
55.0457
-61.3844
6.33867
17.168
152.607
-169.775
76.175
-378.183
-0.333641
-9.86619
-20.6098
30.476
-65.985
2.08474
152.634
92.4074
-245.042
85.6398
-366.074
280.435
205.66
-232.562
115.91
-113.495
14.905
-141.939
66.3589
-55.5613
-10.7976
-242.533
356.598
21.4274
109.512
-130.939
-104.792
-108.602
213.394
-114.389
267.023
-321.836
274.811
47.0247
-42.1776
-1.49041
146.822
-293.097
146.275
140.106
-180.559
40.4531
-88.7754
-98.2895
187.065
6.83933
-257.284
250.445
258.068
-251.229
108.593
-91.4252
315.44
-59.1314
-18.0837
189.135
-171.052
-73.6977
160.454
352.851
-146.414
-206.436
-34.5879
-152.6
187.188
30.9958
72.4478
-37.2362
-0.466249
342.957
-455.271
112.314
178.648
-93.5825
-17.8671
103.241
-85.3743
131.976
-150.059
383.832
-417.686
33.8549
-289.857
335.93
-46.0732
-72.7962
8.70282
-116.724
-99.2812
216.005
144.184
-251.886
64.5718
141.09
235.752
-186.364
-49.388
63.7193
-66.5094
2.79009
48.7509
-212.009
-64.9727
174.689
-398.65
216.594
182.056
50.3965
-48.9968
-1.39972
3.69829
-42.9561
-179.284
-256.874
17.3906
118.56
11.0663
168.857
183.993
-77.7013
352.405
-27.935
70.4024
4.76465
-75.167
-65.5047
0.142163
-65.4936
0.137357
-74.2826
76.3161
-2.03357
66.555
-4.18366
-75.7544
77.7231
-1.96868
-75.6892
77.3369
-1.64765
-65.5625
0.14596
-75.6874
78.4231
-2.73578
-67.065
3.93181
-74.2867
76.317
-2.03027
-67.0522
3.94667
-75.6676
77.5322
-1.86455
78.3212
-75.8992
-2.42194
-74.3143
76.3324
-2.01817
6.885
44.8247
-51.7097
411.679
-326.039
-163.959
184.844
-249.025
-78.6877
182.182
-42.0763
88.9073
4.90288
-93.8102
108.412
-70.8148
-98.1401
13.1746
-90.9363
82.1741
8.76218
108.451
318.887
-172.064
289.049
129.425
1.34949
154.298
-155.647
205.288
122.462
-327.75
24.5262
282.05
-306.576
-112.392
218.215
57.7421
7.56892
-65.311
-10.5189
199.654
21.999
-120.69
-6.72719
127.417
-55.4976
126.161
-76.321
20.5246
55.7964
110.323
-128.19
131.491
-141.12
164.482
345.577
45.7389
26.0793
-264.265
388.57
187.735
-247.68
59.9458
-22.9114
228.199
-83.6633
285.249
-201.585
-2.39388
290.955
-374.068
83.1135
-3.16625
36.2251
-33.0589
158.559
-18.0621
367.13
-1.24035
-61.1607
23.3554
27.0412
-30.1909
-2.69489
32.8858
-123.858
357.694
-260.185
284.711
194.161
-279.802
85.6419
41.8615
-20.408
-21.4535
71.1801
-69.8306
135.552
-120.274
-15.2787
10.067
13.8442
-23.9112
200.445
-56.0025
108.911
21.9731
-130.884
-300.879
333.728
-32.8494
-227.387
30.2504
-376.452
133.918
215.609
116.416
-332.025
197.672
-82.8207
-362.531
388.133
-92.0574
-21.6004
-47.743
37.8769
-54.6658
50.6694
3.99636
-54.6557
50.485
4.17064
54.4023
-50.5698
-3.83241
-54.6755
50.4886
4.18687
-64.4524
47.7638
16.6886
-54.6776
50.6696
4.00802
-54.6714
50.6726
3.99884
200.622
-235.21
17.757
99.0926
30.4957
-129.588
36.4225
40.4565
-238.123
-62.8763
80.4376
67.5372
-147.975
358.204
-101.432
320.055
-104.446
-80.8867
228.119
-68.2541
-159.865
35.0515
-177.499
66.8144
-171.606
291.946
-97.7853
-75.1692
98.8713
-23.7021
-335.613
182.126
-4.73893
292.671
181.276
-20.5727
123.148
-42.7102
-234.425
119.734
16.0162
145.646
-161.662
110.416
-27.2133
95.3784
-68.1651
-126.366
-146.389
41.9404
254.623
-66.8888
-70.1119
298.153
-228.041
174.234
145.636
-7.22376
20.3621
-13.1383
124.823
126.017
126.017
124.788
126.942
124.775
29.1397
-230.849
201.71
-155.115
105.818
77.2335
-264.432
187.198
-325.868
357.973
-32.1047
89.5174
-68.09
-228.501
201.144
27.3569
-119.114
-29.1657
53.7594
-55.5362
1.77678
-312.192
-105.495
8.54155
5.39599
21.5731
-26.969
-177.981
-110.221
288.202
-140.916
55.2518
85.6637
64.9678
-60.97
-11.9185
168.949
-107.256
-284.506
200.843
-282.789
309.389
-26.6002
82.9714
145.148
198.577
-9.16335
-189.413
10.9957
-388.859
377.864
335.509
-56.0108
-116.955
-49.6816
-2.14793
68.5068
-9.23279
22.0672
-22.0672
-64.4173
-162.969
-116.323
121.226
183.212
-193.731
118.56
-217.948
231.053
-349.31
202.896
64.23
-6.48796
113.121
-123.454
10.333
65.0564
-0.826407
7.3006
-175.588
168.288
196.565
2.01128
-62.3525
-259.483
194.664
-130.373
-41.1817
62.503
-15.478
-101.833
26.6642
230.961
97.2214
-265.999
327.493
-61.4938
-88.9008
93.6655
-103.983
-105.954
209.937
202.923
-241.85
271.803
-136.114
-135.689
-34.736
45.4558
-10.7198
103.472
-220.196
-66.8784
-202.651
269.53
14.7597
19.2121
-88.1843
68.9722
-36.7742
6.58323
4.02522
-59.5865
-19.7333
-3.75955
23.4928
-151.677
131.033
20.6436
-70.9581
-36.2981
-151.268
-47.6572
242.321
228.761
-298.872
-33.4263
189.923
-156.497
108.969
-101.576
-7.39257
-48.2531
-84.113
-17.7203
-11.8714
59.577
0.80671
-173.259
172.452
-67.0059
51.8475
312.646
-102.78
-209.865
123.773
122.525
172.108
-104.571
-272.52
-48.7001
321.22
-129.436
-218.024
-71.3699
93.9296
-22.5597
-148.217
103.755
-33.3319
-195.694
229.026
-104.206
83.8048
20.401
120.31
-144.79
24.4802
118.279
-145
26.7217
101.846
-129.059
98.5384
-276.52
-191.571
-72.8606
-233.739
126.042
107.697
-90.8968
222.129
-131.232
-151.458
62.6825
210.123
-243.455
-5.22498
5.19249
5.20461
5.19134
5.20585
5.23968
117.144
18.4081
-232.873
168.456
121.616
132.688
-254.303
-97.889
-159.124
26.9145
291.319
174.908
-308.193
63.5206
-230.686
167.165
-260.52
-138.13
-21.181
-53.9566
-116.566
98.3936
18.1726
-356.767
181.534
175.233
-78.6598
262.97
-184.311
-33.0258
-234.004
-377.474
376.04
1.43327
15.1351
30.3207
-213.831
-61.1046
274.936
82.4994
7.50888
257.406
-230.054
-27.3518
-84.1772
155.473
-71.2962
-321.362
55.3626
-25.3848
85.6285
211.499
-58.8912
299.792
-199.817
49.4728
-153.456
139.414
-355.763
216.348
49.279
-286.484
237.205
-75.6663
-38.1861
232.062
-182.892
103.67
79.2221
-272.862
59.0306
-126.85
-36.6112
163.461
-51.2374
-51.3606
-51.2435
-50.0319
-51.4476
-51.448
54.9733
-120.69
-234.375
27.5165
-354.975
-232.62
223.457
43.3391
344.794
-1.61363
-84.712
301.306
-136.134
-0.166231
136.3
-27.1297
-106.779
-156.243
-129.815
-150.757
-2.43932
166.802
68.9498
112.171
-22.7059
39.2882
-49.3518
10.0636
96.4024
-287.528
249.091
-297.791
-65.0419
73.5835
40.5916
120.31
118.279
-164.4
-16.5125
180.912
-10.8923
-253.728
139.833
237.015
-365.199
128.185
-170.219
79.58
29.3887
-19.7795
-56.5415
1.54872
-219.093
168.319
50.774
79.5649
-137.325
57.7605
87.6038
10.5988
-98.2026
-12.7561
-138.921
144.186
-34.6739
124.023
-132.928
-225.738
339.072
-113.334
132.85
-266.299
133.449
214.19
-206.89
248.518
-122.476
-146.711
124.644
22.0672
51.3345
7.3609
46.3985
-223.635
-56.1673
-105.051
249.235
2.90111
-22.6344
-166.78
-111.736
278.516
9.40542
316.304
-325.709
-72.8839
108.636
91.8084
41.9171
-117.038
116.705
190.773
121.873
41.9667
6.40684
-48.3735
83.4681
-306.289
-139.163
-72.1044
211.268
244.698
-123.082
-181.234
-119.673
300.907
-121.703
-129.566
350.777
-301.745
-49.0322
93.9019
-148.884
54.9818
-391.994
-63.277
185.968
251.401
-179.819
-71.5817
-190.665
346.311
-288.846
331.82
-42.9732
188.913
-251.554
274.361
-306.131
31.7706
116.979
82.4178
-271.831
-179.002
104.286
74.7159
-292.969
282.893
-33.8024
-53.8642
-11.6294
-53.8629
-11.6418
-52.9316
-12.6309
-54.2957
-20.0186
-54.2923
-19.9944
-54.265
-20.0175
-112.263
-204.196
57.678
130.724
-188.402
-0.663785
42.6305
98.1711
-21.8047
147.04
-23.0174
-104.533
-45.6917
154.328
74.5601
-104.147
29.5871
-252.488
-57.826
-123.866
-45.9094
-142.503
-71.3568
213.86
-356.528
30.6595
-278.519
169.978
113.841
-226.233
133.14
-161.625
28.4845
72.9072
-253.849
180.942
127.236
121.964
122.734
-156.288
-200.48
-113.121
-28.6644
112.469
-79.3926
-173.013
252.405
63.6556
-62.1069
-11.3951
68.9896
-57.5945
194.813
-314.486
-88.7551
6.55314
82.2019
56.3284
66.8194
127.338
100.831
-228.169
169.943
98.2354
-61.4512
93.4035
78.7049
-288.624
-33.494
322.118
190.38
-238.037
229.952
-102.614
231.628
83.8116
145.215
84.7368
149.732
235.805
20.5135
288.876
85.5947
-95.2231
-5.61104
98.7864
-93.1754
-83.9833
-4.77173
-364.462
310.807
53.6551
-173.259
-136.171
141.402
43.0414
-176.15
133.109
-104.995
-25.9443
-127.785
250.52
-196.851
132.718
-22.3956
20.3196
67.2221
69.7396
-136.962
-70.0508
-202.389
272.439
-76.7517
-142.341
-30.2654
-86.3007
137.298
-98.7864
-38.512
-76.33
-15.021
91.351
226.056
183.764
-211.538
267.648
-68.8015
-75.2606
-22.1743
97.4349
-124.093
-6.90282
214.37
-207.468
-63.2361
257.083
237.155
-298.259
-67.13
-1.94943
-199.322
12.9577
141.867
-269.652
-211.557
-72.9491
-274.793
-38.4983
-97.9976
247.871
-57.4905
-44.4311
-46.5053
288.806
-275.587
-141.522
5.38808
-113.874
-249.489
146.875
-44.207
111.429
196.159
-179.86
-16.2986
314.693
36.0834
42.9915
58.4647
-101.456
274.107
-12.1505
113.996
-13.1488
-196.555
-152.755
94.1799
22.9207
-36.6506
311.011
84.6997
-168.877
42.0452
-134.05
254.979
164.134
-9.83644
88.6598
-14.0997
48.2217
-42.8257
64.585
-25.2968
-278.502
211.982
66.5207
-135.47
-13.0275
-77.6596
190.149
-190.149
66.4516
-72.0626
79.0712
76.4023
148.811
118.942
138.464
-125.214
-83.7035
-168.183
124.007
9.99802
-134.005
40.3763
-3.616
-36.7603
28.3405
-93.5066
220.743
145.235
8.51215
6.81108
-94.9954
3.64668
21.8594
-25.5061
-13.3065
67.6277
-54.3212
44.8818
-83.5971
-1.6872
66.655
-96.0744
-17.4123
113.487
-72.767
-50.6874
-317.363
348.735
-31.3711
16.8897
400.103
-21.295
-378.808
-103.627
-24.5631
137.298
40.6095
-49.1704
-331.681
380.851
41.9147
21.3006
-92.6705
-50.2859
5.94639
44.3395
340.127
-250.842
-223.374
-95.2013
318.576
-240.588
197.632
-128.041
-20.1766
-6.86052
-122.31
317.123
-88.2014
13.3992
113.467
84.2045
191.355
-183.971
-7.38454
-0.69116
-0.75232
0.764618
-0.75483
-2.26808
-0.777988
-0.77541
-213.594
-18.9686
-208.083
-24.5374
-114.287
-27.2347
-111.095
342.31
224.381
-23.7595
69.2206
-71.9735
2.75282
64.7119
-213.114
148.402
-232.801
209.889
-6.59677
-125.801
222.432
-4.39845
-41.6438
-103.146
-41.6323
-103.368
-22.8111
-134.335
304.278
-1.80133
8.63224
7.94606
8.62583
7.9794
7.98086
8.62832
44.3951
305.156
-349.551
-45.4261
-85.9388
-120.878
126.877
-0.751799
-234.805
126.202
-41.8492
251.972
6.00827
-229.643
-21.0198
-49.3579
-125.264
1.17092
-216.901
297.571
-80.6699
217.432
-116.602
-194.365
89.7934
-16.9155
-313.395
356.972
-54.9001
-6.48431
-7.77198
-42.5139
93.5458
-207.42
-191.703
-15.1862
93.1491
251.064
-279.206
28.1418
271.498
-260.502
199.088
-15.8756
-128.389
9.27471
-62.0989
-302.363
-151.501
4.83881
146.662
-222.151
239.526
-17.375
-181.681
29.0807
289.949
-61.1885
-253.165
139.24
113.925
-233.086
-53.3971
-278.689
169.838
108.851
-323.801
-209.075
327.232
-118.156
-219.107
131.478
87.6292
-326.435
256.384
79.1395
-92.9616
-118.58
211.542
-347.516
295.691
51.8246
6.74564
125.253
300.031
-67.5496
-232.481
1.44845
-18.4083
-175.323
-99.5602
7.50279
-287.502
293.089
-5.58718
7.32782
-76.0341
119.026
7.64831
-109.224
-17.5978
-204.553
-236.741
138.852
43.1951
149.129
-92.9963
166.359
-73.3622
-124.432
-123.69
-114.659
7.87972
59.5342
-251.105
153.681
118.123
200.292
-86.8249
-257.166
105.899
338.124
218.897
71.0516
-119.716
-90.4084
1.50757
-82.8031
89.2099
-152.256
-75.9123
-292.73
5.22767
-285.618
-126.037
-126.093
-126.069
126.245
-125.908
-125.902
-114.545
15.7669
204.741
-288.445
-251.453
148.044
103.409
-183.827
85.5375
63.6641
-6.64972
105.043
-67.7633
286.661
331.444
-16.7511
-215.254
-120.359
-107.932
192.631
115.214
6.01118
-203.417
91.2991
-13.9525
-43.4989
5.04125
-142.518
137.477
117.358
304.139
-122.014
290.025
-52.8207
-56.6405
104.484
-47.8437
-76.8328
19.5986
57.2342
140.035
-137.985
-2.05019
158.905
-230.262
-10.1752
-29.4384
-0.478622
69.4683
215.571
-231.156
-24.5006
82.2611
360.728
-316.333
86.4933
135.635
154.94
-245.132
-53.7409
38.786
-81.4962
17.7821
78.0445
-186.053
305.203
-119.15
75.0447
37.8659
95.2743
-152.874
169.452
299.995
-62.84
15.6836
90.8574
2.80808
-96.5223
263.564
-167.042
56.0101
172.452
-114.595
-104.512
274.556
-316.042
-66.6311
153.698
-212.589
-62.5649
38.0642
62.9049
61.505
238.526
65.7574
334.346
-358.953
152.516
44.8937
12.0606
-66.7065
-5.26692
-198.3
148.417
-148.677
0.259412
-145.006
-27.6656
19.8936
72.4158
-102.6
206.297
-102.011
280.05
-126.37
192.933
-126.196
-152.493
-15.1178
-98.3777
349.961
-371.256
75.1744
-253.758
-74.8505
-165.738
34.1388
114.278
94.5972
-230.711
26.1223
-87.6556
191.745
47.8297
-239.575
-111.268
149.517
-195.426
45.6768
-313.189
-144.93
51.9336
116.722
-28.0053
258.966
-361.362
-93.1535
5.37429
165.306
-32.1975
271.588
-375.107
103.519
4.60206
-129.602
125
-368.304
292.596
201.229
46.6417
34.5186
-37.5181
2.99946
42.2395
139.037
87.7392
129.693
82.4107
123.887
224.622
61.8277
13.5463
-75.374
-229.182
49.8979
-15.109
-133.383
199.748
-266.878
421.486
-434.378
37.8069
126.245
-126.069
-125.908
-125.902
-114.545
-126.093
-126.037
240.457
-108.979
124.907
-73.5356
-51.3717
-161.537
-197.416
150.783
-185.457
256.278
-117.039
155.729
-22.903
320.109
-297.206
-93.4004
251.521
-158.12
-84.925
-155.407
-94.0823
-352.23
302.487
49.743
-89.5893
-112.296
-68.8495
181.145
-287.723
314.07
-26.3466
-197.051
-125.349
113.199
-38.6532
1.41697
20.1178
85.6527
15.1437
316.301
246.597
374.175
-318.221
-29.5216
347.743
111.063
-124.212
-369.025
114.551
254.474
-372.766
182.101
-10.7472
69.2118
112.132
65.2807
-79.2332
96.3166
-216.141
-149.058
286.901
6.18804
393.266
108.59
-123.708
147.441
-173.385
266.479
-7.74824
-258.731
-21.6995
10.9797
-51.4159
-24.2715
303.56
-52.4965
196.752
-110.299
110.075
-127.487
-379.511
309.719
-120.654
334.901
-35.2679
1.36332
37.321
-380.76
343.439
-101.416
-31.3844
223.13
124.452
-144.629
143.041
-166.059
-238.629
145.229
199.626
140.362
-327.479
152.427
398.675
274.612
235.507
-229.688
-5.81901
151.53
36.7793
36.6888
204.921
52.9425
-43.6235
120.939
-143.335
139.199
-163.762
-324.374
354.807
257.796
-69.6803
-188.116
-345.346
-167.77
-83.6827
-14.784
311.811
-297.027
84.5728
1.9719
-86.5447
-45.2153
34.4681
-119.604
-152.602
157.644
-253.943
222.558
-244.067
154.478
-143.224
222.273
-79.049
-24.0957
3.48589
-64.6793
330.605
-18.8532
-311.752
196.764
-189.274
261.875
-72.6007
137.922
30.5131
284.165
-60.7421
341.177
-239.6
-39.5949
-178.489
264.142
-97.1922
-174.068
-77.0376
230.183
-287.399
57.2163
152.504
183.005
55.2989
-62.5227
73.3444
-259.397
-265.207
37.2317
227.975
-18.5293
-301.673
116.695
58.971
-3.17458
231.93
-145.436
-3.0828
316.361
-334.293
17.9317
113.592
-92.2912
-76.2291
-79.6447
297.948
-11.0468
117.225
-302.999
288.215
-52.7136
-328.086
104.711
-21.3681
-34.1681
-34.6367
-72.367
-156.815
-306.356
311.811
-120.795
128.444
214.632
169.804
-111.947
-171.653
158.626
58.3293
-49.0226
249.783
-95.3055
-24.6967
128.452
-129.641
246.866
-7.85529
89.2576
-214.209
124.951
28.4138
285.656
283.545
-254.816
187.937
-145.828
121.132
289.702
8.24638
153.709
-163.545
90.6885
21.4825
54.0626
258.741
-281.644
181.604
-231.791
-117.038
-48.7891
332.334
146.159
85.7709
180.442
-130.969
-117.627
232.426
105.698
40.5754
-195.982
27.291
169.513
-75.2838
-4.01536
-148.587
-271.204
297.284
-331.232
-72.2042
-345.534
327.005
161.98
-165.995
150.805
-157.665
126.779
69.9727
-205.991
187.583
-39.8522
103.61
412.363
-72.2466
-140.868
155.619
184.361
-200.873
-165.357
-186.208
-67.6406
-53.6927
-6.04154
-322.342
212.121
-68.6579
305.636
-296.23
-68.4579
-331.635
249.329
82.3065
-283.929
-34.2814
318.21
-67.09
-318.723
356.044
-197.051
-220.933
53.1628
272.759
47.3504
149.07
-151.509
34.8359
-311.559
276.723
220.317
146.148
235.416
-182.77
162.198
-6.05626
1.60994
269.978
320.545
-45.989
64.3722
-15.9341
77.7619
-31.9326
187.29
-155.358
62.3851
146.189
-145.019
314.937
-335.659
20.7229
-19.3808
-56.3084
-18.923
-56.8314
-22.9845
-44.0805
21.9961
44.559
-23.0481
-44.0042
-19.3297
-56.3379
-9.02767
-43.2401
-19.4336
-56.4656
35.5607
41.9714
35.7119
42.0112
18.0655
58.2515
18.0705
58.2457
18.7089
58.628
18.0447
58.2877
272.197
-75.6039
117.088
92.1926
268.475
-300.447
31.9722
105.137
19.1092
-124.246
281.013
-153.531
-127.482
72.0931
315.754
-345.275
-281.094
309.507
-368.069
335.965
274.472
-169.213
-52.5277
221.741
29.9176
288.568
-322.062
-79.1242
-35.6972
-158.368
175.258
134.933
87.3399
62.3547
-333.495
18.8231
280.7
-299.523
-145.067
143.017
64.7346
3.84119
-68.5758
143.049
-143.801
-34.3518
-71.1452
-286.552
326.915
-40.3632
-285.28
274.927
10.3525
-214.593
135.2
16.8045
-291.017
274.213
151.766
-93.6319
179.169
-47.8022
-268.24
-304.496
252
153.239
-8.00456
-319.401
-228.761
-160.693
396.554
178.255
109.991
-288.246
-228.753
204.215
205.569
-229.328
-205.565
189.689
-106.714
141.677
-137.978
199.309
-220.329
-243.584
236.987
-304.914
256.124
63.0469
-156.452
93.4051
274.842
-274.842
-211.842
196.656
-189.944
-102.977
292.921
112.349
-104.846
90.0317
-23.3179
346.647
325.285
-36.7166
-245.532
-128.536
138.884
-139.482
119.656
161.358
288.781
-282.593
160.627
-5.6873
345.103
-124.786
139.891
-130.616
-60.9564
-226.875
147.826
93.4847
31.4225
32.8018
-316.731
-307.521
259.718
-189.05
-396.131
332.854
133.725
-127.714
22.897
283.689
-306.586
-68.2792
15.5504
52.7288
5.14198
-156.643
365.308
-98.8283
346.647
-289.689
266.371
283.942
-209.614
78.4508
-284.213
205.762
40.58
-345.288
130.649
-129.2
-126.288
130.756
-84.8289
-53.6761
81.1317
129.09
-121.21
-30.9482
-77.7322
-237.345
315.077
293.75
-326.809
280.82
-34.316
181.217
-277.739
254.854
-332.586
-282.499
390.795
-108.296
289.546
-334.476
44.9293
281.78
-287.367
164.916
-164.916
105.67
-102.862
232.203
-60.9852
-171.218
-179.149
-20.7618
-270.255
303.597
-31.4565
-198.232
255.755
-100.027
-297.027
-25.3106
-233.365
316.479
-306.582
253.761
-13.297
-56.5973
286.059
-326.422
120.812
60.3335
101.712
-100.204
-78.5733
175.831
-114.19
-61.6411
-120.379
375.233
-295.34
-135.402
87.5303
47.8715
-262.135
-288.781
-81.8831
-130.289
-106.452
64.094
-357.266
325.895
-170.762
-76.918
-129.539
341.466
-111.738
-327.406
289.286
38.1202
297.441
-248.918
-12.9482
294.728
-32.3151
281.579
-99.7826
234.715
146.374
280.802
274.805
-96.5498
-76.5646
31.7093
290.712
34.573
239.108
-298.24
-307.091
240.459
-21.1567
45.9985
106.107
145.414
45.9631
-225.782
-305.955
280.645
-277.014
-192.661
-179.805
277.365
-277.365
-17.9188
374.525
-184.527
-189.998
175.806
-217.883
-325.827
289.11
364.556
-48.2524
195.737
178.789
-191.528
-179.555
-310.761
247.921
333.416
-305.315
251.574
131.364
37.4749
398.628
-24.4527
355.725
-354.115
179.249
-371.91
283.567
25.9408
-26.5112
-289.216
315.727
-229.539
365.639
314.069
-28.4127
-29.4843
189.6
-68.8373
353.003
-35.4981
76.1796
-207.411
-32.2989
-151.374
151.374
-27.4686
311.035
-65.5112
-305.131
370.642
371.796
-211.811
-159.985
-0.418382
41.6222
-73.8024
-276.038
-315.705
289.194
-63.0721
-261.029
267.037
-316.527
421.239
-45.1986
189.339
-52.914
-147.59
-248.541
-298.772
221.113
295.843
-284.555
109.373
165.432
-319.069
332.446
186.38
-177.995
289.373
-323.655
-26.5581
310.247
193.802
-51.3962
-317.07
255.882
-14.2862
-111.681
-269.896
-19.2851
300.087
-325.716
227.93
-335.591
267.828
-231.625
231.625
-41.3474
-36.876
67.1802
-38.8397
-7.59683
283.681
122.05
53.7809
131.266
-67.091
-15.6215
-36.5405
296.8
-265.029
-44.6427
262.961
-238.105
1.05808
133.191
-134.249
201.152
87.0493
-65.632
0.320957
-186.103
186.103
-31.5087
-295.584
327.093
38.1302
307.447
3.48705
63.8858
154.978
-191.59
-396.338
274.097
22.2223
-296.319
-23.344
-77.1689
245.625
-126.76
200.105
190.785
302.773
-60.963
45.0289
-305.657
224.987
-13.633
111.536
-306.843
220.904
-259.63
-214.289
214.289
82.5369
173.218
-186.785
186.785
166.513
-166.513
187.744
115.204
-302.948
63.1894
-15.9507
239.312
-113.667
-125.645
-195.606
290.042
26.8966
-316.939
286.6
88.3412
55.6212
245.23
-326.031
-50.7656
-10.1975
35.6552
-1.1366
-211.224
-163.899
298.813
-330.321
21.9758
-327.106
-21.3761
151.03
-26.3858
-23.6893
288.273
1.7698
28.6457
341.996
140.876
-141.042
159.128
-137.254
-21.874
284.477
245.707
-153.514
-38.0167
272.813
-166.706
-201.409
-174.46
-166.057
276.048
277.752
-158.097
55.4972
-165.943
-104.002
296.627
25.6118
-322.239
-263.804
311.923
-37.8264
81.8838
-205.574
-74.0114
-326.714
31.1303
-31.6338
321.007
-406.83
-151.289
94.7307
155.053
284.312
-4.13594
325.891
-35.1795
325.56
-9.651
-315.909
-282.593
-121.141
283.962
-162.822
20.2915
20.3564
359.946
-351.355
74.6923
246.455
-321.148
7.22631
-207.147
199.921
-314.953
286.54
285.522
-311.869
34.5987
-77.3961
42.7974
261.605
-226.853
226.853
-207.062
-318.456
217.024
318.336
-286.562
-31.7736
-30.3437
-173.203
-13.5819
302.373
9.45348
-311.827
-289.082
328.42
-39.3097
153.556
-152.498
-142.832
-83.7083
284.861
279.067
-314.565
19.4693
146.372
130.031
-358.615
228.584
-30.0875
-259.63
-127.815
315.56
46.2836
326.548
-121.626
256.592
-318.086
225.632
-149.453
-48.4782
-113.146
-308.01
281.41
285.813
14.2742
-321.358
252.556
-24.2966
-292.642
66.2515
-68.7013
2.44979
-263.804
239.953
-154.182
62.068
-48.6688
276.014
-297.171
354.206
-327.51
209.354
-27.0219
9.12253
-59.8881
-40.2346
-207.062
256.186
-288.501
-25.5919
312.192
-201.875
169.942
-173.203
-1.4542
-61.1107
132.084
262.028
-292.976
10.7212
-299.663
-30.6581
294.257
-274.672
24.4022
293.933
54.939
171.117
-29.4307
-339.557
315.26
-296.185
94.7921
201.393
249.894
-284.245
-165.299
-290.093
49.5294
101.5
292.722
-329.751
-325.548
135.603
-301.995
317.138
-256.395
126.105
314.808
-28.2681
220.911
-269.649
48.7384
-21.63
-323.3
-260.857
151.879
-291.425
-30.8131
320.324
243.392
-279.089
124.175
293.24
-17.9446
-268.203
236.746
1.0811
-134.018
-34.2742
-23.6847
307.997
-24.1444
256.541
111.81
-38.602
331.842
-309.712
187.699
303.852
-345.199
29.5816
-340.597
-38.225
219.829
-288.78
318.361
-31.9959
241.229
-361.609
125.866
-0.655088
-33.1552
219.729
-282.117
-12.7406
-2.99798
-301.877
14.6635
287.213
-322.48
114.848
-25.067
197.368
-316.823
119.454
-292.424
-229.061
-122.876
103.495
-122.204
103.281
-138.993
116.009
-104.806
-103.495
-103.281
-122.859
103.53
-139.09
116.042
-103.53
-104.794
-139.051
130.023
-117.055
-122.802
103.368
-104.757
-295.712
176.562
-289.966
163.597
-306.385
13.9617
206.025
-307.794
101.769
-305.65
273.654
-260.255
192.614
221.278
-277.81
158.094
-13.3932
106.755
-20.5724
294.553
-82.4318
213.87
-248.186
-59.9842
-64.8433
13.0622
-278.091
-296.161
168.029
128.132
60.694
-36.9633
-23.7307
-35.143
193.978
-246.692
287.424
-36.7897
-8.59525
30.6068
110.749
206.277
85.157
-362.99
277.833
233.871
-95.0187
33.9301
-44.1276
313.036
112.949
213.599
-38.6077
167.446
-248.861
81.4149
-5.31977
-73.9628
-95.4108
11.7218
94.4171
-369.454
-16.3312
16.3312
-94.8101
56.3117
120.74
-349.501
170.365
215.171
-385.536
-277.173
160.134
-1.96926
-165.219
-70.9123
236.131
199.639
-257.129
107.141
-348.991
260.86
-297.649
-17.982
-23.1084
118.925
203.168
-220.459
133.634
86.4392
160.804
-134.708
-26.0967
-40.8537
-2.12447
133.393
197.392
196.973
-324.788
-67.9822
-297.698
-32.0533
-233.784
-37.581
0.820707
-130.601
161.002
-30.4012
81.1183
162.4
-243.518
0.905171
250.594
4.7714
-328.511
0.409088
-318.066
328.377
-47.2916
-42.3426
152.997
121.793
-5.23808
-116.555
-283.611
-43.4952
271.448
-216.242
-55.2058
190.01
-129.677
3.10907
21.6418
-21.6418
33.0367
190.799
-263.4
-170.349
278.046
0.823347
-179.738
-27.7299
2.93465
2.80186
-181.883
307.748
1.55593
209.58
-118.281
-41.1994
-257.76
188.08
161.311
-295.36
-49.9206
-34.2535
-9.21533
179.789
-256.826
-317.037
-91.3793
-219.971
311.351
-74.9023
116.955
-285.708
122.886
297.589
-152.997
1.62338
-251.571
345.763
-94.1922
138.576
-23.1843
-18.2586
18.2586
-1.14995
-39.3686
-22.1528
-30.0191
99.1397
-265.845
-101.961
1.75644
248.679
-289.533
176.777
-253.946
80.1958
-44.5025
-23.6731
75.7464
113.853
-316.834
284.781
4.85645
-62.451
-182.157
361.545
-179.388
271.038
38.1069
-70.3018
-334.365
297.825
-65.5293
188.87
-380.398
-17.807
17.807
-49.5157
76.0214
-68.2466
-51.5538
-1.55971
16.3813
-16.3813
-20.2777
-47.2253
-174.96
106.514
-6.6901
315.385
-30.9078
168.172
-253.001
-0.54903
132.952
244.096
-8.26728
8.26728
-230.196
315.353
285.281
-332.572
-126.48
178.414
-54.208
-87.0142
332.77
-245.756
50.6162
-98.8171
98.3994
-256.52
9.22562
-206.277
-146.262
-242.223
-120.767
297.955
202.401
-363.094
304.59
275.88
-176.74
-18.3374
18.3374
-229.681
31.4491
-47.053
-19.2455
93.8767
-195.293
-368.756
165.428
-249.11
-195.809
93.7978
-90.3123
336.847
-210.355
-126.492
182.613
-128.55
39.6409
-170.512
-252.108
253.542
18.1503
-18.1503
-1.84936
-162.103
-49.3533
-276.677
7.0532
-190.119
96.487
-9.52993
9.52993
-103.396
-199.767
303.163
-82.36
-166.501
166.303
-234.549
-260.768
-287.28
240.227
326.048
-97.464
-11.6901
11.6901
226.365
5.8379
-65.4963
-1.975
8.40255
-8.40255
29.7166
12.7207
-12.7207
-174.983
290.187
158.284
133.034
137.731
52.2788
413.921
213.215
-316.611
-146.936
115.559
-270.099
321.923
336.836
-74.1503
-66.998
17.7815
-17.7815
-132.829
342.736
234.544
-154.348
242.429
-115.106
328.322
-11.862
-260.414
78.4678
210.845
-318.215
268.862
80.3613
283.694
-316.849
284.383
-295.911
36.9919
297.893
-55.5092
-197.781
253.291
-55.2671
-8.27367
8.27367
93.0034
-230.34
-251.722
154.53
209.481
11.3699
-11.3699
354.706
-160.944
-193.762
-86.3931
42.0366
44.3565
281.284
-170.985
277.74
11.1338
-11.1338
-82.346
242.761
-77.9941
-165.524
-24.7442
2.69318
-79.7093
284.658
-12.4872
12.4872
5.2558
-139.381
-188.061
327.443
202.968
-192.748
299.889
346.771
-143.804
80.9831
190.327
-271.31
-8.59421
8.59421
-38.5193
-10.7977
10.7977
-255.309
160.004
-69.456
10.6859
-10.6859
78.1398
-227.592
-11.6665
11.6665
122.241
64.8236
121.064
-119.983
-242.966
-78.1821
-10.8243
10.8243
-184.424
12.4619
-12.4619
-0.840151
181.282
267.336
-79.2559
-248.899
-41.104
-45.2891
-69.6803
9.66449
-9.66449
-321.576
11.9429
-11.9429
-188.17
-110.265
11.3064
-11.3064
-94.6128
-226.963
12.2391
-12.2391
-67.7909
204
80.8608
276.009
-287.506
-212.965
-56.448
-252.419
362.041
-109.623
-13.8616
13.8616
-332.69
272.706
-296.494
190.999
11.5506
-11.5506
-54.6837
-109.091
-116.455
-85.7739
15.6069
-15.6069
34.1544
-212.931
333.671
-187.521
-183.062
5.58949
12.9681
-12.9681
-13.6319
13.6319
230.34
-10.1872
10.1872
232.342
-154.202
-10.9445
-134.123
-156.631
-11.785
86.63
-74.845
-12.5507
12.5507
9.04141
-28.8209
104.895
-71.2704
-226.969
18.8412
-18.8412
294.933
8.57293
-8.57293
-137.2
378.43
-195.189
347.374
-152.185
87.5734
-259.07
171.497
-9.29336
-124.09
15.5473
-15.5473
-0.0431585
8.9952
-8.9952
-78.7373
282.737
-47.8017
-9.90898
57.7107
158.556
3.42433
67.6263
298.62
-58.6785
149.163
-244.181
230.604
271.188
138.831
-17.6999
13.8301
-13.8301
-77.7263
-83.0821
313.686
-107.855
255.543
-147.687
-175.313
-85.7298
-43.0228
46.864
121.104
-122.192
87.0165
-306.988
20.508
295.793
-9.2329
9.2329
20.4066
-20.4066
165.062
-33.0861
-110.821
12.133
145.511
13.5301
-13.5301
-5.47069
-32.1103
-12.8798
12.8798
270.911
-257.848
137.952
-156.025
18.0728
21.4124
-21.4124
170.47
-90.7019
283.417
-221.855
-61.5621
282.316
-369.33
-81.2727
2.14852
-4.52715
153.027
-259.479
-120.453
-205.961
321.756
-115.795
30.2037
-97.5519
0.370307
-45.5856
-185.256
210.981
-25.7249
-26.6202
106.2
15.2912
-15.2912
9.23053
-9.23053
288.41
97.0184
22.2294
-22.2294
-126.356
136.106
-7.66179
34.5212
244.463
-158.023
122.05
14.4013
-14.4013
156.754
-18.8023
-145.73
-8.96114
154.691
17.5684
-17.5684
52.9362
-8.11336
8.11336
-65.1049
-14.7723
14.7723
-93.3212
1.03006
-15.4739
15.4739
128.307
292.932
-119.078
-6.57713
-113.027
19.5571
-19.5571
254.588
66.4934
-31.8947
-251.791
-91.0091
342.8
-2.95526
-103.759
94.5161
-304.513
18.0319
-18.0319
199.545
234.632
-276.974
-94.4571
151.741
-57.2839
174.558
-267.382
343.22
-75.8384
-54.9011
-87.7352
17.2346
-17.2346
-105.347
-189.011
89.2285
7.44411
-162.511
155.067
-52.1024
18.0816
34.0208
-114.19
288.822
111.886
-282.235
204.027
-34.0853
189.854
-349.84
-298.561
-258.579
154.577
-202.237
-4.90977
-16.693
16.693
49.864
-143.263
144.395
-1.13268
-238.137
72.6131
-24.6227
24.6227
-94.0577
1.01131
-69.7126
261.413
-261.413
-55.874
-4.01405
-110.486
-245.838
17.2855
-17.2855
343.823
-23.9699
-63.068
-23.1484
-194.734
9.92529
-9.92529
-168.552
-80.3663
-337.43
88.4048
-127.683
12.6833
-12.6833
44.2091
275.846
388.069
-172.898
-104.533
275.276
33.5636
-10.9289
-30.5767
41.5057
191.932
215.375
-314.192
334.557
-125.203
206.706
-256.626
-125.867
91.1543
171.986
-263.14
-268.776
199.32
-322.093
-74.9486
-193.827
-69.9303
-99.6362
84.7375
120.733
-89.3109
255.44
-62.826
242.576
-313.846
-268.474
-20.2536
-308.75
277.237
-181.218
-82.1816
224.996
134.228
1.92577
-136.154
-105.777
189.226
-27.0284
143.883
260.184
-108.305
-101.08
70.7809
97.6337
-102.631
173.692
-9.74571
147.863
-138.118
23.4105
181.877
-369.399
272.965
-112.831
19.2263
-19.2263
-100.78
26.223
-26.223
213.461
-2.88485
-0.461123
141.337
-16.9393
17.0272
-17.0272
43.084
23.4094
-109.03
-91.6129
-144.352
160.119
247.804
13.6666
-13.6666
296.659
-120.097
40.6658
-250.531
-84.769
-203.817
45.0029
116.042
-117.055
130.023
-103.146
-104.794
-104.757
116.009
114.388
-114.388
114.311
-114.311
-104.806
114.375
-114.375
173.724
44.1194
0.882291
-150.534
-15.9788
-58.7306
-0.146488
-121.501
-30.0121
-90.3237
-113.367
-206.953
-130.555
-78.5014
303.488
-82.5354
130.407
263.187
16.0479
-79.8988
-156.675
180.879
35.3585
256.833
-292.191
-143.416
89.9498
-80.8806
-9.06914
172.476
219.341
-48.2242
386.579
-115.081
150.534
-89.6264
-20.3424
-136.332
-207.041
189.059
-57.6589
238.601
159.934
-170.8
10.8661
-17.7721
17.7721
87.5779
-297.933
253.748
-93.7441
-96.2422
-171.472
165.943
-266.722
-101.495
-218.842
218.842
-2.30454
145.341
-13.1598
13.1598
-165.018
-94.4611
-163.497
213.361
-78.8229
-318.445
266.891
95.6743
182.371
131.973
-155.663
17.3948
-17.3948
-323.408
-114.595
10.0276
-10.0276
-257.761
-323.637
341.394
122.881
119.79
-134.076
119.833
-319.6
-204.941
179.874
-290.952
168.761
-130.667
-127.356
170.689
1.23718
154.836
-174.306
204.557
34.2539
164.837
-199.091
323.232
90.689
-222.515
-113.771
163.874
137.03
261.617
-134.484
137.419
-210.238
289.939
-25.4916
-0.361818
187.938
-217.957
6.91335
169.515
-288.594
-102.619
79.2343
23.3846
-101.924
113.167
-231.448
-170.882
-258.424
-403.347
-140.471
140.88
-290.747
-154.198
19.49
-118.084
-184.864
-139.491
169.695
190.377
252.818
-154.582
3.55298
-64.5093
2.75143
-63.9121
-123.764
12.3639
111.4
-240.346
228
0.305656
-105.783
-91.1727
-134.204
-11.7531
145.957
-45.0949
-32.3013
-221.879
145.315
99.9867
-115.982
-129.284
123.964
-2.36021
-32.0312
34.3914
24.062
186.919
-118.299
287.814
5.03108
-148.126
146.002
-102.729
-160.222
147.481
-1.29843
251.151
-184.261
-143.901
-159.69
-99.3798
2.60299
-84.5488
151.47
-161.215
147.402
130.913
-318.974
-3.075
207.643
-47.7088
-174.357
72.8622
-9.15512
176.206
-151.903
-182.215
38.3136
-79.9018
5.54237
2.77572
180.352
-204.497
315.847
-230.951
-84.8958
109.485
1.09918
-307.454
181.098
-145.001
-7.49669
35.3427
1.6376
-0.842207
-131.426
-1.14095
324.18
-47.4572
-20.4729
0.247437
-1.78468
-16.4142
112.133
-95.7186
-320.173
-199.878
161.861
78.8696
-119.756
184.328
-312.011
156.99
0.297037
-149.841
8.68681
141.154
197.931
-245.156
162.204
48.1004
88.0182
-236.86
-95.7255
-186.167
-190.284
70.4798
-357.49
287.011
293.987
-258.629
103.345
-250.729
-110.88
-251.161
393.569
-128.517
312.845
45.8009
38.198
90.4741
325.068
167.873
1.91535
27.0877
-29.0031
94.4152
-308.677
-236.877
70.3756
-0.3
-156.741
-196.706
270.035
-242.89
-38.8886
229.338
0.518965
-198.926
-150.065
-6.59083
-205.758
1.52147
1.94334
-302.497
234.515
0.659964
-59.9213
-152.139
-215.654
-133.847
87.5396
-293.501
205.357
17.7731
-22.8219
129.336
-5.12364
-50.9583
-213.527
-149.568
276.839
160.885
-257.229
-0.701649
1.07262
65.9345
-75.8435
12.2704
-47.7809
-248.942
-8.81883
-132.439
245.606
-342.909
-311.863
214.311
-1.00468
-41.3765
280.379
-270.926
62.0168
-283.872
0.0509539
-340.857
7.33719
250.166
-346.454
-189.711
-218.159
13.7968
-169.155
-177.01
-96.0852
184.901
-206.531
1.55114
-274.26
-7.20991
151.605
-246.106
-41.0582
-317.694
252.165
-0.28001
119.973
-223.141
-108.074
198.126
3.07843
151.613
-167.161
11.1367
119.833
10.9524
-269.284
206.458
222.747
-406.797
240.164
-43.9464
-69.9639
-194.743
188.053
-53.4407
-184.696
0.260792
-2.60102
-16.1879
16.1879
126.401
200.356
27.3277
90.2898
294.788
10.9797
1.38112
-225.719
199.994
-115.196
-0.78598
-191.59
-1.83151
8.82827
93.1754
-74.2512
14.0146
60.2366
-5.17456
39.1047
-41.1848
-54.8627
0.744877
-38.7863
-5.34136
-35.7004
-41.3756
12.2704
133.831
-155.207
-362.262
246.468
-39.3077
-244.759
-2.60992
120.705
-128.302
23.2333
-190.394
-129.82
131.376
-6.94814
-95.7809
-3.45281
-251.504
42.9996
208.504
-13.1985
-142.561
145.67
5.15449
52.5562
-16.2713
-134.588
120.955
-76.4796
-44.4872
120.967
-82.184
1.30339
1.8267
50.0208
139.513
-123.83
-142.35
143.255
87.6492
-88.7991
44.571
-45.2726
231.932
-32.8255
2.32374
147.346
-149.315
59.5081
53.5399
-53.489
-50.2554
49.2508
-22.14
120.193
40.2617
-155.673
147.078
131.293
-2.52264
-42.8003
-240.02
232.272
-159.796
93.5839
-260.626
38.9046
4.44601
-67.5282
300.336
-75.3415
-26.6567
7.07352
-151.192
-176.478
158.534
60.7487
-180.54
17.3291
-92.1741
86.0717
-244.794
-13.7453
218.302
-160.028
222.367
-292.331
92.3488
-217.834
300.498
221.138
-279.816
60.696
-69.7651
-152.033
187.547
-101.85
106.702
106.692
-176.433
36.9424
70.3805
-146.691
127.462
-157.806
223.3
7.75235
-156.943
-80.2442
213.879
-93.9559
163.242
-243.609
92.4762
-195.326
233.433
337.627
-7.85529
-2.98553
-211.783
167.141
257.016
-84.8135
84.8135
278.948
-44.3246
46.268
112.422
-133.286
24.4725
-26.2881
276.883
-84.888
-17.7308
-179.037
234.534
-36.2327
100.418
86.0454
-12.1659
283.747
11.7077
-3.10824
214.208
172.371
-157.675
22.7303
202.507
-142.073
5.19893
20.3621
-124.538
44.0591
-69.9276
-124.815
-1.47016
21.9802
-128.226
53.9685
74.258
-20.683
20.683
-14.1951
14.1951
158.53
13.3432
-13.3432
18.0535
-18.0535
11.412
-11.412
15.0871
-15.0871
-19.8482
19.8482
-16.0417
16.0417
-19.9181
19.9181
-19.6892
19.6892
-17.9934
17.9934
-16.9247
16.9247
17.7215
-17.7215
20.0347
-20.0347
-16.0208
16.0208
-20.0796
20.0796
-18.283
18.283
-19.9735
19.9735
19.9306
-19.9306
18.0044
-18.0044
18.4126
-18.4126
-18.5361
18.5361
19.6761
-19.6761
18.0261
-18.0261
-16.8244
16.8244
17.8494
-17.8494
17.7581
-17.7581
-13.2434
13.2434
20.027
-20.027
-11.3986
11.3986
18.1109
-18.1109
17.7602
-17.7602
-11.3651
11.3651
-13.3687
13.3687
17.5462
-17.5462
18.4683
-18.4683
-18.5356
18.5356
19.9674
-19.9674
19.2353
-19.2353
-19.3774
19.3774
11.4088
-11.4088
11.2544
-11.2544
-20.0442
20.0442
18.2617
-18.2617
-13.552
13.552
-13.3448
13.3448
-18.371
18.371
-11.2546
11.2546
17.4263
-17.4263
-19.3873
19.3873
20.6477
-20.6477
11.2953
-11.2953
-19.2413
19.2413
17.7037
-17.7037
-18.3666
18.3666
17.6162
-17.6162
19.3713
-19.3713
13.1607
-13.1607
-20.282
20.282
20.1178
-19.234
19.234
17.6142
-17.6142
13.1729
-13.1729
-14.2964
14.2964
17.8497
-17.8497
13.1664
-13.1664
-15.5055
15.5055
-3.78961
12.1659
-100.957
-150.54
99.6533
-5.23807
79.5728
-328.515
-4.87107
-13.7227
-24.1825
49.9222
-75.3315
-3.49137
-88.752
-102.915
191.667
-3.31308
-262.303
207.036
6.94742
-165.462
-13.1437
-108.353
5.74463
169.252
257.386
-281.838
-39.1855
-167.669
-117.323
-252.076
-129.375
-28.9974
-53.4104
48.8411
-171.852
67.7204
53.2464
-68.7771
13.9144
102.175
326.93
60.5436
15.4778
-5.70937
-140.402
-32.2511
104.781
4.27371
260.196
23.6376
265.368
-164.447
-170.981
200.205
-256.372
-147.374
196.281
5.70937
-217.422
305.44
269.014
-86.0592
116.019
14.0531
-72.5675
58.5144
181.236
-111.432
66.3367
-27.753
282.857
-5.37256
-18.188
-211.881
206.062
261.66
59.5012
-92.1353
-44.6775
165.588
-251.318
299.828
-47.6636
-180.51
-194.596
281.802
-6.94742
-3.08014
-80.4184
-156.592
196.974
-307.46
55.9999
-330.756
-41.7164
13.4257
28.2907
222.696
-34.7584
98.4231
80.7462
55.2022
91.105
-5.74463
-122.144
213.531
239.594
-177.627
309.81
-30.8623
223.375
35.842
235.213
76.5691
2.7408
5.37256
-26.1144
-165.63
29.2976
118.105
2.62914
340.631
-129.346
82.382
-198.984
7.64942
-145.767
-58.8037
-9.97337
-245.246
117.89
258.423
55.1528
-53.3831
-150.33
127.588
206.857
151.861
-147.471
-72.767
-161.375
73.2838
44.0851
58.5617
-102.647
-259.522
7.96797
-24.415
-37.9692
-204.823
-72.7801
-118.407
-212.347
-26.6634
-107.757
-48.2915
9.59357
-254.388
-230.94
277.844
58.8188
46.7853
-12.7644
-32.9525
146.095
199.512
-52.0715
-122.897
27.0232
22.032
185.715
-207.747
69.6647
-13.353
48.1707
-12.0239
105.968
-158.495
53.3546
13.5659
69.0399
-146.178
111.511
140.408
146.868
-13.0093
49.2433
4.70793
55.5049
-202.935
122.691
288.267
21.5431
10.5274
-247.11
124.634
-93.8761
112.284
-143.425
-152.749
-184.994
6.35937
-76.072
-40.1949
53.5564
40.6617
1.79528
-9.00036
-82.1723
5.56061
153.2
-158.071
-37.3209
51.6937
-108.013
74.8093
115.07
-51.8799
24.2087
57.4501
-153.255
3.76249
-242.482
89.9742
50.4589
126.121
-190.495
-145.454
-176.473
100.56
-127.591
91.2972
191.378
143.948
-124.719
14.3388
27.0313
-26.7705
114.794
-186.376
-267.048
3.61406
156.505
268.752
130.507
-90.0285
-79.9857
-19.5975
19.5975
94.6673
-297.056
-119.216
181.479
20.8895
-82.3407
0.916876
239.481
-48.0354
208.951
-34.2501
219.965
-204.084
237.647
62.3847
-79.427
-13.0093
-8.67719
39.6026
-141.578
148.996
-42.8656
11.4463
-0.160134
-174.003
155.475
-11.8387
-33.434
-14.6455
-39.2894
-203.266
0.615389
-10.3778
-41.6937
53.1716
27.1764
-99.1753
-52.2117
17.575
-38.8091
-141.699
-182.294
-35.5403
-143.112
4.06584
139.046
32.915
314.877
85.2338
50.3837
-197.565
-152.275
-68.3721
-186.854
-140.794
-225.371
-176.128
166.923
164.696
-11.4958
200.229
-119.814
-0.805731
296.557
270.545
-213.095
-58.5878
-87.8426
140.83
35.3653
-108.923
281.008
-21.6269
23.008
192.117
7.39426
56.7117
-5.35922
2.03274
2.06922
-1.91368
-1.82217
-1.93726
-1.79659
0.501599
3.24986
-1.31886
223.969
63.6989
-40.488
-224.232
292.091
-105.136
305.366
3.33743
-41.3067
-28.6788
-58.203
59.3384
41.2318
231.937
-49.0534
-23.326
-114.118
144.255
49.9884
-196.75
-96.7514
-145.948
154.005
-179.539
110.906
-40.0292
-37.1904
12.1719
-120.762
-19.4387
-22.666
28.7191
13.9114
-9.0484
-9.22031
-37.5573
28.9665
-62.7854
13.9114
-168.127
-9.22031
-143.001
-100.608
242.425
20.6535
40.2212
-42.0527
77.5435
-339.216
-96.2829
62.0086
-17.4519
145.57
-270.998
-118.519
115.411
290.405
150.318
211.659
10.3772
0.86965
-2.01253
-7.47723
-33.8294
58.0796
42.9817
148.812
1.50573
-108.801
28.0106
58.9144
70.1261
-12.0465
-12.4091
243.442
-20.332
-173.829
)
;

boundaryField
{
    frontAndBack
    {
        type            empty;
        value           nonuniform 0();
    }
    bottom
    {
        type            calculated;
        value           uniform 0;
    }
    inlet
    {
        type            calculated;
        value           uniform -2000;
    }
    top
    {
        type            calculated;
        value           uniform 0;
    }
    outlet
    {
        type            calculated;
        value           nonuniform List<scalar> 
14
(
1999.99
1999.99
1999.99
1999.99
2000
1999.99
2000.01
2000.01
2000.01
2000.01
1999.98
2000.01
2000.02
2000
)
;
    }
    car
    {
        type            calculated;
        value           uniform 0;
    }
}


// ************************************************************************* //
