/*--------------------------------*- C++ -*----------------------------------*\
  =========                 |
  \\      /  F ield         | OpenFOAM: The Open Source CFD Toolbox
   \\    /   O peration     | Website:  https://openfoam.org
    \\  /    A nd           | Version:  7
     \\/     M anipulation  |
\*---------------------------------------------------------------------------*/
FoamFile
{
    version     2.0;
    format      ascii;
    class       surfaceScalarField;
    location    "37.5";
    object      phi;
}
// * * * * * * * * * * * * * * * * * * * * * * * * * * * * * * * * * * * * * //

dimensions      [0 3 -1 0 0 0 0];

internalField   nonuniform List<scalar> 
11512
(
139.199
-508.924
369.725
-778.919
5.08583
773.833
422.422
-371.66
-50.762
659.236
253.281
-912.517
1510.19
-1069.39
-440.796
1216.25
-1527.1
310.841
-34.9459
469.149
-434.204
169.265
-840.363
671.098
961.913
-1610.71
648.795
-1771.9
1680.39
91.5089
-542.947
1759.2
-1142.62
1936.34
-793.717
604.695
181.432
-786.126
-25.8508
-1323.43
1349.29
223.764
-1995.66
1021.89
-387.074
-634.813
-194.985
334.184
481.869
190.639
-672.508
1154.15
-1316.33
162.18
-334.828
379.872
-45.0436
1014.7
-1329.45
314.746
1221.75
800.36
-2022.11
75.5844
-1651.82
1576.23
-498.392
-1155.14
1653.53
471.695
181.971
-653.666
-182.411
-326.513
497.417
1012.77
1659.41
-1818.81
159.4
-98.5837
-1688.06
1786.64
-1561.36
658.54
902.818
-313.244
652.398
-339.154
-192.082
-125.492
317.573
1294.18
-1218.59
355.384
-1407.17
1051.78
-1754.23
1754.23
100.036
1543.87
-1643.9
-1085.98
-475.377
648.858
-683.804
-389.01
942.252
-553.241
1331.69
-1317.1
-14.5863
-1100.35
711.344
621.04
400.848
-418.872
-13.2283
432.101
-461.998
807.36
-345.362
-1618.32
1618.32
1253.52
-1437.83
184.308
-489.416
1711.17
1252.4
-310.148
1660.7
-1161.19
-499.506
55.1148
-389.943
2068.22
-1137.38
-930.846
1826.63
-167.228
449.391
156.106
-605.496
-475.713
982.01
-506.296
-1180.11
1280.15
-565.991
968.955
-402.964
395.962
758.187
660.142
-490.877
-438.412
587.714
-149.302
1190.52
-835.132
2308.24
-1080.71
-1227.54
1164.99
-2012.46
847.466
-1613.87
1588.02
440.46
-1583.08
-758.644
1250.18
-491.537
-670.494
357.251
1661.41
-699.494
-1106.93
-870.904
1977.84
702.977
-389.961
-313.017
690.939
561.46
-258.219
1511.74
94.1891
-308.295
214.106
-284.689
756.384
-332.468
557.931
-225.463
-324.33
806.2
-320.7
-137.061
457.761
318.278
104.145
1474.12
-459.424
-1004.48
499.539
504.939
259.586
100.789
-360.374
946.077
-341.382
-1704.89
630.582
1074.31
22.3651
-868.345
845.98
-273.668
587.462
-313.794
158.896
-1093.92
935.02
1050.36
-1066.01
15.6509
373.165
516.283
-889.448
-245.26
694.651
-1102.69
-482.816
1585.51
-676.42
949.058
-272.638
1351.91
-1450.49
-661.906
295.081
366.825
-470.212
-1011.46
1481.67
-535.416
-798.159
1333.58
574.817
-994.686
419.869
-260.704
-313.38
574.085
399.274
-305.084
-1049.11
573.401
955.631
-796.735
-110.424
943.551
-833.127
-198.56
406.028
-207.468
-638.668
-365.809
-386.736
961.552
1856.35
-1856.35
-482.536
-179.37
-945.109
1570.52
-625.407
463.403
-899.595
436.192
-921.573
355.581
-941.901
-1058.08
-1502.68
342.558
1160.12
-266.674
925.91
-338.614
634.081
-295.467
-1941.89
999.992
-1152.88
-349.798
570.901
-1516.01
1728.5
-1726.11
-2.39071
199.714
-621.39
421.676
-1473.26
975.932
497.327
273.669
225.694
-499.363
303.287
-635.755
230.536
-403.587
173.051
2017.64
-871.949
-1145.69
-558.552
139.68
614.104
842.323
-1456.43
-182.524
413.06
431.901
875.755
-1307.66
-901.793
386.491
515.302
-1052.45
1448.41
-1068.18
309.533
745.092
-92.6945
575.551
-294.46
-281.091
1029.45
-529.91
593.498
-1403.56
810.059
-1342
239.306
-538.45
264.782
-1192.09
925.412
1945.3
-987.067
-958.236
276.796
1579.55
-2101.08
899.485
1201.59
350.373
-34.6597
-315.713
-222.538
476.761
-254.223
-90.4559
-396.09
486.546
-457.354
136.654
335.393
-132.121
595.524
434.899
374.317
-809.216
-2043.83
1128.24
915.59
462.124
-523.643
61.5188
215.467
-355.543
140.076
1004.29
1013.35
1797.72
-253.85
755.681
-460.599
795.053
-1388.64
593.591
367.306
335.671
1066.2
-1043.83
-486.563
-257.628
744.191
465.233
-124.715
-340.518
794.576
-613.144
545.68
-735.378
189.698
503.332
1157.37
-1240.47
705.052
1031.2
-1529.59
-3.11216
-1439.42
1442.53
328.228
821.87
-1150.1
621.563
269.891
-891.454
-2270.44
1153.02
1117.42
-1099.21
-1171.23
175.567
370.113
959.244
-631.016
877.766
-897.588
19.8228
-2099.39
992.463
-215.161
-184.958
400.119
-42.1617
1770.66
-846.611
67.6916
-1032.84
-1068.24
-226.99
442.457
-699.147
216.611
-290.892
-425.334
716.226
1103.92
-1574.13
782.415
-1374.11
591.695
698.525
-445.243
1947.81
-1444.48
-378.28
-1375.95
61.1073
408.042
-539.83
544.916
33.6681
-592.874
559.206
568.203
-294.534
-596.887
273.618
323.269
789.578
-354.679
35.3261
315.047
1188.47
-1191.58
160.407
238.867
396.289
-687.181
617.991
-1004.73
-2026.79
2026.79
-274.876
-445.533
720.408
698.631
405.832
-1104.46
579.966
165.126
421.095
368.483
-2199.77
1328.86
-925.536
-680.747
1606.28
-474.668
-717.418
-249.826
558.623
-308.797
838.755
-220.405
-618.35
-465.278
664.992
361.875
-700.489
-383.83
-132.614
516.444
-1339.88
-478.926
653.313
-1127.98
-374.134
-1244.19
844.365
1463.88
305.297
-915.554
610.257
966.118
-345.078
1391.12
-797.62
439.067
-278.66
-321.827
-881.482
586.25
295.233
-352.191
-529.291
320.518
-410.974
-186.96
-159.546
346.507
-392.831
1091.46
433.184
-242.546
-381.084
1366.95
-173.366
-1193.58
-486.016
309.682
176.334
221.29
274.722
-496.012
-4.16241
-731.216
592.215
-1729.1
1136.89
1486.91
-872.808
-1048.34
-424.914
-1055.4
574.833
480.569
1394.51
-418.576
928.327
-1411.14
-175.438
-181.816
357.253
-467.198
577.561
-1630.01
427.835
903.855
302.663
298.106
-600.769
568.027
1186.2
1102.13
-708.577
-393.554
389.359
-201.512
-187.848
-1419.41
447.141
736.19
-1183.33
1473.17
-544.847
-484.808
943.985
-459.177
426.166
1186.13
-1612.3
47.4384
-723.859
-155.019
414.605
194.207
-386.289
542.301
487.147
-592.592
38.3235
554.268
1024.5
-1307.64
283.13
673.416
-252.321
468.444
-1447.19
978.743
391.23
1689.41
-524.415
894.163
1051.14
-657.789
-1684.96
759.426
563.549
413.565
-977.114
457.839
79.1314
1750.22
-1829.35
1443.59
-379.491
-1064.1
1699.24
-1741.4
-364.463
-544.784
731.706
-186.922
-502.59
170.477
294.756
-373.123
-1225.9
214.446
-764.768
-638.789
-627.168
995.851
-368.683
-650.606
640.384
10.2223
654.719
-923.304
268.585
-706.698
349.201
357.497
-646.775
-702.66
345.699
356.961
-932.059
1400.5
-427.585
894.262
-466.677
-2205.32
5.55607
167.193
-529.056
361.863
144.616
1222.33
-107.469
-591.678
151.127
-589.539
1486.92
-704.501
394.561
-466.151
71.5897
-560.025
560.025
1222.94
395.382
1778.37
-1227.63
590.294
637.331
846.053
-51.477
1292.83
775.393
-541.237
1336.29
293.599
293.863
266.491
-811.275
250.714
-712.712
224.059
-435.566
211.507
-256.7
590.141
-333.44
111.842
-368.542
-591.015
-564.717
1155.73
-379.756
559.743
-179.986
-1192.14
2032.03
-839.883
1287.85
-328.608
-395.471
134.767
-1982.3
827.165
1550.31
-851.833
-698.476
1987.06
-877.501
-1109.56
714.61
573.242
-239.607
463.666
-673.562
1159.63
-486.072
-769.004
1200.91
552.033
924.515
-1726.05
801.536
-555.052
-85.1845
640.236
313.205
262.345
411.583
-86.5875
-324.996
896.183
-83.5811
-812.602
940.613
-580.198
-360.416
1576.13
-472.208
895.708
-1630.88
735.168
1068.44
879.376
746.092
-434.133
-311.959
-1058.79
-258.314
574.459
573.876
-1148.33
-470.795
529.758
-58.9635
571.649
-333.418
-238.231
-990.424
562.839
593.792
893.121
-441.746
1096.47
1428.64
-790.761
-637.875
387.692
-922.253
534.561
-1050.01
411.341
575.688
-1060.5
481.054
-557.024
75.9696
492.18
315.18
-511.178
-48.847
-793.744
-882.383
1676.13
179.284
210.075
-237.662
413.229
-29.4463
-575.555
605.001
502.141
872.861
-1375
-500.425
313.465
985.003
-88.8198
835.145
-1064.08
228.939
410.319
844.696
-1385.93
-464.424
838.741
1983.04
-1288.77
-694.271
269.398
608.368
255.41
794.951
99.9558
-983.64
883.684
1673.71
-1088.9
-584.806
-138.099
1888.32
-1866.15
-160.642
482.208
-620.352
138.144
-1010.91
528.595
482.315
-1730.46
538.315
-955.342
844.918
393.063
194.65
577.993
-272.696
-415.966
706.525
259.593
46.2204
722.597
-768.817
-1128.05
-900.791
2028.84
-546.003
1125.36
-579.357
-487.225
-320.48
105.319
-1658.45
864.709
-843.507
-620.508
1464.01
-328.574
-294.239
622.813
350.528
-660.459
309.932
260.35
-615.029
344.711
195.072
-539.783
370.193
-620.019
631.055
-280.527
315.55
-452.611
681.964
419.266
-197.976
-410.012
-292.648
1229.77
-2.14738
-1227.62
1038.3
-420.308
558.044
410.911
-1782.29
869.803
912.485
487.541
563.668
-1051.21
-531.494
202.92
-264.926
1182.35
-917.426
-1590.8
1212.52
504.584
-1095.6
386.203
8.35796
432.598
319.624
-752.222
366.585
-611.846
-39.5466
760.594
-721.047
-524.589
794.479
400.783
320.368
525.685
650.248
107.462
-423.157
315.695
1057.89
-644.424
-413.464
494.056
-1664.27
1170.21
-1140.25
1753.22
-612.962
1715.9
-1123.68
-333.616
607.234
-1182.7
1282.65
424.47
-801.328
1616.75
-815.424
-285.446
-200.57
-904.208
1473.27
1817.24
-610.508
-1206.73
-405.29
678.447
-1305.61
-124.626
-62.0229
473.606
-691.924
-354.185
-1236.61
-212.77
473.12
902.077
-561.509
165.419
-1674.95
-71.3466
1746.29
-1086.47
540.466
564.526
-1187.78
623.257
901.055
916.182
630.376
619.805
706.083
237.902
-1153.08
479.518
-395.419
429.087
613.251
-513.016
232.83
-730.758
497.928
715.185
-347.879
-308.656
183.165
-623.705
255.789
367.916
-885.662
-745.214
1087.66
-2145.74
394.503
-679.192
-342.762
-723.251
838.645
589.991
-341.142
327.914
380.373
243.28
631.196
-874.476
525.201
634.433
-560.635
176.805
356.886
-631.761
-1041.76
-854.312
1896.08
-1809.39
157.574
1106.53
-1371.45
1168.57
-710.736
-457.83
-504.801
1349.5
-1495.41
627.941
867.468
-283.261
-208.828
492.088
1428.45
558.61
365.177
-497.791
-478.283
-576.366
1054.65
-427.953
595.146
1583.54
-1131.51
-452.026
-794.794
349.261
654.379
403.51
-1623.42
416.194
1207.22
-181.702
526.413
797.509
786.032
207.669
-708.197
500.528
196.164
209.864
-273.244
-110.615
383.859
508.588
-6.41011
-502.178
-1649.93
601.59
-1613.04
1684.04
-71.0008
14.4612
-1627.5
1069.45
786.614
-354.017
-825.039
-224.97
-1134.57
-239.535
-312.071
678.657
-1813.05
-640.923
1214.8
223.448
758.562
-1333.53
-678.933
-466.244
633.121
-330.458
-1013.26
1350.82
-1933.07
582.249
647.654
1288.68
478.885
-2.12399
718.454
714.7
-1433.15
-634.958
325.555
309.403
433.998
-100.839
-333.159
138.832
329.484
150.356
-479.841
-599.753
1163.3
451.148
-650.781
-459.126
-401.839
860.966
-326.532
151.094
-454.614
149.53
-300.257
-710.653
538.844
-104.845
-579.535
967.227
571.333
-266.989
-304.344
451.74
-776.07
-650.743
462.734
-1129.36
-848.794
1191.35
-569.771
444.666
299.524
-469.979
80.0185
1026.68
-313.15
588.205
-275.055
-509.039
1578.49
-700.599
259.046
365.558
-624.604
231.562
504.574
-36.7923
-467.782
-268.551
-186.063
1012.93
1108.81
564.894
-892.259
956.878
-64.6189
-450.508
167.247
-751.866
326.532
-596.754
327.895
387.29
848.316
-1252.85
404.534
775.482
-815.028
-948.803
-550.398
1499.2
-180.282
478.388
-567.928
273.467
1309.03
798.472
-590.803
1330.88
-677.563
486.95
-660.929
-401.413
-420.086
-378.462
798.549
499.506
-840.889
-476.351
104.685
371.666
-307.904
572.508
724.646
-330.143
-226.976
-175.009
401.985
-492.631
126.996
365.635
1463.1
83.4425
-1546.55
-756.795
1350.59
-1144.78
-465.923
551.133
-185.575
1154.14
-378.659
1083.4
492.724
706.931
-440.44
-884.646
-522.522
-1328.29
-19.1648
985.975
-966.81
594.821
352.294
-947.115
-356.096
-202.456
-684.995
405.548
1621.24
-199.973
388.472
338.833
-727.305
-1839.75
-2106.71
1519.15
587.555
-2037.27
349.219
384.897
532.262
-917.159
-460.624
1018.67
-416.77
-669.276
1086.05
-2030.57
1391.21
639.352
595.247
-1012.02
43.5544
437.5
386.113
183.209
255.858
324.292
980.144
884.556
674.808
-320.123
-354.685
-287.022
615.029
-328.007
568.594
533.536
564.22
514.463
-1078.68
-796.025
-699.383
750.571
403.57
-407.213
717.144
-1193.37
1609.57
441.658
-1110.93
-358.583
553.655
-1384.95
892.566
492.387
-711.422
-337.59
-775.497
337.898
437.6
447.403
717.223
-1164.63
1080.3
-592.754
-428.591
678.569
-249.977
249.972
321.361
-465.356
-432.421
897.777
-226.557
573.73
-972.047
398.316
-462.101
600.598
-1681.31
424.042
669.88
-1093.92
524.528
109.553
113.414
-2212.81
551.151
-106.485
1445.16
1777.1
-217.547
-1559.55
-438.569
1789.39
-1987.35
1194.62
792.732
394.87
351.222
-44.8296
883.474
-1282.55
717.831
-867.195
-821.859
802.694
296.447
82.8234
-379.271
220.64
172.736
-393.375
1565.03
-846.575
-1530.92
-325.432
519.615
-232.312
-287.303
390.622
365.762
267.827
365.294
-11.8191
1003.89
-992.071
379.816
299.775
-679.591
-734.205
1817.46
-1083.25
-342.649
733.271
-1228.64
-415.26
-912.964
480.543
595.16
-794.223
199.063
757.422
-375.781
-381.641
-439.496
-452.763
451.745
1100.89
1242.84
-678.314
797.674
-345.934
381.673
338.736
-231.876
-234.274
-227.994
619.224
408.28
-844.369
436.089
239.18
350.332
-589.512
-419.212
827.491
753.908
-1146.74
898.323
-50.0069
-485.447
282.865
783.332
-96.7882
1385.47
1890.51
-44.2633
353.945
-318.467
425.929
-1088.84
1077.02
647.643
376.555
380.867
87.8817
431.733
261.103
512.73
-379.037
-255.921
-560.892
-89.7143
-374.032
362.26
11.7718
-257.45
-281
1010.71
-1540.67
529.963
-180.049
-191.612
-388.561
688.336
-1650.12
1590.91
-962.971
282.134
-683.547
584.338
1224.41
-1808.75
607.448
983.463
327.664
-1129.14
713.173
-286.427
-314.342
1389.16
-1456.95
838.825
618.129
444.558
-651.279
206.722
-401.274
495.389
-94.1153
388.078
120.51
1724.87
447.49
-251.326
557.674
-1704.79
1147.12
-100.007
395.187
343.106
331.702
-448.79
-614.2
1062.99
410.101
-874.525
-640.042
902.143
571.032
-478.136
-228.562
-434.85
-409.519
-307.749
-826.826
1821.09
-1821.09
-100.52
-1600.95
1701.47
298.678
272.97
-916.763
-555.685
1472.45
-408.161
972.382
-612.67
-1037.26
697.926
404.535
-1102.46
466.96
-151.411
573.078
1220.34
-1793.42
-1039.79
2114.06
-1074.27
-380.716
-289.778
-487.304
836.565
-1761.62
1608.86
152.752
1761.62
-1615.62
-145.995
-237.689
516.021
-278.332
-537.317
1620.72
1577.11
-1992.37
1109.27
-295.131
-274.799
569.93
227.451
-586.035
-714.848
307.635
1344.02
639.024
588.862
477.377
-1066.24
268.554
438.377
875.167
500.113
-1375.28
542.603
-1020.89
1574.94
-564.229
-773.332
-361.127
-143.28
504.407
-490.417
1207.64
-742.254
328.499
366.152
391.229
245.228
-636.457
618.68
831.487
-602.548
262.23
694.647
-478.136
-332.257
-248.126
580.384
1168.41
-681.935
605.735
469.86
-1075.6
-1289.1
1289.1
-381.997
758.552
-273.527
-487.246
760.773
505.414
439.584
-944.999
398.232
-671.76
603.315
-871.352
268.036
-367.689
-487.958
1076.82
-658.581
-714.555
1373.14
-381.852
955.582
-1552.79
675.293
37.6326
-439.371
401.738
-526.011
742.622
273.813
316.328
159.705
307.256
-538.984
252.557
1870.82
-1967.61
263.755
-729.033
465.029
-827.493
362.464
-905.11
1427.82
-522.714
-430.413
-482.55
600.911
1124.15
-1725.06
-713.444
332.727
-464.748
1033.34
-798.518
1060.75
-370.973
-620.638
-506.148
756.862
536.772
-354.801
915.515
-323.8
-168.831
1599.04
-1816.58
-352.559
-619.487
-354.422
481.417
283.302
-613.759
-179.147
1076.13
-793.269
197.559
-308.802
-270.605
579.407
391.564
-894.472
502.908
-477.296
-470.383
-915.554
-367.607
608.23
-240.623
-467.149
-449.4
-361.186
-178.597
-414.091
659.319
-446.01
784.745
-1071.47
622.678
-1405.48
561.976
-28.9974
-1841.26
1870.26
570.153
-450.913
1241.66
-701.195
293.109
-293.109
674.994
-458.751
1036.71
-1649.38
-1158.74
-947.968
286.196
328.833
898.782
717.97
-513.682
-307.207
820.888
1662.76
-1691.76
-433.012
333.56
234.643
1134.82
-529.085
-943.342
1550.5
-607.157
440.879
-257.669
369.727
409.614
-779.34
547.691
466.854
-1014.55
-331.136
659.635
-38.2172
1909.04
1607.61
992.28
-1696.78
726.366
-1176.48
450.113
-492.519
1367.69
836.214
-1341.01
-582.772
287.641
814.63
-401.066
546.857
-1194.96
648.105
-632.194
-1215.52
-695.714
1911.24
-191.429
572.536
-381.107
-187.555
333.44
-524.869
339.371
361.239
-700.61
-1492.93
756.921
736.011
883.938
-1434.34
820.824
-434.334
202.026
-357.046
-615.536
283.278
-666.201
-718.753
696.759
507.883
-1204.64
379.94
-206.385
-173.556
553.516
-956.479
-585.55
-427.159
753.691
-831.362
-1155.99
-1437.93
499.76
938.173
2.03659
-661.422
360.238
301.184
-1327.78
1050.92
276.855
-614.907
-456.562
-665.438
920.848
395.901
-187.673
-208.228
508.459
980.365
-1488.82
987.275
-558.681
164.914
393.766
-424.496
693.65
-429.896
-510.334
155.913
234.08
-1522.85
524.558
555.738
-784.806
258.794
136.339
-460.138
360.428
-830.811
1954.16
-1195.38
-758.778
430.69
-701.707
271.017
319.862
347.991
101.586
-449.577
-584.355
184.489
263.001
-691.837
1374.13
-682.296
424.099
486.261
-1197.68
258.571
1866.77
-1013.59
-853.179
783.861
-558.138
190.531
1402.29
-975.086
-427.203
325.257
-784.008
-616.609
1725.42
606.742
636.098
332.306
-35.8583
265.059
-1138.32
1725.72
-587.399
-1763.55
820.212
1768.61
-1696.99
-71.6219
-672.334
276.915
584.878
-742.136
235.987
1402.53
-566.316
379.731
459.01
-1858.81
1420.24
579.615
-449.923
-129.692
198.448
-559.633
-289.89
-197.335
-347.52
690.626
-596.812
235.686
623.777
547.19
-1170.97
1113.43
-1947.7
834.268
156.986
359.458
-1700.63
1662.41
306.662
-747.103
-174.772
376.799
765.068
679.092
-1444.16
1087.07
-1089.21
522.601
-1115.36
-623.562
245.52
378.042
549.839
-294.05
-623.929
-1025.45
286.793
-736.193
-912.323
171.262
150.916
229.024
413.827
286.132
-699.96
-640.925
-834.457
-978.588
486.954
-1071.31
-323.958
500.292
534.372
656.979
-275.908
-119.563
-413.257
740.922
264.478
-1205.83
564.902
1316.71
-551.643
442.324
-1027.87
-380.754
166.333
413.282
1023.09
551.849
-1721.56
1621.04
1642.06
-586.607
-1055.45
1907.33
-1896.84
-10.4891
228.906
-547.374
-370.893
568.451
-777.261
-337.606
-334.729
1018.13
710.649
-1520.02
809.368
316.606
-26.1819
1625.22
-1106.59
424.66
-1257.51
484.18
-61.7787
1524.88
1196.89
-470.527
-485.375
-73.3056
-282.022
736.088
-1951.61
-705.924
368.646
-536.658
168.012
190.133
-503.283
1139.96
671.632
-1811.59
-640.292
190.369
941.555
-1497.24
-210.541
678.724
-468.183
872.994
1127.01
-747.162
1353.9
636.215
-499.897
-136.318
-341.179
1180
1049.28
-1979.64
930.357
-1181.02
540.101
1488.69
-586.546
-406.641
-153.994
-1247.8
569.489
1165.05
-90.7381
946.298
776.117
-1722.41
-192.863
578.886
-1541.71
962.821
487.031
916.353
-1403.38
632.123
582.676
415.014
-1106.59
588.907
1115.29
1215.03
-452.075
-762.957
-1186.2
-1754.93
-4.66798
-1716.9
-207.898
-443.381
1612.85
-635.948
-976.902
-490.804
1121.18
-1323.23
633.42
689.814
-1365.81
1449.25
-1336.3
589.14
1520.44
-395.389
-599.349
192.708
-1491.72
221.043
176.388
247.101
389.115
439.576
414.899
-854.475
506.472
-938.728
899.927
-1444.77
-723.576
240.813
482.762
-1057.69
457.934
-490.499
870.23
697.859
12.1709
-549.724
168.617
-886.569
-1318.75
-710.646
344.67
365.976
395.632
-721.347
325.714
-471.812
-189.358
-708.231
727.189
1540.24
-593.944
826.03
738.999
1344.57
-844.461
-970.803
-570.904
-792.556
429.164
363.391
-1035.22
-636.707
298.109
338.598
-1433.68
-296.776
-786.846
393.852
392.994
-673.121
422.471
250.65
-698.562
268.667
412.888
484.888
389.892
437.599
476.56
384.406
594.943
-968.065
698.688
464.614
451.413
355.905
-807.318
1630.72
-1079.8
-550.914
-504.96
-293.111
-1034.67
450.997
347.552
409.784
592.35
-1002.13
-1385.94
749.987
-527.58
1150.84
371.282
-41.798
412.64
-862.491
449.852
-1899.46
298.506
438.575
-723.079
284.504
-194.235
398.287
-204.052
-659.309
297.812
361.497
-668.836
314.151
370.762
387.79
611.527
-1019.69
751.448
665.322
-1416.77
438.885
624.105
336.966
391.643
-728.609
405.308
327.963
599.974
677.376
423.513
608.592
-1041.1
432.507
-1675.66
1180.76
494.896
1696.55
-539.186
617.862
-1146.86
529
-638.784
344.545
437.764
-932.875
495.112
775.078
-455.453
350.677
339.949
584.487
-937.047
654.355
-1252.38
598.029
397.253
733.645
-1224.06
768.427
510.112
-1278.54
500.623
405.408
-906.031
-501.832
-936.101
-292.168
631.539
352.465
540.195
-892.66
328.514
331.121
-502.195
1944.73
435.391
-845.075
409.684
-917.528
-808.523
-744.323
362.682
-1239.29
440.77
-1745.6
1615.62
129.973
1753.54
-1608.86
-144.67
-780.784
-585.564
258.789
326.776
-1768.61
1992.37
539.229
790.394
-1329.62
440.178
715.553
689.582
385.61
-1075.19
-52.9008
1617.14
-594.053
394.276
847.385
-644.109
322.545
321.564
-378.944
-295.686
545.658
-209.045
434.739
275.549
-658.662
383.113
257.325
-571.119
-277.253
442.865
-1032.03
589.167
538.077
1092.64
365.964
595.589
308.292
349.929
-658.221
1640.46
-929.813
1692.72
-1521.47
-171.252
-328.239
-819.869
410.35
857.155
-1067.7
-600.475
272.469
-1090.52
1628.59
-1597.62
-73.9694
1671.59
-341.687
-350.511
-370.727
541.04
593.78
-501.4
-22.2433
-549.51
498.174
-283.5
-214.674
1762.51
-1310.76
-618.976
293.596
325.38
403.105
357.325
734.137
-290.143
-399.653
-1753.54
1691.76
459.853
-1099.89
640.039
-41.4992
1662.54
570.608
476.254
-1046.86
102.83
1144.22
-1451.96
-9.62815
-1889.83
219.842
-592.64
306.174
286.466
-954.394
611.632
-895.658
465.245
-1127.68
672.211
455.469
390.555
272.1
-785.782
-310.078
1215.82
885.983
699.526
-1182.5
456.16
726.342
494.746
699.616
-1194.36
-361.203
-249.784
400.7
-958.71
439.118
519.592
21.2086
-1880.02
1081.65
-478.333
-514.097
558.995
-1377.98
818.987
-440.106
802.57
-405.979
503.199
-710.903
1723.84
399.951
-170.926
211.895
-157.697
-247.593
405.29
1895.35
-504.135
-1706.54
1050.41
-595.008
299.323
-1012.05
551.422
-312.548
544.492
904.892
-1449.38
-1102.74
437.305
-21.1816
-1946.42
1712.85
-663.573
-538.989
460.925
-1189.91
728.981
199.661
196.24
-277.957
775.204
698.066
835.819
815.795
-459.89
1083.96
-497.877
469.056
-184.337
-284.719
-1925.23
-712.719
-317.091
-640.01
-6.3157
646.325
456.436
-271.947
571.738
1068.72
-813.841
922.652
1243.76
-426.017
-173.65
-244.757
418.407
960.206
-888.248
-315.857
-1066.64
610.078
1565.69
-808.768
537.901
934.546
-405.001
738.043
-333.043
1129.76
-273.022
342.204
1349.39
-709.379
-212.874
448.366
-1198.17
749.8
-978.33
-141.084
1119.41
439.053
-953.937
514.884
181.307
732.078
482.953
742.935
-111.739
850.239
-426.402
1181.79
-796.182
552.566
-1465.35
912.782
-1216.64
1800.98
-431.705
-1510.19
879.231
-1401.75
-329.47
-422.753
1457.01
-1528.5
783.285
1491.39
193.048
276.008
-373.996
-1745.6
-286.661
-1018.54
1590.28
-1781.1
1781.1
1577.11
-1004.3
-630.494
-358.553
368.313
604.069
-378.143
-380.745
-1389.64
897.119
1125.06
600.659
1202.24
1789.49
-1216.41
-623.152
272.099
1659.27
-1916.86
257.585
816.109
-1268.14
1545.15
-561.688
800.998
324.362
-361.117
555.708
793.788
662.313
1366.53
-246.48
-445.806
-387.587
492.936
-336.83
472.075
735.565
-320.019
-129.558
-350.652
576.287
-225.635
36.4202
-369.838
1107.32
-1720.28
-460.521
-505.554
-577.209
864.351
701.339
-1596.28
904.44
-452.332
-633.833
-515.492
1251.68
357.586
1723.88
-1702.67
-1662.76
1896.84
-1560.6
840.092
720.511
-391.805
-1800.54
918.157
584.195
818.336
-393.849
1794.58
-681.143
-424.568
687.562
447.41
-1134.97
-1103.95
444.257
752.635
-1617.12
473.285
900.848
164.605
-389.447
224.842
-1605.38
-390.279
-442.913
990.162
-682.902
1442.79
-980.57
1853.56
242.253
-537.501
488.405
-295.357
474.344
893.343
543.417
977.024
-463.598
-427.87
574.411
882.604
-1392.69
-40.9936
1583.67
-844.667
519.976
971.409
-1475.76
-1115.89
1779.08
-1240.9
-538.179
1205.99
-319.389
-886.606
-181.211
443.912
-262.701
-457.269
-251.286
420.411
-169.125
133.605
-383.389
1738.48
-1743.15
-477.345
-530.888
-903.448
432.537
-194.804
-237.733
629.856
-471.118
-362.34
-334.626
696.967
-942.446
413.155
-1166.87
676.062
406.858
-648.365
-432.714
1588.23
-870.264
530.203
-458.53
-568.985
-463.048
355.817
-344.86
-10.9574
-1123.58
422.384
-665.088
-1033.47
1698.56
-615.362
-1425.45
710.897
562.368
-1596.24
1033.87
-408.818
-471.705
165.81
540.273
-1258.31
742.814
539.274
1005.88
-2133.17
999.98
1133.19
-388.371
404.359
-378.933
-25.4267
1477.96
-385.463
449.683
1195.48
582.744
905.945
565.909
528.177
-1094.09
153.107
-460.309
-1696.99
247.787
1127.48
-628.402
518.697
1013.52
-1532.21
1092.77
-1643.68
183.62
714.703
563.179
-879.036
-1086.26
-164.248
417.882
-253.634
-586.081
-450.061
-636.64
-622.023
344.066
-1619.92
939.176
-477.213
215.439
-386.365
527.18
-307.338
-622.466
1196.94
-1297.1
929.221
367.882
-1019.43
-392.738
-766.813
-832.42
1696.77
-477.472
1794.62
-1586.01
-208.601
-1556.56
1018.61
537.959
-734.095
-249.807
430.432
-180.625
-606.695
385.232
266.469
-651.701
-524.446
1006.91
624.393
-351.924
-1620.21
1050.44
571.826
1103.46
-1675.29
-435.482
-282.406
-376.903
-752.515
-487.588
-332.409
492.113
1557.98
-995.608
-773.915
1497.44
658.206
-324.646
725.884
1152.34
-1878.23
316.792
325.996
-487.641
-1934.95
1721.81
213.136
733.792
-475.809
-257.982
531.879
1060.73
-1592.61
355.817
-1726.52
-233.216
1752.37
-1580.64
1073.71
506.927
-1729.52
2.99985
-522.151
404.359
1700.63
-1721.81
939.217
625.447
-1564.66
367.004
-214.591
-152.413
-430.486
-268.076
65.0921
94.2802
-344.087
-423.326
-448.026
-401.499
207.264
1510.14
379.169
-220.689
-452.433
451.666
-188.665
340.433
1510.68
993.586
-170.136
-823.45
-1104.02
1704.94
-1728.98
1063.89
-707.559
-1021.42
-1265.06
1844.98
-579.919
1155.05
-1771.28
616.231
266.184
-877.554
1675.98
43.4029
-1719.38
-491.196
-1082.94
-1738.48
-980.321
552.451
1019.49
590.294
1132.96
-1723.25
274.77
-460.345
699.147
-384.997
397.103
924.227
682.056
-388.251
-652.849
582.954
1072.46
-1655.41
-410.083
-360.774
770.858
450.914
-1662.41
1521.47
140.944
578.65
-1043.4
544.766
1083.83
-1555.59
993.902
-230.499
222.046
346.406
1907.33
454.236
-71.5506
995.843
722.75
-1718.59
-696.626
1085.24
-1557.45
154.004
-569.41
188.922
262.744
-671.875
-567.413
582.721
1034.42
-710.706
-290.494
-1368.33
673.292
695.039
-402.272
749.802
89.7725
-839.574
562.374
-137.204
1557.45
-201.838
288.555
-778.512
-1934.95
1664.59
1020.93
349.201
316.32
458.758
-929.8
-995.431
-1767.26
630.752
1693.75
502.113
-474.753
1210.32
1087.02
-424.941
1029.01
-976.865
486.85
490.015
700.896
1047.88
-1748.77
478.422
488.805
-1493.86
-745.071
36.4943
776.454
-413.772
-895.917
381.82
-540.246
-800.769
610.257
-578.249
1397.24
1055.18
186.623
231.259
-550.687
1618.48
-775.795
1527.24
-1727.83
575.314
1152.52
536.925
-882.003
-1733.21
1916.86
-183.641
1721.73
171.966
-546.462
357.434
-263.154
-481.696
1210.68
568.274
1128.28
-491.112
425.017
855.26
-454.412
-774.127
438.334
335.794
1419.62
1089.52
-518.38
1422.82
-510.464
-532.928
1043.39
-602.829
503.972
-1214.71
1692.72
1839.56
-687.222
1586.12
-646.906
-1240.61
716.165
-562.981
192.018
-376.976
442.299
-232.435
-517.362
-1246.7
1870.95
-624.255
1173.37
-555.509
1120.23
-1659.42
1706.21
-574.001
-548.833
-549.855
1720.07
-316.379
-688.123
-473.45
1223.25
-1691.22
-1860.12
613.419
329.167
-947.517
157.71
204.905
-1719.02
1204.12
514.897
1162.84
558.89
-513.395
-465.46
1191.8
185.416
212.871
588.449
1251.12
-539.189
-1238.57
1777.76
-1025.21
999.985
866.781
-204.042
-1659.27
1702.67
-510.21
1411.06
-1733.21
-345.047
0.100789
344.946
-250.81
584.711
-333.9
99.7858
486.464
779.415
-383.782
1257.51
1270.53
-413.378
849.161
-438.812
1817.57
-662.523
1586.68
-1723.88
-412.834
-767.806
310.312
457.494
-561.547
-563.646
79.7493
-1138.54
-985.139
-670.509
1655.65
-943.697
-1189.47
159.173
-433.972
-647.02
705.784
1167.43
650.137
1410.26
-591.927
1636.71
1317.97
-575.156
-483.296
187.94
-503.337
1396.68
1239.96
-566.67
-999.979
890.371
60.2921
-950.663
603.406
-506.225
1403.34
1495.04
-589.095
-350.887
350.887
-589.622
1623.49
1239.07
-486.431
1134.12
-62.8328
1849.47
-376.521
1489.46
-589.531
-507.706
1347.8
-649.761
1218.58
-568.819
1554.8
-591.982
762.403
579.274
-1341.68
-659.185
289.222
509.25
600.984
-1957.28
-1007.74
1586.68
356.365
-356.365
-57.342
382.162
438.662
405.803
-17.7252
-321.602
916.875
-519.623
-428.928
811.09
-236.412
614.454
-423.909
1552.15
-444.351
-883.943
174.009
224.04
-398.048
601.176
1250.76
-1851.94
924.779
-459.534
-344.86
126.146
-1943.05
1816.91
-447.544
168.884
1180.95
-440.516
-740.431
-296.364
-599.553
-496.945
-378.933
-471.443
256.769
1158
-564.219
233.153
-368.307
135.154
-23.1156
-107.686
1375.95
-1268.26
34.6598
-595.552
-586.521
-444.48
444.48
-1262.34
1985.09
-1344.3
-211.384
-1823.84
237.822
-1025.75
-974.246
-176.041
-1639.9
710.098
1229.32
-1925.03
361.143
318.574
-679.717
-1850.02
1234.27
615.757
-558.701
558.701
-958.862
-40.1201
-1866.15
-558.187
1650.83
-675.448
1636.19
-601.772
-184.663
-1705.17
-578.098
-451.486
-594.877
-459.683
459.683
-1537.81
194.532
1343.28
161.531
221.749
-383.279
502.667
490.92
995.347
-475.754
1751.29
769.825
-414.642
389.216
523.61
1702.07
-594.752
-552.994
1636.82
461.021
1812.84
-645.405
-1804.56
-1938.07
-647.129
-473.077
473.077
-609.03
221.443
-698.92
1018
-466.579
-1076.91
-298.014
1579.55
1852.29
1635.38
-1635.38
-272.651
741.66
1761.52
595.805
1275.15
162.764
204.241
598.074
586.876
1603.48
-1603.48
214.632
-360.204
-439.94
449.367
950.234
-463.384
-638.453
-1130.94
1706.26
273.882
-1662.78
625.519
-288.794
460.76
1744.65
-592.13
-211.569
-428.892
378.386
736.909
1738.58
-613.52
-511.797
-771.251
1960.54
-870.463
-1090.08
1642.7
-702.858
1223.96
-1824.96
601.007
361.492
-898.993
-184.933
-99.84
1097.2
-487.127
147.996
634.12
-1659.57
430.123
629.193
-1804.56
-583.3
1787.42
883.146
-1162.87
1760.5
-597.625
1783.83
-575.559
-1208.27
438.282
925.731
-1743.15
924.414
-1486.53
252.46
1234.07
-833.409
-1254.22
-369.88
72.1983
297.682
581.779
262.529
1035.37
-436.674
844.773
-408.099
820.144
742.16
-1562.3
644.636
1066.53
-23.9094
-661.223
685.132
-1744.51
723.087
709.745
150.527
-1122.59
1936.78
-674.568
-1262.21
-537.188
1665.47
837.929
968.167
-1806.1
1227.86
683.379
-410.993
708.805
828.77
1026.8
-587.747
1761.52
625.471
1773.56
-1185.58
-587.981
-383.432
-349.088
732.519
121.455
-1185.55
1660.52
-540.288
-1437.77
1437.77
1250.55
594.427
1351.37
206.611
-555.667
280.413
-179.624
699.175
1113.66
474.369
-288.953
-869.239
-575.535
1740.15
-1740.15
998.341
-998.341
987.339
1025.17
-2012.51
1837.96
-614.005
-581.127
843.186
-947.857
-1052.16
998.139
691.499
-1689.64
-511.178
-370.243
-641.774
-808.44
2042.71
-1246.41
-613.709
1002.97
974.86
1289.78
647.004
320.204
1012.69
226.446
342.74
1186.2
1756.9
-1756.9
671.328
79.4173
-383.761
-997.061
-539.997
1674.12
990.966
1009.03
-1833.31
-216.041
-362.057
620.445
-372.658
1849.58
-1077.87
-771.713
397.723
-32.5461
-812.922
-1662.68
1662.68
912.61
1923.75
-648.603
582.398
-479.067
1708.01
-1228.95
728.622
1837.83
1157.5
-617.397
-577.161
1143.07
-811.627
-482.281
932.06
1106.41
396.867
418.928
368.621
1222.94
-1135.11
-585.168
-644.713
-1212.57
1857.28
-128.558
-255.056
341.03
-514.68
1250.3
991.157
788.154
-604.535
1878.1
-650.248
-384.477
650.945
1877.33
740.15
-544.28
370.475
-440.205
1453.44
-755.375
1172.18
588.32
-78.3913
405.368
-326.976
-1244.19
902.912
397.57
1636.84
-712.613
1046.57
904.834
777.724
765.617
591.552
757.79
1003.59
720.248
1835.88
-984.052
-851.833
537.898
-329.649
290.357
-290.357
-380.837
-669.653
284.656
832.013
394.426
343.618
1888.94
-659.616
1097.83
12.4578
-781.275
1118.97
457.698
-1140.03
1140.03
1758.45
-671.427
739.172
452.631
-187.354
900.007
-639.371
1314.36
1200.53
888.973
1143.7
540.448
1096.37
-555.167
-84.8425
-1090.52
1115.55
636.428
-1669.9
1198
-125.353
543.146
-417.793
231.755
-608.701
1859.46
1074.86
-1074.86
996.873
604.998
-1601.87
633.136
651.335
619.197
1115.31
767.569
-667.457
1731.35
385.571
1060.88
129.641
1563.64
528.81
711.152
-1215.62
-717.442
-527.003
1914.09
-1387.09
1852.19
-601.631
1513.38
-1852.28
338.904
983.962
-983.962
1772.87
-683.351
62.64
-496.773
384.512
-645.595
1353.68
-708.084
672.119
-664.07
67.2616
529.419
622.787
-1152.21
1490.59
-755.427
1025.78
-1025.78
422.759
-322.294
322.294
308.732
1148.35
-695.189
-896.093
1591.28
1233.39
1266.33
661.079
-1927.41
-1323.26
-714.623
1425.52
1323.26
-545.344
-975.425
784.704
190.721
1154.61
-1154.61
1174.11
533.899
1202.81
-1848.22
1206.3
-1060.69
1060.69
1038.97
1051.94
801.619
586.643
-1764.16
1177.52
1092.01
-1735.44
1073.74
-615.802
-511.116
1013.23
-699.429
585.952
1291.38
1691.06
-831.138
-859.926
1048.34
-1048.34
-198.062
356.112
-158.05
-769.083
355.31
-1827.07
624.404
1202.66
-768.068
-762.662
1530.73
-316.254
-320.883
637.137
1123.33
1656.63
-717.449
265.586
195.434
875.787
-875.787
879.214
1680.39
-1035.75
638.924
-1278.29
1260.84
-1909.44
1132.25
-1794.78
-267.599
-402.054
1921.92
1135.43
-1135.43
1236.17
-1850.18
596.803
-596.803
419.219
-251.089
-168.129
609.166
953.851
-475.429
765.488
1772.89
-854.733
472.446
-851.777
851.777
1238.69
-1078.96
1254.7
-1868.41
1267.23
-1891.49
1125.47
1553.03
-769.745
-362.445
894.386
-1872.07
977.68
-363.197
528.616
-859.472
859.472
159.32
-457.335
1176.27
-1777.98
1190
-726.111
-1025.56
1751.67
600.688
-642.21
-166.654
-348.372
515.026
426.332
321.803
541.616
-373.604
636.784
1289.48
-1926.26
843.822
-843.822
1125.81
-1772.94
38.3273
-477.698
1677
1205.1
612.704
-1817.8
366.758
-760.925
760.925
639.441
-1852.01
1243.48
1076.92
-638.64
-518.414
518.414
1222.24
619.864
-1842.1
1160.26
-1752.39
1123.18
-1763.08
639.904
584.667
-1395.73
811.063
1237.85
621.611
-1771.16
1173.53
488.383
627.939
1229.34
-693.523
-1368.15
1773.7
726.804
-726.804
1095.03
-1734.51
639.482
-826.151
387.339
-719.82
1717.96
230.253
301.466
190.648
536.817
1224.28
437.225
-852.055
-809.177
1661.23
-1166.68
-660.387
554.954
-1530.92
-632.24
1091.78
-697.506
665.153
-665.153
1010
-1010
-605.803
888.746
-723.62
1876.01
-642.621
-207.08
179.252
167.173
-346.425
610.896
1112.17
-1723.07
1813.99
-576.136
-719.399
1895.67
1079.53
-1773.06
578.228
-401.424
-523.498
523.498
153.219
201.737
-354.956
1836.06
197.269
146.627
-343.895
-276.199
605.001
-605.001
-1215.64
1767.92
-552.277
706.635
-441.577
439.522
-232.258
190.964
151.047
-342.011
1802.7
-1817.27
-1745.34
1131.82
575.725
-407.108
202.602
155.422
-358.023
-1685.91
660.693
627.647
-627.647
562.812
551.396
-319.64
-2087.55
-1193.4
-675.878
1878.69
1134.29
-1721.69
-1230.63
619.992
1707.36
-1091.13
-1169.17
204.953
156.014
-360.966
-582.765
582.765
34.0709
680.176
1092.93
-1773.1
1131.17
1106.22
-673.713
324.978
741.102
-741.102
-1470.67
586.662
884.004
1083.26
-1678.01
1810.55
-604.251
411.452
-715.965
-1640.76
1038.98
-598.645
1796.65
283.869
565.017
-565.017
1633.3
-893.576
434.042
-712.592
712.592
-1097.65
-850.054
-460.517
199.444
167.461
-366.905
656.274
-1301.87
-468.203
-1654.15
1068.98
527.997
556.68
132.095
207.414
-339.508
-1204.06
1805.07
-608.687
-1280.41
-783.4
1603.54
260.065
519.102
-286.878
625.799
-625.799
1792.35
1497.73
316.253
-621.126
621.126
726.454
-475.804
602.812
-410.104
-198.278
463.864
-503.229
195.891
735.046
-494.233
-710.944
326.467
-1658.96
1118.68
1090.99
832.485
-571.381
1452.21
-1557.45
965.466
1002.7
-1673.21
611.051
1106.13
-1717.19
-1587.02
1022.79
617.425
-617.425
1223.53
628.765
-1123.01
1105.3
-664.533
734.369
-465.702
-1486.35
897.25
1033.74
-1627.79
-1183.27
-580.897
1955.78
-998.504
522.749
981.709
-1628.61
-156.2
-554.744
1603.69
-17.0093
-668.963
1209.64
-1885.52
551.747
-1681.11
1101.44
-524.847
314.906
209.94
552.078
-1200.44
1845.14
-1528.76
957.855
-255.154
-247.697
502.851
216.109
-460.105
-385.336
1451.87
-756.431
-823.963
1580.39
740.76
-1839.87
1099.11
-319.892
479.212
-1922.62
1948.75
-1948.75
-1803.12
807.687
1881.27
-649.767
169.268
-415.863
-538.074
-339.918
-879.763
387.095
-596.462
1985.63
848.707
-493.534
-355.173
-1664.52
853.081
-1871.62
1052.69
726.385
1836.1
-282.496
1669.22
1787.52
-586.987
-1627.66
545.694
1081.97
873.177
-1629.61
-606.138
-668.047
-129.087
638.326
-364.444
153.354
406.671
1005.13
455.282
-1460.41
1675.35
-543.531
-562.589
1640.07
-1702.91
926.845
-501.828
-1101.27
614.145
-26.523
-1425.56
1630.68
-524.545
-1435.37
859.834
609.028
-1679.4
1070.37
1671.46
-588.205
-1286.91
-689.812
1919.15
-1621.24
-14.1373
-366.579
-1799.2
601.794
-1178.96
-1468.18
878.646
-502.19
923.069
774.973
-1698.04
1009.08
-1435.48
426.399
-64.377
-230.742
-162.634
-1376.4
398.068
281.776
-942.705
529.346
-1518.65
750.585
-1599.61
790.846
-1115.22
2009.6
20.426
-607.578
1772.83
941.65
151.472
-1819.73
1169.97
-625.669
433.135
-445.505
1070.98
-110.7
-1076.8
1187.5
-487.039
1249.44
819.101
-1651.52
192.229
1196.69
759.208
-1535
136.816
1670.42
611.932
-1541.75
947.131
-1543.59
-549.094
232.841
-1398.8
912.367
451.468
-109.655
1206.45
-570.354
402.848
-723.031
1402.48
-679.449
-363.698
565.163
-329.478
-529.832
819.054
-1372.66
806.346
-503.579
-694.103
-362.476
-463.675
1853.05
-1066.66
-656.407
-631.468
1870.16
-1268.26
469.247
-1239.56
799.048
-958.419
847.719
-1302.7
741.15
-827.297
-283.638
-749.854
327.101
-483.62
1209.66
607.02
1026.28
-6.52092
595.428
-97.6647
431.105
-232.733
445.605
954.275
1065.32
182.666
-1414.34
822.413
-749.818
-1128.69
388.262
-1338.36
763.201
-1597.27
752.603
1264.2
451.474
-220.215
-751.093
1330.37
-1082.78
-651.738
457.699
-341.771
33.4767
994.128
-1119.41
125.28
648.571
-737.448
206.789
-1745.38
-781.441
325.987
-226.168
1087.15
569.004
313.04
-882.044
-595.863
-824.042
372.555
-455.84
-24.0635
1443.52
944.013
259.433
271.002
-530.435
-686.571
1788.02
-64.4056
-457.574
695.476
172.943
357.362
273.39
-596.7
1676.86
1382.91
1829.01
355.82
1079.67
-1766.24
792.843
682.868
-1475.71
-1505.97
1095.02
-1061.32
1709.89
-651.864
316.977
-792.394
-573.318
-990.362
1563.68
-1028.66
264.469
-358.585
1082.21
-1542.31
704.436
-1519.86
-862.578
585.704
276.873
-583.433
534.346
736.617
1112.97
-1668.24
1668.24
-599.593
807.01
1147.15
928.302
-1527.9
-604.886
-947.218
-415.667
-477.909
-289.57
615.125
652.162
-1429.42
-1595.17
724.906
864.926
-1627.59
637.242
738.818
740.034
-1518.55
-485.339
1390.17
-755.307
-523.275
1278.58
-1252.38
685.709
929.628
-401.033
580.275
-1314.37
-1382.91
-1339.52
616.84
722.676
-573.095
646.221
-1296.96
-683.209
739.571
-419.368
802.054
527.596
677.689
426.678
-1181.98
343.035
495.749
-838.784
-427.836
-101.22
875.726
-1593.17
1663.52
-158.223
-1053.05
-626.351
369.49
281.455
1654.65
-556.818
1476.23
-578.976
489.405
646.29
-1510.09
863.8
-1230.64
661.817
-1217.19
-494.338
1140.56
1168.63
707.254
-1230.53
735.219
-1728.41
849.86
466.852
1008.87
-472.055
-165.412
-1050.57
-257.954
411.061
-474.772
673.686
-1569.78
-1184.24
526.455
1034.75
709.88
-1204.22
-603.356
-1635.45
0.929804
356.504
411.965
-901.11
1526.56
323.224
788.493
-418.017
5.08408
1574.59
881.887
-353.409
309.154
44.255
-470.388
1237.96
560.802
-1045.96
485.153
-323.224
-21.6354
529.966
-1071.81
541.849
1179.01
-413.396
333.353
-744.345
72.5647
941.752
429.284
-233.044
-500.393
-1061.5
-1191.67
636.163
-714.023
-1613.87
-658.649
797.603
608.343
870.566
-1478.91
1037.64
-1085.15
1660.63
-621.641
-486.718
-318.292
1164.27
-289.146
345.051
-393.756
48.7048
-735.413
-594.938
-1416.84
783.003
-975.608
-626.263
-46.6035
-14.2978
-244.978
492.477
-1151.66
245.76
-298.815
53.0545
-1092.06
-589.049
-675.832
585.801
-1150.02
-177.43
343.858
-401.993
58.1347
423.959
378.095
-1097.4
-591.546
816.2
430.935
-495.613
916.459
629.903
-1546.36
902.769
231.834
861.474
-438.714
461.56
528.438
510.149
-1038.59
598.669
485.341
-1084.01
689.125
607.994
802.102
-1410.1
968.833
1132.43
-639.951
943.077
648.205
879.526
-39.354
573.246
-1102.33
297.133
-360.806
63.6734
466.41
382.297
-413.604
333.105
80.4993
1112.4
506.159
-1017.28
-1633.15
863.41
1422.37
-757.052
-458.365
369.604
88.7609
1134.35
-711.963
187.492
-1072.96
1712.44
327.969
-418.223
90.2538
1478
-599.359
357.402
-447.021
89.6189
-619.892
255.448
-476.36
406.711
69.6488
400.39
-457.545
57.1545
402.539
-445.507
42.9683
467.399
-481.305
13.9058
-447.611
468.902
-21.2911
465.336
-435.156
-30.1798
441.566
-403.995
-37.5713
437.627
-394.039
-43.5888
422.791
-374.119
-48.6726
-387.446
447.82
-60.3732
424.239
-361.082
-63.1563
401.582
-336.154
-65.4273
-402.078
470.792
-68.7141
-20.7979
-800.649
490.501
-160.353
755.664
-685.538
467.041
507.625
651.577
-1458.72
807.144
-597.207
-648.011
430.504
380.586
420.549
-436.718
357.438
79.2793
383.318
-756.524
373.206
108.804
1571.47
-606.004
-1292.64
187.468
-561.463
443.692
-926.546
482.854
532.403
389.165
-842.716
453.551
1688.24
-744.229
1500.47
-880.049
-1587.77
-801.918
1763.78
-672.797
474.673
-953.006
757.364
-1354.57
1112.05
1588.02
511.582
418.046
438.933
359.139
-445.082
85.9435
-897.887
449.861
-381.876
438.786
-56.9102
-759.445
-568.504
504.913
638.158
-424.304
-580.26
1646.09
-575.722
493.065
533.736
508.5
-1015.85
507.351
-1537.46
1173.76
-689.238
1698.32
1126.97
-597.967
-371.272
-409.938
420.864
-10.9262
-283.345
434.345
542.282
-1039.23
477.051
1178.85
-547.873
-546.214
-332.346
344.517
1057.89
-350.792
-633.506
-535.666
512.219
-1057.96
545.743
1425.38
-602.962
1400.91
-500.904
494.823
-981.54
435.536
-382.469
-53.0676
208.883
-885.998
-671.224
1469.11
351.986
-829.79
480.962
-944.346
1834.54
-961.358
-740.947
280.638
542.292
594.473
651.343
-1245.82
685.024
-1432.76
747.734
1074.21
466.219
-906.159
731.817
621.862
-504.787
1417.4
-1770.41
1503.24
267.174
271.154
1453.68
-1020.37
1517.7
185.49
-721.672
250.554
436.529
-860.832
-639.602
-1111.54
295.968
1119.06
-157.855
1289.84
-604.134
-1600.38
1098.19
1921.17
-1110.49
-810.679
-582.507
844.098
1041.88
416.001
-824.1
-810.507
-1121.15
-648.37
-501.155
-381.372
-1351.2
-246.419
317.133
-573.055
197.026
436.841
-830.083
231.914
-656.482
853.75
-1810.9
-855.61
201.032
163.001
-364.033
-933.355
457.051
-1098.78
894.572
1015.81
433.509
1416.84
-1537.32
696.621
282.614
779.27
1379.23
576.774
-1183.34
606.569
466.663
-860.675
-888.457
1879.42
-443.441
188.287
-559.371
1120.17
208.141
626.594
687.77
-195.782
-396.774
592.556
1608.88
-1007.29
-509.352
1147.51
337.46
-268.195
-69.2649
628.394
-1259.69
-857.945
346.817
511.128
-1122.73
-1621.17
783.49
877.741
651.745
721.391
194.718
312.908
137.997
-509.624
371.627
543.759
-298.324
708.565
-1195.6
547.024
397.084
-780.867
-782.356
-627.74
-3.89122
1606.72
-981.205
-820.3
968.587
1529.56
-850.717
-678.848
340.99
-689.415
348.425
-540.223
1298.01
1268.28
178.418
209.238
-1053.7
742.313
683.206
-512.725
139.121
-457.054
263.557
193.497
241.318
1469.11
373.862
-734.066
642.88
968.72
-1542.04
180.244
320.386
338.21
-658.596
1189.4
-603.598
361.252
698.297
-373.12
603.373
1282.78
478.127
-935.703
457.577
544.405
528.959
-1073.36
676.223
-1428.74
893.879
-451.541
-597.105
1679.07
-599.434
1785.69
-1186.25
-626.327
253.208
1511.43
-776.21
-356.957
889.269
292.792
-910.238
-387.912
669.367
822.019
-733.902
1277.94
444.831
-895.467
450.635
-1063.14
-756.596
-763.557
-1060.28
-974.569
-715.069
597.216
-597.216
-7.78494
-733.398
541.914
-1532.28
808.599
201.389
407.004
-753.15
346.146
656.89
872.675
-1293.76
1835.68
-890.734
1660.11
-718.457
1267.81
-867.698
456.738
-249.949
1404.6
305.041
-595.262
290.221
-1071.66
615.823
-934.096
1535.08
841.104
-129.147
-463.235
843.821
415.035
463.181
-393.725
-69.4557
-1642.63
781.952
-577.979
167.875
1634.49
-881.884
1122.73
17.2941
1523.68
-654.278
-1129.66
-409.42
-560.048
-864.758
-1678.81
1052.46
508.081
-585.162
77.0803
-274.958
336.066
-751.161
1848.09
-9.92601
277.237
-598.12
-1523.68
-138.997
1128.12
-685.861
-442.254
-726.577
-117.244
583.608
278.511
-772.744
-591.167
1768.69
381.566
-744.13
1826.34
360.151
-889.983
278.092
288.717
-566.81
-324.917
369.029
339.777
-1377.29
-418.354
220.124
236.614
848.253
-1120.98
456.445
1076.05
-45.3243
-586.474
1156.13
-554.333
-946.2
-449.53
-498.919
-812.354
1311.27
-614.092
104.861
227.445
-220.527
-944.977
1378.08
-433.106
-500.579
-680.262
1297.1
249.676
-515.49
265.814
619.138
1390.47
621.333
-1554.69
1184.78
-816.898
-469.63
-537.8
277.983
-347.606
69.6233
-549.537
-251.047
-8.08899
-626.724
-1197.35
736.55
460.801
-571.976
1098.78
-670.695
1393.37
-585.156
251.256
1641.67
-916.763
726.577
34.3475
-60.5301
235.984
-483.681
804.697
-539.009
920.412
643.268
1020.06
-445.23
786.593
-1370.51
671.958
-247.488
1052.55
-654.287
1154.05
-371.605
331.485
-573.861
-890.428
1600.53
751.161
1731.18
525.431
-329.54
-532.429
867.104
-483.786
850.672
617.903
390.102
-321.206
-68.8953
714.38
-1605.11
-412.906
969.785
-636.932
-848.464
-742.271
395.69
-327.984
-67.7057
-454.339
-498.054
-601.771
370.822
1099.42
-637.862
884.162
-511.607
588.508
-427.016
1305.52
-1687.49
706.285
-1797.53
606.892
-530.855
508.723
-843.239
334.517
216.222
-543.6
327.379
-762.957
379.858
-355.866
174.961
571.499
-290.033
-471.287
1178.54
1125.76
-686.823
-587.873
-469.509
407.18
-435.56
28.3797
-503.145
191.081
452.044
-210.291
-346.733
-303.5
763.753
-1082.04
488.165
946.512
1039.11
-461.003
375.819
324.917
483.619
1028.91
498.845
852.502
1068.66
824.74
-1478.9
654.163
468.729
-1259.49
679.232
-189.243
-267.812
163.035
-393.076
604.683
797.796
-597.675
-156.857
245.523
238.778
206.827
1660.89
-459.844
-740.599
-314.294
371.733
-57.439
1168.5
-478.718
-689.787
438.403
-393.66
261.701
410.257
-577.206
493.882
-721.269
1158.11
217.711
643.251
1399.17
-1204.64
696.901
-430.622
149.531
-183.618
-686.633
607.149
526.251
-318.026
1101.49
-666.431
1133.09
-495.232
1205.11
753.161
-613.278
372.235
-53.9576
1513.26
-774.443
1654.39
-993.693
1370.51
-1245.46
251.047
-88.4179
602.532
-779.864
-782.44
-404.579
1254.44
-68.1667
-521.345
-264.112
-1190.85
-588.661
731.585
-279.506
890.635
-456.593
-366.263
171.036
229.083
582.378
-213.912
-285.451
1229.78
-592.45
-543.802
583.242
-656.731
225.191
67.9186
390.007
-324.151
-65.8563
255.401
-1088.25
765.134
279.043
-1019.64
368.935
199.086
-568.02
627.283
-264.593
704.928
-440.334
-783.01
-378.579
-1024.81
518.353
464.911
-1186.18
-885.911
346.901
-130.396
173.339
929.948
-60.821
498.579
-1165.01
1783.73
-901.843
-55.0057
33.6325
28.7529
40.4992
640.645
-471.582
99.8495
-696.604
-432.316
-625.646
-511.919
790.43
-440.35
-963.43
-1214.86
-95.9071
-468.175
760.967
900.847
-417.993
153.902
-351.963
-30.0064
786.058
800.823
426.27
-322.204
382.708
-60.5038
-500.397
-628.514
277.722
-624.01
282.84
705.64
-217.816
321.961
1162.52
65.9438
-518.627
647.228
-1593.86
946.633
302.698
176.515
-398.653
587.218
-385.83
223.347
-691.522
-412.206
179.161
-263.494
-212.599
925.773
765.618
188.124
326.902
-952.288
522.221
-87.644
276.197
-753.542
-660.036
-968.941
798.805
-1220.65
-894.567
307.135
-502.61
144.706
-351.09
-428.259
887.979
-342.236
-475.333
698.78
66.0234
393.66
465.893
1154.37
-751.082
61.4174
-388.877
642.084
-531.649
-626.488
732.078
-434.432
1209.81
-320.926
280.651
40.2752
1779.07
869.194
515.969
-337.55
864.078
-1428.08
-1840.42
856.37
768.262
-331.292
1603.69
503.989
104.879
-133.625
-178.219
311.844
1695.64
712.37
-1391.82
1687.7
-733.427
1036.43
-42.3058
1217.1
56.3175
278.581
-728.642
-269.566
-343.931
305.333
-803.387
1020.05
544.495
233.353
-676.266
-701.271
-162.498
1213.34
-243.337
-264.621
-183.949
-132.824
316.772
-1032.34
-211.192
-689.757
-621.205
-1311.89
540.642
-546.075
-1249.07
1103.07
736.986
-336.19
-92.7016
372.171
-308.75
-63.4208
1771.32
-525.721
133.295
-353.511
-64.6176
-462.367
957.255
-642.509
486.086
545.963
-639.013
-69.1842
297.76
-115.245
286.346
145.832
210.28
-1154.37
-406.671
-191.278
-132.571
323.849
-757.194
-810.863
-372.481
-82.7867
-886.154
-1123.35
-1464.15
-535.889
-1464.15
1465.75
534.252
1465.75
343.931
-317.717
131.654
1034.7
724.503
1275.17
-1122.42
-460.62
-853.749
-436.959
-840.495
-263.133
658.442
-401.407
294.922
-1752.22
-441.343
31.839
-374.458
731.709
-573.242
405.825
-670.418
-488.319
633.917
-434.831
-1114.29
-725.574
673.521
-1702.18
-771.25
-687.472
1679.75
-503.417
217.966
1056.25
-560.311
-100.912
-83.6377
-1471.97
585.968
1566.57
385.885
-1419.67
-472.904
-1398.99
247.507
-1013.97
461.237
439.61
1009.51
-862.862
-130.87
-215.137
346.007
-1292.64
-355.476
439.192
-242.166
-766.351
-448.357
-592.461
1487.03
685.925
364.816
-766.532
435.019
1134.39
-700.881
-818.848
-658.806
280.663
-649.711
-22.0487
-469.81
1245.07
-847.001
1462.43
-385.407
-360.906
748.266
-390.679
-900.467
-827.116
-430.585
492.104
-363.517
-135.142
498.659
112.082
422.427
-457.137
1425.3
1573.08
-604.488
-628.361
1157.78
-968.678
260.907
-297.1
-457.488
1099.44
-535.557
-208.789
946.812
-444.352
-153.721
365.228
757.194
-1342.46
-27.2998
-440.903
-247.145
247.145
-318.836
-434.314
932.529
-617.965
1297.2
-410.803
-511.918
-1586
830.127
-327.219
-340.475
-1193.94
1176.84
-570.271
174.449
413.013
-890.921
-722.529
272.214
490.698
-297.201
-633.856
-489.761
-219.143
-145.89
365.033
-819.743
-141.784
-217.673
359.457
-218.16
-135.101
353.261
-274.566
35.117
897.927
-1518.43
358.204
-191.031
183.506
-964.781
1043.49
-501.194
-671.057
-413.575
1084.63
939.441
-227.042
-142.849
369.891
-392.272
448.59
1353.21
1661.76
1282.78
-1485.47
718.94
184.988
461.337
91.7435
-338.889
460.473
-291.272
787.921
-441.776
506.208
-693.063
-608.806
-465.103
159.15
524.063
-33.848
-478.659
-404.357
-657.983
-1584.24
773.732
-228.064
-145.947
374.011
-887.723
-512.167
1610.36
-1525.68
-871.518
1129.85
-1175.18
1601.69
1059.86
-818.796
-899.796
126.163
-613.809
1671.7
901.042
910.199
679.137
-255.946
874.25
-350.775
-300.302
-372.135
711.912
399.999
576.632
601.601
532.545
-352.301
756.441
338.845
1580.78
1401.24
-471.29
314.155
-363.002
-665.741
-3.62352
170.712
-883.075
359.45
-802.287
946.169
839.517
225.191
-263.844
473.784
271.516
-584.43
782.986
206.552
214.012
187.973
1560.56
48.4032
905.513
-953.916
475.886
-401.943
170.356
-1098.42
472.772
56.0918
819.255
908.058
-177.402
-177.068
-390.952
-370.803
-515.107
-608.973
242.711
-929.302
464.383
-468.073
-357.717
74.4835
751.483
-457.596
902.453
-78.8113
-482.652
576.788
885.639
351.003
-200.469
268.559
931.906
603.174
53.3546
303.479
261.018
-1227.43
465.103
-910.085
593.218
316.867
1688.75
-428.869
-340.046
272.816
-404.588
976.835
111.587
336.716
1220.73
1514.73
-650.927
-679.433
686.173
-319.178
845.204
-526.026
-679.497
658.699
-401.017
823.598
384.593
612.797
-385.045
-1349.22
1038.53
-247.542
1857.45
-681.044
192.853
527.718
-204.507
695.426
-312.77
238.292
-1100.04
438.636
-1356.59
1339.63
406.659
-233.133
-144.454
377.587
-784.028
-1623.76
-931.389
163.668
57.9418
-607.165
1020.32
1190.85
-672.174
-759.512
-659.726
554.348
500.48
536.062
-1230.17
930.111
-248.443
1175.23
-526.108
777.065
-1290.46
1098.67
-83.9064
309.097
-607.743
1393.8
231.413
-634.21
-907.829
407.493
1202.86
198.937
215.668
49.5285
-975.847
907.422
-971.799
-242.892
327.806
762.91
712.33
1157.13
355.772
-661.955
-326.961
-328.701
-290.738
-736.577
-456.527
536.042
-393.433
-17.5408
83.5716
-43.2114
-761.823
299.457
-1337.31
293.481
504.601
665.135
-1169.74
-1100.52
-355.908
-380.636
-1009.51
-1134.88
-1518.48
617.848
-331.774
-1103.81
-381.382
-384.216
775.831
400.081
-1100.96
-67.2295
347.408
283.984
288.842
609.105
-1020.74
332.447
-431.244
375.34
-215.371
-398.851
-193.193
-1534.68
290.756
-1508.55
-1457.75
-210.118
1090.03
48.0205
-461.369
1055.89
-557.045
-681.055
1133.1
813.349
360.003
-772.909
690.32
-271.878
-377.833
-405.063
-567.238
1050.86
360.928
-178.366
-182.562
-343.347
-803.682
-400.689
1204.37
1914.48
73.9575
390.236
183.514
-542.494
-300.745
293.169
324.684
-119.114
-205.57
-373.898
169.846
-400.378
461.795
-410.252
770.255
626.802
467.653
-418.125
-369.812
-87.8946
-908.207
390.148
-238.683
-751.984
640.302
500.087
1171.5
1019.83
-1156.98
788.293
-543.564
-120.619
1549
-580.482
1102.7
-324.102
1648.23
-133.824
-213.781
360.594
921.149
416.048
-1377.41
-330.212
-1432.67
1315.46
-636.319
706.65
-1355.6
664.788
355.639
-458.344
-628.91
-564.977
497.486
-205.258
-975.342
-834.491
291.996
1127.52
1511.23
1003.97
222.69
471.766
48.2123
442.462
505.595
969.973
574.851
-319.45
-292.056
1529.44
-178.852
888.022
-1353.67
955.825
446.466
-607.157
-190.436
-489.061
338.323
-590.644
1131.06
557.24
-311.717
334.068
437.364
-325.282
246.803
-429.652
-144.016
-806.69
330.197
-600.835
-492.173
417.106
-1013.1
197.78
1011.8
507.384
811.509
350.822
-244.718
-399.96
1530.83
-753.202
-474.231
17.6103
-749.137
1169.39
-1708.9
1177.48
-210.169
1324.52
314.596
-349.03
-174.128
584.385
-356.195
464.402
1517.23
-148.186
329.515
-539.478
1391.9
-1198.28
-1328.04
417.657
399.18
-968.688
145.238
-352.774
341.131
-372.932
467.976
1061.46
-560.802
-573.691
1203.72
-1209.63
532.067
333.571
-1190.08
-1270.87
-258.726
73.9406
-483.006
309.918
-764.614
291.71
-49.2683
-607.215
416.779
-370.914
264.403
-140.937
-899.525
-472.693
-349.081
1115.87
-384.422
-295.425
279.105
419.879
430.303
-535.136
273.247
1632.57
-1575.08
-299.157
528.842
-87.3269
-720.878
288.736
84.914
-1100.5
-431.775
-882.535
269.257
965.512
-332.391
-958.069
-330.136
-1.17744
204.086
-698.098
782.765
-715.074
502.819
-156.875
-241.546
398.422
-343.005
58.0755
-347.029
973.252
998.788
-407.096
177.183
173.638
-651.202
220.121
500.408
-539.762
1080
240.041
-379.08
1133.56
-636.073
-269.177
288.528
143.709
-1671.58
366.285
1331.39
181.551
76.0812
0.672794
-424.687
192.113
1474.04
160.803
-802.867
424.208
-1532.95
1543.29
274.611
-158.278
-437.273
-188.287
1107.26
142.117
-282.442
322.016
-325.663
664.508
642.715
294.618
-628.282
-987.395
195.884
-153.85
594.757
-325.135
654.649
338.185
303.899
-779.693
1188.99
75.0603
374.947
-480.505
769.884
325.477
718.441
348.354
125.252
-625.134
913.435
303.539
-465.158
274.098
272.926
-941.004
-215.972
36.6853
-132.892
1500.98
-296.402
1339.6
-196.514
338.631
323.637
-1136.95
429.062
-822.649
357.491
-326.578
-674.159
1021.06
655.798
-487.489
-760.618
234.896
397.594
262.126
-345.768
-139.005
331.117
-557.605
-983.305
691.39
184.424
-607.87
-183.954
-759.449
-468.908
-124.849
-843.839
-159.75
1053.91
506.457
1726.09
-623.017
-83.7767
422.838
-663.958
-176.196
-150.381
-496.846
-117.617
-1465.09
442.313
-223.45
-306.283
-459.096
751.093
354.23
556.024
603.675
-309.372
565.647
196.808
996.222
-816.707
1292.33
585.692
382.427
-306.346
-544.802
-48.9225
-433.73
-1011
44.8575
-381.135
-380.267
72.5203
-335.519
-796.127
110.137
-18.3972
118.936
1113.48
-557.503
-117.524
803.59
294.184
-361.619
-983.178
625.393
-366.962
276.975
803.582
324.564
45.5484
-427.931
-248.341
1443.88
485.815
253.706
-100.026
1213.5
-208.239
-162.675
383.651
-837.94
-236.575
206.948
145.827
-328.388
1380.3
-499.84
-182.271
-145.266
73.6201
11.1182
-127.776
116.658
-16.4492
17.2135
-0.764362
-313.072
211.486
101.585
339.039
-57.194
-281.845
-174.525
227.671
-53.146
-17.004
172.678
-155.674
-3.64043
-6.86203
10.5025
32.2249
-19.5945
-12.6304
170.262
-159.144
58.9047
-233.43
178.528
-102.544
-75.9844
382.841
-403.642
20.8003
17.102
-11.2851
-5.81695
142.895
35.6334
-209.32
293.973
-84.6525
-45.1872
55.0989
-9.91172
424.301
-159.642
-264.659
-210.924
100.609
110.315
-37.3716
103.744
-66.3723
393.864
2.37176
-396.236
-495.274
463.438
31.8361
-4.69644
-38.2135
42.9099
-13.1662
-0.409564
13.5758
-131.639
114.635
71.2308
281.841
-353.072
-228.736
14.3011
214.435
258.48
-410.696
152.216
-39.6617
234.173
-194.512
-0.507463
-0.571936
1.0794
70.1657
58.473
-128.639
-3.11002
3.48937
-0.379345
-3.10767
3.48734
-0.379676
-3.10803
3.48802
-0.379994
-3.08361
3.48234
-0.398733
3.07982
-3.47159
0.39177
-3.08359
3.48213
-0.398534
-254.303
214.641
-25.2105
167.266
-142.055
-25.6334
17.7544
7.879
187.442
236.859
-332.339
289.417
42.9219
-0.267012
-0.240451
-11.4812
-0.612427
12.0936
27.7437
92.5031
-120.247
12.7532
19.4717
392.22
-320.99
115.252
-303.859
188.608
241.082
-244.314
3.23188
98.3778
-122.707
24.3288
-2.59176
21.8921
-19.3003
177.822
-150.078
84.0171
63.8653
-147.882
-104.009
-92.817
196.826
-8.23853
-8.21062
105.966
-131.177
39.0022
47.0987
-86.1009
281.79
70.788
-352.578
15.6236
-19.264
27.0839
-32.2541
5.17021
-15.6745
-9.95897
-75.1825
29.9953
-3.27367
2.72435
0.549324
267.424
-26.3424
57.8997
-56.2051
-1.69455
5.83455
-121.482
115.647
361.274
32.5899
-6.40436
6.40436
-304.307
-4.35098
308.658
16.9567
8.48535
-25.4421
-6.89975
-0.221902
7.12166
-252.182
-147.318
399.501
-257.582
48.2613
327.772
11.2674
6.80806
0.304758
-7.11282
6.87177
0.252671
-7.12444
6.80649
0.302405
-7.10889
6.80702
0.301976
-7.109
6.9256
0.254017
-7.17961
6.8718
0.252379
-7.12418
-12.1768
0.695677
-2.33917
-10.827
26.3965
90.0692
-116.466
0.630657
11.4557
-12.0864
-181.782
77.7728
143.295
-137.46
-13.8439
-171.547
185.391
-120.922
147.319
391.623
-133.143
7.59179
1.11862
-8.71041
-92.8754
-118.049
2.6089
-2.31823
-0.290663
-467.705
297.286
170.419
-270.49
213.296
260.758
-233.482
-27.2757
-199.488
314.739
-42.3869
374.611
-332.224
-190.899
231.596
-40.6972
-256.511
137.031
119.48
-256.28
-56.7916
-3.49684
3.97437
-0.477528
-3.75519
0.645173
3.58779
-0.507967
-3.75491
0.647246
-3.75689
0.648868
-3.61962
0.53601
-3.61846
0.534866
-222.51
282.645
-60.1351
-103.102
187.119
-156.993
322.864
-165.871
207.345
-405.276
197.931
440.873
-187.882
-252.991
-0.475595
0.472704
0.00289063
34.7897
348.052
-103.521
123.738
-20.2175
37.0443
107.619
-144.664
-1.06465
-1.71522
39.3281
-37.6129
-119.318
-20.2805
139.598
16.4442
322.271
-114.925
-62.7306
99.7749
10.667
-11.4618
0.794753
-3.95214
0.455303
157.985
-175.705
17.7199
-3.04017
-0.233495
90.5761
-51.5739
2.09252
0.516376
-0.156229
0.412316
-0.256087
8.10025
82.4758
-175.466
273.753
-98.2868
104.101
-36.5449
-67.5556
14.2324
-3.56539
-216.394
361.156
-144.763
171.44
269.434
29.7048
28.1949
55.4861
-92.8577
-436.43
394.043
-303.412
147.703
155.709
114.626
-87.8232
-26.8033
-105.131
-18.9323
124.063
30.1905
-30.1905
-222.51
166.989
-259.806
4.12326
103.496
0.3404
16.6163
-3.2203
3.60751
-0.387214
-3.27828
3.66383
-0.385555
-3.22021
3.60748
-0.387275
-3.15115
3.5513
-0.400149
-3.27799
3.66451
-0.386516
-3.27844
3.66492
-0.386482
-4.58504
33.4069
-367.31
333.903
-44.1288
-12.0764
174.931
-238.278
63.3463
-54.3548
49.6583
263.989
-277.833
-18.9692
-18.0102
36.9794
-0.0148361
-26.6062
26.6211
-305.041
-27.2986
225.837
134.824
-360.661
-6.07515
36.2656
309.286
-27.4957
79.9554
-296.349
-436.565
184.383
9.33868
7.87484
234.287
63.9238
-298.211
95.9627
-394.997
299.034
102.239
-301.727
-413.295
85.6771
327.618
4.97862
-85.2288
319.516
-4.81933
20.4429
-0.0478502
-0.108379
47.6005
237.675
-285.276
11.2351
5.86692
-26.6861
-274.595
301.281
-6.13223
-0.272136
226.114
-378.942
152.829
-52.0212
-212.092
-127.416
-225.725
34.826
3.19227
-3.58067
0.388401
-266.789
-97.2447
0.0715278
-0.547122
-40.8434
-83.9735
124.817
103.507
-33.3413
-1.75382
47.586
-45.8322
-67.3483
114.447
-20.0768
-17.293
37.3698
-12.6216
0.184356
12.4373
-129.721
-280.975
103.39
16.3504
-119.74
-327.851
-167.422
-101.281
56.1512
45.1294
164.394
-6.40873
-306.262
149.269
-24.0388
171.673
-147.634
-350.321
190.679
-109.979
-6.92078
116.9
-93.9367
-50.7271
-30.8072
6.51909
24.2881
-259.462
176.231
83.2309
35.4325
-138.953
25.0899
-26.8437
-31.8467
27.0273
70.7912
15.9732
-86.7645
-285.779
0.63547
285.143
-158.876
118.298
40.5777
64.3691
-132.41
13.0916
-114.173
6.84847
107.324
285.513
-183.274
-200.73
60.923
139.807
158.352
-65.8484
-179.955
-170.365
11.4652
-104.036
92.5709
-120.312
-192.438
12.759
179.679
-132.919
114.894
18.0256
10.6972
93.4033
-297.651
55.9309
241.72
-256.695
81.2289
-65.8356
77.3008
-7.05661
-23.7505
-1.30372
1.30372
-152.158
-29.6244
72.5984
-1.80714
-2.32537
-5.91316
33.9147
-40.9713
-196.241
283.481
-87.2392
77.5119
-14.1773
4.09523
10.0821
6.0713
39.3182
-45.3895
0.755073
166.511
86.8046
-331.749
244.945
-8.58916
-23.2575
48.7568
123.922
-6.33006
-126.589
35.5506
-44.1398
15.8578
-113.877
-8.17133
122.048
206.4
20.4032
-226.803
-0.600313
0.668909
-0.0685954
-17.3897
38.9532
-41.5449
249.761
13.912
-263.673
3.14855
-3.72049
-222.51
0.89808
0.0276444
-0.925724
-27.1094
-61.0387
88.1481
-122.168
85.6235
20.801
-23.1401
-5.44255
-45.0504
-217.865
262.915
48.3135
-48.3284
17.4405
-13.4112
-4.02926
272.646
-46.809
-125.364
143.084
3.72069
-0.0970449
-3.62365
30.6836
-3.5997
239.566
-200.365
-39.201
-3.76584
0.0106441
-3.76534
0.0104271
-4.2426
4.3653
-0.122707
3.83723
-0.249446
-4.31615
4.42997
-0.113815
-4.31494
4.41415
-0.0992107
-3.76796
0.0110622
-3.85425
0.234631
-4.24242
4.36523
-0.122811
-3.85375
0.235291
-4.31269
4.42164
-0.108951
4.46355
-4.32334
-0.140209
-4.24349
4.366
-0.122507
86.5866
51.3718
208.307
-259.679
-8.48535
5.51044
2.97491
137.82
12.8261
-150.646
13.7593
356.869
-260.906
193.423
-58.6808
-134.743
171.301
151.563
-26.8167
-192.289
219.106
-28.5819
-269.069
-61.122
-40.1586
178.942
-1.12092
-26.0759
6.08383
91.0032
-19.7685
-17.4131
37.1816
338.905
128.587
-467.492
-304.262
92.1699
-30.2331
10.1563
-22.8743
142.009
-119.135
237.303
-2.87065
28.9171
-26.0464
5.25111
32.1654
-37.4166
-233.599
62.0523
55.9988
-0.899934
-21.286
-80.7467
102.033
-134.899
40.9622
-364.082
238.026
126.056
230.543
-55.6121
98.9407
-440.309
341.368
67.2485
-334.037
28.9581
-8.15709
188.039
-171.688
-132.348
27.2171
1.22143
-1.22143
65.0228
-87.8971
226.222
23.5381
34.26
220.772
-255.032
155.398
-179.437
94.6276
3.75019
340.324
-253.52
0.50828
-11.7934
-0.231454
-193.587
-62.9235
215.015
-260.065
-4.49256
-9.61113
14.1037
-2.12111
42.1202
-39.9991
-0.754432
-11.8672
-360.356
393.762
-17.8956
56.8487
-0.109448
0.570065
-0.460617
-0.196672
-19.7115
19.9082
-257.186
-11.2562
268.442
1.62494
7.82328
-9.44822
68.041
395.397
-139.465
320.031
-180.567
197.506
-336.971
20.0894
-18.4645
187.364
-193.694
-74.5372
425.406
-350.869
-75.8437
104.747
-28.9032
35.7699
-35.9666
25.98
-23.8532
-2.12675
-4.0775
2.4319
1.6456
6.77412
49.2247
-3.17987
0.0434604
3.13641
-31.6181
-90.1576
121.776
1.34826
-3.66649
-312
410.941
346.817
-108.533
-238.284
-189.259
-278.447
-90.6275
-23.545
317.509
-25.4063
-292.103
-459.318
15.4955
-136.418
-74.7322
207.792
-133.06
205.63
-227.156
21.5255
3.82562
-296.344
292.518
37.2533
28.2497
-65.5031
20.6585
-134.535
42.4051
-45.2757
-130.69
67.9591
19.4677
-211.905
3.94426
31.7843
-35.7285
116.534
-91.9254
-3.17211
2.93072
0.241387
-3.17187
2.92148
0.25039
3.15522
-2.92044
-0.234781
-3.17258
2.9216
0.250976
-3.70036
2.75803
0.942329
-3.16644
2.92929
0.237151
-3.16618
2.92942
0.23676
-1.39167
11.2737
-9.88206
-24.0256
24.6563
-67.7612
140.766
-73.0053
-59.1026
31.9932
153.809
-172.741
13.0055
281.983
-294.989
-28.3422
9.37303
4.43197
-2.33945
214.63
-179.908
-34.7219
323.433
-397.971
-138.683
-183.396
322.079
130.829
161.945
31.478
-19.7455
25.8168
295.062
-281.15
233.575
-27.9449
-20.0814
365.11
4.27828
2.12608
-21.2353
-6.16682
27.4021
144.863
-153.034
-17.5151
-14.739
-39.7022
286.029
-246.327
-6.89975
411.855
-240.416
-146.722
67.3298
79.3924
118.047
-185.808
-204.677
17.7951
-0.354631
-35.5978
-134.74
170.338
6.83595
7.92009
-14.756
-12.3411
4.72334
7.61777
6.80806
6.87177
6.8718
6.80702
6.92559
6.80649
7.72278
-157.787
138.235
19.5521
229.316
170.148
123.825
58.5001
-21.2468
-99.5411
67.9229
310.58
-276.32
349.205
-166.779
338.08
500.204
-362.25
-137.955
0.0551031
-33.1427
-167.588
24.9446
1.0354
150.736
-157.657
72.7896
-165.665
-87.4128
88.5923
-1.1795
331.63
-147.928
-183.702
356.555
3.2415
-359.797
-127.358
1.99382
-71.2927
53.3971
327.259
63.7371
170.436
1.37469
-1.37469
240.144
-73.1555
-177.835
159.692
-41.3937
-143.804
156.63
-277.448
8.28326
269.164
-0.223004
-12.1181
55.4809
-7.8949
-77.7491
-52.9406
11.6348
-145.486
133.851
55.941
-16.6228
321.706
-276.803
-44.903
-257.567
-270.545
27.5989
242.946
15.3953
-272.581
-300.064
398.384
-98.3206
-289.962
15.3674
-92.0224
389.308
310.767
-259.395
-469.892
392.07
77.8226
-179.773
243.157
-63.3838
188.62
84.0266
-137.45
152.945
30.816
369.605
-400.421
128.389
-54.3804
-74.0084
-0.871696
0.271383
0.146538
-0.255987
260.822
70.8076
-10.4318
32.1692
-21.7374
-27.1424
22.6499
-9.84996
16.6859
-4.18287
-0.431019
4.61389
-1.86127
-2.21623
5.42624
-211.888
206.462
-122.431
3.58421
-0.859863
0.0645416
-1.80825
1.7437
28.5181
-5.26673
-23.2514
46.8935
-11.3428
3.19302
353.362
163.702
-105.229
43.3823
-9.46763
-154.826
-209.256
288.304
103.319
99.6855
-361.423
261.737
388.103
-392.454
93.0366
-26.7319
-66.3047
290.827
-302.083
-43.63
-3.74155
47.3715
-74.568
41.2514
33.3165
22.9746
-1.08256
-238.432
211.616
274.783
46.923
-447.47
354.365
93.1045
14.8701
-13.3164
370.186
-18.8023
-251.743
295.84
31.932
-117.014
-151.93
268.944
-107.574
446.479
-266.41
46.0882
-6.76011
-16.6859
-13.5046
60.2281
-14.497
-113.279
-109.233
16.4563
92.7765
-31.8777
-0.0822946
1.61685
2.81512
78.4323
182.39
14.2646
35.5507
-11.7648
-23.7858
6.46369
-7.97437
1.51068
12.4573
-1.00156
-198.371
-72.5973
133.824
-61.2264
-206.824
-125.338
332.162
4.01345
-0.0390782
148.043
-42.0769
213.792
-285.752
71.9602
-189.305
-280.588
-0.31637
0.315947
0.315445
0.315899
0.315473
0.317256
389.189
-303.512
31.4673
-6.37742
442.671
-378.302
100.589
-108.463
7.87392
38.8106
241.551
-33.2438
-282.885
241.482
-236.055
4.66492
-236.074
236.709
439.831
-264.284
291.883
119.767
-55.9605
-63.8067
6.13223
0.962266
-7.09449
23.5863
-25.7074
-196.98
17.0726
144.039
3.27979
-0.586583
0.120906
0.465677
240.673
-9.07715
37.0803
-371.817
4.50672
-17.9679
-8.49394
26.4618
-295.223
392.086
-96.8627
3.81602
-137.215
65.1776
289.437
-354.614
-3.28479
-425.215
21.5733
-224.079
44.3061
296.972
-2.26076
-0.91911
2.79746
8.74955
-11.547
408.579
-377.763
-92.1465
25.6988
66.4477
-22.6419
19.4071
3.23477
10.7001
-98.1129
-352.006
133.854
218.152
257.46
-2.96763
-2.97352
-2.96783
-2.89714
-2.97602
-2.97603
-41.1486
291.88
-250.731
-71.4745
-51.2321
-5.99201
5.89497
-2.53226
22.6217
0.136069
265.994
-307.142
-14.2773
-25.7741
21.6978
4.07628
-165.892
-31.0882
-1.81781
-52.9012
34.891
-119.414
31.7507
87.6637
-35.7581
180.821
-145.063
337.287
-268.45
-68.8371
-0.205577
-0.0614351
-51.2579
40.8261
-155.532
212.2
-56.6688
-313.472
18.2487
-6.46312
6.46312
6.46369
36.7002
9.38799
252.058
-114.686
30.712
-41.0588
35.792
-225.427
460.631
-405.791
-54.8397
12.0584
18.6155
-24.4325
13.9755
-133.716
2.97037
-503.599
396.025
-22.2487
-242.984
265.233
-122.736
99.8328
22.9035
-320.053
181.37
28.3106
-34.2322
5.92169
-64.2187
278.01
81.6936
-74.9195
10.3849
29.3987
-39.7836
-40.0601
33.8933
-18.4365
23.6876
-55.3281
38.0352
-226.001
325.686
276.906
-354.338
77.4323
27.6851
7.86552
174.489
237.367
-48.1121
36.3473
1.52608
8.15715
-9.68323
-0.0202056
-102.116
26.2725
-83.8896
-18.2266
-78.8822
406.227
-341.049
-116.972
319.733
-79.9438
-77.8431
47.5468
-15.3813
-30.7155
-101.632
-214.802
349.626
4.14461
5.63933
29.4544
-35.0938
-391.721
412.521
4.78055
25.9983
-30.7788
-210.513
114.572
95.9405
283.452
-45.4259
-3.12035
-0.644993
-3.12032
-0.645517
-3.0667
-0.701257
-3.14393
-1.09956
-3.14375
-1.09867
-3.14289
-1.09971
29.0004
-2.1878
-33.1869
350.668
-73.7623
22.0063
-14.0862
-368.19
273.15
-193.195
-201.16
71.7852
-130.466
440.393
-0.48827
-1.31998
-4.9047
-17.7372
-74.568
8.83017
280.587
26.5577
-110.447
4.92471
-23.3612
-0.83464
2.57835
-5.42851
10.3532
301.085
-112.466
-60.33
133.12
-433.145
72.7891
-257.973
217.275
259.818
26.2113
59.0556
-10.7421
-232.451
-119.554
36.6961
-13.8094
-22.8866
10.922
-17.3756
6.4536
0.915236
-14.3265
1.22594
-29.6952
196.515
-166.82
2.17694
15.9033
-18.0802
-6.35027
7.20544
-0.855173
-0.47054
0.214553
-357.174
-30.1212
-122.036
-71.4865
217.771
-197.368
10.3007
-1.07898
-9.22174
19.0513
88.7329
39.6558
83.9109
113.449
-328.252
212.829
-242.525
-1.80764
21.2417
-19.4341
-189.43
-39.9672
229.398
21.0509
-16.2704
4.67463
-20.6938
-5.94706
17.1822
0.00417354
7.63387
-7.63804
208.663
-272.881
-128.39
26.7584
24.6906
-173.846
349.221
-175.375
43.9439
-7.24368
76.3674
-212.753
136.385
-46.1244
60.6041
-14.4797
297.503
49.3141
10.3341
-9.17519
30.873
-0.116151
34.1201
206.553
-18.8304
-200.834
219.665
-205.313
25.8531
179.46
210.388
10.3844
43.9194
-14.5207
-94.7336
-24.6808
207.655
-188.187
17.367
64.3266
-34.2902
33.9136
-5.60303
366.214
40.2882
-406.502
105.627
-61.7336
-43.8936
48.3489
-6.22863
7.78845
-8.78073
0.992279
-13.3534
55.7584
-112.249
-34.4737
4.82019
-5.30846
25.0572
13.0826
-38.1398
-50.4454
-155.382
205.827
-16.7742
33.0638
-16.2897
-40.2856
-8.04279
-151.376
149.536
1.84028
-327.465
144.069
-3.49193
3.82718
-0.335253
-90.0292
15.4612
8.0714
-95.8946
-5.33658
29.9929
31.4826
-2.56554
88.4564
-76.8215
42.3587
-6.5888
41.5156
-29.1596
-12.356
156.286
8.10833
-83.3776
38.7228
-6.93854
9.8697
38.0881
-8.63368
-52.9482
8.81944
233.289
-45.9242
0.622585
3.99131
-24.4151
-13.0014
33.2528
-7.2545
120.319
-121.495
1.17551
-6.61751
5.78287
1.0349
183.588
-28.1898
16.3604
-15.2641
-1.09631
-32.1059
-5.50696
-89.406
-228.377
317.783
12.9312
262.315
-198.969
227.77
-260.957
-0.334756
7.90693
-7.57217
-20.4351
201.388
-13.349
-159.994
-19.4429
-50.6717
-20.6211
-24.2967
-186.37
210.666
0.329615
78.0435
27.5945
9.38492
-64.954
-99.5952
164.549
-0.0657831
11.3395
0.547661
-1.0182
-15.4028
100.16
183.321
-158.406
-35.2882
40.11
-66.9133
172.803
-10.858
-20.6097
-8.75968
29.3694
-39.1737
-6.6585
-352.621
-69.2656
421.886
-28.343
250.395
-222.052
-18.0956
-10.381
28.4766
149.621
-356.445
-23.0534
-5.76444
28.8178
-19.8611
-9.20735
29.0684
-88.5518
27.5131
-33.8648
-6.13432
203.167
174.866
-282.394
4.94659
20.8481
-131.737
110.888
-1.01095
-0.210479
123.452
-116.603
113.533
51.8523
-165.385
-234.457
-144.485
-30.7726
-17.3395
-18.2348
0.266939
-81.5907
0.985441
7.11913
-8.10457
-77.6175
286.28
3.65832
-29.6369
-6.32968
181.461
-200.292
7.35152
-8.63307
1.28155
-397.228
-0.0428008
-0.0461495
0.0499326
-0.0462307
-0.139105
-0.0467286
-0.0466119
-156.667
-2.47746
-164.037
113.591
-54.569
297.515
309.46
-43.4657
129.798
16.0929
-145.891
123.074
-56.6381
302.27
-20.2869
-33.3862
-7.67253
80.9361
-2.32957
-5.6448
207.746
-38.8295
-173.076
-21.2852
-202.794
301.386
-6.324
3.73127
25.1818
-29.0249
-6.70365
0.520992
0.484601
0.520765
0.487138
0.487194
0.520948
-278.781
-28.3614
-270.582
2.48199
268.1
-2.91019
10.6986
14.2945
-272.267
166.001
-318.745
152.745
-166.03
22.2267
25.2304
145.566
-0.702893
10.5903
-96.8441
86.2538
-279.137
-15.8514
40.9259
-15.8687
-146.741
146.227
0.513715
-33.1512
-7.82003
213.957
-137.589
10.2006
-28.2962
-172.986
0.24453
99.9501
20.3787
84.3682
-3.18416
-0.396511
-30.238
-9.82217
-10.2465
-20.9088
-71.2377
-30.5449
-14.8446
-281.076
-0.0737221
-14.7994
106.274
-116.033
9.75883
310.333
0.247491
-2.73505
-38.155
-14.7462
-32.7559
-12.5198
-12.3717
16.4669
44.8456
-9.05353
-221.518
-139.143
-31.3219
44.9672
-13.6453
-42.7188
-8.53907
9.27545
155.214
-164.489
80.8807
159.263
-25.4803
5.61918
43.9367
119.765
9.29159
22.1757
320.742
-417.605
8.68113
-25.9462
5.3365
-4.9369
-21.139
351.125
145.283
110.471
12.9806
-3.71785
-15.9108
19.6287
-43.1182
22.2757
40.5293
-12.9348
88.6111
119.181
23.8754
35.2933
-59.1687
4.2279
-278.951
2.6304
307.293
3.47312
-163.3
5.64337
21.8895
-22.1573
21.0783
-64.8709
-5.48042
70.3514
-152.088
6.60221
-9.27798
20.2
127.868
5.98323
155.4
-163.878
8.47781
-38.3951
-149.986
12.5366
165.957
-122.021
9.23934
143.706
-143.708
149.937
22.866
23.489
25.4401
-31.5153
-197.435
124.765
72.67
8.21021
6.94463
42.1438
-49.0884
131.872
-2.80115
5.23305
20.392
-272.135
-12.2809
-11.0802
73.224
320.538
225.559
132.099
11.1957
-3.49193
9.76953
137.412
-151.858
14.4461
-6.75738
-20.2516
27.009
-4.24848
-7.21331
0.553241
-6.35027
3.82718
290.966
-0.13938
-6.87143
-6.87405
-6.87321
6.88687
-6.87213
-6.87185
-6.23728
-274.083
-100.83
168.16
148.769
-184.527
50.1623
69.6049
31.9481
-293.448
294.575
-1.12668
159.894
193.29
-353.184
29.2564
6.93569
-16.601
2.13992
239.342
7.12591
-8.42647
1.30056
93.8584
105.031
34.2556
109.862
-144.118
0.0823257
-6.24321
29.4179
-25.3506
-4.06736
-40.8998
-14.4283
262.808
46.6515
-21.201
-67.3508
340.744
-103.584
-237.16
-399.437
377.411
22.0252
8.30499
-6.65938
3.85204
-38.5113
101.363
-62.8517
-289.139
-65.4752
69.9215
19.4359
-90.0292
383.914
-453.18
-10.4645
11.0542
-0.589701
12.5743
129.435
-16.7618
183.829
-218.551
9.93244
201.83
-354.59
152.759
85.3585
-123.87
-283.683
19.3986
-3.32293
-16.3582
19.6812
-23.0449
35.9761
-19.6273
8.91232
10.7149
270.28
21.6029
-154.393
-165.098
319.492
12.0891
-8.23706
91.9399
-225
-19.2427
263.291
19.2548
-282.545
-211.068
295.361
-84.2927
-137.683
303.683
6.74144
-8.77326
3.34475
3.31233
180.517
-347.296
31.7794
-104.377
-10.9115
47.1771
-36.2656
32.9255
181.776
-214.702
-266.365
-201.126
120.015
-29.946
261.175
-216.869
-0.815172
19.1178
36.8231
-303.568
-105.354
-211.563
316.917
410.432
-3.67545
-406.756
-405.1
436.936
-178.551
338.445
-140.909
-230.908
41.2514
236.046
-144.106
3.55158
0.742327
85.3653
-0.480685
1.70662
156.229
14.1094
26.9738
3.70979
-50.1529
-147.282
-142.1
-1.73254
17.6358
-21.2655
299.521
7.14263
-109.686
28.3893
-1.41554
14.9289
150.935
-226.501
75.566
-19.6824
250.131
-90.8673
-5.28019
-3.49307
-117.714
-13.9244
-355.511
403.45
-47.9382
421.891
-354.777
-67.1138
434.673
5.15778
-122.973
108.693
14.2806
-3.53658
-0.0870616
-132.91
36.3358
-49.3372
-16.6366
-9.84996
-0.298031
-26.3082
0.475616
34.5153
-48.3247
14.924
-385.531
178.889
-383.566
133.764
-187.244
53.4803
6.88687
-6.87321
-6.87213
-6.87185
-6.23728
-6.87405
-6.87143
93.1242
-25.4421
-31.349
31.6894
207.734
-304.086
96.3519
-54.1478
38.7665
24.261
200.496
-224.757
143.424
-109.169
321.13
100.757
453.563
8.06645
38.827
-220.66
0.252571
-0.0380175
-240.187
0.00718314
-23.1445
5.40726
5.56149
-2.5641
-63.9689
47.368
-96.4157
16.4659
1.37888
6.97723
-8.35611
1.25854
354.28
-152.45
6.49074
36.8915
-15.1194
193.516
48.8566
-242.372
-160.348
15.2849
233.276
12.0565
43.4244
-154.173
93.7824
60.3901
41.3037
-58.6431
104.801
138.356
130.356
87.2257
-101.503
389.141
-217.844
15.0502
80.3714
-227.778
353.834
-332.944
-322.503
157.405
-337.513
410.302
416.296
-343.072
-161.3
-76.2207
65.9203
-80.4
8.73107
-103.636
383.056
-279.42
201.393
-197.51
-3.88258
-57.7135
7.23192
16.0954
-23.3273
114.764
-141.606
26.8414
-1.79732
99.3239
175.459
-288.685
-430.987
327.351
-56.4288
41.5842
24.6406
-302.467
277.826
-82.9342
-1.31715
410.314
-90.581
7.8952
17.736
-25.6312
-54.8269
40.3062
-65.3598
199.124
91.3979
15.3328
-203.52
-37.2771
-116.895
-58.5831
43.8369
-103.199
251.309
-57.7935
231.158
-47.3287
143.784
168.06
36.663
-47.5745
-113.127
-97.3858
-279.273
51.495
61.465
-72.2071
90.5644
305.532
-396.096
115.173
95.2623
-210.435
290.959
-83.2242
22.5571
23.6157
-88.4866
2.13398
-240.814
213.538
15.7388
-7.84357
47.1771
-119.289
183.026
-56.2134
42.5681
-100.784
-27.855
4.63705
196.756
-244.37
10.4907
233.879
-53.1131
40.7571
275.703
-15.5735
-260.13
85.3725
3.976
5.09737
-9.07338
-119.352
24.6185
172.079
166
-56.5353
44.0155
-2.3217
113.46
75.9452
-189.405
204.317
46.9923
-10.451
61.364
-69.4068
293.504
-51.9377
42.1155
79.0459
49.6377
-128.684
-191.957
-55.6428
45.3963
-21.4959
-32.3448
53.8407
59.0153
-254.928
279.569
-50.2959
41.6622
-88.7643
92.5803
12.4955
-5.14399
58.7097
-65.9533
43.2109
-50.8834
-185.592
-91.1004
70.4794
-55.8582
46.8046
-150.424
-51.927
44.107
43.2238
-50.1624
-46.499
39.2445
-2.7446
-3.24741
-9.13975
15.8812
-73.7822
61.7058
175.889
124.873
-300.762
-60.6423
54.4136
75.4942
219.866
-48.2179
41.5142
-49.3681
43.0384
350.642
-170.125
52.542
-58.6763
-125.142
-35.2058
-2.75016
84.0452
-55.7954
0.668567
-149.07
97.0817
51.9888
339.817
-407.523
-114.983
51.0563
-57.8164
-10.3357
275.703
-8.11097
-272.864
-60.4817
53.8232
103.076
-52.4844
45.8956
-17.7028
52.5938
-49.2302
43.6272
-57.8123
262.129
-61.7726
45.1498
392.892
-29.8556
212.956
-183.1
134.965
127.736
-223.19
95.4541
-66.4989
45.0029
-50.7781
45.2712
-15.9067
270.858
127.526
32.9303
-7.11349
5.87395
-2.04677
44.4996
-60.3296
42.6268
177.744
89.6802
-172.457
116.066
56.3903
-127.435
-106.155
-49.4747
143.257
122.93
71.1781
-194.108
-0.156702
-60.4188
45.9905
-240.649
-156.878
-57.695
-76.6599
134.355
251.338
40.1348
-6.48242
-33.6524
4.37053
-73.9572
87.7165
188.161
-165.295
-161.613
183.84
-293.779
138.952
-60.8013
47.448
134.579
101.467
-70.0246
245.754
15.4206
247.541
-161.526
183.415
-20.6658
198.993
-346.921
-213.638
148.278
-232.173
15.304
-117.309
131.589
9.52564
-146.986
-270.502
173.85
112.993
-231.329
118.336
-57.8569
46.5141
-162.789
176.898
50.4421
148.682
203.681
409.503
-166.944
178.795
-178.795
311.182
-7.81196
5.4725
22.1532
72.7083
-99.9569
236.342
-53.9664
44.4987
377.317
-385.428
67.4849
-231.509
164.024
-216.167
165.738
50.4284
167.54
-304.756
-159.298
173.744
-128.805
-119.059
247.864
6.21167
33.9231
-0.436638
78.9924
-43.6991
234.127
-209.866
-75.3749
-60.9547
52.4156
11.1829
17.8365
-29.0195
-192.351
172.908
63.8991
-233.687
169.788
-229.637
182.308
71.2713
-5.87395
4.27828
60.4459
-13.2688
-1.07833
-3.23662
-1.05577
-3.26039
-1.29936
-2.55488
1.24143
2.5958
-1.30216
-2.55159
-1.07505
-3.23764
-0.523196
-2.51698
-1.07916
-3.24418
1.9892
2.43244
1.99591
2.43406
1.01693
3.3483
1.01635
3.34895
1.04869
3.36546
1.01703
3.34897
-62.2909
54.396
170.59
-183.939
-16.693
-173.774
171.296
343.982
-165.093
40.9526
92.8711
-274.852
294.106
60.0638
-249.504
189.441
-171.787
170.666
-211.075
182.886
-49.4521
17.1073
-154.749
165.945
-159.992
172.529
-155.565
164.043
179.445
-194.848
-90.708
166.339
-156.813
149.415
204.865
-159.823
166.425
-158.381
167.62
167.142
-163.411
-259.545
-321.205
15.0454
-7.81347
-63.4875
307.394
-155.831
-257.802
188.296
69.5067
-164.54
189.72
-25.1799
-261.401
203.607
-180.916
166.116
176.506
-182.915
166.597
-165.842
-250.516
168.192
-167.948
111.874
-48.0085
210.497
-268.309
-175.023
169.58
169.155
-160.474
-123.728
22.2496
199.211
-276.396
295.795
-166.329
166.842
165.062
-159.419
50.514
211.615
-164.978
164.275
-446.94
313.797
-160.477
166.46
91.9965
-74.1622
-17.8343
10.4431
-3.31715
174.986
-210.59
35.6041
-277.552
60.3701
217.182
157.144
-134.637
-123.166
-89.5605
183.698
26.6568
5.8871
2.41789
277.316
-1.6128
-330.013
309.726
-23.9057
7.61601
-280.307
193.067
182.955
21.8522
-204.807
21.5368
9.94583
136.33
263.762
-260.53
-3.6208
-302.847
303.095
-291.992
301.762
-69.6633
4.41104
-0.132758
308.44
-324.291
156.97
184.609
248.075
-432.684
173.522
372.407
292.057
-298.381
-22.728
-236.412
-7.9574
-344.516
316.155
300.364
-297.734
-148.493
347.486
17.663
247.877
-265.54
-32.9664
-224.6
-49.0599
331.631
-282.571
-16.9345
14.3704
-345.56
302.094
-291.787
291.713
-280.362
301.965
-292.644
312.08
277.316
-79.7161
-288.229
303.596
-67.055
-62.8442
-11.8033
20.5344
178.111
12.6747
-185.75
-15.2136
-277.956
4.29117
273.665
-296.696
307.964
-294.255
297.729
-178.671
-101.635
-64.7019
60.4459
-220.741
185.453
-36.5046
29.7472
447.356
-58.2151
-321.834
320.707
166.252
-306.067
305.927
-114.882
232.929
-386.031
310.367
75.664
63.0393
-287.689
224.65
-304.729
298.485
-292.492
72.1538
220.339
-219.27
18.4359
3.31755
-0.784497
9.53405
193.597
-162.119
-70.224
341.885
-137.02
-260.13
-169.485
372.05
-216.998
299.878
-348.938
322.391
-146.502
-276.958
4.19395
0.0178893
-1.8357
-289.411
199.85
156.011
314.276
-169.185
271.985
82.8585
121.349
-204.208
-118.279
-234.973
353.252
67.9782
263.653
163.357
-173.655
6.32566
167.329
69.282
294.456
-268.245
53.1216
-10.9778
200.686
171.364
97.6819
37.0675
-136.663
16.8583
38.9002
-11.2728
0.445781
5.60616
-301.153
295.547
-23.817
-43.949
310.782
-136.293
280.221
-109.418
-196.253
-224.101
224.101
242.005
-350.539
339.115
-69.6811
-226.926
-156.64
56.4853
109.472
231.476
-116.903
-289.625
-37.84
-218.427
-123.584
-377.47
260.498
-231.143
185.219
-282.59
215.535
37.972
152.165
-348.418
52.0847
-31.1739
-20.9108
56.5432
213.139
-97.9657
-3.1178
-161.372
21.9119
294.165
-316.077
-125.608
-340.033
408.011
-98.8457
-241.055
184.417
241.965
-128.972
-96.3436
107.329
-135.875
354.068
-105.993
-252.879
179.724
-202.839
169.696
22.759
-63.1436
40.3846
12.6338
-78.4694
-213.308
91.9965
336.564
-284.948
3.15827
-17.8121
-184.211
9.65866
-15.5959
5.93721
-69.1898
308.663
-378.344
-142.141
-116.46
-328.8
208.488
318.633
-202.512
-14.8219
-22.6652
39.659
-89.8677
115.247
-74.2948
295.029
-355.532
-18.4567
306.743
-360.7
0.285075
0.187629
-26.4142
-18.0038
302.822
-82.9552
-18.2769
-33.8919
100.819
-66.9274
154.27
199.798
17.4762
-20.1884
-217.123
248.942
-147.475
-334.089
0.393206
-2.65396
193.392
59.422
-19.8766
-36.3927
-11.932
214.142
145.316
-88.8352
-36.7941
-76.6407
296.979
-16.5544
-137.197
189.05
19.2328
96.0146
187.309
-187.309
-16.4928
-114.639
10.1158
0.582844
-131.047
223.32
264.087
-158.485
372.626
-15.078
-15.7782
-155.307
155.307
121.74
-106.065
-15.6746
274.24
13.0081
-287.248
-17.8507
-85.2082
-30.8248
1.95919
120.4
-107.308
95.4649
206.549
121.74
-186.659
275.5
-1.26039
0.784279
-58.6453
185.828
-127.183
-67.8743
292.524
10.6907
-2.81165
-13.0375
-13.5273
-13.6951
-9.44937
-178.224
384.773
-71.3313
349.157
-16.7858
-207.657
3.18628
-90.7061
226.181
20.6667
-177.777
157.11
8.50171
191.667
-174.221
241.82
-212.564
16.4303
1.20549
-168.123
-167.215
-155.413
322.629
-12.4605
-11.4689
-25.1801
-10.2648
-325.268
79.7616
245.506
-74.1622
-279.473
337.924
-58.451
-9.97956
10.7859
-0.806295
217.393
-335.672
-39.8059
214.792
72.377
-308.789
187.796
-0.262986
26.077
-25.814
15.9515
-92.1289
-259.205
276.868
-9.80304
285.303
-379.72
197.754
-328.515
130.761
-9.60747
-18.935
348.577
-75.4271
-30.0309
78.6292
-48.5984
-12.6473
-26.2659
37.4488
-120.706
-206.632
327.338
-7.65958
-8.97335
236.449
43.7722
-296.009
16.5367
-9.85936
-13.8132
13.5152
12.2645
-8.64817
79.0087
94.8414
-240.45
-95.4658
335.916
229.105
-13.3753
-103.228
16.1673
-321.072
70.1643
250.908
120.4
-27.6705
4.62563
-163.874
-296.844
295.584
-235.24
-36.8762
272.117
-11.7643
-301.456
217.163
66.5469
244.19
-310.737
200.584
-289.419
223.57
224.33
-307.285
-14.15
33.1933
-63.2242
-207.657
-10.8431
26.5473
38.7454
-67.6486
-8.54197
-177.672
-143.768
11.4177
-106.065
22.3139
-5.16993
53.306
-48.1361
-9.44605
59.2615
233.263
-36.5714
50.6461
-14.0747
-0.827749
-285.598
286.426
6.41424
197.603
140.321
101.509
-308.141
-139.101
113.067
-6.06805
-12.7807
20.6268
28.3025
-95.3652
213.701
-9.29627
10.5018
188.703
-285.046
-3.54059
-17.9808
21.5214
19.6048
113.27
300.476
-71.3711
-15.6264
-235.105
-360.861
223.841
-237.729
304.276
17.6001
46.123
-85.3156
309.645
253.112
17.71
-13.7405
-14.8971
239.506
-364.844
-29.9503
62.7467
-13.7163
-5.80584
246.843
-247.09
252.696
-107.875
-155.093
254.417
-7.15095
-8.46769
-79.702
277.305
245.825
79.0837
-38.6991
320.413
-76.2222
-137.919
343.195
49.5388
-43.3272
150.174
-70.3114
-38.1515
-100.872
295.71
-0.0214804
-90.1222
72.301
-12.5452
-254.904
-102.9
357.804
353.449
279.794
231.786
-317.102
-81.012
-240.06
33.1675
-268.408
-0.792606
212.697
-365.147
7.52896
-135.122
13.7518
178.638
-280.273
-190.845
87.2783
0.842801
-100.716
319.064
337.401
0.701596
-9.92334
-6.7247
5.64637
-6.69506
5.63929
-7.6352
6.33584
-5.70835
-5.64637
-5.63929
-6.72528
5.65022
-7.63943
6.33727
-5.65022
-5.70835
-7.62034
7.09715
-6.37891
-6.72395
5.6448
-5.70692
167.214
-276.632
40.5839
-41.9994
63.8072
-0.412622
226.281
-327.153
15.4327
-263.558
172.691
18.2823
152.433
-268.893
79.0062
230.639
11.5896
-320.88
52.9449
26.1388
14.148
10.3795
-316.248
305.187
10.8071
222.478
-383.778
-233.816
-76.9213
212.077
-29.1217
4.22071
-304.177
-9.69103
313.868
-31.6125
255.644
-363.519
201.573
-95.2822
30.9448
64.3374
26.4841
13.7363
-265.308
4.38229
11.3565
10.9525
14.6373
108.316
30.3707
43.9745
-47.5742
3.17772
-26.0644
199.825
-241.117
5.94809
15.3835
269.52
15.9929
-106.408
-162.381
-3.55248
7.93477
213.358
-382.844
-201.573
2.05701
8.80452
3.31241
4.58884
162.902
156.59
202.128
26.9597
187.325
-311.895
205.487
-113.059
7.04089
141.784
-264.95
192.094
-362.218
39.9301
-323.949
331.478
-124.2
-14.0689
218.602
-287.439
-164.449
-216.467
234.903
139.728
-306.943
3.235
-343.316
-90.2043
-38.8223
-4.64492
127.109
-286.735
159.626
1.13868
-148.164
-255.641
126.668
83.0902
36.9251
-239.75
309.915
-3.10732
309.953
-79.3139
11.332
-1.46227
4.78109
-7.5811
-15.9066
-140.022
-2.0538
-170.236
-1.10536
1.83716
22.1344
7.50661
-2.48302
-0.00514185
107.308
116.593
-21.7613
-76.7842
94.2604
-3.72658
-30.5975
277.31
-314.894
37.584
-38.1674
-314.015
9.83842
-4.4935
-269.008
11.3075
-37.9795
-4.7579
-3.32125
8.07915
-0.218091
26.079
-311.677
8.97737
-8.97737
-18.3417
136.569
-317.135
-264.501
117.026
394.715
20.7811
0.297221
-32.2341
-142.669
187.679
-356.864
-13.3348
6.66282
95.7319
-6.66779
-249.265
278.78
-29.5151
233.032
107.531
-251.637
92.4923
-72.1136
-261.466
253.508
119.375
69.675
-47.5127
12.9675
140.022
-2.02889
-249.482
251.511
92.7401
14.584
-37.8551
127.078
246.933
-40.9365
9.58754
170.236
246.639
-176.773
0.167542
-297.012
215.593
-305.715
110.496
-252.638
-142.574
323.133
-86.2745
-29.4054
-281.974
-179.425
-4.58937
4.58937
237.377
-221.956
-48.625
350.719
-79.4336
-138.281
-32.4025
66.37
27.6094
-93.9793
96.1834
2.60442
-116.127
58.4317
30.0582
-112.992
-140.401
157.68
-249.605
9.97884
3.79627
-3.79627
69.8823
30.9369
71.6862
-89.5205
187.708
-352.801
141.141
-126.684
30.2683
-124.843
29.4325
-96.7833
4.57606
-4.57606
204.041
-359.455
2.9606
-2.9606
-190.75
10.2875
-3.76022
3.48808
65.652
-20.5022
11.1242
64.8203
-75.9445
138.16
-282.922
-3.28409
3.28409
-3.09349
20.93
103.023
-2.99563
2.99563
186.074
-332.576
71.4734
69.5837
-3.91135
3.91135
-22.9962
300.307
315.226
-289.147
-13.9376
8.02444
-270.692
3.20508
-3.20508
3.81045
-3.81045
-3.72031
3.72031
3.40307
-3.40307
-0.726139
-3.50227
3.50227
-3.05181
3.05181
-3.42809
3.42809
92.7419
-31.0361
-140.959
23.6507
62.5672
-19.9404
12.0048
-100.769
187.288
-343.928
25.8267
-235.693
231.85
-380.009
-3.75535
3.75535
2.78822
-2.78822
67.0104
-22.0075
274.431
10.2881
-300.865
290.577
-3.29617
3.29617
77.1757
84.313
67.0792
24.4106
-91.4898
-45.6906
-225.612
240.915
1.975
-174.54
111.245
-41.3631
2.72726
-2.72726
64.5897
-18.5992
96.9283
-237.329
3.28267
-3.28267
59.9708
-14.145
10.6044
-2.52078
2.52078
3.31889
-3.31889
3.20716
188.741
7.36072
-196.101
2.63598
-2.63598
1.06757
-55.8363
-8.78739
-5.1502
-65.4437
-3.25638
3.25638
105.647
-3.1906
3.1906
-30.3153
96.6852
-4.14409
4.14409
0.451524
9.90169
27.1046
-82.9001
-3.95791
3.95791
-68.4622
-5.88388
5.88388
-83.8341
-3.19355
3.19355
25.2137
-271.54
64.1898
-16.7418
-1.03782
5.23177
358.963
23.6636
-248.264
-16.8673
19.1129
-2.24562
79.6491
-206.832
-3.72845
3.72845
-21.2572
3.06397
-3.06397
-3.75965
3.75965
0.951736
-8.16505
-78.0426
29.4442
105.311
-33.6245
-3.76683
3.76683
-7.75594
0.893911
-24.7852
91.8643
138.956
-211.987
196.36
292.037
3.54671
63.8262
-50.8588
-0.933259
0.933259
-18.6904
4.60421
-150.166
-314.706
317.077
2.97286
-2.97286
20.0743
43.7519
-2.89266
2.89266
-76.0929
125.731
-66.5972
161.439
-98.7773
21.9931
91.9456
38.4102
-307.738
307.906
-286.365
18.1205
-2.95882
2.95882
-279.876
-53.5415
93.4716
68.6813
-22.1672
177.472
-13.178
-150.315
27.5686
122.746
9.30438
-226.427
-15.5432
-240.748
256.291
3.57649
-3.57649
-0.34276
0.34276
8.82836
276.475
3.94973
-3.94973
131.857
-65.5664
92.2948
-26.7283
-13.4209
-2.8648
16.2857
-3.949
3.949
-27.4912
-4.86424
4.86424
-144.538
269.411
-97.378
25.1858
72.1922
-4.50961
4.50961
-169.156
5.78527
-267.506
261.721
-5.59164
5.59164
81.4742
228.44
261.152
15.7161
20.9094
183.945
-14.249
-2.95695
2.95695
8.52183
-316.26
-255.68
22.5734
54.8634
-10.3647
-5.59957
5.59957
-314.159
4.02653
68.334
252.079
0.411218
-0.411218
254.647
-306.373
91.2418
3.86745
-3.86745
-32.9345
-241.155
-168.819
34.0763
-5.89497
-0.891445
316.117
266.781
-116.607
-4.1579
4.1579
-9.75956
4.73925
-4.73925
-191.392
29.2733
273.701
-60.4051
8.01598
-278.708
-154.234
-57.9683
5.54745
0.408327
-0.408327
-1.67335
11.7891
-10.7632
-257.645
-293.711
10.7916
-10.7916
-165.512
-304.418
-0.0646272
0.0646272
180.607
-308.023
-93.0476
-81.1729
5.4725
-55.9508
7.81473
0.214175
-0.214175
62.5662
-10.1506
-294.603
18.9594
-0.234381
0.234381
-99.6003
27.7002
218.602
246.719
-246.719
-137.157
-374.165
2.89361
31.0295
0.136286
-33.6017
0.345143
-0.345143
161.392
128.842
-290.234
149.115
-38.747
109.226
-195.251
181.002
-157.855
-24.6376
-56.8471
81.4847
-277.183
296.787
-197.759
164.84
314.506
117.131
-16.0867
3.45635
-27.7372
81.1343
-255.628
-11.8784
-2.75197
2.75197
-5.53657
5.53657
-89.5817
-120.854
-2.06023
-0.82391
2.88414
-9.87999
0.158361
9.72163
-96.6258
-12.163
68.3142
183.259
139.37
157.316
28.2991
-185.615
-110.691
-96.3299
347.668
0.289166
-0.289166
-160.815
-83.5598
60.0843
-5.68832
-3.21067
5.91715
-2.70647
353.456
-105.915
47.6482
292.191
316.941
-126.664
48.5536
-10.727
0.747418
-268.568
284.001
-109.717
-81.0337
64.5409
19.4722
46.0128
187.891
-220.293
-95.5016
320.036
-224.534
-149.317
-2.63469
172.072
-143.769
66.5071
-218.438
10.0148
-240.797
253.805
239.194
-218.285
-175.623
196.249
23.0722
-88.6387
57.3999
-55.4249
198.914
-364.427
-321.699
270.937
-53.3464
299.656
-266.18
55.9477
-124.081
49.5117
-8.23942
0.28621
-0.28621
55.8882
67.6841
-94.0983
178.011
-2.37488
-175.637
-222.437
210.934
23.9691
-92.85
54.9518
-71.7376
-6.31262
6.31262
-56.9168
66.8956
-141.25
-1.04942
179.453
9.28727
40.1598
72.6351
-2.77042
128.476
-102.68
-25.7961
51.1523
-6.08282
2.58277
3.50005
-83.2477
-166.358
6.33727
-6.37891
7.09715
-5.70835
-5.70692
6.33584
6.22681
-6.22681
6.22434
-6.22434
-5.70835
6.22626
-6.22626
-75.817
55.9404
-62.7145
50.254
-303.834
314.786
2.36467
15.4382
-14.086
0.412096
-0.412096
-24.7586
57.2123
135.407
9.10376
-199.949
194.906
-346.587
197.27
31.9904
-158.655
-212.231
226.379
4.22978
-77.5802
67.7208
7.90379
-8.31641
-70.3839
274.468
58.3993
-78.9015
285.951
-293.532
7.71947
-79.4948
-26.9878
106.483
-58.9343
-21.7179
80.6522
-42.3373
138.328
-255.231
-182.491
194.08
-61.2822
-21.9834
83.2656
45.2559
-122.633
239.226
80.9302
-24.7899
83.1892
-284.617
-62.3103
53.6621
22.3654
-308.12
-4.05348
-71.891
-77.5334
267.17
-182.629
-2.76527
-5.65203
-67.4328
52.6108
15.0112
80.8621
-70.1464
101.053
-30.9062
-60.6697
-288.447
66.9324
-81.0824
-25.9643
63.0446
-182.179
188.127
185.707
-182.395
-71.8953
-19.8745
91.7697
0.258452
-0.258452
0.0759632
-78.024
-80.2766
58.2691
-365.802
76.1776
-176.36
185.164
19.3188
46.1532
-30.248
30.5453
1.8648
29.1002
54.0242
0.526363
-211.464
16.3115
-172.277
200.576
268.903
0.209451
29.8505
-293.91
0.961889
-0.144194
-0.817695
-0.143996
-69.6787
0.20795
3.12068
-0.0561727
-23.4381
1.22269
212.478
-312.273
312.268
0.101035
5.13074
-197.345
-0.351268
-194.024
-185.985
-64.3546
284.91
15.7183
5.66836
-2.69597
-2.97239
-3.59735
-0.0234489
0.00554884
-3.67204
-197.759
117.188
87.9105
68.5978
-77.0654
-119.002
300.371
116.275
150.506
15.8093
191.51
277.92
-198.159
-270.35
281.657
44.2398
64.5372
-193.639
192.534
-163.357
-171.007
197.554
-204.423
201.315
11.2704
33.2141
40.9646
-74.1787
77.3337
-96.2687
-6.01777
7.77212
-1.9052
54.2785
6.276
1.49611
3.6428
-268.412
16.0368
-389.408
-204.341
-98.1344
302.475
30.7894
-127.415
-257.126
374.405
-117.278
0.79811
-3.76538
3.76538
-9.79938
-0.0806148
-82.4527
-142.546
-2.88025
3.84251
-0.620404
-231.013
-368.564
-58.5757
288.456
-221.902
-99.2543
321.156
-0.953494
0.239853
-0.239853
0.186182
159.868
-74.6407
175.917
-194.259
154.423
245.078
219.13
-111.801
72.292
260.789
0.932041
-267.153
284.863
4.45097
12.7312
-21.7578
-243.782
-7.17091
-271.537
-25.5242
0.157527
-0.157527
9.18465
-340.728
83.3102
-8.1222
-75.188
-24.0603
-75.4808
2.34711
286.874
-268.753
-151.693
-0.80602
-0.778713
0.188885
-12.0561
-264.816
-114.731
81.4892
41.556
0.0802025
-0.226122
0.226122
-0.0661653
163.044
-201.211
-253.308
134.307
5.23006
-5.23006
-129.505
252.166
51.2921
-71.4805
224.492
-321.737
41.9865
-85.6856
-288.175
207.5
-185.186
-15.9611
0.441573
3.10686
-205.619
53.9983
-72.2752
-86.656
310.497
53.1228
-70.9735
23.0993
13.7086
0.000730738
-136.97
48.3176
-105.165
-285.591
299.327
-1.08203
-208.18
162.49
-35.7571
-142.02
-105.291
10.6085
52.2034
-67.9815
-77.2913
67.1407
-0.844038
0.0684582
219.414
-28.4929
64.4976
69.8573
-127.71
63.9033
295.956
0.868632
131.521
52.5411
-66.0684
244.232
-309.707
21.6282
-91.3069
6.98282
-13.0543
90.23
252.41
362.315
-340.29
197.22
-183.468
0.667908
117.123
-383.297
214.141
-278.051
6.51431
-0.290451
221.593
-234.91
358.39
65.3928
11.3185
-76.7113
349.235
-33.1173
196.915
-167.642
181.112
-176.891
-156.771
-97.3671
43.8257
29.6342
-169.981
-18.9686
258.985
-240.016
44.721
-101.861
57.1403
49.6765
-58.6499
-24.4445
-58.4555
220.226
-236.068
13.7924
7.13765
27.0354
-92.6185
65.5831
-12.0864
93.2487
3.34475
220.404
-124.673
16.295
-277.119
-176.63
178.687
-294.351
309.735
0.278802
7.558
32.4398
244.195
3.46944
-3.46944
-45.2862
-20.2168
-90.5861
-8.19122
-0.0631842
0.864415
0.685722
-1.55014
-179.888
186.929
238.374
80.0984
81.3402
-0.797329
55.17
189.036
-346.891
-63.7644
8.33952
-11.9591
16.624
-10.3589
326.916
10.1369
-11.9343
-140.637
158.237
332.262
-0.400384
3.09073
-1.8976
-1.19313
58.2169
-66.865
57.419
-31.8178
-15.6949
54.3246
-1.5899
14.5372
211.303
-151.198
-28.5051
-19.4987
-175.391
-22.9269
20.0888
10.0328
-19.0102
-0.0559775
0.117851
56.3224
-2.69597
95.0491
-14.0627
24.8542
-317.246
314.763
-24.627
-24.9607
339.768
354.306
-19.5342
-25.9546
22.2064
-83.94
114.553
-2.70647
-150.158
160.965
251.127
-18.4699
0.0281261
-4.6175
79.2888
-22.9663
82.2682
62.1823
-10.1735
58.5622
136.474
14.9161
68.3495
-0.957452
-63.1782
-6.50102
12.3681
2.58277
-35.2428
-51.5217
-0.776041
-0.0029561
147.569
-142.98
1.07953
-34.0563
-1.97989
72.4642
-66.05
-3.49307
-18.9866
78.587
-103.767
165.961
15.2031
-18.2711
-2.13014
2.36467
-183.683
4.25828
6.39985
6.00143
-64.186
2.34711
17.0036
76.3998
18.6716
26.7015
-45.3731
83.3679
56.2305
194.926
-263.388
56.3655
155.711
0.702379
-169.755
-12.0583
-285.69
-3.94908
-2.76527
-20.2921
35.1623
4.6175
1.26638
58.3255
48.0636
-24.9447
-23.1189
-36.1444
-13.3939
-102.531
50.8426
-69.7308
-51.0274
-18.7034
-38.0999
-36.0788
22.109
-0.195999
0.525614
2.3271
-85.2888
-137.765
-34.7331
-1.91945
-0.610307
208.88
-23.0639
-3.00049
-3.89927
-8.21884
-82.0286
-195.691
1.99561
-15.4908
-189.317
-1.99561
-145.424
-0.0277581
193.189
-2.99365
2.00112
51.1343
-52.0346
-2.70916
2.70916
-2.00112
3.92208
239.03
37.8433
-121.403
-401.464
69.2395
-12.8408
78.2918
2.49501
-2.97658
0.481571
-232.938
-163.297
-1.66759
1.66759
44.4134
-5.00207
9.05006
-173.61
-133.333
-1.58053
1.58053
-20.0764
-292.844
254.989
-21.0324
0.841915
-0.841915
1.12431
-1.12431
0.724767
-0.724767
-1.22803
1.22803
-1.00609
1.00609
-1.23326
1.23326
-1.22949
1.22949
-1.12253
1.12253
-1.06043
1.06043
1.10984
-1.10984
1.24541
-1.24541
-1.00516
1.00516
-1.24073
1.24073
-1.13566
1.13566
-1.24072
1.24072
1.23487
-1.23487
1.1226
-1.1226
1.15264
-1.15264
-1.15789
1.15789
1.06598
-1.06598
1.12325
-1.12325
-1.05886
1.05886
1.11227
-1.11227
1.11116
-1.11116
-0.83772
0.83772
1.24523
-1.24523
-0.724287
0.724287
1.12691
-1.12691
1.11125
-1.11125
-0.715756
0.715756
-1.34907
1.34907
0.832465
-0.832465
1.15409
-1.15409
-1.15786
1.15786
1.24045
-1.24045
1.20409
-1.20409
-1.21473
1.21473
0.724644
-0.724644
0.716894
-0.716894
-1.24576
1.24576
-1.01095
-0.77532
0.77532
-0.841991
0.841991
-1.1504
1.1504
-0.716896
0.716896
1.08782
-1.08782
-1.21495
1.21495
0.719286
-0.719286
-1.20389
1.20389
1.10416
-1.10416
-1.15026
1.15026
1.10417
-1.10417
1.21446
-1.21446
0.834784
-0.834784
-0.871544
0.871544
1.25854
-1.20403
1.20403
1.10411
-1.10411
0.835387
-0.835387
-1.13572
1.13572
1.11944
-1.11944
0.834956
-0.834956
-0.980045
0.980045
-1.2917
1.2917
75.9435
8.42469
-1.58669
107.995
89.2055
53.542
-45.38
-0.582247
1.44666
0.590241
-12.4747
11.8844
-55.7765
297.881
-11.9302
288.088
-281.688
-34.6815
26.4334
98.3835
-45.1404
15.3781
-1.94535
15.0588
-246.516
190.68
142.195
-2.99365
-5.23582
17.1567
78.2449
52.3985
55.4052
-300.267
117.527
184.948
-10.9479
10.8917
2.00615
15.6472
181.108
-2.00615
-2.16893
58.8898
-63.0424
-89.5718
125.8
-2.00886
1.74207
-122.098
-1.74207
52.1333
-33.4617
1.94535
0.806622
22.5024
1.89745
56.4281
-360.161
1.71145
2.00886
-0.0185984
107.772
2.00137
40.4101
137.411
0.185974
290.218
4.149
0.00889156
-4.149
60.4011
-6.73896
1.23046
-24.2943
2.7446
2.76584
85.7297
186.387
-2.85502
28.2614
274.337
2.78792
-21.8054
-12.8761
-2.78792
171.756
-0.655029
0.627271
-239.207
-129.801
0.303251
182.789
-33.0524
-217.463
-242.564
-177.992
256.083
-267.961
65.5567
-183.036
178.542
6.58307
21.0364
-302.725
26.7578
-7.11902
301.393
177.043
-62.2055
2.17245
-41.6998
-60.2995
43.1143
-0.362279
-249.415
59.0605
-37.0716
55.5578
60.4065
-1.49608
1.08399
84.7939
52.7415
-147.791
29.6453
-12.6435
108.827
-85.9693
-210.531
-7.15599
57.41
-86.6012
-52.1018
79.1455
271.194
-86.2462
-186.694
65.8401
-0.19236
80.771
-72.8447
-15.5609
-2.17405
0.276457
-180.046
235.972
162.488
-179.25
274.895
-40.9724
181.824
0.734491
-0.734491
-2.5832
26.9696
4.29263
-4.29263
73.552
-35.4396
33.5406
-148.057
-0.825368
64.3651
-292.464
20.0091
-0.690242
-23.3478
-54.5647
-1.04157
10.2495
70.5619
0.90035
-0.628967
183.928
-2.27285
54.8837
-3.8507
-8.36283
-171.756
-300.894
271.489
40.5116
-133.055
98.2843
-12.168
0.22621
0.0892986
-0.315508
48.102
153.213
-81.8033
7.42214
15.7127
-16.5101
92.1326
-161.385
-228.023
-2.36149
3.23012
-13.1943
-6.68857
-383.209
277.294
51.4073
248.899
46.9666
234.691
65.597
41.5277
109.566
-376.599
190.614
65.9917
21.9187
-95.1136
-10.1773
-1.29698
-2.17245
-3.35849
0.571771
2.78672
-0.466151
156.908
-56.8887
65.2282
-88.9401
69.4059
65.3082
-2.00137
328.807
47.1575
-4.36362
-134.704
261.534
52.3343
-13.7865
18.0896
137.861
-213.057
16.9548
91.0417
-69.1229
28.9551
-16.8186
1.56134
15.2573
-0.557205
291.168
-56.2198
-0.825368
33.4299
-244.703
-79.5255
265.532
13.5241
-0.521008
-1.23241
7.67567
-8.02693
-89.7636
-40.385
-69.6137
16.7562
10.2133
29.4216
-15.4749
-223.149
-0.576986
-9.51438
-35.4518
182.308
15.4964
302.821
-33.8881
35.7855
3.29572
25.258
-76.2234
2.17634
-191.493
-139.42
97.6519
-2.46963
-0.239527
-9.6836
-13.9542
-10.2502
262.503
-231.251
-5.83311
-4.11772
-7.82722
58.9805
67.7914
-25.1272
-2.80186
-101.9
-98.9643
152.702
-127.805
91.6607
-185.091
160.889
54.7182
-18.6047
108.596
-260.198
0.11915
0.120821
-0.110662
-0.104783
-0.112339
-0.105073
0.0273904
-0.0788184
-237.429
53.6197
-0.87817
164.969
-155.682
-5.44622
-18.0995
22.0772
156.465
-58.446
-14.3987
-6.2573
-0.447079
0.362598
30.7214
-197.541
2.47131
206.476
0.441112
28.0527
24.4206
-0.390088
29.0914
-39.1201
-40.4053
327.229
-28.6921
275.127
-31.252
45.1931
-1.59716
-2.16137
149.487
0.431272
-41.1101
318.404
-256.588
272.883
-18.6881
34.5802
296.352
-27.1681
-15.7832
-7.95304
0.646922
232.498
-83.3711
56.6428
8.6453
-0.428316
-0.14867
-0.59847
11.9716
108.581
6.1037
0.840786
-3.99499
-7.87283
-7.03205
-2.06331
-21.4328
0.376943
6.7955
-10.3649
50.4967
-88.6482
73.7157
-13.2068
32.0055
-1.17987
)
;

boundaryField
{
    frontAndBack
    {
        type            empty;
        value           nonuniform 0();
    }
    bottom
    {
        type            calculated;
        value           uniform 0;
    }
    inlet
    {
        type            calculated;
        value           uniform -2000;
    }
    top
    {
        type            calculated;
        value           uniform 0;
    }
    outlet
    {
        type            calculated;
        value           nonuniform List<scalar> 
14
(
1999.98
1999.99
1999.96
1999.97
2000
1999.97
2000.02
2000.04
2000.03
2000.03
1999.96
2000.01
2000.04
2000
)
;
    }
    car
    {
        type            calculated;
        value           uniform 0;
    }
}


// ************************************************************************* //
