/*--------------------------------*- C++ -*----------------------------------*\
  =========                 |
  \\      /  F ield         | OpenFOAM: The Open Source CFD Toolbox
   \\    /   O peration     | Website:  https://openfoam.org
    \\  /    A nd           | Version:  7
     \\/     M anipulation  |
\*---------------------------------------------------------------------------*/
FoamFile
{
    version     2.0;
    format      ascii;
    class       surfaceScalarField;
    location    "5.5";
    object      phi;
}
// * * * * * * * * * * * * * * * * * * * * * * * * * * * * * * * * * * * * * //

dimensions      [0 3 -1 0 0 0 0];

internalField   nonuniform List<scalar> 
11512
(
154.543
-499.486
344.943
-747.356
-8.6692
756.026
405.329
-375.721
-29.6085
621.638
279.01
-900.648
1511.02
-1069.45
-441.563
1216.29
-1527.13
310.842
-69.5988
479.898
-410.3
168.763
-842.55
673.787
962.117
-1610.83
648.711
-1755.75
1663.15
92.5999
-542.946
1759.23
-1140.23
1934.13
-793.901
608.477
181.2
-789.678
-24.1385
-1311.04
1335.17
219.679
-1975.43
1024.45
-382.066
-642.381
-169.713
324.256
485.978
190.711
-676.689
1156.1
-1313.21
157.105
-309.174
379.222
-70.0487
999.107
-1308.09
308.982
1221.53
799.118
-2020.64
71.4043
-1635.73
1564.32
-461.125
-1178.8
1639.92
477.098
182.102
-659.2
-197.256
-302.23
498.182
1012.83
1642.55
-1798.92
156.364
-83.7373
-1694.26
1778
-1558.98
650.56
908.42
-307.192
654.163
-346.97
-195.098
-146.015
341.113
1280.92
-1209.52
355.192
-1407.45
1052.26
-1754.32
1754.32
100.683
1525.95
-1626.63
-1077.76
-481.219
637.269
-706.868
-383.838
941.717
-557.878
1331.93
-1317.31
-14.6172
-1100.58
716.744
627.972
396.475
-385.435
-43.0611
428.496
-435.076
758.392
-323.316
-1618.49
1618.49
1253.59
-1437.89
184.306
-488.489
1710.01
1256.09
-314.376
1660.75
-1161.26
-499.494
81.4944
-390.668
2064.78
-1134.54
-930.245
1807.62
-165.065
456.148
156.241
-612.389
-453.413
969.571
-516.158
-1165.81
1266.49
-568.618
971.219
-402.601
402.223
753.879
661.56
-492.798
-438.513
596.018
-157.504
1190.7
-835.506
2308.19
-1080.66
-1227.53
1163.38
-2007.97
844.594
-1597.17
1573.03
440.75
-1580.98
-759.145
1250.78
-491.633
-673.389
366.196
1661.47
-699.355
-1106.93
-870.894
1977.82
664.638
-354.702
-309.937
689.802
566.29
-258.206
1511.79
115.53
-320.355
204.825
-284.974
762.072
-335.226
566.066
-230.84
-324.668
810.646
-319.244
-149.044
468.288
327.677
77.6522
1451.32
-452.211
-967.483
478.082
489.401
279.238
90.9624
-370.2
949.969
-341.492
-1700.39
659.089
1041.3
15.8498
-849.059
833.209
-281.238
596.592
-315.354
156.826
-1093.78
936.955
1051.68
-1067.24
15.5583
373.07
519.059
-892.129
-245.598
701.747
-1103.87
-482.079
1585.95
-678.334
951.236
-272.902
1359.87
-1443.61
-619.064
272.505
346.559
-470.19
-1011.57
1481.76
-539.732
-792.838
1332.57
576.396
-996.604
420.208
-265.712
-317.255
582.967
409.058
-293.528
-1036.14
582.727
955.404
-798.579
-110.315
944.024
-833.709
-210.091
419.241
-209.15
-620.659
-346.824
-386.741
963.137
1856.37
-1856.37
-457.515
-161.549
-954.406
1551.9
-597.49
488.84
-925.793
436.953
-924.066
355.448
-941.91
-1058.08
-1486.84
347.227
1139.61
-286.694
908.332
-305.714
613.025
-307.311
-1941.9
999.993
-1134.98
-351.858
543.142
-1497.55
1728.51
-1725.59
-2.92543
213.659
-599.314
385.656
-1452.68
973.633
479.05
289.478
213.461
-502.938
310.556
-645.782
242.257
-418.784
176.528
2014.74
-859.665
-1155.08
-546.063
160.629
618.485
833.216
-1451.7
-184.684
426.94
431.19
876.959
-1308.15
-909.023
394.236
514.787
-1045.22
1447.45
-1068.78
309.635
753.074
-98.9117
535.49
-279.81
-255.68
993.808
-515.726
593.322
-1403.93
810.606
-1342.36
238.487
-547.665
266.427
-1180.76
894.064
1943.64
-991.859
-951.776
276.803
1579.57
-2093.04
894.02
1199.02
365.478
-31.6894
-333.788
-224.113
482.952
-258.839
-113.039
-378.51
491.549
-468.008
148.764
341.953
-129.593
618.433
411.564
388.045
-799.609
-2035.3
1109.14
926.165
461.878
-533.328
71.4499
222.261
-364.146
141.884
1022.17
992.568
1777.77
-251.818
708.104
-435.598
797.067
-1389.99
592.92
336.291
328.347
1046.79
-1030.94
-507.153
-221.897
729.05
479.3
-136.522
-342.778
797.728
-616.528
570.026
-733.471
163.445
503.33
1157.42
-1240.19
700.455
1049.37
-1510.49
-3.13396
-1439.43
1442.56
325.195
825.108
-1150.3
623.384
269.96
-893.344
-2271.36
1137.62
1133.74
-1111.41
-1159.96
206.074
363.952
958.706
-633.511
879.248
-898.979
19.7302
-2099.38
992.453
-225.395
-190.01
415.405
-41.7492
1770.26
-822.443
75.0862
-1027.07
-1065.97
-229.981
452.242
-654.265
196.75
-257.432
-426.071
683.503
1104.04
-1574.23
783.065
-1374.51
591.443
694.605
-415.595
1947.87
-1444.54
-378.288
-1376.04
82.0416
397.857
-528.582
519.913
7.44066
-564.95
557.51
571.817
-282.339
-605.5
280.052
325.449
780.573
-369.009
34.2051
331.273
1188.47
-1191.61
179.088
229.971
393.433
-650.865
619.811
-1006.55
-2026.71
2026.71
-244.643
-450.135
694.778
699.266
405.876
-1105.14
579.984
173.09
397.88
382.694
-2199.75
1328.86
-926.771
-678.75
1605.52
-494.153
-686.606
-265.22
545.143
-279.923
826.168
-183.669
-642.499
-429.015
642.674
374.152
-679.866
-346.228
-136.676
482.904
-1324.06
-474.852
614.711
-1108.86
-374.154
-1244.34
844.328
1463.86
301.65
-927.268
625.618
967.066
-339.094
1391.45
-798.128
446.732
-267.644
-329.038
-871.103
559.192
311.911
-319.015
-552.088
308.162
-421.201
-212.261
-154.052
366.313
-392.752
1092.02
435.312
-244.601
-394.774
1345.84
-168.725
-1177.11
-468.498
271.696
196.802
233.845
240.169
-474.013
23.8023
-757.274
592.088
-1729
1136.92
1481.85
-863.363
-1049.68
-403.003
-1057.56
573.452
484.103
1372.16
-398.531
929.409
-1411.49
-162.953
-205.589
368.541
-469.48
581.592
-1626.81
427.953
903.978
267.831
301.353
-569.184
568.067
1186.26
1104.67
-715.572
-389.099
406.535
-218.389
-188.145
-1419.46
444.975
738.56
-1183.53
1473.42
-544.008
-493.375
920.576
-427.202
426.145
1186.16
-1612.31
47.3449
-725.679
-146.137
425.375
212.63
-407.728
523.975
469.832
-622.898
59.8227
563.076
1024.54
-1307.67
283.132
663.421
-265.541
468.255
-1447.25
978.995
415.372
1686.1
-522.719
907.051
1036.58
-662.647
-1684.55
757.777
566.471
391.887
-958.357
453.705
78.803
1749.9
-1828.71
1443.75
-379.492
-1064.26
1699.09
-1740.84
-367.753
-514.31
719.591
-205.28
-502.593
184.55
294.749
-373.22
-1226
214.431
-764.601
-639.327
-661.266
1002.71
-341.445
-653.427
643.434
9.99291
655.049
-923.703
268.654
-739.02
368.313
370.707
-648.806
-682.599
355.857
326.742
-932.334
1400.59
-412.255
884.45
-472.195
-2205.31
5.55771
181.901
-538.31
356.409
141.551
1204.28
-94.3381
-559.927
159.938
-598.452
1487.21
-704.147
376.839
-467.114
90.2748
-565.464
565.464
1223.05
395.443
1777.9
-1229.05
589.222
639.824
849.91
-52.1822
1291.47
773.311
-540.043
1337.11
294.945
301.648
280.307
-794.618
236.933
-672.009
231.302
-444.879
213.577
-229.86
575.644
-345.784
129.989
-359.849
-591.978
-564.584
1156.56
-362.501
523.393
-160.893
-1192.16
2032.04
-839.885
1290.11
-331.405
-402.122
136.41
-1982.04
803.245
1521.83
-844.914
-676.917
1986.95
-877.429
-1109.52
713.633
576.479
-241.114
472.415
-677.032
1132.51
-455.476
-770.168
1201.36
551.559
924.681
-1724.95
800.272
-538.016
-70.3356
608.351
289.511
245.979
414.138
-106.409
-307.729
896.839
-83.4663
-813.373
906.541
-550.63
-355.91
1576.21
-472.168
888.112
-1625.92
737.808
1068.48
879.392
750.478
-444.532
-305.947
-1059.03
-258.288
557.758
581.229
-1138.99
-449.368
493.982
-44.6142
578.778
-346.072
-232.705
-982.804
570.549
596.562
885.285
-441.833
1096.88
1407.21
-772.054
-635.153
398.143
-926.268
528.124
-1010.69
390.034
540.635
-1034.01
447.66
-511.046
63.3858
464.975
293.417
-516.725
-48.7391
-794.598
-877.472
1672.07
194.194
212.341
-219.431
425.505
-32.9076
-540.783
573.691
489.093
866.897
-1355.99
-526.407
314.145
985.808
-88.9692
836.4
-1064.96
228.559
384.788
846.464
-1386.51
-443.973
832.018
1976.97
-1283.32
-693.648
270.051
609.197
255.901
795.777
76.37
-958.273
881.903
1673.75
-1089.06
-584.687
-137.863
1887.77
-1866.06
-160.657
483.488
-621.673
138.185
-1014.84
526.602
488.242
-1730.47
538.318
-955.862
845.547
392.783
203.234
586.242
-284.593
-425.046
711.834
255.232
75.7513
712.833
-788.584
-1140.33
-888.594
2028.93
-534.593
1091.53
-556.934
-456.839
-333.772
108.377
-1654.21
859.614
-876.136
-586.915
1463.05
-331.608
-295.268
626.876
364.556
-643.101
278.545
236.793
-605.802
307.47
211.978
-519.448
334.058
-599.279
615.339
-250.783
315.871
-464.915
672.772
404.139
-170.295
-375.923
-306.675
1216.22
-3.41312
-1212.81
1039.94
-420.124
560.477
410.742
-1782.37
869.826
912.543
494.81
544.277
-1039.09
-535.306
203.699
-262.71
1180.7
-917.989
-1590.89
1212.6
504.672
-1096.65
389.009
-12.1696
424.617
295.648
-720.265
372.887
-618.485
-30.7067
755.691
-724.985
-526.028
795.988
377.959
322.514
527.396
654.607
81.1671
-391.303
310.136
1058.93
-645.194
-413.733
494.013
-1664.27
1170.26
-1140.43
1753.24
-612.812
1715.82
-1123.73
-335.189
615.24
-1182.89
1259.26
425.208
-797.06
1598.62
-801.559
-247.273
-221.225
-890.536
1469.7
1811.91
-611.408
-1200.5
-405.007
641.207
-1302.47
-124.756
-37.4183
451.556
-675.428
-354.174
-1236.71
-224.691
461.484
903.697
-562.696
184.186
-1674.55
-71.2041
1745.75
-1055.54
520.952
570.616
-1181.72
611.103
901.197
910.709
630.767
620.011
676.178
244.398
-1126.99
449.954
-404.552
411.993
621.816
-515.414
250.118
-735.252
485.134
677.447
-341.156
-330.973
184.957
-591.417
226.643
364.774
-888.267
-737.653
1087.67
-2145.75
399.656
-684.63
-342.951
-724.286
833.465
573.743
-349.889
306.828
361.844
207
659.402
-866.402
528.985
603.523
-524.403
178.175
362.563
-607.207
-1048.22
-844.925
1893.15
-1792.76
157.037
1107.23
-1369.94
1155.33
-731.362
-423.964
-503.535
1350
-1495.54
627.881
867.659
-287.066
-210.512
497.577
1428.4
558.555
327.223
-463.899
-486.095
-565.233
1051.33
-418.719
600.62
1582.28
-1128.97
-453.316
-766.588
316.453
654.886
404.041
-1623.42
416.16
1207.26
-200.611
508.082
797.906
784.375
195.066
-674.96
479.894
207.165
212.076
-291.459
-110.068
401.527
472.583
3.98878
-476.572
-1631.15
581.473
-1602.8
1667.05
-64.2494
9.4953
-1612.29
1069.59
750.41
-325.792
-801.605
-209.088
-1134.59
-239.923
-312.386
685.273
-1812.41
-625.49
1206.72
209.578
759.993
-1329.56
-678.413
-465.399
598.358
-330.527
-1013.28
1350.76
-1932.84
582.079
646.056
1288.07
485.851
-2.89939
717.979
700.817
-1418.8
-640.833
338.214
302.619
440.383
-100.334
-340.049
154.64
287.395
168.948
-456.343
-578.422
1144.89
468.721
-610.26
-462.044
-401.981
864.025
-335.309
172.356
-460.696
167.167
-305.644
-709.2
548.095
-107.712
-570.154
968.297
578.614
-269.705
-308.909
456.093
-780.761
-645.89
432.068
-1129.41
-832.927
1180.15
-569.771
459.063
269.986
-443.402
88.701
1029.24
-316.301
593.162
-276.862
-509.043
1578.64
-678.22
228.281
380.021
-608.301
212.394
471.133
-19.3868
-451.746
-255.417
-205.279
1008.14
1108.94
564.804
-867.121
936.798
-69.6774
-455.824
168.758
-721.755
295.685
-599.096
319.57
357.876
815.722
-1227.19
411.466
778.007
-808.714
-948.961
-550.381
1499.34
-155.193
456.546
-529.724
249.915
1300.3
764.471
-569.405
1306.69
-691.979
487.925
-683.537
-414.821
-423.718
-378.784
802.502
503.076
-844.567
-441.211
83.4429
357.768
-323.148
572.413
729.811
-330.156
-244.258
-176.277
420.535
-493.383
146.396
346.988
1457.22
80.3364
-1537.56
-749.861
1346.42
-1144.76
-466.067
536.892
-156.871
1150.26
-372.25
1083.5
492.705
694.597
-414.29
-885.105
-522.341
-1328.45
-27.9718
985.196
-957.224
597.59
319.259
-916.85
-320.742
-225.322
-681.522
405.52
1621.19
-168.997
364.8
352.225
-717.025
-1839.79
-2106.68
1519.14
587.54
-2038.36
344.096
352.516
537.883
-890.398
-460.302
1020.78
-385.139
-674.273
1059.41
-2030.53
1391.21
639.321
600.67
-985.809
51.4007
396.259
386.927
199.761
246.971
315.94
953.186
857.142
681.01
-326.263
-354.747
-294.319
622.766
-328.447
574.345
530.326
565.456
514.932
-1080.39
-796.231
-699.309
753.031
397.226
-419.955
698.5
-1193.42
1609.58
410.467
-1084.74
-323.488
535.465
-1384.51
864.844
519.669
-716.518
-354.327
-791.281
366.483
424.798
447.067
718.424
-1165.49
1069.56
-574.753
-397.646
656.977
-259.331
253.964
324.65
-468.521
-432.216
900.737
-241.002
552.947
-945.446
392.499
-466.584
600.599
-1681.26
423.767
671.139
-1094.91
523.607
89.418
113.407
-2212.79
535.879
-76.8161
1443.96
1777.09
-217.553
-1559.54
-438.424
1789.19
-1986.94
1194.47
792.474
404.303
346.175
-33.3808
866.845
-1283.47
718.883
-870.502
-823.519
795.547
311.973
54.7936
-366.767
228.336
182.826
-411.162
1550.5
-832.523
-1530.94
-325.432
471.159
-197.335
-273.824
395.141
366.931
238.399
359.96
-8.70094
1001.48
-992.778
376.086
269.811
-645.897
-734.042
1817.29
-1083.25
-343.098
738.239
-1214.77
-411.863
-916.132
483.916
564.579
-776.105
211.526
762.506
-381.065
-381.441
-422.603
-444.518
448.382
1069.62
1236.84
-666.221
801.858
-345.765
387.697
307.081
-252.823
-214.291
-198.752
614.123
408.206
-848.465
440.259
206.407
356.868
-563.275
-423.074
831.281
754.631
-1147.38
880.436
-64.7135
-491.863
274.446
772.341
-95.689
1383.76
1890.5
-70.8819
342.578
-320.426
401.593
-1085.75
1077.05
614.484
376.645
385.861
60.5932
410.566
265.871
490.155
-371.773
-269.06
-563.849
-89.5773
-358.899
369.101
-10.2015
-258.52
-289.145
1011.07
-1540.72
529.656
-199.105
-176.616
-385.916
655.728
-1629.99
1591.05
-963.171
250.78
-665.6
584.313
1224.42
-1808.74
607.413
983.64
297.587
-1119.95
694.909
-288.962
-280.222
1372.59
-1443.51
823.4
620.105
411.084
-619.332
208.248
-358.722
474.681
-115.959
367.942
104.641
1723.8
460.755
-253.59
557.624
-1704.79
1147.17
-92.5639
395.581
343.427
337.583
-448.565
-615.84
1064.4
420.721
-864.693
-641.192
903.021
570.396
-496.025
-242.995
-439.298
-409.166
-307.246
-827.339
1821.11
-1821.11
-105.558
-1586.88
1692.43
293.827
284.95
-917.298
-555.331
1472.63
-408.247
973.703
-589.474
-1041.68
682.626
386.153
-1068.78
478.496
-162.625
573.061
1220.35
-1793.41
-1046.72
2116.33
-1069.62
-374.944
-298.445
-491.592
808.044
-1749.61
1599.51
150.092
1749.61
-1602.94
-146.662
-246.119
525.53
-279.411
-537.284
1620.79
1560.35
-1972.21
1072.66
-287.281
-247.992
535.273
241.941
-565.428
-694.996
275.042
1341.19
635.787
578.716
485.131
-1063.85
282.589
412.008
875.438
500.116
-1375.55
532.173
-1018.27
1574.96
-563.898
-777.234
-368.06
-112.847
480.908
-489.997
1208.42
-742.688
333.548
368.199
358.324
256.819
-615.142
600.264
831.986
-603.427
266.161
670.638
-496.025
-321.86
-224.912
546.772
1168.56
-669.392
610.772
465.478
-1076.25
-1286.44
1286.44
-386.713
763.358
-286.23
-475.492
761.722
485.341
448.205
-933.546
389.247
-675.477
612.692
-869.406
256.714
-367.426
-495.596
1074.31
-662.146
-709.53
1371.68
-375.302
928.249
-1552.7
675.269
36.2661
-405.677
369.41
-501.156
697.906
245.351
330.293
170.723
307.773
-511.873
222.912
1869.4
-1965.09
269.438
-698.453
446.952
-822.46
375.508
-920.217
1409.6
-489.381
-429.966
-486.166
600.712
1124.2
-1724.91
-716.444
341.501
-460.53
1034.88
-773.02
1039.18
-379.355
-629.508
-479.175
716.108
540.579
-358.477
906.062
-302.451
-190.933
1599.02
-1816.57
-345.052
-600.394
-334.12
480.516
252.464
-582.992
-180.333
1058.43
-783.988
214.724
-281.291
-286.109
567.4
395.536
-875.984
480.449
-487.233
-447.385
-927.268
-337.189
564.956
-227.767
-447.884
-420.466
-323.703
-195.745
-382.65
639.469
-448.286
755.367
-1072.98
624.411
-1410.41
534.275
-27.729
-1834.58
1862.31
569.914
-449.552
1207.68
-686.728
312.911
-312.911
670.424
-434.436
1042.75
-1632.22
-1158.73
-947.949
293.011
329.755
883.129
715.49
-488.039
-302.495
790.533
1656.8
-1684.53
-434.582
349.563
222.253
1135.31
-524.538
-943.333
1550.48
-607.142
446.232
-246.471
384.28
372.622
-756.902
527.842
474.086
-1001.93
-332.097
665.645
-37.8613
1907.26
1585.89
992.887
-1697.03
727.17
-1177.18
450.007
-492.469
1367.91
837.879
-1341.41
-547.815
260.535
795.016
-403.129
553.94
-1188.27
634.334
-638.648
-1215.54
-695.649
1911.19
-202.088
543.695
-341.607
-167.88
289.401
-491.489
327.387
372.836
-700.223
-1481.49
757.716
723.777
884.096
-1434.48
826.047
-431.812
219.316
-365.453
-580.105
258.245
-637.181
-747.331
699.002
506.006
-1205.01
393.702
-205.527
-188.175
556.301
-958.902
-562.822
-427.045
722.729
-831.281
-1155.66
-1437.97
499.639
938.333
15.3344
-624.215
332.076
292.139
-1311.33
1045.99
265.334
-616.801
-456.175
-665.924
921.826
403.024
-203.577
-199.447
508.19
980.682
-1488.87
976.047
-563.152
166.802
396.35
-391.825
669.612
-400.174
-509.474
175.353
234.458
-1517.78
532.336
537.228
-740.115
238.959
157.256
-459.706
372.05
-819.435
1954.16
-1195.39
-758.769
409.702
-663.434
253.732
324.128
323.729
124.34
-448.069
-565.001
194.61
266.145
-691.721
1374.38
-682.657
424.095
455.952
-1172.47
267.01
1866.78
-1013.59
-853.187
784.984
-519.938
182.749
1402.38
-975.196
-427.188
336.942
-771.378
-616.505
1725.45
612.915
623.922
322.83
-10.8565
271.966
-1138.44
1725.72
-587.282
-1763.52
820.19
1752.53
-1683.76
-68.7729
-659.681
255.129
562.264
-703.567
224.392
1402.78
-564.898
392.252
439.766
-1858.55
1420.13
537.905
-420.071
-117.834
212.423
-536.126
-278.985
-177.854
-353.176
696.602
-572.817
204.757
606.652
553.137
-1159.79
1113.65
-1947.44
833.792
164.096
318.808
-1698.86
1661
318.512
-732.802
-165.687
385.003
752.023
680.292
-1432.31
1073.11
-1076.53
528.263
-1103.02
-631.686
253.758
377.928
515.979
-289.336
-598.011
-1034.21
298.599
-719.064
-912.319
184.973
164.878
228.823
383.288
296.83
-680.118
-627.779
-833.982
-978.432
492.779
-1057.78
-282.76
479.562
535.667
644.487
-279.821
-122.301
-410.792
708.379
274.327
-1198.35
570.576
1307.31
-555.283
445.415
-1008.24
-387.533
156.272
381.633
1023.39
551.576
-1713.83
1608.27
1626.58
-557.029
-1069.55
1902.89
-1891.26
-11.6257
198.979
-519.405
-338.732
553.456
-763.09
-318.327
-341.354
1028.57
697.301
-1498.17
800.874
343.645
-26.1906
1625.21
-1076.36
406.966
-1231.48
454.244
-60.0479
1517.27
1197.48
-470.311
-488.832
-74.3204
-262.307
736.017
-1951.55
-711.221
349.62
-535.711
186.091
191.454
-507.755
1139.91
671.555
-1811.47
-596.473
176.402
942.061
-1497.39
-210.502
678.906
-468.404
883.184
1116.82
-736.194
1349.11
594.742
-478.89
-115.852
-348.244
1171.64
1038.57
-1981.38
942.809
-1171.06
545.573
1488.83
-585.809
-371.945
-152.458
-1240.76
574.537
1160.81
-119.503
946.089
775.51
-1721.6
-213.076
578.48
-1541.76
963.281
486.992
916.679
-1403.67
617.725
588.994
383.343
-1106.65
591.252
1106.23
1215.92
-452.355
-763.566
-1186.2
-1754.94
-8.12572
-1705.71
-204.86
-414.472
1606.66
-627.385
-979.276
-490.866
1121.63
-1317.09
637.132
679.956
-1361.1
1441.44
-1329.66
593.464
1520.54
-387.7
-560.871
188.926
-1477.25
239.415
176.386
219.468
375.274
436.793
392.905
-829.698
506.344
-939.061
900.875
-1444.88
-688.659
232.578
456.082
-1040.12
461.7
-471.529
863.78
697.071
30.1094
-519.707
178.1
-886.566
-1318.74
-716.355
350.338
366.016
405.039
-724.175
319.136
-479.689
-189.381
-709.598
718.395
1539.58
-593.493
812.21
738.292
1344.82
-844.703
-971.356
-570.406
-798.14
428.27
369.87
-1036.92
-643.713
304.743
338.97
-1433.69
-296.782
-791.459
398.612
392.847
-643.469
394.646
248.822
-672.187
272.012
412.835
487.902
390.026
441.254
479.294
384.731
596.859
-970.079
674.43
470.463
453.827
356.612
-810.439
1630.77
-1079.9
-550.866
-504.504
-283.276
-1028.05
454.541
347.961
409.694
594.349
-1004.04
-1380.11
752.725
-534.755
1145.86
354.87
-67.4754
412.337
-866.139
453.802
-1893.49
306.613
441.717
-726.803
285.086
-187.361
406.353
-218.992
-663.417
308.941
354.476
-675.357
320.609
371.142
392.217
612.913
-1021.16
753.557
661.366
-1414.92
438.809
625.596
339.875
393.086
-732.961
409.619
328.62
603.935
670.775
398.845
589.758
-1015.3
425.541
-1668.47
1198.8
469.664
1696.59
-539.175
621.398
-1147.58
526.178
-643.337
348.069
437.423
-935.688
498.265
742.778
-447.131
351.398
345.204
564.106
-909.158
651.192
-1253.52
602.326
365.55
734.891
-1224.89
769.695
509.542
-1279.24
479.64
407.621
-887.261
-501.648
-936.325
-303.579
630.965
352.66
542.057
-894.716
333.232
332.413
-502.18
1944.74
437.238
-847.461
410.223
-917.875
-807.078
-749.599
368.158
-1211.52
438.5
-1730.07
1602.94
127.122
1744.58
-1599.51
-145.066
-785.064
-594.321
266.461
327.861
-1752.53
1972.21
538.454
791.721
-1330.17
440.11
716.452
690.407
385.639
-1076.05
-78.448
1617.15
-593.765
382.637
825.043
-650.231
326.787
323.443
-378.771
-297.99
551.954
-223.272
436.733
281.121
-667.402
386.281
265.358
-580.712
-283.353
442.575
-1033.83
591.25
538.044
1092.72
366.072
597.064
311.896
352.595
-664.49
1617.66
-920.36
1691.82
-1520.43
-171.384
-328.963
-824.07
414.903
857.55
-1068.05
-608.408
279.961
-1090.6
1628.65
-1579.96
-80.1406
1660.1
-341.948
-350.702
-370.613
536.774
598.536
-504.142
-29.1854
-549.986
508.005
-284.404
-223.601
1742.66
-1294.28
-626.246
299.679
326.567
405.223
357.286
734.732
-296.491
-399.261
-1744.58
1684.53
459.566
-1101.2
641.636
-43.8664
1652.14
571.374
476.443
-1047.82
104.331
1144.93
-1452.17
-16.8286
-1876.66
228.594
-599.87
307.952
291.918
-955.579
612.628
-898.936
468.97
-1128.78
673.693
455.083
359.758
268.587
-756.626
-312.894
1217.48
886.9
699.05
-1183.04
456.162
726.873
494.352
700.984
-1195.34
-360.08
-249.129
414.008
-961.156
438.585
522.572
21.2537
-1879.81
1080.78
-468.086
-492.644
558.092
-1378.31
820.216
-423.357
798.865
-405.598
496.581
-713.565
1721.71
414.144
-185.32
216.146
-171.061
-247.188
418.249
1895.32
-504.112
-1687.66
1051.72
-602.427
304.437
-1014.23
553.926
-313.701
544.288
905.333
-1449.62
-1103.98
438.052
-20.7192
-1944.37
1711.3
-672.723
-540.684
460.725
-1190.64
729.916
191.824
211.2
-282.032
768.719
700.985
838.558
818.622
-462.01
1085.16
-468.98
480.151
-194.077
-286.074
-1922.87
-714.316
-318.75
-643.609
-6.65323
650.263
468.48
-273.87
562.791
1054.87
-801.202
925.325
1244.43
-425.457
-198.762
-226.072
424.833
953.284
-888.561
-327.498
-1068.19
612.014
1555.28
-797.559
537.643
934.985
-390.085
736.526
-346.441
1130.52
-276.406
326.102
1349.81
-705.195
-221.073
448.304
-1198.74
750.436
-1001.17
-99.0778
1100.25
442.229
-956.177
513.948
175.325
732.58
483.341
744.422
-85.0197
853.591
-425.881
1182.66
-797.017
552.107
-1465.53
913.424
-1216.66
1800.97
-431.712
-1510.19
879.707
-1402.05
-302.497
-417.768
1457.3
-1522.92
785.27
1491.51
202.601
277.55
-352.218
-1730.07
-296.578
-1006.33
1569.12
-1762.23
1762.23
1560.35
-1004.52
-635.104
-335.366
368.461
605.242
-365.97
-360.358
-1389.88
897.407
1125.15
600.568
1202.83
1789.48
-1216.42
-609.36
274.403
1658.97
-1916.43
257.456
814.261
-1267.58
1545.25
-561.614
776.176
315.35
-333.679
554.755
795.244
675.901
1353.03
-215.949
-445.133
-353.005
497.684
-341.442
471.758
736.664
-294.475
-153.593
-325.646
568.006
-242.36
27.5192
-373.592
1107.47
-1720.28
-430.075
-482.493
-566.648
864.343
690.933
-1596.54
904.822
-451.772
-617.926
-513.701
1252.26
328.323
1723.68
-1702.42
-1656.8
1891.26
-1560.85
840.292
720.561
-363.666
-1795.22
917.745
583.064
819.713
-396.345
1794.29
-680.642
-408.039
675.874
423.962
-1099.84
-1099.99
444.109
753.372
-1617.19
473.197
901.181
177.346
-403.924
226.578
-1592.86
-382.568
-424.475
990.299
-670.182
1442.98
-971.9
1855.08
243.083
-544.228
498.776
-296.174
474.322
893.584
543.09
977.451
-462.891
-428.022
573.936
883.36
-1392.7
-40.9889
1570.23
-831.936
519.954
971.555
-1475.86
-1115.9
1768.78
-1243.58
-525.206
1206.18
-318.995
-887.183
-192.58
456.47
-263.89
-457.478
-251.628
433.128
-181.499
146.903
-396.032
1727.62
-1735.75
-452.865
-530.85
-903.627
446.17
-207.241
-238.929
635.339
-449.835
-357.861
-304.548
662.409
-925.472
373.384
-1167.36
676.496
420.429
-631.526
-444.217
1571.96
-856.473
530.185
-457.927
-571.213
-462.612
364.696
-354.337
-10.3589
-1094.72
407.99
-664.723
-1033.69
1698.41
-594.707
-1423.33
713.796
562.188
-1596.28
1034.09
-378.122
-481.86
144.353
531.825
-1258.55
744.846
539.225
1006.03
-2133.18
999.989
1133.19
-351.154
412.68
-387.49
-25.19
1478.07
-364.812
449.566
1214.93
582.171
906.66
568.052
527.48
-1095.53
166.82
-434.203
-1683.76
261.532
1127.58
-610.238
518.469
1013.79
-1532.26
1092.86
-1643.73
193.197
687.238
542.337
-869.835
-1086.53
-171.867
429.686
-257.819
-587.118
-422.234
-636.884
-628.854
346.822
-1618.63
939.876
-476.791
216.589
-401.91
536.621
-308.028
-600.615
1197.23
-1266.9
921.359
345.541
-1028.1
-355.611
-755.121
-822.554
1686.9
-476.939
1793.87
-1581.62
-212.253
-1556.64
1018.74
537.908
-723.624
-260.447
443.654
-183.206
-587.317
384.246
275.325
-659.571
-523.905
982.257
631.71
-351.748
-1620.29
1050.52
571.765
1103.55
-1675.32
-405.791
-294.6
-368.817
-742.979
-464.267
-331.783
502.506
1558
-995.817
-775.42
1497.46
662.789
-313.226
725.881
1152.37
-1878.25
278.936
297.866
-487.14
-1931.73
1719.58
212.151
739.931
-474.968
-264.963
531.829
1060.84
-1592.67
364.696
-1722.54
-233.21
1752.35
-1580.7
1073.78
506.918
-1721.76
-0.774151
-521.643
412.68
1698.86
-1719.58
939.771
624.424
-1564.19
383.379
-219.891
-163.488
-402.971
-269.216
72.1077
95.2166
-355.664
-432.786
-436.62
-409.336
221.975
1510.25
378.839
-216.934
-426.534
464.136
-197.991
311.937
1510.78
1000.43
-156.501
-843.927
-1104.11
1704.83
-1728.77
1064.05
-707.139
-1021.63
-1265.09
1844.99
-579.902
1155.07
-1771.14
616.066
271.787
-878.236
1675.68
43.4508
-1719.13
-491.164
-1083.07
-1727.62
-982.499
554.477
1019.62
590.221
1133.04
-1723.26
290.037
-446.908
705.131
-384.521
368.831
924.99
680.531
-379.441
-635.858
582.89
1072.57
-1655.46
-399.139
-371.038
770.177
417.899
-1661
1520.43
140.563
584.228
-1044.76
544.746
1083.9
-1555.69
994.078
-238.902
236.491
316.965
1902.89
412.498
-83.3352
995.862
722.753
-1718.61
-697.376
1085.36
-1557.53
166.62
-571.757
197.979
266.157
-651.865
-559.654
582.49
1034.66
-711.2
-267.787
-1368.76
676.089
692.67
-416.391
771.543
59.3123
-830.855
561.69
-137.148
1557.28
-217.512
267.44
-770.199
-1931.73
1664.63
1035.87
368.313
295.317
447.461
-930.261
-992.605
-1767.27
638.004
1693.77
510.624
-474.265
1210.93
1087.15
-424.976
1030.22
-979.449
494.048
485.401
700.14
1047.97
-1748.11
486.52
481.777
-1494.02
-747.579
32.0071
781.279
-413.12
-883.853
391.209
-538.706
-802.709
625.618
-577.198
1397.41
1055.15
194.691
234.994
-550.615
1618.53
-772.123
1525.68
-1727.84
575.249
1152.59
545.035
-884.13
-1732.72
1916.43
-183.708
1721.74
182.6
-543.65
368.144
-272.928
-481.396
1211.31
568.271
1128.32
-491.348
434.533
859.315
-462.84
-774.809
425.216
349.593
1418.77
1089.62
-518.187
1423.01
-510.656
-533.453
1044.11
-602.751
465.572
-1196.93
1691.82
1839.58
-687.211
1585.63
-645.856
-1241.45
717.546
-562.436
202.59
-392.6
455.81
-243.734
-520.318
-1246.71
1870.94
-624.231
1173.55
-552.153
1120.29
-1659.46
1691.44
-573.934
-545.25
-549.814
1720.07
-317.313
-688.033
-473.315
1223.75
-1682.62
-1860.1
613.393
290.924
-933.423
169.238
214.372
-1719.03
1204.16
514.872
1162.85
558.888
-511.395
-465.386
1192.26
179.256
227.097
588.444
1251.13
-539.175
-1238.58
1777.76
-1025.45
999.99
866.789
-204.129
-1658.97
1702.42
-510.07
1411.25
-1732.72
-363.893
21.255
342.638
-265.998
587.173
-321.175
67.409
491.783
782.563
-377.524
1257.53
1270.91
-413.36
852.937
-438.034
1817.44
-662.368
1586.53
-1723.68
-412.787
-736.56
304.173
432.387
-559.546
-563.272
79.7331
-1138.76
-985.541
-669.633
1655.17
-943.707
-1189.47
159.208
-407.201
-648.531
705.599
1167.45
649.992
1410.36
-590.649
1636.75
1318.17
-573.326
-494.216
198.042
-503.279
1396.86
1240.24
-564.156
-999.988
893.982
53.9574
-947.94
603.44
-506.129
1403.54
1495.09
-588.433
-366.859
366.859
-589.416
1623.51
1239.59
-486.22
1134.16
-73.5954
1851.6
-394.666
1489.5
-588.627
-507.676
1347.97
-653.041
1218.77
-565.734
1554.82
-591.535
746.227
573.267
-1319.49
-652.395
276.852
487.619
600.086
-1957.3
-979.835
1586.53
369.8
-369.8
-71.8317
389.067
436.981
373.112
-5.1704
-339.551
888.661
-523.111
-426.18
815.247
-244.166
622.094
-435.599
1544.73
-444.342
-884.111
187.335
227.264
-414.599
601.168
1250.78
-1851.94
927.692
-458.722
-354.337
126.152
-1943.02
1816.86
-453.33
185.686
1181.3
-440.459
-740.845
-306.592
-577.261
-492.021
-387.49
-481.79
258.19
1158.61
-560.069
231.543
-383.216
151.673
-22.7937
-107.675
1376.04
-1268.36
34.5589
-598.408
-586.387
-452.712
452.712
-1262.36
1985.11
-1344.39
-216.623
-1824.44
242.828
-1025.76
-974.241
-186.443
-1637.5
707.242
1229.32
-1924.97
370.7
312.141
-682.841
-1850.01
1234.27
615.741
-561.849
561.849
-959.215
-40.0317
-1866.06
-558.142
1650.86
-677.529
1636.18
-601.519
-172.422
-1704.24
-586.114
-441.244
-594.794
-466.821
466.821
-1537.81
194.525
1343.28
173.397
226.516
-399.913
490.533
509.894
997.523
-474.952
1751.3
769.027
-423.403
398.213
520.51
1702.06
-594.589
-552.963
1636.86
472.382
1812.74
-645.285
-1803.92
-1938.08
-646.938
-479.141
479.141
-584.805
231.8
-687.753
1019.83
-465.906
-1071.84
-286.162
1579.57
1852.3
1635.34
-1635.34
-279.236
739.44
1761.49
595.786
1275.15
173.605
209.775
570.371
593.623
1603.51
-1603.51
222.92
-353.475
-434.414
460.849
952.25
-458.201
-639.822
-1131.02
1706.27
281.008
-1647.13
605.455
-289.917
472.517
1744.65
-592.058
-216.194
-413.205
381.477
724.756
1738.57
-613.419
-511.763
-775.525
1960.54
-870.453
-1090.08
1642.79
-706.105
1223.97
-1824.94
600.97
322.172
-866.4
-185.901
-105.436
1098.55
-486.539
126.399
611.386
-1645.6
440.423
602.895
-1803.92
-583.275
1787.43
884.413
-1162.93
1760.49
-597.564
1783.83
-575.526
-1208.31
438.565
930.384
-1735.75
924.789
-1500.43
272.791
1227.63
-831.925
-1254.23
-379.996
75.6834
304.312
581.719
270.345
1025.96
-445.454
847.605
-402.151
821.372
738.152
-1559.52
643.726
1066.29
-24.2338
-663.426
687.66
-1744.3
722.671
697.749
150.583
-1122.7
1936.76
-674.548
-1262.21
-537.176
1665.5
827.819
963.505
-1791.32
1227.87
683.32
-403.265
712.205
840.041
1028.79
-586.564
1761.49
626.746
1773.56
-1185.62
-587.938
-377.956
-321.253
699.209
121.446
-1185.7
1660.55
-540.267
-1437.81
1437.81
1250.57
594.415
1351.58
206.427
-568.226
283.439
-192.477
699.068
1113.67
483.92
-304.664
-870.339
-574.545
1736.52
-1736.52
1001.24
-1001.24
987.331
1025.17
-2012.5
1837.94
-613.969
-581.107
815.128
-947.849
-1052.16
998.394
690.475
-1688.87
-516.725
-340.106
-645.702
-808.422
2042.7
-1246.42
-613.679
1002.97
974.852
1289.77
646.985
326.359
1012.69
232.096
337.109
1186.26
1756.88
-1756.88
672.001
79.9143
-388.823
-997.052
-539.991
1674.15
988.782
1011.22
-1833.28
-223.912
-362.202
604.423
-342.89
1849.49
-1077.86
-771.633
370.016
-42.7936
-812.656
-1662.66
1662.66
912.939
1923.74
-648.584
576.857
-479.054
1708.01
-1228.95
729.532
1837.82
1148.9
-603.331
-576.251
1144.3
-813.586
-486.308
932.656
1106.49
398.715
419.908
369.078
1223.05
-1135.3
-584.983
-644.665
-1212.58
1857.25
-105.722
-262.178
330.213
-528.975
1250.31
991.544
773.576
-580.378
1878.06
-650.194
-382.304
657.629
1877.31
741.001
-552.875
375.681
-452.542
1450.42
-749.436
1172.22
588.269
-96.4851
410.097
-313.612
-1244.34
903.693
408.78
1636.03
-711.035
1046.77
905.122
779.466
766.277
591.521
758.365
996.441
725.264
1835.81
-984.045
-851.77
538.87
-329.956
305.207
-305.207
-390.355
-675.737
291.216
833.164
380.789
355.737
1888.88
-659.56
1097.9
-15.3507
-773.233
1119.03
461.46
-1140.21
1140.21
1758.16
-671.011
739.658
452.601
-199.15
900.257
-643.271
1313.7
1200.56
889.187
1143.78
540.428
1096.44
-558.984
-84.6255
-1090.65
1115.67
636.068
-1669.76
1198.04
-136.505
554.658
-418.153
201.671
-608.691
1859.47
1075.1
-1075.1
997.141
604.648
-1601.79
633.112
651.639
619.271
1115.32
767.944
-667.086
1731.14
400.661
1061.17
129.527
1563.64
526.648
713.596
-1215.38
-717.466
-527.001
1914.11
-1387.11
1852.19
-601.617
1513.37
-1852.27
338.894
984.245
-984.245
1772.5
-682.88
54.8488
-499.381
400.121
-647.581
1353.1
-705.518
675.124
-631.406
67.2516
534.279
609.958
-1144.24
1486.7
-748.888
1026.18
-1026.18
427.056
-333.141
333.141
334.122
1148.51
-693.855
-896.819
1590.67
1233.39
1266.33
661.062
-1927.39
-1308.53
-709.46
1423.26
1308.53
-548.336
-953.192
807.089
146.103
1154.83
-1154.83
1174.12
533.89
1202.81
-1848.09
1206.32
-1061.21
1061.21
1014.99
1039.23
815.851
586.624
-1764.16
1177.54
1092.17
-1735.44
1058.26
-596.561
-501.728
1012.35
-699.417
585.939
1291.37
1687.11
-826.838
-860.27
1048.6
-1048.6
-196.264
369.936
-173.672
-774.124
361.003
-1827.04
624.351
1202.69
-769.079
-759.526
1528.61
-327.988
-315.183
643.171
1123.38
1655.5
-715.624
268.141
204.24
876.335
-876.335
856.646
1679.44
-1035.72
634.901
-1278.17
1260.84
-1909.43
1132.27
-1794.63
-274.337
-401.401
1921.9
1135.81
-1135.81
1236.18
-1850.15
601.758
-601.758
429.426
-254.512
-174.913
613.356
954.513
-467.993
767.793
1767.65
-849.905
475.92
-852.535
852.535
1238.68
-1079.01
1254.71
-1868.39
1267.24
-1891.47
1125.51
1547.81
-762.538
-369.264
894.041
-1871.7
977.66
-345.672
529.857
-860.438
860.438
176.679
-462.842
1176.25
-1777.97
1190.03
-725.229
-1025.61
1750.84
561.19
-642.189
-184.529
-333.279
517.807
433.134
310.361
541.213
-355.122
636.757
1289.48
-1926.24
844.88
-844.88
1125.84
-1772.78
37.0979
-442.774
1661.64
1205.12
612.66
-1817.78
378.445
-762.104
762.104
639.39
-1851.97
1243.5
1057.33
-618.77
-521.946
521.946
1222.26
619.82
-1842.08
1160.32
-1752.38
1123.22
-1762.89
639.673
568.794
-1374.81
806.013
1237.86
621.605
-1771.14
1173.58
488.209
627.897
1229.35
-692.871
-1368.12
1773.64
728.227
-728.227
1095.1
-1734.32
639.214
-830
391.966
-718.855
1717.25
244.07
301.177
201.329
539.596
1224.3
437.263
-852.645
-805.372
1658.02
-1166.71
-660.325
557.22
-1530.94
-632.206
1064.93
-682.295
666.92
-666.92
1011.02
-1011.02
-605.751
894.651
-721.561
1875.97
-642.579
-207.716
179.648
183.486
-363.134
610.822
1112.22
-1723.04
1813.99
-576.128
-719.35
1895.6
1079.46
-1772.33
544.924
-366.749
-527.438
527.438
169.621
197.699
-367.32
1835.98
215.018
146.883
-361.901
-289.675
606.927
-606.927
-1215.66
1767.92
-552.26
684.786
-412.819
446.681
-224.706
207.443
153.553
-360.996
1802.69
-1817.28
-1745.31
1131.89
550.303
-372.203
196.852
172.045
-368.897
-1685.33
659.887
630.322
-630.322
562.757
525.66
-323.989
-2087.47
-1193.43
-675.779
1878.59
1134.39
-1721.67
-1230.65
621.762
1707.25
-1091.19
-1170.17
198.156
172.225
-370.381
-585.77
585.77
36.6587
680.102
1092.96
-1773.06
1131.2
1081.48
-655.94
297.112
742.374
-742.374
-1448.83
573.307
875.525
1083.38
-1677.97
1810.55
-604.229
405.882
-715.826
-1640.71
1039.19
-598.609
1796.65
272.616
568.502
-568.502
1633.21
-896.49
437.768
-714.265
714.265
-1097.19
-850.254
-427.881
190.509
182.905
-373.414
653.869
-1301.45
-485.025
-1654.12
1069.14
527.075
563.151
143.162
216.625
-359.787
-1204.09
1805.06
-608.6
-1280.4
-779.48
1600.85
273.947
518.859
-283.458
627.619
-627.619
1792.32
1497.74
316.246
-623.533
623.533
697.503
-448.681
567.36
-378.434
-206.336
474.478
-512.81
204.782
702.53
-469.952
-719.751
337.447
-1659
1118.73
1091.07
814.123
-548.253
1451.92
-1557.41
965.872
1002.99
-1672.63
610.928
1106.21
-1717.14
-1587.01
1023.11
620.329
-620.329
1223.54
628.762
-1123.07
1084.1
-645.604
709.728
-437.716
-1486.32
897.883
1034
-1627.76
-1183.29
-580.872
1956.86
-1000.8
525.852
982.151
-1628.01
-165.479
-554.272
1603.57
-17.0444
-668.79
1209.6
-1885.38
551.718
-1681.13
1101.49
-532.826
312.826
220
555.609
-1187.13
1845.15
-1528.76
958.352
-268.278
-241.254
509.533
228.846
-457.588
-384.674
1450.96
-748.681
-823.533
1572.21
740.676
-1839.8
1099.13
-307.02
483.7
-1922.59
1948.78
-1948.78
-1800.27
807.665
1881.16
-649.562
181.636
-419.229
-536.948
-345.854
-880.484
391.884
-591.012
1963.6
852.205
-492.098
-360.107
-1664.59
840.839
-1847.17
1038.51
730.277
1836.09
-283.304
1669.24
1787.52
-586.959
-1627.69
545.687
1082
871.012
-1619.69
-605.996
-667.791
-131.17
644.95
-363.942
155.16
410.304
1028.22
420.036
-1448.26
1675.32
-543.424
-562.56
1632.13
-1705.73
918.717
-484.184
-1102.68
616.141
-26.4926
-1416
1630.63
-524.414
-1435.35
860.807
608.834
-1679.33
1070.5
1671.42
-588.035
-1286.92
-689.773
1919.12
-1621.19
-14.1462
-368.504
-1799.18
603.99
-1180.24
-1468.09
879.465
-502.177
923.032
772.026
-1695.06
996.525
-1417.7
421.171
-64.3578
-243.377
-167.785
-1360.19
359.024
245.516
-929.053
529.334
-1516.49
747.414
-1587.42
789.865
-1115.22
2009.26
49.5195
-607.355
1772.83
942.171
151.568
-1819.53
1169.96
-625.606
433.141
-445.339
1072.08
-73.6656
-1095.82
1169.49
-482.326
1228.55
817.688
-1640.24
199.445
1196.71
760.652
-1532.78
154.68
1670.45
600.994
-1521.35
934.109
-1525.12
-554.278
226.29
-1399.36
913.144
449.656
-109.637
1199.96
-576.036
399.771
-714.486
1382.69
-668.203
-363.689
540.684
-335.927
-509.86
786.713
-1372.74
807.838
-470.312
-702.159
-367.313
-462.687
1853.06
-1066.72
-656.32
-631.423
1870.11
-1268.36
456.432
-1239.96
799.496
-932.831
859.166
-1302.85
743.307
-836.379
-248.362
-719.58
301.812
-486.856
1209.69
606.712
1026.5
-6.7889
598.04
-110.607
400.008
-226.12
453.217
954.213
1065.42
183.27
-1414.29
823.644
-749.25
-1129.1
388.252
-1338.37
765.045
-1582.21
750.278
1264.18
463.375
-228.381
-736.831
1310.1
-1082.89
-651.43
465.539
-338.321
17.9652
994.288
-1119.73
125.444
648.249
-703.748
220.561
-1744.47
-750.121
302.991
-238.998
1087.2
543.76
308.727
-852.487
-595.468
-791.23
349.986
-465.654
-23.9209
1443.65
944.464
253.726
282.555
-536.281
-686.188
1787.68
-74.8191
-428.47
672.868
183.927
356.355
281.649
-596.101
1676.89
1380.17
1828.97
366.473
1079.64
-1765.82
794.624
678.822
-1473.45
-1503.62
1095.02
-1061.48
1709.73
-651.719
315.659
-792.064
-560.915
-983.416
1544.33
-1035.75
233.228
-349.187
1068.71
-1526.29
700.245
-1501.8
-836.462
560.726
275.736
-582.623
539.544
736.543
1112.95
-1668.22
1668.22
-599.056
807.004
1147.16
928.725
-1527.78
-604.835
-949.747
-419.647
-476.843
-281.458
619.672
647.901
-1410.99
-1577.62
721.144
865.477
-1625
636.926
740.962
741.569
-1511.77
-485.194
1390.32
-742.187
-512.483
1254.67
-1252.49
688.337
932.907
-406.305
583.485
-1307.11
-1380.17
-1338.46
613.237
725.224
-575.199
631.263
-1277.15
-682.341
745.115
-418.755
806.851
529.928
683.622
418.379
-1160.57
334.924
473.189
-808.113
-426.538
-111.772
876.199
-1591.82
1663.42
-158.486
-1053.21
-626.122
367.556
290.073
1654.68
-556.777
1476.14
-578.258
499.218
645.727
-1509.87
864.141
-1230.76
665.028
-1217.21
-492.648
1123.91
1168.65
692.971
-1205.45
737.259
-1727.68
837.091
470.215
1010.71
-471.115
-172.681
-1052.14
-256.551
423.371
-473.827
672.438
-1569.26
-1182.07
519.419
1034.91
691.639
-1184.29
-602.188
-1632.12
-0.0863254
368.231
410.893
-901.816
1526.24
333.055
792.771
-417.09
5.49186
1574.45
881.735
-346.187
322.449
23.7379
-470.335
1238.28
563.705
-1047.59
483.885
-333.055
-21.2823
535.418
-1069.51
534.095
1179.39
-413.11
344.749
-748.014
72.5707
940.812
435.876
-224.676
-500.298
-1075.22
-1192.02
639.871
-713.202
-1597.17
-658.363
798.92
607.285
871.43
-1478.72
1037.64
-1085.24
1660.57
-621.375
-481.608
-307.792
1141
-296.419
358.356
-384.518
26.1615
-734.686
-593.27
-1402.41
784.484
-975.936
-625.854
-46.5562
-14.147
-237.148
471.26
-1123.66
258.119
-286.698
28.5797
-1092.12
-589.011
-678.359
590.141
-1150.21
-189.813
356.747
-388.08
31.3332
422.681
384.17
-1097.43
-589.257
811.8
430.893
-494.919
917.177
628.779
-1545.96
889.709
222.96
864.781
-437.724
462.628
519.487
516.854
-1036.34
590.258
491.467
-1081.73
688.082
606.454
803.411
-1409.87
969.764
1104.86
-633.603
943.657
647.017
880.04
-39.3006
578.305
-1102.84
313.54
-347.996
34.456
465.181
387.024
-383.02
337.98
45.0403
1112.47
513.99
-1015.72
-1626.85
864.317
1420.42
-759.059
-417.619
365.41
52.2089
1107.1
-699.106
200.462
-1073.07
1712.29
323.067
-378.282
55.215
1477.86
-598.393
345.169
-402.674
57.5054
-626.701
262.758
-433.181
378.468
54.7131
369.795
-418.894
49.0985
370.397
-411.419
41.0219
430.713
-451.421
20.7082
-426.745
435.667
-8.92166
431.916
-415.1
-16.8161
411.111
-387.649
-23.4623
407.843
-379.112
-28.7308
393.898
-360.98
-32.9188
-375.662
416.954
-41.2917
395.049
-352.202
-42.847
372.441
-328.652
-43.7889
-397.006
441.688
-44.682
-20.6919
-802.7
488.324
-154.792
753.625
-684.349
470.945
516.988
649.96
-1458.32
808.355
-595.064
-648.004
428.404
386.843
402.559
-394.251
336.631
57.6196
370.775
-754.422
383.647
121.894
1571.4
-605.532
-1292.67
205.696
-557.914
448.318
-929.104
480.786
538.676
398.903
-840.189
441.286
1687.16
-742.698
1500.21
-877.237
-1587.79
-789.085
1763.53
-672.452
483.546
-951.632
759.354
-1354.42
1112.1
1573.03
509.882
423.026
429.074
342.081
-400.49
58.4086
-895.808
459.188
-369.758
408.798
-39.04
-755.84
-573.88
504.098
640.205
-418.59
-577.369
1646.02
-575.519
491.861
536.933
506.078
-1018.57
512.489
-1537.45
1173.76
-680.356
1676.88
1127.67
-601.491
-331.971
-391.053
390.995
0.0574772
-288.462
429.616
547.931
-1039.95
477.028
1178.85
-550.184
-545.348
-316.165
346.275
1057.98
-362.951
-635.159
-535.015
510.657
-1059.64
548.985
1425.23
-601.584
1401.07
-500.809
500.865
-982.473
405.896
-369.602
-36.2939
197.525
-880.037
-670.809
1469.12
351.99
-818.397
487.6
-945.801
1824.32
-953.311
-724.201
289.998
544.806
590.891
654.758
-1245.65
682.572
-1432.03
749.453
1074.22
473.43
-907.844
733.558
619.541
-504.588
1417.53
-1770.13
1502.93
267.207
278.995
1453.37
-1017.87
1496.92
189.313
-685.686
235.851
444.243
-862.834
-644.91
-1107.98
294.532
1120.24
-170.166
1289.81
-601.469
-1600.41
1098.23
1921.1
-1110.5
-810.597
-578.669
845.011
1042.05
424.351
-826.502
-802.005
-1122.3
-647.74
-500.536
-390.634
-1345.12
-234.842
310.721
-579.781
211.17
424.801
-830.965
212.741
-620.78
857.147
-1807.48
-842.774
193.228
178.755
-371.984
-924.868
456.337
-1098.32
895.236
1017.71
417.11
1416.13
-1523.7
702.108
275.996
783.684
1378.9
571.905
-1184.12
612.214
465.334
-850.377
-892.024
1880.81
-449.848
181.569
-557.891
1121.6
210.848
622.69
691.006
-204.153
-396.951
601.104
1589.67
-1008.2
-508.269
1148.47
314.667
-270.297
-44.3703
628.242
-1246.18
-833.455
326.26
507.195
-1122.89
-1621.18
779.992
878.025
647.455
724.222
204.926
312.063
146.813
-517.752
370.939
546.598
-298.439
691.13
-1173.46
533.603
406.134
-783.658
-783.902
-625.963
12.8357
1590.31
-984.858
-817.033
968.919
1529.19
-851.787
-677.406
351.129
-692.777
341.648
-540.06
1298.43
1269.15
195.541
209.222
-1053.92
744.549
678.706
-512.46
157.338
-462.541
256.529
206.012
212.766
1469.12
383.589
-737.064
649.205
961.546
-1522.46
196.579
331.036
331.765
-662.801
1189.42
-599.276
366.594
700.549
-362.879
606.95
1282.79
472.372
-936.13
463.758
539.087
534.817
-1073.9
678.552
-1421.53
896.905
-451.639
-597.094
1679.09
-582.117
1766.53
-1184.41
-628.491
265.612
1508.17
-770.91
-354.382
889.507
296.909
-910.513
-385.177
675.251
823.04
-736.1
1277.45
438.483
-897.52
459.037
-1063.17
-756.357
-762.004
-1062.44
-974.932
-713.938
599.299
-599.299
-7.62833
-728.897
531.784
-1515.2
812.574
200.611
400.069
-755.361
355.292
655.675
873.519
-1284.48
1816.26
-877.373
1659.28
-717.11
1267.74
-853.903
463.412
-242.851
1402.93
315.374
-599.557
284.183
-1070.56
604.905
-934.636
1534.72
812.347
-131.174
-460.829
847.672
419.423
440.01
-396.258
-43.7515
-1629.94
779.563
-544.887
166.453
1620.52
-870.24
1122.89
17.3204
1523.67
-646.648
-1127.87
-407.643
-554.912
-846.801
-1678.71
1052.59
503.898
-608.075
104.177
-256.684
338.726
-751.578
1839.11
8.33633
288.21
-603.393
-1523.67
-138.998
1102.42
-682.187
-420.229
-727.588
-117.292
583.587
269.144
-739.096
-591.146
1768.68
387.731
-739.517
1808.22
345.983
-855.843
271.723
300.774
-572.497
-330.411
361.741
350.464
-1377.17
-421.019
233.351
230.06
821.218
-1098.57
452.963
1075.39
-45.3126
-578.046
1157.07
-553.084
-941.462
-433.345
-478.101
-807.042
1285.14
-612.127
74.5404
248.29
-229.043
-938.819
1354.54
-415.719
-494.873
-683.154
1296.39
261.776
-521.229
259.453
618.862
1390.4
608.616
-1533.48
1160.29
-814.747
-463.601
-544.36
293.202
-331.16
37.9573
-527.735
-261.423
-14.6476
-627.733
-1197.75
736.733
461.014
-576.058
1098.32
-666.828
1392.05
-586.663
265.488
1624.71
-903.567
727.588
34.5158
-61.6525
248.626
-489.88
802.121
-517.563
912.738
631.594
1022.06
-448.606
763.89
-1370.56
673.389
-248.181
1051.09
-654.462
1154.1
-378.593
338.561
-564.871
-890.924
1598.17
751.578
1730.96
534.108
-329.326
-522.351
866.132
-495.357
842.982
619.702
366.97
-324.252
-42.7176
709.2
-1586.57
-398.685
970.052
-636.661
-838.046
-743.503
373.879
-332.461
-41.4185
-448.31
-488.239
-605.54
370.394
1081.71
-619.079
850.285
-500.298
571.798
-420.368
1305.84
-1673.84
688.977
-1797.53
610.748
-530.857
496.905
-839.969
343.064
231.166
-545.496
314.33
-763.566
390.639
-347.212
167.491
555.458
-283.437
-461.009
1153.98
1100.21
-671.135
-587.841
-456.542
374.321
-405.595
31.2743
-492.444
200.78
444.269
-190.132
-320.913
-303.692
751.148
-1058.94
468.813
933.884
1029.71
-432.944
362.608
330.411
485.145
1030.48
523.626
852.427
1068.67
811.038
-1458.71
647.673
463.223
-1259.32
681.953
-202.368
-260.173
140.005
-385.935
599.953
782.736
-594.294
-169.596
216.695
233.43
219.787
1643.08
-464.101
-723.033
-323.34
357.19
-33.8505
1151.68
-442.504
-709.175
439.926
-399.227
262.143
411.246
-573.254
494.123
-707.343
1132.14
190.096
647.139
1399.16
-1204.64
693.095
-401.519
145.839
-190.627
-668.951
607.135
509.624
-311.347
1101.47
-648.051
1113.38
-494.306
1185.94
736.845
-634.548
359.295
-31.6177
1510.42
-769.458
1653.85
-993.967
1370.56
-1222.76
261.423
-75.4172
602.527
-781.523
-778
-409.647
1246.74
-46.7939
-516.481
-264.664
-1190.79
-591.019
733.996
-272.604
893.056
-455.289
-354.544
179.136
236.269
582.369
-230.378
-272.56
1230.61
-590.79
-540.309
583.19
-656.726
243.893
69.0179
369.879
-330.026
-39.8529
226.337
-1074.34
766.768
283.252
-1006.29
355.498
213.126
-568.624
627.046
-235.225
686.563
-451.338
-751.175
-378.514
-1025.16
503.46
452.679
-1160.02
-856.494
338.931
-94.5519
188.283
940.619
-33.1134
496.042
-1144.09
1779.92
-898.187
-48.497
20.1946
14.786
20.2387
621.384
-476.849
120.837
-719.933
-435.494
-624.148
-489.472
758.616
-453.47
-962.889
-1201.63
-92.6552
-441.93
738.839
903.29
-422.503
169.539
-365.803
-15.7829
781.937
800.73
433.892
-330.44
366.279
-35.8385
-475.18
-613.694
250.744
-643.292
303.856
688.245
-233.409
311.061
1150.1
47.1964
-518.841
646.585
-1593.49
946.902
291.163
192.536
-388.226
555.561
-354.951
227.467
-669.397
-418.254
193.578
-251.477
-225.182
920.091
752.775
203.778
314.03
-952.171
528.976
-63.8583
286.128
-738.993
-666.364
-970.947
814.447
-1220.65
-898.403
297.24
-503.849
158.006
-363.533
-428.277
889.296
-340.311
-483.679
693.257
67.5941
399.227
458.917
1154.35
-715.744
44.9167
-377.724
643.335
-510.873
-629.793
732.58
-434.61
1209.82
-312.247
290.663
21.5841
1779.07
869.208
515.715
-320.174
860.725
-1428.1
-1840.34
856.299
747.38
-341.193
1603.57
512.843
121.097
-154.299
-186.448
340.747
1695.66
703.885
-1372.09
1686.86
-732.644
1036.69
-42.403
1216.96
39.1951
287.221
-709.455
-241.917
-347.967
285.609
-773.848
1020.05
508.387
216.445
-640.92
-701.258
-142.378
1196.42
-245.435
-276.827
-186.814
-156.599
343.413
-1032.38
-223.372
-689.775
-603.394
-1289.44
513.911
-554.455
-1240.74
1094.08
738.711
-341.826
-71.3794
354.046
-316.095
-37.9507
1770.32
-502.957
135.15
-363.531
-82.3388
-436.98
940.509
-631.527
477.594
534.811
-613.252
-61.7076
303.296
-112.819
286.85
160.101
209.835
-1154.35
-410.304
-191.184
-156.122
347.306
-757.521
-806.988
-377.131
-73.9749
-896.972
-1109.03
-1464.14
-535.887
-1464.14
1466.67
533.333
1466.67
347.967
-322.078
116.798
1034.71
724.522
1266.78
-1116.69
-465.192
-841.917
-436.417
-841.578
-236.716
660.636
-380.715
303.899
-1752.04
-448.481
25.118
-370.013
736.209
-577.717
414.857
-650.082
-469.241
634.818
-421.692
-1114.32
-725.486
654.308
-1690.06
-772.613
-685.703
1679.63
-506.566
234.006
1056.39
-562.456
-100.97
-100.467
-1451.98
571.938
1566.13
391.722
-1419.51
-448.995
-1398.58
259.738
-1019.53
459.59
443.7
1009.54
-863.282
-155.828
-203.863
359.691
-1292.67
-341.718
445.22
-234.05
-786.075
-410.859
-591.604
1486.84
688.367
350.63
-754.826
440.549
1107.98
-690.87
-822.793
-624.142
258.172
-644.188
-31.2885
-477.213
1228.58
-869.554
1460.19
-383.135
-369.396
721.071
-392.749
-896.517
-846.206
-427.973
499.423
-343.315
-152.314
495.629
134.021
408.874
-450.704
1414.21
1572.94
-604.02
-616.362
1150.64
-969.597
261.717
-308.325
-430.46
1099.93
-527.559
-220.455
947.085
-428.179
-158.658
372.235
757.521
-1342.42
-18.3807
-466.644
-260.935
260.935
-328.464
-426.896
932.043
-614.946
1296.9
-423.599
-510.4
-1585.98
812.599
-332.15
-360.222
-1193.95
1176.99
-564.779
183.517
416.982
-893.825
-723.745
242.346
495.975
-289.963
-631.807
-465.802
-202.603
-168.124
370.727
-819.732
-164.245
-203.129
367.374
-205.657
-158.232
363.89
-281.519
35.5843
921.263
-1508.18
374.2
-190.714
210.725
-983.958
1045.1
-500.297
-689.389
-378.364
1067.75
940.814
-210.623
-163.088
373.711
-378.471
417.666
1341.3
1660.57
1282.79
-1465.17
710.346
186.582
463.68
98.471
-359.406
434.623
-305.029
789.764
-434.472
471.744
-695.43
-606.02
-466.084
129.672
490.941
-49.4616
-455.539
-388.62
-652.463
-1573.35
771.342
-211.846
-164.418
376.264
-888.726
-512.146
1610.38
-1506.37
-858.693
1129.96
-1175.27
1598.32
1049.82
-818.798
-899.816
125.651
-613.636
1671.62
888.766
912.261
681.445
-270.824
876.572
-349.895
-277.066
-363.936
714.4
390.684
579.668
601.5
533.58
-337.001
729.155
313.429
1576.6
1381.3
-440.679
317.668
-366.407
-687.907
-29.2885
133.645
-883.076
370.061
-793.784
943.642
822.886
243.893
-260.824
480.824
266.265
-576.406
784.322
215.197
218.277
202.258
1559.34
48.347
905.795
-954.142
474.402
-403.363
186.055
-1100.09
475.946
55.4023
820.324
908.581
-186.109
-191.862
-376.762
-359.085
-497.409
-610.63
256.086
-929.537
460.825
-468.093
-345.143
49.6272
765.766
-456.199
869.958
-98.1083
-459.806
573.765
886.422
356.375
-171.795
277.852
932.281
602.441
53.3402
308.379
266.676
-1220.31
466.084
-877.564
581.6
295.964
1688.7
-430.546
-315.816
271.393
-403.605
977.464
121.371
336.628
1220.65
1514.53
-650.391
-679.8
701.258
-287.934
826.903
-538.97
-681.476
660.784
-374.433
822.354
376.44
608.226
-366.442
-1344.39
1038.79
-255.205
1857.44
-681.302
206.499
530.185
-190.303
700.197
-318.213
245.599
-1100.11
417.779
-1356.56
1339.37
406.388
-216.314
-162.11
378.424
-783.913
-1623.35
-903.037
178.714
35.9547
-625.587
998.972
1190.79
-653.655
-739.272
-671.863
553.744
497.876
505.629
-1207.79
932.024
-253.035
1174.66
-529.854
777.562
-1288.96
1098.67
-95.2007
339.094
-598.704
1380.64
219.917
-618.923
-903.538
380.476
1193.99
215.456
209.919
26.7501
-935.848
907.683
-972.041
-249.375
297.935
752.073
707.238
1149.5
349.327
-661.206
-332.321
-309.079
-291.439
-709.386
-452.009
557.79
-388.538
-32.6629
83.4208
-44.2717
-742.406
305.425
-1315.64
284.7
471.181
680.774
-1151.95
-1093.2
-358.5
-395.89
-1009.54
-1136.37
-1514.41
615.991
-305.583
-1103.8
-362.035
-376.236
783.808
386.168
-1077.04
-44.4229
344.531
290.624
267.098
600.356
-1003.95
315.578
-423.777
359.303
-223.115
-401.842
-204.284
-1515.44
285.193
-1508.57
-1457.74
-221.522
1079.3
24.0196
-431.928
1040.97
-517.346
-665.326
1109.6
813.086
369.398
-768.083
659.856
-258.269
-385.92
-413.362
-550.791
1035.94
366.848
-201.969
-164.879
-322.503
-791.725
-404.822
1196.55
1914.4
50.1837
363.136
171.678
-530.202
-309.766
266.225
346.776
-143.288
-203.488
-382.947
163.955
-385.245
430.162
-396.91
766.308
643.788
447.804
-421.054
-345.739
-99.7764
-905.806
353.065
-238.026
-782.95
637.681
502.663
1157.44
1019.9
-1145.48
804.039
-542.029
-97.6628
1543.55
-569.821
1098.8
-347.783
1648.14
-105.483
-225.676
327.109
921.298
415.842
-1369.15
-328.28
-1419.25
1314.44
-632.992
708.417
-1338.83
680.105
367.238
-434.027
-620.015
-535.283
488.654
-203.432
-989.427
-831.158
300.955
1107.53
1511.02
1003.28
227.537
474.127
32.4205
446.487
530.22
969.984
552.979
-326.642
-295.972
1521.3
-174.877
888.3
-1353.77
956.03
440.644
-606.182
-190.723
-490.752
325.599
-591.14
1131.07
532.958
-316.263
299.959
433.475
-299.454
241.201
-432.542
-116.615
-796.686
352.326
-600.838
-493.523
417.079
-1013.09
197.865
1001.96
508.093
785.183
361.593
-241.869
-411.308
1530.84
-740.993
-479.32
19.6201
-732.812
1151.29
-1708.89
1160.22
-192.248
1323.22
294.879
-361.485
-174.314
585.56
-330.375
464.264
1517.2
-148.13
321.697
-539.724
1391.77
-1176.78
-1310.7
421.283
402.267
-966.018
122.091
-361.361
351.468
-378.747
462.584
1058.72
-562.98
-562.743
1203.61
-1189.16
497.181
315.15
-1189.55
-1272.28
-238.207
91.206
-482.11
313.354
-747.459
298.464
-48.972
-609.187
418.464
-374.934
264.403
-162.826
-899.712
-472.488
-364.387
1118.8
-378.986
-297.649
290.334
390.189
427.646
-535.129
266.845
1632.56
-1575.08
-315.096
533.926
-91.7435
-715.492
293.584
48.5599
-1093.19
-422.012
-872.733
238.185
978.595
-330.59
-958.367
-331.519
-19.7358
204.084
-710.607
764.876
-689.79
483.731
-169.287
-232.448
401.735
-317.364
50.6699
-355.333
973.822
998.883
-405.23
191.378
170.214
-651.2
237.095
501.891
-541.192
1080.29
222.864
-380.732
1111.8
-623.144
-276.487
296.347
143.755
-1671.5
366.337
1326.9
192.022
75.8162
9.99565
-429.459
190.654
1473.82
178.139
-800.771
428.521
-1532.94
1544.55
274.995
-158.649
-439.76
-189.279
1107.28
164.678
-292.108
292.789
-327.129
640.558
643.713
294.611
-628.478
-970.897
180.172
-167.924
581.897
-333.848
655.545
329.533
313.802
-759.467
1187.34
41.4218
337.683
-480.507
770.186
314.31
718.319
353.271
98.2854
-625.685
910.366
322.481
-442.034
281.601
252.001
-949.039
-196.445
19.679
-155.883
1500.65
-287.774
1325.55
-190.864
355.542
331.189
-1136.06
409.47
-803.508
361.475
-337.803
-677.193
1021.09
655.801
-487.486
-745.567
242.61
381.373
281.648
-317.667
-160.685
351.339
-558.848
-985.554
693.459
179.193
-607.861
-158.299
-760.744
-447.103
-113.485
-852.533
-143.908
1050.96
507.558
1714.5
-620.425
-83.7402
402.898
-652.08
-173.996
-163.807
-498.381
-141.568
-1462.9
415.002
-223.787
-291.065
-447.897
748.852
329.096
538.268
597.811
-297.169
564.271
217.443
996.545
-788.589
1285.58
589.271
389.021
-313.205
-544.686
-29.6651
-430.141
-1010.46
31.9268
-365.972
-382.275
50.8218
-351.549
-779.254
87.5447
7.35254
119.592
1110.7
-530.949
-129.657
804.388
271.097
-350.776
-976.606
627.15
-375.438
283.71
804.205
337.822
26.1296
-427.925
-255.11
1441.89
483.519
245.046
-97.0501
1207.75
-195.585
-179.349
371.019
-854.515
-211.626
196.254
165.107
-329.986
1380.32
-492.625
-163.289
-141.782
55.9505
15.2061
-203.169
187.963
-37.2081
38.9557
-1.74757
-338.345
207.418
130.927
324.131
-41.3279
-282.803
-201.466
236.576
-35.1099
6.97133
182.554
-189.525
-8.24683
-15.6258
23.8726
100.904
-38.2317
-62.6727
246.574
-231.368
29.7651
-231.231
312.262
-179.342
-132.92
380.435
-389.192
8.75669
37.4182
-24.5767
-12.8414
241.419
70.8426
-244.154
312.503
-68.3499
-138.835
139.614
-0.779076
437.024
-180.106
-256.918
-248.282
142.487
105.795
-65.1861
185.985
-120.799
359.285
26.1782
-385.463
-468.829
449.986
18.8428
-42.536
-81.9657
124.502
-29.7291
-0.936834
30.6659
-138.273
145.244
56.413
277.612
-334.025
-218.237
-12.0696
230.307
285.168
-410.654
125.486
-60.439
270.037
-209.598
-12.1142
-14.5826
26.6967
108.744
98.1441
-206.888
-20.5531
22.9466
-2.39346
-20.5347
22.9307
-2.39595
-20.5373
22.9363
-2.39896
-20.3766
22.9243
-2.54767
20.347
-22.8365
2.48947
-20.3766
22.9227
-2.54614
-290.383
229.944
-33.9882
230.892
-196.903
-56.0718
38.7514
17.3205
179.382
257.642
-353.855
316.414
37.4411
-20.5411
8.42691
-26.0536
-1.33806
27.3916
40.9627
147.576
-188.539
20.3721
80.5324
368.741
-312.328
76.503
-286.857
210.354
267.525
-280.42
12.8942
144.633
-189.491
44.8577
-5.55627
47.2236
-41.6674
256.806
-215.843
161.73
41.2023
-202.933
-148.019
-148.981
297
-18.5515
-18.6566
163.63
-197.618
71.6251
83.4307
-155.056
280.015
52.6381
-332.654
34.7813
-43.0281
77.613
-106.809
29.1958
-34.0679
-22.004
-174.135
35.3
-21.4902
17.9937
3.49649
300.323
-32.798
105.478
-103.875
-1.60336
2.73375
-168.888
166.154
353.545
5.74023
-47.1391
47.1391
-284.148
-17.8283
301.976
25.2817
42.4903
-67.772
-47.8231
-1.40541
49.2285
-253.973
-108.464
362.436
-271.503
27.3492
327.467
-3.33615
47.1843
1.9871
-49.1714
47.6479
1.61297
-49.2609
47.1663
1.96326
-49.1295
47.172
1.95897
-49.131
48.0101
1.62896
-49.639
47.648
1.61059
-49.2585
-27.6396
1.58603
-5.27483
-24.4543
33.4629
142.091
-175.554
1.44452
25.9367
-27.3813
-286.254
138.235
185.553
-182.819
-29.7868
-164.379
194.166
-171.46
204.922
383.653
-98.4847
17.3095
2.56095
-19.8705
-87.9399
-160.342
17.0747
-15.2204
-1.85433
-436.856
313.87
122.986
-265.183
223.855
294.411
-273.431
-20.98
-217.97
294.473
-53.1407
361.516
-308.376
-208.962
259.38
-50.4184
-302.443
119.52
182.924
-264.996
-73.3485
-23.3205
25.8819
-2.56144
-24.9738
4.42067
23.8457
-3.4987
-24.9716
4.43691
-24.9896
4.45225
-24.1061
3.72945
-24.0967
3.72016
-249.452
323.851
-74.3991
-79.6278
241.358
-189.706
318.487
-128.781
179.034
-402.22
223.185
442.042
-166.39
-275.652
11.0929
-11.0196
-0.073334
45.1384
335.297
-156.973
187.835
-30.8618
66.794
111.653
-178.447
18.3389
-3.83603
83.3128
-79.4767
-143.095
-42.1422
185.237
13.9913
319.92
-140.885
-65.883
132.677
21.5219
-23.2556
1.73371
-24.7206
1.40013
228.734
-256.329
27.5955
-20.0167
-1.47345
170.012
-98.3866
13.8202
3.25451
-8.648
0.735571
7.91243
15.3703
154.641
-233.518
300.746
-67.2283
194.21
-66.177
-128.033
29.2822
-7.76024
-189.733
367.246
-177.513
152.835
289.207
51.2086
54.2695
93.1217
-158.308
-416.628
363.488
-328.388
187.92
140.468
195.271
-147.884
-47.3872
-165.939
-28.731
194.67
114.203
-114.203
-249.452
214.713
-363.694
-12.5912
124.245
-17.6562
42.9379
-21.2373
23.6943
-2.45695
-21.6572
24.1009
-2.44367
-21.2367
23.6942
-2.45747
-20.7853
23.318
-2.53266
-21.6571
24.1095
-2.45249
-21.6618
24.1139
-2.45211
-10.3301
9.56953
-338.783
329.214
-78.5832
-25.2917
198.943
-245.191
46.2478
-137.842
95.3057
253.835
-283.622
-39.5798
-37.6887
77.2686
0.27952
-57.1092
56.8297
-335.965
-17.8898
260.223
134.035
-394.258
5.6115
108.591
297.939
-17.9236
109.281
-299.014
-405.706
151.733
21.0393
17.9164
247.488
78.9866
-326.475
96.9057
-376.763
279.857
68.5334
-286.503
-380.641
56.9401
323.701
13.7911
-99.5707
347.059
-10.6496
45.4309
-9.37587
0.727874
32.882
245.149
-278.031
24.3467
13.0714
-10.0265
-275.125
285.152
-42.7954
-4.34366
225.224
-396.308
171.084
-27.0959
-228.562
-131.224
-253.608
44.6462
21.0526
-23.5155
2.46294
-257.343
-114.641
3.21381
7.87911
-69.0345
-145.588
214.622
169.134
-60.3896
-3.86686
98.9822
-95.1153
-112.528
195.958
-42.6362
-36.1232
78.7594
-28.0994
0.388601
27.7108
-153.186
-257.468
167.22
23.0292
-190.249
-319.919
-148.91
-174.642
99.6149
75.0271
239.905
-11.1717
-311.188
121.482
-39.4301
273.895
-234.465
-361.749
181.643
-164.671
-12.0077
176.679
-139.651
-38.7964
-67.4227
14.4876
52.9351
-299.806
238.459
61.3477
47.3031
-204.276
54.146
-58.0128
-68.7784
58.1287
127.752
26.5411
-154.293
-273.914
-29.8576
303.772
-260.341
190.541
69.8
48.8223
-169.355
26.2599
-162.706
-0.821912
163.528
271.409
-202.875
-246.124
88.224
157.9
257.456
-109.88
-172.716
-189.033
20.0837
-174.841
154.758
-137.91
-233.338
49.9592
183.379
-214.039
181.557
32.4821
20.1346
174.076
-315.383
37.7785
277.605
-286.403
52.8853
-119.493
139.576
-15.2449
-52.1778
-7.82641
7.82641
-244.375
-41.8795
131.069
-3.31681
-5.21845
-13.3331
71.3056
-86.5505
-249.464
306.98
-57.5162
51.2828
-29.0543
7.97142
21.0829
13.6006
75.6683
-89.2689
-1.1848
232.076
56.57
-308.778
252.208
-18.408
-50.3704
27.5181
155.036
-17.7711
-196.268
73.4596
-91.8676
35.5269
-174.646
-13.1442
187.79
226.337
-0.756219
-225.581
5.14456
-5.3067
0.162141
-37.9039
82.01
-87.5662
279.483
5.58025
-285.063
24.3776
-38.9601
-249.452
-0.469038
8.88258
-8.41354
-34.2902
-96.0684
130.359
-215.116
148.939
45.7688
-51.0436
-9.75487
-16.1563
-229.278
245.434
100.094
-99.8142
38.4757
-29.7302
-8.7455
305.984
-45.761
-201.695
229.29
24.6611
-5.45272
-19.2084
95.5298
-17.9168
275.152
-242.953
-32.1992
-25.0344
0.0606372
-25.0306
0.0590218
-28.3596
29.1449
-0.785205
25.4589
-1.61321
-28.8985
29.6546
-0.756147
-28.8775
29.5159
-0.638424
-25.0527
0.063106
-25.6184
1.51237
-28.3625
29.1462
-0.783697
-25.6142
1.5175
-28.8692
29.5885
-0.719343
29.8832
-28.9556
-0.927564
-28.3742
29.1534
-0.779189
89.6416
46.2704
228.833
-275.104
-42.4903
44.2139
-1.72357
187.053
2.61598
-189.669
23.1632
348.542
-251.636
217.376
-50.7749
-166.602
208.964
109.522
-37.5877
-219.005
256.593
-16.8403
-298.543
-104.129
-70.513
260.257
-3.45063
-57.3962
1.72117
144.928
-44.1774
-37.377
81.5544
313.045
126.413
-439.458
-324.942
96.3796
-64.8314
22.1952
-24.9036
189.968
-165.064
243.809
-6.21218
62.3277
-56.1155
11.0172
57.1334
-68.1506
-237.296
72.9167
117.993
21.6208
-37.7241
-107.125
144.849
-158.314
18.6628
-388.123
247.096
141.027
246.59
-47.6471
65.8186
-393.937
328.119
80.3477
-337.69
63.4695
-17.7007
273.738
-250.709
-211.097
45.158
7.6581
-7.6581
99.9082
-124.812
249.04
30.4426
28.8204
244.84
-273.66
222.106
-261.536
145.882
-1.24871
317.009
-260.439
1.1932
-25.7699
-0.0594814
-191.187
-111.256
230.743
-246.899
-9.67836
-21.232
30.9103
-4.76372
88.8309
-84.0672
-1.59752
-26.5019
-357.33
366.9
-38.4291
120.439
9.107
-15.733
6.62596
-0.25228
-43.607
43.8593
-253.631
-22.103
275.734
3.69379
17.6529
-21.3467
76.6999
373.286
-90.0225
310.662
-220.639
232.945
-322.968
44.6615
-40.9678
261.937
-279.708
-52.2006
395.229
-343.028
-117.857
154.559
-36.7021
76.5154
-76.7677
56.5046
-52.0209
-4.48368
-38.7543
12.3104
26.4439
-13.5706
131.564
-32.6054
-6.15439
38.7598
-99.7872
-88.1706
187.958
9.16364
-24.384
-301.683
367.502
354.302
-94.2123
-260.09
-205.559
-231.297
-136.084
-26.6214
312.913
-35.4157
-277.498
-410.147
14.4287
-185.888
-137.984
245.189
-107.205
212.986
-245.735
32.7488
-15.1713
-269.285
284.456
63.2465
34.8625
-98.109
33.5881
-208.234
87.0012
-93.2134
-165.029
99.1463
-13.3422
-219.996
8.55112
67.9875
-76.5386
149.329
-120.97
-20.9273
19.4045
1.52282
-20.9249
19.333
1.59192
20.8285
-19.3334
-1.49505
-20.9309
19.334
1.59689
-24.6275
18.2742
6.35331
-20.9207
19.401
1.51973
-20.9187
19.4024
1.51628
-3.15489
25.5975
-22.4426
-53.1119
54.5564
-131.872
235.908
-104.036
-89.3375
55.0473
219.254
-247.985
22.3704
288.792
-311.162
-60.0161
20.4363
29.713
-15.8928
253.386
-226.171
-27.2155
319.038
-371.239
-112.594
-205.514
318.108
204.86
201.528
15.8482
-39.8559
53.4565
302.265
-296.684
251.809
-38.8232
-44.5608
345.795
36.8171
10.3219
-46.2526
-13.3433
59.5959
202.759
-215.903
-66.2024
-40.6064
-9.93464
263.495
-253.56
-47.8231
416.051
-263.216
-256.85
90.4864
166.364
152.609
-284.481
-180.261
39.2612
-0.785513
-33.5687
-172.372
205.941
16.7922
56.7534
-73.5457
-26.16
9.77979
16.3802
47.1843
47.6479
47.648
47.172
48.0101
47.1663
17.2169
-223.896
193.813
30.0828
218.673
159.835
152.669
94.1627
-30.9162
-169.772
69.9848
318.267
-289.446
326.101
-120.245
329.209
466.161
-352.382
-113.779
0.22789
-55.5426
-190.581
54.3305
2.17402
205.585
-217.593
117.306
-205.245
-151.741
154.108
-2.3671
316.603
-96.1703
-220.433
335.239
14.6006
-349.839
-206.014
4.31886
-144.798
106.369
303.867
85.0069
185.03
8.57464
-8.57464
322.498
-107.785
-217.612
256.002
-65.4607
-182.121
184.737
-287.366
16.6374
270.729
-0.422899
-25.7371
114.797
-15.8146
-113.605
-51.4247
19.0792
-197.821
178.741
109.298
-33.63
304.234
-296.915
-7.3189
-239.212
-256.48
6.89318
249.586
25.425
-279.056
-310.888
368.477
-57.589
-272.33
-2.79573
-48.9232
362.793
316.011
-269.74
-449.53
363.043
86.487
-210.359
245.832
-35.4725
198.844
107.14
-179.148
193.577
14.988
359.275
-374.263
239.057
-107.589
-131.469
2.54566
2.59889
-7.90153
17.0085
285.197
31.4057
-21.8528
69.1721
-47.3193
-58.5618
48.8834
-64.8544
81.6467
-19.7749
-14.5919
34.3668
-22.8013
-15.953
-2.35233
-228.531
230.884
-180.287
23.8787
-5.88507
14.47
-28.7456
14.2756
62.3046
-11.2671
-51.0375
96.5693
-23.1097
-9.33786
344.577
237.455
-139.31
90.8401
-19.5346
-158.472
-229.651
314.375
69.2776
59.1333
-336.059
276.926
362.641
-380.47
167.372
-46.6549
-120.717
279.45
-301.553
-67.0928
-11.0873
78.1801
-124.586
81.1675
43.4186
49.6324
-2.40876
-263.954
226.367
294.476
9.75805
-401.06
335.529
65.5312
27.0699
-7.77153
356.314
2.82933
-259.309
282.862
44.6059
-138.993
-170.077
309.07
-100.589
413.634
-250.349
96.8423
-13.5296
-81.6467
-32.5559
85.7764
-23.6403
-179.529
-167.056
23.5286
143.527
-18.8537
-0.168309
10.6712
19.0418
133.016
152.181
10.4335
68.0912
-23.7562
-44.335
44.7148
-54.8978
10.183
28.2272
-2.29042
-163.899
-107.835
198.178
-90.343
-202.15
-104.379
306.529
26.0386
-0.156631
230.613
-66.9836
259.599
-314.678
55.0786
-190.088
-259.442
-2.00801
2.004
2.00538
2.00354
2.00572
2.01926
361.893
-304.953
68.1531
-14.0072
412.894
-364.072
162.48
-176.744
14.2633
63.5574
261.762
-32.9291
-307.223
248.99
-251.342
10.2837
-261.065
231.207
424.869
-266.798
273.691
235.804
-91.3799
-144.424
42.7954
6.24768
-49.0431
51.4464
-56.2102
-239.607
13.436
206.106
-1.18399
4.75621
-0.442131
-4.31408
265.857
-6.47697
76.2617
-360.979
22.1952
-39.679
-18.1287
57.8077
-304.68
359.811
-55.1311
6.13121
-103.48
40.4261
289.795
-330.221
-20.2439
-419.937
30.7457
-218.611
8.25209
309.402
-29.179
-3.42641
6.15168
19.4567
-25.6084
380.259
-365.271
-144.976
55.718
89.2581
-68.9996
47.746
21.2536
18.0508
-169.792
-376.76
123.722
253.038
291.344
-19.6244
-19.6701
-19.6261
-19.1564
-19.6981
-19.6985
-53.6378
323.001
-269.364
-113.762
-75.7292
-48.6761
43.2234
-5.37485
50.0364
17.6838
270.228
-323.866
-20.9386
-56.3694
47.4341
8.93524
-216.979
-22.6275
-28.9557
-106.245
68.5563
-212.076
35.8617
176.214
-27.4713
227.627
-200.156
374.197
-294.914
-79.2826
-17.9038
-2.63724
-106.356
84.5035
-177.919
234.699
-56.7797
-294.591
-10.0893
-44.8441
44.8441
44.7148
77.0319
19.8104
274.626
-201.559
55.9707
-86.6225
75.3554
-241.584
423.907
-379.188
-44.7186
21.5373
39.1754
-52.0168
23.1783
-213.427
19.6471
-464.928
364.339
-31.7925
-261.893
293.685
-185.721
146.502
39.2182
-307.18
194.587
60.3613
-73.2327
12.8714
-41.3135
300.913
165.296
-178.866
22.3605
58.7938
-81.1543
-84.0922
70.7488
-34.2743
45.2915
-112.1
75.9763
-243.796
302.929
276.937
-331.086
54.1492
51.7324
16.3588
161.449
254.602
-88.0271
64.2709
13.4199
40.5196
-53.9395
-0.493293
-144.456
26.5991
-126.753
-17.7032
-135.13
378.013
-337.586
-87.8443
318.142
-114.314
-109.581
87.0499
-29.9165
-50.991
-160.106
-233.022
367.057
9.22554
12.3506
62.8885
-75.2391
-381.761
390.517
10.5504
56.302
-66.8524
-303.008
140.71
162.299
301.571
-54.4748
-20.6147
-4.41592
-20.6144
-4.42001
-20.252
-4.80065
-20.784
-7.59019
-20.7824
-7.58009
-20.7735
-7.58612
61.536
-4.92292
-21.3741
333.477
-56.5405
88.1117
-31.3582
-343.44
290.62
-181.339
-217.134
102.833
-153.608
411.913
-14.8293
-13.9163
-27.7956
-41.2039
-124.586
18.1711
298.243
23.143
-149.895
9.69212
-43.9664
-17.3907
31.6663
-10.3267
20.0188
329.784
-130.94
-54.4107
171.716
-405.43
48.0993
-276.596
226.177
263.327
0.168106
121.457
-21.3633
-231.345
-145.415
66.4952
-26.0176
-40.4777
21.1008
-34.1185
13.0177
2.01984
-31.75
18.7952
-62.9755
221.138
-158.162
8.41748
59.8861
-68.3036
-44.6235
49.9747
-5.35122
3.86827
13.1403
-343.237
-57.6525
-186.723
-81.1307
208.877
-209.633
46.4182
-19.3803
-27.038
42.276
152.011
87.0461
144.28
106.431
-339.453
204.011
-266.987
-3.85295
46.3314
-42.4784
-222.467
-21.8475
244.314
46.9783
-36.4279
37.7975
-45.8989
-13.1531
37.4998
-0.0576852
17.2664
-17.2087
248.914
-290.227
-198.882
38.7757
54.6266
-132.737
335.471
-202.734
91.3767
-14.3448
132.721
-307.146
174.426
-94.6602
123.591
-28.9312
315.7
38.6023
48.9371
-19.3242
66.7583
-0.748744
32.289
233.568
8.04255
-217.141
209.098
-208.483
13.3723
195.111
229.94
14.8998
88.8995
-30.1057
-190.672
-21.4038
207.01
-220.353
13.3591
151.937
-15.8266
72.0759
-11.7146
344.616
21.1949
-365.811
180.941
-103.96
-76.9808
101.233
-12.4022
17.5938
-19.8373
2.24353
-26.7363
113.738
-210.142
-46.7078
22.9969
-37.8262
48.5381
27.2616
-75.7997
-23.9106
-190.132
214.043
-32.765
63.0294
-30.2643
-83.9389
-15.8753
-203.141
179.778
23.3624
-324.026
118.512
-41.6384
44.8259
-3.1875
-133.786
9.20017
12.9173
-160.802
-11.4961
66.0526
67.9717
-5.64396
129.629
-110.549
89.8573
-13.3419
86.4968
-61.01
-25.4868
226.536
13.3687
-141.253
82.3783
-14.3908
31.8263
80.9734
-18.0849
-97.0407
18.4575
334.047
-72.1105
16.5675
17.7993
-43.0086
-25.142
71.7155
-15.4135
185.964
-186.601
0.636963
-45.773
28.3823
17.3031
266.375
-44.2688
30.6203
-28.6047
-2.01564
-68.2229
-11.2538
-104.81
-237.061
341.871
26.7969
257.954
-211.706
241.943
-263.317
-0.765587
17.9359
-17.1703
-1.87172
295.762
-22.0243
-230.301
-31.2348
-102.98
-41.8178
6.75364
-218.925
212.171
-7.30604
73.8902
56.9197
20.3489
-117.887
-152.144
270.031
-0.14663
25.7441
-8.46222
12.3305
-24.1722
81.7308
225.249
-223.961
-55.7471
73.5146
-120.902
196.218
5.31002
-44.6873
-18.716
63.4033
-81.9089
-13.2064
-326.395
-58.5056
384.901
-36.8512
272.831
-235.98
-36.5111
-22.0151
58.5262
136.12
-338.27
-48.3829
-12.908
61.2909
-42.5749
-19.8116
62.3865
-124.28
28.2113
-71.7286
-12.3386
276.395
184.008
-282.964
-4.40176
14.7172
-179.398
164.681
-6.29447
-1.36363
162.919
-163.741
194.424
62.7311
-257.155
-256.681
-139.627
-54.2849
-33.7422
-40.226
0.547041
-145.316
15.5641
35.6375
-51.2016
-54.7894
303.703
7.43778
-63.7973
-12.9704
201.966
-193.924
16.6536
-19.595
2.9414
-383.601
-0.265647
-0.291332
0.313728
-0.292045
-0.882202
-0.297084
-0.29605
-225.656
-5.71205
-174.417
150.506
-34.0307
283.617
324.868
-54.6401
174.951
5.12214
-180.074
155.754
-87.2992
318.937
-30.1447
-70.8822
-15.7403
115.76
-15.8217
-39.0761
223.923
-9.62845
-210.367
11.9143
-230.526
317.832
-15.5671
3.41044
42.414
-62.4648
-14.0738
3.32985
3.06595
3.32714
3.07944
3.07984
3.32739
-284.607
-39.2588
-268.757
-7.61099
276.368
-6.42934
24.0231
6.59661
-283.192
186.848
-320.938
134.09
-192.416
10.2951
38.1069
205.9
-3.14149
45.6476
-167.792
122.144
-286.039
-25.1232
80.8153
-32.2773
-206.537
207.814
-1.27664
-70.2209
-16.3296
334.136
-201.415
21.7255
-58.2366
-246.589
-1.39524
172.318
20.9653
133.593
-21.0055
-2.51
-63.7234
-20.3688
-21.1188
-45.8886
-99.0875
-58.8002
-30.4687
-287.624
-9.05995
-22.0901
155.814
-148.332
-7.4815
326.516
-8.24893
-23.396
-75.9914
-30.2536
-67.7808
-25.4325
-25.4967
33.4681
93.7765
-18.4212
-245.203
-149.055
-64.0128
92.0056
-27.9928
-89.2928
-17.0635
39.2105
167.538
-206.748
128.033
194.465
-55.0387
12.4638
86.9882
150.466
20.3464
47.8067
321.747
-376.878
8.68166
-56.4784
11.7911
-10.7525
-46.6437
351.58
230.286
158.785
4.13398
-8.25015
-35.1584
43.4086
-109.761
34.6007
83.8244
-26.9047
154.962
90.2268
72.9718
59.7448
-132.717
9.25068
-283.921
-5.52487
320.773
-4.76195
-221.887
4.29461
12.3649
-75.919
56.5387
-108.999
-7.20705
116.206
-202.036
4.21511
-18.6944
39.7951
174.584
4.15719
210.45
-216.366
5.9168
-81.4241
-186.125
6.97731
220.575
-133.587
4.19289
189.384
-115.635
187.294
8.92449
34.3298
88.9702
-83.3587
-201.216
151.312
49.9046
17.7494
-5.65793
115.966
-110.308
179.113
-35.5723
47.8826
-2.56021
-256.749
-23.4866
-20.4798
49.81
317.09
242.815
177.136
8.41701
-41.6384
0.988508
177.176
-185.065
7.88865
-14.3145
-39.5452
53.8597
-8.84853
-14.4071
1.18898
-44.6235
44.8259
291.555
-12.1055
-47.6486
-47.6689
-47.6617
47.7334
-47.6133
-47.6112
-43.2857
-290.817
-185.393
275.88
202.892
-230.363
70.834
164.97
9.04021
-283.944
295.828
-11.8836
109.848
223.845
-333.693
38.8912
12.3157
-32.7698
-6.97706
255.967
16.0713
-19.0615
2.99026
87.2393
189.573
25.8503
171.874
-197.725
-0.55049
-18.6912
63.126
-54.1364
-8.98961
-83.016
-29.0836
263.673
61.1944
-21.8438
-102.436
352.426
-116.309
-236.117
-376.294
347.914
28.3801
54.7438
-28.2999
8.42747
-64.4473
140.051
-75.6033
-289.064
-41.1563
112.655
2.34834
-133.786
354.932
-413.438
-23.6262
24.978
-1.35189
8.94933
181.019
-12.8525
229.423
-256.639
20.6113
232.799
-335.253
102.454
98.7819
-163.229
-263.716
-3.08162
-7.28781
-36.4054
43.6932
-49.3601
76.1569
-43.1849
19.7296
23.4553
272.335
1.35648
-104.153
-208.058
312.211
26.7364
-18.3089
149.444
-256.649
-36.7895
266.277
-5.22396
-261.053
-247.537
308.57
-61.0337
-121.562
308.411
15.0151
-16.8439
6.51716
8.41387
208.628
-328.873
39.2305
-147.065
-9.85455
118.446
-108.591
27.2255
207.155
-234.38
-254.047
-185.411
188.156
-46.065
248.09
-239.838
-1.70536
39.5207
69.7776
-285.923
-130.795
-205.924
336.719
382.984
8.47478
-391.459
-389.432
408.275
-214.957
324.805
-151.543
-209.435
81.1675
259.219
-109.776
7.98283
5.13058
109.925
-7.44619
26.2414
200.552
5.38869
80.4262
15.1036
-24.5176
-176.699
-163.93
1.98891
57.8972
-20.613
291.426
5.16566
-184.508
79.8302
0.596029
10.6476
170.324
-239.475
69.1509
0.00500917
319.512
-125.047
-10.1405
-6.70336
-137.915
-0.35801
-343.965
375.409
-31.4436
392.803
-342.49
-50.3132
404.311
20.5584
-159.095
156.829
2.26659
-20.2506
1.04218
-175.94
60.5721
-85.714
-36.3267
-64.8544
-0.788005
-56.3212
1.27479
57.5372
-83.5547
31.5053
-355.585
197.93
-378.191
192.722
-233.277
40.5551
47.7334
-47.6617
-47.6133
-47.6112
-43.2857
-47.6689
-47.6486
155.947
-67.772
-66.0258
48.3696
229.813
-305.138
75.3253
-94.3034
64.3869
-3.22041
220.475
-217.254
198.452
-172.602
299.606
85.2946
409.645
17.1104
79.459
-225.917
-3.11346
16.2537
-247.708
0.0103762
-63.2114
22.0075
12.2554
-18.302
-110.82
78.0501
-135.952
36.6482
3.07735
15.8956
-18.9729
7.8259
338.058
-105.259
13.9172
76.9229
-33.8026
233.648
39.3169
-272.965
-210.568
10.412
224.747
25.4259
89.3708
-210.817
79.293
131.524
68.296
-102.038
127.768
118.064
196.114
144.572
-165.51
374.063
-212.244
-18.2813
131.619
-233.333
374.359
-319.11
-319.782
111.724
-333.331
381.43
386.817
-337.007
-111.408
-75.4104
128.01
-156.941
18.6703
-63.961
337.6
-273.639
225.556
-225.157
-0.398654
-85.8124
16.0906
34.6898
-50.7804
149.577
-194.136
44.559
-22.7761
140.744
153.732
-302.326
-385.624
321.663
-105.606
75.1374
21.4274
-323.832
302.405
-121.684
-20.0269
381.957
-63.815
17.6145
38.729
-56.3435
-105.61
75.5044
-46.987
239.709
115.962
-17.5791
-202.774
-114.199
-96.6174
-111.513
81.2596
-171.113
278.736
-45.0876
265.132
-35.7089
146.392
194.355
107.558
-117.412
-148.743
-154.266
-296.887
63.5548
120.748
-142.111
49.857
315.07
-364.927
181.002
76.368
-257.37
290.627
-60.8142
37.2188
33.9206
-142.919
14.0615
-272.25
251.27
35.2871
-17.6726
118.446
-131.868
216.875
-109.604
81.6114
-167.386
-39.5025
0.828711
224.727
-266.743
44.1346
222.608
-105.806
80.3188
298.091
-14.0087
-284.082
66.2048
11.5433
49.0573
-60.6006
-211.92
21.2473
126.879
202.33
-110.965
85.5327
-22.8194
89.0302
145.937
-234.967
240.42
38.3163
-37.7075
121.455
-137.331
310.523
-104.293
83.9246
148.222
40.8284
-189.05
-232.933
-110.439
89.3198
-41.8319
-59.6062
101.438
99.1366
-278.148
299.575
-102.474
84.3891
-150.403
156.535
28.1799
-11.5262
117.196
-131.541
87.0953
-102.836
-232.947
-176.33
134.512
-111.611
93.1903
-192.903
-104.805
88.4757
87.8502
-102.241
-96.5426
81.1291
-23.9625
-24.7136
-20.6707
35.6858
-126.89
101.598
186.803
134.109
-320.912
-120.925
108.523
55.9537
252.617
-99.1889
85.1151
-101.238
88.2675
331.012
-122.384
105.554
-117.893
-183.778
-26.7896
-28.173
122.269
-87.4062
-8.90435
-203.631
164.134
39.4971
341.93
-383.349
-178.151
103.077
-116.607
-22.8385
298.091
28.2825
-285.751
-119.803
106.597
124.237
-106.561
93.2192
-35.3716
103.928
-101.026
89.311
-46.7721
287.192
-114.252
80.6222
367.096
-40.4975
236.148
-195.651
183.428
93.4646
-253.857
160.393
-118.992
77.1598
-103.432
92.1786
-35.2161
286.202
82.2749
67.874
-14.4175
53.3112
-8.48528
62.8999
-113.505
78.1336
202.59
97.7336
-224.465
179.742
44.7232
-202.37
-81.9524
-123.916
203.209
185.748
53.5353
-239.283
8.27026
-116.026
86.9425
-234.45
-169.97
-129.447
-63.7817
193.229
247.616
107.73
-44.2203
-63.5097
15.4872
-119.846
143.009
202.997
-194.073
-191.477
201.772
-316.388
157.916
-117.544
90.8081
98.8953
160.324
-55.4098
264.781
-16.6913
235.271
-192.416
204.781
-41.6336
236.864
-333.034
-254.78
207.793
-222.291
-17.5468
-156.427
158.693
5.38057
-188.2
-292.156
220.554
172.563
-255.481
82.918
-113.599
90.4896
-194.974
200.362
37.2997
202.409
239.402
373.956
-116.78
218.277
-218.277
316.367
-53.8784
37.9856
40.6688
92.7228
-146.344
320.769
-108.05
88.5158
392.895
-364.612
50.9829
-269.14
218.158
-253.392
214.317
39.0752
223.098
-326.577
-191.983
199.872
-119.296
-114.021
233.317
48.0685
59.6615
-2.97897
169.579
-109.835
221.08
-224.301
-60.3304
-120.222
103.159
17.7612
31.6771
-49.4383
-257.861
226.626
48.5388
-265.684
217.146
-262.856
227.147
146.279
-53.3112
36.8171
131.215
-12.7696
-7.35378
-21.5237
-7.18637
-21.7121
-8.74738
-16.8711
8.3802
17.0787
-8.76939
-16.8449
-7.33248
-21.5367
-3.44415
-16.5726
-7.36974
-21.5859
13.5264
16.0621
13.579
16.0756
6.87666
22.2695
6.87829
22.2666
7.11381
22.4021
6.86971
22.2837
-122.656
106.842
225.058
-247.082
-37.171
-231.62
225.908
330.669
-132.739
64.2727
133.905
-276.256
271.032
45.8185
-279.298
233.48
-227.939
224.488
-280.993
236.724
-94.0899
34.4837
-191.92
200.337
-194.274
201.251
-194.099
200.016
236.865
-261.038
-69.032
198.668
-193.288
100.089
237.969
-200.419
204.634
-193.775
197.968
219.041
-215.631
-286.391
-298.766
33.4755
-17.3849
-90.7855
309.866
-200.344
-271.037
250.857
20.1794
-211.682
243.391
-31.7094
-288.558
243.471
-235.312
213.222
233.69
-244.862
211.316
-212.501
-266.415
219.104
-220.499
140.161
-98.9588
245.618
-292.39
-233.985
224.23
213.182
-204.5
-147.781
39.6877
240.191
-276.258
273.176
-217.485
216.209
206.391
-202.097
43.6458
243.546
-214.897
211.755
-430.852
332.367
-202.282
206.44
159.555
-142.573
-16.9826
23.52
-7.44874
199.062
-246.051
46.9897
-299.357
51.1228
248.234
201.615
-190.615
-80.4221
-64.9781
214.233
81.8191
21.2032
33.5406
297.399
0.691998
-335.283
305.138
-45.4141
15.1498
-296.027
238.511
214.807
18.1247
-232.931
46.1622
21.8095
90.229
302.48
-289.586
-23.9845
-307.166
298.917
-293.991
294.98
-47.527
45.0648
-8.24767
304.537
-329.661
116.963
204.705
242.969
-447.674
178.83
347.671
288.381
-303.948
2.27444
-228.761
-37.9814
-350.277
311.018
295.619
-301.144
-106.89
343.754
-10.8241
254.765
-243.941
-3.94609
-235.266
-31.2727
329.772
-298.499
-71.502
53.2
-350.233
295.593
-296.976
287.916
-278.775
280.132
-289.256
291.604
297.399
-62.1525
-285.578
282.782
-53.7394
-100.425
-24.5987
43.269
201.888
-18.9461
-191.421
-30.975
-300.267
9.69708
290.57
-292.271
288.935
-296.891
292.129
-228.11
-67.9175
-48.9194
131.215
-291.623
235.876
-70.1899
55.8754
416.571
-42.5084
-316.485
304.602
216.597
-301.34
289.235
-166.912
319.522
-360.11
323.191
36.9194
51.0972
-306.001
254.904
-299.857
281.166
-308.738
56.8281
251.91
-205.253
-11.8883
7.55649
-1.75785
21.2145
205.068
-189.22
-144.741
331.348
-93.3785
-284.082
-119.46
384.087
-252.784
313.209
-344.482
327.949
-141.146
-295.338
30.3513
-10.1869
-18.7687
-304.962
239.984
247.274
346.126
-126.985
294.669
135.79
109.539
-245.329
-86.1311
-265.208
351.339
49.8694
279.903
191.984
-184.922
-22.7556
207.678
50.9188
271.119
-270.951
128.02
-12.0536
194.817
189.27
170.477
78.0421
-230.186
35.262
78.4756
-25.4687
1.01446
-19.3475
-287.496
306.843
-47.3055
-46.4535
321.383
-159.934
299.332
-72.2404
-193.302
-255.291
255.291
266.032
-360.244
336.57
-47.3634
-241.254
-136.937
108.072
112.503
304.689
-163.979
-264.742
-59.285
-224.652
-136.344
-366.823
278.979
-302.032
229.921
-302.912
249.173
69.1609
169.923
-363.225
125.022
-41.6824
-83.3394
38.0707
249.319
-68.3165
-29.8203
-176.928
-6.40064
296.517
-290.116
-200.059
-357.137
407.007
-162.915
-309.471
222.171
258.163
-85.6007
-66.4512
67.5488
-95.0877
368.383
-125.414
-315.863
208.078
-241.484
185.941
19.4646
-130.892
111.427
23.7997
-143.292
-251.994
159.555
332.888
-298.217
20.6873
-33.7314
-220.514
24.4883
-75.969
51.4807
-141.086
322.898
-370.261
-120.859
-75.7202
-350.104
212.194
310.312
-229.823
-28.1769
-42.5238
77.0232
-122.182
181.766
-117.493
304.79
-340.628
-36.4452
315.252
-346.869
-3.38675
-7.63284
-48.8396
-35.8325
315.489
-62.8725
-36.0089
-56.3076
153.462
-97.1541
172.503
195.88
29.2319
-39.1148
-240.572
266.699
-106.375
-346.524
-10.228
-18.951
224.458
127.022
-37.6514
-60.6939
-22.8608
199.064
168.309
-62.3418
-67.7831
-59.9886
311.898
-32.5809
-200.567
263.298
32.6231
149.143
229.145
-229.145
-32.2456
-163.432
22.7224
1.30077
-189.808
248.146
247.8
-184.412
383.476
-29.8293
-30.6464
-205.062
205.062
179.975
-168.921
-11.0546
251.758
45.9581
-297.716
-34.4147
-121.977
-26.3553
23.1279
163.406
-137.146
86.695
186.315
179.975
-179.627
280.768
-29.0099
11.9231
-92.3575
240.358
-148.001
-54.2641
309.168
23.6063
-6.2858
-25.8178
-26.514
-32.1077
-31.1037
-199.29
385.605
-68.5923
370.997
-32.0117
-241.3
39.3974
-92.3246
255.5
-5.23306
-175.773
181.006
55.5557
174.422
-223.245
266.938
-228.047
62.0567
-4.15957
-217.564
-172.76
-162.481
335.241
-24.2795
-23.015
-48.3204
-20.4162
-321.211
48.6304
272.58
-142.573
-307.876
355.366
-47.49
-22.3148
24.1116
-1.79678
242.17
-328.301
-52.1011
251.163
107.152
-335.913
243.817
-18.7117
82.4521
-63.7404
30.9466
-158.227
-265.062
254.238
18.402
262.366
-352.879
225.765
-318.437
92.6713
-19.6197
-36.1933
342.839
-52.2184
-95.4457
144.78
-49.3342
-24.5162
-45.4094
63.1706
-96.1728
-235.343
331.516
-14.9853
-18.0598
264.348
34.9833
-311.037
3.16172
-19.5746
-30.2894
29.5013
26.2404
-17.1259
149.077
71.4767
-271.073
-66.8909
337.964
257.634
-30.9851
-132.756
43.3451
-325.504
52.1193
273.385
163.406
-59.2444
9.88433
-231.668
-302.204
273.195
-251.829
-6.91181
258.741
-42.3062
-311.21
250.177
53.3111
268.573
-321.884
236.253
-298.595
253.802
254.146
-317.019
-27.0321
34.3121
-129.758
-241.3
-20.6555
11.5207
66.8931
-103.595
-16.7344
-182.581
-170.63
25.254
-168.921
9.3561
-36.6623
119.569
-82.9067
-18.2936
48.5969
260.571
-50.4881
120.034
-69.5459
-24.043
-273.307
297.35
11.7729
216.394
138.972
78.0257
-313.369
-160.831
171.611
-11.2804
-24.6739
9.80708
10.9951
-158.44
241.358
-45.6427
41.4831
227.808
-294.259
3.51629
-37.8314
34.3152
-5.13732
199.54
314.086
-56.4512
-8.66713
-260.697
-344.991
251.613
-263.619
316.93
8.37888
64.4646
-64.824
318.97
275.948
-5.22514
-30.7252
-28.4637
228.716
-333.095
-96.5799
50.4662
-11.3572
-11.6548
267.701
-264.042
244.695
-79.0407
-132.441
273.185
-14.1214
-16.0596
-70.1551
286.549
269.44
147.8
-36.3723
331.36
-62.7871
-102.536
343.026
115.05
-66.9812
173.169
-114.793
-61.9507
-74.9575
312.945
-0.106147
-66.842
64.0419
-24.4282
-277.5
-80.1066
357.606
380.694
249.911
259.081
-323.905
-60.4643
-265.04
2.62115
-254.45
-1.79511
240.227
-345.486
-2.56509
-93.9791
5.59784
221.578
-289.496
-221.72
66.4764
18.0787
-70.787
325.557
313.845
11.7729
-38.8108
-46.4765
39.1227
-46.2365
39.0501
-52.6291
43.8818
-39.5982
-39.1227
-39.0501
-46.4685
39.1361
-52.6625
43.8931
-39.1361
-39.5919
-52.6149
49.1708
-44.2347
-46.4458
39.0761
-39.5761
214.164
-286.404
101.945
-101.349
106.771
-0.901058
262.889
-337.847
-5.59943
-317.035
191.988
14.6744
202.871
-278.592
61.3708
257.599
6.74839
-331.223
124.488
23.3122
7.47682
6.23762
-332.65
316.871
4.67981
248.978
-360.386
-260.42
-61.4636
246.383
-31.5768
-0.402562
-305.5
15.0531
290.447
-66.955
279.381
-358.422
239.579
-162.906
28.4722
134.434
59.5286
-5.4458
-295.1
9.90717
25.3799
-6.47413
28.363
80.9615
29.62
107.604
-125.521
6.28678
-46.7644
203.119
-256.979
2.35136
-0.666579
279.176
-7.76758
-72.6804
-206.072
-8.08744
17.9946
237.4
-356.86
-239.579
-0.36554
8.07886
0.680738
1.89125
204.481
107.73
196.733
68.6157
230.039
-317.825
245.144
-75.332
4.34305
196.035
-276.457
213.133
-335.517
108.408
-319.202
316.637
-83.5329
-9.36577
240.944
-320.227
-166.559
-232.814
220.925
161.798
-334.557
-10.9223
-343.322
-67.3748
-100.172
-8.8975
82.5566
-285.431
202.874
-1.67503
-104.764
-269.168
183.568
125.94
62.2158
-264.37
316.489
-7.13145
318.787
-61.1875
54.6321
-22.8058
3.47304
-20.1741
-27.2507
-194.65
-5.72987
-215.709
-4.29042
2.52643
28.4419
-1.91127
-11.5466
-9.01539
137.146
137.777
-32.8035
-133.338
162.57
-8.07749
-34.3723
282.097
-294.359
12.2619
-54.3663
-291.456
-14.0438
-10.2166
-246.66
1.94162
-82.0932
-10.7232
-7.49395
18.2171
-0.122648
49.617
-322.924
16.5776
-16.5776
-27.3477
88.1328
-308.772
-274.666
168.291
373.483
77.297
-20.7583
-41.2799
-96.5086
204.514
-331.499
-20.6314
1.34204
118.954
-16.0321
-241.226
298.331
-57.1049
257.323
157.702
-267.478
128.79
-107.825
-281.425
243.444
168.768
94.5301
-76.3256
64.5616
194.65
29.5418
-268.782
239.24
134.375
29.1527
-54.899
146.516
229.748
-68.3537
2.32788
215.709
266.285
-214.743
-26.2718
-275.933
245.879
-312.721
158.42
-279.279
-97.5571
330.333
-72.6912
-39.2151
-263.352
-214.177
-8.719
8.719
223.374
-240.066
-58.2173
353.81
-49.8317
-92.8895
-56.4538
102.455
49.8279
-152.283
142.319
19.8514
-180.237
50.7894
25.1456
-146.83
-138.558
164.545
-285.515
52.5877
7.47619
-7.47619
100.001
53.461
137.697
-154.68
199.432
-332.171
109.058
-157.739
21.7869
-183.657
27.6079
-130.044
14.472
-14.472
201.788
-364.269
6.05529
-6.05529
-143.727
22.7523
-25.1173
20.7736
119.839
-39.2168
42.9927
100.795
-143.787
118.952
-296.465
-6.9877
6.9877
-5.55133
37.2284
141.291
-6.53681
6.53681
190.256
-331.402
95.98
43.0089
-8.71665
8.71665
2.62206
279.475
324.671
-275.054
-31.5501
18.2171
-284.236
6.93156
-6.93156
8.0169
-8.0169
-7.44468
7.44468
7.52345
-7.52345
-1.65911
-7.90371
7.90371
-6.70487
6.70487
-7.35446
7.35446
157.39
-55.7925
-167.634
11.207
115.773
-37.6393
21.0603
-171.464
194.532
-331.469
-2.41857
-221.882
252.15
-349.285
-7.78901
7.78901
6.34808
-6.34808
118.891
-41.7315
280.015
-15.8098
-277.724
293.534
-7.54323
7.54323
150.071
157.168
109.603
43.6925
-153.295
-66.1558
-245.319
227.772
6.25538
-131.003
166.473
-66.4726
6.23366
-6.23366
122.044
-35.1014
138.811
-277.369
7.51595
-7.51595
60.668
-19.4292
22.9455
-5.77831
5.77831
7.59357
-7.59357
7.01124
197.942
31.5332
-229.476
6.04809
-6.04809
7.61717
-79.5494
-19.8303
-11.7199
-75.7796
-7.4781
7.4781
163.159
-7.33147
7.33147
-51.6548
154.11
-9.50829
9.50829
0.959025
19.0598
27.1993
-114.605
-9.06878
9.06878
-93.6912
-11.0263
11.0263
-108.957
-7.32121
7.32121
-3.06194
-250.499
122.294
-31.4859
-3.29439
33.6457
348.659
-4.26674
-231
-34.9668
39.4284
-4.46162
112.824
-260.824
-8.5304
8.5304
-39.8204
7.02706
-7.02706
-8.61309
8.61309
1.9856
-16.3927
-145.633
96.2993
166.741
-29.0443
-8.62347
8.62347
-17.68
2.05426
-41.5444
151.147
166.504
-242.195
233.528
296.07
-22.8756
130.172
-65.6105
-5.35468
5.35468
-71.8528
40.4945
-197.298
-290.654
316.832
6.79122
-6.79122
78.766
51.4061
-6.59357
6.59357
-143.68
184.508
-139.427
210.904
-173.384
40.0464
105.684
90.4299
-312.962
286.691
-263.032
-7.91926
-6.72979
6.72979
-272.527
-50.0893
158.497
132.722
-42.2324
177.672
-42.4284
-170.724
12.5799
158.144
-22.8429
-217.729
16.012
-258.704
242.692
8.08971
-8.08971
2.27229
-2.27229
-18.3458
280.712
8.87917
-8.87917
182.457
-109.055
153.369
-44.3145
-28.8515
-6.00815
34.8597
-8.85224
8.85224
3.24354
-10.8721
10.8721
-161.696
295.805
-165.137
71.1
94.037
-10.0866
10.0866
-132.067
33.423
-285.145
251.722
-12.5021
12.5021
65.554
250.935
266.094
-11.8559
-9.43916
225.101
-39.1596
-6.62334
6.62334
-20.2257
-292.737
-248.002
48.1726
108.764
-20.2486
-12.5035
12.5035
-326.836
-25.338
57.396
273.964
-2.55188
2.55188
283.997
-314.584
157.376
8.59199
-8.59199
-10.7567
-229.307
-183.227
16.625
-43.2234
26.6371
298.034
320.942
-147.773
-9.21298
9.21298
-18.9687
10.4173
-10.4173
-199.26
10.0401
277.178
-53.323
-20.3374
-263.899
-104.291
-66.8674
2.49902
-2.47855
2.47855
-3.63333
26.3557
19.4641
-273.914
-306.841
23.5651
-23.5651
-137.639
-306.463
-2.89042
2.89042
194.995
-326.219
-76.6104
-146.635
37.9856
-122.12
39.2137
-2.03771
2.03771
122.13
-18.9707
-280.204
-12.2933
1.54442
-1.54442
-200.27
48.7281
240.944
263.027
-263.027
-166.294
-348.559
-28.2711
87.9326
21.2554
-26.2809
-2.13141
2.13141
172.645
154.921
-327.566
179.856
-74.4788
208.991
-231.305
192.145
-141.213
-31.7376
-138.471
170.209
-278.068
272.931
-222.493
177.593
322.877
176.784
-58.1031
-4.56961
-57.7323
164.101
-246.667
-38.4774
-6.31993
6.31993
-12.1134
12.1134
-152.834
-104.536
-21.6724
-7.75221
29.4246
-32.6748
-14.3232
46.998
-132.594
-22.034
121.649
186.973
148.268
182.635
6.73112
-189.366
-145.847
-105.403
353.019
-1.84096
1.84096
-178.301
-119.222
117.732
-10.8902
-7.30547
13.4968
-6.19134
349.454
-114.183
84.0065
268.856
298.389
-159.517
82.446
-23.8032
1.48832
-266.287
260.688
-172.724
-143.742
111.496
78.3517
83.192
199.771
-256.225
-107.622
336.858
-229.236
-144.429
-5.87877
174.602
-163.607
85.3296
-255.406
34.6052
-212.637
258.595
222.39
-231.829
-199.69
209.497
41.024
-150.079
122.476
-116.22
202.701
-340.34
-306.314
276.705
-102.269
293.066
-275.101
89.6073
-171.008
92.2145
-3.49667
-1.92487
1.92487
72.1103
102.369
-151.208
199.375
0.648602
-200.023
-233.418
226.007
-5.08155
-141.633
99.1937
-131.205
-13.7185
13.7185
-80.5608
133.149
-170.647
-2.41472
212.619
-14.6762
96.3286
140.009
-4.85485
152.401
-140.726
-11.6752
96.4762
-13.8895
5.9103
7.97923
-106.561
-178.955
43.8931
-44.2347
49.1708
-39.5919
-39.5761
43.8818
43.232
-43.232
43.2094
-43.2094
-39.5982
43.2279
-43.2279
-124.412
86.7603
-116.737
92.4578
-298.046
291.572
5.40937
26.2934
-65.1255
-0.499932
0.499932
4.12475
109.707
149.707
-21.7305
-199.989
213.223
-339.127
194.698
14.6088
-174.125
-242.486
249.963
-22.5975
-146.53
126.955
18.0166
-18.9177
-57.7874
277.156
96.5819
-135.799
265.589
-285.763
-4.53609
-115.916
-18.1145
134.03
-103.079
-38.2096
141.289
-38.4186
157.698
-321.677
-211.981
218.729
-108.732
-38.5763
147.308
89.1447
-150.923
288.7
114.818
-44.6255
141.207
-267.178
-120.621
103.495
52.2613
-322.224
-20.2068
-123.581
-138.181
312.619
-229.445
-6.33305
-26.2814
-110.367
82.1897
28.5526
121.614
-112.938
163.297
-50.3596
-78.3763
-290.187
124.296
-151.328
-57.4668
133.728
-214.45
216.801
218.412
-217.731
-109.485
-34.5655
144.05
-1.86803
1.86803
0.0315123
-140.218
-134.465
92.7336
-365.784
101.043
-212.185
220.264
54.4912
114.252
-95.5495
74.7913
-7.29447
39.0478
105.395
1.0292
-222.116
35.9598
-192.702
199.433
255.967
0.394759
4.03124
-292.673
-6.84894
12.6293
-5.78038
-0.366765
-102.845
-2.27839
6.90656
-0.168062
2.07818
2.71113
228.36
-308.725
299.71
-1.45551
35.1012
-221.995
-0.818578
-206.609
-142.677
-123.061
289.313
59.4477
12.8336
-6.10692
-6.72669
-23.8432
-0.141257
0.0408161
-24.4249
-222.493
102.825
153.485
127.461
-143.52
-92.0053
286.592
155.174
165.769
13.3955
190.287
267.529
-218.899
-269.906
271.848
69.2973
28.0947
-235.925
231.635
-191.984
-192.941
204.461
-252.213
245.081
19.0885
82.8684
73.662
-156.53
142.116
-178.309
-13.5083
17.2813
-4.20986
106.077
13.8844
3.39692
9.11735
-295.055
67.5381
-384.517
-218.249
-113.952
332.201
19.6919
-152.286
-244.05
363.865
-119.814
1.81526
-8.49057
8.49057
-47.4328
14.7581
-156.497
-137.339
-19.0379
25.2856
-1.43001
-222.287
-337.612
-126.207
266.437
-222.906
-107.276
330.182
-2.17682
-1.87217
1.87217
0.439509
165.227
-72.6733
214.288
-241.635
115.245
247.192
234.341
-166.793
137.565
277.79
-26.0688
-266.504
261.279
9.9188
27.581
6.32262
-250.264
21.4617
-285.36
-78.8291
-1.32168
1.32168
17.8979
-335.715
107.738
7.64632
-115.384
-82.9142
-86.8577
5.33966
263.015
-270.934
-184.115
-17.9391
-1.78448
0.400863
-26.9027
-252.452
-207.398
151.259
24.9567
0.197648
1.48382
-1.48382
-0.136215
194.75
-249.117
-244.438
152.433
11.3098
-11.3098
-165.644
245.397
85.9708
-125.086
219.674
-334.316
67.1354
-176.97
-327.207
218.543
-209.187
-40.0264
1.00128
-30.4162
-199.407
93.9667
-129.976
-45.1009
296.714
94.4882
-128.903
50.3287
10.5381
0.026931
-156.552
69.4851
-207.956
-281.297
275.851
-2.41553
-254.104
187.949
-14.4318
-161.341
-127.591
22.112
95.7401
-126.387
-142.27
123.3
-1.68543
-0.279591
235.78
-78.2559
56.4727
136.756
-235.849
91.4245
293.103
2.46426
93.8631
97.7993
-124.313
245.776
-286.933
14.9439
-117.788
4.86939
-15.4167
165.488
254.902
345.087
-316.707
213.933
-208.335
13.4716
222.101
-354.434
222.367
-265.861
-19.4989
-0.620992
226.654
-234.426
343.999
120.132
21.5273
-141.659
350.947
-52.9125
198.717
-188.676
206.832
-207.235
-155.794
-166.284
116.195
6.42657
-194.417
9.7868
238.329
-248.115
103.308
-202.31
99.0018
96.8212
-114.881
-25.3709
-89.2346
232.177
-251.323
25.151
12.0775
49.7751
-153.476
103.701
-22.3179
112.635
6.51716
272.855
-153.9
-5.00791
-291.93
-211.935
211.569
-289.7
289.034
0.852716
17.1577
60.5561
227.095
7.77111
-7.77111
-73.2082
-24.9008
-158.427
-14.9574
0.347139
6.60003
-3.52955
-3.07048
-213.304
217.647
223.487
145.615
65.2884
-1.69612
106.634
189.605
-330.818
-133.361
17.1405
-26.823
37.1067
-17.9747
302.788
35.6148
-58.3909
-161.85
170.228
328.56
-1.4987
20.4015
-12.4172
-7.98436
130.862
-129.038
110.745
-54.1351
-22.1904
64.1919
-20.6089
32.167
232.936
-202.045
-8.3599
-25.7823
-150.735
-42.6395
-8.34259
15.6882
-32.2658
0.290443
-8.53437
89.6233
-6.10692
63.3333
-33.8003
57.3654
-313.501
301.954
-45.9691
-45.7109
326.649
348.009
-35.4653
-49.8482
34.6242
-138.584
134.799
-6.19134
-174.552
179.232
242.293
-34.172
-0.0060564
-8.71294
106.539
-16.9156
131.522
107.117
-18.938
95.2383
150.706
27.8371
119.471
-2.18438
-140.821
-42.6231
-4.7257
5.91031
-63.4913
-90.8021
-1.60508
-0.083908
173.085
-171.194
2.37428
-58.2377
-6.13942
126.569
-114.796
-6.70336
-33.7501
141.721
-190.041
148.072
-11.9352
-46.5797
-4.7324
5.40937
-190.021
-24.1556
31.7888
27.9921
-132.577
5.33966
31.082
142.994
15.917
51.3612
-67.2782
98.6144
86.6226
214.571
-308.262
71.8067
174.577
-5.94971
-179.007
-22.3239
-285.585
-29.5108
-6.33305
-32.8561
59.926
8.71294
2.31334
96.9044
106.956
-59.2017
-47.7541
-65.6773
-25.7363
-83.8294
26.4343
-98.5791
-81.2676
-17.3115
-74.5268
-82.0036
57.1076
2.27839
-9.58444
-0.616044
-141.526
-164.398
-19.0894
-23.7856
8.22625
232.952
-41.6241
-5.14035
-8.4534
-17.2837
-149.782
-224.145
4.55297
-14.2274
-218.704
-4.55297
-164.936
0.0568454
188.938
-6.78894
4.57455
120.078
-79.036
-9.92785
9.92785
-4.57455
8.86278
257.828
28.399
-147.621
-384.265
75.8896
-23.6431
153.697
17.1352
-21.5974
4.4622
-210.544
-174.919
-6.81244
6.81244
32.0483
-28.9362
31.1249
-185.029
-149.529
-7.85462
7.85462
-43.2724
-354.764
299.865
-41.316
5.20312
-5.20312
7.01453
-7.01453
4.45895
-4.45895
-7.70741
7.70741
-6.23891
6.23891
-7.73388
7.73388
-7.65865
7.65865
-6.99608
6.99608
-6.59948
6.59948
6.89757
-6.89757
7.78472
-7.78472
-6.23176
6.23176
-7.7905
7.7905
-7.10055
7.10055
-7.75128
7.75128
7.73898
-7.73898
7.00102
-7.00102
7.16322
-7.16322
-7.20715
7.20715
6.6403
-6.6403
7.00961
-7.00961
-6.5516
6.5516
6.91052
-6.91052
6.91007
-6.91007
-5.16918
5.16918
7.78129
-7.78129
-4.4539
4.4539
7.03436
-7.03436
6.91107
-6.91107
-4.40052
4.40052
-7.79514
7.79514
5.07707
-5.07707
7.17719
-7.17719
-7.20712
7.20712
7.74926
-7.74926
7.47678
-7.47678
-7.53742
7.53742
4.45758
-4.45758
4.39694
-4.39694
-7.7888
7.7888
-6.29447
-4.78597
4.78597
-5.20361
5.20361
-7.14651
7.14651
-4.39699
4.39699
6.77985
-6.77985
-7.54009
7.54009
4.41104
-4.41104
-7.47699
7.47699
6.86346
-6.86346
-7.14522
7.14522
6.85446
-6.85446
7.53545
-7.53545
5.1395
-5.1395
-5.2337
5.2337
7.8259
-7.47643
7.47643
6.85389
-6.85389
5.14396
-5.14396
-7.05178
7.05178
6.9437
-6.9437
5.14113
-5.14113
-6.04544
6.04544
-8.04047
8.04047
114.324
19.2691
-16.3674
113.515
125.368
82.6054
-38.2903
7.21466
-0.614627
1.2573
-27.1396
25.8823
-89.8873
290.603
-25.0145
299.703
-267.914
-55.9405
47.9258
166.697
-85.9739
27.4403
-4.46611
27.4643
-295.089
215.539
245.122
-6.78894
-11.8474
30.3145
145.887
87.7029
106.39
-300.504
140.814
191.387
-23.6815
23.5134
4.50679
22.8158
201.911
-4.50679
-9.15272
91.951
-98.8221
-123.887
230.053
-4.06969
3.99383
-109.309
-3.99383
75.1339
-59.2169
4.46611
1.85382
32.1578
20.7719
76.1325
-358.912
3.37498
4.06969
-0.00414272
159.377
4.54541
61.8993
161.949
0.983889
332.802
9.16001
0.0529649
-9.16001
115.922
-12.4274
0.767871
-42.3919
23.9625
20.2514
60.1296
198.611
-18.7126
25.2714
270.484
6.21771
-40.6858
-15.2548
-6.21771
209.57
6.59661
-6.53976
-221.571
-160.014
1.97471
220.913
-42.7282
-223.686
-240.976
-213.109
245.019
-283.497
122.338
-228.686
218.469
10.7857
46.9108
-314.825
45.804
-14.3979
312.566
217.407
-115.264
4.86549
-63.5056
-115.828
90.6327
-9.63358
-244.249
104.289
-57.5185
104.921
112.503
-6.21094
6.71087
146.209
100.937
-168.187
96.4121
-17.8254
160.144
-141.462
-231.488
-13.2658
105.724
-116.243
-29.1787
144.36
287.143
-95.7564
-220.775
116.239
1.61547
147.572
-140.257
-62.2087
-14.1793
1.76213
-218.839
232.493
192.167
-205.019
275.692
-77.8131
220.88
4.53234
-4.53234
-8.47109
92.7558
29.8212
-29.8212
126.306
-55.3192
57.8469
-180.406
-5.07815
106.029
-298.342
76.9665
-22.4753
-18.6421
-91.0796
-3.1154
22.7879
127.149
-3.79612
6.39501
219.238
-9.06016
91.2499
15.1638
-17.6504
-209.478
-299.04
259.825
88.5271
-106.193
197.267
-25.7765
-8.05026
-2.35604
10.4063
53.8846
191.197
-107.877
16.842
34.0705
-35.7666
140.703
-165.856
-218.661
-13.5677
16.0319
-29.2341
-17.5572
-373.087
258.904
28.9042
250.57
37.1541
234.694
127.604
43.138
170.868
-341.055
198.378
82.2436
71.241
-133.05
5.45917
-2.90563
-4.86549
-23.3277
-3.87096
27.1987
3.6404
172.939
-105.098
122.239
-152.921
117.456
113.303
-4.54541
314.766
36.2563
-9.20195
-163.787
261.187
29.2599
-22.5013
53.1809
137.614
-231.694
18.3867
149.066
-77.8254
73.9368
-37.4289
3.47237
33.9565
-3.50813
267.613
-103.605
-5.07815
57.8224
-230.181
-136.79
256.94
29.5543
5.87022
-13.0058
16.6867
-17.5053
-70.164
-21.402
-129.341
33.9591
58.7967
51.0067
-34.1483
-252.303
6.16066
-21.4829
-16.331
196.125
34.2545
301.858
-44.1784
64.9504
22.3891
89.5148
-133.734
-1.89276
-216.811
-149.796
187.529
-0.187744
-9.7401
-18.9372
-30.3442
-22.8148
271.134
-218.845
-29.1515
-9.08322
-16.7749
78.2298
122.294
-54.9582
-19.2219
-74.5657
-117.886
189.304
-217.703
152.026
-230.109
179.573
101.613
-21.2136
117.504
-241.387
0.782771
0.795446
-0.732856
-0.697799
-0.74289
-0.689952
0.180365
-0.506164
-258.235
102.329
-1.39227
169.093
-183.769
-21.7851
-27.2917
21.8785
196.59
-113.483
-26.7736
6.15605
4.31822
0.824296
55.0517
-213.214
23.5087
190.268
1.00842
54.272
44.6681
-0.880917
95.1922
-66.6499
-70.1406
304.952
-67.8933
275.773
-52.2897
84.6728
-13.0237
-14.2419
183.119
-4.26137
-46.3211
305.225
-256.454
251.446
-70.1171
11.1593
281.113
-77.1834
-35.2549
-18.0106
7.56083
230.044
-131.318
87.0031
19.0604
4.34528
1.81538
-16.9362
26.523
104.953
13.8967
1.85183
-27.2063
-17.8129
-15.9611
-9.38329
-42.8147
-7.76906
14.4516
-13.2054
74.6473
-136.598
60.5451
-28.8558
49.5949
-8.16442
)
;

boundaryField
{
    frontAndBack
    {
        type            empty;
        value           nonuniform 0();
    }
    bottom
    {
        type            calculated;
        value           uniform 0;
    }
    inlet
    {
        type            calculated;
        value           uniform -2000;
    }
    top
    {
        type            calculated;
        value           uniform 0;
    }
    outlet
    {
        type            calculated;
        value           nonuniform List<scalar> 
14
(
1999.99
1999.99
1999.98
1999.98
2000
1999.98
2000.01
2000.02
2000.02
2000.02
1999.97
2000.01
2000.03
2000
)
;
    }
    car
    {
        type            calculated;
        value           uniform 0;
    }
}


// ************************************************************************* //
