/*--------------------------------*- C++ -*----------------------------------*\
  =========                 |
  \\      /  F ield         | OpenFOAM: The Open Source CFD Toolbox
   \\    /   O peration     | Website:  https://openfoam.org
    \\  /    A nd           | Version:  7
     \\/     M anipulation  |
\*---------------------------------------------------------------------------*/
FoamFile
{
    version     2.0;
    format      ascii;
    class       volScalarField;
    location    "21.5";
    object      p;
}
// * * * * * * * * * * * * * * * * * * * * * * * * * * * * * * * * * * * * * //

dimensions      [0 2 -2 0 0 0 0];

internalField   nonuniform List<scalar> 
7807
(
0.341692
0.0178795
0.492927
0.328819
-0.00183491
-6.76955e-05
0.495033
-0.0114677
-0.000232026
0.14657
-6.33081e-05
0.00524477
-0.0171862
0.0762852
0.151987
-0.022089
0.352354
-0.0224742
0.00266481
-0.0993415
0.104073
0.00346551
0.0568426
0.266337
-0.0292396
0.351847
-0.00168921
0.0929964
0.226492
0.00577778
-0.0305489
0.734017
0.0560522
-0.00102214
-0.000207425
0.121832
0.00653693
0.480395
-0.0095435
-0.000707704
-0.00866773
-0.0212739
-0.0956096
-0.0138963
-0.000413656
-0.000159614
0.00340896
-0.00981364
-0.000129392
-0.0964894
0.00783992
0.0882733
-0.0369403
-0.00200168
0.120873
-0.0102008
0.0028773
-0.0114745
-0.0472641
-0.00106819
0.000103876
0.0100123
0.0766093
0.00578126
-0.00208685
-0.0298343
-0.000181956
1.17424e-05
0.149928
-0.00918476
-0.000145441
-0.0809326
-0.0282517
-0.0480328
-0.0217133
-0.0674958
0.485846
0.10168
0.102845
-0.090447
-0.0164727
0.445632
0.144668
-0.0501322
-0.00309055
-0.00493385
-0.012258
-0.035814
-0.00138532
-0.00965858
0.231585
-0.015607
-0.000268032
0.00282244
-0.00768055
-0.0495039
-0.0766443
0.00251679
-0.00341787
-0.00249392
-0.0830802
0.113086
-0.00728321
-3.50295e-05
-0.00257689
0.239098
0.638852
-0.010849
-5.46877e-07
0.0541008
0.312331
-0.0551369
-1.99645e-06
0.0575175
0.239003
0.00104753
-0.0588771
0.195511
-0.0566665
-0.0491368
-0.0864432
0.426728
-0.088031
0.0222262
-0.0842067
-0.00206401
-0.0274389
0.00457016
-0.00220388
-0.0306327
-0.0674906
0.102087
-0.00128734
-0.0016417
-0.0519363
0.303397
0.521381
-2.99364e-05
0.0173452
-0.108739
-0.0454865
-0.0666108
-0.0680026
-0.0460971
0.645574
-0.0225369
0.2284
-0.0457424
-0.0632579
0.425469
0.116404
-0.00670502
-0.00322004
0.1278
0.143758
0.448872
-0.0772332
-0.0171205
0.604314
-0.000116325
0.00150588
0.275426
-2.99796e-05
-0.00440861
-0.00866006
0.336065
0.336944
0.625256
-0.00503281
-0.00671129
1.35592e-05
-0.0896318
0.00103404
0.0268297
0.0188371
-0.0623737
0.020772
0.21469
-0.000265585
-0.00106545
0.335036
-0.000116231
-0.000224174
0.4974
0.0123528
-0.0486441
-0.0532031
-0.0453179
-0.0277491
-0.106304
-3.38596e-05
-0.0738111
0.222458
-0.00734548
0.000181529
0.267084
-0.00270359
-0.0288022
-0.0272646
1.5396e-05
0.00211937
0.310307
0.255244
0.450587
-0.0522167
-0.0477014
-0.104992
0.100786
0.30605
-0.000444965
9.25838e-05
0.607491
-0.0188425
-0.00134112
-0.0703978
-0.0287443
0.41272
0.4207
-0.072972
0.697545
-0.00250464
-0.0221069
-0.0852733
0.122209
-0.117642
0.306243
0.60561
0.000166225
0.0232244
0.206957
-0.0090225
0.191946
-0.001166
0.665503
0.440294
-0.0121875
0.0065247
-0.000654955
0.216119
-0.000189134
-0.0136618
-0.102249
-0.000144661
-0.00292897
-0.000913778
0.222344
-2.88791e-05
-0.010034
-0.0877882
0.732826
0.0915882
0.64858
-8.55006e-05
-0.0313906
-0.000387367
0.467034
0.00963149
0.522902
0.00348099
0.00180851
0.0168008
0.104992
0.00140015
-0.000485947
0.00124672
-0.00951126
-0.0465275
-7.93261e-05
-0.0747512
-0.00824436
-0.000295714
-0.00139142
0.501465
-0.0171409
-0.00170731
0.697236
-0.00323738
0.331067
-0.000435972
0.00263197
2.16127e-05
-0.0512807
0.117414
0.0322603
-0.0475987
-0.000896491
-0.0867228
-0.0335343
-0.000381092
0.00121116
-0.00485381
-0.0165137
0.00702995
-0.00274744
-0.0479202
-0.0385459
-0.0473036
0.000442341
-0.0596699
0.435878
0.450926
-0.00336468
0.00101914
-1.23563e-05
-0.00526639
-0.0499007
0.259679
0.160364
0.000247353
-0.00484292
-0.0579879
0.230826
-0.00222948
0.00857799
0.00294952
0.102893
-0.0853007
0.417361
-0.00359951
0.0185591
-0.000236317
0.00988319
-0.000102978
-0.0367176
-0.000757233
0.0118543
-0.0280331
-0.0588877
0.00577736
0.0209256
-0.00164905
0.0482881
-0.0156542
0.12793
0.225364
-0.134873
-0.0240141
-0.0344609
0.0122386
-0.0994432
0.637806
-0.0173722
0.0697105
0.684275
-0.00346952
-0.00394805
-0.0194601
-0.0024242
-0.0180456
0.0150421
-0.00634397
-0.00470264
0.218224
-0.000128427
0.00134396
0.000201438
-0.00773672
-0.0156062
-1.51819e-05
-0.00247747
-0.0453321
0.60282
0.00758631
-0.0184848
0.568225
0.380327
0.110348
0.0141106
-0.0906756
0.0118145
0.326044
-0.0242707
0.372254
-0.0331782
-0.0972624
0.257744
0.374768
-0.0705244
0.1516
0.30387
0.344277
0.0987572
-0.00690586
-0.00954931
-0.000180967
0.0100555
-0.0247777
0.00237885
-0.000223136
-0.00364555
-0.0871824
0.143072
-0.0361929
-0.00569147
-0.00860436
0.0143561
-0.0157421
0.00436673
0.273846
-0.00425599
-3.32551e-05
-9.78995e-05
0.000137741
-0.0436426
0.212305
-0.00908564
0.0636307
-0.12539
0.471549
0.00792718
0.0160008
-0.0115663
0.485875
-0.0023929
0.413118
0.232875
-0.000244847
-0.036958
-0.00748209
-0.0629148
0.00137921
0.119975
0.0085594
0.0148644
-0.00192635
0.206577
0.23408
-0.0567009
-0.0453251
-0.005154
-0.0311148
0.12333
0.721913
-0.0431517
0.0109169
-6.35192e-07
-0.0284844
-0.00516138
0.0442407
-0.104709
-0.0138998
0.502443
0.216324
-0.0901805
0.278567
0.475413
0.0619442
0.00290205
0.339459
-0.00201415
-0.000393387
-0.0369408
0.000225748
-0.117858
0.000174128
-0.0466226
0.00457093
0.272173
-0.00402986
-3.94306e-05
-0.106087
0.0041456
0.0734398
-0.0800797
-0.10637
0.0497743
0.208559
0.173256
0.177616
-0.000446328
0.133748
0.137521
-0.00117716
-0.0348602
0.00147624
0.0144593
-0.00336922
0.0112237
-0.00174799
0.20793
-3.27024e-05
0.00049765
0.00470263
-0.045171
0.0474784
-0.0442821
-0.0528793
-0.0435672
-0.124574
0.0208114
0.329862
-0.0123786
-0.0147167
0.673458
-0.0744044
-0.0163823
-0.052689
-0.0126727
-0.0425795
-0.0219748
0.0640261
-0.0238258
-4.26273e-05
0.055996
-0.000199769
0.438405
0.161023
-0.0108549
-0.029634
-0.000407943
0.447108
0.401797
0.113111
0.22295
-0.0791295
0.536788
-0.000118405
0.0472784
-0.0376301
0.22146
0.629071
0.108048
0.207542
-0.00388894
-0.000442507
0.205062
-0.0465966
0.465919
0.0747431
0.291172
-0.0155118
0.480223
0.385103
-0.0195773
-0.0166133
0.178262
-0.108469
-0.000167181
-0.0272953
-0.103937
-0.0796986
0.0257611
0.0214814
-0.000258851
0.404942
-0.00214877
-0.000214639
-0.0330816
-0.00109535
-0.000487333
0.00818434
0.29252
-0.094905
0.589509
0.000164021
0.289941
-0.0274298
-0.000144399
5.12367e-05
0.223508
0.282482
-0.00893589
0.258452
7.30421e-05
0.271239
-0.130288
-0.0204839
0.496911
-0.0674108
0.212572
-0.0505085
0.269179
0.279458
-0.0336827
-0.0425662
-0.0128566
-0.00628503
-0.000430631
-0.00246615
0.354645
-4.67917e-05
0.261294
-0.0886433
0.408481
0.249356
-0.106375
0.573904
-0.00352793
0.0132293
-0.0429545
-0.0407422
-0.0140013
-0.032637
0.0683628
0.663473
0.000115412
-0.00416616
-0.0542466
1.81401e-05
0.445694
0.00421374
1.82493e-05
0.00047719
0.000916726
-0.0350312
0.0425516
-0.00335242
-0.000175475
-0.0148373
0.0060175
-0.11637
-0.0976892
0.0480302
-4.00931e-05
-0.138615
-0.026686
0.184373
0.40217
0.00269163
0.190008
0.00038204
-0.025584
0.133387
-0.0140235
0.311751
-0.0261808
0.0526886
0.138139
0.21338
0.0106413
-0.0209613
0.24906
-0.0948817
0.474506
-0.0188644
0.343826
-0.0187796
-0.00249851
0.198143
0.005047
0.133256
0.00434409
1.5759e-05
-0.126424
0.267054
0.00332798
0.178137
-0.0248614
-0.141921
0.017089
-0.0458481
-0.00361565
-0.0178827
-0.0858484
-0.0540634
-0.0197864
-0.000293838
0.498231
0.18308
0.0634123
-0.000411753
0.382695
2.04587e-05
-0.000377285
0.193578
0.00469528
0.238821
0.0917494
0.0377862
-0.0239295
-0.118148
0.0453932
0.00300434
-0.0779432
-2.31505e-05
0.00856476
0.301733
-0.0321253
-0.00601707
-0.0118403
-0.00422416
-0.000852912
0.684068
-0.0199262
-0.00117221
-9.65811e-06
0.189731
-0.0560099
-0.000686949
-0.00595498
0.218157
0.135354
-0.0696751
1.08826e-05
0.237762
-0.0314731
0.260173
0.0358116
0.0437856
-0.0570077
-0.000187658
0.134874
0.125655
0.0808933
-0.079077
0.354032
0.0135486
0.244118
-0.00511417
-0.0326788
-0.000832253
-0.0023273
-0.000198411
0.22204
0.322274
-0.00318784
0.0420066
-0.0340973
-0.0607797
-0.0709839
-0.00400168
0.0435348
0.656403
0.0593187
-9.29019e-05
0.132966
-0.00792755
0.566254
-0.024691
-0.0223849
-0.00126058
-0.0259102
-0.0133173
-0.0157819
-0.00687945
0.00354349
0.0595296
0.000262369
-0.109179
0.0251497
0.427751
-0.066991
0.245225
0.00460605
-0.0372382
-0.0219723
0.273679
-0.0148703
0.000270025
-0.0306948
-0.0111263
0.0467883
-0.0516372
-0.0443638
0.0115467
-0.0289222
-0.00751938
-0.0850395
1.74183e-05
0.0788518
-0.0741956
0.217395
-0.0360287
0.132186
-0.0858069
0.391956
0.0177162
-0.0589105
-0.0222256
0.596555
-0.0898123
-0.02586
-0.115607
-0.0393516
-0.10095
-0.0532905
0.238061
-0.00598066
0.318152
0.0193194
-0.000823558
-0.0026041
0.118153
0.73917
0.00254893
-0.0272899
0.227918
6.08383e-05
-0.0407356
0.0582424
0.0205519
0.019592
-0.00350009
-0.0512738
-0.00639106
7.71829e-05
-0.0640586
0.324297
0.00863602
-0.0327773
0.00424658
0.227875
-0.000797781
-0.00267183
-0.000757222
-0.00165245
0.0978947
0.0102556
0.00745004
-0.0351675
0.000120216
-0.105001
-0.0313384
-0.121387
-0.0276195
0.032374
-0.000439018
-0.0252593
-0.0857236
0.0764029
0.411018
-0.00269182
-0.0941385
-0.0101708
0.0211781
0.212771
0.00101195
-0.000314256
0.188398
0.0584679
0.0330252
-0.00639206
-0.00448155
-0.0785
-0.000353139
0.00267243
-0.0265235
0.358994
0.323788
-0.0300516
-0.070805
0.015996
0.0109258
0.0415526
-0.0811295
-0.0160446
2.68671e-06
0.0329066
-0.048399
-0.089121
0.0121549
-0.075355
-0.000845671
-0.00645562
0.251406
-0.0547226
-6.77116e-06
-0.00609302
-0.0757669
-0.000339563
-0.0207385
-8.47061e-05
0.00930637
-0.112842
-0.0318168
-2.18145e-05
8.08333e-05
0.166275
-0.0551764
0.449872
0.332319
0.0254402
-0.00123353
-0.0178383
0.000514205
-0.0729366
-0.0896442
0.0353276
-0.0318579
0.323431
0.0190314
0.000640894
0.0137973
-0.106887
0.00436571
-0.0259928
-0.0829693
0.00587267
0.0352657
0.0982991
0.0188226
-0.0434521
-0.0554201
0.23719
-0.031451
-2.99328e-08
-0.101693
-0.0907924
-0.0376747
0.00972854
0.00171007
0.0183756
-0.109654
0.0512837
-0.0515369
0.185822
-0.0437388
0.0133726
0.0311742
0.028872
-0.0525058
-0.0866879
-0.000191131
0.187886
0.258137
0.0126617
0.272433
-0.0779472
0.0696008
-0.0543304
0.248943
0.136243
0.649777
1.37395e-05
0.142053
0.225331
0.0235989
-0.00243929
-0.0276033
0.0175034
0.000114853
-0.0274904
-0.0626692
-0.0302236
-0.0332458
0.000311504
-0.0544976
-0.000592343
-0.00144203
0.291308
0.0112042
0.125716
0.0329832
0.254934
0.0192503
-0.000622964
-0.0871645
0.0138526
0.429105
0.00218497
-0.066519
-0.000337749
-0.000894033
0.012779
-0.0501233
-3.50428e-05
-0.0165798
0.0461386
-0.00320613
8.2071e-05
-5.29815e-05
0.192654
-0.0144876
0.0113326
-0.00181829
0.0143409
0.0248491
0.0143423
-0.000452623
0.41241
-0.0719059
0.270365
0.363199
-0.000329045
0.113946
0.154002
-0.00125512
-0.000413357
-0.000672582
0.0202344
0.0281117
-0.0136005
-0.0267204
-0.0842246
0.215202
-0.0929194
2.6579e-05
-0.0291228
-0.027199
-0.0530148
-0.00699967
0.00997576
0.00211899
0.0436744
-0.000829092
-0.000351339
-0.025987
-0.00689722
-0.0372462
-2.03912e-05
-0.0223128
0.0522485
-0.00327897
-0.0187766
-0.0131654
-0.0177566
-0.0139033
-0.00833381
0.0176003
-0.0143748
-0.000152386
-0.000630823
0.0372155
-0.0184865
-0.00789252
0.0138625
0.00541098
-0.13838
-0.0167583
0.197031
-0.0190425
-0.0752995
-0.0353012
-0.0339309
-0.0234329
-0.00601127
0.00375839
-0.00563136
-0.0210565
-0.0242355
0.243757
0.196488
0.0786814
0.400196
-0.000102633
-0.00515094
-0.0247231
-0.0123353
0.138396
-0.0303556
0.0781021
-0.00671233
0.263761
-0.00308191
-0.00257474
0.0301858
-0.0228063
-0.000330861
-0.0302113
-0.00938606
-0.0312649
-2.297e-05
-0.0105626
0.00330129
-0.0262656
0.0561588
0.0530881
0.029445
-0.0210574
-0.0468243
0.150825
-0.00201158
-0.00312519
-0.00336511
0.563152
-0.000111049
0.106596
-0.0318592
-0.0305875
-0.0394976
-0.0580742
-0.0428299
-0.0508255
-0.0272787
-0.00731213
-0.000138936
-0.00680911
-0.0325529
0.133127
0.00280204
0.209453
-0.0488394
-0.0199212
-0.00145263
-0.042951
-0.000147912
0.18759
-0.0448659
-0.0389994
-0.0355583
-0.00609919
-0.0482515
-0.00267743
-0.0600503
0.135127
-0.0385298
-0.0921124
-0.00231734
-0.0402452
-0.027626
0.023986
-0.00514195
0.18065
-0.00382015
-0.0287207
-0.00105017
0.200886
-0.0576602
-0.0394726
-0.00517447
-0.0148103
-0.00437683
0.243228
0.0300246
0.263585
-0.00758133
-0.00127644
-0.00199195
-0.00368981
0.235375
-0.0878558
-0.0107658
0.00058569
-0.0106769
-0.0111858
-0.00140082
-0.0183163
-0.023524
0.0812092
-0.00787083
0.00848393
0.554369
-0.0900665
-0.0429902
-0.0841244
7.03885e-05
0.104117
-0.00563401
-0.0401272
-0.00888373
-0.0529033
0.00716057
-0.000827796
-0.00461305
0.00531162
0.245422
-0.0092844
-0.00282926
-0.00736562
-0.0760022
-0.0131091
-0.0332057
0.00716602
-0.0137363
-0.0141569
-0.0052044
0.250664
-0.0678852
0.00524017
-0.00672833
-0.041159
-0.0218031
-0.0728395
-0.0022093
0.124105
0.0358919
-0.0123681
-0.00273154
-0.0210198
0.577948
0.246905
-0.0176296
-0.000899589
-0.00378436
0.0103207
-0.00630797
0.0326857
-0.000633414
-0.0220939
-0.00312918
-0.0260441
-0.041074
-0.00165962
-0.0165145
-0.00213794
0.375986
-0.0101392
-0.0182649
-0.00081906
-0.00305226
-0.0447815
0.114132
0.514248
-0.01675
-0.0177263
-0.00335575
-0.000707933
1.35959e-05
-3.95662e-06
-0.0158187
-0.0010365
0.160694
-0.0010379
-0.0028734
0.0133078
-0.000387969
-0.0654249
-0.0748676
0.0267452
0.0580409
0.039755
0.0949328
-0.0457608
0.122093
0.0963613
0.127926
0.15853
-0.0201417
-0.00134594
-0.00902474
-0.083777
-0.00558969
-0.0232174
0.0748649
0.39127
-0.0652575
-0.000745761
-2.29796e-05
-0.00231714
6.86726e-06
0.0150174
-0.000858596
-0.00718391
-0.0702365
0.000917444
0.00429317
-0.00032442
0.0994359
-0.0238151
-0.0321618
-0.00189426
0.381774
0.339889
-0.0156769
-0.0807122
-0.0418049
-0.0364546
-0.0222274
-0.0029615
-0.0962974
-0.0414261
-0.0616597
-0.0353802
-5.15672e-05
0.240897
-0.0154512
-0.0150845
-0.0372653
0.0293936
-0.000822728
-0.0130895
-0.00214687
0.0215262
-0.00238855
0.219786
0.00060192
0.0159104
-0.000636996
-0.0688114
0.0141123
-0.00116963
0.0216059
0.000702188
0.0598687
0.160187
0.00310089
-0.00227149
-0.000178904
-0.000890159
-0.000780872
-0.0885902
0.161327
0.047461
-0.000405863
0.0153748
-0.00070239
0.276653
-0.0869451
0.308302
-0.0631695
-0.000694394
-0.000424834
-0.011445
-0.00890178
-0.000972947
-2.30415e-05
0.0388709
0.0440767
-0.00035362
-0.000497025
-0.0300021
-2.79602e-05
0.210479
-0.00145261
-0.0765555
-0.028942
-0.010009
-0.0802685
-0.0879836
0.191564
-0.020401
-0.0307559
-0.00048095
-0.0820204
-0.0314061
0.0386662
0.153254
0.412355
-0.00184147
-0.085858
0.0215967
0.36725
0.0583803
-0.000170388
-0.00946882
-0.00642041
-0.00779078
-0.069708
0.127054
0.000327496
0.0321811
0.00497104
0.113565
-0.000806075
-0.00016472
-0.0653038
0.338465
-0.0791998
0.196041
-0.00194916
-0.000297734
-2.70145e-06
-0.0924159
-0.0610447
-0.000512493
0.148542
0.0176235
-0.00840015
0.474524
-0.000588105
-0.00580087
-0.0848898
-0.025576
-0.00359485
0.173023
-0.0689815
-0.000243501
0.0213717
-0.000247981
-0.000138967
0.184287
0.0060763
-0.000697579
-0.0746713
-0.0369145
-0.00551593
-0.0307135
0.00389142
-0.0344139
0.0027192
-0.00549742
-0.0930936
-0.0556715
0.0334086
-0.00139512
0.201481
0.254809
-0.0932328
0.015717
0.0296902
-0.0067302
0.208798
0.149676
-0.0417052
-0.000235051
0.0158769
-0.0797845
0.0210309
-0.041256
-0.00330613
0.0698668
-0.0410963
-0.000198457
-9.47645e-05
-0.0367594
-0.0368243
-0.038834
0.0155273
0.0317072
-0.0641327
-0.000214621
-0.00216914
-0.000301924
-0.0477832
-2.8746e-05
-0.00303812
-0.0545432
-0.110967
0.164648
-0.00468332
0.0066969
-0.0318588
-0.0380231
-0.000182323
-0.0671822
0.160626
0.198581
4.63839e-05
-0.00015847
0.202016
-0.00395185
-0.103618
-0.0589887
0.00543485
0.000820779
-0.0980565
-0.0141842
0.206599
-0.0815156
-0.00230291
-0.0132571
-0.0745785
-0.000889462
-0.000360179
-0.00140425
0.00492114
-0.0741052
0.194396
-0.000311104
0.577459
0.0117122
0.000216946
-0.00149226
0.00043964
0.000499028
-1.29093e-05
0.000249768
-0.0764946
-0.00111088
0.000728412
-0.000292857
0.179824
-0.00897597
-0.000284282
-4.81192e-05
0.421859
-0.0322536
-0.0209563
0.00187837
-0.00111583
0.0881609
-0.000132891
-0.0184759
-0.106553
0.00353348
-0.00991773
-0.000134371
-0.000301717
-0.0452497
-0.0748454
0.0114836
-0.101686
-0.0565309
-3.5175e-05
0.0326169
0.0484905
0.143133
-0.00269132
-0.000226602
-0.081161
-0.00954005
-0.000755145
-0.0714974
-0.000196254
0.0631633
-0.000108631
-0.00198627
0.0399433
-0.00326379
-0.0844784
0.530764
-0.00255764
0.000470347
-0.0770999
-0.0718119
0.0147516
0.00752862
-0.00021926
-0.0462677
-0.000112311
0.242574
0.696603
0.121594
0.00489215
0.00580222
-1.89989e-05
-0.041193
-6.92099e-05
-0.0101738
-0.00265218
0.000630995
-0.00526696
-0.0145145
-0.000175169
0.00143433
-0.0120186
-0.000470794
-0.0151624
-0.0248034
-0.00459035
-0.00176043
0.625461
-0.00105102
0.00394041
0.000419793
0.021663
-0.0721177
0.0152295
-0.00025613
-0.000139631
0.00432142
-0.00015135
-2.46885e-05
-0.0174727
0.00115084
-2.94014e-05
-0.0738438
-0.00348835
-0.0813118
-0.00256163
-9.22359e-05
-0.0048965
-0.00813806
-0.0226288
-0.0321108
0.0037439
0.000871546
-0.00070688
-0.00306529
-0.000102424
0.334572
0.00253185
-2.25503e-05
0.00098234
-0.00315651
-0.000526887
-0.0918848
-0.0789806
-0.000175195
-0.0108488
3.14317e-05
-0.00400599
-9.94162e-05
0.0524054
-0.000198544
-0.000263457
-0.00541473
-2.06929e-05
0.0211583
-0.000329297
-0.00195671
0.0290839
3.01954e-05
0.441781
-0.0774241
-0.0607594
-2.59881e-05
-2.5455e-05
0.00307358
-0.00183403
-0.0730522
-1.93223e-05
2.18315e-06
0.00122935
-3.6382e-06
0.000637332
0.000750651
-0.000693675
0.00129557
-0.0762687
0.546162
-0.0469124
0.401372
0.0142823
-0.0248868
-2.00835e-05
-0.0013547
-0.0186661
0.00025743
0.000483014
0.000296406
0.103635
-0.00206269
-0.000308931
0.559955
-0.000825062
0.000980981
0.000837926
-5.1499e-06
0.0856457
-0.00337974
0.00185315
0.000226122
-0.000784626
-9.27082e-05
-0.00140144
-0.0639063
-0.000627125
-0.00242833
-1.9257e-06
-0.000291737
-0.000382703
0.238234
-0.000665196
-0.00038851
-0.100385
0.00602361
-0.000103093
-0.00206028
-8.23155e-05
0.219039
-0.105383
-0.000420856
-0.000581515
-0.00284493
-0.00020867
0.0847083
0.15635
0.0628556
0.000858489
-7.91433e-06
-9.05851e-07
0.0872074
0.00043333
-0.0884608
-0.0321779
-0.0239598
0.0237338
0.628549
0.00316598
0.251403
-0.0221346
-0.0431616
0.222543
-0.000534019
-0.094928
-1.27831e-05
-0.0137728
-0.0717403
0.000102698
-0.0683448
-0.00145679
-0.00365247
-0.00827456
-0.0627658
-0.0620959
-0.00475211
-0.0876667
-0.0645772
-0.000270985
-0.0186218
-5.44353e-05
-0.055339
-3.48917e-05
-0.000269309
0.0342295
0.211967
4.66557e-07
-0.0662793
0.00571405
0.000141716
-0.030962
1.64459e-05
-0.0209344
-0.000373669
-0.0566848
0.00022398
-0.000116038
-0.00311427
-4.16551e-05
0.207192
-0.0451691
0.118673
-2.47393e-05
0.00103672
-0.0483211
2.58388e-06
-0.0829344
-0.0962716
-0.0811059
0.582944
-0.00993593
-2.03927e-05
0.0400294
-0.0613196
-0.00383566
-9.86623e-06
-0.000114721
-0.0691988
0.000229175
0.0014319
4.36569e-07
0.000283852
-0.0418789
0.17276
-0.0695943
0.139152
-0.00819245
-1.33647e-06
0.0103487
-0.0709071
-2.60112e-05
-1.47612e-05
0.000542204
0.000118778
0.00067862
0.294057
0.0533646
0.000104598
2.61752e-05
-0.096174
0.25557
0.229463
-5.7616e-05
-0.0534525
-0.0284714
-0.0155384
-0.0701824
-0.0127372
-0.00446077
0.185744
-4.36416e-05
-0.0392726
0.218492
-0.0713885
-5.96742e-06
-0.0894846
-0.000248757
0.356707
0.0441185
2.32658e-06
-2.80779e-05
0.240311
8.03904e-06
-0.000254785
-0.0179517
3.48669e-05
0.311975
0.00549797
-0.0112631
-0.0938048
-0.00575871
-0.100854
0.236048
-0.0136519
-0.0153174
0.00161563
-1.72006e-05
-0.00154191
7.05146e-06
-1.02613e-05
0.0419581
0.232301
0.196285
-0.000651479
0.306183
-0.0161274
2.04167e-05
-0.0670556
-7.70621e-06
-0.0413216
0.0454692
-0.021459
0.00707303
0.00299466
-0.0141913
0.000435191
-0.00254259
0.0312511
-0.00439315
-5.06562e-05
5.77668e-05
-8.02968e-05
0.0473646
0.000106732
-0.032189
0.321754
-0.00913404
9.45866e-05
-0.00529041
5.451e-07
0.126236
-0.000525718
-8.51415e-05
-0.000114989
-1.15132e-05
0.266533
-0.000205702
0.300185
-0.0887364
0.000202983
-0.0747751
-0.000701687
0.204311
0.573584
-0.00213104
5.07314e-06
3.90798e-05
-2.09985e-05
0.190503
1.64355e-06
0.00170126
-0.0363139
0.28516
1.68192e-05
3.57664e-05
5.83248e-06
4.91246e-05
-0.0307303
4.03216e-06
0.334125
-0.0237006
-0.000172046
5.68489e-05
-0.00312812
-0.0428561
2.82482e-06
-7.34784e-05
0.214905
6.47226e-05
-0.0471228
-0.061687
0.000234728
1.83355e-06
-0.134539
2.58027e-06
0.216178
2.87994e-05
-0.000656809
2.62858e-05
-0.000247927
0.1274
9.7151e-06
-0.00247853
2.31829e-05
0.0212765
-0.00514784
-0.00974917
0.00156851
0.20082
-0.000373316
-0.000103235
-0.0134594
-0.0129938
-0.000351608
-5.14667e-05
-0.00133512
8.03556e-05
0.237118
-0.0153667
0.566718
5.08038e-06
-0.0115826
-0.000204637
0.182758
0.000108429
-0.0388593
4.60753e-05
-0.00238669
-0.0492295
-0.000330532
-0.0235422
-0.0722175
0.00805029
4.47427e-06
-0.0776512
-0.000485874
-0.000408715
-0.00840696
-0.0179921
0.00207548
-4.43091e-05
-0.000639501
-0.00133064
-0.00192119
3.32605e-05
-0.00181809
0.55574
0.000175156
-0.00495175
-0.0513187
-0.106008
-0.0918506
-0.0700547
-0.0323016
-0.000753128
-0.021178
0.000141431
-0.000105975
0.556783
-0.000126529
0.235986
-0.000663953
0.000665219
-0.00170327
-0.0715055
-0.000612979
0.00118466
-9.92996e-06
-0.000575213
-7.20052e-07
-0.000104251
-0.0224185
-0.000143931
-1.37377e-05
-0.000109941
0.000266325
-6.19671e-07
-0.0620692
0.300354
-8.70508e-06
-0.000894048
8.49539e-05
6.03987e-05
-0.00124764
2.12006e-05
-0.00135302
0.000481778
-0.000535279
-0.0931573
-0.00102741
-0.00274996
1.27065e-05
-0.00230704
0.000561056
-1.76071e-05
-6.98477e-06
2.73732e-05
-0.00118877
0.000884276
-0.0645792
-0.0393675
-0.0940835
0.00101428
-0.00272636
-0.00236172
-0.0948284
-0.00012743
0.0248159
0.0107717
-0.00156994
-0.0176637
-0.0815304
0.509059
-0.00061674
-1.47604e-05
0.00144292
9.50557e-05
3.60408e-05
0.10385
0.00580836
0.119172
-0.0506658
0.495328
-0.000772503
6.98232e-06
0.000264529
-1.58469e-05
-0.00205039
0.205505
0.276403
1.78859e-06
-0.000234822
-9.85805e-06
0.263143
0.0310855
-0.00770375
2.38131e-05
3.8295e-05
0.0112639
-0.00103604
-0.102919
-0.0247627
5.58623e-05
0.00549472
-0.0449747
-7.68219e-05
0.00288222
-7.91187e-05
-0.0667818
-0.0026232
0.194972
3.35675e-05
0.00266646
7.27037e-05
3.20139e-05
0.000299329
-0.0338864
3.08415e-05
-0.00136693
4.97422e-05
-0.0291366
-0.0662695
-0.00448385
-0.009861
-0.0128611
0.0140843
-0.0129896
-0.00371468
0.000125198
0.000191577
4.45015e-05
3.85053e-05
-7.20981e-05
0.0140534
-0.0815803
0.000807621
-0.0585665
-0.00464446
-0.0692377
0.000157846
1.27585e-05
0.00208925
-0.0404246
3.81443e-05
-0.0590137
-0.0215819
0.0588111
-0.0577739
5.38711e-05
-0.00518802
0.000334934
-0.110141
0.175255
3.43101e-05
-0.0855859
-0.0321994
-0.00638382
7.73946e-05
-6.22798e-06
0.0447826
-0.0245647
5.37721e-05
-0.0101468
1.47313e-05
0.000370456
0.164717
-7.38225e-06
2.48806e-05
-0.000100444
7.01602e-05
0.00144968
0.000157405
-0.00785829
0.000400334
-0.0185467
0.00177344
-0.000286623
-0.0451351
-0.0619343
-0.00934084
-1.72301e-05
4.5286e-05
-0.0814302
0.00894157
-0.0687691
6.41147e-05
-0.0076937
-4.54361e-05
5.18277e-05
0.106537
-0.0104452
-0.00416597
1.59074e-05
-0.0258439
9.46159e-05
-0.096335
5.75573e-05
-0.108602
5.11151e-05
-4.4667e-06
0.000153237
0.00163905
-0.0773474
-0.0266314
-0.0991529
4.07021e-05
0.000172465
-0.111268
-0.033394
-0.0125304
4.42039e-07
-0.0252497
-0.0712927
-0.111643
2.14093e-05
-3.23297e-06
3.21577e-05
-0.0823325
-0.0955163
0.00117449
-0.0163471
-6.46284e-05
0.289283
0.000168
4.00678e-05
0.000261743
1.31668e-05
-3.258e-06
-0.00539287
0.000206291
-0.00380885
-0.0914928
-0.0193069
-0.0839921
8.36673e-05
-6.52233e-05
0.0796491
-0.0606327
-0.00706908
0.150298
3.73462e-05
-8.94718e-06
-8.29549e-06
0.167004
0.000299326
3.22021e-05
7.44958e-06
-0.0826825
-0.0227834
3.00633e-05
0.000159516
-0.0136046
-0.00953572
0.000709174
0.279544
-0.0829033
0.000365039
0.703657
3.3147e-06
-0.000995675
-0.0122042
-0.111671
2.41643e-05
1.91196e-05
4.3054e-05
0.00747453
-0.0450167
-0.000479582
-0.0707158
-0.0114604
6.32767e-05
-3.60762e-06
-0.0149876
-6.7315e-05
0.00325671
-0.0578007
-0.0657516
-0.0562294
0.0267204
-0.0388495
-7.94309e-05
0.000588558
0.0215606
0.000870016
-8.0037e-05
0.00123941
7.49892e-05
-0.000103187
-0.0178391
-1.24818e-05
-2.38952e-05
0.0585309
-0.0118295
-0.000200081
-2.60716e-05
2.80692e-06
0.302173
-0.00975671
0.00127554
-0.0403937
0.000385009
0.000340206
0.000293981
-5.7307e-05
0.000789106
-0.0544702
0.0274033
-8.8592e-06
-0.0002073
-0.0593456
-0.0445636
0.0689422
-0.000715414
0.00290317
0.0269142
1.78472e-05
0.000116803
-0.0649811
4.48394e-05
0.208853
3.95164e-05
0.0065044
0.000285829
0.000380595
-0.101466
-0.0107794
-0.0260687
-0.00356831
5.26783e-05
0.0104643
0.0856422
-0.0179632
-0.000178916
0.127382
0.204976
1.22732e-05
-0.0750539
-8.09006e-05
-2.4907e-06
-5.49663e-05
-0.000828717
0.0296242
1.92361e-05
0.000418996
-0.0360189
-0.0374416
-0.0322689
0.370968
5.21576e-05
-8.74337e-05
0.214556
-0.00425393
-0.00561043
-0.000959056
0.211795
9.50849e-05
-0.000422141
0.000102936
7.11936e-05
6.24801e-05
7.13973e-05
0.000132393
-0.0260509
3.11819e-05
-0.0048944
-0.0645646
0.299284
-0.000163305
-6.16583e-05
0.00728272
0.115356
-0.0632877
-0.00110825
-0.101779
0.369779
8.28644e-05
0.469753
-1.52386e-07
0.00520656
0.0363705
0.000712775
0.503935
1.04992e-05
-2.97672e-06
0.00185467
6.23445e-05
-0.00127514
0.000440304
3.67563e-05
-0.00290935
4.70613e-05
-0.000193928
-0.00490631
0.296822
0.076407
0.0329336
-0.0636508
-2.7092e-06
-9.57241e-06
0.00531156
-0.076252
-2.84525e-06
-0.0678094
-6.5177e-05
0.138672
0.0863756
-0.0474975
-0.00199302
-0.0172507
-0.00145562
-0.0218201
0.00668642
-0.0106839
0.0908705
6.13575e-06
0.311314
0.0663876
-0.00082412
0.264957
-0.0195896
-1.34775e-05
5.90641e-05
0.000122452
-0.000296189
-0.000153842
0.29915
-0.0014461
0.307202
-0.00153936
0.209483
0.278111
0.16949
-0.0103699
5.66065e-06
0.000134462
-0.0156625
-0.135348
-0.0698397
0.00235815
5.95965e-05
-0.0557083
-0.000416329
4.51105e-05
0.0016113
-0.0015791
-0.000899649
0.0487122
0.000136363
-0.0706859
0.0844893
0.000107604
0.000452598
-0.0205794
-0.0821266
-0.0010741
-0.000756295
4.34767e-05
0.000424136
0.138579
-0.0247583
-0.0689246
0.00207568
0.147663
-0.0565238
8.02782e-05
5.51723e-05
0.0445334
-9.92654e-05
0.128698
0.00363238
-0.0200524
-0.000547047
0.0025782
-0.0522953
-1.72275e-05
0.000800338
0.00740577
-0.10809
0.207166
-0.0911348
-0.0394285
-0.000208143
-5.68162e-05
0.0102733
9.29509e-05
-0.109101
-0.0954988
0.000911585
0.00533361
0.00585591
-0.11826
0.00102822
0.000331746
8.68587e-05
-0.0600783
6.19087e-05
0.000904602
0.16049
0.226813
-0.129203
0.0699222
0.0696556
0.0412783
-0.00019429
0.0190343
0.000215298
1.69266e-05
-6.92588e-05
1.90591e-06
8.44028e-05
-0.000512637
-0.0113022
-0.0609433
-0.014415
-0.0414717
0.0762851
0.0636574
0.00631487
-0.0921261
0.000286471
0.00728176
0.0173635
-0.000557572
0.10825
-0.00176782
-0.0160884
0.0187793
0.00844918
0.00171437
-0.00598517
0.0651467
0.00132597
-0.0290543
-0.0242215
0.587779
-0.0361704
0.115089
0.0494591
-0.0532674
0.00345606
0.000193834
-0.00383523
0.000120181
-0.00392319
-0.0371351
-8.65883e-05
-2.31655e-05
0.341906
-0.00492259
-0.061422
-0.0279039
0.000359065
-0.00201947
-1.96726e-05
2.4545e-05
0.0589648
8.23628e-05
-0.00438593
0.109852
0.00973395
0.00177724
0.0283075
-0.00855481
0.00646783
-0.119927
0.0013941
-0.00660382
-0.0821633
-0.00124973
-0.012001
0.00122993
0.00191466
0.00157978
0.0577422
-0.000424705
0.00872984
-0.0798737
-0.0304776
0.000536399
-0.0794247
-0.0221345
-0.0255486
0.000206551
0.0101703
-0.0963869
-0.00123746
-0.00719844
-0.073656
0.000758253
-0.00173068
0.277909
-0.0304355
-5.11495e-05
0.0126294
-0.0725905
-0.00155408
0.244709
-0.00314993
0.00161831
0.0834011
-0.00211698
0.0128165
0.16728
0.000155949
0.00185762
0.00030806
8.99116e-05
-0.00671716
-0.0104374
-0.000145789
-0.0357011
0.136512
-0.0551795
-0.100081
0.00184407
-0.00487209
-0.000853822
-0.0526107
7.44774e-05
0.0271973
0.000107094
-0.023656
-0.00290435
-0.00743111
0.0122574
0.16265
-0.107649
-6.26389e-05
0.254637
-0.00285953
-0.00360173
-0.0873985
-0.111535
-0.0230181
-3.18821e-05
-0.00161071
0.0111249
-0.00460773
-0.00703816
0.000731869
0.120897
-0.0616609
-0.0164836
-0.00997619
0.0398306
-0.00296085
-0.000955215
0.0026824
3.11197e-05
-0.00461096
0.158668
0.00128205
-0.133423
-4.11153e-05
-0.0109621
-0.00518455
-0.119967
-0.017
-0.136217
-7.91626e-05
-7.46875e-05
-0.00517585
0.0162593
0.0029062
-0.152353
0.125222
-0.070805
0.000324232
-0.165976
6.77895e-05
-0.171745
-0.0375594
-0.176506
-0.171882
-0.159055
-0.111381
-0.018201
0.0183568
0.0518894
0.0858665
0.119716
0.216034
0.247285
0.27645
0.326892
-0.0120118
-0.0108895
0.0965505
-0.0241444
0.00144347
0.0275764
-0.0594404
0.000890059
-0.000927004
-1.70328e-06
-0.0209454
0.0268941
8.80946e-05
-0.000409932
-0.0156375
-0.00541812
-0.182793
-0.0174768
-0.0822305
3.4086e-05
0.000940812
-6.52048e-05
-0.0704492
-0.0129313
-0.0532686
-0.0138298
0.00271935
0.000403754
0.00727055
-4.01213e-05
-0.00886569
1.5743e-05
0.00060961
-0.00780484
-0.0171063
-0.000318145
0.000539546
0.069202
-0.0152281
0.0968414
-0.177764
-0.0106229
0.185142
-0.0276734
0.00574141
-0.0316681
-0.00482412
-0.0185999
-0.0183235
0.403452
-0.00186086
0.000137727
-0.00858989
-0.0130916
7.90513e-06
0.111105
-0.00594985
0.379988
-0.0562414
-0.0657333
-0.0393537
0.0718934
-0.00703502
-5.90632e-05
-8.72475e-06
-0.00618485
-0.0802216
0.000117936
0.411705
-0.00407621
-0.00729614
-6.53829e-05
-0.0005428
-0.00913892
0.152396
-0.0511911
0.159994
0.00101964
-0.0209665
-7.03318e-06
0.0401382
-0.0114407
0.029082
-0.0176752
-0.00803823
-0.00109265
0.00204077
0.0180342
-1.37782e-05
-0.0140703
0.00090265
-0.000559467
0.00075685
-0.0272789
0.000416927
0.188679
-0.0155575
0.00587088
-0.079573
0.0525587
-0.0812878
-0.0169711
0.0613082
-0.0268584
0.225133
-0.00260959
-0.00503552
-0.0735123
-0.00101888
-5.81681e-05
0.000711309
0.000162174
-0.00330568
0.00675884
0.000166879
-0.0200752
0.0326315
-0.00455652
0.00010881
-0.00487828
-0.0619354
0.194373
-0.0494064
-0.0702164
0.0123099
0.114691
-0.00181206
0.0746921
-0.0172342
0.00809684
0.0533204
-0.0871499
0.146378
-6.46127e-05
-0.0431144
0.00181056
-0.00222585
3.32652e-05
-0.00887355
0.146713
0.00142102
0.292077
-0.0304914
0.0174889
-0.0232041
0.000260466
-0.00250224
0.0916258
-0.123053
0.290155
0.0527451
0.0363436
0.216929
-0.061978
-0.00633496
-0.0899479
0.00103252
-0.0494185
0.200708
-0.0042403
0.360961
-0.00210874
0.124499
0.000180363
0.135382
0.175718
0.00141135
-0.0289949
-0.000526327
-5.69897e-06
0.00804272
0.00316937
-0.0570817
-0.0519681
-0.00833521
-0.0585712
0.207483
0.0753715
-0.0683172
-0.0234882
7.85458e-05
0.00645318
0.285222
0.00702029
0.210809
-0.0878563
0.00812367
0.000171425
0.000653599
-0.0310815
-0.00163929
-0.00384956
-0.0552159
-0.000890255
0.00523204
-0.0541416
-0.0591915
0.271287
-3.46897e-06
-0.0271329
0.000337044
-0.0372658
-0.000497971
-0.0843887
0.164183
-0.0559052
-0.0352927
-0.00232149
-0.0220161
-0.00098158
-0.00767152
0.113179
-0.0417072
-2.21008e-05
-0.0106492
-0.00618921
-0.000509505
-0.00380038
0.0181866
-0.0155806
-0.0494814
-4.59785e-05
0.195617
-0.0395861
0.0103685
-0.000520049
-0.011764
-0.000516759
-0.015001
0.0004815
-0.0349374
-9.71656e-05
-0.0544382
0.00423446
-8.21248e-05
-0.0162431
0.000495695
-0.0136587
0.00194675
0.213391
0.00190527
-0.0136894
-0.0130695
0.00590289
0.164395
-0.0213564
-0.0629447
-0.0229758
0.000567084
0.16019
0.0692284
0.00201148
0.000200625
0.0759412
-0.0657491
0.00397144
-0.039037
0.000834111
0.00061381
0.0346627
-0.0394064
-0.0192774
-0.0163006
0.377711
0.0398134
-0.0434031
0.0484091
-0.000614942
4.8678e-05
0.00236206
0.00441298
0.187238
-0.00540508
0.0300414
0.000186307
0.544904
0.506852
-0.00217314
0.247669
0.673448
-0.04373
3.5107e-05
0.156986
0.178523
-0.00545731
-0.0344881
0.000337782
1.91001e-05
0.185155
0.0394809
5.83957e-06
-0.0795426
0.000201921
0.0657945
0.0787999
-0.0484449
-0.0497548
-0.0308594
-0.00037676
0.00179694
-0.0187722
0.113859
-0.0634106
0.2319
-0.0142834
0.0663612
-0.00302174
-0.000324706
0.000986002
-0.00420941
0.17509
-0.00746242
0.17738
-0.000366606
-0.110606
-0.0612539
0.176207
-0.00955037
0.000702732
-0.0532619
0.000636585
0.0191163
0.151161
-0.0121195
0.195397
-0.0147806
-0.00511959
-0.12638
0.048306
-0.0906364
-0.0243869
-0.00133332
-0.0397493
0.00225116
-0.0137407
0.00250052
-0.0443958
-0.0178112
0.0630517
-0.00603778
-0.101754
-0.0583456
0.0440362
0.052857
0.152529
0.00644101
2.26173e-05
-0.00940893
0.241298
-0.000127478
-0.00879705
0.000524981
-0.000341384
-0.056353
-0.000820032
0.00508936
-0.00159975
-0.00244581
0.000550912
-0.0539396
-0.00284346
-0.0207418
-0.0101066
-0.00471778
0.405526
0.0744278
-0.0493838
-0.0179539
0.00243062
0.000213244
0.0200228
-0.00152753
0.0127795
0.424534
0.163621
0.143638
-0.000304576
-0.0236919
-0.00209819
0.0423145
0.125831
0.147661
0.191401
0.202344
-0.0210303
-0.00129644
-0.00324936
0.0541636
-0.00526358
0.211259
9.38941e-06
-0.00223916
-1.6079e-06
-0.00792545
-0.0501205
-0.00331518
-0.019758
-0.0414867
-0.079907
0.199648
0.178753
0.0385418
0.180701
0.103066
0.0965312
1.17491e-05
-0.0107856
-0.0142536
-0.137844
-0.00790418
-0.0590583
0.087896
-0.126047
-0.00185073
-0.0883126
0.137602
0.165611
0.0790235
0.106342
-0.0531867
-0.0245881
0.0380166
-0.00752295
0.42971
0.000150209
-0.0978098
0.0891784
0.0262295
-0.00107286
-0.0614978
0.536305
-0.0283941
0.0835034
-0.00108775
-0.110048
0.000491235
0.293376
-0.067231
-0.0324432
0.0735244
0.0300649
0.0831051
0.48258
0.324762
0.0040246
0.000810435
-0.00395605
0.000291299
-0.0429746
-0.00829544
0.0772219
2.02162e-05
-0.00287487
0.113541
0.433645
-0.0364536
2.16642e-06
0.541479
-0.0995736
-0.0690668
-0.00573319
0.135087
-0.111359
0.0731512
0.183651
9.43701e-06
0.16521
-0.0407723
0.000337048
0.0546427
0.0512511
0.0772104
0.42286
0.489544
0.00793945
0.0773984
0.000971179
-0.0517605
-0.0455085
-0.000158469
0.182051
-0.109312
-0.0965284
-0.0640621
-0.00110951
6.69473e-05
0.00778258
0.0252254
0.356325
-0.0503157
-0.00392685
0.000252672
-0.00521009
0.000147185
-0.0276032
-0.0551588
-0.012533
-0.0414315
-0.0882942
-0.0603907
1.37469e-06
-0.0586396
-0.0040472
-0.113701
0.0706964
-4.14082e-05
8.61674e-07
0.758873
0.442856
0.508299
0.314825
0.0272934
0.000196384
0.035124
-0.04318
0.000285289
0.376735
0.0150416
-0.000962262
0.112943
0.12097
0.0632951
-0.150646
-0.0769341
0.262895
-0.15822
0.0619353
0.0101683
-0.15838
-0.152823
0.00477405
0.0343441
0.0694005
0.101982
0.227432
0.261338
0.0961328
-0.0623118
0.624737
-0.00773709
0.0440069
-0.0760668
0.00900127
0.140965
-0.00887485
-0.0133664
-0.1032
-0.162612
0.0578536
0.000236421
-0.0678445
0.470091
0.0230455
0.408498
0.318517
0.590042
0.0702682
-0.159872
0.478006
0.0381158
0.200891
-0.00142101
-0.00702721
0.000586629
-0.0626015
0.125392
-0.0533319
-0.072562
-0.000541016
-0.0711541
0.0499843
0.000713651
0.126697
-0.0563354
0.00199203
-0.000237666
-0.168392
0.0072357
-0.0133457
-0.0339401
0.588399
2.37999e-05
-0.0327168
0.00356752
-0.0176804
0.00910576
0.0559445
0.00195187
-0.0941007
-9.74271e-05
-0.00650537
0.119315
-0.00818857
-0.0462956
-0.00942013
8.28868e-05
0.0458738
0.135858
-0.0641847
-0.0359433
0.0590241
-0.00456173
-0.00290305
0.189535
1.09804e-05
0.0632165
0.0436247
-0.0909569
-5.73847e-07
-0.00229645
-3.04916e-05
-0.0513767
0.19791
-2.19992e-05
-0.011798
0.000176587
0.00646429
-0.0323592
0.000346579
-0.056703
-0.079019
0.779826
-5.56593e-05
0.0971249
0.00231605
-0.00104126
0.00116228
0.167163
-0.022193
-0.0645615
-0.0678722
0.321624
-0.0375417
0.151828
1.14464e-05
0.313931
0.061045
2.08548e-05
-0.106471
0.117636
-0.00056797
-5.17867e-05
-0.0618657
-0.0543574
0.768781
9.38779e-05
-0.0514049
-0.063118
-3.3582e-05
0.0302905
0.000834255
-0.0351837
0.241746
-0.0496327
0.0436179
0.00949464
-0.000155084
0.369201
0.458872
0.00252585
-0.00808993
-0.0718874
0.336574
-0.0162882
-0.000249546
0.0978628
-0.121581
-0.0829224
-0.00170397
-0.00319646
0.0826975
0.0353168
-0.0373195
-0.0794136
-0.10005
-0.0460086
0.0676366
6.53558e-05
-0.0301731
0.747381
-0.0016821
-0.00267538
-0.00597175
0.579507
0.148504
2.66224e-06
6.03014e-06
0.211405
0.210465
-0.0401214
-0.0835668
-0.0734773
-5.6259e-05
0.034997
0.0204239
0.176356
-0.00547503
0.274253
-0.0281948
0.0494421
0.4581
0.000389064
-0.0155467
-0.13612
-0.108954
-0.0279519
5.69711e-05
0.389704
0.0897491
0.0644433
-0.03888
-0.0927868
0.000128731
0.225852
0.00100781
0.000221651
-0.0564074
0.104196
0.00227722
-0.014674
-0.0565021
0.164218
-0.00383386
-0.0575329
0.00123909
-0.045716
0.000613799
-0.0122593
0.000596996
0.0579901
-0.0399843
0.218381
-0.0126166
-0.000102956
0.000407477
0.664496
-7.30177e-05
-0.052175
-0.0670134
0.34574
0.06787
0.000220872
-0.0198211
-0.0254389
-0.0764009
0.0958773
-0.0678185
0.143686
-0.0194388
0.0871076
-0.0267527
-0.011105
0.350885
0.00357074
-0.0170522
0.210933
0.173304
0.535776
-0.0584988
-0.0429066
-0.00121579
-0.0438046
-0.0909654
0.132801
-0.00169055
0.0461033
0.000262861
0.0261255
-0.00391283
0.0263987
-0.0367738
-0.0206304
-0.00221892
-0.0314506
0.000224605
0.0764827
-0.0586114
-0.00191026
0.000115164
0.00733038
0.688233
-0.109594
-0.0240654
-0.00444534
-0.000262507
0.418511
0.0519345
2.76552e-05
0.0108052
-0.117431
-4.5861e-06
-0.00117889
-0.0542774
-0.0141968
-0.00739289
0.159849
0.365831
0.360101
-0.0556568
0.000676528
-0.0646205
0.000192965
0.243807
0.583504
0.00018821
-0.00112333
0.0343965
0.608875
1.37122e-05
0.340284
0.635032
-0.06324
-0.0152956
-0.00413524
0.343047
-0.00885019
-0.106133
0.560386
-0.00731147
0.368867
-0.0314713
-0.0138373
0.558675
0.168221
0.351803
0.318556
0.00359429
-1.75867e-05
0.232362
0.10152
-0.0209465
-0.117629
0.0143815
-0.100787
-0.0203247
0.343907
0.000408408
-0.00822834
-0.105277
-0.041981
-0.0381622
-0.0822095
-0.0717478
0.371594
0.0807005
0.0353802
0.536677
0.0013896
-4.73041e-05
0.0815548
0.0621897
0.088165
-0.000319957
0.0100868
4.33853e-06
-0.0546745
0.0282956
-4.02471e-05
-0.00163204
0.00111396
0.000144126
0.114421
-0.0116943
0.000584222
-0.0132314
-0.106121
-0.0129791
-0.00425243
0.366384
-0.0281389
-0.0213471
0.00203728
-0.0203943
0.000119901
-0.0517206
0.164357
0.00339369
0.193898
0.0124182
0.130614
0.215843
0.263935
-0.0339435
0.450299
-0.0194619
0.385923
-0.136477
-1.08134e-05
-0.0165741
-0.0263019
0.0391133
0.187926
-0.0786454
0.000457463
0.770864
0.0113042
0.171872
-0.0521613
0.11009
0.109009
0.00128624
-0.0429884
-0.101191
0.00345861
-0.00101402
-0.0147253
-0.0539705
-0.0068722
-0.0103261
-0.103059
0.222031
-0.0073509
-0.0475343
-1.39289e-05
0.642979
0.722324
0.00922038
0.000174892
-0.0401346
0.000955727
-0.045177
0.000189223
0.0719535
-0.0390776
0.000303514
-0.000887437
-0.066041
-0.00116318
-0.0268488
-0.0407829
0.408083
-0.0991509
0.39278
-0.000941046
-0.0150286
-0.0205045
0.104081
0.0799934
-0.0713066
0.00316023
-0.0202429
0.325127
-0.0517735
0.000531345
9.10184e-05
-0.00401117
1.13644e-05
-0.0112467
-0.00261037
0.0187659
-0.00902464
0.172609
9.37672e-05
0.002217
0.286281
0.312596
-0.0356149
-0.00283626
0.251654
0.000420274
0.00045744
0.0700479
-0.00157352
0.575201
-0.0518137
0.358786
-0.104474
-4.24948e-05
-0.0120334
0.488779
0.35102
0.0245605
0.00570607
-0.000288325
0.167155
0.0899538
0.0206852
-0.0017711
-0.020441
-0.0715789
6.40238e-06
-0.0335483
-0.0656952
-0.0495107
-0.00708066
0.59514
-0.00644393
-0.035585
-0.0526574
0.000876353
4.20623e-05
0.00232654
-0.00750753
0.42707
0.0181134
0.00012967
0.00122498
-0.0911828
0.51591
0.000326579
0.00101869
0.0581279
-0.0486317
0.480417
-0.0428787
0.393796
0.363165
0.000309303
0.339104
0.374456
-0.0396456
0.0662296
-0.000296217
0.387873
0.000868722
-0.000141935
-0.00565172
0.265096
-0.0113299
0.264484
0.00308577
0.60001
0.00365814
4.79906e-06
0.803624
0.0568675
0.650191
0.172462
-0.150304
0.0292258
-0.0834143
0.469828
0.000397523
-0.000160555
0.087983
-0.00110045
0.583538
-0.136852
-0.14548
0.00321999
0.106621
0.153062
-0.0979522
0.0207981
-0.0349194
-0.00691131
0.0412087
0.000659935
0.00459381
-0.0377587
-0.0378073
-0.0612153
0.0929442
0.00350946
0.135449
0.0926043
0.638148
-0.0747441
0.0479044
0.000673112
-0.10996
0.391954
-0.00794922
0.149498
0.297246
-0.0400848
0.023905
-0.097392
-8.34683e-05
-0.00593762
-0.00359534
0.0121844
-0.0071932
-0.0988401
0.000191836
0.192715
0.131729
0.252821
0.150496
0.308524
0.0177549
0.101789
0.0300187
0.0378321
-0.0269595
-0.134706
0.103388
0.386725
0.0600431
-0.0077694
-0.0651913
0.149453
-0.0107512
-0.127458
0.253418
-0.0246138
-0.0520673
0.177016
0.0522095
0.566768
-3.98241e-05
3.44927e-05
-0.0821514
0.409757
0.445033
0.33721
0.445416
0.0880001
-0.00872301
-0.0145734
0.112231
-0.0263673
-0.00220229
0.0401096
0.593866
0.00934152
0.400939
0.16957
0.0243641
0.000205982
-0.0504791
0.457754
-0.00352928
-0.0111629
0.201619
-0.0777964
0.000440118
-0.00813988
-0.0557915
0.713294
-0.0781902
0.217648
0.139741
-0.0114826
0.112258
0.359174
0.454343
0.184996
-0.0910453
0.16046
0.147359
0.762053
0.00112236
-0.00495655
0.440107
-0.0908933
0.340024
0.477685
0.00496881
-0.0481282
0.182624
0.000125646
0.516686
-0.0185919
0.424345
0.0167422
0.00198284
-0.00163766
-0.001691
0.749562
0.00014609
-0.125132
0.38288
-0.000608501
0.031536
-0.0337271
-0.0336422
0.198177
-0.0284647
0.00135003
0.185448
-0.0286428
0.00117715
0.00012601
0.141053
-0.0037785
0.284347
-0.0990587
-0.00547576
0.104793
-0.00203718
-0.0419272
0.0949308
-0.0965492
0.300642
-0.0307105
-0.00532361
0.231418
0.00032556
0.00276172
0.181545
-0.0185817
0.00961559
0.19221
0.522292
0.154828
0.0254506
0.319913
0.466486
-0.0182131
-1.09896e-05
0.302727
-0.105409
0.020404
-0.0012512
-0.0808869
-0.000411414
-0.00101981
0.0807869
-0.00628824
-0.0124912
-0.0362437
-6.23774e-07
0.282981
-0.000949738
0.0468792
-0.134021
0.000126219
-0.085783
-0.0339472
-0.0882661
0.000874016
0.0382052
0.433762
0.526291
0.693792
8.91399e-07
-0.0364071
0.000140754
7.46649e-05
2.58856e-05
0.00112536
-0.00177352
-0.00578297
0.329008
0.0316938
-0.00430457
0.091365
0.0360353
0.0120961
-0.0835481
-0.0658425
0.161784
0.352345
-6.40592e-06
0.0204479
-0.0712244
5.10852e-07
-0.05868
0.0815423
0.28681
2.90571e-06
0.535503
-0.0443805
0.145918
0.164585
0.00252263
0.219344
0.00382745
-0.101352
0.649065
0.000278228
-0.00806233
0.23555
-0.00040917
-0.0360782
8.66946e-05
-0.000969728
0.00380543
-0.0179309
-0.00405644
0.00039856
7.75792e-05
-0.0147533
-0.0906149
-0.0733447
0.199047
0.093292
-0.0122622
0.59608
0.0263613
0.562659
-0.0239079
0.621637
0.55461
0.572834
0.0185942
-0.0146017
0.0154093
-0.0048882
0.000377741
0.289155
-0.0462334
0.00153335
0.283134
0.655127
0.210117
0.136305
-0.0357775
-0.0255035
0.00385661
-0.00489851
-0.0555568
-0.0125025
0.548954
-0.000573555
0.732859
0.348249
-0.00103079
0.267473
-0.0482157
-0.106896
0.216695
0.0903846
-0.00597608
0.211675
-0.0223208
0.381851
0.15836
0.00255427
8.18353e-05
0.0324046
-0.079398
6.78786e-06
0.00460551
-0.154723
-0.000967166
-0.045106
5.1458e-06
1.45239e-06
-0.110468
-3.73328e-06
-0.00828768
0.00149673
-0.038091
0.140097
-0.0743171
0.0133132
0.0449937
-0.060915
-0.154828
0.171716
0.0266256
0.0236639
0.415585
0.367167
-9.19043e-05
0.286763
-0.0845214
0.601938
0.300659
0.00404223
0.381781
0.609111
1.20241e-05
0.277463
0.0327015
0.0530404
-0.0572159
-2.5827e-05
0.0599395
-0.0779413
-0.00620256
-0.000363605
0.000130264
0.0231842
0.00165528
-0.0812622
0.0997176
-8.03899e-06
-0.12374
0.0897124
-0.0109381
0.00223248
-0.00818174
-0.00123037
-4.28565e-05
0.582185
0.527644
0.0944491
-0.0728089
-0.00841961
-0.00272121
-0.000444944
0.000192521
-0.00438004
0.016502
-0.0658772
-0.0572037
-0.0844598
0.422789
-0.0603181
0.730762
0.00078459
-0.0492744
0.46399
0.000618623
-0.0799227
0.000155281
-0.00103342
5.90346e-06
0.000435459
0.212395
0.000276059
0.00223935
0.217531
0.0296161
-0.0123378
-0.0193986
-0.0131046
-5.00353e-05
0.674105
-0.076337
0.320174
0.187216
-0.0059931
0.396157
9.27777e-06
0.088752
3.89819e-05
0.00460869
0.0153505
0.587843
-0.00143782
0.354238
0.0874082
-0.000571731
0.000155396
-0.0396009
0.423662
9.49835e-06
0.0187574
-0.000638734
-0.0997295
-0.0558282
-0.139615
-0.0199942
-0.0348765
0.0398112
0.00452816
-0.138861
-0.138905
-0.00847346
0.000421617
-4.61633e-05
0.000556804
-0.00117194
7.42605e-05
0.12692
0.00253819
0.00201021
0.3995
-0.00148583
-0.0638881
0.275824
3.52652e-05
0.00322349
-0.117603
0.680304
-0.00282631
0.285157
-0.0652013
0.364571
-0.0305651
0.5186
-0.0784812
-0.0872338
-0.0195125
0.570315
-0.0244582
-7.43346e-06
0.000684291
0.212626
0.0857667
0.18313
0.696343
-0.0627686
-0.109833
0.444463
0.00163612
0.0813898
0.00840285
-0.00596932
0.00290295
0.00591684
-0.000306973
-0.0907328
0.205652
0.183392
-0.0158954
-5.14825e-05
-4.40682e-05
1.11988e-05
-0.00190269
0.000261188
-0.0820864
0.445542
-0.0620298
0.757045
-0.148957
-0.00273604
0.727824
-0.0296031
-0.0105172
0.000622129
-0.00155301
-0.0121216
0.72324
0.699504
-0.0396699
-0.0199181
0.000347859
0.399164
0.26065
0.00893048
0.149749
-0.0224234
-0.0252863
-0.00025237
0.559602
0.535906
0.176421
-0.0115161
0.00174609
-0.0233868
0.0408062
-0.00117332
0.396618
-0.00167001
0.00130202
-0.00537018
-0.0942353
0.100983
-0.0752051
-0.0129758
0.64076
0.214797
0.192224
-0.0940761
0.0425748
-0.0106296
-4.18455e-05
0.457885
-0.00262545
-0.00576666
-0.0768702
0.109498
0.000189543
0.318147
0.0371487
-0.0799176
0.0797084
0.218797
-0.050317
-0.0107333
0.0447118
0.714183
0.169848
0.518909
-0.00116706
0.156679
0.0225429
0.00230437
0.376584
0.00249687
0.024191
-0.0371272
0.175588
-0.0572083
-0.0426744
-0.0677197
-0.103822
0.000561546
-0.0351429
0.569151
0.0948647
-0.0441146
-0.0113421
-0.0220944
-0.123625
0.706261
-0.0135565
-0.0110989
-0.162542
-0.00774264
-0.0187188
0.0347752
0.0068922
0.7692
0.546552
0.0273045
0.506925
0.529261
-0.0115008
0.0218914
0.0417994
0.110681
-0.00109084
0.0728812
-0.00034062
-0.0365712
-0.0968773
-0.0541947
-0.00434323
-0.101668
0.38919
0.0898347
0.489449
0.509528
0.549983
0.000209985
-0.0112117
0.562877
-0.0235528
0.668203
0.433469
0.00409869
0.615274
2.07387e-06
-0.00225353
0.09165
0.0983471
0.4713
0.00432827
0.00975691
0.00392391
0.41498
-0.0294648
0.0211315
0.54798
-0.0557293
0.559551
-0.017369
-0.0643951
0.43647
0.549038
0.292554
0.296431
0.0322082
-0.0106737
-0.10495
0.000354166
0.562696
0.304659
0.38024
0.3074
0.629556
0.0223921
-0.136118
0.602471
-5.12804e-05
0.617644
0.168313
0.695749
0.665611
-4.65476e-05
-0.0576801
0.528591
0.00334898
-0.00409187
3.45589e-06
-0.0655039
0.017704
0.46706
-0.0151278
0.018889
0.175885
-0.0749492
-0.0010755
-0.0322111
0.538281
-0.0406804
0.53784
0.606013
0.457561
-0.0303676
0.0982649
-0.440423
0.316291
0.546161
0.79121
0.237268
-0.774675
-0.0654331
0.555273
-0.577288
-0.0639641
0.354487
-0.680949
0.784944
-1.10838
-0.10622
0.957358
-0.159741
0.449058
0.00719475
-1.4742
0.326051
0.796431
0.0694515
0.506536
-0.14606
0.8576
-1.07155
-0.751802
0.85265
1.11211
1.37154
0.319295
1.80454
-0.122977
0.846489
0.162916
-0.147438
-0.105514
-0.140551
-1.12262
0.113678
0.0109465
-0.750878
0.0709719
0.608255
-0.174213
0.436826
-0.128425
-0.0201092
-0.537519
-0.666656
0.284618
0.186738
-0.0715187
0.154115
0.244834
-1.03637
-0.133344
-1.07153
1.63864
-0.172199
0.480774
0.334749
0.438387
-0.848794
0.112442
1.83354
1.9226
-0.261477
0.774682
0.300504
0.734311
0.993038
-0.241735
0.200505
1.51226
1.25239
0.10209
0.333362
0.358719
0.142736
-0.697661
0.323312
0.374814
0.334201
-0.141607
0.0624126
0.951875
-0.56318
-0.207245
0.325365
-0.189709
0.59231
-0.106695
0.194184
-0.258731
-0.46124
2.15513
0.866139
1.79127
1.12556
1.38499
0.333688
-0.108627
0.887375
-0.504015
-0.380787
-0.122572
-0.109668
-1.30773
-0.0854903
0.279521
0.914487
0.510345
-0.188416
1.09051
-0.183382
-0.12635
0.962742
0.418944
2.18795
-0.115099
1.68393
-0.00480548
-0.610897
-1.51323
-0.0538952
-0.224609
-0.187335
0.459585
-0.138821
-0.107473
0.442022
-0.13574
-0.093695
-0.444644
0.0334217
0.0399989
-0.632652
0.858953
-0.59287
0.845818
1.79016
0.978408
0.716566
1.23775
1.49741
0.182819
-0.25945
0.148695
0.333014
0.504518
0.431393
-1.39094
0.369334
0.357195
-0.127336
-0.146878
-0.285085
-0.586466
0.131087
-0.133946
-0.260287
0.0543801
-0.144587
-0.303925
0.587207
0.414541
0.122127
-0.141394
0.242005
-1.56466
-0.200864
0.422545
0.348673
-0.8316
-0.111671
0.427259
-0.114908
0.190548
1.93946
-0.0883611
-1.27959
-0.397829
-0.726564
-0.119111
-0.0726147
0.306271
0.0672828
-0.146282
-0.166854
0.0342286
0.158227
-0.138854
-0.406472
-0.346545
-0.111659
0.206513
1.00061
0.175213
-0.242465
0.254282
-0.0457503
0.228611
0.258031
0.661707
-0.238275
0.0548318
1.0465
0.564037
0.577053
0.99899
0.00188747
-0.115977
0.117684
-0.110016
0.905632
-0.430412
-0.253399
0.812166
-0.230486
0.125725
0.180685
-0.797598
-0.699889
0.277019
0.297916
0.18805
-0.205618
-0.212139
0.365873
0.388749
0.158394
0.477963
0.236763
0.748081
-0.444734
0.232136
0.139703
0.120861
0.464529
-1.03088
-0.0826198
-0.336179
0.0159132
-1.07002
0.836157
-1.68378
0.710596
-0.173559
0.250641
-0.0913256
0.509643
-0.268342
0.0211906
-0.319159
-0.172051
2.26306
-0.996025
-0.199075
0.892523
1.15188
0.622771
1.74899
0.446657
0.536812
1.41176
0.376648
0.0890917
-0.0656571
0.00379853
-0.44077
-0.353239
0.822109
0.155781
2.10167
0.481007
0.176109
-0.334447
0.582854
-0.354834
2.03625
-0.121681
0.802742
0.147269
-0.0120925
0.204874
-0.195784
-0.013808
-0.63967
-0.241506
-0.119595
0.264807
0.368895
0.354249
0.303269
0.499695
0.375992
-1.24015
0.414691
0.995263
-0.12641
0.424038
-0.202176
-0.0862304
0.251317
-0.184495
-0.215965
0.016822
-0.754775
0.390666
-0.000658118
0.089932
-0.316976
0.414559
0.469155
0.329327
2.21209
-0.264224
0.515273
-0.130627
-0.0470206
0.0919106
0.325801
-0.558752
-1.06617
0.103109
0.255585
0.0576199
-0.0148146
-0.233123
-0.223253
0.0156266
-0.459671
0.266418
0.598475
-0.000248767
0.150461
-0.862943
-1.18424
-0.880624
-0.466566
-0.547968
-0.215997
-0.117232
-0.207869
0.536394
-0.164928
-0.246491
0.358525
-0.442997
0.314671
0.267493
0.985527
0.145768
0.237923
0.973595
0.875981
0.119744
0.474446
-0.4633
0.778471
1.03808
1.87732
1.29751
1.55985
0.246025
-0.196239
0.236869
0.0795073
-0.849345
0.730795
0.0589833
-0.0767263
0.303044
-0.624906
-0.215837
0.270305
0.51795
-0.350613
0.571074
0.450727
0.0133299
0.30756
0.120939
-0.179164
-0.860212
0.235002
0.116925
-1.03903
0.514146
1.9472
-0.111294
-0.916631
-0.825205
-0.434814
-0.0986642
0.420536
-0.712917
0.356132
0.709103
0.968523
1.22787
0.175682
1.48799
-0.266557
0.286844
0.144191
0.501327
0.78374
0.982605
-0.490811
0.0797907
-0.143689
-0.334869
0.237473
0.426881
0.975964
0.22414
0.22013
1.06231
-0.0588357
-0.20553
0.196691
-0.198008
-0.515314
0.261102
0.89012
1.59986
-0.589278
-0.472209
-0.25853
0.471122
0.183036
0.409916
-0.0870507
1.00998
0.273862
0.396335
-0.166431
0.522448
0.419039
0.267929
-0.180314
0.364992
-0.205684
0.144674
0.210249
0.742591
-0.335228
0.354894
0.166604
-0.769138
-1.0189
-1.03405
-0.194624
0.0352106
-0.15931
-0.713191
-1.57802
-0.890076
0.255871
-0.251741
1.62004
-1.2505
0.102902
0.224329
0.182113
-0.705013
0.170656
-0.131657
-0.137451
-0.166302
0.111562
0.0956743
0.25589
0.804367
1.4427
-0.103141
-0.108662
-0.161909
-0.212053
0.830669
-0.335208
0.437543
0.286251
-0.225684
-0.233419
-0.278892
-0.160291
-0.6584
0.668415
-0.064557
0.12674
0.444749
-0.785191
-0.637683
-0.210882
-0.208942
0.456405
-0.488421
0.152703
-0.202612
0.331175
-0.311107
2.09177
0.185501
-0.191044
0.217968
1.85135
-0.169825
1.32315
0.272436
1.06368
0.804307
0.4084
-0.109012
0.0613861
0.221501
0.131427
0.147636
0.837605
0.251939
0.129051
0.652129
0.215866
0.413172
-1.07159
-0.753779
0.0265923
-0.224588
0.342676
-1.04139
0.163541
-0.561863
0.34589
0.00319852
-0.197345
0.0242341
-0.238847
0.364836
-1.67734
-0.0485377
0.749787
-0.433292
-0.891824
-0.0131069
0.16874
1.41038
-1.65023
-0.0416918
0.777
-0.234747
1.00165
0.740586
1.26102
1.52338
0.20698
-0.235297
-0.18734
0.499272
2.21491
0.0495781
-1.22321
-0.164165
0.193445
-0.103212
-0.234052
-0.906538
0.383684
-0.884749
-0.251284
-0.165649
-1.1291
0.0655095
0.324265
-0.207467
2.01539
-0.524861
-0.135592
-0.162625
-0.412641
0.0905492
-0.0847205
-0.177622
-0.301621
0.352024
-0.159227
1.9151
-0.213162
-0.0542782
0.339442
0.524766
-0.100787
-0.184669
-1.0403
0.370442
0.218832
0.526087
0.332483
-0.174781
0.300367
0.458048
-0.106792
0.48968
-1.01155
-1.59194
0.666861
0.701682
-0.205801
0.357114
-0.131829
0.390564
0.176295
0.510007
0.0842507
-0.273422
0.214546
0.223791
-0.0505243
0.141626
-0.749042
-0.119144
1.17588
0.916513
1.43717
-0.319871
0.12246
0.656119
0.374773
0.0864244
0.334262
0.287592
-0.68598
-0.196936
-0.138117
0.544311
0.607807
0.151509
-1.32834
-1.75949
1.39369
-0.13795
0.732081
0.529617
-1.19892
0.492171
-0.326917
1.08908
0.33366
-0.19056
0.203678
0.49103
-0.29796
0.756429
0.54556
0.51085
-0.00643517
-1.04463
0.794149
-0.93817
0.249293
2.08549
-1.01942
-0.0279266
-0.558618
1.02346
0.462723
-1.62118
0.210477
-0.870632
0.0273954
-0.252972
0.772789
-0.10823
0.82342
0.123758
-1.02426
0.0996924
0.374575
0.332695
-0.179099
0.0909698
0.227052
-0.162566
-0.196022
-0.712321
-0.370099
-0.115325
-0.968738
-0.016479
1.58023
0.157866
0.646414
0.388455
-0.193502
0.0839313
0.370696
-0.928917
0.837207
-0.981356
0.9944
-0.125729
-0.254309
0.169875
-0.0223512
-0.0962763
0.258672
-0.912773
-1.31717
0.450437
0.83113
0.468249
-0.210414
1.09252
0.512079
-0.856506
1.30768
0.0936846
0.114265
0.305587
0.261748
0.0216151
0.283152
-0.159882
0.127377
0.123369
-1.51441
0.219396
0.485902
-0.493836
-1.44226
0.558608
0.135258
0.106493
-1.19484
-1.42378
-0.35696
0.582969
-0.129786
-0.351419
-0.267159
0.42404
0.335061
0.292213
0.319104
-0.23185
-0.286476
-0.497072
0.811251
-1.09509
0.33039
0.329324
-0.770578
0.25969
-1.0163
-0.169517
-0.193485
-0.415518
0.0660994
0.550259
0.317615
-0.0479222
-0.232391
0.112881
0.42107
-0.305934
0.403723
0.365566
0.777197
0.0120576
-0.532643
-0.200319
0.194626
0.508278
-0.734809
0.53755
-0.814949
-0.117211
0.508057
-0.143389
-0.214306
-1.10403
-0.174315
-0.218247
0.0292539
-0.226184
0.656458
0.53892
0.0915593
0.182749
0.760651
1.02062
1.8957
1.28001
1.54205
0.227226
-0.215035
-0.0338332
0.869836
0.400692
-0.177835
0.509261
0.936756
-0.546997
-0.0946544
0.101776
0.435578
-0.481865
0.408869
0.883023
0.777818
-0.0108059
0.0251368
-0.386604
0.129419
-0.295474
1.45771
0.146813
1.19844
0.939111
0.680493
-0.136736
0.226319
-0.0314664
0.209977
0.547778
0.490144
0.842229
-0.14387
0.393606
0.105002
-0.706042
-0.0533398
0.422583
0.0847712
0.186135
-0.781578
0.445122
0.0549154
0.00665355
-0.000335874
0.626848
1.98101
0.22111
0.228478
1.4065
0.417216
0.0320184
0.130821
1.21863
0.379741
0.0635949
-1.1161
0.342174
0.292935
0.419121
0.0951808
-0.274164
0.04765
0.341838
0.0599698
0.411057
0.988053
-0.626538
0.357638
-0.615339
-0.163178
-0.182946
0.194271
0.304431
0.212398
-0.244546
0.0119999
-0.827706
0.525724
-0.223625
0.341769
0.304664
0.804178
0.116046
-1.55035
0.000764997
0.331486
-0.402366
-1.36883
0.127775
0.100947
0.129664
0.341274
0.223882
0.202744
0.454628
0.295002
-1.50186
0.412661
0.270151
0.48598
0.249631
0.294373
0.237593
0.446545
0.372886
-0.584396
0.354688
0.35706
0.53025
-0.117148
-0.547956
0.737347
0.274068
-1.03265
-0.708528
-0.847862
0.451233
0.528406
0.304537
0.187666
-0.0346298
0.310497
-0.874295
0.167197
0.100115
0.400095
0.399945
0.438342
0.105293
2.11868
-0.836093
0.241951
0.790008
1.04909
1.30844
1.8667
-0.186192
0.256046
1.55806
0.804949
-0.862589
-0.249168
0.484618
-0.995396
0.478449
0.211759
-0.246471
0.0512895
0.0742512
0.00842843
0.493199
0.240991
0.141742
-0.257422
-0.907295
0.0951094
-0.295728
-1.0248
0.271595
0.357519
0.301669
-0.190228
0.850443
-0.293157
-0.158086
-0.847511
0.0479335
-0.0562565
0.625812
0.382794
0.727706
0.334349
1.24009
0.504877
-0.213779
0.458058
0.117261
0.377517
-0.0475052
-0.213695
-0.375102
-0.222649
0.636458
0.42767
0.258296
0.240002
-0.278627
-0.00878088
0.395421
-0.289445
-0.136465
-0.423567
-1.4708
0.459958
-0.165312
0.555357
0.140881
0.51308
0.287989
0.226167
0.596476
-0.310199
0.214802
0.304261
-0.524191
0.235082
-0.234464
0.369654
0.379644
0.721191
0.367758
0.421504
-0.157041
0.280093
0.724083
-0.014712
0.0230215
-0.260924
0.357446
1.50668
-0.405342
0.229771
0.208128
-0.784872
2.05067
1.28022
-1.0071
0.428315
-0.934835
0.77234
1.06522
-0.898646
0.50087
0.19589
-0.493202
-0.898704
-0.682618
-0.243424
0.364134
0.38159
-0.595077
0.466614
0.790654
0.13487
0.0994734
0.200602
0.696721
2.31189
0.51967
0.605503
-0.152721
0.0736576
-0.735491
-0.218638
0.446209
0.423889
0.652582
0.455898
-0.132598
-0.384392
-0.260366
1.83569
1.33913
-0.155533
0.286726
1.59369
1.07976
0.820176
0.101868
1.77636
1.73974
-0.119857
0.559095
0.588643
-0.297414
-0.257258
0.28185
0.493392
-0.196558
-0.183539
0.21904
0.268143
-0.981686
0.469243
0.119555
-1.75298
-0.349272
-1.04879
0.505188
0.711752
0.162074
0.278426
1.58049
-0.212804
0.327586
0.146597
0.787657
0.207405
-0.190359
-0.26143
0.70204
-0.0627185
-0.410725
0.538023
0.70913
0.043939
-0.626923
0.21296
-0.0307896
0.470601
0.771583
0.205224
-0.119347
-0.27457
-0.300256
0.328884
0.299396
-0.234405
0.35063
-0.395729
0.29091
0.424933
-0.206367
0.0976264
0.380696
0.364021
0.407761
-1.25234
-0.177371
-0.170266
-0.194523
0.151507
0.0821381
0.42225
-0.136091
0.756827
-1.37888
0.383205
0.321692
-0.0297481
0.382226
-0.250646
0.757668
0.829744
0.771488
-0.443735
-0.678024
0.365718
0.174916
-0.18406
-0.205382
0.802569
-0.519748
0.184868
-0.752063
-0.11881
-0.313025
-0.158978
-0.286372
-0.116104
0.354859
-0.183943
0.406363
-0.466039
-0.185949
0.298433
-0.493258
0.914667
0.341275
-0.778461
0.0888222
0.731851
-0.868493
0.291541
-0.14076
-0.217542
-0.772375
-0.907959
-0.304269
0.29509
-1.14189
-0.382377
-0.176862
0.988561
0.27954
-0.234619
0.337377
0.691098
0.23423
-0.347378
-0.190898
0.230284
0.43846
1.40242
-0.13592
0.218376
-0.00619495
0.12084
-0.227275
0.366582
0.104905
-0.197903
-0.494646
0.0899876
-0.321299
0.182598
0.116538
0.137277
2.20642
0.101365
0.462969
-0.493083
-0.0266754
-0.158624
0.392033
0.123782
0.0340906
-0.292948
-0.00838628
-0.272524
-1.54632
0.940648
-1.04626
-0.311004
0.433727
0.143701
-0.175034
-0.0177279
-0.136995
-0.152219
-0.0444716
-0.106462
0.0193499
0.360215
-0.136266
-0.171478
0.408268
-0.287495
0.277762
0.663067
-0.351511
0.438406
-0.144744
0.287837
-0.178029
0.410874
-0.160837
-0.816147
-0.192746
-0.763742
0.378418
-0.17277
-0.284596
-0.496922
-0.122568
-0.410453
-0.271452
-1.16661
0.31738
0.285738
0.945962
0.293876
-0.386346
-0.3249
-0.746268
0.419128
0.239415
0.521211
0.483471
-0.129961
-0.195667
0.273813
-0.369313
-0.326865
-0.549799
0.686321
-0.256277
0.45222
0.399485
0.00693325
-0.201328
-0.250103
0.719901
0.735249
0.668927
0.329547
-0.140513
-0.387425
-0.312936
0.221814
0.425479
-0.238414
-0.363198
-0.165949
-0.292448
1.01528
-0.168245
0.11801
-0.590121
-0.204726
-0.355931
-0.676016
0.179765
-0.143493
-0.22992
-0.221436
-0.228225
0.392883
-0.364073
-0.686223
1.98438
-1.29646
0.579734
-0.298602
-0.146688
0.0591286
1.03013
-0.274693
-0.211478
-0.204369
-0.957731
-0.767872
-0.873577
-0.466118
0.570437
0.480877
0.396397
1.73192
-0.045944
0.0376914
1.7072
-0.404885
-0.022718
0.420409
0.0673366
0.601043
0.512845
-0.375024
-0.0753063
-0.212993
0.24533
-0.0393563
-0.365864
0.332099
0.453351
-0.19699
-0.00977712
-0.332938
0.473946
0.311584
0.369313
0.290582
-0.163036
-0.259941
0.329353
-0.203125
0.263951
-0.272824
0.352101
0.0237772
-0.140809
-0.20918
0.337048
0.154209
-0.37785
-0.261858
0.311125
0.12505
-0.182997
0.135801
-0.138174
0.1704
0.280722
0.0546212
-0.502655
-0.170356
-0.0874293
0.191648
0.751924
0.109939
-0.239408
0.422322
0.0817282
0.22327
-0.165541
0.102296
-0.128921
0.0702233
0.245591
0.222794
-0.377588
-0.230585
-0.385928
0.150601
-0.242366
-0.0760158
-0.159253
0.607034
0.228232
-0.21325
-0.271209
-0.186525
-0.275311
-0.863559
-0.820448
-0.132997
-0.0790547
-0.175624
0.400133
-0.197986
0.0454791
0.22313
-0.218761
-0.198565
-0.17382
2.00149
0.0696863
0.166989
-0.22253
-0.883091
-0.0414558
-0.340205
-0.109884
0.734106
0.432305
-0.000836431
0.478804
0.723081
0.145881
-0.1211
0.103983
-0.194623
0.552509
0.546459
-0.0975679
-1.02141
-0.15999
0.0371365
0.390892
0.331162
-0.129042
-0.204707
0.361008
-0.164996
0.858179
0.347624
-0.348961
0.882787
0.397236
-0.126694
0.300529
0.134909
-0.191021
-0.208773
-0.177206
-0.442106
0.907756
-0.37902
-0.212317
0.556007
0.420084
-0.0510349
0.212
-0.282978
0.241519
-0.732793
-0.148223
-0.152417
0.271258
-0.155607
0.660791
0.0472906
0.0724301
0.562872
-0.420084
-0.196427
-0.145596
-0.261014
-0.105786
-0.162117
-0.0927809
-0.455798
-0.170124
-0.215546
-0.999119
-0.931817
-0.183039
-0.114968
0.351292
-0.405316
-0.16991
-0.56845
-0.32664
-0.160605
-0.147546
-0.493097
-0.166077
-0.000691706
-0.0960497
0.927453
0.950656
-0.166941
0.483487
-1.04053
-0.102171
-0.249823
-0.794954
0.293182
0.337433
0.293105
0.585122
0.424737
-0.779472
-0.132288
0.224408
-0.112628
-0.153609
-0.227201
-0.108997
-0.179475
-0.0701214
-0.117195
-0.104576
-0.405346
-0.159569
-0.53345
-0.686313
0.509332
-0.114828
-0.122506
-0.437362
-0.163321
0.427811
-0.109579
-0.589326
-0.101472
-0.270019
0.980667
0.492434
-0.161704
-0.0978776
-0.284696
-0.790409
-0.132597
-0.498712
0.266322
-0.30021
-0.192542
-0.279665
-0.33862
-0.108005
-0.539748
0.935934
-0.493159
0.128596
-0.17033
-0.361218
-0.0895052
-0.142529
-0.131369
2.08056
0.592818
-0.235086
-0.774312
-0.971052
-0.0979626
-0.464545
-0.250706
-0.125878
-0.116956
-0.119155
0.796691
0.615063
0.532581
0.337974
-0.821303
0.310473
0.481518
0.420288
0.499836
-1.352
0.500539
0.389468
-0.153867
0.374041
0.445454
-0.158118
-0.105694
-0.156993
-0.102202
0.41878
-0.0946627
0.745941
-0.353924
-0.0994089
-0.913437
-0.185658
-0.488274
0.538636
0.686159
0.385234
0.613997
-0.177923
-0.105496
-0.749873
0.463533
-0.150974
0.332939
-0.505345
-0.754476
0.28252
-0.217966
0.354873
0.404106
-0.113569
-0.260394
0.754434
-0.332267
-0.178994
0.599516
0.298756
0.289855
-0.252652
-0.31083
0.570054
0.329576
1.14746
-0.982742
1.1054
-0.462922
0.587092
-0.297799
-0.0981976
0.544576
0.167674
-0.432314
-0.627901
-0.147913
-0.0582426
0.246156
0.237998
-1.75635
0.567111
-0.131208
0.288854
-0.183123
-0.822923
-0.155984
-0.148052
0.201559
0.670732
-0.639945
0.559545
-0.295953
0.0437197
-0.175739
0.889363
-0.129161
-0.865851
-1.49023e-05
-0.223032
-0.45499
0.214287
0.219266
-0.257185
-0.476231
0.200732
-0.152874
-0.396654
-0.132768
0.480741
-0.159125
-0.0801464
0.745743
-0.222592
-0.785465
0.43371
-0.309178
0.543379
0.538872
0.390592
-0.170758
0.142822
-0.384967
-0.125976
-0.495772
0.103239
0.977489
-0.137566
0.102125
0.128508
-0.148492
-0.134857
0.169974
-0.214398
0.345814
0.122225
-0.361273
0.448763
-0.131721
-0.145604
0.568191
-0.136606
-0.818539
-0.12668
1.15869
-0.374479
-0.673041
0.533314
0.637105
-1.05985
-0.160584
-0.130237
-0.172444
-0.16044
-0.802327
0.0935108
-0.149923
0.0727801
-0.523604
-0.18931
-0.298033
0.503727
0.598811
0.0421803
0.789702
0.553669
-0.201867
-0.326814
0.472435
-0.713625
0.0321991
-0.142903
-0.618777
0.550405
0.24967
-0.126722
-0.0245565
-0.143199
0.804846
-0.325211
-0.0454856
0.0157395
0.445663
0.545535
-0.236625
-0.322043
-0.904411
-0.185545
1.76891
0.463499
-0.788043
-0.141194
-0.1609
-0.186671
0.21967
-0.132415
0.412195
-0.104486
-0.145614
-0.123684
0.433934
0.170039
-0.190191
-0.304949
-0.523425
-0.136161
-0.418764
-0.139975
-0.125466
0.576432
-0.15509
-0.175086
0.485558
-0.148457
-0.0524192
-0.118337
-0.128781
-0.46776
-0.126437
-0.163115
-0.122473
-0.655949
0.404204
-0.617775
0.265688
-0.167652
-0.143849
-0.774817
0.493491
-0.155705
-0.438625
-0.146602
-0.119048
-0.129115
-0.138414
-0.284109
-0.142006
-0.129704
-0.125441
0.635786
0.362679
-0.202569
0.181588
-0.18022
0.383892
-0.201978
0.846667
-0.133087
-0.822619
-0.179362
-0.137335
-0.157283
-1.73045
0.578614
0.486922
0.392626
0.602419
0.508185
0.405818
0.0457084
-0.0494163
-0.0364104
0.0686577
1.69341
1.72673
-0.396104
-0.373402
-0.218134
-0.84889
-0.568056
0.0763418
-0.164401
0.404264
-0.544461
-0.285089
-0.239554
-0.140408
0.320763
0.534519
-0.445481
0.363995
0.30643
-0.118486
-0.143702
0.342083
-0.2215
-0.134606
0.0323037
0.277693
0.457096
-0.34161
-0.14595
-0.210048
-0.402156
0.694672
-0.234969
0.374131
-0.204264
0.339626
0.344602
0.483855
-0.336259
1.18078
-0.138597
-0.874932
-0.914588
0.490119
0.324771
-0.151423
0.255018
0.315322
0.553627
-0.19654
1.04479
0.373286
-0.245465
-0.196952
0.157066
0.133854
0.183498
0.208097
-0.969889
-0.268452
0.654859
0.0254054
-0.84797
-0.348097
-0.190968
-0.212287
0.238528
-0.262517
-0.273932
-0.466919
0.793387
0.181547
-0.232891
-0.344279
-0.162292
0.358862
0.64747
-0.493995
0.286634
-0.116595
-0.120964
-0.117773
-0.754704
0.0152734
-0.240395
0.114769
-0.193735
-0.291051
0.324291
-0.129731
-0.203632
-0.0302153
-0.136239
-1.43243
0.0378034
0.255405
0.227002
-0.262173
0.092031
-0.225127
0.0720376
0.000665261
-0.560251
0.151554
0.08768
0.12045
1.03069
0.196732
-0.673192
-0.254961
-0.246454
-0.184368
-0.0612671
-0.124842
0.499647
-0.307806
0.462661
-0.19329
0.548341
0.0540187
-0.781546
0.430888
0.536095
0.565185
0.637347
-0.231144
-0.0576334
-0.147436
-0.24316
-0.336277
-0.0969772
-1.43473
-0.0218923
-0.213771
-0.306384
-0.111822
-0.724183
-0.69172
0.0197713
0.695521
-0.131332
-0.384334
0.606472
0.70066
-0.691314
-0.0970317
1.02578
-0.632575
-0.285204
0.692196
0.574436
-0.356716
0.53528
1.64262
-0.243598
-0.198296
0.942073
0.535259
-0.152143
-0.440182
-0.314602
-0.216094
-0.147697
-0.102451
-0.13691
0.209393
0.895967
0.439633
0.676357
-0.179819
-0.159279
-0.282186
0.911431
-0.230481
0.426109
0.290501
-0.810746
-0.40755
-0.271348
0.785852
-0.535258
-0.521862
-0.673826
0.431773
0.44513
-0.375017
-0.345471
-0.397355
0.737375
-0.310951
0.872328
-3.32524
-0.411348
0.412063
-0.255016
0.397762
-0.8504
0.392585
-0.704021
-0.151884
0.426221
0.722239
0.0952366
0.207421
0.392779
-0.425784
-0.274313
0.598242
-0.197832
0.376317
0.496537
0.576002
0.173954
0.617983
0.417088
0.429652
0.440895
0.359284
0.309336
0.343806
0.403259
0.405663
0.477414
0.69059
0.365185
0.0170142
-0.382131
0.587801
-0.364957
-0.132959
0.711978
-0.239475
0.40362
0.342513
0.41947
-0.322491
0.489242
0.275588
-0.424474
-0.841599
-0.0542637
0.326559
-0.402062
0.702359
-0.885027
-0.285408
0.446833
0.295441
0.306963
-0.123631
-0.511276
0.240721
-0.147425
1.91071
0.258335
0.294877
-0.068241
0.864656
0.214411
0.262713
-0.462563
0.189923
-0.212668
0.225902
0.323331
0.243273
0.411131
0.218642
0.415596
0.968795
0.160975
-0.499097
0.503385
-0.515573
0.195318
0.522698
0.259877
-0.234194
-0.961487
-0.139511
0.554276
0.535817
-0.597188
-0.174523
0.295484
0.50054
0.117749
0.119861
0.387896
-0.505315
-0.356176
0.107663
0.153707
0.315374
-0.690195
-0.166275
0.513689
-0.592247
-2.4762
-0.685639
-0.257236
0.461143
0.113173
-0.559869
0.0803157
-0.34396
-0.365326
-0.478443
-0.204141
-0.582847
0.523269
0.4929
0.0762098
-0.175309
-0.44624
0.235505
0.729163
-0.792552
0.66003
0.739316
0.676969
0.0280436
-1.48145
0.518855
0.0471651
-0.298071
0.276835
0.488387
-0.00255837
0.554967
-0.0450468
-0.528598
-0.625908
-0.0320348
-0.315343
0.671726
-0.0393405
-0.124581
0.522084
0.648524
0.95173
-0.0524774
-0.716193
0.525096
0.690517
0.973029
0.163904
-0.0695502
-0.118567
0.684738
-0.123305
-1.37741
0.828405
0.517051
-0.342437
-0.136637
0.5756
0.696063
0.616932
2.16112
0.577112
-0.577216
-0.128774
0.452787
-0.111743
-0.664864
0.586649
0.310496
0.614807
-0.25775
-0.534261
-0.956665
-1.28468
-0.174486
0.654613
0.598509
0.0813285
2.20158
-0.353193
0.48109
-2.08217
-0.118953
-0.310904
-0.616447
-0.733396
-1.81196
0.0430741
0.595969
0.675831
-0.551459
-1.62919
-0.977652
0.481226
-0.732001
-0.150772
-0.11853
-0.645182
-0.180479
-0.646826
-1.05334
-0.326277
0.508929
-1.21303
-0.541663
-0.180245
-0.578661
0.91385
0.6728
-0.38395
-1.14787
0.457463
-0.167472
0.714168
-0.127185
-0.566338
-0.840199
0.514672
-0.645334
-0.188192
0.455511
0.0596846
0.664572
0.00972409
0.175877
-0.075213
-0.299971
-0.93342
-0.547711
-0.833381
0.544225
0.770049
0.18546
-0.462875
0.624353
0.71309
-0.31451
-1.15883
-0.495179
0.832775
-0.127534
0.767042
0.316131
-0.25066
0.394022
0.513075
0.485916
0.679716
0.42336
0.565978
0.515978
0.145774
0.400956
-0.359801
0.35875
-0.587334
-0.123017
0.71804
0.340709
0.275768
0.884147
-0.370708
-0.427842
-0.105416
0.541105
-0.545289
-0.221077
-1.34581
0.579588
0.636323
0.43979
0.291735
-0.835489
-0.331455
0.506568
-0.765172
-0.084488
0.500186
-0.25967
-0.0842827
0.303389
0.24385
-1.11555
0.513002
0.51498
0.545854
0.130643
0.577319
0.619693
0.339131
0.289708
1.1162e-05
-0.637441
0.642424
-0.0635992
0.8696
-1.36815
0.606367
-0.689428
-0.845201
-0.500971
0.10032
1.04298
0.252876
0.190254
0.343895
-0.562279
-0.0850215
1.76826
1.66373
-0.432392
0.0100267
0.106291
-0.33602
0.357273
1.15469
0.453058
1.41397
0.542086
0.640128
0.895369
0.559368
0.215548
0.341219
0.383912
0.937616
-1.12578
-1.08303
0.612978
0.565632
0.209977
-0.118042
0.834561
0.623783
-0.400315
0.700085
0.358932
0.894409
0.920412
0.162549
-0.549753
0.231878
-0.0942102
0.453385
0.399808
0.255992
0.642337
1.11572
0.302831
-0.424454
-0.634232
0.316728
0.261087
0.146836
1.02104
-0.630082
0.428688
0.385442
0.370858
0.121013
-0.708881
-0.137376
-0.730759
0.312949
-0.586954
-0.941038
-0.310226
0.110449
0.864177
0.639912
0.375024
0.323412
0.306241
-0.120732
0.443738
-0.265671
0.0482216
-0.762322
0.252845
0.178969
0.375513
-1.07863
0.42515
0.266892
0.441711
1.80343
-0.123017
1.63313
0.319232
1.374
1.11473
0.855427
0.52269
0.133977
-1.34949
-0.462023
0.488617
0.135539
-1.33962
0.600599
0.283462
0.0380293
0.407248
0.494301
0.415247
0.29641
0.612433
0.504436
0.437621
0.397365
0.628952
-0.105109
-0.961236
0.428704
0.928791
-1.04982
0.530836
0.343608
0.399635
0.482854
0.341391
0.37955
0.615063
-0.115238
0.123889
-0.937662
-0.149147
0.400584
-1.18882
0.403648
-0.247801
0.0119001
0.506068
0.419416
-0.653613
0.565217
0.349967
2.02555
-0.516168
-0.162007
0.645519
-0.618923
-0.326907
-0.0625849
0.53189
-0.587942
0.129974
1.60413
-0.114663
-0.152058
0.0598945
0.702787
-0.154096
0.0670539
-0.389169
0.502139
0.971552
0.494473
-0.031248
0.34633
-1.06024
-0.575108
-0.389622
0.305645
0.424901
-0.144451
0.298263
-2.77776
-0.134561
0.397677
-0.605493
-0.0134003
-0.44312
0.798345
0.312174
-0.276814
0.232971
0.0771485
-0.855409
-0.197671
0.299166
-0.406197
-0.768289
-0.124817
0.243736
0.247065
-0.106704
-0.268413
0.280159
0.26624
-0.395877
0.504885
0.916712
0.229236
-0.378845
0.281616
-1.05333
0.181542
-0.118766
0.138374
-0.158009
-0.134098
-0.257499
-0.284672
-0.438265
0.658403
-0.285566
0.429239
0.35704
-0.951926
-0.414646
0.572606
0.631434
-1.23352
-1.04254
-0.125647
0.484807
0.14737
-0.156945
1.22609
-0.517451
0.119568
1.01758
0.42654
0.486188
-0.168442
-0.939488
0.336806
0.437415
0.150137
0.649285
-0.525903
-0.638868
-0.116161
0.281971
-1.31359
0.0870161
-0.0314534
-1.03734
0.0874919
-0.285029
-0.277993
0.54578
0.114291
-0.195092
-0.338805
0.665781
0.423907
-0.094997
-1.12709
-0.469133
0.465603
0.486958
0.177541
0.787177
0.466155
0.373906
-0.182722
0.327989
0.703326
1.63563
0.0113828
-0.638056
0.0225693
1.00513
-1.06347
0.762564
0.371176
-0.0692951
-1.20636
-0.784586
0.0240457
-0.36587
0.689933
-0.169923
1.11335
0.413747
0.293203
0.0400377
-0.965702
-1.43262
0.654889
-1.09952
-0.366931
-0.94813
-0.231407
-2.2749
-0.219549
0.247497
0.416436
0.676491
0.492736
-1.02728
0.39161
0.952155
0.355332
-0.831398
-0.187641
-0.184544
0.526039
0.379061
-0.903342
-0.716043
-0.292813
-1.395
-1.54908
0.626205
-0.124406
0.321074
-0.39148
-0.396159
-0.153325
-0.158635
0.557535
-1.33471
0.576373
0.21669
0.27462
-0.248418
-0.456545
0.438818
-0.147076
0.597499
0.51586
-0.991877
0.127804
1.05795
0.611028
0.847288
0.667749
0.351406
0.640599
0.55731
-0.380744
0.57762
-0.652329
0.411257
0.640382
0.160658
0.312186
-1.95928
0.224238
-0.0698639
0.15334
0.607985
-0.111674
1.11179
-0.245325
-1.72397
-0.0563562
-1.25059
-0.970804
-0.605254
0.801145
0.233934
0.66155
-0.343042
-0.0746141
-0.713331
-0.359937
-0.859194
0.0794747
0.104115
0.0516124
0.454423
-1.2262
0.0675089
0.410419
0.166753
0.551934
-0.70931
-0.899412
0.0193574
1.16378
0.275919
-0.295224
0.45409
0.38439
-0.29441
0.278564
0.367771
-0.895873
-0.155624
-0.323845
0.584432
0.649086
0.116761
-0.338422
0.4206
0.638077
-0.277291
1.52907
-1.18608
-0.96604
1.18791
0.308006
-0.265012
-1.19239
0.0916011
0.387792
0.334092
0.353017
0.15015
0.837374
0.159966
-0.0712814
0.286186
-1.19533
0.845254
-0.352165
0.185136
-0.606615
0.263129
0.340346
0.366618
-0.294997
0.296636
0.469124
0.590435
1.21899
0.492666
-0.127355
0.301346
0.224911
0.392465
0.279828
0.426496
-0.096426
0.247523
-0.977168
0.110878
-1.08161
-0.852235
0.484754
0.235181
0.176946
-0.00965996
-0.283813
-1.13609
0.208403
-0.200239
-0.120839
0.383173
0.326032
0.377345
-0.936742
0.245091
-1.04234
0.245548
0.345145
1.21668
-0.450137
0.562671
0.57786
-2.07808
-0.0074071
0.410675
0.883058
-0.114364
0.589594
0.50169
-0.365783
0.446774
-0.384466
1.40194
0.881411
1.15753
-0.458486
-0.0153315
-0.881309
0.662291
0.111254
0.112077
0.266113
0.580126
0.729107
-1.16801
0.0589013
0.829686
0.459608
1.31203
-1.00105
0.130346
0.308757
0.344956
-0.517176
0.13748
-0.32951
0.167528
-0.133649
1.11693
1.20503
-0.944527
-1.18428
0.479666
-1.12422
-0.53744
0.153597
-0.205708
0.331091
-0.910453
0.245002
-0.893078
0.894402
0.684338
-0.9478
0.727749
-1.28976
-1.23224
0.15257
0.768857
0.465363
0.338907
-0.545854
0.846191
0.277176
0.0671233
0.162285
0.303284
-0.52663
0.19979
0.739351
-1.09591
0.738344
0.516801
0.00881384
0.229391
-0.42311
1.17887
3.17784
0.262429
0.135704
-0.0206505
0.152558
-0.17273
0.854329
-0.324961
0.10757
-0.0952423
0.0357217
-0.83943
-1.41914
2.30055
0.455884
2.42003
0.080727
-0.148041
-2.20056
-0.491207
2.25323
-0.154291
-0.320152
-0.481079
0.00166047
-0.120451
0.465907
-0.14477
-0.013355
-0.279679
-0.411951
0.386253
0.0307074
1.77375
0.609902
-0.498768
0.745428
0.117655
-0.0560267
0.473638
0.519865
0.350193
0.564928
0.0759818
0.785721
0.252239
-0.538852
-0.366345
1.69895
2.00434
0.211711
1.82583
0.651486
0.696409
0.428957
-0.230543
1.9593
2.18434
2.0834
1.87081
-0.190016
-0.0920318
0.914893
0.877946
0.162571
0.955924
-0.324603
-0.718955
-0.593401
0.297466
1.3045
1.21525
-0.454469
1.39675
1.47484
1.4334
1.91132
1.04511
1.26432
1.13724
1.08951
2.1279
1.56418
1.17421
1.00495
0.830259
2.04542
1.52402
1.34892
1.74035
-0.630026
0.628718
-0.919139
0.399597
-0.295231
1.08105
1.06733
0.470773
-0.380785
-0.961209
-0.15184
1.20313
0.244364
0.605096
-0.343897
1.2416
-0.426227
0.205459
-0.191535
0.185539
0.61301
-0.42922
0.608619
-0.4402
-0.89066
-0.0234223
0.306687
-0.0630613
0.271116
0.857185
0.229678
-0.140867
-0.0480418
-0.431488
0.552945
0.172162
0.535426
-0.459267
0.111653
0.395577
0.364602
0.304689
0.0747547
0.413667
0.14396
-0.937589
-0.700278
0.215165
0.422149
0.763187
0.859022
-0.865165
0.478647
0.22093
-0.120597
0.255012
1.3221
0.136555
-0.106653
0.702879
1.37682
-0.346604
0.392944
-1.06482
0.421229
-0.442015
1.13138
0.0139012
-0.739165
-0.0946173
1.47203
-0.176745
0.972775
0.309098
-1.04573
0.201376
-0.507022
-0.126386
-0.0841547
0.108143
0.794677
2.20786
0.616287
2.0544
1.1772
0.60808
-0.202931
-1.0106
1.43346
-0.0576421
-0.219794
-1.08931
1.02099
0.268961
0.875785
0.53413
-0.292286
2.082
0.124497
0.289916
0.559211
-0.335661
-0.201554
0.081033
0.649022
-0.127237
-0.311811
-0.183794
-1.54312
0.61819
-0.156779
0.30501
-1.04631
-0.154411
-0.121173
0.0566544
-0.326096
0.676638
0.930014
0.142908
-0.299331
1.44967
1.18934
-0.947687
-0.0733792
-0.397757
0.553782
-0.190631
-0.721319
-1.15598
-0.14815
0.275979
-0.172859
-0.217898
-1.03925
0.310858
0.224314
0.609143
0.111315
-0.132383
0.417606
-0.981959
-0.325082
0.101001
0.292358
-1.28447
0.300156
-0.00905968
0.433547
-0.14681
0.186212
0.292987
-0.52986
1.19068
0.404936
0.446713
2.1961
-0.428765
0.0292332
-0.428927
-0.257479
-0.290677
0.67242
0.341197
-0.0943353
-0.935122
-0.177144
0.403541
-0.172642
-0.51761
-0.69681
0.08897
0.297671
-0.00741597
0.438938
0.47021
0.104822
0.0377319
-0.668187
-1.77527
0.301906
-0.711354
-0.694529
0.0889259
0.709903
0.590396
-0.00721868
0.164594
1.64359
0.540885
-0.117257
-1.30285
1.02716
0.3346
2.38946
-0.124689
-0.00495438
0.118821
-1.00421
0.11152
-0.790705
0.616506
1.03554
0.43119
-0.111859
0.79222
-0.117417
0.259633
-0.866701
-0.172808
0.44782
-0.784501
-0.118993
0.369261
-1.18439
-0.0475837
-1.20065
1.07037
0.515339
-0.0259779
-0.117185
0.19093
-0.187404
0.300999
0.0502383
0.000658519
-1.98337
0.302946
-1.85881
-0.231676
-0.18972
0.480631
0.0440349
-0.154592
-0.890688
-0.150492
-0.114798
-0.149182
-0.400555
1.11598
0.567793
-0.104753
-0.235524
-0.588764
1.14041
-0.0516064
-0.906151
0.289257
-0.964436
-0.114764
-0.0287574
-0.576312
-0.823898
0.289127
0.615907
0.237672
0.0499075
0.0347007
0.0442156
0.12612
-0.0984641
-0.15006
-0.251056
0.439228
0.179225
-1.24236
-0.087311
-0.463879
0.692927
0.0400975
0.531171
-0.654239
-0.562719
-1.20907
0.102913
-0.652738
0.432871
0.139292
1.65309
1.27683
0.243533
-0.801136
0.535621
0.336804
0.100139
-0.235513
-0.111722
-0.0871654
-0.185982
-1.20919
0.495207
-0.893348
0.30135
0.399628
0.633466
-0.126443
-0.380699
0.517343
0.507215
0.381752
-0.114232
-0.406051
0.198824
0.127732
-0.689375
-0.171773
-0.421978
0.32912
0.233088
0.0841858
-0.539298
-1.17709
0.0962198
0.668066
-1.98751
1.11589
-0.109795
0.26657
0.299866
0.523115
-0.0803003
-1.00121
1.42935
-0.164186
-0.87745
0.635862
-0.648389
0.241581
0.0838237
-0.199268
-0.175958
0.301494
-0.983084
-0.292149
0.373065
2.78061
0.380591
0.371384
0.0241265
0.275233
0.628994
-0.783311
0.614106
-0.885138
-0.899802
0.414094
0.0681941
-0.517846
0.20668
0.447599
0.548529
0.113584
0.553134
1.49295
-0.722338
-0.314031
0.225267
-0.300542
-0.148403
-0.731642
1.13438
2.62632
0.0181261
-0.155313
0.693848
-0.106341
-0.498844
-0.964594
-0.101164
-0.276409
2.32076
-0.121766
1.30209
-0.251099
-0.502182
-0.213214
2.21263
-0.0393403
0.402942
0.0583003
-0.159218
0.00533856
-0.131997
-0.384061
0.625693
0.538476
-0.286048
-0.268785
0.707237
0.592353
0.501138
-0.476624
0.374083
0.762941
-0.0681459
1.96952
1.84013
0.447802
0.0918705
0.816107
1.81343
0.15622
0.17346
-0.575964
-0.213057
-0.438319
0.31025
0.690039
0.283018
0.229193
-0.519045
2.14868
1.74998
2.07668
1.89379
0.894264
1.94871
0.948637
-0.350385
2.02317
0.967049
1.3348
2.10083
1.07539
1.46711
1.22639
1.20795
1.41308
1.72477
1.28163
0.843102
1.10238
1.15357
1.48622
1.54203
1.02226
1.36177
-0.599324
0.409642
0.460604
0.664422
-0.477588
0.725681
0.309076
0.0684798
0.0146443
0.839758
0.648269
2.34443
-0.57584
-0.198326
-0.211446
-0.170094
-0.609657
-1.07715
0.293082
0.799161
0.0435606
1.28736
0.62746
0.266028
-0.195019
-0.100858
1.93659
0.391504
0.630104
0.349227
-0.368337
0.358279
0.0517741
0.455755
-0.684824
-0.663648
-0.323322
0.12383
0.18349
0.722559
-0.150748
1.22263
-1.12238
0.142306
0.365251
0.430861
-0.0748638
1.39204
-1.56722
0.41459
0.642155
1.66933
0.171278
-0.920759
0.725333
0.341428
-0.486931
0.561088
0.562899
-1.30087
0.527359
-0.0513055
0.245757
-0.148206
-0.391991
-1.10607
-0.902158
0.356979
-0.216432
0.406808
-1.14414
-0.165082
-0.156234
-0.0780171
0.106713
-0.384618
1.72851
-0.036935
0.0579245
0.40557
0.502337
0.591811
0.416539
-0.541475
0.0360731
0.474036
0.408603
-0.639195
0.120852
-0.209013
-0.775217
0.546113
0.602713
0.105068
0.124624
0.233277
0.407493
0.381824
-1.88393
0.350816
-0.575242
0.389216
0.287325
1.60033
-0.200957
-0.172361
-1.15678
-1.02032
0.321684
0.409288
0.0309721
-0.642064
-0.140012
-0.216469
-0.17743
0.623105
-0.257004
-1.20841
-0.00533508
0.204318
0.481383
-1.0594
1.12451
-0.406007
0.135538
-0.833625
0.246468
0.871879
0.0732942
-0.69672
0.285911
-0.158159
1.50795
0.0683938
0.351356
-0.298664
0.07729
-1.08172
0.384116
0.845188
-0.224945
-0.934599
-1.13407
-1.84891
-0.889235
0.314435
-0.135671
0.196361
-0.472907
0.390947
2.17796
-1.1275
0.452441
1.80701
0.162729
0.218644
0.343638
-1.14862
0.256382
2.26606
0.464337
0.214894
0.824085
0.232368
2.24106
0.0517096
-0.692138
0.0913055
1.43692
0.328531
0.809723
0.234821
0.334992
0.45514
-0.67063
0.245996
-0.654603
)
;

boundaryField
{
    frontAndBack
    {
        type            empty;
    }
    bottom
    {
        type            zeroGradient;
    }
    inlet
    {
        type            zeroGradient;
    }
    top
    {
        type            zeroGradient;
    }
    outlet
    {
        type            fixedValue;
        value           uniform 0;
    }
    car
    {
        type            zeroGradient;
    }
}


// ************************************************************************* //
