/*--------------------------------*- C++ -*----------------------------------*\
  =========                 |
  \\      /  F ield         | OpenFOAM: The Open Source CFD Toolbox
   \\    /   O peration     | Website:  https://openfoam.org
    \\  /    A nd           | Version:  7
     \\/     M anipulation  |
\*---------------------------------------------------------------------------*/
FoamFile
{
    version     2.0;
    format      ascii;
    class       surfaceScalarField;
    location    "37";
    object      phi;
}
// * * * * * * * * * * * * * * * * * * * * * * * * * * * * * * * * * * * * * //

dimensions      [0 3 -1 0 0 0 0];

internalField   nonuniform List<scalar> 
11380
(
158.653
-588.174
429.521
-799.581
26.3885
773.193
478.422
-373.132
-105.29
723.084
231.888
-954.972
1509.76
-1069.35
-440.409
1216.24
-1527.08
310.841
44.7123
453.132
-497.844
169.456
-839.313
669.857
961.809
-1610.65
648.836
-1791.1
1698.82
92.2766
-542.947
1759.18
-1143.89
1937.51
-793.613
603.037
181.476
-784.513
-28.1594
-1332.5
1360.66
226.567
-2017.66
1019.95
-388.712
-631.24
-233.105
391.758
480.134
190.545
-670.68
1152.71
-1317.51
164.805
-335.204
373.772
-38.5682
1018.85
-1346.87
328.024
1221.86
801.015
-2022.88
79.687
-1663.95
1584.26
-548.149
-1130.59
1678.74
469.549
181.812
-651.361
-199.785
-388.389
497.032
1012.72
1672.32
-1836.18
163.865
-119.486
-1682.04
1801.53
-1561.84
662.627
899.216
-314.967
651.039
-336.072
-181.219
-71.2585
252.478
1303.87
-1224.18
355.481
-1407.02
1051.54
-1754.18
1754.18
103.008
1558.57
-1661.58
-1090.04
-471.806
689.167
-644.454
-391.204
942.252
-551.047
1331.57
-1317
-14.5706
-1099.86
708.66
617.757
402.195
-421.045
-2.64187
423.687
-506.216
819.4
-313.185
-1618.24
1618.24
1253.49
-1437.8
184.308
-489.92
1711.78
1250.47
-308.217
1660.67
-1161.16
-499.512
47.1374
-382.341
2070.04
-1138.9
-931.138
1842.37
-170.048
446.878
155.911
-602.789
-487.056
985.128
-498.072
-1192.17
1295.18
-564.775
967.856
-403.081
392.452
760.254
659.447
-489.991
-437.431
584.195
-146.764
1190.42
-834.94
2308.27
-1080.73
-1227.54
1165.78
-2014.84
849.061
-1627.32
1599.17
440.29
-1584.18
-758.397
1249.88
-491.485
-668.57
353.604
1661.37
-699.565
-1106.93
-870.909
1977.84
748.674
-375.953
-372.721
691.326
559.143
-258.224
1511.71
88.9026
-303.273
214.371
-284.409
753.958
-331.207
554.917
-223.71
-324.083
804.217
-319.713
-134.126
453.839
308.146
170.276
1491.62
-472.766
-1031.69
493.465
538.227
254.606
101.58
-356.186
944.295
-341.258
-1714.3
570.965
1143.34
17.6824
-883.328
865.646
-271.246
584.054
-312.808
159.847
-1093.88
934.035
1049.72
-1065.42
15.6941
373.157
515.018
-888.176
-244.914
691.792
-1102.11
-483.179
1585.29
-675.532
948.029
-272.497
1345.56
-1465.05
-664.669
257.128
407.541
-470.222
-1011.4
1481.62
-532.982
-800.836
1333.82
574.063
-993.764
419.701
-258.996
-311.87
570.866
394.129
-305.226
-1051.98
564.919
955.698
-795.851
-110.471
943.312
-832.841
-196.001
402.239
-206.238
-673.581
-358.111
-386.71
960.773
1856.34
-1856.34
-525.935
-138.735
-947.316
1606.97
-659.653
393.826
-822.281
428.455
-920.379
355.604
-941.897
-1058.08
-1508.72
334.467
1174.25
-253.313
976.397
-350.84
632.73
-281.889
-1941.89
999.991
-1165.72
-343
602.145
-1549.46
1728.48
-1726.38
-2.09799
172.01
-606.178
434.167
-1502.14
988.947
513.195
267.528
227.892
-495.42
300.891
-632.098
227.849
-399.624
171.775
2025.02
-852.47
-1172.55
-548.492
127.447
610.819
847.721
-1458.54
-181.366
409.215
432.236
875.161
-1307.4
-898.409
383.344
515.065
-1056.1
1448.55
-1067.88
309.48
741.513
-90.4739
579.333
-340.809
-238.524
1054.53
-561.068
593.585
-1403.37
809.783
-1341.81
239.704
-535.124
263.878
-1236.56
983.242
1934.67
-1007.16
-927.507
276.793
1579.55
-2105.49
902.667
1202.83
346.688
-34.6907
-311.997
-221.785
474.399
-252.614
-83.1298
-397.633
480.763
-453.25
133.537
333.132
-135.58
529.406
443.46
363.654
-807.113
-2059.84
1152.8
907.035
461.177
-519.625
58.4485
213.503
-352.843
139.339
953.703
1071.32
1815.66
-257.088
758.425
-501.297
794.079
-1387.96
593.885
353.783
394.89
1082.9
-1065.22
-455.705
-341.314
797.019
460.431
-122.045
-338.386
793.133
-611.657
479.074
-738.462
259.388
503.333
1157.34
-1240.25
707.27
1015.07
-1563.22
-3.10183
-1439.42
1442.52
329.646
820.199
-1149.85
620.709
269.834
-890.543
-2274.79
1191.95
1082.84
-1119.97
-1154.81
91.4881
387.586
959.412
-629.765
877.045
-896.911
19.8663
-2099.4
992.467
-212.801
-183.396
396.197
-42.3997
1770.88
-851.428
51.8473
-1036.35
-1069.14
-225.767
439.27
-700.549
174.614
-291.463
-480.923
772.386
1103.86
-1574.08
782.087
-1373.9
591.815
730.664
-498.776
1947.78
-1444.45
-378.278
-1375.9
11.0657
442.066
-533.414
559.802
45.0827
-598.196
553.114
564.253
-296.725
-593.647
271.439
322.208
787.956
-344.497
35.1957
311.492
1188.47
-1191.57
154.927
239.202
455.434
-746.897
617.131
-1003.84
-2026.83
2026.83
-299.56
-482.923
782.482
698.313
405.807
-1104.12
579.394
162.119
428.953
359.004
-2199.78
1328.87
-924.876
-681.769
1606.65
-462.7
-773.855
-290.954
623.372
-332.418
881.205
-301.8
-579.406
-482.942
654.952
346.366
-697.207
-402.082
-103.188
505.271
-1354.67
-481.518
710.496
-1173.2
-374.126
-1244.11
844.383
1463.89
310.698
-873.15
562.452
965.008
-347.251
1390.95
-797.362
434.308
-279.381
-319.015
-923.888
651.676
272.212
-425.501
-498.387
320.837
-403.967
-117.486
-172.484
289.97
-392.862
1091.17
432.222
-241.677
-377.367
1381.45
-169.604
-1211.85
-475.191
311.796
163.394
276.364
299.819
-576.183
-77.9091
-660.553
592.278
-1729.15
1136.87
1489.59
-878.773
-1056.61
-445.537
-1054.21
575.37
478.844
1423.18
-434.237
927.79
-1410.97
-209.309
-113.973
323.282
-466.155
575.03
-1631.13
427.776
903.792
293.13
374
-667.129
568.007
1186.17
1100.52
-705.218
-395.306
384.947
-198.48
-186.468
-1419.39
448.111
735.032
-1183.14
1473.05
-545.261
-513.556
998.039
-484.483
426.176
1186.12
-1612.29
47.4665
-722.998
-155.454
410.06
144.849
-326.068
573.112
481.421
-507.626
-19.2357
526.862
1024.49
-1307.62
283.129
673.573
-244.62
468.539
-1447.15
978.612
347.853
1691.16
-525.375
848.581
1086.09
-654.885
-1685.13
760.254
553.447
428.433
-981.88
460.989
79.3285
1750.36
-1829.69
1443.51
-379.491
-1064.02
1699.29
-1741.69
-362.888
-552.695
726.768
-174.073
-502.589
166.998
293.433
-373.056
-1225.85
214.45
-764.851
-638.517
-552.245
980.03
-427.784
-649.323
639.016
10.3065
654.553
-923.104
268.551
-615.481
295.884
319.597
-645.77
-779.483
373.004
406.48
-931.918
1400.46
-435.71
897.806
-462.096
-2205.33
5.55522
162.099
-524.123
362.024
141.589
1239.86
-73.9956
-626.553
148.306
-585.737
1486.77
-704.682
393.377
-459.222
65.8448
-557.841
557.841
1222.88
395.353
1778.62
-1226.87
590.781
636.086
844.322
-51.1893
1293.56
776.473
-541.792
1335.87
292.755
291.299
253.598
-806.293
217.93
-724.145
221.921
-432.461
210.54
-325.13
648.288
-323.158
78.2269
-403.357
-590.544
-564.768
1155.31
-422.571
563.78
-141.21
-1192.14
2032.02
-839.881
1286.69
-327.279
-393.121
134.125
-1990.75
860.167
1583.4
-870.837
-712.563
1987.12
-877.539
-1109.58
715.039
571.651
-238.689
460.611
-695.171
1210.49
-515.32
-768.432
1200.67
552.26
924.417
-1726.62
802.2
-613.502
-50.64
664.142
294.802
284.532
445.685
-61.7859
-383.899
895.853
-83.6296
-812.223
952.077
-606.892
-345.185
1576.09
-472.227
899.731
-1633.04
733.307
1068.41
879.368
743.26
-429.896
-313.364
-1058.67
-258.327
583.38
567.172
-1150.55
-523.209
526.784
-3.57511
567.971
-329.218
-238.753
-992.324
556.614
591.642
897.95
-441.702
1096.25
1439.42
-805.884
-633.534
382.523
-919.156
536.632
-1078.1
404.514
602.731
-1116.29
451.542
-556.597
105.055
472.892
346.508
-509.002
-48.8394
-793.085
-885.155
1678.24
176.469
208.478
-286.408
377.897
10.2003
-608.363
598.162
516.154
871.395
-1387.55
-426.071
308.585
984.603
-88.7505
834.525
-1063.64
229.115
445.241
843.815
-1385.61
-472.736
836.39
1986.37
-1291.81
-694.566
269.085
607.96
255.176
794.547
117.092
-1016.39
899.299
1673.69
-1088.82
-584.867
-138.246
1888.6
-1866.19
-160.634
481.597
-619.714
138.117
-1008.78
529.185
479.6
-1730.45
538.314
-955.073
844.603
392.389
191.807
549.84
-239.141
-408.944
703.88
261.128
-29.1723
746.641
-717.469
-1147.53
-880.025
2027.56
-576.73
1155.09
-578.355
-496.566
-317.214
104.413
-1660.61
867.526
-800.434
-676.676
1477.11
-327.313
-293.735
621.048
356.802
-725.725
368.923
269.227
-613.724
350.301
178.507
-528.808
391.913
-682.866
699.311
-342.509
314.237
-448.363
700.072
490.25
-213.885
-477.633
-301.85
1240.22
1.77389
-1242
1037.5
-420.371
556.911
410.945
-1782.25
869.791
912.454
479.478
573.954
-1053.43
-529.864
202.55
-266.079
1183.18
-917.101
-1590.75
1212.47
504.529
-1095.07
380.669
12.7073
484.335
311.476
-795.811
364.252
-609.166
-43.8848
762.491
-718.606
-523.914
793.749
418.663
319.434
524.888
647.712
91.5082
-470.144
378.636
1057.37
-644.041
-413.331
494.077
-1664.27
1170.19
-1140.16
1753.2
-613.038
1715.93
-1123.66
-332.696
604.135
-1196.63
1313.72
424.114
-799.688
1627.58
-827.89
-290.296
-184.895
-946.254
1474.76
1819.98
-609.616
-1210.36
-405.36
758.716
-1310.96
-124.565
-108.485
554.17
-714.276
-354.189
-1236.56
-205.296
474.523
901.298
-555.28
157.647
-1675.14
-71.4292
1746.57
-1114.55
537.815
560.001
-1189.44
629.442
900.685
919.295
630.182
619.701
739.345
258.694
-1201.18
506.005
-385.556
430.639
609.483
-511.828
223.866
-724.495
500.629
757.516
-403.733
-246.684
175.426
-624.793
282.034
342.759
-883.558
-749.479
1087.66
-2145.74
392.455
-676.864
-342.675
-722.743
837.647
601.771
-329.33
326.688
425.046
328.501
571.208
-899.709
549.254
661.236
-549.59
147.508
394.138
-693.698
-1072.49
-827.452
1899.95
-1821.19
157.244
1106.13
-1372.2
1213.63
-696.582
-517.052
-505.411
1349.23
-1495.34
627.97
867.371
-281.819
-208.109
489.928
1428.48
558.638
377.829
-481.018
-473.28
-581.633
1054.91
-429.14
591.239
1584.21
-1132.84
-451.369
-861.822
378.9
654.126
403.246
-1623.41
416.21
1207.2
-166.096
516.397
797.303
786.906
181.265
-717.74
536.474
193.609
208.63
-269.765
-109.924
379.688
498.541
40.2291
-538.77
-1678.34
621.732
-1627.78
1703.52
-75.7378
17.9539
-1645.74
1069.38
826.838
-342.503
-862.25
-215.845
-1134.57
-239.328
-311.667
675.919
-1813.39
-649.684
1216.86
230.233
754.895
-1335.76
-679.083
-466.652
687.279
-394.15
-1013.24
1350.85
-1933.18
582.336
648.481
1289.03
476.308
-1.90931
715.905
725.178
-1441.08
-631.116
320.581
310.536
431.622
-100.758
-330.864
128.572
332.59
133.966
-466.556
-613.94
1167.39
439.779
-664.418
-457.836
-401.7
859.536
-300.051
90.7424
-449.304
144.078
-297.909
-710.875
535.58
-103.958
-583.07
965.593
568.558
-265.888
-302.67
449.907
-773.989
-649.564
483.092
-1129.34
-862.592
1197.06
-569.771
429.682
367.337
-503.218
127.265
1025.46
-311.88
586.149
-274.27
-509.038
1578.42
-760.599
322.351
365.104
-687.455
213.336
545.156
-1.16068
-543.995
-269.176
-180.128
992.838
1108.75
564.94
-908.083
959.725
-51.6424
-448.45
166.631
-816.237
335.314
-585.535
381.289
376.228
879.121
-1298.37
419.251
773.698
-817.583
-948.723
-550.407
1499.13
-160.903
534.902
-569.47
228.661
1329.68
813.462
-632.196
1384.31
-673.814
486.458
-617.752
-403.374
-418.544
-378.216
796.76
497.936
-839.194
-492.764
70.2524
422.512
-304.455
572.556
722.385
-329.93
-223.821
-173.679
397.5
-485.447
119.537
365.91
1466.56
85.6145
-1552.18
-761.054
1352.7
-1144.8
-465.848
612.389
-247.285
1155.38
-381.68
1083.35
492.734
703.792
-450.194
-884.41
-522.614
-1328.21
-14.0793
985.582
-971.503
633.443
390.236
-1023.68
-361.9
-186.593
-689.725
405.562
1621.27
-228.379
397.05
327.68
-724.73
-1839.73
-2106.72
1519.16
587.562
-2041.09
359.047
421.457
557.237
-978.694
-460.734
1017.64
-451.847
-688.048
1139.89
-2030.58
1391.22
639.367
617.019
-1068.87
8.13703
443.405
385.673
177.891
256.417
384.253
1038.48
947.473
672.164
-317.843
-354.321
-284.541
611.942
-327.401
565.821
534.703
563.631
514.229
-1077.86
-795.92
-699.422
748.966
406.412
-416.495
785.418
-1193.35
1609.56
475.153
-1163.2
-366.274
544.781
-1398.58
950.854
447.727
-726.023
-333.744
-735.744
263.14
472.604
447.554
716.627
-1164.18
1082.66
-603.178
-442.942
672.433
-229.491
248.517
320.041
-463.944
-432.428
896.372
-216.674
599.174
-986.057
386.882
-445.307
600.597
-1681.33
424.166
669.257
-1093.42
515.293
117.437
113.416
-2212.82
603.657
-173.975
1445.78
1777.1
-217.544
-1559.56
-438.64
1789.49
-1987.57
1194.7
792.863
390.987
352.272
-56.3249
893.972
-1282.08
717.311
-865.644
-820.114
806.035
285.312
87.7289
-373.041
218.557
170.637
-389.194
1573.11
-857.2
-1530.91
-325.432
516.816
-249.188
-267.628
388.81
365.148
254.314
432.966
-13.496
1005.12
-991.622
443.17
293.867
-737.037
-734.284
1817.54
-1083.25
-342.302
731.112
-1241.54
-420.037
-911.452
479.024
657.01
-865.246
208.236
755.146
-373.667
-381.479
-460.234
-447.849
457.281
1151.99
1244.8
-684.795
795.77
-345.864
424.324
358.158
-223.352
-235.87
-302.848
650.7
408.182
-842.468
434.286
284.117
388.145
-672.262
-417.554
825.737
753.549
-1146.41
929.487
-50.3655
-478.022
281.594
801.308
-97.3613
1386.39
1890.52
-34.8973
346.694
-385.151
476.659
-1090.4
1076.9
697.484
376.325
378.821
105.417
411.399
246.502
526.691
-379.987
-251.129
-559.585
-89.738
-372.992
356.774
16.2177
-256.643
-278.481
1010.52
-1540.64
530.116
-139.219
-233.913
-444.905
738.771
-1662.28
1590.84
-962.871
341.547
-744.921
584.351
1224.4
-1808.75
607.467
983.375
327.482
-1130.55
721.608
-346.808
-320.321
1404.09
-1463.83
849.254
614.574
471.991
-650.75
178.758
-408.603
482.362
-73.7594
414.628
83.913
1725.43
443.492
-249.883
557.699
-1704.79
1147.09
-104.455
428.631
342.712
329.452
-448.878
-613.416
1062.29
400.238
-872.974
-639.475
901.702
571.348
-426.872
-188.609
-432.962
-409.506
-308.006
-826.568
1821.08
-1821.08
-96.3545
-1618.68
1715.03
298.907
269.065
-916.491
-555.863
1472.35
-408.104
971.734
-638.614
-1039.72
734.909
401.882
-1136.79
462.936
-148.699
573.086
1220.33
-1793.42
-1046.18
2114.04
-1067.87
-382.164
-286.407
-519.536
898.436
-1769.35
1614.69
154.653
1769.35
-1624.17
-145.175
-235.213
512.621
-277.408
-537.333
1620.69
1593.47
-2013.51
1139.42
-346.883
-241.251
588.134
209.768
-576.043
-778.138
361.643
1345.56
640.81
593.164
473.138
-1066.3
256.775
447.017
875.03
500.114
-1375.14
547.117
-1020.4
1574.92
-564.397
-792.367
-412.926
-163.662
576.588
-490.613
1207.24
-738.651
326.59
365.202
400.447
227.655
-628.101
610.215
831.23
-602.115
247.514
712.211
-426.872
-384.462
-219.042
603.504
1168.33
-712.663
603.163
471.699
-1074.86
-1281.68
1281.68
-380.083
756.408
-267.581
-491.017
758.598
514.637
430.145
-944.782
400.765
-668.346
597.913
-870.634
272.72
-367.708
-483.95
1077.11
-656.546
-717.134
1373.68
-370.363
969.537
-1552.84
675.304
-7.05574
-405.748
412.803
-577.141
751.755
341.059
307.229
156.865
306.072
-603.268
256.46
1871.56
-1968.92
241.105
-724.047
470.933
-825.005
354.072
-894.797
1462.48
-567.68
-430.507
-480.946
601.012
1124.12
-1725.13
-711.273
329.109
-466.438
1032.26
-820.14
1067.65
-368.22
-617.237
-543.441
761.37
535.135
-353.322
914.875
-325.346
-160.101
1599.04
-1816.59
-338.946
-647.11
-356.245
475.782
281.603
-675.752
-152.802
1091.2
-809.608
182.881
-377.717
-269.88
647.597
380.58
-897.896
517.316
-473.902
-479.433
-873.15
-392.256
594.031
-201.775
-456.392
-459.927
-368.872
-159.936
-425.628
653.283
-484.844
843.003
-1070.73
621.849
-1406.6
606.162
-29.7878
-1844.97
1874.76
570.278
-451.573
1267.23
-729.419
238.419
-238.419
677.271
-467.955
1040.02
-1678.63
-1158.75
-947.978
283.797
328.145
911.086
716.491
-538.954
-288.275
827.229
1666.17
-1695.96
-432.265
327.044
237.209
1134.22
-531.059
-943.347
1550.51
-607.165
436.904
-259.013
381.679
463.758
-845.437
558.078
457.768
-1015.85
-330.548
657.139
-38.4237
1909.98
1642.16
991.973
-1696.65
725.964
-1176.12
450.159
-492.544
1367.57
835.377
-1340.79
-606.641
259.758
821.924
-393.491
541.49
-1196.38
654.888
-629.51
-1215.51
-695.747
1911.26
-166.056
558.63
-392.574
-144.424
346.148
-512.204
342.994
354.885
-697.879
-1499.07
755.274
743.796
883.856
-1434.26
818.232
-434.888
197.576
-353.029
-641.047
256.585
-725.569
-673.012
695.623
508.757
-1204.38
375.735
-205.082
-170.653
552.226
-955.307
-601.3
-472.372
807.686
-831.396
-1156.17
-1437.91
499.819
938.091
42.1381
-687.078
333.018
354.06
-1337.06
1051.67
285.385
-614.008
-456.719
-665.199
920.375
391.887
-183.315
-208.572
508.591
980.204
-1488.8
988.223
-556.813
164.163
392.65
-483.568
688.869
-447.764
-503.406
147.161
233.789
-1525.59
517.024
565.633
-805.267
228.126
127.412
-452.758
349.399
-828.832
1954.16
-1195.38
-758.782
473.687
-715.3
241.613
318.252
348.833
92.6645
-441.498
-595.663
182.034
261.458
-691.895
1374.01
-682.113
424.086
518.618
-1244.64
255.978
1866.76
-1013.59
-853.174
783.314
-548.656
156.4
1402.24
-975.032
-427.211
313.404
-781.359
-616.662
1725.41
602.422
642.373
327.467
-42.1554
245.927
-1138.26
1725.72
-587.459
-1763.57
820.223
1786.94
-1713.23
-73.7145
-667.165
281.609
657.121
-752.06
208.619
1402.38
-567.007
370.389
466.001
-1858.94
1420.3
570.609
-484.829
-85.78
179.344
-548.216
-331.01
-165.556
-345.371
688.083
-682.134
269.207
633.529
540.622
-1174.15
1113.31
-1947.83
834.513
130.208
375.063
-1701.58
1663.15
293.598
-743.792
-175.251
372.827
773.706
676.662
-1450.37
1099.92
-1098.15
515.313
-1118.49
-620.126
242.684
377.442
555.448
-273.414
-656.038
-1022.59
272.362
-732.289
-912.324
150.028
148.083
227.652
425.517
270.201
-695.718
-647.952
-834.718
-978.67
478.66
-1074.32
-329.804
493.199
529.997
667.061
-274.435
-118.686
-463.443
790.925
246.805
-1208.13
560.176
1321.3
-547.591
431.628
-1032.93
-378.393
127.485
443.124
1022.93
551.987
-1733.58
1637.22
1671.47
-625.819
-1045.66
1909.76
-1899.96
-9.80069
237.78
-622.93
-377.888
560.769
-790.885
-341.219
-325.946
1015.44
717.343
-1542.16
824.812
240.453
-26.1779
1625.22
-1137.77
425.102
-1301.52
509.154
-62.8551
1529.42
1196.59
-470.626
-483.9
-72.9131
-250.459
736.124
-1951.64
-703.597
370.876
-530.476
159.599
189.57
-501.45
1139.98
671.673
-1811.66
-636.202
151.373
941.298
-1497.16
-210.558
678.629
-468.071
882.794
1117.21
-753.026
1355.45
655.794
-558.037
-97.7569
-334.459
1183.71
1070.92
-1981.39
910.471
-1184.17
534.491
1488.62
-586.914
-428.44
-121.151
-1250.25
565.451
1177.28
-33.9426
946.419
776.437
-1722.86
-184.403
579.09
-1541.68
962.587
487.049
916.19
-1403.24
639.764
577.092
425.461
-1106.57
587.827
1117.93
1214.59
-451.936
-762.654
-1186.2
-1754.92
-1.5632
-1732.01
-176.002
-474.748
1615.47
-640.758
-974.711
-490.769
1120.95
-1325.79
630.565
695.221
-1368.22
1453.84
-1338.78
585.754
1520.39
-439.502
-591.107
162.667
-1520.62
221.678
176.393
211.751
444.043
473.265
415.702
-888.967
506.537
-938.559
899.448
-1444.71
-731.662
216.032
515.629
-1062.56
448.624
-498.361
868.75
694.799
7.67778
-537.52
144.945
-886.571
-1318.76
-708.136
342.438
365.698
391.564
-719.207
327.644
-468.978
-189.334
-707.577
731.91
1540.59
-594.167
835.793
737.312
1344.45
-844.337
-970.521
-571.155
-789.923
429.185
360.738
-1034.38
-633.804
295.697
338.107
-1433.68
-296.774
-784.733
391.855
392.878
-675.127
447.581
227.546
-696.719
248.955
412.85
483.523
389.738
435.999
475.326
384.21
594.04
-967.096
712.232
455.155
450.329
355.564
-805.893
1630.69
-1079.75
-550.939
-505.188
-301.374
-1035.68
449.456
347.304
409.801
591.404
-1001.2
-1388.53
747.77
-522.637
1152.08
361.775
-29.1846
412.655
-860.767
448.112
-1910.63
291.95
437.209
-721.413
284.204
-194.518
394.566
-200.048
-656.061
293.069
362.992
-666.048
311.727
370.46
385.948
610.86
-1018.96
750.283
667.335
-1417.62
438.908
623.386
335.74
390.962
-726.702
403.529
327.583
624.575
715.503
436.483
632.005
-1056.32
424.313
-1695.1
1149.48
545.626
1696.53
-539.191
616.025
-1146.29
530.268
-636.832
343.097
437.848
-931.516
493.669
812.709
-501.233
350.184
337.899
609.837
-948.783
655.677
-1251.54
595.86
427.937
733.025
-1223.64
767.793
510.386
-1278.18
516.219
393.351
-909.57
-501.924
-935.986
-286.521
629.515
352.352
539.318
-891.669
326.681
330.458
-502.203
1944.72
434.536
-843.944
409.408
-917.324
-809.293
-741.944
360.465
-1251.71
431.566
-1756.41
1624.17
132.238
1758.81
-1614.69
-144.122
-778.826
-582.189
256.251
325.939
-1786.94
2013.51
539.604
789.732
-1329.34
440.203
715.109
689.175
385.589
-1074.76
10.897
1617.13
-594.2
388.497
878.737
-641.616
320.903
320.713
-378.684
-294.682
543.199
-204.058
431.95
273.602
-655.34
381.738
254.764
-567.572
-274.858
442.975
-1031.15
588.177
538.093
1092.6
365.896
594.878
306.879
348.796
-655.676
1661.31
-943.967
1693.2
-1522.01
-171.184
-327.425
-817.904
408.398
856.957
-1067.52
-597.292
269.891
-1090.47
1628.57
-1619.1
-69.2936
1688.4
-341.041
-350.007
-370.351
542.877
591.345
-499.349
-20.2756
-549.267
494.681
-282.521
-212.16
1782.81
-1325.53
-616.067
291.403
324.663
395.971
357.338
733.836
-287.922
-399.506
-1758.81
1695.96
459.973
-1099.24
639.27
-39.7133
1676.93
570.235
476.157
-1046.39
102.249
1143.85
-1451.86
-2.71634
-1907.91
217.273
-589.815
305.312
284.503
-953.814
611.139
-894.083
463.576
-1127.13
671.49
455.637
413.591
256.05
-795.004
-365.489
1214.82
885.528
699.76
-1182.23
456.156
726.074
494.924
698.943
-1193.87
-419.292
-248.334
396.417
-957.508
439.297
518.211
21.1847
-1880.13
1080.44
-482.523
-523.575
559.441
-1377.8
818.361
-446.518
800.59
-405.912
509.864
-718.318
1711.16
395.731
-168.079
210.42
-154.909
-246.288
401.197
1895.36
-504.147
-1723.52
1049.77
-592.158
297.476
-1010.98
550.245
-311.594
544.596
904.666
-1449.26
-1102.14
436.94
-21.4246
-1947.5
1719.91
-648.997
-538.191
461.014
-1189.53
728.516
199.994
191.893
-276.414
778.568
696.193
834.539
814.487
-458.923
1083.36
-534.024
465.323
-181.856
-283.466
-1926.45
-711.964
-316.213
-638.434
-6.18197
644.616
452.587
-270.553
575.647
1085.66
-822.408
921.37
1243.41
-426.049
-107.299
-296.998
404.297
953.825
-888.095
-303.615
-1065.87
609.151
1571.45
-816.179
538.032
934.322
-410.363
735.79
-325.426
1129.38
-271.684
382.36
1349.17
-710.138
-209.018
448.394
-1197.87
749.48
-952.357
-213.421
1165.78
437.556
-952.786
515.23
153.008
731.831
482.759
749.107
-177.899
848.654
-426.481
1181.36
-795.773
552.801
-1465.26
912.454
-1216.63
1800.98
-431.702
-1510.19
878.984
-1401.6
-325.619
-470.192
1456.88
-1531.1
781.624
1491.32
190.48
274.842
-375.994
-1756.41
-271.69
-1033.12
1608.77
-1797.37
1797.37
1593.47
-1004.18
-628.165
-360.093
368.236
603.499
-430.493
-383.315
-1389.52
896.974
1125.02
600.706
1201.94
1789.49
-1216.4
-631.037
270.73
1659.42
-1917.07
257.651
817.063
-1268.43
1545.1
-561.724
807.771
347.315
-381.288
556.173
793.053
623.785
1403.77
-293.988
-445.971
-396.698
491
-335.09
472.218
735.022
-321.756
-119.742
-358.915
574.217
-215.302
38.3312
-367.549
1107.24
-1720.28
-491.712
-515.428
-575.589
863.414
708.039
-1596.14
904.245
-452.492
-643.553
-516.338
1251.37
370.63
1723.99
-1702.8
-1666.17
1899.96
-1560.48
839.992
720.486
-421.171
-1803.35
918.197
584.749
817.635
-381.678
1794.72
-681.413
-472.249
721.089
450.651
-1171.74
-1104.27
444.326
752.264
-1617.08
473.328
900.68
161.992
-385.405
223.413
-1621.17
-396.489
-487.174
990.092
-690.069
1442.7
-972.437
1855.23
240.823
-559.921
484.746
-294.265
474.354
893.22
543.581
976.807
-463.839
-427.778
574.655
882.221
-1392.68
-40.9957
1591.22
-853.913
519.988
971.335
-1475.71
-1115.89
1795.7
-1242.24
-553.463
1205.9
-319.587
-886.31
-178.582
439.938
-261.356
-457.134
-249.996
416.408
-166.411
130.782
-379.116
1752.94
-1754.5
-487.761
-530.907
-903.356
428.465
-192.062
-236.403
627.592
-510.447
-419.262
-324.763
744.025
-990.141
491.753
-1166.61
675.843
402.815
-658.837
-436.59
1598.02
-881.533
530.212
-458.754
-567.934
-463.218
353.083
-342.051
-11.0317
-1150.28
420.859
-665.278
-1033.36
1698.64
-630.936
-1426.28
709.146
562.463
-1596.22
1033.76
-434.707
-483.794
164.279
575.066
-1258.13
741.787
539.298
1005.8
-2133.16
999.976
1133.18
-398.188
401.614
-376.199
-25.4148
1477.9
-388.985
449.711
1139.35
583.034
905.582
564.868
528.484
-1093.35
150.129
-471.43
-1713.23
232.327
1127.43
-639.832
518.811
1013.38
-1532.19
1092.72
-1643.66
194.995
734.492
573.388
-877.004
-1086.12
-162.38
414.36
-251.98
-585.578
-462.088
-636.491
-619.322
342.908
-1620.55
938.785
-477.394
214.014
-382.093
523.697
-306.423
-639.577
1196.79
-1338.55
956.256
382.293
-1027.56
-407.312
-773.329
-838.814
1702.23
-477.693
1799.17
-1594.51
-204.662
-1556.52
1018.54
537.984
-740.032
-247.172
426.65
-179.478
-619.168
384.877
263.304
-648.181
-524.695
1018.89
621.353
-351.462
-1620.17
1050.4
571.857
1103.41
-1675.27
-448.913
-277.428
-378.633
-757.963
-523.042
-331.359
488.224
1557.96
-995.499
-773.163
1497.42
653.915
-326.871
725.885
1152.33
-1878.22
322.426
319.509
-487.858
-1936.65
1723
213.643
730.934
-475.548
-255.386
531.905
1060.67
-1592.57
353.083
-1734.73
-233.219
1752.38
-1580.61
1073.68
506.931
-1741.54
6.81556
-522.377
401.614
1701.58
-1723
938.923
625.962
-1564.89
363.099
-212.737
-150.362
-451.667
-245.052
57.6229
93.7457
-340.918
-418.116
-452.518
-397.573
203.055
1510.08
379.329
-193.889
-481.238
447.845
-186.387
344.243
1510.63
966.471
-200.992
-765.479
-1103.98
1704.99
-1729.08
1063.81
-707.78
-1021.3
-1265.05
1844.98
-579.927
1155.03
-1771.34
616.315
264.27
-877.204
1676.13
43.3776
-1719.51
-491.213
-1082.87
-1752.94
-979.272
551.494
1019.42
590.331
1132.91
-1723.24
267.346
-514.631
696.505
-384.778
422.161
923.804
682.842
-378.974
-677.345
582.987
1072.4
-1655.39
-414.055
-355.613
769.668
436.068
-1663.15
1522.01
141.143
575.865
-1042.3
544.775
1083.79
-1555.54
993.813
-227.737
209.549
351.22
1909.76
472.881
-50.7298
995.833
722.749
-1718.58
-696.252
1085.18
-1557.4
151.2
-568.327
186.617
261.228
-693.052
-558.654
582.84
1034.29
-710.456
-272.493
-1367.98
671.863
696.119
-398.3
699.348
161.822
-861.17
562.708
-137.231
1557.53
-197.579
291.379
-783.334
-1936.65
1664.57
1005.64
295.884
306.446
506.263
-929.562
-996.891
-1767.25
627.561
1693.74
497.366
-474.98
1210
1086.94
-424.916
1028.41
-975.111
483.456
491.655
701.28
1047.83
-1749.11
474.136
491.457
-1493.78
-743.624
38.4057
774.227
-413.762
-894.969
371.394
-540.991
-799.798
562.452
-578.769
1397.13
1055.2
184.546
229.814
-550.722
1618.45
-777.7
1527.98
-1727.83
575.346
1152.49
533.121
-880.373
-1733.47
1917.07
-183.607
1721.72
169.385
-547.783
354.357
-260.611
-481.837
1210.35
568.275
1128.26
-491
416.514
853.053
-450.857
-769.99
441.484
328.506
1420.06
1089.47
-518.477
1422.72
-510.369
-532.667
1043.04
-602.87
563.757
-1260.34
1693.2
1839.56
-687.227
1586.36
-647.436
-1240.17
715.47
-563.255
189.72
-373.116
438.367
-229.737
-516.01
-1246.69
1870.96
-624.267
1173.09
-557.061
1120.21
-1659.4
1716.5
-574.036
-550.433
-549.875
1720.06
-315.55
-688.166
-473.517
1223
-1696.3
-1860.13
613.431
407.782
-987.187
155.052
202.225
-1719.02
1204.11
514.909
1162.83
558.89
-514.428
-465.496
1191.57
185.706
208.859
588.451
1251.11
-539.195
-1238.57
1777.76
-1025.1
999.982
866.777
-204
-1659.42
1702.8
-510.28
1410.96
-1733.47
-301.119
-55.3494
356.468
-244.51
580.969
-336.459
158.416
493.26
777.249
-385.686
1257.5
1270.34
-413.387
847.359
-438.961
1817.63
-662.6
1586.75
-1723.99
-412.858
-799.031
351.935
447.096
-562.503
-563.834
79.7571
-1138.43
-984.924
-670.954
1655.88
-943.692
-1189.47
206.838
-448.089
-646.281
705.868
1167.42
650.21
1410.19
-592.557
1636.69
1317.83
-576.041
-479.447
185.182
-503.366
1396.59
1239.73
-567.867
-999.975
888.074
63.5193
-951.593
603.387
-506.272
1403.25
1495.01
-589.428
-347.154
347.154
-589.729
1623.49
1238.8
-486.536
1134.1
-50.6477
1852.18
-372.159
1489.43
-589.981
-507.72
1347.71
-648.054
1218.34
-570.287
1554.79
-592.208
778.981
575.764
-1354.75
-687.114
269.711
543.751
601.435
-1957.28
-1026.08
1586.75
352.911
-352.911
-50.9223
379.249
438.983
376.969
37.6589
-272.441
974.701
-546.764
-429.702
808.951
-233.816
611.258
-412.238
1565.04
-444.356
-883.859
171.391
222.359
-393.75
601.179
1250.75
-1851.93
923.356
-459.78
-342.051
126.143
-1943.07
1816.93
-442.684
163.303
1180.77
-440.545
-740.221
-285.11
-609.859
-498.997
-376.199
-467.922
255.762
1157.42
-566.079
231.963
-363.588
131.625
-23.1159
-107.689
1375.9
-1268.21
34.6845
-594.269
-586.59
-441.669
441.669
-1262.32
1985.07
-1344.25
-197.359
-1826.37
231.864
-1025.75
-974.247
-173.375
-1641.16
711.593
1229.32
-1925.07
357.101
320.285
-677.386
-1850.03
1234.26
615.765
-557.321
557.321
-958.679
-40.0548
-1866.19
-558.21
1650.81
-674.386
1636.2
-601.903
-197.705
-1710.21
-574.857
-492.585
-594.92
-457.108
457.108
-1537.82
194.534
1343.28
159.234
219.944
-379.179
527.386
439.085
994.266
-476.055
1751.28
768.817
-411.766
386.351
525.032
1702.07
-594.836
-553.01
1636.8
457.348
1812.89
-645.466
-1804.9
-1938.07
-647.225
-470.781
470.781
-599.338
202.64
-725.176
1017.09
-466.847
-1079.17
-298.606
1579.55
1852.29
1635.4
-1635.4
-323.112
740.825
1761.54
595.815
1275.15
160.62
202.479
633.082
590.578
1603.47
-1603.47
212.103
-362.107
-441.99
445.774
948.837
-465.381
-637.786
-1130.9
1706.25
271.346
-1687.25
647.526
-287.456
456.842
1744.65
-592.167
-209.904
-493.773
372.963
744.964
1738.59
-613.571
-511.813
-782.903
1960.55
-870.468
-1090.08
1642.65
-701.395
1223.95
-1824.97
601.025
411.638
-971.558
-184.496
-98.6569
1096.53
-487.383
150.42
661.314
-1683.91
422.232
626.34
-1804.9
-583.313
1787.42
882.521
-1162.84
1760.5
-597.656
1783.83
-575.576
-1208.25
428.077
932.132
-1754.5
924.221
-1465.19
214.643
1250.55
-832.171
-1254.21
-366.862
71.32
295.542
581.808
259.796
1040.02
-432.74
842.779
-410.04
819.375
744.296
-1563.67
645.115
1066.67
-23.7732
-660.196
683.969
-1744.6
723.301
717.212
150.506
-1122.54
1936.79
-674.578
-1262.22
-537.194
1665.45
845.178
970.436
-1815.61
1227.85
683.409
-412.807
705.876
845.186
1025.77
-588.211
1761.54
624.852
1773.56
-1185.56
-588.002
-442.312
-340.292
782.604
121.459
-1185.48
1660.51
-540.298
-1437.75
1437.75
1250.54
594.433
1351.26
206.706
-567.056
278.021
-176.441
699.23
1113.66
470.201
-284.495
-868.682
-576.026
1747.69
-1747.69
976.527
-976.527
987.343
1025.17
-2012.52
1837.97
-614.024
-581.137
879.782
-947.861
-1052.16
998
692.021
-1690.02
-509.002
-409.341
-659.525
-808.449
2042.71
-1246.4
-613.724
1002.98
974.864
1289.78
647.014
317.821
1012.69
265.859
344.51
1186.17
1756.91
-1756.91
670.993
79.1776
-381.848
-997.066
-539.999
1674.1
989.654
1010.35
-1833.32
-213.532
-361.325
613.921
-381.594
1849.63
-1077.88
-771.754
386.328
-8.49905
-829.396
-1662.69
1662.69
912.442
1923.76
-648.612
590.636
-479.073
1708.02
-1228.94
728.164
1837.83
1160.51
-626.018
-577.578
1142.45
-810.688
-479.998
931.755
1106.36
396.025
418.462
368.383
1222.88
-1135.01
-585.264
-644.737
-1212.56
1857.3
-123.526
-251.969
373.335
-480.634
1250.29
990.96
819.583
-624.588
1878.13
-650.275
-384.5
647.803
1877.34
739.727
-540.958
368.315
-436.155
1454.81
-758.612
1172.16
588.346
-73.3889
400.233
-326.844
-1244.11
902.515
390.227
1637.23
-713.429
1046.47
904.688
776.837
765.283
591.568
757.501
1016.77
694.387
1835.92
-984.054
-851.866
537.415
-328.855
287.108
-287.108
-377.894
-666.946
282.168
831.423
399.081
336.708
1888.97
-659.645
1097.8
79.9032
-797.372
1118.94
490.218
-1139.93
1139.93
1758.59
-671.646
738.926
452.644
-165.171
899.881
-637.221
1314.49
1200.51
888.865
1143.67
540.458
1096.34
-553.542
-84.8914
-1090.45
1115.49
636.613
-1669.97
1197.99
-122.48
538.684
-416.205
253.476
-608.705
1859.46
1074.74
-1074.74
996.734
605.177
-1601.91
633.148
651.182
619.162
1115.31
767.379
-667.649
1731.45
381.594
1060.72
129.7
1563.64
529.832
709.899
-1215.75
-717.434
-527.004
1914.08
-1387.08
1852.18
-601.638
1513.38
-1852.29
338.909
983.821
-983.821
1773.06
-683.598
64.9761
-494.872
380.564
-644.545
1353.91
-709.362
670.557
-668.637
67.2654
524.683
630.548
-1155.23
1492.42
-759.117
1025.58
-1025.58
420.878
-319.353
319.353
251.262
1148.26
-695.875
-895.699
1591.57
1233.39
1266.33
661.087
-1927.42
-1336.38
-717.367
1426.51
1336.38
-541.236
-1025.28
737.887
287.388
1154.5
-1154.5
1174.11
533.904
1202.82
-1848.28
1206.28
-1060.43
1060.43
1080.49
1080.28
774.947
586.653
-1764.16
1177.51
1091.93
-1735.44
1078.31
-629.688
-515.085
1012.45
-699.435
585.959
1291.38
1693.11
-833.496
-859.613
1048.21
-1048.21
-196.606
351.889
-155.283
-766.729
352.967
-1827.08
624.431
1202.65
-767.504
-764.308
1531.81
-312.002
-321.753
633.755
1123.31
1657.17
-718.387
264.268
193.079
875.519
-875.519
905.891
1680.87
-1035.76
640.864
-1278.09
1260.84
-1909.45
1132.25
-1794.85
-265.132
-401.814
1921.93
1135.25
-1135.25
1236.17
-1850.19
594.758
-594.758
415.99
-249.664
-166.326
606.991
952.658
-478.522
764.408
1775.62
-857.424
470.864
-851.405
851.405
1238.69
-1078.94
1254.7
-1868.42
1267.23
-1891.5
1125.45
1555.55
-773.927
-358.566
894.564
-1872.25
977.688
-365.832
523.478
-858.996
858.996
153.288
-451.894
1176.27
-1777.98
1189.98
-726.569
-1025.52
1752.09
596.613
-642.221
-159.784
-350.399
510.183
423.35
369.092
536.097
-376.498
636.798
1289.48
-1926.28
843.302
-843.302
1125.8
-1773.02
77.4227
-483.17
1694.89
1205.08
612.727
-1817.81
362.745
-760.348
760.348
639.466
-1852.03
1243.48
1083.89
-655.811
-516.908
516.908
1222.23
619.886
-1842.12
1160.23
-1752.4
1123.15
-1763.17
640.021
595.208
-1421.06
825.855
1237.84
621.614
-1771.17
1173.51
488.473
627.961
1229.34
-693.861
-1368.17
1773.73
726.125
-726.125
1095
-1734.62
639.619
-824.287
385.325
-720.318
1718.32
224.775
300.582
187.642
535.512
1224.27
431.755
-851.629
-811.26
1662.89
-1166.66
-660.419
553.874
-1530.91
-632.257
1110.96
-722.463
664.326
-664.326
1009.5
-1009.5
-605.83
885.745
-723.626
1876.03
-642.643
-205.624
177.815
164.443
-342.258
610.934
1112.15
-1723.08
1813.98
-576.14
-719.425
1895.7
1079.57
-1773.43
567.813
-420.305
-521.845
521.845
149.852
200.548
-350.4
1836.1
194.344
145.575
-339.92
-269.361
604.108
-604.108
-1215.63
1767.92
-552.285
703.555
-457.628
435.659
-232.604
188.169
149.738
-337.907
1802.71
-1817.27
-1745.35
1131.78
563.359
-418.414
201.775
151.749
-353.524
-1686.19
661.093
626.43
-626.43
562.84
620.768
-367.291
-2087.59
-1193.38
-675.929
1878.75
1134.24
-1721.7
-1230.62
619.14
1707.41
-1091.09
-1168.66
204.437
152.184
-356.62
-581.439
581.439
33.5577
680.214
1092.91
-1773.12
1131.15
1119.82
-695.504
332.032
740.482
-740.482
-1494.6
594.453
900.148
1083.19
-1678.03
1810.54
-604.262
465.306
-716.035
-1640.78
1038.88
-598.663
1796.65
283.385
563.503
-563.503
1633.35
-892.128
432.349
-711.793
711.793
-1097.9
-849.93
-505.55
199.59
163.173
-362.763
657.454
-1302
-419.168
-1654.16
1068.9
528.448
553.531
130.26
205.119
-335.379
-1204.05
1805.07
-608.732
-1280.41
-785.524
1604.9
254.098
519.225
-286.251
624.95
-624.95
1792.36
1497.73
316.255
-620.026
620.026
728.653
-501.108
595.358
-432.691
-196.11
460.378
-499.695
193.272
741.466
-525.434
-706.904
322.405
-1658.95
1118.65
1090.94
834.452
-587.95
1452.35
-1557.47
965.258
1002.54
-1673.5
611.113
1106.09
-1717.21
-1587.02
1022.63
616.123
-616.123
1223.52
628.767
-1122.98
1114.65
-683.086
733.265
-484.31
-1486.35
896.925
1033.6
-1627.8
-1183.25
-580.909
1962.39
-997.351
521.297
981.477
-1628.91
-153.109
-553.795
1603.75
-16.9939
-669.05
1209.66
-1885.59
551.761
-1681.1
1101.42
-521.313
314.544
206.769
546
-1204.84
1845.13
-1528.76
957.601
-250.997
-248.32
499.316
211.251
-460.529
-385.666
1452.33
-761.486
-823.455
1584.94
740.803
-1839.9
1099.1
-320.978
474.267
-1922.63
1952.35
-1952.35
-1804.6
807.71
1881.33
-649.872
166.951
-414.302
-538.483
-337.544
-879.403
383.945
-597.58
2001.67
846.937
-493.901
-353.036
-1664.48
861.002
-1894.13
1069.92
725.781
1836.1
-281.103
1669.21
1787.52
-587.002
-1627.65
545.697
1081.95
873.857
-1635.34
-606.211
-668.177
-128.322
635.482
-364.137
152.654
405.188
973.247
516.655
-1489.9
1675.36
-543.584
-562.604
1652.58
-1703.23
926.715
-510.201
-1100.57
613.184
-26.5372
-1439.94
1630.7
-524.61
-1435.36
859.333
609.128
-1679.43
1070.3
1671.48
-588.291
-1286.91
-689.832
1919.17
-1621.27
-14.1325
-365.701
-1799.21
600.71
-1178.29
-1468.21
878.224
-502.197
923.048
776.55
-1699.6
1023.3
-1451.64
428.337
-64.3865
-228.064
-161.13
-1415.77
463.41
360.337
-978.089
529.352
-1519.73
752.222
-1606.59
790.407
-1115.21
2009.78
-45.2458
-607.693
1772.83
941.358
151.425
-1819.84
1169.97
-625.701
433.126
-445.574
1070.43
-161.514
-1060.09
1221.61
-482.594
1261.57
819.21
-1658.02
190.224
1196.69
758.379
-1536.08
131.057
1670.41
618.254
-1562.22
959.514
-1557.09
-546.058
234.057
-1398.51
911.972
451.911
-109.664
1208.82
-566.446
404.093
-723.683
1416.75
-693.067
-363.702
637.068
-367.861
-562.64
832.351
-1372.59
805.582
-544.826
-699.815
-360.421
-463.866
1853.04
-1066.63
-656.452
-631.491
1870.18
-1268.21
497.203
-1239.37
798.822
-1002.41
840.901
-1302.55
740.047
-839.484
-323.717
-795.768
325.576
-482.122
1209.65
607.177
1026.17
-6.40416
594.231
-77.9581
424.106
-232.993
441.852
954.304
1065.27
182.129
-1414.33
821.775
-750.115
-1128.49
388.266
-1338.29
762.253
-1606.26
752.346
1264.21
447.849
-218.035
-767.933
1343.7
-1082.72
-651.896
454.067
-339.454
36.1805
994.048
-1119.25
125.199
648.735
-784.815
202.667
-1745.84
-821.508
320.275
-222.407
1087.12
594.383
298.098
-892.481
-596.064
-858.61
366.025
-449.383
-24.1181
1443.45
943.742
260.125
267.012
-527.137
-686.771
1788.19
-55.0791
-477.473
736.167
170.66
357.145
270.416
-597.001
1676.85
1384.39
1829.03
351.627
1079.69
-1766.46
791.782
684.984
-1476.77
-1507.21
1095.02
-1061.23
1709.97
-651.937
316.278
-792.564
-582.789
-1001.53
1584.32
-1025.93
267.894
-341.653
1093.36
-1553.89
704.167
-1532.06
-871.303
607.887
263.416
-583.839
529.471
736.654
1112.98
-1668.24
1668.24
-599.864
807.013
1147.15
928.083
-1527.95
-604.912
-945.96
-413.892
-478.236
-291.36
611.94
651.349
-1442.23
-1606.71
725.179
864.605
-1628.91
637.405
737.438
738.411
-1521.74
-485.41
1390.1
-774.257
-522.998
1297.26
-1252.21
684.345
927.876
-398.691
577.455
-1317.49
-1384.39
-1339.89
618.644
721.247
-572.084
659.269
-1308.83
-683.652
737.05
-419.229
799.721
522.528
674.677
425.275
-1199.53
326.931
524.04
-850.971
-426.306
-97.8169
875.447
-1593.83
1663.57
-158.097
-1052.96
-626.468
369.56
278.244
1654.63
-556.839
1476.26
-579.336
485.763
646.574
-1510.19
863.619
-1230.41
660.12
-1217.18
-489.616
1148.88
1168.62
727.941
-1250.94
733.812
-1728.79
857.515
463.781
1007.94
-472.43
-137.141
-1049.78
-256.749
406.878
-475.097
674.328
-1570.03
-1184.72
529.84
1034.67
725.009
-1214.62
-603.937
-1637.15
1.08026
353.277
411.919
-900.743
1526.7
320.433
786.47
-418.155
4.93671
1574.66
881.849
-350.125
302.752
47.3735
-470.419
1237.8
559.414
-1045.09
485.679
-320.433
-21.618
526.756
-1072.22
545.467
1178.82
-413.536
328.121
-740.928
72.5614
942.126
425.331
-233.438
-500.44
-1050.82
-1191.28
634.222
-714.444
-1627.32
-658.78
796.434
608.872
870.116
-1478.99
1037.64
-1085.11
1660.66
-621.778
-488.772
-318.625
1184.27
-286.849
337.418
-389.573
52.1549
-735.789
-595.752
-1422.2
778.651
-975.438
-626.473
-46.5946
-14.3573
-287.449
499.949
-1187.06
239.152
-296.223
57.0708
-1092.03
-589.067
-674.548
583.47
-1149.55
-174.887
334.791
-397.132
62.3406
424.186
375.536
-1097.38
-592.651
818.626
430.951
-495.904
916.078
630.47
-1546.55
921.598
232.846
859.863
-438.985
452.952
532.374
506.139
-1038.51
602.412
481.735
-1084.15
689.674
608.75
801.417
-1410.17
968.366
1161.58
-661.633
942.767
648.807
879.26
-39.376
570.618
-1101.68
287.215
-355.319
68.1034
466.742
380.196
-407.459
320.284
87.1754
1112.37
501.497
-1016.58
-1636.36
862.434
1423.27
-755.936
-451.21
352.686
98.5245
1156.99
-736.135
183.95
-1072.89
1712.51
309.466
-411.76
102.293
1478.07
-599.844
336.273
-441.011
104.738
-616.941
252.805
-475.45
376.919
98.5316
370.396
-461.248
90.852
370.749
-452.706
81.9575
436.675
-497.588
60.9128
-482.889
449.843
33.0456
445.23
-470.621
25.3917
430.392
-449.058
18.6653
432.792
-445.075
12.2832
423.581
-429.045
5.46374
-457.61
473.814
-16.204
458.771
-432.715
-26.0558
441.737
-403.657
-38.0796
-479.012
545.789
-66.7771
-20.8424
-799.52
491.303
-147.347
753.966
-686.146
459.145
503.919
652.38
-1458.88
806.505
-598.247
-648.013
431.057
377.894
428.644
-434.478
331.196
103.283
387.882
-755.012
367.13
105.995
1571.5
-606.244
-1292.63
177.583
-553.577
441.543
-925.139
483.596
529.19
383.525
-841.615
458.09
1688.77
-745.029
1500.59
-881.553
-1587.76
-800.538
1763.92
-672.976
469.464
-951.987
756.334
-1354.58
1112.02
1599.17
512.108
415.768
433.616
335.594
-440.914
105.321
-896.891
444.373
-447.822
455.584
-7.76238
-761.347
-566.021
505.28
637.166
-426.306
-581.655
1646.13
-575.825
493.546
532.222
509.372
-1014.3
504.932
-1537.46
1173.76
-693.708
1717.01
1126.44
-596.175
-442.521
-446.268
404.604
41.6643
-281.523
426.765
539.397
-1038.39
477.061
1178.84
-546.759
-546.592
-332.566
340.244
1057.84
-346.396
-632.713
-535.945
512.871
-1057.06
544.19
1425.42
-603.648
1400.83
-500.951
491.798
-980.57
444.272
-443.441
-0.83124
175.442
-899.393
-671.436
1469.1
351.984
-837.769
477.675
-943.056
1840.5
-966.639
-738.878
267.447
541.095
596.185
649.491
-1245.68
686.228
-1433.08
746.854
1074.2
462.685
-904.675
730.908
622.998
-504.886
1417.33
-1770.55
1503.4
267.151
254.642
1453.8
-1031.09
1544.28
160.501
-736.212
225.765
432.806
-859.111
-637.384
-1108.96
276.987
1118.46
-154.93
1289.78
-605.432
-1600.37
1098.18
1921.2
-1110.48
-810.721
-584.293
843.552
1041.8
412.083
-822.123
-816.133
-1120.57
-648.687
-501.431
-377.874
-1361.87
-257.236
317.87
-568.999
192.726
434.531
-829.644
205.45
-677.699
852.067
-1812.69
-865.435
200.846
158.976
-359.822
-947.702
456.374
-1099.03
894.229
1014.84
436.406
1417.14
-1565.64
694.087
260.228
777.152
1379.33
578.93
-1182.5
603.569
458.84
-867.618
-891.04
1880.69
-440.081
189.085
-559.991
1119.4
206.707
628.518
685.974
-193.196
-395.866
589.062
1635.03
-1013.29
-509.862
1147.03
397.578
-315.604
-81.9739
628.47
-1275.87
-892.382
352.157
540.224
-1122.65
-1621.17
785.362
877.526
653.916
719.764
191.685
312.235
135.347
-506.229
370.882
542.412
-297.47
725.914
-1208.51
541.58
392.953
-778.639
-781.552
-628.614
20.1056
1630.03
-982.507
-822.072
968.413
1529.72
-850.148
-679.574
336.625
-686.787
350.162
-540.302
1297.8
1267.77
170.266
209.245
-1053.58
740.965
685.548
-506.516
130.018
-453.538
264.157
189.381
255.279
1469.1
369.552
-731.659
639.976
981.206
-1563.99
173.079
315.941
339.639
-655.58
1189.1
-605.635
358.997
697.126
-375.151
599.925
1282.77
480.37
-934.743
454.372
546.595
525.882
-1072.48
674.024
-1431.99
892.304
-450.391
-597.11
1679.06
-616.739
1810.43
-1193.69
-622.877
247.726
1513.03
-779.222
-357.977
889.147
275.637
-910.092
-388.27
666.514
821.486
-732.634
1278.01
447.028
-893.476
446.448
-1063.12
-756.716
-768.374
-1058
-974.365
-715.656
596.253
-596.253
-7.85518
-735.801
550.365
-1551.89
806.593
175.054
409.087
-750.974
341.887
657.502
872.22
-1307.03
1857.4
-902.545
1660.51
-719.153
1267.84
-880.708
453.038
-250.371
1405.31
300.949
-592.437
291.488
-1069.92
620.541
-933.813
1535.25
850.433
-128.409
-463.92
841.814
413.082
548.709
-452.09
-96.6186
-1650.28
782.658
-570.336
137.645
1642.87
-890.52
1122.65
17.2802
1523.69
-657.968
-1129.77
-451.524
-562.281
-876.204
-1678.87
1052.4
524.316
-532.346
8.02966
-326.422
337.488
-750.953
1865.8
-59.598
273.084
-594.837
-1523.69
-138.997
1158.34
-705.02
-453.319
-726.082
-117.219
583.619
257.514
-782.948
-591.178
1768.69
377.544
-745.817
1839.18
347.018
-909.657
279.046
284.302
-563.348
-322.983
370.846
335.03
-1377.3
-417.19
215.956
237.081
903.809
-1132.92
449.831
1075.55
-45.3303
-590.488
1155.63
-554.923
-959.908
-461.155
-512.1
-830.475
1342.58
-615.051
109.917
217.551
-218.14
-962.03
1406.7
-444.669
-502.895
-678.688
1297.33
245.478
-512.052
266.574
619.279
1390.5
629.627
-1577.33
1217.12
-834.828
-471.869
-533.928
267.59
-342.085
74.4958
-573.205
-248.497
-5.59586
-625.644
-1197.15
736.456
460.693
-568.788
1099.03
-672.678
1393.93
-581.251
244.792
1652.71
-927.528
726.082
34.2661
-60.0467
231.793
-480.113
805.098
-565.549
932.594
651.723
1019
-443.628
814.98
-1370.48
671.278
-247.163
1052.88
-654.195
1154.01
-369.22
329.166
-578.007
-890.161
1601.75
750.953
1731.3
522.051
-328.78
-537.016
865.098
-477.216
850.876
617.034
468.045
-358.902
-109.143
715.701
-1618.25
-418.304
969.618
-637.072
-854.531
-741.315
473.927
-356.16
-117.766
-495.933
-538.335
-600.137
371.025
1106
-653.047
914.642
-548.617
603.938
-429.17
1305.36
-1707.66
725.149
-1797.54
604.812
-530.853
513.367
-842.608
329.241
209.751
-539.334
329.583
-762.654
374.081
-357.537
175.248
584.375
-270.964
-468.895
1196.84
1142.79
-709.179
-587.888
-474.485
375.283
-447.058
71.7742
-507.614
188.293
447.29
-234.293
-322.304
-303.403
785.225
-1103.85
496.706
957.644
1044.02
-466.542
415.902
322.983
476.312
1028.09
451.71
852.541
1068.66
838.597
-1493.75
655.156
472.274
-1259.44
677.787
-185.103
-268.435
223.198
-395.034
603.636
813.113
-599.321
-154.717
269.777
238.852
203
1673.34
-452.782
-752.055
-308.115
425.755
-117.64
1207.02
-535.932
-671.092
437.586
-391.603
261.496
409.782
-574.436
493.77
-743.543
1178.07
280.5
640.589
1399.17
-1204.64
710.245
-429.831
191.307
-181.737
-706.152
607.155
535.861
-319.353
1101.5
-683.124
1141.96
-488.917
1213.93
769.261
-582.359
419.625
-111.479
1514.61
-777.173
1654.64
-993.547
1370.48
-1275.14
248.497
-47.4709
602.534
-778.811
-784.86
-400.44
1257.95
-95.1438
-577.119
-263.843
-1190.89
-587.507
728.886
-280.259
889.399
-457.051
-368.778
169.143
227.054
582.382
-207.985
-287.435
1229.31
-593.222
-539.573
583.268
-656.734
174.893
63.5257
464.645
-341.782
-122.864
289.26
-1092.61
764.281
272.95
-1025.01
371.5
192.514
-564.014
627.403
-321.991
760.867
-438.876
-789.383
-378.608
-1024.63
556.531
464.894
-1208.44
-899.281
333.732
-141.744
168.972
928.453
-75.4869
492.622
-1175.75
1785.7
-903.853
-90.4992
-16.2661
-21.4939
9.02171
660.424
-466.997
44.2291
-629.764
-430.786
-626.275
-542.605
800.119
-436.034
-963.63
-1229.06
-96.465
-484.386
760.023
899.539
-415.943
150.903
-347.51
-57.5596
787.272
800.871
422.801
-322.591
444.736
-122.145
-529.155
-683.072
336.676
-609.439
225.531
722.002
-189.581
359.857
1166.92
25.9928
-518.519
647.55
-1594.03
946.484
303.694
170.573
-398.225
582.057
-407.004
208.999
-693.385
-408.173
174.736
-239.197
-204.591
926.199
786.046
181.669
328.515
-952.348
517.897
-109.719
264.244
-752.005
-657.2
-950.395
749.403
-1220.65
-892.593
289.746
-501.95
141.974
-347.056
-428.25
887.269
-343.079
-468.855
699.088
65.5049
391.603
468.707
1154.38
-762.239
15.2271
-391.526
639.252
-561.225
-624.813
731.831
-455.899
1209.8
-318.969
275.722
43.2476
1779.07
869.186
511.468
-341.202
879.48
-1428.08
-1840.46
856.407
768.801
-327.225
1603.75
500.528
99.1889
-80.6118
-152.981
233.593
1695.64
714.497
-1407.56
1688.14
-733.832
1036.3
-42.2541
1217.17
12.1433
263.931
-726.019
-310.324
-342.371
302.644
-840.979
1020.05
597.585
207.536
-694.71
-701.278
-164.791
1227.25
-242.238
-260.563
-171.866
-69.9696
241.835
-1032.32
-206.975
-689.748
-633.469
-1352.91
570.01
-542.63
-1254.56
1109.38
735.861
-369.921
-123.852
439.665
-315.707
-123.959
1771.82
-536.294
132.522
-350.557
-81.4336
-474.947
973.778
-645.754
478.668
550.305
-671.673
-46.0666
290.718
-87.2441
284.833
143.127
208.761
-1154.38
-405.188
-187.088
-67.6854
254.773
-757.03
-812.485
-370.014
-103.377
-847.018
-1136.78
-1464.16
-535.891
-1464.16
1466.4
533.6
1466.4
342.371
-313.682
133.553
1034.69
724.493
1280.54
-1125.88
-456.988
-860.5
-452.571
-839.962
-288.728
656.753
-461.12
287.144
-1752.3
-437.417
-10.3828
-375.619
729.222
-570.815
408.245
-730.236
-528.676
629.911
-437.397
-1114.28
-725.62
696.08
-1722.01
-770.529
-688.356
1679.8
-499.087
211.652
1056.16
-559.319
-100.878
-75.8772
-1495.52
596.124
1566.76
383.757
-1419.75
-484.557
-1399.14
242.389
-1011.58
461.818
437.721
1009.5
-862.643
-58.708
-246.527
305.235
-1292.63
-357.666
435.474
-242.747
-748.06
-512.279
-592.892
1487.12
684.478
369.373
-779.256
431.153
1159.35
-722.941
-816.902
-692.29
261.797
-650.025
-18.3208
-466.036
1283.99
-820.582
1463.5
-386.595
-356.844
796.967
-426.337
-911.142
-781.267
-430.371
488.819
-368.921
-126.627
495.548
101.931
423.212
-461.944
1432.38
1573.14
-604.729
-636.122
1160.81
-968.211
243.541
-292.588
-471.378
1099.19
-537.019
-203.909
946.669
-489.26
-152.278
362.817
757.03
-1342.48
-50.9943
-368.174
-244.3
244.3
-314.472
-436.502
932.294
-619.459
1297.25
-402.573
-511.749
-1586.01
833.665
-316.348
-336.454
-1193.93
1176.45
-572.881
171.748
411.207
-889.443
-721.935
324.277
487.233
-297.853
-634.863
-542.818
-269.325
-85.4075
354.732
-819.748
-78.459
-261.42
339.879
-254.654
-68.435
323.089
-272.426
34.9123
865.654
-1542.33
353.983
-189.54
115.198
-912.57
1042.66
-501.567
-653.499
-478.892
1132.39
937.905
-276.995
-90.3218
367.317
-452.384
464.528
1382.31
1662.35
1282.77
-1501.85
722.595
184.318
460.298
90.6044
-334.904
482.044
-288.111
786.013
-444.126
561.727
-691.814
-610.185
-464.629
163.869
521.951
-30.2966
-469.144
-465.065
-658.732
-1590.84
774.702
-276.873
-100.715
377.588
-887.185
-512.177
1610.35
-1539.44
-884.284
1129.8
-1175.13
1603.39
1064.04
-818.796
-899.786
126.414
-613.897
1671.73
915.064
909.025
677.872
-252.915
873.025
-351.177
-355.441
-374.476
709.506
402.985
575.28
601.653
528.081
-355.002
759.031
345.443
1582.94
1439.18
-510.731
312.767
-361.607
-626.85
15.9548
176.88
-883.074
354.409
-808.177
954.246
856.186
174.893
-263.897
470.666
316.062
-586.787
782.274
203.384
212.228
185.272
1561.21
48.4301
905.375
-953.805
476.361
-401.28
167.515
-1097.49
471.214
57.4652
818.526
907.785
-172.117
-170.415
-393.599
-358.905
-540.376
-605.342
236.564
-929.182
459.192
-468.065
-360.55
115.025
737.434
-457.904
920.13
-70.3095
-483.267
578.279
885.216
348.688
-240.895
265.293
931.703
603.544
53.3621
288.645
257.966
-1230.32
464.629
-954.517
634.754
319.763
1688.77
-427.964
-383.552
331.904
-404.396
976.529
156.338
336.758
1220.78
1514.82
-651.202
-679.249
642.584
-376.421
899.187
-522.766
-678.574
657.732
-459.494
823.888
388.705
630.013
-371.431
-1351.9
1038.39
-245.372
1857.45
-678.048
188.406
526.523
-237.821
676.906
-309.986
235.58
-1099.99
452.774
-1356.61
1339.78
406.794
-282.515
-103.575
386.09
-784.085
-1623.96
-943.568
156.466
111.509
-587.749
1079.5
1190.89
-724.689
-815.297
-656.882
554.647
501.631
573.382
-1273.2
929.024
-287.539
1175.54
-510.262
776.77
-1291.2
1098.67
-55.3935
230.287
-614.997
1402.27
263.924
-647.042
-916.952
385.846
1207.58
194.776
215.284
103.164
-1003.63
907.289
-971.676
-230.579
323.501
767.099
720.615
1160.02
358.509
-662.331
-323.739
-319.738
-274.721
-764.462
-457.175
472.684
-390.567
-13.3995
83.6513
-42.808
-761.222
286.275
-1361.72
296.497
551.272
654.958
-1206.23
-1104.96
-353.575
-376.277
-1009.5
-1134.1
-1520.54
618.645
-306.281
-1103.81
-395.664
-387.037
779.531
403.778
-1126.72
-51.648
349.163
281.134
285.386
618.864
-1066.64
357.133
-461.818
382.02
-198.663
-397.587
-189.097
-1558.18
305.155
-1508.54
-1457.76
-205.901
1115.53
97.8839
-515.193
1090.69
-638.98
-700.504
1147.79
812.881
353.943
-772.247
719.599
-276.75
-373.275
-399.856
-580.392
1056.7
347.784
-113.96
-233.823
-348.743
-810.652
-397.455
1208.11
1914.53
129.03
410.246
209.022
-547.343
-295.265
308.643
260.552
-52.2141
-208.338
-370.024
169.976
-456.268
471.495
-415.807
769.75
615.339
536.544
-433.38
-379.452
-85.5674
-907.469
463.839
-237.142
-690.701
641.652
500.983
1187.41
1019.8
-1176.6
748.818
-543.904
-172.157
1551.99
-585.633
1103.53
-257.057
1648.27
-137.521
-204.564
422.62
921.073
415.762
-1382.4
-330.442
-1450.93
1315.86
-637.989
705.677
-1372.34
653.926
351.452
-472.576
-640.465
-559.806
496.332
-203.929
-959.481
-833.586
286.243
1160.59
1511.33
1004.36
220.558
474.46
8.25942
438.019
474.696
969.968
638.909
-349.649
-284.533
1534.01
-181.318
887.881
-1353.62
955.72
441.642
-607.576
-190.299
-488.275
341.249
-585.869
1131.06
619.957
-350.181
333.441
430.403
-328.472
245.425
-423.234
-207.402
-826.512
268.603
-600.834
-488.319
417.12
-1013.1
197.736
1036.42
507.044
828.735
346.909
-244.337
-400.412
1530.83
-760.366
-469.951
17.1306
-766.866
1205.2
-1708.9
1196.64
-206.225
1325.13
331.193
-313.362
-174.035
583.817
-387.658
464.47
1517.25
-148.208
332.251
-539.347
1391.96
-1230.49
-1341.46
415.975
396.925
-964.544
199.065
-329.855
317.985
-362.403
471.285
1062.73
-559.8
-578.228
1203.78
-1252.54
578.73
337.811
-1190.31
-1272.15
-291.066
27.3768
-485.951
296.224
-764.54
279.982
-49.2279
-606.302
416.002
-367.195
264.403
-81.6317
-899.432
-467.829
-344.823
1112.32
-380.968
-294.48
292.156
430.771
431.649
-535.14
257.954
1632.57
-1575.08
-295.723
525.523
-86.2868
-724.104
286.992
92.9224
-1111.68
-440.217
-911.566
329.207
944.276
-333.322
-957.876
-372.434
47.1415
204.088
-694.468
785.309
-733.462
521.688
-152.817
-242.853
395.669
-331.932
59.1419
-343.637
972.845
998.74
-408.032
173.66
173.249
-651.202
209.172
499.712
-539.088
1079.85
290.336
-383.23
1147.83
-651.501
-266.99
283.281
143.687
-1671.61
366.251
1333.72
178.464
75.9686
50.8518
-421.252
192.867
1474.15
150.196
-803.434
421.753
-1532.96
1543.95
274.417
-158.089
-436.18
-187.84
1107.25
76.7555
-279.244
365.33
-356.715
702.158
642.226
294.622
-628.183
-1037.96
174.882
-147.07
639.548
-320.892
653.143
340.153
299.1
-785.104
1189.81
80.8223
377.347
-480.504
769.732
373.738
718.499
381.261
172.909
-624.85
914.228
248.987
-478.265
264.902
276.678
-914.472
-262.131
39.5246
-72.0666
1501.13
-288.359
1357.17
-210.322
287.078
329.142
-1137.33
440.173
-822.915
344.65
-322.709
-672.47
1021.05
655.797
-487.491
-761.059
224.765
458.172
208.375
-340.407
-77.1934
270.06
-555.34
-982.111
690.42
196.773
-607.876
-236.976
-757.394
-481.076
-152.523
-812.021
-204.749
1053.33
505.923
1733.58
-624.204
-83.7953
496.286
-664.938
-175.186
-147.523
-496.13
-49.4382
-1471.37
453.005
-223.286
-355.154
-464.102
750.345
352.245
614.716
607.7
-348.198
566.136
148.038
996.059
-850.803
1296.16
582.542
380.092
-304.123
-540.669
-56.3938
-426.873
-999.541
4.04644
-384.202
-379.371
82.4528
-287.515
-797.425
171.616
-77.6943
118.643
1114.84
-574.743
-111.346
803.19
274.149
-399.861
-990.265
624.566
-340.797
286.015
803.213
287.65
99.9362
-427.933
-243.644
1444.86
486.988
256.241
-101.937
1216.78
-245.919
-121.276
382.34
-791.199
-265.067
238.211
91.6437
-325.467
1380.29
-531.04
-235.192
-147.636
116.212
98.5304
-45.1974
-53.333
9.39142
2.15389
-11.5453
3.61563
-19.9003
16.2847
96.7908
49.772
-146.563
-9.36015
4.00546
5.35469
131.548
-192.477
60.9288
-165.508
117.334
48.174
13.6301
-241.237
227.607
-309.082
229.171
79.9107
-128.49
-37.0175
153.654
-56.8628
-269.357
154.1
115.258
-42.9493
46.5551
-3.60579
-333.136
202.75
130.386
28.757
38.9389
-67.6958
-373.165
361.785
11.3798
43.477
-75.163
31.686
-1.66956
-20.4331
22.1027
92.7854
-295.72
202.935
423.146
-297.565
-125.581
16.1321
-4.409
-11.7231
-131.744
-177.338
16.4089
-0.276772
5.50666
6.475
-11.9817
-368.275
438.827
-70.5514
-14.1923
1.54114
4.49941
-6.04056
3.1338
7.13547
-10.2693
-2.3479
2.63419
-0.286289
-2.34611
2.63265
-0.28654
-2.34639
2.63317
-0.286782
-2.32794
2.62887
-0.300936
2.32525
-2.62088
0.295636
-2.32794
2.62873
-0.300785
-9.87771
-5.86499
15.7427
92.4071
-297.527
205.12
54.6498
-334.825
280.175
9.73536
-0.343946
-38.9145
132.963
-94.0487
-216.931
198.452
18.4786
-446.081
279.005
167.075
69.0272
-107.942
-9.54439
0.9184
8.62599
-2.47129
2.05669
0.414606
7.74934
2.59462
-10.344
-24.9388
-9.79133
34.7302
17.3187
21.722
-39.0407
-7.24482
5.57526
-5.21225
-0.16409
5.37634
-345.579
104.746
240.833
235.818
187.328
5.14137
0.230052
-5.37142
5.18955
0.190693
-5.38024
5.14003
0.228389
-5.36841
5.1406
0.227956
-5.36855
5.23018
0.191716
-5.4219
5.18957
0.190466
-5.38003
14.5101
-24.3879
-271.915
-174.165
19.1061
-11.3567
22.1222
-16.6155
14.172
28.0025
-42.1746
-201.65
-131.486
7.29027
-34.8601
27.5698
75.0301
-33.4353
-41.5948
-13.4692
21.4809
-8.01175
-67.2857
109.422
-42.1362
11.3662
35.1889
45.1779
29.8522
-2.92723
3.09884
-0.171611
245.938
-207.236
-38.7025
114.924
-71.4474
-16.1489
16.1489
4.40138
-4.40138
-7.24482
485.351
-381.117
-104.234
-2.83507
0.487168
2.70871
-0.383462
-2.83485
0.488746
-2.83636
0.489972
-2.7327
0.404767
-2.73183
0.403893
7.60525
11.5008
266.858
-20.92
8.31168
-58.2175
49.9058
6.27637
-8.44063
2.16427
-133.704
4.14585
-0.7293
-3.41655
466.46
-346.606
-119.854
265.359
-151.31
-114.049
-160.076
154.111
5.96523
-5.70729
-3.65287
181.763
-168.133
0.190978
-31.4433
17.9741
-46.3683
60.5403
16.5898
-16.6393
0.0495435
37.961
-29.6493
52.3438
-35.0251
58.26
-125.546
-2.29508
-0.176215
-0.103782
-0.0228142
0.126596
-208.98
320.512
-111.532
12.3632
86.1671
-16.9411
0.792215
69.2156
392.314
-461.529
12.677
17.6267
-30.3037
250.81
-119.262
-19.4823
22.4072
-2.92485
-9.13277
14.8465
-5.71373
-77.7969
-155.095
232.892
126.857
26.797
-130.108
317.699
-187.591
-11.4944
11.1424
0.351972
69.55
62.6513
-132.201
-277.261
36.0237
156.053
-29.1967
-2.43108
2.72333
-0.292246
-2.47491
2.7659
-0.290994
-2.43101
2.72331
-0.292294
-2.37888
2.68089
-0.302005
-2.47469
2.7664
-0.291717
-2.47516
2.76685
-0.291685
12.8093
-37.7482
319.611
-227.204
-14.4185
-4.96074
19.3792
282.654
-189.869
-323.856
114.876
-331.234
469.11
-137.876
-365.692
-7.47272
-4.75884
4.75884
-361.157
96.1554
265.002
-0.179153
-10.919
11.0982
-391.494
460.709
-130.46
213.102
-82.6427
-29.4836
10.0012
-18.8478
49.0989
-30.2511
-94.4061
76.2985
18.1076
26.8201
88.1043
8.02486
-72.1051
64.0802
107.418
-37.8678
-318.075
187.967
-296.764
218.967
7.45096
22.5402
-29.9911
-54.5514
-51.667
106.218
126.772
156.436
-283.208
2.92454
-1.3834
389.961
-335.312
180.111
85.2476
44.6659
0.511421
-45.1773
-15.732
18.8658
16.7042
-10.4278
-52.799
91.7379
2.40713
-2.69904
0.291906
8.57291
-30.2397
21.6668
-108.771
-51.3051
-1.26715
1.26715
10.841
-19.9737
0.0412815
-0.145063
-14.8559
14.7347
0.121191
-108.339
-126.15
234.489
-5.23846
-11.7026
-34.8133
38.4289
-129.061
132.54
-3.4795
2.07489
-131.135
-97.2528
277.774
-180.522
-301.299
306.092
-4.79239
69.1436
-177.191
108.047
0.724704
3.67668
-107.214
212.142
-104.928
113.475
-12.3679
-101.107
-287.894
-73.2636
-2.55665
-30.3486
32.9052
-185.78
230.562
-44.7822
-485.625
112.728
372.896
24.3478
-11.6707
-1.01882
1.01882
49.6719
-32.0453
22.6955
6.56611
-29.2616
-103.933
162.193
-303.938
206.686
-389.784
155.434
234.35
-4.98585
9.48527
324.207
-120.087
-204.12
15.3826
-8.09235
-0.0795599
-3.301
3.38056
42.4515
44.7324
-87.184
15.231
14.6569
-29.8879
-6.48483
0.176245
6.30859
-5.21964
-30.1566
35.3763
-5.44834
-6.04608
-36.7864
66.0947
-29.3083
-333.642
-11.9369
-4.85514
-27.7027
32.5578
-127.57
-141.787
-21.7122
-396.312
418.024
-5.53789
5.45833
-35.6941
44.267
-24.0389
142.471
-235.202
123.402
111.8
47.5445
-233.324
77.9886
-13.7894
2.78412
11.0053
-5.331
-9.52488
137.001
-244.215
23.479
0.86876
21.4503
-80.6802
59.2298
-379.33
-106.295
-2.84311
0.00804159
-2.84273
0.00787449
-3.20319
3.29581
-0.092616
2.89699
-0.188277
-3.25873
3.34466
-0.0859381
-3.25781
3.33271
-0.0748935
-2.84471
0.00835376
3.3733
-3.25995
-0.11335
-2.9098
0.177096
-3.20306
3.29575
-0.0926906
-2.90943
0.177596
-3.25611
3.33838
-0.0822668
3.37145
-3.26655
-0.1049
-3.20433
3.29654
-0.0922114
11.0535
-25.472
-338.974
-50.8094
-39.5396
20.6918
-309.845
12.3175
120.856
-347.792
226.936
-32.4597
394.245
-2.22304
-4.26179
-36.4012
43.8521
-40.6024
5.74236
31.9852
-77.1826
-329.138
89.3695
239.769
-215.229
342.001
196.627
127.58
-18.7836
16.2269
-84.7091
-9.69704
59.1815
-16.6781
-42.5034
123.796
-10.3208
283.528
182.931
100.103
219.159
-492.168
273.009
-433.506
65.2306
-2.69576
8.71081
-6.01505
-237.241
-124.78
362.021
-69.5423
-147.389
127.865
-251.743
123.878
12.5341
-13.1133
0.579251
40.708
-387.314
30.082
-7.54184
-213.329
-58.8835
49.0922
141.276
-129.075
-12.2012
-43.1588
-108.214
151.373
-142.128
211.271
-26.5784
180.678
0.203376
0.061246
-0.264622
-31.4953
11.0144
20.4809
-10.1271
-291.172
-6.78807
-6.88935
-126.862
133.751
-122.11
249.975
115.599
-424.677
309.078
0.612501
0.474187
-1.08669
0.249405
-0.0460289
22.0905
-13.2771
-8.81343
-4.56074
-0.198102
42.868
49.7916
-92.6596
-6.6284
0.867587
5.76081
-0.319718
-2.60751
200.682
119.83
-61.6919
-173.51
32.6446
-3.2917
-29.3529
0.332995
-7.38367
7.05068
16.1672
12.7892
-28.9564
-1.24942
-123.294
124.543
21.742
27.3569
25.7462
119.815
-487.424
367.608
18.458
3.63251
71.2054
-308.446
-177.528
-201.802
-255.305
326.51
34.7578
82.5758
-74.0483
123.82
437.258
-113.332
-323.926
-19.8017
-0.0985708
-2.39474
2.21256
0.182176
-2.39455
2.20556
0.188988
2.38181
-2.20625
-0.175567
-2.39509
2.20566
0.189436
-2.7937
2.08218
0.711517
-2.39045
2.21148
0.178979
-2.39026
2.21162
0.178641
-74.9962
266.089
-191.093
-1.68441
-4.94398
348.95
-23.5225
-325.428
-79.0167
87.0415
273.831
-341.131
67.3003
23.4795
-58.2927
23.6758
51.5219
-75.1977
0.937041
-0.937041
-326.43
132.685
-105.865
-315.388
54.7607
260.628
-4.56233
-326.672
-156.738
-107.192
263.93
6.58063
16.8984
21.1674
-0.892982
-20.2744
8.19755
274.273
-282.47
-64.5181
119.546
-55.0276
-8.23872
23.4697
-166.603
62.67
-5.21225
255.505
229.846
34.5158
77.4001
-111.916
13.8465
20.1342
-33.9807
-128.984
171.435
130.201
-95.6853
55.0828
-310.388
2.01404
-4.7098
-5.78753
4.61523
1.1723
46.0861
-82.8726
5.14137
5.18955
5.18957
5.1406
5.23018
5.14003
4.67454
344.275
-236.574
161.578
24.7603
14.4875
-39.2479
2.89085
-2.97466
0.083807
-55.3077
-183.083
-262.492
136.342
98.8505
46.1015
30.1971
-115.359
257.724
-142.366
-127.507
-103.319
230.827
8.46546
156.943
-15.6669
39.6147
158.838
-9.72131
106.585
-123.649
17.0644
69.6265
-46.147
211.733
180.138
-391.871
-172.295
1.0374
-1.0374
-117.93
53.4119
87.9182
-215.425
-87.6765
-349.065
436.741
-41.6484
140.742
-99.0933
17.3093
27.2665
-44.5759
2.62654
25.4426
7.202
469.379
-348.909
-120.469
-293.346
-198.822
-223.01
-68.1652
291.176
-10.5968
1.65853
8.9383
-4.96561
49.6315
-16.5619
17.4803
-479.504
254.397
225.107
417.934
-233.322
-184.612
-3.92576
-1.86177
-376.893
199.365
107.083
75.1617
-182.245
-4.92687
-0.344399
5.27127
109.792
256.827
-366.618
229.182
240.197
46.7311
-32.0742
-76.092
242.175
-166.083
272.01
-359.687
-311.833
31.094
21.2498
11.5468
13.0857
-24.6325
-7.1765
3.18366
3.99284
-39.0434
-126.288
165.331
-6.49417
-0.682327
2.70603
-0.649346
-12.2144
-37.3969
49.6113
0.838362
-30.4968
29.6584
-52.3136
-356.996
409.309
20.9882
64.4216
-324.365
259.943
-14.3811
0.591731
-458.271
-22.02
37.0665
-15.0465
178.338
114.788
-293.127
-174.626
222.622
-47.9966
36.9429
-20.7757
0.147516
-10.7444
38.0179
-38.9109
-20.9517
2.84627
1.29958
-29.3387
43.1852
71.7499
-113.398
-44.8971
-270.491
-21.4171
-41.1924
45.6061
-39.04
23.0176
174.288
-197.305
180.898
-97.3449
-83.5534
21.9819
-12.401
-9.58092
53.4654
-29.7896
-435.579
413.867
14.983
0.858195
-15.8412
11.254
1.28008
5.13613
11.4536
-203.393
-276.111
5.0671
-5.37705
0.309953
-122.175
7.76378
-0.62831
4.96794
-6.01626
1.04833
4.8701
-6.01581
1.14571
-258.692
209.368
49.3243
190.009
247.249
136.558
-251.916
-23.5113
-34.7062
14.9001
12.183
-27.0831
-0.23907
0.238463
0.238076
0.238418
0.238097
0.239448
76.7056
171.005
-247.71
27.2148
19.0818
-46.2965
-39.2224
-4.16425
43.3866
84.7538
-125.018
40.264
114.418
-147.021
32.6031
-150.089
340.098
54.7052
-51.6166
-3.08861
-2.01062
2.8782
302.471
-206.316
-130.456
-184.261
314.716
4.39693
-13.0755
8.67859
-238.242
272.885
-34.6435
89.1096
-125.863
36.7534
32.4601
17.2119
-111.342
173.994
13.1861
-12.4614
-20.4809
10.1822
10.2987
-13.8792
18.2761
215.816
-22.4508
21.863
0.587849
-339.177
347.375
-31.4953
151.207
-36.7886
-36.4998
209.423
-172.923
-240.137
-55.5836
-54.7775
66.519
-11.7416
115.205
-18.8783
-96.3263
13.9176
-49.6117
-49.6088
18.1135
-0.0817759
-4.55038
5.3982
-0.847812
-2.24039
-2.24486
-2.24055
-2.18717
-2.24673
-2.24677
-93.5826
32.5692
61.0134
-34.685
24.604
10.081
144.031
-215.712
71.6815
-20.8439
31.6849
11.2877
10.6942
-73.0689
26.7006
-26.771
-2.4906
8.19793
-47.4203
-159.109
120.066
40.8253
-93.6244
-52.4264
60.6244
-229.54
54.914
28.597
77.1284
53.3919
-130.52
10.4217
15.1251
-25.5468
-124.507
23.6907
100.816
63.1319
-214.442
-178.077
389.809
1.60508
-2.33438
63.2803
-70.1697
271.002
198.108
118.334
-11.7491
-481.007
66.4652
414.542
384.584
-436.898
117.954
-3.27261
14.8194
4.96794
4.8701
-42.8834
12.5348
24.7054
99.0903
-19.2632
-30.6062
-145.622
176.228
30.4955
-79.3075
3.41655
1.34229
61.8657
-74.2336
19.856
-4.95593
38.4796
-27.426
-0.332997
-0.934154
-20.5451
31.5595
2.24304
24.8275
-54.1662
159.96
109.707
-269.666
47.0608
33.8431
-80.9039
-0.978962
0.709566
0.269396
-39.3652
32.5348
6.83039
-435.436
430.874
66.5745
44.9449
-111.519
3.6918
13.9884
-17.6802
5.99855
-11.7058
91.3144
-167.406
-116.674
96.9083
19.7657
-100.792
154.184
-436.212
368.047
80.7343
37.1018
-117.836
51.6684
19.857
-71.5254
149.083
-123.227
-25.8553
31.2968
-32.1615
0.864705
12.369
-48.7701
-40.4293
52.175
16.9729
-69.1478
0.225373
0.0647216
-0.290095
73.2911
25.5594
-8.84032
-7.26167
16.102
-26.2993
96.5868
-71.8814
76.752
21.9584
-98.7104
-27.1243
-33.5324
-33.4605
-11.1154
71.8884
-71.4929
259.697
-188.204
274.455
-210.034
17.7006
-29.915
451.783
-341.991
21.4189
-25.8279
-46.1581
188.629
100.418
256.036
161.899
-23.3458
23.8328
-0.487018
1.53776
1.83513
-3.37288
2.96168
14.5186
-66.2686
104.23
-37.9616
-53.0593
-288.072
-2.35566
-0.487063
-2.35564
-0.487467
-2.31516
-0.529554
-2.37353
-0.830801
-2.37335
-0.829714
-2.37271
-0.830487
-22.7232
-16.8164
4.61523
235.648
-162.011
-73.6363
-254.609
218.11
14.5381
-14.2051
29.1666
-19.7308
-9.4358
28.1249
-69.7197
-130.59
141.679
-11.0889
20.462
72.6539
23.9329
-4.79711
-32.7512
117.505
-38.2253
-33.3052
71.5306
-70.1077
22.1343
1.33544
-30.5154
40.9371
-4.92687
-229.122
-80.7228
108.859
20.9475
-318.512
-33.4335
5.73079
260.313
-136.911
-369.737
-39.0262
8.86954
-246.603
-77.2532
344.137
-457.469
4.31163
4.39917
-192.282
15.4232
-36.2671
-90.893
135.838
-214.596
-62.6644
104.361
3.05661
-68.6439
5.62058
63.0234
-32.9773
6.20628
-0.311639
-0.519204
0.934154
-0.41495
37.5901
-61.1015
61.7027
30.0352
5.92842
-12.5734
6.64499
2.83147
3.19695
-6.02842
8.82748
13.9079
-22.7354
-30.7043
16.5119
30.7004
13.5667
-72.7691
71.5197
22.0808
-35.8075
13.7266
16.2711
5.85107
-55.7144
18.3174
-25.9309
39.0166
21.6735
11.2317
-30.3598
119.469
54.0965
-241.385
187.289
42.4097
12.2956
13.0241
23.9188
-95.0996
28.4217
-39.7137
11.2921
-93.7656
-23.5396
117.305
37.9488
11.6626
-8.22286
-49.6088
103.905
28.7803
30.8394
-71.2687
139.776
-31.3955
-108.381
65.5859
7.59022
22.4918
-22.9174
-11.7676
-60.394
93.1481
-6.10192
-10.5374
9.94613
-17.7046
7.75849
45.6775
135.221
29.881
-15.9874
-13.8937
75.515
119.815
-195.33
-8.21433
99.4585
30.7427
-0.0876658
-96.4315
99.9009
-3.46936
28.3165
7.05976
23.9413
-57.4019
-59.7431
119.861
133.026
-252.887
31.7085
6.30944
27.4561
5.10172
64.5439
-46.9296
8.01876
93.7248
-0.717043
47.5874
-46.8704
4.56074
0.796857
-5.3576
422.864
-286.63
-136.234
-285.432
128.312
157.12
183.631
-257.032
73.401
18.9652
24.1957
-43.1609
-7.15632
35.578
64.6423
-165.434
-23.7718
43.2019
26.4246
50.3687
98.714
22.9183
-12.7572
6.74219
36.9284
8.67774
-145.571
37.3568
-221.146
79.018
307.646
-333.707
26.0611
-160.611
33.7489
-80.6772
45.6422
-159.657
36.3634
-134.794
28.9294
-125.807
30.1213
145.473
-107.22
-38.2535
-2.48647
-6.77247
9.25894
-395.814
223.519
-0.753589
46.3797
-144.747
53.854
-141.051
-121.441
22.5784
6.58816
-11.0201
-105.654
-45.9094
-137.506
8.43159
-83.7578
0.106003
-319.795
309.668
-309.597
134.422
175.176
113.264
-159.423
-119.393
-1.07742
1.07241
32.2501
14.481
-370.164
319.336
50.8278
32.1235
11.7286
-4.96102
-102.352
-23.455
-123.857
15.8213
49.0682
-13.7063
-321.119
47.163
195.012
-1.72504
30.4178
-51.5947
12.2295
312.733
-5.08673
373.355
-102.962
-270.393
6.24616
-13.788
-145.984
-119.2
-15.5941
-115.819
-29.7515
18.1652
30.9029
-6.52931
2.60356
3.92576
-4.66076
32.1725
-169.45
53.6307
152.65
58.6216
-238.8
92.816
0.0453326
-10.9643
8.96181
-28.6926
40.2914
10.8613
-51.1526
-42.5651
77.1327
-390.961
313.829
-224.177
152.685
7.38281
-12.3687
29.296
-50.0717
4.11018
5.37509
5.39829
-19.2775
-5.41632
-314.869
76.6275
214.81
58.0755
-272.793
58.1965
-83.7011
31.3996
-22.406
17.2771
-54.9307
37.6537
113.469
-144.075
-141.047
-41.1983
-157.778
33.9202
-0.0322926
-0.0348264
0.0367915
-0.03489
-0.104987
-0.0352569
-0.0351528
32.7283
91.8148
-208.726
-156.407
37.0137
-5.22334
205.905
-1.75904
-4.25723
-1.75626
-4.25955
-217.879
-322.115
112.412
209.703
0.39332
0.365731
0.393059
0.367641
0.367685
0.393197
361.38
-165.654
42.4268
334.088
70.3272
5.74917
-76.0764
2.24732
83.0969
-12.7697
-110.153
-27.0155
137.168
-11.2981
6.33741
16.2103
12.3234
54.1957
-112.977
94.0987
8.75989
110.093
-172.329
62.2359
3.06346
-9.22309
6.15962
-2.40415
-0.294881
-6.52931
82.065
-100.177
18.1121
26.932
19.3798
-115.811
-156.255
49.0355
-0.403877
3.60083
3.25071
-55.6772
18.4246
-15.3611
7.9349
-4.29035
-3.64455
-184.736
55.7522
-1.71679
-248.744
-9.9484
-165.023
53.6804
-4.14972
-1.89084
-22.5425
-0.160227
0.429623
-300.747
82.8687
-188.604
91.2588
-191.531
-58.3343
202.365
-84.4017
34.7929
-113.291
-208.824
-8.17424
24.5684
-51.0243
222.029
-56.5108
-40.6106
61.0726
-1.07028
7.54528
-167.188
-48.5238
47.463
-113.732
59.275
363.589
-11.0596
24.3955
-5.43026
-71.1649
-270.789
341.954
228.954
-205.936
64.0735
-179.906
115.832
0.806126
4.26097
-9.57358
41.1959
-10.8036
-58.3442
4.61017
-12.5124
18.4142
0.909756
-34.9974
4.50058
-69.767
-71.2795
-345.977
-49.8365
-122.591
-14.9148
-5.18925
-5.19125
-5.1906
5.20078
-5.18977
-5.18957
-4.71038
8.23019
4.99744
291.634
81.7214
-73.1732
103.208
24.7522
5.12886
10.1822
27.1611
-19.5558
25.8526
36.2339
-29.1327
-7.10125
-18.4078
45.3728
-26.965
-127.183
-9.50739
480.641
-439.934
-513.687
395.234
118.453
462.342
-452.159
-10.1831
48.1697
-32.7465
161.728
-183.102
21.3745
-24.1997
-111.502
135.702
230.619
-183.456
78.6399
19.5263
15.2587
-34.785
56.3636
-38.1984
-230.89
-373.481
-84.7896
-0.764614
-0.172427
272.092
-62.7243
-23.2352
13.7846
189.702
124.317
-314.019
-66.882
-53.9526
15.7272
-128.997
12.8713
-2.1072
5.94531
-183.151
386.543
-288.619
-97.9247
-8.35364
9.6276
-1.27395
-50.047
231.184
-181.137
6.76419
-8.4486
109.518
124.972
-17.8777
20.6963
3.6992
408.459
-491.787
83.3276
16.9446
-12.2333
-4.71129
-234.377
199.01
35.3676
-11.6551
-17.3013
-12.6605
52.9519
262.354
-319.411
-28.3805
108.83
252
-360.83
5.36422
-21.7961
16.4318
-25.6347
-12.5999
-125.664
-12.3785
11.9712
0.40731
16.1272
-3.55736
-86.1106
157.792
-18.6127
-62.2912
85.3643
304.597
-45.3634
58.9301
50.359
-36.6324
-44.451
-14.4325
242.072
94.5363
-336.608
-62.785
163.47
-150.51
-12.96
-1.29424
8.3112
-7.01696
-24.5896
30.4407
154.63
-291.541
0.139273
0.100253
-0.239526
-6.86716
113.913
-183.68
115.062
-82.4926
-114.517
335.726
-147.881
-187.845
-79.824
-149.376
229.2
-118.191
41.9405
203.779
-245.72
-39.8322
52.367
-165.87
47.0766
-35.8449
33.3418
-13.7002
-19.6416
135.633
-47.246
58.9747
-27.5744
77.4802
176.044
54.5746
409.061
-442.575
324.809
-455.455
-413.883
289.925
-406.608
405.776
-121.497
95.3761
262.39
-357.766
-62.6908
182.506
-3.97014
86.0352
-227.346
104.181
131.467
5.20078
-5.1906
-5.18977
-5.18957
-4.71038
-5.19125
-5.18925
20.2685
-75.7784
55.5099
-1.30141
0.897531
138.012
36.9946
-175.006
-5.26863
-128.779
134.048
-220.013
-55.9265
275.94
-134.367
134.309
18.5412
-152.85
-42.5065
53.7985
-24.7024
-120.045
-124.887
-47.3274
49.9379
45.0421
70.8364
-115.879
-36.5597
32.2133
4.3464
65.1825
-43.9328
-12.1108
-33.2061
3.22749
12.3582
-15.5857
-84.4017
203.929
27.2548
-119.38
0.94973
250.878
72.2111
149.17
7.9349
-118.475
-69.0903
319.968
57.9222
-130.688
-125.934
58.2534
-41.0415
-264.398
-149.485
12.4557
-4.52082
64.99
-94.4181
155.347
-54.5763
43.7727
535.426
-428.603
-106.823
480.233
15.0062
-85.2199
-286.277
371.497
-25.3626
-198.815
314.332
-418.566
439.875
95.5505
55.3803
-6.28808
-23.5624
26.7899
-0.315155
-10.1079
-2.96763
193.557
-31.8296
84.412
104.354
-188.766
-197.294
14.1913
-168.12
-197.61
365.73
55.5509
-41.0699
-244.924
294.248
2.08872
-49.9993
47.9106
-11.0978
41.3274
-30.2296
38.6152
-57.2279
-279.825
-90.3384
-292.604
-56.4549
74.7723
-11.9556
-0.727666
-115.344
160.386
-395.755
184.771
210.984
28.4456
10.571
-130.073
19.92
-16.3654
1.61426
1.61519
-119.896
-16.8463
77.8597
-276.658
155.218
51.9134
-9.17944
-42.7339
-53.241
64.9036
105.34
-0.940483
3.54404
375.511
104.722
266.938
-236.363
-30.5749
346.254
-28.555
-179.39
368.958
-240.646
434.989
-91.4612
-454.414
286.294
-13.2648
-352.255
158
51.1914
-44.882
144.024
49.5335
-41.9786
47.7094
46.538
-41.4363
205.012
-120.6
-133.612
-275.988
21.3789
-179.247
-147.27
326.518
-234.048
-48.9519
57.8215
56.6354
-48.6166
-285.641
-42.6558
177.28
-134.624
-9.48471
118.801
-19.7108
19.4397
17.6268
79.6588
-0.701285
0.762531
9.37148
-16.1596
-44.6691
51.7289
388.892
46.0966
27.3195
11.2121
-229.873
218.661
24.1919
-41.9586
48.1649
-2.24591
-1.01404
2.13278
-117.345
113.375
-365.045
42.4234
188.913
-231.336
416.626
32.3275
103.466
-135.793
40.5383
24.4517
266.938
320.863
51.9134
-3.625
15.5067
1.43796
70.8322
34.302
12.4557
52.5368
124.743
87.3627
-60.9381
326.153
90.4729
-97.8237
-38.4585
24.3151
267.851
-292.166
-4.29035
28.1792
-4.55038
-23.3931
96.0471
31.2778
60.7259
-47.8547
6.03307
196.561
105.979
-130.179
13.6275
-3.4013
-320.525
-112.977
287.168
166.454
-147.913
176.912
95.1805
-283.567
-81.4782
66.9396
48.1221
43.694
201.641
-97.2865
-406.104
-0.503134
-51.8455
1.96204
6.17175
-8.13379
166.519
-252.339
85.8209
-52.1887
43.0092
84.217
252.164
-189.032
-99.9047
53.949
79.3271
15.9956
41.9266
65.0212
260.888
-325.91
-18.6528
-0.244317
70.9913
-10.6061
411.848
-169.776
-352.466
-7.17195
12.2535
-5.08151
-114.887
52.1022
56.7336
103.653
44.7805
-6.98568
-51.0186
155.199
60.2986
-51.6208
-324.74
145.493
327.019
-332.242
-376.165
-0.448342
-0.814236
-2.44358
-0.797195
-2.46153
-0.981045
-1.92876
0.937381
1.95961
-0.983159
-1.92627
-0.811759
-2.44435
-0.39497
-1.90011
-0.816656
-2.44989
1.50206
1.83632
1.50712
1.83754
0.767853
2.5279
0.767422
2.52839
0.791855
2.54085
0.766982
2.52956
96.5002
-334.944
238.444
2.54645
-15.1357
-39.4406
-158.881
153.613
-329.939
131.049
198.89
84.021
-74.6924
-9.32858
296.987
-44.9862
-234.705
-3.29674
22.7364
-286.653
394.891
-108.238
-0.00578997
-45.1392
231.151
-29.1817
-212.79
62.5734
150.216
-195.685
282.86
-99.4558
62.9826
133.578
-134.598
21.6209
151.86
11.6105
-185.25
340.684
48.72
34.3769
217.526
96.3428
-313.869
-12.7204
-229.175
166.149
63.0256
-1.8699
14.2281
87.6562
-77.2343
-10.4219
395.051
30.8215
-376.968
-33.2375
-358.863
-80.6815
-23.2943
-188.037
-136.703
-10.9884
-40.6064
-12.6182
72.8936
-60.2755
279.256
-320.925
173.655
83.6044
-121.858
-262.437
385.301
159.958
-391.215
-5.09643
12.2038
21.138
64.5865
212.28
-276.867
29.0449
80.377
-2.64847
64.871
-12.9576
11.4192
15.7419
-343.401
280.529
62.8712
-25.8401
-89.0471
-163.256
16.2401
21.2047
-90.1884
-4.93879
23.6171
279.256
199.431
-324.919
125.489
-330.48
142.442
141.566
-42.852
-342.87
286.704
56.1661
293.398
-235.202
241.593
-116.989
-124.604
95.408
37.8591
22.8668
64.871
70.9222
13.0988
-54.9238
10.4728
113.921
91.0913
-53.1306
-134.598
-72.8256
1.88825
3.50995
17.5137
-10.7715
-131.086
-42.7339
-21.4278
76.9377
20.2225
-37.6759
17.9818
-29.0796
4.57809
43.3325
341.404
-47.1761
-294.228
144.633
-5.3142
323.207
349.492
-248.362
-101.13
-236.363
160.191
-131.261
-1.88612
-2.51527
125.71
132.015
26.9842
127.544
-228.576
358.136
-191.06
-342.727
77.2165
-243.292
166.076
56.8908
20.5687
-77.4595
181.477
257.761
83.6425
129.985
21.8745
-32.4415
-29.7939
-354.33
450.23
-95.9004
-75.718
139.792
-56.6253
-326.214
382.839
228.722
202.048
147.444
170.982
-318.862
-3.57585
36.865
178.387
-215.252
17.2979
168.156
-135.984
-104.316
175.694
-138.337
-186.504
-406.259
184.683
-131.052
199.521
-141.812
-57.709
214.587
-155.966
259.143
-247.931
233.636
-154.618
251.555
-158.739
-211.902
-132.921
-225.04
225.04
158.04
137.474
-295.513
121.152
-263.518
213.199
-0.764735
-158.117
-91.9107
60.8426
31.0681
104.942
-292.787
63.7435
-9.54778
303.774
-166.774
192.211
-88.5585
-3.54188
160.571
-130.449
-275.297
146.234
298.238
-345.414
180.998
23.2283
285.839
-122.028
50.7307
13.8499
-64.5807
145.375
167.564
-312.94
232.634
-55.7225
-207.521
144.055
170.235
-314.289
54.4704
-84.2643
343.641
-247.14
3.74779
-27.6985
23.9507
18.3138
10.4007
4.33399
144.02
-95.8976
246.02
-132.098
-46.2186
252.164
-274.509
351.137
394.009
-312.287
146.771
80.5391
15.1955
-95.7346
-343.775
364.722
87.6562
-263.772
321.848
-91.1291
167.979
-136.579
39.8037
-20.2774
174.31
-140.561
179.277
-145.357
-2.25133
1.73212
-232.193
296.78
12.8889
-6.89039
162.176
-129.448
-299.834
142.744
157.09
-416.877
298.041
118.836
19.0979
18.9185
194.31
0.380105
116.84
64.6368
148.352
201.275
-349.628
15.0023
341.486
16.5221
317.71
270.556
-249.177
339.15
-196.708
185.461
-378.434
192.972
97.8918
-22.3184
-69.5923
204.673
99.1009
-19.0312
-262.145
327.167
-102.628
-6.37222
11.7473
324.24
-422.165
102.907
322.638
339.79
-214.301
-186.134
186.134
170.952
-134.588
7.86984
180.891
-143.877
-66.2906
-6.8554
-34.0478
40.9032
-190.349
335.841
258.156
-180.94
179.511
-137.085
124.034
-240.207
276.231
14.8393
16.7203
-147.397
147.397
-216.387
131.969
-107.778
16.4682
127.207
-152.57
282.675
-12.119
349.124
-224.553
102.528
143.491
-301.812
330.662
-28.8499
-71.9262
-97.1244
63.8191
13.1922
159.335
-217.669
-167.656
162.162
165.942
-328.104
131.969
303.415
-84.2551
75.4276
-76.1447
-140.541
-159.293
-206.081
128.232
-86.8472
268.946
-182.099
171.429
-125.049
310.308
286.458
94.0987
264.961
17.7146
36.3264
281.691
-160.539
-272.662
132.465
140.197
109
234.641
323.796
-225.904
-295.438
282.595
-156.885
274.967
-168.969
-105.998
-1.40713
268.13
37.9611
9.9277
-9.7933
-0.134401
333.144
-180.267
-117.715
-238.905
-243.264
310.619
-67.355
-77.6144
-139.032
216.646
74.6193
181.083
-127.134
-112.054
-247.768
-248.979
-77.2343
-137.935
-9.46255
38.0498
-31.2062
197.658
-166.452
182.095
-133.06
-185.132
-83.9478
-283.753
367.701
-131.39
222.481
-125.055
157.383
148.801
-150.022
-122.64
199.689
-149.751
-160.832
394.135
-233.303
-224.913
261.778
205.474
-149.721
196.916
-134.68
22.5223
-4.8217
-93.808
260.326
143.082
-97.9125
86.1634
-176.079
281.021
-124.737
252.281
-157.532
289.997
-350.959
185.907
148.379
245.404
-190.829
-162.01
311.466
-149.456
-111.465
240.786
-129.321
-197.232
317.955
-120.723
-423.139
0.274442
-5.21843
68.3215
83.7928
-315.986
240.588
-149.329
190.739
-137.058
-0.897439
94.1518
-65.0364
-29.1154
334.562
-61.5531
-19.7513
12.5794
-198.215
22.0894
4.70049
-167.656
-16.8126
97.3517
132.572
171.309
124.806
148.128
169.582
-21.0903
20.0129
-317.244
-72.9761
390.22
17.8165
59.1212
-107.778
99.8051
-314.106
304.651
-122.69
-181.961
-238.429
136.32
102.109
-137.935
-158.646
315.736
13.4322
95.7704
173.176
-3.63513
0.0592854
114.428
-332.86
165.876
166.985
-152.404
299.175
30.9078
-1.0675
2.95574
2.18713
-1.91269
-149.255
358.69
-209.435
-0.447152
68.4857
21.5313
228.454
-125.926
251.016
-0.0514275
0.525614
74.1666
176.571
149.946
351.661
-166.2
229.426
-37.4507
-191.975
401.982
-145.329
-165.059
6.87848
-12.7435
234.286
-133.836
-100.45
185.352
-173.741
-115.185
-66.6037
1.70999
154.5
152.928
182.914
7.47568
-1.13827
15.9516
324.699
9.21281
-398.509
215.426
12.4902
6.27308
-1.76009
257.796
11.7534
147.113
-309.123
29.7298
124.381
12.0141
-189.101
342.029
85.2569
152.82
55.6763
-134.389
96.5551
154.16
-296.42
138.888
21.3666
129.84
107.565
-305.357
197.793
-8.66618
316.695
141.138
15.117
170.407
-163.848
-66.2294
270.903
116.049
116.865
135.416
-18.5751
113.983
13.1524
9.80322
-9.31244
-0.490782
-84.0565
-211.485
295.541
-216.709
315.81
260.168
351.452
-208.37
92.433
-5.07831
4.26407
-5.05593
4.25873
-5.76585
4.78481
-4.31088
-4.26407
-4.25873
-5.07874
4.26698
-5.76904
4.78588
-4.26698
-4.31088
-5.7547
5.35972
-4.81731
-5.07621
4.25955
-4.30922
-88.3382
-150.091
9.77025
120.285
11.6819
9.12487
-105.411
118.51
165.954
-232.184
85.4768
-54.199
-139.114
151.842
-200.366
210.084
118.428
-328.512
152.247
287.497
-177.79
-189.032
298.052
-183.623
-264.065
319.742
65.1371
194.45
82.9417
-277.392
10.3398
-4.16805
-2.60365
96.1255
-93.5218
62.6996
-35.3427
-274.958
105.989
-346.093
-272.569
90.4704
-133.261
285.508
-6.55183
-26.9604
-320.404
-3.97333
-225.9
240.127
-123.262
-75.635
241.711
0.813886
-45.6908
44.8769
185.367
166.294
237.509
-140.954
0.480691
-142.092
251.61
-139.864
-14.9557
139.838
-94.1602
239.237
132.261
185.201
-5.21214
-179.989
-0.296854
-378.611
145.289
402.43
-253.629
78.1192
-259.059
-114.725
108.188
138.039
172.27
117.436
319.546
-431.025
-87.088
205.924
90.8555
-0.193668
244.508
-48.2306
-70.608
118.839
317.649
-14.7729
213.92
127.197
-341.118
-179.187
117.368
-137.079
74.9336
-220.69
145.756
-356.235
141.733
214.502
15.5511
22.9285
-20.1213
-460.954
-74.0619
-68.6708
142.733
-274.882
314.407
45.9702
2.84627
-339.224
29.5301
203.873
-233.403
271.311
-350.526
79.2145
104.015
-272.442
-303.291
18.9233
130.346
-149.269
73.8576
12.3095
186.405
130.291
153.087
28.7876
74.1199
9.7456
-19.3192
-287.822
-82.6371
370.459
332.348
-78.4181
179.327
-263.383
288.866
297.543
-292.868
59.0847
-129.192
-68.9503
-129.48
232.977
-301.641
68.6646
302.962
-178.156
-20.2585
167.6
17.7515
96.8846
-348.693
251.808
3.98727
-3.98727
-186.779
-193.922
-367.406
54.1011
-273.303
219.202
-1.17966
69.5012
-2.87424
2.67614
9.16509
227.254
-292.387
-203.534
55.9026
123.573
-133.894
18.5769
9.3395
-212.492
-152.634
335.82
-183.186
221.616
37.5278
2.25979
-2.57143
136.274
-91.493
-10.0909
-163.27
173.361
470.891
31.1933
-258.423
-57.5628
72.0015
-248.514
176.512
-17.3627
-113.93
53.1911
201.167
-77.2961
3.01001
-14.6807
71.2825
-80.8302
62.8089
354.871
26.6744
52.7284
-150.015
-7.52696
-65.1115
52.6336
-243.463
-71.6286
57.1961
9.83808
-9.28595
235.775
55.1773
-290.952
-189.068
188.801
0.266927
48.7923
-115.287
66.4945
34.9065
11.4599
136.135
259.033
-206.4
-197.492
-71.802
65.514
87.4358
246.464
72.3154
-318.779
7.19329
90.1584
132.018
-14.6497
-77.3763
65.6348
-409.58
211.969
-91.6239
-1.68227
-0.56906
-113.443
132.366
-98.7215
296.514
80.1839
-106.039
254.412
76.2502
-13.5064
251.146
276.571
-140.23
-199.159
-60.3969
80.6194
43.9853
-226.042
34.067
-85.0671
72.449
207.952
-196.492
168.306
-132.939
287.078
46.1589
78.4758
22.1693
185.782
-37.1654
17.5238
-1.23964
-0.0617668
229.292
-144.035
-258.996
152.999
8.78117
1.55863
-13.8414
-18.32
1.75862
0.488708
3.36339
82.8
93.0764
-91.0015
-46.1284
0.103362
153.509
165.842
-335.263
169.422
270.753
-10.5852
-280.615
101.428
326.727
31.8606
-190.145
25.0043
-6.05421
-8.32693
-291.333
-204.12
-198.31
-0.849206
-311.632
8.34138
36.895
45.1444
39.7103
-3.00704
46.3457
68.4691
72.7752
77.6701
-50.2409
-226.626
96.9366
-474.292
43.3406
-272.443
-72.853
28.9203
191.265
203.626
-7.51247
-0.92816
-63.365
80.6629
18.0264
3.83658
-242.928
-339.68
66.0286
-15.2978
109.399
255.893
-1.37101
1.37101
-1.31933
12.8201
52.0481
-18.2552
119.5
87.3646
-14.7421
-349.408
188.999
160.409
-23.2814
83.2186
37.5299
10.9786
-155.722
0.000955254
-0.000955254
37.7306
-63.6876
22.6461
51.4138
-300.591
38.7161
2.14317
-14.5441
62.6082
25.9165
8.88026
7.22173
78.5833
-101.233
-159.294
260.528
-50.6645
63.8567
208.346
-133.413
-86.7132
248.79
-134.002
3.06498
-5.23846
0.200381
-106.815
70.9824
14.2327
280.818
-81.0301
115.173
-330.402
-285.546
50.1127
22.781
41.5034
180.674
-358.573
177.899
-23.0882
8.04628
-17.7676
66.9703
260.219
66.948
-60.8028
19.7329
185.688
124.197
-129.808
5.61158
-295.102
70.1884
-0.627382
0.627382
46.3028
-38.2512
-121.004
-71.2787
8.38933
20.2355
-65.8271
3.99361
-3.99361
166.391
-257.657
91.266
0.10492
-0.10492
139.958
-154.608
-167.647
-170.522
336.364
293.194
-137.976
-83.1358
39.7028
-273.751
-0.0783293
0.0783293
-4.86009
13.6413
-287.939
8.47654
-0.450348
-8.02619
-3.3365
3.3365
2.6255
-2.6255
3.55439
-3.55439
-3.2831
3.2831
3.29117
-3.29117
2.39751
-2.39751
3.07636
-3.07636
-10.7101
10.7101
-2.73749
2.73749
-2.66423
2.66423
-2.88935
2.88935
-2.5454
2.5454
3.8727
-3.8727
2.94063
-2.94063
-3.51988
3.51988
-2.79222
2.79222
2.91815
-2.91815
-2.91654
2.91654
-2.49203
2.49203
3.67668
3.05157
-3.05157
3.34423
-3.34423
-3.49175
3.49175
-2.94483
2.94483
3.16662
-3.16662
-4.45234
4.45234
-3.17839
3.17839
3.23522
-3.23522
2.55684
-2.55684
-3.83806
3.83806
-68.9714
18.3069
2.49475
-2.49475
-73.1675
3.93674
-3.93674
4.28768
-4.28768
-2.12341
2.12341
7.02712
-187.016
211.234
-204.207
306.165
-2.98569
2.98569
-4.40466
4.40466
-2.89785
2.89785
3.13542
-3.13542
-4.4542
4.4542
2.35738
-2.35738
3.83213
-3.83213
-2.89807
-5.15146
5.15146
-4.04162
4.04162
-149.653
-169.21
2.41523
-3.95925
3.95925
3.90794
-3.90794
3.34501
-3.34501
4.48867
-4.48867
100.361
-3.06181
3.06181
139.862
-153.368
57.0465
-0.082543
0.082543
74.1357
-164.065
-84.4488
88.058
-423.37
-4.18472
4.18472
-24.7522
84.6404
-325.286
-155.138
-172.966
0.0911018
-0.0911018
-13.6427
3.53478
-0.271974
0.271974
284.438
83.2621
-96.2103
-124.479
-1.78496
-164.05
165.835
79.6265
-288.353
-3.59508
-2.89909
-10.1127
140.459
-125.997
-166.79
-6.18479
6.18479
66.6291
2.681
-2.681
5.29735
-5.29735
402
-9.31085
-116.944
34.4519
-243.591
312.256
63.605
-38.5594
49.1304
-161.15
0.682184
0.330841
-1.01302
134.479
-316.278
119.046
34.6873
-252.182
217.494
219.936
-219.936
0.0951086
-0.0951086
117.774
-4.18467
4.18467
66.5611
184.105
-250.666
-185.42
-41.4371
260.639
-205.232
104.781
9.2321
-0.920908
2.83917
-2.83917
295.207
-155.458
-139.749
14.7464
-178.017
78.928
-290.413
101.246
5.57526
9.04636
82.2651
-141.272
59.0073
322.48
80.618
55.6555
-20.6608
95.28
-9.6969
-359.944
178.091
181.853
76.2529
7.71514
-83.9681
333.952
-234.146
-397.104
-194.999
2.4872
-2.4872
177.416
3.58262
-101.054
307.74
196.413
-243.776
46.2832
-9.01156
54.1895
351.386
-114.968
-11.3001
-13.0878
-17.0915
29.1057
-21.6967
-268.087
-107.368
98.0824
-98.2017
37.2636
18.1249
-10.3515
-7.77337
47.5881
-58.6709
11.0828
1.73651
-1.73651
-149.807
4.78588
-4.81731
5.35973
-4.25723
-4.31088
-4.30922
4.78481
4.70251
-4.70251
4.70063
-4.70063
-4.31088
4.70208
-4.70208
0.0883332
-0.0883332
-209.709
93.3224
-8.72089
187.322
-107.411
-32.4166
-39.212
36.9732
-83.1202
-2.00011
12.6943
-321.423
-96.1032
113.168
48.828
31.7914
60.0784
-178.662
33.3055
-124.296
28.3982
-64.1848
12.5639
-290.158
1.62289
-1.62289
86.7583
-228.221
141.463
-304.791
25.8095
-284.233
157.881
-279.91
208.18
-207.913
4.06501
7.6823
-140.735
-59.6307
-19.349
-56.7956
44.0097
-187.887
49.4364
303.678
18.6354
208.971
150.72
201.132
-351.852
-69.3911
100.299
52.8653
12.0126
-139.292
139.292
-212.262
13.9527
-114.17
-177.519
167.808
9.71122
-13.8937
-37.9918
59.1966
-14.6059
127.316
-311.576
1.44665
-1.44665
176.264
-56.1987
34.616
-68.1484
174.486
119.762
-14.5195
99.0731
414.478
-214.998
-199.48
-232.418
136.208
233.546
42.6845
-7.31169
-3.19424
-4.05058
183.106
-50.5122
-6.71571
-212.446
4.06879
1.87652
-260.309
-77.0249
-18.7097
306.558
-253.367
141.091
1.44747
-1.44747
-137.959
264.097
-154.698
-199.134
62.0752
66.394
-42.7769
52.5032
28.1597
-33.1893
80.8537
-47.6643
63.4826
-226.318
76.9894
-8.81417
152.964
117.16
146.77
5.67609
-2.33519
-3.3409
-81.1767
229.892
-148.716
-210.358
256.641
74.1621
-268.023
29.4935
153.215
-240.471
-22.8221
-49.6248
-75.2005
3.09546
-94.7149
-239.063
-26.607
97.2071
-106.021
-80.7748
-269.751
-1.23629
2.09663
-0.860336
2.61626
-32.1079
8.04682
24.0611
0.482725
-0.482725
-45.3738
-245.372
-178.986
319.638
-81.1937
0.159399
-2.80787
0.174573
-2.78208
6.82237
146.687
-114.85
82.4333
-2.33015
0.319534
-0.143021
-28.4022
-25.1467
-9.6383
3.06385
-3.06385
162.082
212.554
165.535
170.285
-0.229029
-0.0610654
16.4521
303.29
67.9259
162.337
-45.8004
276.876
123.004
-35.695
-87.3091
-12.7735
85.2224
129.323
66.5583
17.0317
-83.59
-0.792422
106.132
15.0584
-8.66524
-6.39321
50.2813
11.3954
273.223
-181.95
393.074
-242.354
196.627
-58.2862
66.0014
-234.235
2.66905
205.198
-142.589
-38.7553
-112.452
-220.664
-135.042
-0.666665
0.666665
312.683
192.333
1.13751
-1.13751
8.65837
25.0709
14.7328
61.4196
52.7903
-116.057
63.2671
-11.0618
108.269
366.667
38.8194
67.2651
-135.936
223.681
-19.9019
-159.552
64.2344
-59.8126
-4.42179
121.243
61.2626
-62.0597
378.631
-127.615
-65.2818
-382.043
147.808
105.358
47.376
-122.986
-49.6351
-86.3007
-8.09235
222.397
-225.374
-88.4954
-62.2448
91.1651
-152.642
305.606
-53.745
65.4985
222.326
88.2929
235.824
-52.3978
-183.929
46.8446
-95.4954
75.0647
-59.1131
155.478
223.152
245.66
-307.967
62.3072
-208.574
0.660555
182.176
115.886
-298.062
-4.24261
27.4731
-11.3243
-55.0599
166.768
55.6295
6.26134
-293.514
155.538
-47.236
129.501
12.0475
-0.747419
-2.55358
-243.899
55.4149
-72.4779
17.063
-2.28852
-2.92991
75.1477
195.037
66.7416
16.763
324.475
270.679
-152.905
351.59
-266.95
11.5775
-10.5871
-0.990431
70.5173
-22.7148
78.3437
104.6
190.941
-99.2623
-221.791
0.84318
-0.84318
154.309
-228.029
73.7205
-36.3321
-24.3328
0.743625
-147.469
-359.483
254.194
-64.1992
5.91294
9.84048
-4.25027
-7.82018
-109.063
16.6848
-1.56783
-152.981
289.436
-253.255
160.979
-32.7478
-164.978
86.9666
183.936
206.43
136.791
-343.221
-13.3753
164.049
92.2673
-256.316
99.4789
216.331
-147.085
-167.301
-114.919
-80.2599
-56.8407
47.5121
0.119819
-0.119819
-155.336
79.3635
51.215
-130.578
238.185
-89.8439
227.969
-188.259
-198.509
271.284
279.113
-0.71487
26.6065
0.105875
335.316
-76.5039
-317.62
200.244
-162.513
-5.39592
5.39592
-141.389
-11.9787
-73.3272
215.009
213.07
-0.490708
217.914
292.515
-330.012
-69.6303
399.642
66.0442
-1.24485
61.0021
-6.83724
-225.801
43.4711
-18.4002
28.9656
-75.3246
241.715
2.25103
-6.36511
-61.2285
79.1222
116.627
-0.158171
8.02801
-165.147
338.017
-122.591
90.9945
-28.9772
110.519
21.7745
-115.981
321.846
-205.865
-63.6054
-130.341
247.778
160.68
-295.242
78.9346
-56.2885
-109.059
-341.693
214.079
347.812
-2.6876
2.6876
-175.212
-4.69407
32.4313
-4.86149
96.9475
-33.1284
-259.094
110.108
-151.086
303.298
4.39927
163.409
19.6786
2.87388
-14.5765
0.355408
-66.451
-0.679029
1.16774
2.31498
0.300543
-286.336
374.629
0.167054
-0.0387303
-0.227992
0.271283
-0.214805
0.318314
0.00160682
0.424511
0.546918
-1.28572
-0.423398
0.943447
0.297408
0.0469764
-0.467914
-0.0059243
-221.454
-142.649
3.76937
0.0127725
0.695699
-47.5661
0.615968
-0.133678
102.788
-88.5121
-14.2762
17.0057
0.269485
322.316
-52.5443
-6.13362
30.3541
-48.5042
-7.55844
-76.4096
-0.454419
-154.438
272.543
-274.87
2.32721
-190.845
282.111
0.80868
-0.0191012
97.6319
-105.19
83.4393
44.9834
-106.212
2.33159
-1.22349
-1.1081
-39.2821
-3.18597
3.18597
-0.0542241
-102.717
8.55693
54.3821
0.00400664
-28.2251
-0.105293
0.611496
-0.506203
8.83156
-2.45015
1.70273
-19.9653
-2.90442
-90.0575
119.259
-274.716
-18.6421
83.849
-12.1074
15.8768
44.4467
33.228
-29.8883
-9.64861
-28.0996
-47.2448
74.229
-19.8475
-2.15012
14.3059
44.7359
125.954
215.803
234.427
-6.78748
18.1828
290.065
6.7016
-83.1113
-147.744
280.005
13.4235
-0.10277
-0.165997
-63.7582
112.839
-49.0806
253.142
192.704
129.143
-332.787
107.413
-3.19424
34.1417
-21.9379
-55.5413
68.6936
8.42214
-6.49574
-1.9264
28.6049
4.08492
-193.814
-52.8293
71.7479
-84.7913
2.79318
-57.4975
261.661
-84.6021
243.48
-107.272
-0.980812
304.345
43.9203
322.279
244.702
2.34267
-2.34267
1.55105
-7.26478
102.7
-45.4696
61.9917
-22.4849
23.8114
1.43198
33.4394
-55.9243
-143.028
-158.722
-56.7036
-6.73682
-41.0325
47.7694
-25.0741
-25.4381
-0.716962
157.495
-0.261641
0.261641
34.7089
46.1448
0.552281
-25.6438
-6.46409
-0.750687
148.765
-4.0131
4.75673
-1.06702
-241.517
-2.33519
-62.6543
-98.4956
-74.6622
-115.712
82.5839
-60.167
71.8489
-7.92056
7.88183
-82.8989
-109.042
-154.483
295.939
-301.026
-47.4966
15.5903
0.0523827
-0.0523827
-78.8988
-39.7779
-2.15916
2.95602
66.2948
-56.5245
-149.465
190.968
1.37407
-1.31479
-63.5554
85.0867
-259.873
347.238
45.4027
4.03367
-0.113617
-134.426
92.2702
-114.441
302.408
-0.141822
0.472662
12.8413
29.3098
49.2998
375.262
-296.333
-148.955
61.9798
1.08302
7.39352
2.66905
-11.2349
-72.3551
-7.26475
7.46513
-11.7045
-293.287
-48.4066
0.0259467
-0.597966
-149.46
-232.583
23.8662
-15.0625
340.577
102.451
-43.3658
-139.944
16.6265
24.2767
-25.4089
137.453
0.635298
-0.635298
0.84844
-0.84844
0.546924
-0.546924
-0.927701
0.927701
-0.759191
0.759191
-0.930707
0.930707
-0.927782
0.927782
-0.847109
0.847109
-0.801611
0.801611
0.837522
-0.837522
0.939855
-0.939855
-0.758488
0.758488
-0.936343
0.936343
-0.857025
0.857025
-0.936287
0.936287
0.931918
-0.931918
0.847164
-0.847164
0.869815
-0.869815
-0.87377
0.87377
0.976184
-0.976184
0.848032
-0.848032
-0.799004
0.799004
0.837399
-0.837399
0.838512
-0.838512
-0.632146
0.632146
0.939725
-0.939725
-0.546528
0.546528
0.850405
-0.850405
0.838608
-0.838608
-0.542518
0.542518
0.636088
-0.636088
0.823281
-0.823281
0.871215
-0.871215
-0.873761
0.873761
0.936083
-0.936083
0.908615
-0.908615
-0.916657
0.916657
0.546796
-0.546796
0.54093
-0.54093
-0.940244
0.940244
-0.764614
-0.804573
0.804573
-0.635351
0.635351
-0.868116
0.868116
-0.540932
0.540932
0.8228
-0.8228
-0.916822
0.916822
0.542737
-0.542737
-0.908468
0.908468
0.834424
-0.834424
-0.868003
0.868003
0.833226
-0.833226
0.916446
-0.916446
0.629907
-0.629907
-0.936632
0.936632
0.94973
-0.908573
0.908573
0.833177
-0.833177
0.630367
-0.630367
-0.678
0.678
0.844742
-0.844742
0.63004
-0.63004
-0.739505
0.739505
378.948
-277.702
-11.0523
-0.645227
0.645227
-0.159346
2.41037
153.482
-222.355
-129.497
215.164
0.000820518
31.452
-184.329
194.04
-2.58387
-21.9168
18.9552
374.002
-26.3741
87.2167
133.253
-90.2106
17.0933
-343.914
-352.886
78.964
0.0751416
-0.071135
-4.1662
0.845068
-1.4091
0.564028
-10.5768
10.4741
-85.595
-0.626421
-195.883
27.7496
-0.329885
36.7435
6.9554
-66.768
22.4564
-16.5972
99.0665
220.571
-2.19454
-0.20297
111.252
-198.092
275.762
-69.9525
-57.1044
-250.862
-118.331
2.73638
-16.1912
-56.2866
30.9282
-24.0771
-8.31912
102.463
1.42147
-149.472
19.5235
-297.319
-57.4067
204.176
87.2108
289.807
-135.084
269.564
-10.9888
-7.9915
32.0526
-1.4282
18.1039
-0.0863749
-0.00873371
212.154
80.3604
-2.19454
-9.87407
9.70807
0.031486
-6.86405
-20.0413
117.308
-23.9852
25.9736
-117.601
155.131
86.7682
119.634
2.73638
-0.183941
-9.40891
75.4427
54.2603
-37.6338
207.593
278.896
4.46767
1.84092
-0.0863748
64.358
9.23292
439.345
-239.98
-28.8005
1.72194
-0.772811
-1.72194
167.187
-9.29927
-6.54191
288.995
-107.039
-0.0301514
-292.819
166.944
94.3457
-116.042
-194.619
63.4357
-50.758
-161.504
-110.08
167.127
81.6134
-4.11208
-59.3194
264.44
6.69964
-284.189
-220.959
-153.941
81.0212
336.58
0.605912
1.88612
-1.92354
206.588
1.92354
33.4352
-119.03
116.659
-0.294334
1.15496
-0.136147
0.897674
-1.75801
12.1691
-176.042
164.064
9.425
-9.42339
2.21389
-15.8511
-0.523645
0.523645
172.995
98.5979
0.059729
-146.7
56.6422
-0.492874
2.20286
-99.4386
58.5025
1.38562
1.8496
-0.707239
-1.8496
-383.206
160.851
-1.68417
35.9244
-29.6705
9.48522
7.41869
6.71145
-1.49786
344.153
149.246
-291.432
-198.751
-79.328
-184.055
188.753
4.00743
86.4294
-9.98367
-6.47834
9.09461
155.545
-31.1124
-76.1892
-130.405
177.25
410.425
-250.016
118.751
155.94
-1.17951
-43.674
-6.79676
-40.3818
-65.8302
0.435372
-0.435372
-1.55273
0.329242
-1.00343
-12.6339
3.50995
-7.13264
42.7413
70.0975
-3.28933
118.039
-0.62279
-317.612
-48.0802
-233.907
-10.6608
-1.44408
175.485
42.8517
-4.02518
-106.051
82.9628
40.0896
246.381
-2.32707
-88.886
3.00231
58.4411
0.382467
345.917
-176.831
1.69777
-1.53072
-212.849
0.172681
-0.159909
-159.752
208.879
165.75
-207.295
-1.85764
2.21305
-49.3024
61.1516
0.541838
-8.79858
-3.60041
40.5412
236.485
67.8642
53.1706
120.558
-4.00743
50.7344
-231.062
3.42829
-0.038885
168.579
39.0143
-39.7368
-32.0581
93.2998
46.4918
-43.3823
1.68417
234.664
-164.146
-50.6028
30.3254
133.721
1.9809
119.689
-37.1047
-0.09995
0.893323
-0.119701
-157.453
-13.0948
13.7108
-0.209855
-1.34287
0.101546
-80.4901
-0.195729
0.221676
-0.737908
-2.21389
-0.128778
19.541
-81.6466
-0.62279
-2.36401
0.0296371
-179.288
6.76554
-1.20193
15.4684
-331.731
14.8197
3.99853
41.1267
0.552281
-0.449693
-187.809
-7.45298
-371.835
-50.2748
-9.5308
-29.412
85.2703
1.55823
244.919
-9.97186
-1.02173
5.72587
2.53999
-52.8122
-41.6227
-0.059729
-0.0266458
-86.1123
145.12
-4.07573
-123.029
-209.757
-313.065
-108.369
165.011
77.5688
54.1305
-22.4446
-86.8982
-32.132
-141.275
332.54
-264.909
321.095
137.613
-1.84765
-74.5557
-2.12061
-5.79994
0.0899527
0.0912137
-0.0835429
-0.0796687
-0.0848098
-0.0793188
0.0211892
0.145282
-0.0594991
225.678
-148.109
73.5935
216.912
-109.119
-1.39856
-13.8218
-75.4546
-0.999077
52.238
77.2631
-8.83554
71.4013
-54.3383
-174.138
7.89783
-8.1008
99.3282
-68.4001
141.867
33.8326
10.9107
-10.6394
1.809
-177.788
290.837
20.3455
287.223
73.8401
27.0742
-116.918
80.3939
-68.2248
29.3757
9.16782
-8.88908
9.20739
117.001
-0.869224
53.1064
8.03877
126.078
6.02793
0.402303
-1.75954
-1.63638
-342.345
2.66814
6.81708
0.938797
-90.4654
-0.144369
57.2437
-0.615479
34.067
114.007
-90.974
44.6222
77.3963
-4.35406
-2.4427
48.6559
24.1902
-9.60483
-0.20804
76.5273
-69.4752
-22.8247
92.2999
84.8798
-177.812
-96.9044
92.0944
-254.272
95.6675
-69.6939
-1.03168
2.84058
-0.147052
-91.392
-10.8449
52.3017
6.96892
-1.51826
-0.819465
15.7325
7.71975
71.8252
20.2991
-97.6431
-6.54176
56.6549
19.8724
79.1113
38.3332
-6.99633
-4.75246
-246.11
-227.941
44.3126
27.8646
-27.6551
8.33578
6.61994
-9.06265
-56.2999
-26.8629
-97.9622
97.4577
)
;

boundaryField
{
    frontAndBack
    {
        type            empty;
        value           nonuniform 0();
    }
    bottom
    {
        type            calculated;
        value           uniform 0;
    }
    inlet
    {
        type            calculated;
        value           uniform -2000;
    }
    top
    {
        type            calculated;
        value           uniform 0;
    }
    outlet
    {
        type            calculated;
        value           nonuniform List<scalar> 
14
(
1999.98
1999.99
1999.96
1999.97
2000
1999.96
2000.02
2000.04
2000.03
2000.04
1999.95
2000.02
2000.05
2000
)
;
    }
    car
    {
        type            calculated;
        value           uniform 0;
    }
}


// ************************************************************************* //
