/*--------------------------------*- C++ -*----------------------------------*\
  =========                 |
  \\      /  F ield         | OpenFOAM: The Open Source CFD Toolbox
   \\    /   O peration     | Website:  https://openfoam.org
    \\  /    A nd           | Version:  7
     \\/     M anipulation  |
\*---------------------------------------------------------------------------*/
FoamFile
{
    version     2.0;
    format      ascii;
    class       surfaceScalarField;
    location    "21";
    object      phi;
}
// * * * * * * * * * * * * * * * * * * * * * * * * * * * * * * * * * * * * * //

dimensions      [0 3 -1 0 0 0 0];

internalField   nonuniform List<scalar> 
11265
(
144.325
-527.818
383.493
-757.385
4.45609
752.928
426.661
-372.938
-53.723
656.581
263.025
-919.607
1510.89
-1069.44
-441.446
1216.28
-1527.13
310.842
-33.0273
469.772
-436.745
168.836
-842.228
673.392
962.087
-1610.81
648.725
-1765.06
1671.33
93.7301
-542.947
1759.23
-1140.67
1934.49
-793.823
607.959
181.221
-789.18
-25.3793
-1314.78
1340.16
220.94
-1986
1023.61
-382.286
-641.326
-204.704
349.029
485.494
190.646
-676.14
1155.39
-1313.32
157.939
-305.035
375.082
-70.0472
1000.13
-1315.81
315.682
1221.55
799.322
-2020.88
73.5203
-1640.73
1567.21
-488.938
-1163.62
1652.56
476.507
182.026
-658.533
-188.951
-338.868
498.063
1012.83
1648.03
-1806.66
158.623
-95.3339
-1689.75
1785.09
-1558.87
651.849
907.019
-307.382
653.524
-346.142
-190.926
-123.513
314.44
1284.97
-1211.45
355.221
-1407.4
1052.18
-1754.31
1754.31
101.55
1533.13
-1634.68
-1079.04
-479.829
652.119
-685.147
-384.581
941.651
-557.07
1331.9
-1317.28
-14.6127
-1100.43
715.848
626.927
396.685
-380.974
-41.2001
422.174
-468.679
759.994
-291.316
-1618.46
1618.46
1253.58
-1437.88
184.308
-488.626
1710.18
1255.35
-313.698
1660.74
-1161.25
-499.497
80.6509
-385.686
2065.41
-1135.09
-930.317
1814.2
-166.168
455.503
156.152
-611.655
-458.042
969.809
-511.767
-1171.54
1273.09
-568.237
970.867
-402.629
400.937
754.448
661.361
-492.525
-437.848
594.999
-157.151
1190.67
-835.452
2308.2
-1080.67
-1227.53
1163.72
-2008.85
845.124
-1603.18
1577.8
440.686
-1581.35
-759.062
1250.69
-491.623
-672.653
365.27
1661.46
-699.374
-1106.93
-870.894
1977.82
713.333
-360.794
-352.539
689.827
565.522
-258.21
1511.79
115.327
-318.904
203.577
-284.86
761.367
-334.805
565.352
-230.546
-324.556
810.05
-318.367
-148.99
467.358
318.945
107.715
1459.19
-459.058
-983.902
472.964
510.937
279.06
89.9125
-368.973
949.401
-341.443
-1704.91
630.217
1074.7
12.2269
-856.281
844.054
-280.862
595.793
-314.931
157.238
-1093.89
936.651
1051.46
-1067.04
15.5723
373.058
518.664
-891.722
-245.451
700.955
-1103.66
-482.2
1585.86
-678.028
950.893
-272.865
1355.35
-1450.68
-616.539
234.142
382.398
-470.196
-1011.55
1481.75
-538.862
-793.68
1332.54
576.163
-996.302
420.14
-265.397
-316.875
582.272
407.155
-291.827
-1036.37
578.328
955.456
-798.218
-110.343
943.954
-833.611
-210.206
418.834
-208.628
-642.856
-341.045
-386.741
962.904
1856.37
-1856.37
-496.457
-120.082
-954.742
1570.52
-615.779
459.68
-893.794
434.113
-923.681
355.444
-941.909
-1058.08
-1488.4
342.474
1145.93
-276.266
932.847
-308.405
608.169
-299.763
-1941.9
999.994
-1140.25
-348.156
559.679
-1514.42
1728.52
-1725.66
-2.85708
195.374
-583.345
387.971
-1467.46
980.265
487.197
287.852
213.021
-500.872
310.101
-644.906
242.31
-418.541
176.231
2019.16
-860.787
-1158.38
-536.93
155.956
616.682
835.255
-1451.94
-184.272
426.582
431.319
876.745
-1308.06
-907.897
393.371
514.526
-1046.34
1447.28
-1068.68
309.623
751.896
-98.3716
529.198
-324.086
-205.112
1008.28
-535.315
593.351
-1403.87
810.518
-1342.29
238.629
-546.926
266.064
-1200.85
924.588
1940.69
-995.214
-945.478
276.802
1579.57
-2094.68
895.149
1199.53
365.417
-31.2494
-334.168
-223.879
482.402
-258.523
-111.708
-376.731
488.439
-466.978
148.61
341.473
-131.553
591.234
413.728
382.916
-796.644
-2043.14
1122.12
921.026
461.172
-532.199
71.0277
222.053
-363.723
141.67
996.887
1022.27
1786.17
-253.033
703.083
-468.942
796.705
-1389.75
593.044
335.2
378.133
1054.65
-1042.42
-488.93
-260.427
749.356
478.342
-136.614
-341.728
797.275
-616.054
541.778
-733.461
191.683
503.331
1157.41
-1239.98
701.12
1039.08
-1528.02
-3.12976
-1439.43
1442.56
325.638
824.584
-1150.22
623.103
269.96
-893.064
-2272.3
1156.95
1115.35
-1111.17
-1161.14
171.888
369.889
958.725
-633.087
879.029
-898.77
19.7402
-2099.38
992.454
-225.476
-189.748
415.224
-41.7843
1770.31
-822.416
65.032
-1028.24
-1066.43
-229.65
451.703
-654.042
157.584
-270.954
-454.879
725.833
1104.02
-1574.22
782.962
-1374.45
591.489
707.684
-444.659
1947.86
-1444.53
-378.286
-1376.02
59.3128
410.459
-522.24
526.696
11.0281
-563.963
552.935
569.69
-281.838
-604.717
279.642
325.075
778.14
-364.412
33.9334
331.484
1188.47
-1191.6
178.352
228.803
426.408
-697.362
619.52
-1006.26
-2026.72
2026.72
-266.946
-464.802
731.748
699.172
405.872
-1105.04
579.615
172.281
399.579
378.561
-2199.75
1328.86
-926.548
-679.096
1605.64
-485.236
-715.618
-276.914
582.113
-305.199
842.58
-221.516
-621.064
-435.579
630.953
365.485
-673.891
-351.385
-114.859
466.244
-1331.71
-474.949
645.811
-1131.05
-374.147
-1244.32
844.334
1463.86
303.992
-910.321
606.329
966.537
-339.61
1391.4
-798.05
444.765
-266.413
-328.282
-887.199
589.511
297.689
-353.651
-533.549
306.426
-418.134
-184.05
-159.278
343.328
-392.772
1091.94
435.024
-244.378
-394.478
1352.04
-166.259
-1185.78
-457.799
265.929
191.87
239.342
280.137
-519.479
-6.4807
-726.98
592.109
-1729.02
1136.91
1482.27
-865.587
-1053.59
-413.873
-1057.15
573.544
483.61
1387.08
-406.811
929.209
-1411.41
-176.124
-178.488
354.612
-469.17
580.681
-1627.02
427.936
903.961
285.12
342.26
-627.379
568.062
1186.25
1103.99
-714.456
-389.538
406.299
-218.984
-187.314
-1419.46
445.425
738.11
-1183.53
1473.36
-544.15
-506.716
952.222
-445.506
426.149
1186.16
-1612.3
47.3756
-725.404
-145.002
424.062
192.095
-383.022
543.771
464.508
-587.807
36.3662
551.441
1024.53
-1307.67
283.132
661.878
-262.3
468.287
-1447.25
978.959
391.693
1686.73
-523.008
886.788
1053.9
-661.476
-1684.61
758.063
560.326
398.439
-958.765
454.458
78.8228
1749.99
-1828.81
1443.72
-379.491
-1064.23
1699.14
-1740.92
-367.327
-514.721
714.259
-199.538
-502.592
184.448
293.895
-373.199
-1225.99
214.439
-764.624
-639.244
-625.377
994.67
-369.293
-653.05
643.02
10.0303
655
-923.643
268.644
-701.304
346.302
355.002
-648.464
-717.868
358.352
359.517
-932.292
1400.58
-415.113
885.198
-470.084
-2205.31
5.55804
180.805
-536.471
355.666
139.401
1212.64
-62.1595
-591.882
159.488
-597.336
1487.16
-704.195
373.174
-462.74
89.5658
-564.868
564.868
1223.03
395.433
1777.96
-1228.77
589.331
639.435
849.352
-52.0764
1291.66
773.75
-540.247
1336.95
294.617
301.176
273.671
-788.392
207.731
-676.41
231.034
-444.323
213.289
-261.349
597.221
-335.872
110.984
-372.333
-591.825
-564.611
1156.44
-404.7
525.349
-120.648
-1192.16
2032.04
-839.886
1289.65
-330.925
-401.648
136.251
-1984.81
821.19
1540.25
-855.6
-684.651
1986.97
-877.438
-1109.53
713.706
575.945
-240.76
471.794
-687.646
1161.18
-473.534
-769.965
1201.28
551.635
924.648
-1725.13
800.48
-581.848
-45.4088
627.257
265.201
263.997
418.248
-85.8541
-332.394
896.742
-83.4939
-813.248
909.615
-565.582
-344.033
1576.2
-472.176
889.565
-1626.69
737.12
1068.47
879.39
749.335
-443.426
-305.91
-1058.99
-258.293
561.244
577.701
-1138.95
-507.277
488.49
18.7867
577.507
-345.325
-232.182
-982.781
567.667
595.462
886.807
-441.822
1096.82
1411.75
-779.256
-632.49
396.279
-924.79
528.51
-1028.08
385.222
558.892
-1065.61
413.088
-495.61
82.5226
443.637
316.357
-516.145
-48.7231
-794.292
-878.475
1672.77
194.66
211.639
-238.668
410.557
-0.512603
-562.01
562.522
496.006
865.166
-1361.17
-496.127
312.078
985.683
-88.9407
836.204
-1064.82
228.62
411.768
846.16
-1386.41
-446.302
829.218
1978.21
-1284.56
-693.649
269.955
609.074
255.819
795.644
85.8016
-975.132
889.33
1673.74
-1089.03
-584.704
-137.871
1887.86
-1866.06
-160.654
483.303
-621.482
138.179
-1014.08
526.708
487.375
-1730.47
538.319
-955.795
845.452
392.286
202.713
574.715
-270.723
-421.537
710.892
255.645
44.1491
721.703
-765.852
-1139.21
-888.834
2028.05
-552.924
1108.35
-555.429
-466.86
-333.717
108.241
-1654.9
860.609
-850.729
-617.097
1467.83
-331.285
-295.1
626.385
357.97
-670.563
312.592
238.959
-603.372
304.152
203.702
-507.854
358.769
-635.683
643.419
-285.449
315.066
-464.056
683.97
445.169
-205.827
-415.911
-301.957
1220.89
-1.11818
-1219.77
1039.67
-420.146
560.11
410.757
-1782.36
869.823
912.537
490.535
548.219
-1038.75
-534.86
203.575
-263.11
1180.98
-917.872
-1590.88
1212.59
504.667
-1096.49
385.892
-12.7185
460.418
292.196
-752.615
372.334
-617.785
-32.1072
756.203
-724.096
-525.804
795.764
387.375
322.212
527.14
653.6
99.841
-442.688
342.847
1058.77
-645.085
-413.687
494.021
-1664.27
1170.25
-1140.4
1753.24
-612.833
1715.83
-1123.72
-334.82
614.462
-1189.52
1275.32
425.089
-795.991
1603.33
-807.337
-243.069
-214.73
-906.663
1470.25
1812.84
-611.154
-1201.68
-405.018
679.06
-1304.44
-124.731
-67.3452
485.593
-687.792
-354.177
-1236.7
-221.482
460.441
903.443
-558.64
181.909
-1674.62
-71.2167
1745.84
-1071.19
518.266
568.55
-1181.89
613.342
901.055
911.784
630.705
619.98
697.76
254.461
-1153.19
465.549
-399.101
410.13
620.66
-515.06
246.66
-731.62
484.96
719.082
-383.882
-305.597
182.083
-586.083
240.964
345.118
-887.603
-739.083
1087.67
-2145.75
399.128
-683.988
-342.903
-724.133
832.026
579.72
-343.484
302.284
405.267
244.643
630.466
-875.109
541.131
620.049
-506.645
155.259
375.632
-642.577
-1054.52
-841.625
1896.15
-1797.77
157.036
1107.08
-1370.19
1175.3
-720.584
-454.717
-503.736
1349.9
-1495.52
627.891
867.629
-286.744
-210.308
497.053
1428.4
558.565
326.584
-441.442
-484.118
-566.933
1051.05
-418.061
598.867
1582.45
-1129.44
-453.011
-804.559
339.757
654.808
403.964
-1623.43
416.167
1207.26
-193.594
497.746
797.795
784.654
174.594
-679.746
505.152
207.202
211.632
-292.006
-109.524
401.53
472.354
51.9822
-524.337
-1645.77
592.178
-1610.04
1676.54
-66.4913
11.3338
-1621.38
1069.58
781.961
-321.542
-824.639
-203.439
-1134.57
-239.879
-312.192
684.527
-1812.49
-629.017
1206.72
212.138
757.672
-1330.28
-678.569
-465.544
650.546
-365.426
-1013.28
1350.77
-1932.88
582.105
646.37
1288.12
485.282
-2.88045
716.236
705.569
-1421.8
-639.183
336.884
302.299
439.857
-100.234
-339.623
150.295
280.785
161.458
-442.243
-584.799
1145.13
459.684
-627.925
-461.643
-401.932
863.576
-324.383
148.259
-458.169
166.342
-304.914
-709.169
547.421
-107.564
-571.064
967.344
577.962
-269.408
-308.554
455.577
-780.133
-644.241
443.124
-1129.4
-838.887
1181.36
-569.77
447.309
302.047
-480.312
119.518
1028.84
-315.981
592.603
-276.621
-509.042
1578.62
-708.028
262.511
370.631
-633.142
200.113
526.065
-19.8517
-506.214
-253.754
-204.415
1004.79
1108.92
564.818
-874.2
935.798
-61.5988
-455.315
168.571
-764.406
309.527
-594.287
364.95
354.131
833.489
-1252.16
418.67
777.424
-809.532
-948.939
-550.384
1499.32
-165.812
508.071
-525.464
201.378
1309.28
772.256
-597.662
1333.7
-687.885
487.758
-662.02
-408.052
-423.27
-378.679
801.95
502.603
-844.045
-477.045
73.7695
403.275
-323.255
572.427
729.172
-330.044
-244.853
-175.587
420.44
-488.678
144.616
344.062
1458.3
81.1718
-1539.47
-751.518
1346.98
-1144.76
-466.049
560.652
-190.021
1150.72
-373.294
1083.49
492.708
690.356
-416.685
-885.037
-522.367
-1328.43
-26.0356
985.018
-958.982
612.133
345.131
-957.265
-318.273
-218.657
-682.831
405.523
1621.2
-192.426
366.772
346.766
-713.538
-1839.78
-2106.68
1519.14
587.542
-2038.93
349.179
376.26
547.051
-923.311
-460.316
1020.43
-406.744
-682.245
1088.99
-2030.53
1391.21
639.325
609.181
-1015.92
25.137
387.951
386.78
198.818
245.947
360.254
985.441
892.182
680.272
-325.735
-354.537
-293.835
621.96
-328.125
573.435
530.559
565.26
514.855
-1080.12
-796.201
-699.319
752.438
398.281
-416.588
729.18
-1193.41
1609.58
430.168
-1112.41
-322.24
525.942
-1388.55
892.33
496.223
-723.027
-354.377
-772.934
334.726
438.209
447.124
718.236
-1165.36
1069.49
-578.952
-402.342
648.433
-246.091
253.658
324.304
-468.092
-432.19
900.282
-236.599
567.797
-951.695
383.898
-459.761
600.599
-1681.27
423.805
670.947
-1094.75
516.903
91.2656
113.408
-2212.79
556.522
-109.213
1444.16
1777.09
-217.552
-1559.54
-438.45
1789.22
-1987.01
1194.49
792.517
403.233
346.102
-39.5094
871.535
-1283.33
718.717
-870.024
-822.716
796.68
307.315
53.0723
-360.388
228.165
183.046
-411.211
1553.8
-837.562
-1530.94
-325.432
456.327
-200.518
-255.809
394.629
366.738
244.003
406.543
-9.22986
1001.85
-992.619
416.346
277.045
-693.392
-734.073
1817.32
-1083.25
-342.967
737.596
-1220.44
-414.24
-915.639
483.449
600.803
-809.403
208.6
761.827
-380.516
-381.312
-433.874
-440.325
450.888
1100.02
1237.3
-668.75
801.29
-345.713
405.636
326.111
-250.755
-211.984
-231.541
623.233
408.129
-847.864
439.735
241.389
362.852
-604.241
-422.611
830.74
754.516
-1147.29
898.128
-64.6396
-488.151
272.736
781.911
-95.9071
1384.03
1890.5
-69.7024
335.631
-345.809
445.65
-1086.3
1077.07
660.35
376.516
385.312
65.4836
390.843
256.549
496.38
-371.232
-267.951
-563.449
-89.6013
-355.812
366.598
-10.7866
-258.158
-288.767
1011.01
-1540.71
529.707
-178.919
-194.019
-420.101
697.147
-1634.88
1591.03
-963.138
283.537
-691.589
584.317
1224.42
-1808.74
607.418
983.611
305.731
-1119.53
697.997
-315.912
-311.467
1379.51
-1445.87
827.944
617.931
426.419
-613.114
186.695
-355.04
461.354
-106.314
401.621
70.7335
1723.97
460.218
-253.016
557.633
-1704.79
1147.16
-94.0213
408.377
343.235
337.037
-448.591
-615.579
1064.17
415.691
-861.993
-641.019
902.864
570.495
-474.776
-226.528
-438.762
-409.102
-307.319
-827.253
1821.11
-1821.11
-103.477
-1595.53
1699.01
293.288
284.219
-917.211
-555.387
1472.6
-408.236
973.496
-603.277
-1042.49
705.523
383.49
-1089.01
477.665
-162.598
573.063
1220.35
-1793.41
-1044.27
2114.86
-1070.59
-375.045
-297.608
-505.028
844.785
-1752.62
1601.67
150.944
1752.62
-1606.44
-146.178
-245.811
524.792
-278.981
-537.289
1620.78
1567.92
-1982.16
1090.74
-335.804
-224.661
560.465
232.124
-554.364
-723.779
307.19
1341.67
636.535
580.274
483.48
-1063.75
276.792
413.564
875.397
500.111
-1375.51
533.544
-1017.66
1574.96
-563.951
-786.61
-378.489
-144.981
523.471
-490.062
1208.3
-740.306
333.093
367.862
358.674
246.4
-605.074
590.798
831.913
-603.293
256.47
679.328
-474.776
-369.918
-201.508
571.426
1168.53
-687.701
609.928
466.036
-1075.96
-1286.03
1286.03
-386.205
762.721
-284.167
-476.249
760.416
488.41
443.297
-931.707
389.62
-673.787
610.664
-868.639
257.975
-367.422
-494.046
1074.32
-661.399
-710.391
1371.79
-366.615
934.412
-1552.71
675.272
-4.87494
-363.504
368.379
-544.411
701.995
278.372
318.849
170.565
307.099
-559.864
243.951
1869.62
-1965.53
253.418
-688.997
448.159
-819.956
371.797
-913.446
1426.93
-513.488
-429.959
-485.68
600.745
1124.19
-1724.94
-715.556
340.512
-460.998
1034.43
-784.424
1040.89
-378.842
-628.655
-505.957
713.689
540.12
-358.094
904.101
-299.89
-188.788
1599.02
-1816.57
-334.752
-616.944
-331.911
476.527
266.984
-632.41
-159.664
1065.54
-792.803
207.669
-316.45
-275.203
591.653
388.605
-875.52
486.915
-486.571
-449.878
-910.321
-350.582
541.388
-190.806
-436.663
-422.906
-321.704
-186.15
-385.06
631.46
-466.544
792.655
-1072.72
624.128
-1408.93
558.203
-28.0808
-1835.94
1864.02
569.946
-449.756
1221.7
-703.436
290.389
-290.389
671.142
-436.746
1043.72
-1646.99
-1158.73
-947.95
292.514
329.447
888.963
714.365
-502.673
-287.667
790.34
1657.99
-1686.07
-434.293
347.732
221.958
1135.09
-525.158
-943.334
1550.48
-607.143
444.436
-245.618
382.179
406.889
-789.069
531.643
469.263
-1000.91
-331.869
664.962
-37.9081
1907.53
1603.39
992.787
-1696.98
727.045
-1177.07
450.028
-492.476
1367.87
837.582
-1341.32
-578.986
243.182
796.686
-398.247
551.442
-1188.21
636.764
-637.928
-1215.54
-695.659
1911.19
-186.058
527.527
-341.469
-120.197
288.321
-474.379
327.868
370.415
-698.284
-1483.92
756.423
727.498
884.073
-1434.46
825.195
-431.824
219.098
-364.1
-608.132
238.215
-665.375
-723.179
698.617
506.323
-1204.94
393.136
-204.574
-188.562
555.878
-958.507
-570.161
-450.873
760.4
-831.301
-1155.71
-1437.97
499.66
938.31
31.0266
-648.71
309.244
339.467
-1314.53
1045.36
269.164
-616.496
-456.223
-665.838
921.657
401.506
-203.198
-198.308
508.239
980.63
-1488.87
974.94
-562.63
166.594
396.035
-427.223
661.484
-408.066
-504.598
172.687
234.319
-1518.87
528.281
541.206
-756.826
212.415
154.724
-454.613
366.354
-816.232
1954.16
-1195.39
-758.771
443.356
-671.636
228.279
323.749
320.121
122.278
-442.399
-569.49
194.577
265.642
-691.739
1374.34
-682.602
424.087
474.366
-1197.39
266.634
1866.78
-1013.59
-853.186
784.811
-502.166
151.584
1402.37
-975.179
-427.19
330.683
-767.429
-616.52
1725.44
610.892
626.408
317.947
-10.6321
259.142
-1138.42
1725.72
-587.3
-1763.53
820.193
1761.22
-1691.46
-69.765
-653.817
254.715
599.74
-707.152
201.195
1402.72
-565.134
387.823
441.394
-1858.59
1420.14
518.807
-446.617
-72.1899
201.493
-523.197
-319.01
-147.849
-352.657
695.892
-615.857
237.367
610.664
549.482
-1160.15
1113.63
-1947.49
833.864
145.423
320.82
-1699.14
1661.24
311.345
-728.03
-164.574
383.671
755.87
678.715
-1434.59
1079.29
-1080.41
524.263
-1103.22
-630.706
253.205
377.501
513.352
-272.388
-614.992
-1032
290.394
-713.301
-912.32
172.487
165.216
227.919
386.06
287.383
-673.442
-630.45
-834.042
-978.45
488.121
-1057.61
-279.088
470.959
532.841
648.52
-279.521
-122.127
-440.426
746.157
263.372
-1198.72
568.273
1308.87
-552.996
438.577
-1008.74
-387.085
118.75
400.057
1023.34
551.62
-1719.35
1615.88
1641.21
-577.927
-1063.28
1903.7
-1892.31
-11.3936
225.84
-571.649
-337.7
545.368
-769.713
-317.365
-336.451
1026.22
700.176
-1509.37
809.194
312.772
-26.1888
1625.21
-1093.98
406.283
-1255.56
468.947
-60.6151
1518.91
1197.39
-470.35
-488.413
-74.2168
-233.054
736.028
-1951.56
-710.56
347.926
-531.318
183.392
191.276
-507.258
1139.92
671.564
-1811.48
-583.775
137.158
941.977
-1497.36
-210.511
678.884
-468.372
879.965
1120.03
-738.506
1349.4
631.995
-536.423
-95.5728
-344.646
1172.59
1050.18
-1980.97
930.781
-1171.61
542.589
1488.79
-585.929
-381.562
-125.083
-1241.36
572.613
1166.35
-91.6553
946.104
775.604
-1721.71
-210.714
578.545
-1541.75
963.205
487.002
916.625
-1403.63
620.539
586.179
384.862
-1106.64
590.943
1106.42
1215.78
-452.308
-763.472
-1186.2
-1754.94
-6.40759
-1712.95
-178.882
-434.232
1607.61
-629.139
-978.468
-490.86
1121.56
-1317.91
635.835
682.073
-1361.94
1443.11
-1330.39
591.885
1520.52
-402.304
-544.886
163.325
-1491.37
227.508
176.38
200.853
431.142
457.469
393.012
-850.481
506.363
-939.006
900.707
-1444.86
-690.142
212.218
477.924
-1040.69
455.89
-473.817
861.64
694.819
30.0807
-503.975
162.506
-886.566
-1318.74
-715.63
349.776
365.854
403.765
-723.255
319.49
-479.076
-189.386
-709.383
720.004
1539.68
-593.579
816.655
737.143
1344.78
-844.669
-971.263
-570.487
-797.3
428.141
369.159
-1036.64
-642.917
304.2
338.717
-1433.69
-296.78
-790.808
398.06
392.748
-639.822
409.017
230.805
-665.906
257.84
412.799
487.483
389.939
440.8
478.923
384.653
596.566
-969.765
680.182
464.944
453.498
356.472
-809.97
1630.76
-1079.89
-550.873
-504.577
-286.689
-1027.84
454.106
347.844
409.696
594.041
-1003.74
-1380.96
751.824
-532.65
1145.99
345.096
-64.312
412.302
-865.585
453.283
-1898.55
303.014
441.336
-726.302
284.966
-186.473
405.181
-218.708
-661.883
307.548
354.334
-674.564
320.027
370.995
391.726
612.696
-1020.93
753.08
662.1
-1415.18
438.812
625.358
339.523
392.879
-732.402
409.138
328.458
615.455
692.563
407.459
603.113
-1022.43
419.317
-1678.45
1182.65
495.799
1696.59
-539.177
620.849
-1147.36
526.513
-642.782
347.683
437.418
-935.235
497.817
769.807
-477.611
351.186
344.706
579.275
-914.026
651.569
-1253.21
601.639
387.155
734.69
-1224.75
769.489
509.626
-1279.11
487.005
399.83
-886.835
-501.679
-936.291
-301.628
629.496
352.623
541.792
-894.415
332.801
332.161
-502.181
1944.74
436.979
-847.119
410.141
-917.812
-807.317
-748.886
367.574
-1216.57
432.148
-1734.84
1606.44
128.396
1746.68
-1601.67
-145.011
-784.475
-593.494
266.015
327.479
-1761.22
1982.16
538.576
791.493
-1330.07
440.127
716.31
690.277
385.639
-1075.92
-51.2314
1617.15
-593.809
378.055
843.648
-649.547
326.372
323.175
-378.592
-297.68
551.337
-222.2
435.221
280.722
-666.548
385.826
264.952
-579.883
-282.774
442.601
-1033.52
590.923
538.049
1092.71
366.059
596.845
311.54
352.285
-663.825
1627.73
-927.556
1691.95
-1520.6
-171.356
-328.542
-823.447
414.345
857.487
-1068
-607.582
279.457
-1090.59
1628.64
-1590.84
-77.6321
1668.47
-341.567
-350.404
-370.363
537.36
597.726
-503.19
-29.0098
-549.924
507.265
-283.913
-223.352
1752.57
-1301.68
-625.484
299.211
326.273
400.772
357.3
734.644
-296.037
-399.11
-1746.68
1686.07
459.605
-1100.98
641.371
-43.019
1658.9
571.249
476.412
-1047.66
104.19
1144.81
-1452.13
-13.0153
-1885.53
228.284
-599.147
307.635
291.512
-955.393
612.49
-898.419
468.46
-1128.6
673.449
455.146
378.241
256.421
-759.094
-334.023
1217.09
886.738
699.122
-1182.96
456.164
726.793
494.413
700.762
-1195.18
-388.459
-248.091
413.307
-960.756
438.624
522.133
21.2474
-1879.84
1079.9
-469.237
-495.639
558.229
-1378.24
820.011
-424.972
796.769
-405.496
499.419
-713.972
1718.76
413.614
-185.694
215.874
-171.321
-246.29
417.61
1895.32
-504.115
-1694.72
1051.51
-601.7
304.02
-1013.86
553.545
-313.249
544.32
905.266
-1449.59
-1103.78
437.94
-20.809
-1944.72
1714.36
-664.175
-540.441
460.763
-1190.53
729.768
190.819
210.687
-281.685
769.947
700.299
838.151
818.208
-461.737
1084.96
-488.202
479.455
-193.971
-285.484
-1923.26
-714.057
-318.425
-643.122
-6.63021
649.753
467.856
-273.279
564.254
1063.48
-805.205
924.901
1244.32
-425.388
-170.744
-246.518
417.262
955.731
-888.507
-320.724
-1067.92
611.7
1557.36
-800.936
537.683
934.915
-391.236
734.646
-343.41
1130.4
-276.044
368.293
1349.72
-704.961
-219.829
448.313
-1198.65
750.338
-985.86
-135.824
1121.68
441.779
-955.793
514.013
151.679
732.497
483.283
743.898
-113.432
853.102
-425.85
1182.52
-796.881
552.171
-1465.49
913.318
-1216.65
1800.97
-431.711
-1510.19
879.64
-1402.01
-304.664
-447.951
1457.23
-1523.74
784.656
1491.49
202.413
277.042
-349.875
-1734.84
-287.831
-1014.11
1578.37
-1769.35
1769.35
1567.92
-1004.5
-634.393
-332.336
368.43
605.067
-410.496
-358.631
-1389.84
897.361
1125.14
600.581
1202.75
1789.48
-1216.42
-612.544
273.885
1659.02
-1916.49
257.476
814.597
-1267.61
1545.24
-561.629
778.554
329.8
-343.878
554.897
794.999
656.174
1371.87
-253.005
-445.136
-352.871
497.181
-341.029
471.813
736.485
-291.123
-151.276
-327.26
565.251
-237.991
27.3773
-372.702
1107.44
-1720.28
-450.152
-485.549
-563.859
863.545
693.814
-1596.5
904.764
-451.787
-622.124
-514.008
1252.12
341.783
1723.71
-1702.46
-1657.99
1892.31
-1560.81
840.261
720.552
-383.416
-1796.2
917.729
583.241
819.474
-388.515
1794.33
-680.702
-447.582
696
425.695
-1121.69
-1099.58
444.135
753.26
-1617.18
473.213
901.128
177.622
-403.545
225.923
-1600.46
-385.536
-459.221
990.28
-673.09
1442.95
-974.765
1854.73
242.293
-550.375
498.014
-295.601
474.326
893.548
543.143
977.379
-462.939
-427.972
574
883.233
-1392.7
-40.9901
1573.4
-836.261
519.957
971.534
-1475.84
-1115.9
1776.56
-1243.33
-533.229
1206.15
-319.054
-887.094
-192.625
455.847
-263.222
-457.436
-250.869
432.514
-181.645
147.161
-395.251
1734.48
-1740.88
-456.083
-530.857
-903.6
445.641
-207.371
-238.27
634.715
-478.873
-396.776
-307.811
704.587
-946.163
412.614
-1167.29
676.432
419.915
-635.884
-440.241
1576.21
-861.847
530.187
-457.983
-570.873
-462.651
364.292
-353.976
-10.3157
-1109.41
405.975
-664.779
-1033.65
1698.43
-602.112
-1423.55
713.156
562.211
-1596.27
1034.06
-393.302
-481.878
145.428
552.332
-1258.49
744.482
539.234
1006.01
-2133.18
999.988
1133.19
-350.71
412.174
-387.028
-25.1459
1478.06
-367.171
449.553
1188.12
582.256
906.537
567.713
527.553
-1095.27
167.018
-437.636
-1691.46
253.098
1127.57
-615.094
518.507
1013.74
-1532.25
1092.85
-1643.72
199.364
698.764
546.123
-866.846
-1086.49
-171.825
429.226
-257.401
-586.963
-425.918
-636.848
-628.167
346.481
-1618.85
939.75
-476.847
215.85
-401.544
535.826
-307.542
-608.908
1197.18
-1290.06
935.936
354.124
-1025.23
-358.552
-757.778
-825.316
1688.86
-477
1795.32
-1585.29
-210.027
-1556.63
1018.72
537.917
-726.024
-260.379
443.243
-182.864
-592.668
383.853
274.643
-658.496
-523.989
987.011
630.872
-351.415
-1620.28
1050.51
571.774
1103.54
-1675.31
-410.07
-293.196
-368.687
-745.128
-488.947
-331.031
501.596
1558
-995.787
-775.172
1497.47
660.624
-312.893
725.882
1152.36
-1878.25
275.205
300.371
-487.225
-1932.33
1719.95
212.375
739.038
-474.727
-264.311
531.837
1060.82
-1592.66
364.292
-1725.96
-233.21
1752.35
-1580.69
1073.77
506.92
-1727.3
1.33702
-521.726
412.174
1699.14
-1719.95
939.676
624.603
-1564.28
383.351
-219.467
-163.884
-414.071
-251.834
68.0173
95.0146
-355.394
-430.776
-437.863
-407.985
221.512
1510.24
378.896
-195.371
-444.451
463.59
-197.949
319.974
1510.77
989.07
-170.147
-818.922
-1104.1
1704.84
-1728.8
1064.02
-707.198
-1021.6
-1265.08
1844.99
-579.904
1155.07
-1771.16
616.092
271.418
-878.13
1675.73
43.4445
-1719.17
-491.17
-1083.05
-1734.48
-982.157
554.184
1019.6
590.232
1133.03
-1723.26
277.322
-467.342
704.36
-384.334
383.64
924.861
680.783
-372.563
-649.867
582.899
1072.55
-1655.45
-400.126
-369.163
769.289
395.182
-1661.24
1520.6
140.636
583.275
-1044.27
544.749
1083.89
-1555.68
994.051
-238.42
230.356
315.012
1903.7
416.305
-69.993
995.86
722.753
-1718.61
-697.26
1085.34
-1557.51
166.742
-571.4
197.881
265.71
-663.436
-553.136
582.524
1034.62
-711.128
-252.416
-1368.64
675.624
693.02
-415.999
748.012
90.7166
-838.729
561.78
-137.16
1557.3
-217.166
265.813
-771.915
-1932.33
1664.62
1026.57
346.302
288.961
480.846
-930.079
-993.181
-1767.26
637.058
1693.77
508.836
-474.351
1210.84
1087.13
-424.958
1030.02
-978.626
492.852
485.774
700.274
1047.95
-1748.22
485.021
482.323
-1493.99
-746.913
32.4565
780.586
-413.012
-881.224
385.585
-538.956
-802.362
606.329
-577.366
1397.38
1055.15
194.594
234.632
-550.628
1618.52
-772.802
1525.88
-1727.84
575.259
1152.58
543.754
-883.364
-1732.8
1916.49
-183.694
1721.74
182.567
-544.06
367.807
-272.792
-481.445
1211.21
568.272
1128.32
-491.288
430.284
858.438
-461.753
-772.187
425.312
346.875
1418.9
1089.6
-518.217
1422.98
-510.621
-533.375
1044
-602.762
497.74
-1218.32
1691.95
1839.58
-687.213
1585.72
-646.042
-1241.32
717.335
-562.522
202.752
-392.5
455.35
-243.719
-519.884
-1246.71
1870.94
-624.235
1173.46
-552.614
1120.28
-1659.46
1695.61
-573.944
-545.724
-549.821
1720.07
-317.025
-688.051
-473.332
1223.67
-1684.48
-1860.1
613.397
328.869
-949.933
169.292
214.101
-1719.03
1204.15
514.876
1162.85
558.889
-511.764
-465.396
1192.19
178.479
226.703
588.445
1251.13
-539.177
-1238.58
1777.76
-1025.39
999.99
866.788
-204.111
-1659.02
1702.46
-510.093
1411.22
-1732.8
-343.358
-2.19357
345.551
-264.196
585.071
-320.875
98.2831
491.228
781.567
-377.802
1257.53
1270.85
-413.363
852.355
-438.01
1817.46
-662.394
1586.55
-1723.71
-412.793
-757.869
333.393
424.476
-559.873
-563.334
79.7363
-1138.73
-985.473
-669.785
1655.26
-943.706
-1189.47
206.28
-430.941
-648.28
705.641
1167.45
650.017
1410.33
-590.86
1636.74
1318.11
-573.629
-493.415
197.815
-503.288
1396.84
1240.16
-564.535
-999.987
893.213
54.9814
-948.194
603.439
-506.144
1403.51
1495.08
-588.54
-366.934
366.934
-589.446
1623.5
1239.51
-486.247
1134.15
-66.7875
1851.87
-394.572
1489.49
-588.779
-507.682
1347.94
-652.502
1218.67
-566.164
1554.81
-591.608
754.638
570.463
-1325.1
-668.289
261.39
510.867
600.246
-1957.3
-989.506
1586.55
369.623
-369.623
-69.7415
388.277
436.918
346.084
55.5367
-319.079
922.444
-535.289
-426.209
814.486
-243.706
621.207
-429.036
1551.15
-444.343
-884.086
187.696
226.651
-414.347
601.169
1250.77
-1851.94
927.219
-458.759
-353.976
126.152
-1943.02
1816.87
-451.047
184.634
1181.25
-440.468
-740.782
-300.523
-580.701
-492.688
-387.028
-481.116
257.764
1158.36
-560.637
230.521
-382.485
151.964
-22.7362
-107.679
1376.02
-1268.34
34.5791
-598.028
-586.407
-452.146
452.146
-1262.36
1985.11
-1344.38
-207.507
-1824.69
239.406
-1025.75
-974.243
-186.316
-1637.89
707.806
1229.32
-1924.98
369.525
312.323
-681.849
-1850.01
1234.27
615.743
-561.44
561.44
-959.161
-39.9719
-1866.06
-558.149
1650.86
-677.212
1636.18
-601.557
-179.509
-1706.02
-585.273
-468.908
-594.807
-466.27
466.27
-1537.81
194.526
1343.28
173.75
226.045
-399.796
501.23
487.84
997.157
-475.024
1751.3
768.199
-422.884
397.738
520.961
1702.06
-594.613
-552.968
1636.86
471.766
1812.75
-645.304
-1804.02
-1938.07
-646.97
-478.585
478.585
-573.084
220.212
-703.129
1019.52
-465.98
-1072.49
-284.706
1579.57
1852.3
1635.34
-1635.34
-291.512
738.65
1761.49
595.788
1275.15
173.897
209.454
589.277
595.39
1603.51
-1603.51
222.577
-353.73
-434.872
460.303
951.586
-458.734
-639.607
-1131
1706.26
280.468
-1659.7
617.206
-289.233
471.8
1744.65
-592.069
-215.789
-441.955
378.475
727.943
1738.57
-613.434
-511.769
-781.191
1960.54
-870.455
-1090.08
1642.78
-705.655
1223.97
-1824.95
600.975
354.064
-904.439
-185.759
-105.552
1098.31
-486.614
124.327
625.846
-1657.85
436.668
595.713
-1804.02
-583.278
1787.43
884.178
-1162.92
1760.49
-597.573
1783.83
-575.531
-1208.3
431.987
929.409
-1740.88
924.732
-1487.23
251.983
1235.25
-830.902
-1254.23
-379.606
75.6564
303.95
581.729
269.792
1027
-444.217
846.69
-402.474
821.051
738.891
-1559.94
643.875
1066.31
-24.187
-663.115
687.302
-1744.34
722.734
700.718
150.56
-1122.68
1936.76
-674.551
-1262.21
-537.178
1665.5
831.04
964.16
-1795.2
1227.86
683.33
-403.232
710.78
838.865
1028.42
-586.644
1761.49
626.549
1773.56
-1185.62
-587.944
-420.322
-320.705
741.028
121.448
-1185.68
1660.55
-540.271
-1437.81
1437.81
1250.57
594.416
1351.54
206.453
-569.247
282.353
-192.44
699.084
1113.67
482.701
-304.222
-870.147
-574.709
1739.55
-1739.55
993.608
-993.608
987.332
1025.17
-2012.5
1837.95
-613.974
-581.109
837.991
-947.85
-1052.16
998.346
690.654
-1689
-516.145
-363.6
-652.325
-808.425
2042.7
-1246.42
-613.684
1002.97
974.852
1289.77
646.988
325.768
1012.69
238.512
337.35
1186.25
1756.88
-1756.88
671.899
79.8319
-388.386
-997.053
-539.992
1674.14
989.852
1010.15
-1833.28
-223.528
-361.745
596.727
-343.629
1849.5
-1077.86
-771.645
354.076
-27.4926
-821.112
-1662.66
1662.66
912.888
1923.74
-648.587
581.026
-479.056
1708.01
-1228.95
729.39
1837.82
1149.54
-606.947
-576.343
1144.06
-813.306
-485.535
932.555
1106.48
398.464
419.744
368.981
1223.03
-1135.27
-585.01
-644.673
-1212.58
1857.25
-115.249
-261.139
342.163
-512.907
1250.31
991.479
791.649
-592.285
1878.07
-650.202
-381.988
656.631
1877.31
740.863
-552.07
375.09
-451.831
1450.84
-750.542
1172.21
588.277
-96.0871
407.475
-311.388
-1244.32
903.556
405.533
1636.17
-711.305
1046.73
905.077
779.156
766.175
591.526
758.274
1003.88
714.875
1835.83
-984.047
-851.779
538.737
-329.493
305.428
-305.428
-389.922
-674.937
290.603
832.968
381.675
352.971
1888.89
-659.568
1097.89
13.5353
-779.387
1119.03
476.937
-1140.18
1140.18
1758.2
-671.073
739.583
452.606
-185.113
900.218
-642.504
1313.65
1200.55
889.154
1143.77
540.431
1096.43
-558.494
-84.6285
-1090.63
1115.65
636.124
-1669.78
1198.03
-136.327
553.495
-417.168
231.958
-608.692
1859.47
1075.06
-1075.06
997.098
604.704
-1601.8
633.115
651.594
619.256
1115.32
767.887
-667.144
1731.17
400.401
1061.13
129.542
1563.64
526.987
713.172
-1215.42
-717.455
-527.001
1914.11
-1387.11
1852.19
-601.619
1513.37
-1852.27
338.895
984.201
-984.201
1772.55
-682.95
55.1108
-498.537
399.942
-647.206
1353.17
-705.962
674.606
-629.603
67.2549
531.674
613.223
-1144.9
1487.26
-750.139
1026.11
-1026.11
426.505
-332.892
332.892
307.153
1148.49
-694.08
-896.698
1590.78
1233.39
1266.33
661.065
-1927.39
-1314.89
-710.385
1423.54
1314.89
-546.034
-974.791
784.392
190.399
1154.8
-1154.8
1174.12
533.892
1202.81
-1848.11
1206.32
-1061.13
1061.13
1038.72
1054.03
800.698
586.627
-1764.16
1177.53
1092.15
-1735.44
1058.88
-602.992
-502.867
1011.7
-699.418
585.94
1291.37
1687.86
-827.775
-860.087
1048.56
-1048.56
-195.096
369.406
-174.31
-773.383
360.371
-1827.04
624.36
1202.68
-768.807
-760.142
1528.95
-327.034
-314.85
641.884
1123.37
1655.71
-715.956
267.692
204.074
876.242
-876.242
871.296
1679.59
-1035.72
635.466
-1277.97
1260.84
-1909.43
1132.26
-1794.66
-273.765
-401.172
1921.91
1135.75
-1135.75
1236.18
-1850.16
601.171
-601.171
428.919
-254.134
-174.785
612.639
953.695
-468.674
767.445
1768.75
-851.026
475.432
-852.412
852.412
1238.69
-1079
1254.71
-1868.39
1267.24
-1891.47
1125.5
1548.67
-764.01
-367.772
894.096
-1871.76
977.664
-344.642
526.552
-860.293
860.293
175.441
-460.146
1176.26
-1777.97
1190.03
-725.38
-1025.6
1750.98
548.926
-642.192
-182.754
-332.223
514.977
432.229
358.956
537.395
-354.003
636.76
1289.48
-1926.24
844.721
-844.721
1125.84
-1772.81
73.7023
-437.206
1670.23
1205.12
612.667
-1817.79
377.682
-761.932
761.932
639.397
-1851.98
1243.5
1059.21
-627.219
-521.501
521.501
1222.25
619.827
-1842.08
1160.31
-1752.38
1123.21
-1762.92
639.712
573.948
-1387.63
813.684
1237.86
621.606
-1771.14
1173.57
488.234
627.903
1229.35
-692.979
-1368.13
1773.65
728.006
-728.006
1095.09
-1734.35
639.256
-829.402
391.392
-719.021
1717.37
242.563
300.576
201.02
539.174
1224.3
433.628
-852.45
-806.136
1658.59
-1166.71
-660.335
556.874
-1530.94
-632.211
1074.68
-696.625
666.649
-666.649
1010.85
-1010.85
-605.759
893.577
-721.296
1875.98
-642.585
-206.884
178.798
184.194
-362.992
610.833
1112.21
-1723.04
1813.99
-576.129
-719.357
1895.61
1079.47
-1772.45
529.404
-374.145
-526.954
526.954
170.03
196.34
-366.37
1836
215.774
146.22
-361.993
-287.228
606.646
-606.646
-1215.66
1767.92
-552.263
678.53
-419.387
445.269
-223.757
208.157
153.083
-361.241
1802.69
-1817.27
-1745.32
1131.88
535.823
-373.316
195.386
172.262
-367.649
-1685.43
660.04
629.965
-629.965
562.765
570.615
-338.656
-2087.48
-1193.43
-675.794
1878.6
1134.37
-1721.67
-1230.65
621.467
1707.27
-1091.18
-1170.01
196.71
172.27
-368.98
-585.355
585.355
36.7309
680.113
1092.95
-1773.07
1131.2
1087.46
-668.147
296.964
742.192
-742.192
-1461
576.844
884.152
1083.36
-1677.98
1810.55
-604.232
441.493
-715.849
-1640.71
1039.16
-598.614
1796.65
270.511
568.071
-568.071
1633.22
-896.015
437.256
-714.025
714.025
-1097.24
-850.247
-452.29
189.208
182.487
-371.694
654.259
-1301.47
-464.875
-1654.12
1069.11
527.231
562.049
143.695
216.537
-360.232
-1204.08
1805.06
-608.613
-1280.4
-780.233
1601.28
272.179
518.897
-282.53
627.348
-627.348
1792.32
1497.74
316.247
-623.196
623.196
694.104
-463.299
553.532
-390.207
-206.169
473.861
-512.01
204.468
702.471
-490.253
-718.396
336.408
-1658.99
1118.72
1091.06
812.714
-556.166
1451.97
-1557.41
965.805
1002.94
-1672.72
610.948
1106.2
-1717.15
-1587.01
1023.06
619.934
-619.934
1223.54
628.763
-1123.07
1087.32
-655.169
704.56
-446.72
-1486.32
897.775
1033.95
-1627.76
-1183.29
-580.876
1958.9
-1000.4
525.378
982.068
-1628.11
-164.877
-553.519
1603.58
-17.0349
-668.82
1209.61
-1885.41
551.723
-1681.13
1101.48
-531.757
312.27
219.487
552.356
-1188.24
1845.15
-1528.75
958.268
-267.596
-240.663
508.26
227.635
-457.608
-384.814
1451.12
-750.645
-823.274
1573.92
740.689
-1839.81
1099.13
-305.685
481.126
-1922.6
1949.57
-1949.57
-1800.78
807.603
1881.18
-649.595
182.063
-418.771
-537.022
-345.242
-880.375
390.416
-591.704
1971.22
851.626
-492.116
-359.51
-1664.58
844.656
-1858.77
1047.13
729.43
1836.09
-282.539
1669.24
1787.52
-586.963
-1627.68
545.689
1081.99
871.285
-1621.93
-606.018
-667.833
-130.986
644.128
-363.66
154.973
409.895
1010.73
451.892
-1462.62
1675.32
-543.441
-562.565
1638.01
-1704.79
917.073
-486.789
-1102.42
615.808
-26.4992
-1422.84
1630.64
-524.436
-1435.35
860.641
608.863
-1679.34
1070.48
1671.42
-588.061
-1286.91
-689.779
1919.13
-1621.2
-14.1456
-368.265
-1799.19
603.64
-1179.98
-1468.1
879.324
-502.18
922.987
772.596
-1695.58
1004.05
-1425.68
421.629
-64.3604
-243.611
-167.6
-1378.54
392.684
281.669
-943.689
529.336
-1516.84
748.032
-1590.27
789.334
-1115.22
2009.32
19.8788
-607.389
1772.83
942.086
151.552
-1819.56
1169.96
-625.616
433.144
-445.356
1071.91
-100.633
-1085.51
1186.14
-479.171
1233.81
817.533
-1642.85
199.268
1196.7
760.301
-1533.1
153.72
1670.44
604.064
-1531.62
939.913
-1531.62
-553.077
226.042
-1399.28
913.031
449.753
-109.639
1200.7
-574.292
400.04
-713.923
1388.97
-675.044
-363.691
582.109
-344.742
-531.281
792.67
-1372.71
807.573
-493.546
-703.846
-366.747
-462.655
1853.06
-1066.71
-656.333
-631.429
1870.11
-1268.34
471.666
-1239.89
799.426
-954.93
854.297
-1302.79
742.915
-840.15
-272.263
-751.965
304.014
-486.389
1209.68
606.76
1026.46
-6.76826
597.712
-99.6741
387.995
-225.262
451.964
954.213
1065.41
183.026
-1414.29
823.433
-749.34
-1129.04
388.255
-1338.34
764.71
-1586.21
749.951
1264.19
462.851
-228.219
-745.266
1315.73
-1082.87
-651.479
464.404
-336.232
17.3279
994.262
-1119.68
125.418
648.3
-741.864
220.008
-1744.62
-778.228
300.617
-238.468
1087.19
558.538
297.622
-856.16
-595.532
-814.963
346.055
-462.819
-23.9149
1443.63
944.4
253.331
281.723
-535.055
-686.248
1787.73
-70.1606
-443.903
698.364
184.153
356.053
281.006
-596.2
1676.89
1380.69
1828.98
365.417
1079.64
-1765.89
794.213
679.542
-1473.76
-1504.04
1095.01
-1061.46
1709.76
-651.742
315.027
-792.117
-565.668
-989.184
1554.85
-1033.85
228.887
-335.201
1073.94
-1531.55
699.74
-1507.08
-839.191
573.039
266.152
-582.759
536.992
736.554
1112.95
-1668.22
1668.22
-599.145
807.005
1147.15
928.655
-1527.8
-604.841
-949.328
-419.121
-476.894
-281.381
618.265
646.769
-1416.48
-1582.73
720.887
865.29
-1625.43
636.975
740.457
741.045
-1512.96
-485.218
1390.29
-752.612
-511.578
1264.19
-1252.4
687.868
932.317
-405.609
582.226
-1308.25
-1380.69
-1338.53
613.809
724.718
-574.869
637.984
-1282.22
-682.494
744.352
-418.584
806.078
526.409
682.51
416.533
-1169.14
322.453
490.631
-813.083
-425.283
-111.188
876.119
-1592.07
1663.44
-158.44
-1053.18
-626.157
367.294
289.338
1654.67
-556.783
1476.15
-578.379
498.391
645.823
-1509.91
864.088
-1230.62
664.453
-1217.21
-489.429
1127.41
1168.65
704.707
-1216.28
736.717
-1727.79
840.594
468.273
1010.4
-471.229
-153.559
-1051.87
-255.556
422.573
-473.896
672.639
-1569.34
-1182.06
520.585
1034.87
699.267
-1188.7
-602.382
-1632.68
-0.131244
367.938
410.755
-901.693
1526.3
332.761
792.135
-417.045
5.45278
1574.48
881.725
-342.921
320.432
22.4893
-470.337
1238.22
563.221
-1047.28
484.063
-332.761
-21.2155
534.116
-1069.5
535.388
1179.33
-413.156
343.013
-746.245
72.571
940.98
434.316
-223.63
-500.311
-1068.57
-1191.83
639.218
-713.346
-1603.18
-658.415
798.527
607.461
871.281
-1478.74
1037.64
-1085.23
1660.57
-621.416
-482.225
-307.372
1151.43
-296.05
355.64
-380.285
24.6452
-734.81
-593.551
-1404.09
781.961
-975.883
-625.918
-46.569
-14.1851
-281.841
475.306
-1143.59
255.958
-282.918
26.9596
-1092.11
-589.017
-677.953
589.405
-1150.04
-190.076
352.965
-382.471
29.5062
422.636
383.442
-1097.43
-589.617
812.681
430.887
-494.995
917.055
628.969
-1546.02
899.28
222.236
864.256
-437.751
457.094
520.725
515.285
-1036.01
591.567
490.03
-1081.6
688.252
606.72
803.182
-1409.9
969.623
1121.01
-645.708
943.554
647.224
879.954
-39.3012
577.374
-1102.53
309.834
-342.181
32.3465
465.204
386.422
-372.896
330.383
42.5132
1112.46
512.153
-1015.02
-1627.85
863.842
1420.74
-758.638
-403.661
353.176
50.4851
1119.13
-713.154
200.171
-1073.05
1712.31
309.46
-364.068
54.6081
1477.88
-598.558
327.662
-386.452
58.7907
-625.844
262.184
-415.866
345.68
70.1864
333.344
-406.352
73.0079
329.207
-404.502
75.2944
386.758
-461.524
74.7657
-475.165
416.878
58.2868
419.628
-467.539
47.9114
415.557
-450.636
35.0791
425.994
-445.86
19.8666
422.049
-426.535
4.48551
-430.174
471.659
-41.4856
450.025
-397.099
-52.9265
426.282
-363.526
-62.7565
-423.074
497.413
-74.3392
-20.7016
-802.308
488.61
-145.858
752.09
-684.556
466.215
516.047
650.247
-1458.39
808.139
-595.424
-648.005
428.463
386.023
405.306
-377.742
311.16
66.5817
371.837
-753.053
381.216
122.126
1571.41
-605.609
-1292.67
201.944
-551.818
447.634
-928.594
480.96
537.55
396.617
-839.12
442.504
1687.36
-742.961
1500.25
-877.797
-1587.79
-786.072
1763.56
-672.505
481.476
-950.713
758.973
-1354.4
1112.09
1577.8
509.953
422.364
424.813
320.969
-383.747
62.7782
-894.868
457.005
-429.912
457.176
-27.264
-756.537
-573.098
504.206
639.851
-418.959
-577.797
1646.03
-575.552
492.002
536.421
506.23
-1017.93
511.704
-1537.45
1173.76
-682.003
1686.06
1127.5
-600.986
-367.816
-435.664
369.761
65.9037
-288.067
424.028
546.9
-1039.59
477.032
1178.85
-549.828
-545.438
-313.68
343.76
1057.97
-354.771
-634.868
-535.139
510.862
-1059.29
548.432
1425.25
-601.818
1401.04
-500.824
499.764
-981.989
445.919
-434.077
-11.8424
165.509
-887.048
-670.878
1469.12
351.99
-822.071
486.432
-945.166
1826.6
-955.318
-719.907
282.271
544.423
591.4
654.133
-1245.53
683.036
-1432.09
749.056
1074.22
472.234
-907.107
733.209
619.959
-504.622
1417.51
-1770.18
1502.97
267.208
268.46
1453.43
-1023.49
1510.69
170.852
-694.314
215.441
443.053
-862.013
-644.309
-1109.52
280.033
1120.01
-170.162
1289.75
-601.886
-1600.4
1098.23
1921.11
-1110.5
-810.609
-579.194
844.747
1042.02
423.084
-825.557
-804.397
-1122.09
-647.846
-500.626
-389.791
-1350.14
-240.697
310.215
-578.166
210.559
422.503
-830.814
191.672
-639.254
856.596
-1808.11
-847.562
191.83
178.564
-370.395
-932.526
455.783
-1098.38
895.122
1017.38
417.885
1416.25
-1537.8
701.358
258.02
783.007
1378.93
572.668
-1183.75
611.087
460.097
-853.515
-890.478
1880.33
-448.645
181.049
-558.116
1121.34
210.326
623.285
690.361
-203.787
-396.377
600.165
1603.15
-1010.97
-508.41
1148.26
355.011
-278.327
-76.6842
628.268
-1254.7
-853.893
330.046
523.848
-1122.87
-1621.18
780.686
877.901
648.166
723.623
204.542
311.504
146.456
-516.812
370.355
546.152
-297.909
700.139
-1179.31
527.321
404.805
-782.607
-783.627
-626.275
2.48102
1602.28
-985.072
-817.681
968.868
1529.26
-851.611
-677.649
349.826
-691.576
341.75
-540.087
1298.36
1268.96
192.753
209.225
-1053.89
744.052
679.489
-508.157
154.154
-461.086
255.828
205.258
236.591
1469.12
382.224
-735.953
648.3
968.237
-1533.91
194.329
329.77
331.682
-661.452
1189.26
-599.855
365.963
700.137
-362.639
605.202
1282.79
472.932
-935.572
462.64
539.824
533.686
-1073.51
677.705
-1422.83
896.376
-450.88
-597.096
1679.09
-591.309
1779.26
-1187.95
-626.562
263.923
1508.58
-771.865
-354.674
889.471
285.172
-910.473
-384.902
674.239
822.869
-735.638
1277.42
438.929
-896.583
457.654
-1063.16
-756.4
-764.121
-1060.57
-974.872
-714.129
599.009
-599.009
-7.63679
-729.703
535.798
-1524.98
811.905
179.387
400.383
-754.281
353.898
655.874
873.386
-1291
1826.8
-882.994
1659.43
-717.342
1267.75
-860.307
462.017
-242.01
1403.11
314.326
-598.359
284.033
-1069.21
606.387
-934.545
1534.79
814.959
-131.011
-460.915
846.938
418.845
483.031
-404.931
-78.1002
-1633.18
779.662
-531.689
141.482
1624.21
-874.257
1122.87
17.3171
1523.67
-647.945
-1127.77
-431.991
-555.632
-851.729
-1678.72
1052.57
508.651
-583.349
74.6981
-277.535
336.848
-751.511
1847.76
-11.6107
287.212
-602.062
-1523.67
-138.998
1118.96
-692.498
-426.466
-727.437
-117.283
583.59
252.259
-742.513
-591.15
1768.68
386.064
-739.801
1813.74
335.432
-866.713
271.354
299.763
-571.116
-330.019
361.806
348.974
-1377.18
-420.689
232.673
229.344
855.179
-1103.48
448.311
1075.05
-45.3144
-579.474
1156.87
-553.235
-948.737
-438.895
-485.354
-816.92
1302.27
-612.468
72.6371
245.31
-228.806
-948.181
1369.58
-421.397
-495.557
-682.614
1296.42
260.902
-519.878
258.977
618.906
1390.41
612.622
-1545.15
1177.85
-823.728
-464.053
-543.029
289.108
-324.598
35.4893
-541.57
-261.382
-14.0927
-627.233
-1197.69
736.709
460.986
-574.576
1098.38
-667.474
1392.19
-584.281
263.406
1629.76
-908.872
727.437
34.4946
-61.5058
247.838
-488.501
802.137
-533.707
918.998
635.854
1021.68
-448.137
779.189
-1370.56
673.166
-248.077
1051.15
-654.44
1154.1
-378.12
338.148
-566.313
-890.748
1598.55
751.511
1730.99
533.28
-328.813
-523.856
864.648
-492.81
841.973
619.388
404.83
-327.49
-77.3399
709.584
-1592.58
-400.081
970.02
-636.703
-840.607
-743.118
407.901
-332.413
-75.4875
-474.214
-514.346
-605.063
370.47
1083.54
-626.447
870.007
-523.952
579.653
-420.752
1305.79
-1684.29
699.216
-1797.53
610.067
-530.858
498.251
-839.207
340.956
229.187
-542.911
313.724
-763.472
388.399
-346.941
166.506
561.955
-268.463
-458.761
1163.47
1108.67
-683.858
-587.846
-457.905
330.799
-406.56
75.761
-493.708
200.481
440.525
-204.376
-291.234
-303.663
763.618
-1070.99
473.255
939.089
1032.13
-439.941
394.532
330.019
480.549
1030.21
500.979
852.437
1068.67
818.131
-1465.96
647.826
464.662
-1259.26
681.461
-201.709
-259.377
165.293
-386.128
598.351
790.616
-594.804
-170.172
243.452
232.663
219.301
1648.67
-460.159
-728.081
-315.288
376.811
-61.5233
1170.52
-472.695
-697.825
439.583
-398.753
262.059
411.107
-570.555
494.073
-720.115
1142.62
220.65
646.008
1399.17
-1204.64
696.781
-395.611
190.499
-190.473
-679.452
607.137
513.978
-311.147
1101.47
-656.513
1116.61
-490.163
1189.43
745.174
-617.294
376.456
-57.511
1510.82
-770.36
1653.96
-993.921
1370.56
-1238.32
261.382
-27.3181
602.527
-781.114
-778.828
-407.29
1247.88
-69.6775
-534.563
-264.58
-1190.79
-590.652
732.633
-272.041
892.666
-455.41
-354.384
179.163
236.061
582.37
-229.015
-271.858
1230.45
-591.012
-537.051
583.198
-656.727
222.945
67.4432
399.758
-327.233
-72.5249
254.999
-1075.25
766.464
280.09
-1008.17
355.094
210.914
-566.009
627.084
-265.254
711.633
-446.379
-750.966
-378.53
-1025.1
528.962
452.093
-1172.21
-862.618
328.911
-94.2013
187.756
938.732
-36.406
491.937
-1148.45
1780.67
-898.946
-77.1444
-24.6422
-23.8112
29.1834
632.696
-474.632
97.9235
-692.211
-435.037
-624.257
-509.15
761.409
-452.701
-962.99
-1209.1
-92.578
-449.173
734.345
902.844
-421.884
170.055
-365.151
-32.0618
782.196
800.744
432.834
-323.637
389.208
-65.571
-492.946
-635.328
280.558
-633.307
279.89
696.758
-217.612
325.327
1151.63
41.7473
-518.811
646.697
-1593.56
946.866
289.999
191.128
-387.233
544.845
-365.458
217.822
-666.995
-416.559
192.929
-231.646
-221.623
919.62
764.192
201.937
313.04
-952.187
527.195
-72.587
279.427
-735.511
-665.483
-964.267
794.12
-1220.65
-897.725
283.52
-503.63
158.324
-362.898
-428.276
889.041
-340.609
-480.547
692.684
67.5172
398.753
459.648
1154.35
-720.593
19.3843
-377.759
641.682
-529.563
-629.261
732.497
-446.434
1209.82
-309.646
289.038
20.6076
1779.07
869.207
512.598
-319.845
868.511
-1428.1
-1840.36
856.31
744.518
-340.099
1603.58
511.986
119.948
-131.869
-176.498
308.366
1695.66
704.378
-1379.42
1687
-732.784
1036.66
-42.3935
1216.98
23.0993
278.258
-704.176
-280.967
-347.574
284.408
-798.754
1020.05
537.214
195.431
-654.652
-701.26
-140.376
1202.88
-245.055
-276.078
-182.571
-130.544
313.115
-1032.38
-222.5
-689.773
-609.038
-1311.12
529.926
-553.529
-1242.62
1096.44
738.222
-345.245
-96.7102
379.872
-310.707
-69.1649
1770.5
-506.644
134.933
-363.151
-68.0625
-441.649
948.172
-632.491
470.968
536.049
-635.681
-44.0642
299.896
-88.5647
285.959
160.587
208.819
-1154.35
-409.895
-190.112
-129.741
319.853
-757.471
-807.419
-376.335
-83.2873
-880.98
-1115.37
-1464.14
-535.887
-1464.14
1466.24
533.756
1466.24
347.574
-320.118
115.703
1034.71
724.52
1268.75
-1117.81
-463.325
-844.924
-444.831
-841.416
-260.052
660.002
-405.621
296.409
-1752.07
-446.985
-19.8019
-370.119
735.389
-576.849
411.031
-676.285
-498.883
632.28
-421.366
-1114.32
-725.498
666.364
-1700.21
-772.368
-686.018
1679.65
-504.168
232.31
1056.37
-562.173
-100.942
-98.0275
-1463.96
576.911
1566.2
391.266
-1419.53
-453.24
-1398.64
258.261
-1017.92
459.752
443.092
1009.54
-863.214
-127.287
-215.723
343.01
-1292.67
-340.974
443.719
-233.16
-774.524
-443.8
-591.751
1486.87
687.874
351.409
-761.579
438.876
1121.74
-703.859
-822.165
-655.218
244.723
-643.458
-30.3289
-475.923
1247.22
-854.535
1460.63
-383.555
-368.072
753.058
-411.276
-902.003
-825.193
-427.381
498.408
-343.769
-149.253
493.022
131.051
408.59
-452.989
1417.15
1572.96
-604.094
-619.594
1151.27
-969.431
249.377
-307.118
-435.716
1099.86
-527.222
-219.023
947.043
-462.98
-158.493
371.782
757.471
-1342.42
-27.8933
-436.981
-261.257
261.257
-327.102
-427.179
931.967
-615.407
1296.87
-414.678
-510.23
-1585.98
812.276
-325.361
-360.645
-1193.94
1176.7
-565.618
183.173
416.442
-893.336
-723.569
271.392
494.541
-289.283
-632.18
-503.708
-221.459
-142.504
363.963
-819.734
-138.227
-219.343
357.57
-219.115
-131.494
350.609
-281.214
35.5383
903.306
-1520.4
373.941
-189.747
181.654
-961.042
1044.82
-500.401
-677.885
-411.344
1089.23
939.977
-229.618
-139.957
369.575
-433.028
456.127
1355.2
1660.77
1282.79
-1473.4
711.825
186.395
463.358
98.8178
-360.075
446.307
-305.117
788.824
-434.927
500.663
-694.982
-606.484
-465.947
127.475
481.867
-49.6073
-443.309
-414.923
-652.665
-1576.01
771.61
-230.826
-143.714
374.54
-888.554
-512.15
1610.38
-1512.97
-865.146
1129.94
-1175.25
1598.83
1051.13
-818.798
-899.815
125.732
-613.664
1671.63
896.362
911.745
681.016
-271.184
876.194
-350.043
-307.055
-364.255
713.229
391.253
579.274
601.515
530.701
-336.373
726.339
321.067
1577.51
1400.73
-461.994
317.343
-366.067
-668.264
-0.10097
130.366
-883.076
368.378
-796.345
947.984
831.273
222.946
-260.403
479.89
301.087
-577.042
784.065
214.504
217.732
202.708
1559.54
48.358
905.746
-954.104
474.491
-403.165
186.627
-1099.71
475.458
55.9134
820.003
908.494
-184.008
-189.727
-376.281
-349.64
-512.977
-608.458
254.074
-929.503
456.659
-468.086
-345.053
80.4104
756.506
-456.203
879.203
-95.7214
-456.097
574.398
886.228
355.702
-196.755
277.147
932.225
602.565
53.3419
298.629
265.515
-1221.1
465.947
-906.285
607.489
298.796
1688.71
-430.243
-361.045
291.586
-403.299
977.356
134.183
336.645
1220.66
1514.57
-650.479
-679.743
682.884
-318.287
851.901
-533.614
-681.175
660.474
-405.05
822.4
377.985
617.623
-355.775
-1345.27
1038.76
-254.99
1857.44
-679.387
205.716
529.813
-204.318
692.157
-317.307
245.001
-1100.1
424.199
-1356.57
1339.4
406.438
-235.999
-142.829
378.828
-783.933
-1623.42
-908.185
176.225
61.1683
-612.794
1025.41
1190.79
-678.634
-764.666
-666.383
553.859
498.239
526.17
-1230.02
931.703
-267.117
1174.73
-523.397
777.477
-1289.24
1098.67
-83.041
305.986
-602.29
1384.49
232.068
-625.635
-908.271
355.889
1195.77
215.304
208.759
53.1744
-953.438
907.644
-972.005
-242.53
288.864
753.585
711.427
1150.22
350.224
-661.338
-331.093
-302.288
-279.62
-727.391
-452.328
532.037
-385.761
-32.3729
83.442
-44.1711
-738.788
297.14
-1327.66
285.242
496.474
673.557
-1170.03
-1094.29
-357.648
-395.446
-1009.54
-1136.09
-1514.98
616.105
-271.025
-1103.8
-369.806
-376.591
784.947
387.02
-1090.88
-69.459
345.146
289.883
260.681
605.65
-1024.14
342.443
-442.983
361.427
-213.356
-401.488
-203.325
-1527.64
292.419
-1508.57
-1457.74
-220.529
1090.99
52.6385
-459.923
1056.97
-555.987
-676.134
1116.66
812.864
366.879
-766.96
680.958
-259.28
-384.179
-411.275
-556.94
1037.49
359.686
-175.076
-184.609
-326.633
-795.295
-402.959
1198.25
1914.41
78.501
402.001
193.011
-531.698
-307.509
272.457
321.091
-116.336
-204.755
-381.809
163.101
-442.497
461.881
-398.535
765.414
634.511
474.73
-421.556
-353.952
-100.132
-904.984
388.703
-236.927
-753.29
638.201
503.145
1165.33
1019.89
-1155.39
786.095
-542.023
-124.982
1544.67
-571.7
1098.89
-320.656
1648.16
-102.719
-221.879
359.025
921.278
415.733
-1371.05
-328.097
-1428.65
1314.57
-633.554
708.086
-1347.28
672.652
366.395
-440.16
-625.837
-525.122
487.333
-202.312
-979.594
-830.198
298.5
1125.32
1511.06
1003.37
226.959
472.446
13.6298
444.179
512.896
969.984
588.915
-333.916
-291.651
1522.97
-175.99
888.26
-1353.76
956.002
437.207
-606.277
-190.656
-490.519
325.557
-587.857
1131.07
572.316
-328.863
291.169
428.057
-297.006
239.431
-428.451
-148.493
-805.315
327.108
-600.838
-491.107
417.082
-1013.09
197.848
1013.56
507.97
794.308
360.722
-241.181
-407.242
1530.84
-743.978
-477.125
19.6178
-742.104
1169.13
-1708.89
1169.39
-191.265
1323.45
304.204
-346.402
-174.282
585.389
-372.031
464.287
1517.21
-148.149
322.304
-539.691
1391.79
-1193.53
-1317.47
420.784
400.475
-965.468
146.545
-350.836
339.97
-372.122
463.768
1059.2
-562.678
-564.028
1203.62
-1210.77
522.885
314.944
-1189.65
-1272.36
-255.657
72.2757
-483.33
304.359
-744.652
291.413
-48.9371
-608.891
418.235
-370.783
264.403
-138.573
-899.679
-469.098
-364.056
1116.21
-376.929
-297.378
284.598
416.905
428.12
-535.13
254.763
1632.57
-1575.08
-315.355
532.582
-91.733
-716.456
293.211
46.3339
-1098.84
-426.147
-884.926
267.632
966.822
-330.946
-958.295
-338.969
-0.0535905
204.084
-707.131
763.672
-698.64
494.087
-168.575
-231.896
400.471
-318.056
50.1736
-354.396
973.696
998.872
-405.582
191.294
169.428
-651.201
232.913
501.677
-540.979
1080.24
242.186
-379.713
1119.03
-631.699
-276.205
294.149
143.745
-1671.51
366.33
1327.61
191.653
75.7321
71.4178
-427.952
191.351
1473.86
173.962
-800.903
427.609
-1532.94
1543.9
274.92
-158.585
-439.443
-189.147
1107.28
138.888
-291.554
315.733
-344.412
665.479
643.569
294.611
-628.449
-993.536
164.277
-165.55
599.735
-332.452
654.756
329.449
312.233
-760.239
1187.61
38.8017
328.396
-480.506
770.138
366.308
718.336
355.268
130.325
-625.607
910.567
300.467
-447.513
276.538
250.782
-937.586
-217.803
18.902
-129.936
1500.73
-281.331
1334.42
-196.326
335.215
326.237
-1136.21
414.03
-800.739
353.226
-337.059
-676.712
1021.09
655.801
-487.486
-743.476
236.832
404.738
259.539
-307.557
-136.064
327.414
-557.551
-985.159
693.155
184.131
-607.86
-185.057
-759.631
-452.064
-126.315
-839.153
-164.73
1051.52
507.396
1717.25
-620.804
-83.7447
435.679
-650.862
-172.976
-164.083
-498.156
-114.334
-1465.39
429.69
-223.726
-310.571
-449.536
748.036
342.497
568.117
599.44
-342.699
564.376
194.911
996.497
-810.153
1287.06
587.71
388.56
-312.828
-541.832
-31.3527
-424.744
-1007.29
-0.201442
-365.607
-382.006
52.794
-332.39
-777.425
116.318
-19.2193
119.495
1111.07
-542.947
-127.415
804.27
244.195
-378.67
-980.261
626.891
-364.706
279.755
804.059
322.171
47.7185
-427.926
-249.403
1442.26
483.965
245.317
-97.8451
1208.92
-210.033
-160.749
367.804
-833.715
-234.201
207.837
142.999
-327.609
1380.32
-511.358
-184.802
-142.481
75.9243
-139.672
114.884
24.7887
262.265
60.2641
-322.529
37.0327
-1.18487
-35.8478
-73.2474
67.5124
5.73496
-5.0058
4.51827
0.487525
331.679
-50.3165
-281.362
199.539
-94.5515
-104.987
31.8054
17.5153
-49.3207
71.6962
1.18522
-72.8814
-261.305
127.193
134.112
-48.3582
-96.1555
144.514
-7.69215
8.20917
-0.517026
20.4575
311.221
327.894
-65.6292
95.6096
-6.60638
-89.0032
-15.5476
20.0248
-4.47718
-101.96
-242.172
344.132
-54.5838
1.24557
53.3382
-74.3863
1.13896
-58.4623
3.87854
69.0794
-303.187
234.107
295.536
-200.479
-95.0572
-247.533
-114.739
362.273
3.29722
16.1495
-19.4467
-12.9726
-2.57503
368.96
-36.0882
-332.871
136.976
62.5622
-10.718
-1.55734
12.2753
-3.92137
4.39832
-0.476953
-3.91837
4.39575
-0.477378
-3.91884
4.39662
-0.477785
-3.88802
4.38971
-0.501686
3.88351
-4.3762
0.492696
-3.88801
4.38945
-0.501434
4.7183
-68.8115
64.0932
-29.2825
61.0879
-63.4545
-54.4824
117.937
-4.62245
3.16917
1.45328
210.12
-187.377
-22.7429
-175.463
302.031
-126.568
-16.3112
5.59324
5.07069
-0.150781
-4.91991
-364.9
548.968
-184.068
145.67
-194.028
11.3735
60.3227
2.29857
-64.4503
62.1517
-164.451
-96.8544
-39.4156
-198.59
238.005
-199.549
38.6857
160.863
279.419
-311.855
32.4363
-6.85315
10.1504
480.03
-186.959
-293.07
128.844
-275.161
146.317
-37.6771
39.9757
-41.539
-48.9517
90.4907
22.3477
91.3376
-113.685
14.3733
2.3085
-16.6818
29.23
-25.7295
-3.50054
-4.12594
3.43488
0.691052
32.5835
-295.489
262.906
-215.413
-167.65
383.062
30.8438
-1.61376
-270.151
-31.0554
301.207
-239.172
295.71
-56.5383
-88.9438
-50.7285
-8.72723
-0.274151
9.00138
8.6096
0.383917
-8.99352
8.69045
0.317875
-9.00832
8.6075
0.380892
-8.98839
8.60823
0.380319
-8.98855
8.75839
0.319679
-9.07807
8.69046
0.31751
-9.00797
248.966
-216.383
24.5145
232.373
-256.888
23.1097
-103.983
80.8737
-4.05334
-14.2484
18.3017
-285.06
245.645
30.6305
-72.1695
-402.696
300.736
-45.6792
-153.87
-374.103
142.876
231.227
55.8119
223.607
119.933
-24.3235
-125.137
-11.072
25.4453
14.0754
49.3707
-63.4461
37.153
52.08
-89.233
119.295
-17.7767
-101.519
-4.54472
-0.461075
364.228
-39.6357
-324.592
45.4093
-40.691
32.3325
-69.4972
37.1648
-80.9183
322.775
-241.857
141.266
228.672
-369.937
82.4628
397.567
-12.9774
13.5757
-0.598238
-4.73669
0.815317
4.52538
-0.641873
-4.73634
0.817967
-4.73889
0.820048
-4.56601
0.677985
-4.56454
0.676524
-7.69215
164.71
87.7991
-252.509
319.994
139.22
-459.214
-41.7305
-65.9347
194.778
373.365
-304.286
-28.1064
-21.0029
49.1093
35.4822
17.3519
-52.8341
-20.2778
-275.35
295.627
402.225
-110.759
-291.466
264.086
-284.364
74.5761
-255.8
181.224
-30.3233
-6.62453
36.9479
-244.909
69.4458
-3.83237
-0.293571
-321.656
36.4444
285.212
176.806
-258.187
81.3811
-13.7906
0.237903
13.5527
-61.9551
54.7503
7.20474
19.5346
-23.2333
3.6987
-112.316
-82.8841
195.2
-17.4816
109.58
-92.0988
-15.7924
384.752
-175.233
199.748
37.2763
-38.1739
0.897573
-1.65898
-31.1053
32.7643
-5.93917
75.8968
-69.9577
145.006
150.529
38.9235
-36.2083
-2.71518
-12.473
131.958
-119.485
381.331
-61.337
89.1582
-205.239
116.08
30.3516
-74.0708
5.25931
-345.033
-4.05986
4.54689
-0.48703
-4.13341
4.61832
-0.484911
-4.05976
4.54687
-0.48711
-3.97273
4.47595
-0.503222
-4.13308
4.61923
-0.486147
-4.13368
4.61979
-0.486106
100.839
234.035
-334.875
462.334
-258.75
-203.584
-15.5822
-0.729028
37.8709
-43.8101
114.926
-385.077
396.188
152.78
-1.89175
-11.0857
-457.584
169.386
-416.919
-345.23
264.312
289.093
-22.5618
-266.531
5.07069
37.0563
-0.023554
-142.956
307.666
-72.3913
70.7323
-39.0226
-6.91627
45.9389
44.9143
2.90465
-47.8189
36.745
2.17854
-203.964
-86.9968
103.669
-16.6721
-68.3897
-4.65548
73.0452
126.733
-144.215
-16.9468
16.796
-326.532
302.661
23.8701
82.4905
-47.0083
37.0499
-47.7287
-14.2263
4.02079
-4.50729
0.486505
6.61365
70.3645
-76.9781
50.7582
-372.415
-0.104177
-3.8202
-7.13972
10.9599
-26.5265
0.796992
177.867
77.7617
-255.629
120.3
-404.345
284.045
150.265
-162.738
54.785
-55.9699
25.172
-112.169
26.8258
-22.5064
-4.31941
-279.158
394.083
8.75711
48.9978
-57.7549
-71.7285
-121.48
193.209
-96.9593
274.827
-304.895
259.08
45.8151
-13.2017
-0.588905
167.603
-305.142
137.539
154.543
-175.924
21.3802
-46.3977
-62.5417
108.939
12.5154
-253.162
240.647
254.454
-241.939
44.7332
-38.1196
318.51
-29.4169
-29.7713
175.913
-146.141
-30.5495
67.7025
336.872
-115.858
-221.014
-16.9733
-136.297
153.27
12.1476
25.1287
-15.5296
-0.0525457
338.161
-477.793
139.632
181.941
-54.7479
-7.89413
39.5821
-31.688
100.678
-130.449
394.683
-455.814
61.1308
-260.503
327.588
-67.0845
-36.0822
5.75885
-81.1837
-65.5299
146.714
76.1286
-125.08
94.8817
115.238
224.836
-130.999
-93.8369
26.1635
-27.2735
1.10999
67.3905
-194.65
-97.3364
171.912
-389.215
216.017
173.197
15.7446
-15.314
-0.43055
3.06211
1.63957
-189.016
-258.239
57.7608
10.7348
-2.52559
134.536
202.335
-68.1034
372.694
-8.46618
34.3493
4.12481
-38.4741
-4.75
0.0133082
-4.74937
0.0130304
-5.35319
5.5076
-0.154413
4.83945
-0.314067
-5.44649
5.59005
-0.143561
-5.44483
5.56973
-0.124901
-4.75272
0.0138363
-5.44883
5.67963
-0.230802
-4.86139
0.295377
-5.35301
5.50754
-0.154522
-4.86075
0.296217
-5.44206
5.57945
-0.137381
5.63386
-5.45659
-0.177263
-5.35449
5.50858
-0.154089
2.91089
17.5155
-20.4264
452.858
-332.558
-121.846
144.194
-270.586
-55.9459
172.074
-17.5307
41.7256
3.42262
-45.1482
41.6092
-27.5339
-46.243
7.22038
-30.8176
28.0728
2.74484
32.3325
335.698
-168.095
304.151
158.183
0.130431
72.9662
-73.0966
168.997
144.233
-313.23
52.8379
271.04
-323.878
-59.8058
111.886
4.01315
1.24112
-5.25427
7.15932
168.753
8.63857
-7.79857
-0.856845
8.65542
-43.5776
66.6873
-5.57348
0.787887
4.7856
47.2919
-55.1861
104.254
-149.933
194.372
381.263
20.9621
-0.115519
-239.056
413.455
197.219
-222.682
25.463
-50.1023
219.099
-58.796
213.781
-154.985
-1.73285
312.56
-368.724
56.1641
-1.23556
14.624
-13.3884
105.555
-14.217
363.319
-0.112594
-4.43213
7.41377
8.33079
-12.1625
-1.06098
13.2235
-165.089
393.76
-246.529
299.367
180.58
-244.923
64.3429
9.8727
-9.04531
-0.82739
30.2919
-30.1614
83.6277
-95.5766
11.949
4.58725
5.93791
-10.5252
153.667
-64.5085
42.6659
8.02787
-50.6938
-275.444
326.375
-50.9315
-234.063
69.6126
-416.25
137.092
201.452
123.851
-325.303
85.3904
-36.0196
-349.789
396.123
-46.9087
-11.5536
-18.4566
14.6364
-3.99921
3.69573
0.303481
-3.99891
3.68395
0.314957
3.97775
-3.68544
-0.292303
-3.99982
3.68412
0.315701
-4.6677
3.47809
1.18962
-3.99239
3.69399
0.298396
-3.99206
3.69417
0.297888
191.348
-208.321
-9.66249
53.7643
39.3462
-93.1106
14.8425
16.0013
-227.205
-48.1451
29.5221
28.188
-57.7101
316.761
-84.388
314.37
-112.918
-35.9955
202.503
-41.0511
-161.452
52.1442
-74.9961
69.7841
-141.513
258.293
-77.713
-32.402
42.2662
-9.86413
-264.585
152.27
-18.4917
282.578
85.3507
-9.45389
45.0913
-15.5693
-157.458
74.5739
-28.5092
166.967
-138.458
43.8511
-16.1488
44.3707
-28.222
-8.72723
-99.5546
36.1002
232.82
-35.601
-48.3927
306.863
-258.47
147.709
148.001
-5.40123
2.81004
2.59119
8.6096
8.69045
8.69046
8.60823
8.75839
8.6075
18.4924
-233.541
215.049
-127.901
73.4182
31.6219
-247.044
215.422
-311.448
362.183
-50.7353
36.9339
-28.1768
-205.495
216.077
-10.5817
-59.8975
-14.4889
17.0202
-17.5289
0.508702
-316.364
-139.45
3.37379
1.79976
7.44822
-9.24798
-159.624
-148.127
307.751
-119.881
63.6174
56.2632
29.2906
-28.045
1.90415
112.979
-47.0675
-235.061
176.265
-261.68
300.622
-38.9416
51.5432
150.96
158.795
3.55524
-162.35
20.4906
-431.267
410.776
355.842
-33.0666
-58.5957
-10.9016
-0.878563
27.7043
-4.51747
1.72722
-1.72722
-99.99
-134.073
-61.0302
64.4528
182.743
-175.584
10.7348
-242.56
219.998
-335.822
219.964
4.97064
-0.957482
6.55745
-8.76498
2.20753
5.1955
-0.224863
21.6031
-156.4
134.797
164.895
-6.10036
-61.9673
-242.928
153.432
-95.9679
-8.01546
4.5215
-1.08661
-44.8113
12.4093
216.014
86.0164
-245.088
341.239
-96.1511
-48.1529
52.2777
-63.9454
-99.0009
162.946
220.739
-251.794
226.006
-106.167
-119.84
-15.2463
19.9265
-4.68022
61.5721
-142.756
-47.9202
-227.759
275.679
-3.0999
37.1433
-78.6873
41.544
-14.8308
2.66834
1.58878
-24.0952
-8.79579
-1.52479
10.3206
-121.955
129.726
-7.77091
-31.45
-15.6175
-173.873
-90.8717
244.304
260.264
-308.657
-18.6804
129.472
-110.792
60.7644
-60.4378
-0.326602
-21.8708
-37.2844
-7.52687
-4.73761
20.8871
15.762
-117.935
102.173
-28.8814
21.9652
290.042
-82.7829
-207.26
55.8461
64.087
72.5491
-44.361
-251.849
-81.479
333.328
-99.5755
-212.28
-43.4121
60.9675
-17.5554
-69.1145
48.1116
-7.70851
-217.457
225.165
-44.0706
35.8111
8.25946
8.31502
-10.0575
1.74247
8.17085
-10.0805
1.90968
50.3296
-66.4784
135.673
-295.297
-211.716
-35.3282
-244.927
104.947
139.98
-47.9677
174.147
-126.18
-79.7694
33.3717
237.075
-244.784
-0.398458
0.397389
0.396806
0.397325
0.396841
0.399111
100.003
-16.3754
-239.176
139.186
76.5621
75.8977
-152.46
-59.5076
-145.731
11.1609
278.769
209.418
-320.177
40.0604
-232.082
192.022
-249.262
-139.953
-41.8123
-23.2882
-76.843
69.0472
7.79582
-334.989
141.674
193.315
-76.4514
247.704
-171.253
-13.7787
-219.407
-407.692
418.205
-10.5125
6.91739
13.0091
-245.637
-34.1994
279.837
36.8153
3.16046
229.228
-196.685
-32.5436
-39.617
69.913
-30.2959
-338.681
93.5923
4.55896
15.4658
97.6216
-27.2572
280.39
-192.591
49.0439
-112.989
109.423
-345.644
236.221
22.3649
-292.746
270.382
-40.3782
-17.2836
239.231
-140.613
110.271
30.3419
-277.728
32.0903
-88.3318
-20.6672
108.999
-3.74199
-3.7495
-3.74225
-3.65305
-3.75276
-3.75279
89.3904
-7.79857
-262.695
11.1969
-365.581
-203.588
207.144
64.4366
331.686
-0.469182
-77.4523
293.47
-104.745
9.24171
95.5034
-15.6224
-58.4484
-137.051
-121.136
-72.1197
-0.27155
122.954
101.881
47.2395
-9.36855
15.4791
-19.2783
3.79915
39.8448
-280.172
232.364
-313.843
-22.0234
25.3972
17.0662
8.31502
8.17085
-172.072
5.99116
166.081
-4.5875
-203.086
108.535
197.717
-339.284
141.567
-204.867
40.4813
20.2831
-1.3545
-4.21899
0.261098
-195.709
132.727
62.9818
33.2379
-55.3127
22.0748
32.6967
3.47707
-36.1738
16.8288
-138.784
64.4134
-15.4156
53.6964
-57.1969
-250.875
358.745
-107.87
114.861
-223.93
109.068
205.494
-183.891
261.145
-156.198
-112.034
126.282
-14.2476
3.74663
2.492
14.5282
-190.895
-54.0278
-55.9324
132.061
1.2255
-10.0213
-104.938
-70.527
175.465
17.9469
305.101
-323.048
-30.2082
57.9523
95.7144
-2.81444
-8.05825
7.95408
167.834
122.208
13.0707
2.08674
-15.1574
77.2223
-335.972
-126.997
-47.9152
174.913
163.203
-86.6405
-135.805
-88.598
224.403
-82.7373
-80.206
353.397
-290.019
-63.3783
39.5165
-59.7573
20.2408
-430.56
-47.2323
148.251
175.741
-128.826
-46.915
-208.034
377.42
-266.644
326.003
-59.3591
205.52
-241.608
256.278
-295.952
39.6739
45.5625
36.928
-160.87
-89.2715
52.6766
36.5949
-206.332
297.49
-65.1257
-3.93431
-0.815061
-3.93426
-0.815732
-3.86655
-0.886174
-3.96422
-1.39027
-3.96396
-1.38905
-3.96284
-1.39034
-87.668
-187.493
13.1571
136.742
-149.899
-0.202048
13.2727
41.8657
-9.10143
63.7993
-10.1029
-6.90426
-49.727
107.679
26.278
-36.1006
9.82267
-193.914
-20.822
-56.1027
-20.8755
-68.3391
-34.0187
102.358
-361.795
50.3477
-286.395
171.656
66.3654
-126.171
111.529
-103.743
-7.78509
36.8572
-243.884
207.027
60.2826
79.7204
83.4822
-126.582
-208.407
-6.55745
-12.3184
48.1295
-56.2831
-129.915
186.198
27.8582
-27.5971
-6.49427
29.3949
-22.9007
168.798
-257.396
-43.8251
4.82857
38.9965
21.8974
23.1939
94.9559
90.4772
-185.433
130.348
64.8517
-24.6822
36.8317
35.7174
-269.938
-48.011
317.949
153.373
-244.245
204.61
-109.654
265.163
53.347
115.406
89.2041
58.7291
146.086
30.9974
269.624
31.2835
-35.939
-10.949
26.2427
-15.2937
-37.8765
-5.94861
-368.325
294.18
74.1447
-117.935
-118.74
157.426
1.76278
-140.556
138.793
-46.4243
-11.3306
-100.175
183.657
-146.969
59.5473
-12.2554
8.31069
25.0606
27.4858
-52.5464
-40.9279
-234.648
275.575
-84.9229
-110.786
-23.7178
-53.1252
51.2427
-26.2427
-25
-28.8579
-7.44272
36.3006
218.081
209.903
-201.955
234.391
-104.645
-27.1237
-9.02188
36.1456
-59.7105
-14.8033
170.632
-155.829
-41.457
187.127
270.388
-304.587
-43.7629
-0.146206
-182.696
51.6973
110.538
-210.713
-181.676
-53.3854
-223.133
-15.0739
-37.7603
252.152
-98.7791
-15.534
-15.2836
298.839
-262.395
-102.264
-2.48113
-53.5156
-230.145
120.491
-15.1622
40.2227
158.619
-156.728
-1.89024
304.41
48.9868
15.6623
19.456
-35.1183
253.529
-12.8545
63.1841
-11.6934
-210.715
-125.107
39.2627
9.84666
-45.3396
301.617
41.9696
-81.5866
17.375
-94.0248
239.031
76.7951
-3.82895
31.806
-5.52806
17.9824
-16.1826
25.5151
-10.036
-235.059
189.396
45.6629
-64.4768
-5.4809
-58.7938
141.745
-141.745
12.2444
-23.1933
34.8057
35.1072
62.2916
116.146
113.083
-127.456
-41.647
-83.4334
85.6491
20.8857
-106.535
12.6698
-1.23729
-11.4325
11.7043
-44.881
105.164
99.2391
18.6978
-18.5659
-60.1214
1.12245
6.82058
-7.94303
-5.67188
24.5658
-18.8939
59.7316
-35.4795
-0.924556
30.2152
-41.7046
-11.1491
52.8537
-7.34262
-1.42237
-304.11
352.075
-47.9652
23.8094
450.172
-41.5864
-408.585
-42.9432
-12.2428
51.2427
58.0731
-77.784
-337.441
415.225
17.062
22.5652
-65.9774
-24.1318
3.59062
20.5412
365.711
-283.248
-244.823
-66.4978
311.32
-215.61
217.25
-56.8321
-12.2824
-2.36432
-103.315
272.113
-33.5955
4.68232
51.5173
33.873
159.639
-168.149
8.51063
-0.0537652
-0.0580342
0.0611917
-0.0581357
-0.174962
-0.0587717
-0.0586203
-154.945
-7.79289
-195.844
-7.74424
-91.9449
-10.3191
-49.1473
329.387
197.734
-6.38653
34.8835
-38.3274
3.44388
21.4184
-178.12
156.702
-239.059
188.956
10.4591
-51.9651
135.899
-3.9412
-2.97938
-7.0781
-2.94343
-7.1371
-10.1256
-106.883
237.231
-0.531889
0.655565
0.609401
0.655265
0.612562
0.612629
0.65548
71.5372
294.839
-366.376
-3.81368
-67.4918
-88.2253
61.6095
0.542231
-220.592
99.1112
-13.557
250.632
19.6978
-210.593
-2.8277
-19.8497
-61.1403
1.42987
-203.457
266.736
-63.2793
170.726
-80.249
-88.3057
43.9447
-9.88468
-307.854
380.862
-4.01567
-0.491621
-3.8419
-20.2899
50.2735
-103.789
-187.199
3.30887
84.8229
229.408
-289.674
60.2662
305.042
-284.551
178.689
4.05418
-66.4777
6.58025
-87.3933
-280.932
-115.949
11.7353
104.214
-211.981
248.854
-36.8736
-152.779
16.4828
299.357
-39.093
-227.462
117.738
109.723
-266.28
-26.4668
-295.837
151.958
143.879
-289.623
-196.32
300.812
-104.492
-200.798
108.96
91.8383
-319.253
278.325
37.7158
-49.8911
-71.8775
121.769
-370.157
288.67
81.4875
-3.73175
61.9947
295.554
-40.628
-254.926
3.06302
3.33856
-178.922
-53.4527
6.5441
-272.641
280.522
-7.8808
-3.45844
-28.1796
43.8419
-3.20238
-57.2355
12.063
-224.044
-198.346
138.838
56.0648
120.442
-95.7421
116.244
-20.5018
-113.392
-128.481
-66.315
7.8666
19.9897
-231.705
127.155
98.8512
91.2843
-39.767
-237.239
63.3663
356.498
248.615
50.7415
-118.393
-52.5903
4.43746
-27.9058
29.9925
-132.732
-52.7008
-278.951
6.3104
-264.954
-8.69003
-8.69337
-8.69227
8.70908
-8.6905
-8.69015
-7.88846
3.23854
121.967
-163.614
-250.74
118.274
132.467
-113.685
51.1437
37.2497
3.21208
65.8351
-47.7969
296.412
333.984
-29.574
-169.768
-94.8177
-61.0384
103.008
59.2573
5.19546
-91.131
44.1227
-5.11068
-14.336
-18.3718
-100.712
119.084
88.8612
255.275
-103.006
297.978
-27.5968
-19.8908
36.1945
-16.3037
-26.9868
6.76584
20.221
110.168
-126.169
16.0017
89.1854
-123.204
-4.26658
-12.6802
0.474208
28.9207
216.125
-255.761
-9.49373
31.5685
380.735
-309.198
47.7998
126.348
135.34
-278.836
-29.8212
12.8889
-28.4582
0.00232944
30.6288
-158.279
269.078
-110.799
54.8365
56.1929
55.3356
-162.423
139.68
306.878
-36.4905
0.604051
47.6939
4.5838
-62.1382
251.307
-189.169
25.3942
102.173
-91.2607
-109.537
253.78
-319.409
-39.4242
82.4347
-109.692
-23.583
14.0893
22.6741
33.6147
261.939
98.5692
351.603
-340.929
119.915
19.1429
4.4576
-34.884
-3.4434
-166.237
146.626
-122.811
-23.815
-125.974
-12.6605
8.81855
39.7437
-54.1642
113.729
-61.0528
247.661
-120.506
150.467
-113.509
-182.328
-11.2914
-44.6785
371.356
-412.942
105.601
-218.258
-36.1419
-179.468
52.5682
94.0577
71.7687
-177.935
11.7239
-49.1465
154.325
83.8205
-238.146
-62.4365
77.0944
-97.9698
18.9244
-297.359
-101.092
5.34988
48.1555
-23.7234
239.738
-394.148
-38.804
2.95612
131.593
7.20002
292.554
-376.884
84.3297
20.3075
-110.556
90.2484
-387.97
326.633
164.473
87.6791
14.4473
-15.9296
1.48233
18.6375
66.7133
62.4879
108.238
45.3335
68.3959
213.351
35.9724
15.881
-51.8533
-198.552
9.53542
-8.17519
-105.862
168.296
-212.059
452.255
-479.519
20.7951
8.70908
-8.69227
-8.6905
-8.69015
-7.88846
-8.69337
-8.69003
230.316
-121.356
63.0295
-56.0917
-6.93777
-132.296
-208.633
75.7617
-91.1773
242.138
-124.4
87.18
-38.5007
306.69
-268.19
-69.8871
223.855
-153.968
-36.2865
-125.421
-104.724
-370.712
292.012
78.6999
-105.185
-110.493
-17.6178
128.111
-270.279
306.318
-36.0387
-156.548
-77.1772
64.3227
-16.0842
0.55453
1.58102
54.6351
27.494
306.49
280.411
390.102
-306.202
-44.8713
351.074
60.6785
-72.3719
-407.115
144.1
263.016
-408.064
200.03
-3.58065
23.0367
89.0611
23.7489
-28.8596
38.3231
-220.277
-119.007
273.365
7.15664
437.259
56.9819
-68.2732
72.7024
-84.0329
257.457
0.289542
-257.747
-9.27118
4.59096
-3.87152
-1.57731
311.394
-81.9861
130.105
-99.7535
55.6429
-66.7919
-414.126
283.241
-50.1456
340.886
-11.5635
0.477857
65.9269
-398.956
333.029
-68.3519
-69.9904
224.316
65.0566
-77.3389
69.4982
-79.601
-207.692
137.805
188.788
119.578
-352.507
184.858
442.129
198.502
207.369
-228.199
20.8302
111.862
2.70025
2.69043
197.497
17.2364
-19.5919
60.928
-73.1834
67.8095
-80.0523
-315.618
402.72
268.386
-109.609
-158.777
-354.799
-137.415
-113.325
-15.2877
300.773
-285.485
51.0824
-0.892088
-50.1904
-14.4394
10.8588
-89.6702
-139.812
121.44
-256.574
186.583
-235.617
130.432
-135.045
188.692
-53.6471
-8.27105
1.13132
-25.8842
353.763
-48.7914
-304.972
177.296
-211.649
249.192
-37.5424
69.1439
45.8729
278.276
-85.7532
369.799
-248.932
-16.1126
-118.841
173.476
-115.127
-191.343
-40.3623
208.063
-299.725
91.6615
192.506
163.336
2.56216
-7.96339
59.1238
-217.403
-182.442
30.5009
151.942
-42.7422
-290.129
55.8048
4.78555
4.43076e-05
190.172
-142.373
1.93598
307.933
-355.251
47.3181
84.2726
-61.7073
-105.982
-35.2849
286.347
-12.9821
74.2083
-292.242
276.954
-92.1006
-322.806
77.9831
-6.73301
-10.7959
-11.9244
-32.6141
-165.938
-299.971
300.773
-79.2453
76.0429
206.775
148.392
-51.3777
-91.1094
85.6285
4.33865
-81.6103
250.015
-119.583
-15.9384
64.05
-95.4316
169.64
-3.33327
56.8399
-172.787
115.947
36.3484
269.969
261.077
-260.645
212.725
-81.8523
65.9139
277.29
9.05693
82.8596
-86.6886
38.5595
8.67998
5.7506
235.062
-273.563
105.427
-129.751
-8.05825
-75.5756
336.653
139.497
50.6757
139.626
-90.5822
-59.8444
210.335
146.163
48.8473
-174.269
31.1473
149.238
-52.9702
-27.7371
-112.075
-266.576
266.461
-354.655
-24.4287
-357.838
315.096
132.933
-160.67
81.3927
-83.757
106.474
23.6315
-193.911
197.25
-13.2135
60.7302
458.688
-32.0625
-146.057
134.27
195.705
-189.714
-136.955
-208.813
-35.0706
-20.9276
-2.30567
-344.464
196.337
-23.2607
304.088
-286.141
-110.133
-321.299
223.24
98.0595
-267.777
-45.3325
313.11
-38.9036
-311.57
377.497
-156.548
-216.852
79.4367
247.32
59.3702
80.8348
-81.1064
34.6802
-301.366
266.686
237.428
120.142
196.337
-97.4996
88.0457
-0.41221
28.5912
263.963
321.632
-67.8523
47.0679
-12.2923
48.2646
-0.593752
175.887
-175.293
23.951
79.9281
-78.4983
303.23
-350.802
47.5724
-1.36227
-4.08256
-1.33361
-4.11288
-1.64019
-3.22119
1.56738
3.27206
-1.64376
-3.217
-1.35813
-4.08393
-0.659521
-3.17284
-1.36397
-4.09262
2.51263
3.06682
2.52116
3.06889
1.28406
4.22347
1.28339
4.22421
1.32443
4.2453
1.28384
4.22474
251.718
-104.117
86.5348
61.292
251.875
-287.264
35.3887
41.5739
36.4301
-78.004
259.321
-147.878
-111.443
24.8083
304.918
-349.79
-264.57
300.919
-374.199
323.464
254.548
-132.352
-46.5355
178.887
37.0471
272.224
-320.235
-50.0964
-59.2069
-106.124
129.933
126.312
62.3795
42.1729
-345.36
23.2493
265.755
-289.004
-121.358
137.36
35.7761
1.12841
-36.9045
79.2214
-78.6791
-54.8386
-32.3116
-268.026
325.831
-57.8051
-273.654
259.683
13.9707
-143.302
87.0188
21.7788
-279.803
258.024
132.601
-70.4731
121.617
-72.1323
-247.277
-314.598
232.612
123.564
-24.3253
-318.957
-248.215
-168.704
430.287
169.701
89.48
-259.181
-212.845
205.101
207.877
-214.264
-193.202
197.256
-75.3875
79.5549
-76.4928
203.236
-206.064
-226.631
237.09
-312.529
236.953
13.3599
-103.105
89.745
238.072
-238.072
-198.799
202.108
-181.224
-103.757
284.981
66.8975
-60.3534
48.8437
-37.0439
335.453
322.889
-50.6652
-263.563
-105.161
79.4381
-78.2992
104.961
154.359
276.428
-269.271
124.936
10.4035
337.827
-100.4
81.3057
-74.7255
-4.42788
-187.332
133.685
67.7496
-4.72009
43.7205
-311.498
-313.148
241.016
-224.381
-415.434
368.202
79.7055
-74.51
28.0623
269.284
-297.347
-25.6302
5.93531
19.6949
-1.32813
-114.621
360.77
-103.313
335.453
-281.752
244.708
266.472
-225.502
58.9295
-266.36
207.43
19.0164
-368.044
79.8075
-76.7444
-76.4447
81.704
-120.902
-15.7289
104.033
82.997
-75.1304
-46.6898
-61.7773
-253.566
315.343
282.933
-330.345
262.492
-71.6561
202.096
-264.235
284.638
-346.416
-271.737
407.701
-135.964
272.228
-336.637
64.4094
267.306
-275.187
101.843
-101.843
65.3059
-60.7221
210.661
-63.3107
-147.35
-117.371
-27.2097
-252.593
293.817
-58.4225
-169.777
143.804
-56.6244
-285.485
-30.9799
-251.242
307.406
-315.723
288.126
-14.9519
-18.8031
269.629
-327.435
114.558
13.5531
65.0596
-60.6222
-46.4395
89.7455
-50.6489
-39.0966
-112.406
397.044
-331.363
-64.9351
61.1366
3.79852
-246.977
-276.428
-87.7321
-127.523
-70.8226
89.376
-362.266
314.3
-178.499
-44.1825
-74.4283
344.528
-86.585
-327.447
273.684
53.7632
230.249
-227.485
-16.1448
283.451
-50.3234
289.04
-76.3383
202.651
125.592
266.788
248.889
-79.1886
-40.7694
17.2228
275.725
47.1638
270.78
-300.197
-312.199
272.775
-35.4635
61.0548
82.3311
141.524
26.5669
-155.392
-295.894
264.914
-261.216
-192.932
-171.124
262.961
-262.961
-19.8713
367.218
-173.832
-193.385
189.955
-207.486
-325.202
274.537
359.227
-54.1263
197.502
169.716
-183.799
-177.442
-317.532
281.041
337.265
-315.904
286.083
116.507
15.8714
440.896
-50.7948
374.769
-346.177
170.378
-363.31
268.485
32.4332
-34.43
-275.794
310.224
-252.19
404.97
306.892
-36.923
-13.6421
131.262
-103.35
381.626
-45.9942
33.503
-159.683
-62.8798
-110.072
110.072
-34.564
303.05
-70.4996
-292.806
363.305
363.642
-212.407
-151.234
-0.204573
26.982
-24.0774
-258.846
-311.189
276.759
-32.5975
-245.692
265.39
-329.248
460.897
-42.6927
158.253
-79.9173
-137.696
-277.738
-271.959
213.166
297.77
-277.162
92.2601
156.629
-307.901
332.546
184.01
-168.868
274.275
-319.608
-32.3023
301.587
194.773
-76.1948
-330.358
291.265
-16.4987
-83.8849
-285.147
-23.1952
289.983
-307.369
229.656
-352.327
304.53
-215.209
215.209
-57.8181
-55.2067
27.5765
-15.8722
-14.9225
270.469
68.6973
21.0482
107.317
-89.329
-15.39
-51.5179
286.056
-246.382
-22.2081
245.699
-212.082
-11.0162
97.9151
-86.8989
181.714
126.037
-4.76969
-0.484586
-169.487
169.487
-39.5142
-283.793
323.307
69.4827
311.78
4.77635
26.005
119.795
-140.462
-386.24
276.706
12.0861
-288.792
-24.4121
-116.445
255.631
-96.3767
155.501
138.19
318.612
-36.4425
24.1502
-291.736
228.457
-12.6304
54.1653
-284.419
216.928
-238.933
-189.817
189.817
41.455
102.349
-158.955
158.955
133.137
-133.137
181.333
144.376
-325.709
27.8057
-12.6266
166.65
-76.8288
-89.8209
-197.933
279.901
35.2235
-315.125
272.328
38.5498
22.5381
264.414
-319.761
-28.2074
-8.23504
14.9589
-0.511658
-200.625
-168.355
287.824
-327.338
26.8029
-319.608
-16.7958
119.091
7.19113
-16.4109
286.553
-6.6518
32.6905
330.615
117.804
-108.562
133.445
-146.88
13.4357
270.747
210.903
-149.611
-18.4749
246.031
-163.7
-192.415
-177.979
-161.289
250.769
258.303
-153.342
32.1425
-160.216
-92.2939
283.631
34.8241
-318.455
-237.591
306.9
-30.1943
35.8212
-164.302
-75.7974
-322.88
39.0877
-42.953
317.228
-398.558
-145.312
117.741
132.274
270.622
-5.3739
323.33
-47.6045
313.005
-4.53324
-308.472
-269.271
-103.81
262.522
-158.712
6.78005
6.79561
392.08
-387.594
112.597
233.636
-346.233
9.67641
-184.165
174.488
-308.839
271.916
269.53
-305.569
-3.80815
-28.4769
32.2851
264.787
-212.37
212.37
-180.14
-301.481
217.093
310.087
-273.345
-36.7414
-14.5348
-143.272
-15.6831
290.513
12.7541
-303.267
-272.444
327.24
-52.7036
110.689
-121.705
-117.656
-122.905
304.619
261.849
-307.843
8.83429
150.274
176.825
-395.074
218.249
-39.2497
-238.933
-159.595
340.928
47.0464
310.431
-112.934
240.069
-336.22
182.494
-148.991
-4.07954
-99.6639
-301.494
262.553
272.908
17.075
-342.656
238.01
-33.5112
-281.613
39.4755
-52.7663
13.2907
-237.591
203.848
-153.173
20.5854
-15.9031
255.697
-291.16
345.696
-317.717
213.225
-12.8878
12.3778
-40.5852
-12.5692
-180.14
232.967
-283.29
-33.2513
305.579
-192.573
191.98
-143.272
-0.583481
-22.9996
93.2938
240.542
-287.231
22.8521
-287.56
-39.7789
280.377
-251.689
28.4175
281.669
21.7715
196.31
-39.3091
-337.572
304.06
-285.916
63.0002
222.916
224.937
-279.776
-159.428
-276.365
16.6507
102.44
285.98
-326.809
-315.173
133.949
-290.685
318.179
-218.715
91.1921
309.045
-37.1288
191.576
-269.974
78.3978
1.79423
-321.392
-256.509
135.153
-277.536
-40.9189
315.846
216.755
-275.962
100.835
279.636
-8.24974
-267.007
208.584
4.46099
-57.4743
-14.6952
-28.2416
298.864
-11.8711
245.769
98.0879
-50.5844
330.22
-277.786
174.781
289.576
-347.394
39.6926
-341.269
-22.3734
127.801
-273.801
313.493
-45.7978
273
-385.406
109.18
-6.87354
-45.2898
188.653
-283.711
-5.29586
-1.12523
-293.186
16.9252
276.261
-356.861
152.897
0.241205
216.395
-303.971
87.5763
-280.432
-198
-8.50265
7.14038
-8.4648
7.13119
-9.65236
8.01216
-7.21926
-7.14038
-7.13119
-8.50324
7.14511
-9.65774
8.01398
-7.14511
-7.21918
-9.63459
8.97507
-8.06721
-8.50107
7.1371
-7.21723
-275.13
164.331
-268.932
148.426
-296.922
16.4897
203.979
-339.404
135.425
-301.016
255.218
-252.621
217.551
240.909
-258.974
140.58
-17.9824
84.742
-24.0138
317.7
-121.362
182.187
-253.843
-35.3114
-21.9367
20.6063
-266.988
-262.468
152.382
110.086
24.9531
-15.3681
-9.58499
-50.6185
162.571
-254.671
274.85
-54.2646
-2.9222
22.4348
91.3403
172.137
58.4792
-357.048
298.569
194.279
-55.4408
17.463
-25.6981
340.161
100.491
209.94
-58.3529
166.571
-221.7
55.1297
-1.17825
-42.8795
-45.6072
4.9162
65.5903
-370.261
-6.3157
6.3157
-34.8663
19.7924
118.439
-366.654
183.936
239.087
-423.023
-269.971
145.571
0.723089
-136.865
-100.911
237.777
167.714
-266.493
119.027
-370.821
239.759
-294.023
4.04761
-0.593804
55.3441
228.949
-110.599
70.8319
54.2375
125.355
-134.55
9.19483
-63.0212
0.875744
114.617
175.075
196.764
-356.358
-41.419
-284.789
-42.0202
-222.277
-11.694
0.261434
-133.833
122.978
10.8545
44.8261
166.124
-210.95
2.94537
234.61
2.83988
-325.708
3.00655
-309.856
328.758
-75.4312
-67.3772
103.748
74.1072
15.9333
-90.0405
-271.048
-48.5602
302.784
-215.689
-87.0956
143.733
-130.18
4.97998
8.43262
-8.43262
45.5048
215.145
-252.687
-157.369
297.349
4.95246
-149.112
-6.71731
5.29746
6.55229
-177.921
287.101
4.95958
102.961
-58.838
-73.7747
-271.704
162.095
170.258
-264.283
-81.3201
-45.3311
-3.58278
200.117
-240.479
-331.278
-64.1674
-241.111
305.279
-109.02
58.5957
-262.57
103.858
284.889
-103.748
-6.32456
-272.996
344.2
-71.2038
68.3413
-4.96807
-7.14632
7.14632
4.33756
-21.5303
-1.54268
-11.0273
74.1604
-237.86
-67.7711
7.14892
224.722
-287.743
151.147
-267.592
40.1209
-17.8465
-3.95614
34.3457
96.9167
-315.461
273.441
2.39155
-25.2922
-163.017
362.664
-199.647
249.365
46.2626
-44.7569
-335.449
283.931
-98.2093
185.846
-369.645
-5.88096
5.88096
-47.7738
33.7493
-101.524
-27.7783
-17.212
6.4361
-6.4361
-21.1855
-29.2694
-171.23
86.0562
-10.1351
307.79
-37.0424
143.914
-264.816
-0.206869
108.001
266.538
-2.67719
2.67719
-251.948
310.427
256.594
-332.025
-130.879
136.229
-91.2723
-119.699
359.216
-239.517
80.8909
-69.5214
71.2894
-225.258
15.5895
-172.137
-164.452
-263.673
-93.3755
287.544
224.128
-392.833
289.321
250.95
-176.79
-7.2842
7.2842
-228.927
59.1503
-86.9576
-30.5716
59.3564
-127.708
-402.017
142.9
-256.226
-116.359
55.3064
-130.762
344.779
-239.588
-105.191
137.628
-131.877
14.2578
-133.522
-281.009
270.497
7.19782
-7.19782
-35.0153
-159.667
-54.6246
-265.137
17.6236
-135.348
64.8751
-2.99188
2.99188
-125.303
-193.797
319.099
-53.209
-168.491
135.713
-237.237
-241.284
-302.267
215.309
353.058
-134.809
-4.62033
4.62033
200.324
10.3367
-44.2752
-0.629258
2.53229
-2.53229
16.0177
3.78672
-3.78672
-166.68
311.056
176.658
102.111
134.116
9.61653
443.526
216.347
-341.649
-170.802
90.3228
-261.35
342.838
331.231
-58.6089
-24.6887
7.01871
-7.01871
-101.636
375.501
197.337
-157.216
215.084
-140.356
356.702
-4.91991
-238.01
32.2174
194.795
-312.53
257.905
44.1643
265.993
-311.283
273.887
-291.903
15.089
287.607
-25.0157
-223.808
248.823
-38.2621
-3.53784
3.53784
48.2213
-217.146
-249.939
134.813
227.751
3.40286
-3.40286
389.288
-190.5
-198.788
-31.7309
15.9951
15.7358
268.537
-169.271
254.013
4.50086
-4.50086
-46.8604
210.289
-39.3523
-171.598
-7.67303
0.81988
-61.0619
272.592
-3.69684
3.69684
1.99313
-147.01
-191.381
338.391
215.263
-190.967
309.994
373.659
-158.397
120.557
168.339
-288.896
-2.56485
2.56485
-47.9516
-4.32636
4.32636
-260.946
141.363
-37.4764
3.16495
-3.16495
31.4675
-180.458
-3.43541
3.43541
72.3602
36.5792
80.4114
-75.9504
-232.75
-113.483
-3.18225
3.18225
-212.693
3.68294
-3.68294
5.08597
134.54
281.725
-119.63
-226.633
-15.014
-16.7169
-25.5666
4.23548
-4.23548
-316.115
4.71021
-4.71021
-199.6
-81.7624
4.98889
-4.98889
-67.5589
-248.557
4.8272
-4.8272
-108.24
184.548
120.071
265.097
-284.986
-240.548
-25.9835
-287.571
388.571
-101.001
-4.11349
4.11349
-340.29
304.978
-322.097
182.647
3.59011
-3.59011
-22.895
-123.909
-152.882
-123.679
4.69447
-4.69447
13.7978
-219.833
338.272
-183.377
-176.855
-12.8416
3.86317
-3.86317
-4.06522
4.06522
217.146
-3.11226
3.11226
196.568
-165.101
11.4507
-132.809
-125.305
-15.209
52.9475
-37.7385
-5.05539
5.05539
0.875559
-2.23006
81.6797
-44.2936
-255.903
8.50728
-8.50728
281.087
2.75717
-2.75717
-132.891
405.892
-216.714
371.335
-154.621
121.915
-272.78
150.865
12.4303
-118.292
6.17421
-6.17421
-0.0581749
3.55935
-3.55935
-116.974
301.522
-20.3057
-8.63523
28.9409
159.407
-26.4738
50.2647
289.081
-41.9789
155.708
-211.149
218.799
288.41
82.0738
-16.1598
4.18577
-4.18577
-62.0801
-120.308
339.106
-140.456
258.483
-118.027
-170.841
-71.2538
-21.9277
23.0561
112.623
-124.704
57.8655
-298.977
7.12227
299.368
-2.93537
2.93537
8.02489
-8.02489
132.995
-32.317
-142.641
-18.0145
139.455
4.12284
-4.12284
-1.78231
-9.91166
-4.00163
4.00163
259.467
-238.861
94.8972
-114.215
19.3175
8.47401
-8.47401
158.248
-82.1521
281.887
-246.616
-35.2712
276.807
-396.506
-63.9468
13.8504
-1.76279
154.872
-225.694
-119.694
-228.352
333.251
-104.899
-8.47802
-84.5534
0.0960045
-14.5354
-208.771
206.947
1.82376
-27.7489
68.2302
5.08622
-5.08622
2.98569
-2.98569
280.782
36.2359
8.47074
-8.47074
-114.075
94.365
-18.3221
-7.90049
212.876
-158.639
68.6973
4.54812
-4.54812
119.7
-24.8024
-149.516
13.9476
135.568
6.81886
-6.81886
7.44804
-3.51508
3.51508
-28.7223
-4.83091
4.83091
-76.4273
14.72
-4.9703
4.9703
134.981
325.916
-129.39
12.8816
-102.552
7.63562
-7.63562
245.733
16.9621
-20.7702
-283.939
-66.7746
350.714
13.805
-89.1924
64.6529
-292.282
6.40543
-6.40543
173.485
209.674
-277.051
-64.3555
80.603
-16.2475
165.842
-262.998
374.326
-111.328
-78.0685
-128.782
5.80714
-5.80714
-124.347
-159.539
83.2002
36.034
-170.159
134.125
-28.4014
11.34
17.0613
-50.6489
295.265
137.306
-294.675
196.354
-4.3739
190.113
-341.347
-300.778
-240.376
148.082
-172.027
-12.138
-6.43439
6.43439
4.35175
-115.877
106.589
9.28789
-206.846
35.248
-8.60933
8.60933
-123.952
-12.3652
-40.4011
253.577
-253.577
-30.1379
-10.4473
-100.624
-278.005
5.89361
-5.89361
344.986
-27.6947
-20.1242
4.43467
-211.921
4.37133
-4.37133
-182.567
-44.9177
-334.328
63.7421
-122.748
4.09534
-4.09534
35.0457
279.325
427.981
-188.895
-6.90426
264.669
6.31745
-5.93489
-11.7313
17.6662
168.78
236.213
-305.734
332.767
-119.542
176.011
-257.331
-156.014
56.2775
178.659
-234.936
-261.3
223.823
-328.696
-44.4438
-216.856
-33.1984
-96.9849
51.6499
66.9464
-71.6665
249.5
-31.9494
269.987
-314.28
-265.563
-6.4477
-325.152
271.429
-204.446
-48.2408
250.824
91.5374
9.24706
-100.784
-67.5154
101.674
-13.6286
142.031
264.043
-128.889
-46.6807
53.6753
51.583
-72.3981
131.536
5.78481
121.328
-127.113
49.9364
174.799
-358.176
276.478
-130.907
7.07475
-7.07475
-126.133
9.86378
-9.86378
236.338
-0.852448
11.1741
106.63
-21.9204
6.1444
-6.1444
-1.54107
18.5031
-106.497
-62.7639
-119.438
122.676
269.799
5.97473
-5.97473
287.41
-123.079
22.421
-229.681
-59.2482
-180.967
14.8304
8.01398
-8.06721
8.97507
-7.0781
-7.21918
-7.21723
8.01216
7.8754
-7.8754
7.87222
-7.87222
-7.21926
7.87472
-7.87472
148.584
3.98588
0.328947
-115.158
-17.9786
-26.2406
5.281
-122.345
-9.57039
-121.618
-107.54
-202.564
-167.374
-63.4238
291.881
-67.2841
71.0826
263.062
39.5989
-42.2919
-138.065
200.788
65.9942
245.178
-311.172
-120.379
46.4576
-55.4586
9.00102
151.692
213.145
-16.8352
426.211
-121.169
115.158
-64.5285
12.1039
-150.169
-199.209
203.257
-25.6924
232.719
112.131
-156.443
44.3128
-6.49127
6.49127
64.3468
-303.935
264.89
-123.527
-75.9918
-156.211
150.869
-277.002
-72.4019
-194.549
194.549
27.4627
136.061
-4.02684
4.02684
-161.993
-63.7009
-169.291
173.643
-50.6561
-325.94
298.162
126.174
171.175
77.2452
-93.6562
6.44675
-6.44675
-355.445
-78.4315
3.97042
-3.97042
-267.135
-365.155
355.492
69.4471
73.6436
-90.1423
132.644
-326.44
-197.879
198.12
-281.203
156.499
-105.41
-132.777
141.392
0.50316
139.695
-146.48
216.092
7.86428
169.222
-177.086
324.665
118.861
-193.212
-73.4791
152.569
98.0897
277.042
-88.5967
93.8941
-212.258
281.595
-41.799
-0.118691
201.244
-212.271
0.467136
159.752
-289.143
-56.729
67.5955
-10.8665
-71.3848
64.4958
-123.334
-172.953
-233.328
-426.216
-89.1999
92.2064
-311.624
-119.972
-14.5775
-144.444
-181.265
-149.701
141.223
215.884
165.675
-100.823
0.264335
-4.69221
0.203137
-4.63527
-81.9488
-12.6959
94.6448
-242.117
219.627
0.0799752
-40.8983
-62.5769
-84.2448
-16.909
101.154
-34.1047
5.62775
-132.246
91.4768
85.1233
-88.7468
-77.2802
76.102
-0.985848
-15.7444
16.7303
-2.90936
209.857
-137.834
297.587
2.03791
-91.6334
92.5092
-74.4724
-95.6194
90.3236
-0.489302
257.036
-162.859
-127.998
-140.938
-131.842
1.02361
-102.418
147.64
-141.855
132.502
129.469
-320.85
-1.18981
184.551
-72.4206
-120.43
48.0279
-3.63848
167.716
-100.405
-142.779
14.7808
-116.829
2.19152
0.838003
112.318
-124.19
316.99
-246.143
-70.8463
66.6161
28.4833
-287.404
173.328
-102.791
-18.9142
6.26308
0.500692
-0.25316
-100.271
-0.326774
314.045
-47.3591
-9.46735
0.0764523
-0.579973
9.63408
63.6282
-73.2622
-313.697
-110.054
91.5793
50.3528
-112.623
180.049
-302.797
113.695
0.0565116
-106.388
-19.4823
125.87
211.931
-241.2
88.7865
20.2266
84.7018
-262.404
-84.0112
-199.194
-217.056
102.751
-382.408
279.657
311.655
-245.661
75.0302
-283.576
-101.83
-286.741
425.962
-133.997
314.046
18.3358
-0.33775
62.8263
348.484
153.516
0.739798
11.0528
-11.7926
53.0213
-308.224
-209.98
41.4891
-0.0629285
-177.845
-207.232
286.538
-253.919
-45.1598
233.272
0.255312
-204.394
-166.427
-2.2039
-184.825
0.546496
0.720917
-305.769
264.35
0.1782
-35.7818
-158.331
-231.892
-134.761
73.7643
-302.116
171.274
53.0414
8.03831
78.0179
-1.78562
-85.1392
-236.574
-156.259
265.064
113.038
-288.041
-0.139394
0.422183
31.0577
-39.693
5.01251
-23.7333
-232.741
-34.3937
-78.7439
143.24
-377.039
-309.758
225.205
-0.261036
-47.4656
282.45
-265.122
33.2139
-279.83
0.0864704
-351.434
2.71572
239.464
-367.587
-161.693
-133.114
-16.7565
-158.537
-178.199
-89.2445
201.508
-199.714
0.720396
-263.854
-11.4294
118.018
-155.573
-20.0618
-338.662
240.452
-0.0252146
84.0582
-213.721
-39.2264
125.383
-15.6051
151.173
-112.508
-1.70643
111.437
-10.3174
-264.299
232.35
229.035
-444.3
238.584
-7.35649
-40.4757
-161.684
151.549
-19.4505
-187.396
0.135847
-3.16435
-6.16507
6.16507
106.747
204.475
50.2127
56.7539
294.593
4.59096
0.617559
-222.147
223.971
-107.915
19.1677
-102.724
-0.628009
3.41703
15.2937
-21.1552
-10.6497
31.8049
-2.53255
19.9956
-25.8536
-42.503
0.346876
-19.251
-6.44711
-13.5169
-12.8959
5.01251
81.0871
-97.8829
-387.363
282.464
-3.10177
-226.066
20.7021
77.4188
-92.3413
20.6376
-133.146
-86.6602
91.6198
13.2455
-87.718
-1.10965
-287.473
72.0783
215.395
-1.6395
-92.566
97.546
7.30703
21.6339
-7.89136
-83.702
71.0716
-55.7857
-1.12367
56.9094
-42.3104
-13.1483
0.718707
21.2464
107.703
-107.099
-89.1948
92.1402
61.7552
-57.4176
15.0593
-15.1987
204.122
-29.1931
-27.9432
91.4972
-90.7742
35.9217
18.8349
-18.7484
-18.4708
18.2098
2.29876
51.8471
15.8554
-93.3247
90.4025
105.911
-0.822824
-29.6983
-232.427
232.716
-159.906
60.5751
-249.744
14.5018
10.6371
-99.1981
335.43
-34.6325
-1.59361
4.25116
-121.161
-105.872
97.6226
61.2563
-164.741
12.8847
-50.6233
50.2526
-235.696
20.7095
195.383
-139.334
246.215
-286.691
57.8676
-215.158
303.393
234.459
-276.438
41.0844
-32.0834
-161.83
174.975
-54.5624
82.0157
111.193
-147.524
-2.17709
41.6949
-171.238
70.3106
-84.8453
235.692
-15.6936
-162.102
-42.5872
113.419
-51.1409
179.904
-224.822
120.556
-176.067
222.329
360.548
-3.33327
-26.3276
-118.812
96.6039
256.874
-15.1094
15.1094
268.381
-15.2521
15.973
111.035
-110.012
1.12174
-54.385
288.995
-71.9649
15.236
-117.281
149.423
-25.9347
66.9407
49.0296
-4.6716
273.819
14.2549
3.02315
227.331
198.88
-172.967
7.10503
219.023
-116.681
8.34611
2.81004
-65.0886
21.8088
-66.4294
-95.2543
3.01158
10.2012
-74.5784
6.55429
68.0241
-2.32545
2.32545
-1.36797
1.36797
175.791
1.05723
-1.05723
1.41263
-1.41263
0.909891
-0.909891
1.65948
-1.65948
-1.54349
1.54349
-1.26363
1.26363
-1.55001
1.55001
-1.54459
1.54459
-1.41033
1.41033
-1.33107
1.33107
1.39417
-1.39417
1.56499
-1.56499
-1.26245
1.26245
-1.5595
1.5595
-1.42707
1.42707
-1.55901
1.55901
1.55197
-1.55197
1.41047
-1.41047
1.44794
-1.44794
-1.45465
1.45465
1.5342
-1.5342
1.41137
-1.41137
-1.32974
1.32974
1.39428
-1.39428
1.39587
-1.39587
-1.05189
1.05189
1.56474
-1.56474
-0.90926
0.90926
1.41594
-1.41594
1.396
-1.396
-0.902656
0.902656
-1.14311
1.14311
1.37944
-1.37944
1.45035
-1.45035
-1.45462
1.45462
1.55866
-1.55866
1.51247
-1.51247
-1.52578
1.52578
0.909728
-0.909728
0.89984
-0.89984
-1.56546
1.56546
1.65944
-1.65944
-1.07313
1.07313
-1.05732
1.05732
-1.44509
1.44509
-0.899848
0.899848
1.36622
-1.36622
-1.52607
1.52607
2.55134
-2.55134
0.902834
-0.902834
-1.51224
1.51224
1.38916
-1.38916
-1.4449
1.4449
1.38696
-1.38696
1.52544
-1.52544
1.04806
-1.04806
-1.61024
1.61024
1.58102
-1.51241
1.51241
1.38687
-1.38687
1.04882
-1.04882
-1.12994
1.12994
1.40606
-1.40606
1.04829
-1.04829
-1.23052
1.23052
11.3407
4.6716
-57.329
-117.594
70.4772
-17.456
102.413
-335.154
0.506747
-5.62895
-14.9544
27.2327
-64.4197
13.7636
-61.0972
-92.4822
153.579
1.73504
-258.999
220.737
2.76902
-158.983
-5.21689
-82.4304
1.85437
147.642
269.59
-320.385
-15.8357
-151.418
-112.569
-245.608
-73.0886
-15.5488
-3.89369
3.37666
-137.814
53.2623
3.64712
-33.7763
-8.72671
74.0897
325.681
26.4227
7.32664
-1.71241
-158.015
-35.5179
80.2681
1.33334
231.015
17.223
290.41
-126.529
-170.588
155.509
-209.537
-96.2992
207.953
1.71241
-243.722
328.424
264.175
-50.6943
125.494
7.94421
-34.7524
26.8082
147.716
-40.8119
6.7072
-1.1105
306.718
-2.31234
1.53419
-185.714
206.544
261.672
78.9734
-54.0421
-18.2964
172.219
-243.473
319.436
-78.9833
-162.876
-214.008
313.228
-2.76902
-1.2014
-61.1027
-136.4
209.403
-310.028
43.5228
-351.592
-13.5961
4.61598
8.98013
214.361
-13.1173
63.9619
57.6549
30.7093
42.3958
-1.85437
-94.669
204.379
249.677
-177.849
305.547
-37.166
231.542
12.7154
210.711
32.2552
1.20274
2.31234
-11.9401
-156.822
6.65262
66.9863
0.710947
375.821
-96.9068
65.5816
-145.831
-6.0548
-121.058
-48.0236
14.2473
-244.168
111.391
244.982
51.8763
-23.8061
-162.006
122.643
201.477
112.56
-123.017
-7.34261
-189.624
42.0493
17.8904
21.916
-39.8064
-273.466
31.8578
-16.5313
-13.7911
-127.399
-55.7015
-70.6741
-243.569
-9.16801
-69.4321
-25.6324
11.3722
-247.068
-240.245
287.845
18.7089
23.543
-6.48165
-10.1648
121.755
209.393
-20.5451
-91.9088
9.85027
-3.75526
212.032
-208.277
24.6306
-4.83822
15.9569
-8.32978
72.2445
-118.78
21.963
-7.72751
76.452
-118.699
119.081
132.158
125.695
-1.03617
16.3791
5.14481
40.6515
-118.367
75.7799
279.013
26.5333
-6.92343
-271.486
115.288
-93.253
76.8776
-122.47
-163.439
-137.089
22.8757
-63.2768
-13.0496
20.4962
16.5537
0.296925
7.44991
-70.0268
0.891865
110.286
-109.779
-12.3632
18.4515
-67.5643
38.6699
102.653
-18.9208
-6.20377
63.6362
-173.803
1.61524
-234.235
23.9303
19.6713
109.374
-196.123
-126.406
-134.57
81.8687
-147.633
68.1502
202.836
80.2207
-140.635
6.66773
12.6173
-12.4814
96.204
-143.119
-283.26
-3.63154
126.308
261.817
125.079
-74.9161
-69.6945
-1.56065
1.56065
76.6541
-311.302
-128.674
103.272
7.74642
-32.4286
0.677206
268.184
-5.10062
206.101
-11.3115
223.344
-224.888
231.205
23.9132
-71.3252
-1.03617
-3.66662
16.0726
-113.333
149.194
-33.1461
4.03465
19.6683
-165.962
108.928
-3.80861
-11.3901
6.45192
-57.8188
-227.281
9.61149
-4.04058
-16.5045
31.2454
11.0739
-129.744
-17.5049
5.58053
-14.4362
-116.711
-204.508
-10.6505
-108.326
-2.16048
110.486
11.1348
320.214
81.8755
22.3238
-196.861
-144.486
-42.3945
-152.448
-113.233
-243.254
-159.488
134.354
111.95
-1.6643
217.806
-83.1479
1.72395
287.941
267.224
-203.588
-43.1623
-49.5303
106.532
35.7682
-59.2468
271.703
-10.2486
10.8662
184.969
24.4239
23.5584
11.1005
0.150184
0.152306
-0.139541
-0.132119
-0.141646
-0.132425
0.0351575
0.249499
-0.0992202
209.078
24.322
-21.3073
-209.123
283.352
-120.419
338.225
1.32141
-15.1125
-8.83148
-32.5123
49.4135
25.8962
240.936
-30.7739
-7.8466
-113.726
83.8746
9.97991
-219.978
-82.1385
-170.384
111.94
-168.413
68.554
-2.94975
-2.72559
1.04982
-120.475
-9.50446
-7.6684
8.88296
4.38978
-3.32946
-0.783877
-26.6699
8.95941
-30.3401
-6.13996
-126.969
-0.783877
-153.355
-71.4666
150.354
6.85212
15.2531
-15.8811
70.5716
-372.962
-39.0918
24.3966
10.4502
94.2342
-290.624
-85.7014
88.7245
284.439
103.782
241.211
0.776776
10.1794
-0.816279
-3.21338
-11.8991
3.16003
16.4579
98.6967
5.08543
-120.332
8.95491
19.2201
10.9268
-7.7668
-3.93653
253.376
-8.03205
-148.851
)
;

boundaryField
{
    frontAndBack
    {
        type            empty;
        value           nonuniform 0();
    }
    bottom
    {
        type            calculated;
        value           uniform 0;
    }
    inlet
    {
        type            calculated;
        value           uniform -2000;
    }
    top
    {
        type            calculated;
        value           uniform 0;
    }
    outlet
    {
        type            calculated;
        value           nonuniform List<scalar> 
14
(
1999.99
1999.99
1999.98
1999.98
2000
1999.98
2000.01
2000.02
2000.02
2000.02
1999.98
2000.01
2000.03
2000
)
;
    }
    car
    {
        type            calculated;
        value           uniform 0;
    }
}


// ************************************************************************* //
