/*--------------------------------*- C++ -*----------------------------------*\
  =========                 |
  \\      /  F ield         | OpenFOAM: The Open Source CFD Toolbox
   \\    /   O peration     | Website:  https://openfoam.org
    \\  /    A nd           | Version:  7
     \\/     M anipulation  |
\*---------------------------------------------------------------------------*/
FoamFile
{
    version     2.0;
    format      ascii;
    class       surfaceScalarField;
    location    "39.5";
    object      phi;
}
// * * * * * * * * * * * * * * * * * * * * * * * * * * * * * * * * * * * * * //

dimensions      [0 3 -1 0 0 0 0];

internalField   nonuniform List<scalar> 
11512
(
153.172
-517.42
364.248
-773.584
-17.7117
791.295
442.554
-400.368
-42.1859
676.019
257.467
-933.486
1571.1
-1112.78
-458.324
1136.82
-1385.33
248.51
-39.7173
507.793
-468.075
164.233
-846.842
682.609
996.033
-1671.81
675.774
-1790.65
1703.93
86.7215
-566.075
1702.89
-1184.22
2008.88
-824.655
585.613
162.487
-748.1
-22.4389
-1355.28
1377.72
230.34
-2020.99
1065.09
-395.14
-669.945
-183.115
336.287
458.434
162.283
-620.717
1202.23
-1363.9
161.677
-323.34
393.717
-70.3776
1046.75
-1352.22
305.467
1268.42
830.062
-2098.48
70.6221
-1689.97
1619.35
-531.584
-1137.48
1669.07
433.439
143.334
-576.773
-197.091
-320.329
516.987
1054.12
1696.22
-1852.51
156.298
-114.672
-1683.21
1797.88
-1619.32
673.564
945.76
-316.594
679.464
-362.87
-86.3283
-83.556
169.884
1323.54
-1252.92
371.527
-1462.2
1090.68
-897.313
897.313
94.2219
1573.59
-1667.81
-1117.27
-502.05
690.5
-730.217
-397.52
978.758
-581.238
1126.83
-1120.94
-5.8977
-1144.14
746.618
654.752
410.333
-405.59
-41.6805
447.271
-443.216
798.062
-354.846
-775.571
775.571
1118.33
-1229.97
111.644
-507.269
1775.68
1306.63
-327.875
1709.15
-1186.71
-522.439
82.5519
-405.892
2143.72
-1177.56
-966.158
1863.84
-167.623
388.72
113.508
-502.229
-466.862
1006.54
-539.678
-1202.88
1297.1
-588.889
1007.84
-418.949
420.163
782.065
623.598
-459.365
-453.303
618.875
-165.572
1237.08
-865.551
2391.35
-1120.22
-1271.13
1208.3
-2084.97
876.667
-1648.13
1625.69
458.07
-1642.29
-563.206
1026.31
-463.106
-699.946
383.351
1724.2
-728.164
-1145.58
-901.524
2047.11
693.726
-384.346
-309.38
716.741
589.891
-264.491
1382.82
120.868
-332.735
211.867
-272.983
706.421
-256.2
407.233
-151.033
-319.763
778.197
-328.276
-154.602
482.878
345.143
97.411
1499.79
-453.044
-1011.18
513.531
497.648
290.019
92.1205
-382.14
930.475
-344.863
-1755.68
595.734
1159.95
37.5657
-886.452
848.886
-262.063
564.539
-302.476
162.957
-1137
974.042
756.223
-766.109
9.88602
381.096
535.184
-916.28
-224.762
613.483
-1146.47
-501.924
1648.39
-410.544
626.46
-215.916
1346.49
-1461.16
-653.848
303.206
350.642
-490.624
-1015.59
1506.22
-562.54
-821.979
1384.52
569.439
-961.689
392.249
-100.413
-168.568
268.981
424.955
-304.087
-1076.53
609.663
993.064
-830.107
-82.0052
652.487
-570.482
-165.751
343.306
-177.555
-634.937
-376.242
-393.873
963.312
1025.16
-1025.16
-467.636
-186.211
-940.246
1586.16
-645.914
294.911
-674.526
379.614
-955.944
367.055
-969.968
-1095.91
-1544.56
368.152
1176.4
-267.398
943.417
-318.318
640.34
-322.022
-2008.37
1038.4
-1171.95
-372.607
593.167
-1533.41
1793.62
-1791.69
-1.92872
229.783
-634.673
404.89
-1490.73
975.927
514.802
302.075
220.644
-522.719
270.06
-526.26
153.297
-246.922
93.6249
2038.64
-850.795
-1187.84
-572.026
166.435
644.317
862.464
-1506.78
-132.774
286.071
448.884
911.237
-1360.12
-946.514
412.492
534.023
-1083.26
1503.42
-707.555
144.349
784.588
-105.124
561.68
-276.342
-285.338
1036.87
-523.337
619.469
-1459.65
840.178
-1395.59
249.126
-490.944
228.881
-1213.04
945.642
2025.07
-1150.82
-874.251
236.29
788.866
-2171.91
926.726
1245.18
171.567
-12.6023
-158.965
-144.343
280.172
-135.828
-117.899
-393.225
511.125
-483.621
155.344
262.889
-46.1951
341.106
425.899
406.815
-832.714
-2054.65
1146.88
907.77
478.323
-555.053
76.73
124.297
-185.428
61.1316
961.96
1076.68
1829.01
-255.414
748.626
-445.42
828.486
-1444.86
616.374
364.476
329.249
1085.14
-1047.58
-513.914
-268.021
781.935
493.111
-140.842
-352.269
647.039
-484.552
611.843
-815.069
203.227
522.18
1186.97
-1289.03
726.494
1020.02
-1551.61
0.970173
-1491.95
1490.98
337.304
858.354
-1195.66
589.181
227.933
-817.114
-2275.35
1180.62
1094.73
-1116.55
-1158.8
211.204
400.638
996.375
-659.071
576.083
-585.169
9.08618
-2173.61
1028.03
-71.5454
-83.689
155.234
-44.3578
1837.98
-859.811
86.2271
-1064.65
-1107.26
-151.524
275.821
-692.538
224.902
-286.739
-427.481
714.22
1140.59
-1631.22
811.596
-1428.47
616.879
713.992
-456.525
1865.09
-1342.91
-296.682
-600.631
72.7118
435.081
-556.425
538.713
6.88367
-588.128
581.244
594.27
-292.195
-539.661
261.145
278.516
812.287
-386.388
14.204
157.363
1231.83
-1230.86
186.958
237.997
397.164
-683.902
638.918
-1032.79
-2101.08
2101.08
-271.996
-452.772
724.768
712.957
388.93
-1101.89
601.966
182.622
411.564
400.723
-2277.65
1376.13
-962.429
-705.041
1667.47
-474.256
-738.785
-256.908
560.657
-303.749
886.213
-241.968
-644.244
-447.543
677.326
393.036
-711.353
-362.79
-152.649
515.44
-1359.78
-492.731
676.855
-1151.11
-281.88
-493.691
874.903
1516.45
198.099
-350.652
152.553
1005.19
-350.436
1446.3
-826.826
464.206
-277.249
-344.549
-920.67
610.217
310.453
-372.298
-548.371
319.927
-437.826
-174.194
-110.839
285.033
-404.581
1117.54
357.397
-195.114
-298.525
1397.43
-189.603
-1207.82
-492.424
289.913
202.511
232.298
261.367
-493.665
-1.87597
-813.193
615.777
-1793.77
1177.99
1537.45
-893.132
-1047.02
-443.71
-1100.18
595.826
504.352
1412.01
-436.08
965.189
-1467.11
-163.508
-211.811
375.318
-465.746
606.123
-1689.38
392.532
734.302
294.32
298.952
-593.272
419.724
477.588
1148.84
-745.963
-402.876
369.302
-195.397
-173.905
-1451.2
462.259
767.888
-1230.15
1531.31
-566.121
-484.755
950.216
-465.461
445.075
1226.01
-1671.09
15.1284
-425.672
-149.951
439.971
64.0455
-150.374
534.764
502.105
-623.006
48.9725
574.034
882.857
-1065.94
183.086
689.392
-277.827
488.408
-1503.29
1014.89
422.479
1750.47
-542.171
813.048
1212.03
-690.34
-1749.8
787.37
595.415
401.639
-997.054
469.223
83.1481
1815.46
-1898.61
1269.89
-371.769
-898.116
1762.99
-1807.35
-383.436
-535.597
750.982
-215.385
-502.469
191.555
301.556
-372.508
-1225.65
210.058
-797.049
-662.599
-586.843
1070.21
-483.362
-356.134
351.441
4.69313
471.385
-601.412
130.027
-210.094
60.8294
149.265
-674.741
-713.683
359.468
354.215
-966.337
1454.74
-424.059
917.14
-493.081
-2283.83
6.18046
190.775
-560.012
369.237
158.727
1238.7
-112.341
-580.197
168.305
-621.608
1544.93
-733.337
391.85
-485.029
93.1791
-98.1803
98.1803
487.695
287.876
1846.14
-1277.67
612.198
665.468
677.248
-30.2091
1341.07
802.656
-561.367
1389.85
269.601
294.937
294.655
-830.252
263.915
-707.13
190.203
-348.152
157.949
-257.12
612.642
-355.522
127.983
-385.103
-613.985
-586.632
1200.62
-367.069
550.801
-183.731
-1148.74
2017.02
-868.282
1341.27
-344.895
-131.424
31.0105
-1987.47
849.991
1567.38
-850.317
-717.059
2060.77
-910.718
-1150.05
741.479
599.791
-209.853
400.056
-674.378
1171.94
-497.565
-800.666
1249.55
572.91
960.308
-1791.46
831.153
-546.332
-91.112
637.444
312.358
249.321
430.974
-103.437
-327.537
615.829
-58.7188
-557.11
945.949
-566.205
-379.744
1633.94
-493.343
920.274
-1688.17
767.897
1074.29
790.794
779.985
-464.048
-315.938
-873.051
-247.886
575.296
607.647
-1182.94
-453.169
519.559
-66.3898
600.532
-360.379
-240.154
-1020.47
596.409
621.206
916.244
-398.978
870.363
1459.12
-793.431
-665.685
416.507
-963.649
547.142
-1060.49
425.549
586.579
-1071.33
484.933
-541.282
56.3493
499.124
298.938
-82.5744
-15.6059
-825.985
-909.806
1735.79
181.458
187.844
-235.627
446.831
-49.3422
-559.33
608.672
496.921
906.041
-1402.96
-461.036
286.842
644.984
-29.1553
870.218
-1106.24
236.026
393.78
879.688
-1441.05
-459.185
866
2052.24
-1331.64
-720.603
201.36
374.723
206.6
549.623
118.194
-1003.14
884.942
1736.78
-1127.64
-609.146
-144.392
1959.85
-1935.02
-166.06
394.633
-488.686
94.0526
-1056.13
546.678
509.453
-1569.48
420.739
-883.356
801.351
405.441
213.434
410.797
-212.697
-445.172
741.411
263.777
39.9094
820.504
-860.413
-1149.21
-883.453
2032.66
-537.843
1133.09
-595.25
-479.411
-90.7779
19.2324
-1717.34
891.359
-817.134
-658.372
1475.51
-231.907
-239.968
471.874
368.986
-677.364
308.378
244.295
-630.683
326.135
221.662
-547.796
366.279
-623.187
644.971
-275.984
321.423
-476.025
680.924
417.46
-185.162
-407.178
-306.505
1256.12
-10.8987
-1245.22
1074.37
-435.447
581.391
426.447
-1739.97
810.248
929.727
518.681
561.361
-1080.04
-345.092
113.185
-272.643
1226.34
-953.693
-1454.87
1158.19
516.022
-1130.01
403.743
-11.893
427.015
323.783
-750.798
362.901
-587.664
-28.9536
783.811
-754.858
-384.675
612.608
389.524
276.607
400.641
681.443
96.3247
-412.361
316.037
827.664
-472.502
-355.163
515.776
-1726.26
1210.48
-1181.25
1819.3
-638.048
1780.06
-1164.29
-322.109
583.255
-1182.63
1300.83
241.785
-832.495
1655.49
-822.994
-264.574
-227.85
-972.185
1526.4
1880.74
-635.762
-1244.98
-420.76
796.381
-1383.22
-55.0679
-46.3947
477.369
-708.166
-354.728
-1100.14
-235.206
479.502
786.883
-585.33
192.105
-1737.71
-74.5728
1812.28
-1097.49
559.65
595.578
-1227.07
631.492
936.44
944.303
562.647
463.665
713.241
236.975
-1168.31
493.936
-422.119
429.003
646.628
-536.187
262.525
-765.682
503.157
706.769
-342.292
-205.579
122.023
-623.189
232.135
391.054
-924.478
-763.692
1123.66
-2219.58
400.807
-673.79
-283.915
-482.194
868.808
590.308
-363.849
322.168
364.59
278.259
682.062
-960.321
524.306
647.637
-559.364
196.574
364.247
-636.243
-1125.75
-812.156
1937.91
-1854.02
164.047
1150.19
-1422.83
1194.98
-714.959
-480.025
-523.461
1403.15
-1552.58
654.297
898.281
-120.655
-116.212
236.866
1481.05
579.719
345.101
-497.75
-507.977
-584.304
1092.28
-433.661
624.436
1643.27
-1171.9
-471.374
-802.646
349.874
477.265
350.4
-1683.78
435.516
1248.27
-208.091
534.226
828.954
814.316
220.631
-711.79
491.16
176.033
167.273
-188.038
-77.2927
265.33
500.02
-9.94631
-490.074
-1666.94
619.925
-1624.25
1703.87
-79.6159
20.4918
-1644.74
988.005
783.315
-356.3
-826.447
-234.039
-1180.43
-248.049
-310.923
673.824
-1882.1
-645.425
1253.07
215.102
791.438
-1380.2
-704.769
-484.354
625.544
-331.223
-1046.87
1400.81
-2005.82
605.005
670.968
1337.91
281.309
-1.13675
749.044
721.112
-1470.16
-666.116
353.269
312.847
265.508
-64.7997
-200.708
162.854
308.511
175.182
-483.693
-595.533
1190.95
456.2
-636.9
-462.202
-412.599
874.801
-331.135
167.628
-478.389
174.302
-319.514
-736.617
319.601
-54.0931
-590.118
1006.62
270.354
-142.257
-128.098
464.347
-784.11
-675.029
449.782
-1168.01
-855.412
1223.56
-581.784
472.621
309.314
-463.34
78.9939
1049.66
-147.543
315.786
-168.243
-513.144
1501.15
-793.721
256.363
387.905
-644.268
236.983
493.825
-30.3033
-463.522
-264.841
-213.548
849.177
1148.23
588.552
-898.584
978.885
-80.3009
-160.336
39.6812
-752.935
325.454
-624.882
320.518
386.251
865.591
-1266.05
400.461
809.712
-838.666
-957.959
-571.988
1529.95
-172.839
471.791
-557.769
281.427
1392.12
801.964
-581.334
1353.65
-676.795
468.273
-693.926
-421.001
-419.185
-382.233
801.418
516.589
-861.452
-467.062
100.914
366.148
-200.64
596.561
736.243
-335.436
-191.92
-147.652
339.572
-513.032
151.836
361.196
1511.58
82.1274
-1593.71
-776.443
1397.65
-1189.74
-482.071
565.76
-177.855
1194.67
-384.962
1120.85
513.088
724.694
-430.039
-917.217
-544.988
-1329.73
-32.3064
1024.03
-991.724
605.996
355.061
-961.057
-338.561
-233.465
-773.284
420.487
1680.59
-196.65
377.784
369.523
-747.307
-1909.42
-2182.33
1573
609.335
-2040.27
357.062
391.503
540.109
-931.611
-478.979
1060.37
-427.108
-673.18
1100.29
-2103.56
1440.34
663.222
601.316
-1028.42
65.6011
419.332
359.012
208.572
255.635
320.986
992.819
895.17
698.245
-334.748
-363.498
-297.083
628.321
-331.238
598.824
550.015
549.275
453.687
-1002.96
-824.765
-727.814
783.56
411.114
-423.453
731.831
-1233.48
1669
455.367
-1128.55
-341.162
562.823
-1426.1
940.22
485.88
-712.947
-269.213
-871.241
384.454
486.787
464.478
747.654
-1212.13
1111.18
-592.504
-413.99
689.989
-275.999
140.2
130.155
-484.638
-449.27
933.909
-252.899
564.427
-984.76
420.333
-412.064
622.418
-1742.64
439.444
698.599
-1138.04
547.19
93.1494
117.814
-2291.43
574.299
-101.678
1499.92
1840.13
-224.494
-1615.63
-455.092
1855.9
-2062.82
1239.71
823.116
422.309
357.676
-26.7991
895.608
-1334.7
748.064
-897.237
-856.822
824.515
322.411
61.179
-383.59
71.5446
80.1818
-151.726
1606.64
-857.598
-749.459
-275.698
503.35
-208.14
-295.21
378.702
327.719
263.118
362.426
-7.70678
1039.56
-1031.85
378.079
296.724
-674.803
-761.101
1884.66
-1123.56
-341.303
720.005
-1250.3
-417.519
-952.871
503.6
599.624
-807.582
207.958
788.806
-394.654
-394.152
-429.137
-469.447
453.632
1110.89
1284.16
-688.579
819.313
-354.966
386.656
338.112
-261.224
-223.805
-234.037
656.516
421.638
-880.62
458.982
229.533
363.758
-593.291
-437.08
858.718
784.255
-1188.84
905.418
-39.8277
-515.165
301.303
783.838
-99.0859
1437
1957.94
-68.9195
358.833
-323.382
419.706
-1126.93
1119.23
641.197
387.32
401.486
64.2844
439.066
284.416
506.88
-384.825
-281.29
-294.505
-61.6289
-372.678
382.984
-10.3069
-237.605
-253.338
1048.19
-1600.2
552.01
-201.043
-199.325
-387.52
684.243
-1687.91
1651.38
-997.078
283.267
-704.268
606.959
1267.02
-1873.98
633.147
1018.23
326.7
-1163.63
718.458
-289.609
-303.664
1412.42
-1496.45
849.123
647.329
424.909
-653.405
228.496
-381.317
502.534
-121.216
377.875
122.145
1790.37
404.466
-228.433
581.087
-1768.02
1186.94
-93.2441
402.974
348.022
350.223
-465.165
-637.993
1103.16
441.165
-900.35
-666.8
937.434
593.876
-106.358
-103.737
-456.43
-424.19
-321.161
-859.264
983.829
-983.829
-94.9969
-1616.92
1711.92
303.128
297.405
-950.964
-578.813
1529.78
-409.557
958.832
-632.72
-1034.22
693.038
419.44
-1112.48
487.105
-165.682
594.967
1262.75
-1857.72
-1045.04
2113.92
-1068.88
-387.375
-312.57
-493.479
843.353
-1812.2
1657.56
154.639
1812.2
-1659.37
-152.831
-230.003
497.414
-267.41
-560.214
1681.06
1601.94
-2019.46
1118.59
-287.385
-272.935
560.32
254.501
-595.663
-732.206
308.753
1392.49
659.75
598.737
506.659
-1105.4
296.977
427.717
903.427
513.139
-1416.57
550.437
-1058.41
1635.47
-587.28
-772.116
-373.522
-129.205
502.727
-509.469
1257.12
-775.339
307.352
306.131
375.803
271.35
-647.153
630.304
859.718
-623.692
286.83
692.056
-106.358
-322.696
-248.251
570.947
1210.16
-678.054
636.445
482.495
-1118.94
-965.968
965.968
-394.94
782.26
-299.973
-491.925
791.898
501.566
470.321
-971.887
402.86
-702.833
639.393
-903.331
263.938
-380.647
-517.306
1116.04
-689.273
-735.685
1424.96
-401.481
965.909
-1610.59
699.872
55.8888
-441.379
385.49
-511.346
736.248
273.355
339.287
176.267
310.838
-534.44
244.831
1940.94
-2040.02
288.579
-736.123
462.677
-855.725
393.048
-897.231
1446.88
-549.652
-447.127
-505.744
624.657
1165.39
-1790.05
-744.651
357.276
-477.311
1076.13
-795.283
1082.11
-297.378
-619.192
-491.774
755.689
402.528
-259.194
942.731
-315.681
-197.351
1656.82
-1881.31
-373.312
-611.448
-347.969
499.805
277.64
-608.863
-198.28
1094.79
-793.49
224.262
-304.406
-289.776
594.182
417.671
-912.839
495.168
-439.857
-463.191
-350.652
-348.541
604.235
-255.694
-472.665
-437.216
-342.745
-205.051
-399.364
670.714
-450.053
788.165
-1114.08
648.912
-1407.89
590.754
-28.337
-1903.46
1931.8
593.969
-467.013
1256.8
-697.153
38.9507
-38.9507
695.245
-450.33
1033.17
-1665.89
-1199.78
-982.555
301.261
327.06
909.053
746.436
-501.891
-325.875
827.766
1719.06
-1747.4
-451.796
364.86
229.411
1180.32
-543.879
-977.372
1606.43
-629.062
463.73
-255.158
382.256
412.063
-794.319
544.69
497.704
-1042.39
-318.305
625.657
-39.4014
1980.34
1626.34
1029.78
-1763.11
755.772
-1224.07
468.294
-513.144
1416.57
870.715
-1394.18
-574.156
286.771
825.04
-423.401
578.587
-1234.17
655.582
-645.671
-1258.85
-722.116
1980.96
-216.326
577.549
-361.223
-193.179
308.149
-524.475
338.46
389.69
-728.15
-1535.78
788.347
747.437
914.129
-1486.12
860.022
-447.531
228.456
-378.408
-607.289
284.593
-721.81
-704.29
726.857
525.573
-1252.43
390.108
-204.206
-185.902
578.079
-997.028
-579.384
-428.899
754.353
-862.458
-1200.36
-1493.55
520.643
972.909
4.72834
-653.463
363.702
289.761
-1357.56
1086.96
270.604
-640.267
-473.81
-626.517
833.116
418.267
-212.189
-206.078
529.961
1016.57
-1546.53
1015.01
-269.426
93.782
175.644
-425.326
703.746
-415.167
-530.465
182.497
243.455
-1575.1
557.218
553.966
-777.822
266.476
162.972
-478.653
390.74
-853.931
2022.27
-1236.41
-785.858
416.303
-697.861
281.558
133.153
338.604
128.013
-466.618
-582.338
177.602
226.864
-720.362
1427.36
-706.996
436.372
503.036
-1215.98
259.808
1934.15
-1052.43
-881.722
655.047
-554.223
205.682
1398.32
-958.673
-439.65
354.296
-804.627
-641.842
1790.07
639.358
644.798
336.821
-14.4097
289.756
-1178.94
1790.33
-611.395
-1827.31
849.937
1789.12
-1713.44
-75.6858
-688.214
266.095
589.001
-740.79
249.015
1457.82
-587.102
410.997
455.003
-1928.22
1473.13
572.417
-430.491
-141.926
224.133
-566.879
-280.511
-198.899
-355.52
703.542
-599.309
225.787
625.725
578.75
-1204.47
1154.96
-2021.74
866.776
179.026
336.414
-1764.66
1725.26
335.248
-765.287
-170.7
399.157
776.021
708.788
-1484.81
1103.08
-1113.98
553.486
-1145.99
-655.271
265.962
389.309
542.718
-310.583
-645.994
-1019.9
314.772
-751.988
-944.64
196.231
166.027
224.081
399.008
313.459
-712.467
-648.483
-866.388
-1015.71
517.163
-1099.5
-300.761
503.272
561.103
662.46
-106.628
-24.7952
-412.504
739.204
290.625
-1244.21
595.725
1355.76
-579.744
470.296
-1049.68
-160.722
180.265
392.153
1060.87
574.6
-1731.68
1636.68
1658.69
-611.967
-1046.72
1974.81
-1962.52
-12.2938
219.004
-542.386
-355.748
580.01
-781.866
-331.805
-356.409
1012.69
732.679
-1541.42
808.743
338.407
-26.1016
1682.92
-1118.82
440.767
-1273.99
501.87
-61.5463
1573.13
1246.16
-490.386
-247.067
-22.3588
-290.827
764.102
-2022.95
-730.09
363.566
-557.745
194.179
52.9622
-200.505
1182.24
697.072
-1879.31
-632.069
201.578
976.908
-1555.72
-200.005
600.157
-400.153
880.507
1119.49
-761.491
1400.85
625.324
-491.253
-134.071
-366.338
1215.46
1064.56
-1980.77
916.205
-1215.88
570.458
1547.04
-609.608
-387.278
-172.086
-1288.1
599.525
1206.42
-46.4728
982.8
805.364
-1788.16
-221.764
602.547
-1601.58
999.037
507.79
949.346
-1457.14
637.759
615.312
401.327
-1145.17
321.232
1149.6
448.73
-248.231
-200.499
-1228.66
-1820.78
-1.20214
-1730.47
-227.642
-425.764
1668.1
-648.917
-1019.18
-488.801
1051.45
-1367.11
663.807
703.303
-1412.22
1494.35
-1380.27
618.777
1579.46
-407.843
-596.853
209.575
-1509.2
237.792
172.671
244.907
380.418
432.649
427.419
-860.069
529.079
-973.333
935.476
-1501.6
-724.332
256.042
468.291
-1081.75
486.217
-487.506
898.503
725.203
31.0651
-552.935
191.712
-917.635
-1366.2
-740.835
365.429
375.406
423.302
-752.9
329.597
-362.178
-142.844
-442.326
743.622
1598.65
-615.853
837.48
769.163
1345.75
-832.614
-1007.62
-593.963
-831.08
444.065
387.015
-1075.71
-659.493
316.541
342.952
-1343.7
-225.776
-821.907
415.638
406.269
-676.909
406.69
270.218
-706.409
291.242
427.891
506.017
400.05
458.668
488.389
386.412
608.767
-981.274
696.385
494.564
428.743
316.137
-744.88
1691.95
-1117.74
-574.209
-525.945
-288.363
-1069.2
461.402
340.016
424.025
615.685
-1039.71
-1432.63
783.717
-558.466
1189.96
374.549
-66.0385
427.724
-901.062
473.339
-1907.64
290.714
408.084
-648.872
240.788
-193.265
421.371
-228.106
-689.762
323.071
366.69
-698.012
334.514
377.133
405.127
631.205
-1040.76
783.689
686.088
-1469.78
452.94
650.219
289.86
289.276
-579.135
406.977
313.028
602.724
677.473
433.413
601.876
-1056.07
454.195
-1709.09
1171.97
537.116
1752.87
-565.901
646.97
-1193.1
546.129
-547.657
307.689
455.303
-973.675
518.373
774.216
-450.434
348.859
354.684
577.707
-951.019
675.953
-1303.29
627.341
401.691
764.367
-1273.84
800.209
529.861
-1330.07
493.356
432.018
-925.375
-523.022
-970.53
-317.393
655.852
342.867
540.513
-883.381
324.931
300.726
-522.45
2013.43
420.267
-789.434
369.167
-953.02
-838.441
-778.669
384.517
-1260.52
465.234
-1789.74
1659.37
130.366
1808.95
-1657.56
-151.385
-811.396
-597.776
273.521
324.255
-1789.12
2019.46
559.913
822.809
-1382.72
456.462
744.155
705.905
382.632
-1088.54
-50.7371
1678.93
-618.063
412.563
844.24
-511.235
276.047
235.188
-390.612
-198.16
338.36
-233.07
453.714
243.999
-541.405
297.407
266.806
-569.282
-297.058
460.03
-1074.11
614.084
560.867
1131.09
358.923
604.39
192.25
159.564
-351.813
1667.04
-934.361
1756.58
-1578.82
-177.757
-330.97
-857.184
432.995
853.545
-1053.55
-621.92
290.682
-1128.59
1689.46
-1616.5
-67.1739
1683.67
-348.399
-358.232
-381.471
556.677
623.648
-522.982
-32.0704
-494.426
495.972
-279.238
-216.734
1787.31
-1333.68
-617.511
302.719
314.792
421.156
361.743
755.795
-290.451
-413.24
-1808.95
1747.4
476.624
-1143.92
667.299
-38.6109
1675.29
572.515
446.384
-1018.9
68.7193
1188.2
-1509.36
-2.73961
-1904.9
228.561
-536.802
263.93
272.872
-859.612
575.697
-935.897
488.77
-1173.14
700.806
472.336
393.3
289.773
-791.664
-315.436
1265.84
920.601
727.788
-1224
474.81
749.194
513.532
729.245
-1242.78
-364.031
-251.19
417.217
-1000.03
456.468
543.557
21.8184
-1950.04
1123.29
-483.893
-509.61
580.3
-1432.56
852.258
-437.702
830.75
-420.421
508.558
-1034.03
1883.21
403.199
-179.118
139.052
-169.708
-246.907
416.615
1963.19
-522.854
-1737.95
1084.15
-436.459
238.298
-1054.59
575.61
-309.474
567.469
938.569
-1506.04
-1064.68
438.165
-20.9297
-2019.09
1717.32
-652.762
-474.246
479.911
-1238.95
759.04
198.031
220.236
-205.104
796.879
729.517
815.155
669.898
-353.76
1126.84
-520.718
465.351
-186.258
-279.093
-1996.55
-644.039
-292.803
-330.775
-1.44441
332.219
435.835
-258.234
590.248
1076.79
-826.996
961.32
1294.23
-441.547
-204.262
-261.735
465.997
954.957
-908.775
-346.009
-1109.83
636.02
1612.15
-823.8
560.405
969.372
-403.194
765.826
-362.631
1162.37
-219.937
326.379
1403.11
-731.799
-231.85
468.209
-1247.29
779.08
-979.969
-175.718
1155.69
460.522
-994.913
534.391
196.359
187.764
260.966
808.92
-126.859
886.392
-442.08
1120.7
-738.065
574.914
-1522.89
947.98
-1258.74
1865.7
-443.803
-1564.57
912.069
-1457.06
-331.072
-419.726
1514.48
-1580.95
817.261
1547.28
201.199
264.152
-367.494
-1789.74
-312.345
-1026.35
1616.6
-1815.75
1815.75
1601.94
-1045.1
-661.644
-350.639
351.567
607.264
-368.87
-375.249
-1442.97
929.83
1165.13
625.197
1163.09
1853.31
-1258.34
-628.897
249.577
1721.19
-1988.59
267.404
845.497
-1316.87
1604
-585.768
816.97
316.123
-345.069
576.69
826.46
632.408
1400.25
-235.551
-462.558
-371.53
335.657
-222.148
490.887
766.236
-309.033
-157.585
-337.672
591.446
-253.774
26.9229
-387.302
1147.46
-1785.51
-468.611
-499.634
-590.571
898.809
713.338
-1658.15
937.785
-470.075
-637.133
-533.62
1301.51
359.265
1788.27
-1766.46
-1719.06
1962.52
-1590.03
864.131
725.898
-373.958
-1863.17
953.36
606.098
851.719
-419.483
1862.57
-707.603
-414.119
685.059
463.38
-1148.44
-1142.77
463.033
783.125
-1677.96
493.629
933.729
166.458
-368.824
202.366
-1620.1
-400.893
-431.385
1016.8
-692.379
1498.97
-974.19
1854.7
233.491
-548.994
496.901
-295.702
492.163
924.408
565.985
1013.47
-481.653
-440.761
597.576
916.901
-1308.63
-35.0744
1627.2
-858.038
541.956
1005.32
-1533.57
-1072.33
1791.36
-1240.45
-550.914
1254.88
-332.991
-921.885
-181.784
437.412
-255.628
-463.113
-248.237
424.454
-176.217
151.142
-402.333
1752.05
-1753.25
-469.379
-553.998
-932.119
410.216
-186.485
-223.732
427.437
-459.232
-358.864
-331.818
690.681
-987.552
439.181
-1174.8
685.996
399.949
-650.989
-448.939
1627.88
-881.447
552.474
-476.511
-592.897
-481.216
43.4088
-41.2424
-2.16645
-1136.89
439.741
-691.198
-1071.99
1763.19
-611.453
-1478.32
742.637
585.232
-1657.15
1071.92
-391.171
-485.566
172.627
540.614
-1307.99
774.367
562.473
1041.52
-2208.59
1025.08
1183.52
-370.647
54.6737
-48.9141
-5.75955
1535.36
-393.798
467.472
1144.18
605.993
941.049
590.668
548.11
-1138.78
170.311
-450.515
-1713.44
274.557
1151.49
-628.826
540.415
1050.76
-1591.17
1131.32
-1705.53
175.271
730.147
560.749
-906.757
-1097.87
-108.493
290.747
-182.253
-508.045
-438.529
-661.481
-409.774
204.67
-1681.12
976.08
-495.011
200.569
-379.686
537.319
-308.758
-617.662
1244.78
-1314.87
931.66
383.211
-1025.81
-373.909
-780.742
-850.299
1749.11
-495.747
1798.29
-1593.07
-205.221
-1615.75
1054.81
560.936
-748.332
-134.508
247.633
-113.125
-604.937
397.184
288.53
-685.714
-544.592
1022.21
651.794
-361.112
-1664.58
1082.79
595.699
1142.44
-1738.14
-421.842
-308.046
-381.715
-768.828
-475.317
-340.254
516.521
1617.51
-1032.28
-806.032
1555.3
689.013
-324.154
753.199
1189.68
-1942.88
297.483
325.38
-505.842
-2005.55
1785.59
219.958
770.22
-492.287
-277.932
554.68
1098.26
-1652.94
43.4088
-1733.21
-241.877
1814.87
-1635.27
1113.79
521.478
-1739.8
6.58506
-541.972
54.6737
1764.66
-1785.59
975.656
649.19
-1624.85
222.243
-136.107
-86.1363
-416.291
-290.118
58.4923
36.4169
-170.925
-452.119
-451.212
-424.729
231.464
1558.76
395.612
-238.886
-438.023
384.829
-157.966
341.849
1567.79
1099.63
-238.361
-861.27
-1144.51
1769.16
-1794.74
1103.54
-735.044
-1059.7
-1308.02
1910.67
-602.656
1197.18
-1837.6
640.421
139.14
-911.784
1738.62
45.2669
-1783.89
-512.108
-1119.11
-1752.05
-1013
572.237
1055.68
614.628
1173
-1787.62
296.485
-474.34
731.974
-397.459
381.03
960.441
707.029
-408.351
-647.72
607.27
1110.49
-1717.76
-412.471
-387.877
800.348
448.041
-1725.26
1578.82
146.44
608.963
-1086.27
566.811
1122.64
-1615
1029.23
-249.831
247.098
332.912
1974.81
432.149
-91.9547
1024.76
741.75
-1766.51
-720.542
1123.28
-1616.62
168.378
-586.551
172.689
212.141
-667.445
-593.072
606.393
1072.54
-699.988
-290.436
-1422.59
703.313
719.273
-364.04
825.66
122.526
-948.187
583.821
-142.595
1615.72
-226.697
278.041
-797.235
-2005.55
1727.02
1009.16
60.8294
322.731
451.485
-966.685
-1029.87
-1830.47
663.146
1757.07
533.168
-493.562
1259.8
1127.52
-434.507
1041.77
-1018.53
515.605
502.926
727.391
1087.62
-1815.01
508.057
498.567
-1551.08
-777.574
31.611
812.913
-428.396
-920.748
411.138
-559.682
-834.495
152.553
-600.146
1452.4
1094.8
142.298
148.449
-574.226
1680.6
-801.044
1584.73
-1792.17
599.035
1193.13
568.906
-919.341
-1798.42
1988.59
-190.171
1777.96
179.178
-564.232
121.646
-85.2294
-501.364
1260.4
586.752
1166.12
-488.984
455.225
893.983
-483.65
-806.073
440.494
365.579
1473.07
1130.38
-540.3
1478.08
-460.634
-396.754
857.387
-627.646
529.522
-1244.48
1756.58
1903.51
-713.833
1646.98
-671.323
-1290.84
746.249
-585.586
108.904
-192.593
340.219
-172.946
-540.56
-1290.23
1937.97
-647.737
1219.9
-572.93
1156.89
-1722.79
1749.72
-598.124
-565.758
-572.64
1783.12
-330.33
-716.714
-494.718
1273.8
-1745.1
-1927.01
636.78
361.014
-1005.26
168.826
217.664
-1781.78
1245.05
536.729
1204.25
573.706
-530.932
-487.986
1237.18
184.658
236.713
609.653
1293.86
-559.917
-1280.94
1840.86
-1064.3
1057.91
876.235
-211.413
-1721.19
1766.46
-531.885
1465.61
-1798.42
-385.649
9.02357
376.626
-277.895
610.515
-332.62
103.831
506.386
813.683
-390.38
1299.6
1281.06
-427.519
887.817
-454.822
1885.26
-688.078
1645.68
-1788.27
-428.35
-767.802
300.24
467.562
-581.129
-586.729
50.8011
-923.852
-1023
-695.864
1718.87
-973.82
-1234.77
153.152
-426.087
-674.467
732.265
1209.73
675.526
1465.69
-613.971
1661.05
1369.86
-595.488
-498.777
203.075
-524.88
1449.29
1289.03
-585.719
-924.284
930.689
54.0628
-984.752
542.476
-527.708
1457.54
1553.39
-612.341
-43.8289
43.8289
-613.448
1685.37
1290.3
-507.179
1158.58
-52.811
1850.69
-343.049
1547.76
-612.283
-528.309
1392.44
-679.747
1266.8
-587.053
1614.89
-615.85
764.538
605.167
-1369.71
-655.44
303.239
498.725
623.974
-2026.25
-1019.8
1645.68
43.828
-43.828
-76.2905
406.941
453.081
401.585
-23.7105
-263.729
925.899
-524.209
-441.557
848.499
-254.936
644.245
-413.987
1560.87
-460.321
-869.407
168.256
190.517
-358.773
624.278
1293.06
-1917.34
965.756
-476.986
-41.2424
130.693
-2013.95
1883.26
-471.042
193.793
1218.93
-460.917
-758.008
-323.203
-597.545
-509.977
-48.9141
-454.024
237.29
1204.57
-580.922
236.665
-394.432
157.767
-5.5053
-83.9542
600.631
-516.677
12.8225
-307.327
-610.623
-62.9409
62.9409
-1221.41
1963.16
-1184.1
-233.319
-1825.96
232.888
-1060.55
-1008.9
-187.939
-1700.59
733.903
1273.32
-1995.43
387.51
322.342
-709.851
-1916.17
1277.37
638.806
-99.4732
99.4732
-994.522
-8.26727
-1935.02
-581.696
1712.78
-704.573
1698.52
-625.981
-196.259
-1708.64
-603.335
-445.071
-619.173
-69.1563
69.1563
-1592.83
202.436
1390.39
137.024
160.843
-297.867
595.701
503.931
1037.61
-494.049
1813.91
800.205
-157.147
151.387
540.153
1766.35
-618.888
-576.391
1699.04
422.266
1879.99
-670.258
-1872.99
-2005.19
-672.208
-73.0744
73.0744
-617.356
245.826
-696.128
1060.26
-484.647
-1112.43
-296.74
788.866
1918.13
1695.06
-1695.06
-281.019
770.285
1825.75
618.354
1319.61
109.832
112.411
622.344
583.024
785.592
-785.592
227.846
-365.39
-449.626
354.439
990.195
-474.59
-665.707
-1170.76
1769.79
293.562
-1678.06
643.836
-287.854
467.032
1809.34
-616.211
-138.018
-432.642
401.242
748.362
1803.39
-638.259
-533.516
-770.951
2029.24
-901.58
-1127.66
1705
-546.181
1266.76
-1891.23
624.472
367.525
-916.519
-165.837
-19.2333
1141.45
-505.425
132.494
654.34
-1674.24
460.801
635.187
-1872.99
-606.735
1851.79
918.754
-1203.66
1825.37
-621.703
1848.39
-598.789
-1249.6
464.451
931.121
-1753.25
958.673
-1472.58
227.265
1245.32
-864.59
-1297.82
-132.514
30.9933
101.521
605.68
283.134
1063.7
-465.403
881.396
-415.993
853.766
765.698
-1619.46
668.182
1107.5
-2.71173
-375.088
377.8
-1811.14
751.437
720.622
77.1217
-1162.43
2006.36
-699.699
-1306.66
-560.601
1726.72
854.857
1000.04
-1854.89
1271.51
709.453
-417.4
740.471
841.197
1070.08
-609.558
1825.75
649.638
1838.16
-1226.56
-611.6
-377.212
-348.389
725.601
90.3196
-988.435
1721.55
-564.659
-629.144
629.144
1292.93
617.742
1400.68
216.827
-564.087
290.931
-198.81
725.892
1154.1
500.955
-316.297
-904.046
-597.551
1746.66
-1746.66
496.808
-496.808
1022.74
1061.65
-2084.39
1904.41
-637.651
-604.456
850.099
-980.966
-1089.59
1036.4
717.442
-1753.85
-82.5744
-379.331
-649.094
-837.719
2115.09
-1289.92
-637.087
1037.93
1009.18
1335.5
670.856
341.361
1048.28
235.042
348.28
477.588
1820.57
-1820.57
660.063
20.1413
-148.239
-1032.64
-564.642
1723.22
989.686
1010.31
-1899.48
-232.124
-371.212
632.926
-358.369
1917.76
-1117.18
-800.58
396.201
-51.1006
-813.001
-1721.96
1721.96
946.2
1992.22
-672.608
584.427
-496.943
1768.92
-1271.97
758.434
1903.8
1192.62
-622.164
-598.659
1189.33
-690.162
-506.969
967.804
1145.32
348.559
321.339
349.409
487.695
-1176.63
-608.88
-669.356
-1255.49
1924.85
-123.245
-274.648
371.821
-576.083
1293.39
1028.16
791.119
-615.848
1946.52
-675.005
-395.534
684.064
1944.84
770.018
-563.093
392.492
-453.535
1506.35
-776.83
1213.1
612.265
-100.268
425.923
-325.655
-493.691
938.151
427.556
1699.14
-738.704
1085.07
937.905
810.173
795.586
614.488
785.812
1294.23
588.983
1903.5
-1019.79
-883.704
552.788
-335.248
32.1219
-32.1219
-134.68
-702.636
305.177
865.545
393.49
372.336
1957.97
-684.653
1136.39
47.4088
-907.822
1158.16
460.438
-408.481
408.481
1825.08
-697.557
764.088
473.091
-212.466
932.658
-669.82
1365.06
1241.66
920.979
1184.22
564.631
1134.41
-275.753
-55.0216
-1129.21
1155.73
661.722
-1733.71
1239.37
-142.624
574.513
-431.889
221.708
-632.098
1925.16
363.578
-363.578
1034
629.3
-1663.3
656.53
666.789
614.275
1154.5
791.407
-693.478
1797.02
327.541
1101.49
135.59
1618.14
546.946
742.085
-1261.48
-744.337
-546.442
1975.9
-1429.46
1917.76
-624.829
1566.1
-1918.31
352.203
308.981
-308.981
1840.07
-709.692
54.704
-518.752
270.675
-673.456
1405.87
-732.413
702.568
-664.649
39.9119
558.231
629.484
-1187.72
1543.73
-775.835
322.771
-322.771
445.737
-36.5327
36.5327
340.845
1118.43
-720.913
-931.3
1652.21
1277.16
1311.03
685.213
-1996.24
-1346.53
-735.629
1478.27
1346.53
-570.09
-1097.48
837.794
259.688
414.379
-414.379
1215.45
553.471
1246.33
-1916.59
1247.33
-330.491
330.491
1048.1
1071.27
783.43
609.441
-1827.59
1218.15
1130.78
-1799.2
1099.85
-613.629
-518.93
1052.1
-725.324
607.279
1337.56
1751.3
-857.389
-893.915
346.777
-346.777
-193.902
365.682
-171.78
-805.977
377.581
-1893.91
648.846
1245.06
-799.405
-788.115
1587.52
-342.669
-325.748
668.417
1160.95
1719.41
-743.328
232.394
189.872
241.21
-241.21
891.833
1743.79
-1075.61
658.565
-1328.38
1305.03
-1977.63
1173.61
-1861.68
-287.416
-415.22
1990.24
395.479
-395.479
1279.62
-1917.27
110.201
-110.201
300.62
-185.21
-115.41
638.811
992.109
-484.052
697.968
1834.64
-881.281
495.681
-229.655
229.655
1282.97
-1118.24
1298.74
-1935.82
1311.65
-1959.38
1162.08
1606.69
-789.426
-382.889
928.329
-1942.43
1014.1
-359.139
551.244
-232.379
232.379
184.269
-481.009
1218.84
-1843.03
1231.43
-753.187
-1064.66
1817.84
595.358
-665.989
-192.57
-345.918
538.488
452.426
312.069
563.468
-369.289
660.645
1334.84
-1995.49
222.492
-222.492
1167.16
-1839.37
22.3604
-463.739
1695.78
1247.28
636.818
-1884.1
387.808
-182.961
182.961
664.127
-1919.62
1285.66
1099.47
-635.016
-85.5408
85.5408
1265.24
643.952
-1909.19
1201.2
-1817.42
1164.56
-1829.44
664.881
603.018
-1413.2
810.187
1279.54
645.623
-1836.52
1214.81
508.734
652.035
1272.82
-719.731
-1418.17
1838.65
163.72
-163.72
1135.58
-1800.08
664.502
-864.149
409.327
-746.739
1783.14
255.352
307.294
209.227
561.096
1267.46
454.375
-885.983
-835.515
1721.5
-1207.94
-685.966
579.041
-749.459
-656.205
1106.54
-693.981
141.314
-141.314
309.5
-309.5
-629.932
931.18
-748.559
1944.31
-667.149
-198.228
159.649
171.973
-331.622
635.313
1151.7
-1787.01
1877.81
-598.276
-746.448
1965.29
1120.32
-1840.05
579.694
-383.12
-87.842
87.842
175.16
199.395
-374.556
1903.88
183.4
115.163
-298.563
-302.916
118.397
-118.397
-1257.23
1830.99
-573.767
717.881
-428.125
463.686
-232.222
154.05
99.6392
-253.689
1868.25
-1882.05
-1810.49
1172.23
583.113
-391.401
200.706
178.833
-379.54
-1750.08
685.78
125.764
-125.764
586.311
549.228
-327.52
-2164.61
-1235.25
-701.513
1947.85
1174.93
-1786.32
-1272.61
646.435
1771.45
-1131.03
-1216.44
203.307
179.418
-382.725
-108.248
108.248
7.29539
706.612
1132.03
-1838.64
1157.14
1124.19
-669.995
310.904
173.875
-173.875
-1490.27
605.097
885.172
1122.66
-1741.55
1875.27
-627.937
408.132
-742.985
-1703.34
1077.36
-622.297
1861.67
282.717
100.918
-100.918
1695.72
-933.312
456.326
-156.442
156.442
-1140.15
-881.594
-489.173
196.659
190.535
-387.194
678.79
-1352.25
-316.418
-1717.01
1108.13
548.358
587.319
62.6478
64.325
-126.973
-1245.96
1870.43
-633.196
-1325.38
-808.572
1662.34
286.361
540.835
-292.065
125.66
-125.66
1858.31
1547.26
330.552
-118.788
118.788
732.339
-462.121
602.614
-393.039
-169.229
401.622
-519.963
211.205
738.179
-482.137
-748.842
353.308
-1721.19
1156.53
1131.6
849.894
-565.479
1507.11
-1617.61
1001.76
1041.1
-1736.96
635.56
1145.96
-1781.52
-1648.03
1060.75
121.07
-121.07
1265.07
653.063
-1162.34
1126.72
-661.481
744.299
-453.057
-1544.29
931.947
1071.99
-1690.05
-1223.95
-603.64
1960.69
-1041.17
547.125
1019.52
-1690.84
-174.348
-574.495
1663.5
-17.8186
-694.519
1253.56
-1955.07
575.508
-1743.51
1142.51
-552.632
322.646
229.986
581.923
-1232.91
1910.69
-1588.12
994.159
-279.874
-249.231
529.105
239.611
-476.299
-399.371
1506.87
-774.681
-855.976
1630.66
769.185
-1907.82
1138.63
-318.555
502.824
-1991.37
1951.88
-1951.88
-1869.5
839.638
1950.63
-674.811
129.223
-436.794
-558.119
-361.911
-796.784
409.125
-616.805
2029.22
887.177
-510.893
-376.284
-1727.34
874.314
-1900.66
1067.65
723.716
1901.56
-284.71
1731.63
1851.89
-610.228
-1687.14
571.929
1115.22
904.574
-1679.25
-630.593
-693.863
-74.117
668.887
-375.325
40.9416
57.2387
994.898
497.747
-1492.65
1737.95
-565.724
-586.789
1650.15
-1702.96
955.071
-499.845
-1145.97
640.54
-16.801
-1436.71
1691.94
-545.977
-1491.6
894.053
633.411
-1743
1109.59
1734.52
-611.861
-1332.26
-715.654
1988.47
-1680.59
-14.4646
-251.31
-1865.19
628.148
-1226.81
-1525.5
913.216
-525.063
958.898
801.231
-1760.13
1017.9
-1458.74
440.845
-37.7957
-80.4998
-71.2265
-1416.11
436.137
324.476
-1018.4
550.053
-1575.03
775.622
-1645.12
821.319
-1156.69
2085.02
-27.2768
-631.943
1835.71
978.232
86.4984
-1887.89
1213.08
-650.371
441.824
-461.135
1110.77
-141.047
-1066.83
1207.87
-509.602
1274.14
849.84
-1700.14
149.096
1237.44
790.866
-1591.91
161.082
1732.04
629.619
-1563.98
959.267
-1576.07
-575.741
233.072
-1456.02
948.844
466.763
-72.7078
1245.6
-600.802
414.491
-748.661
1429.57
-680.909
-377.383
565.758
-339.97
-521.036
824.275
-1426.51
839.406
-521.652
-694.331
-383.776
-480.374
1920.53
-1104.76
-682.256
-655.312
1938.28
-516.677
488.11
-1287.65
826.735
-986.358
845.311
-1353.91
772.784
-831.998
-296.549
-750.481
330.755
-506.783
1251.44
631.348
1064.37
-6.97605
328.208
-118.053
426.202
-233.546
470.26
990.605
1103.92
146.717
-1469.64
855.671
-778.288
-1159.09
401.079
-1390.71
795.225
-1638.79
780.756
1309.98
269.845
-121.396
-751.133
1356.3
-1123.03
-677.055
486.255
-350.614
17.8787
1021.41
-1150.9
129.494
673.995
-733.512
230.139
-1811.39
-782.51
332.077
-249.505
1126.22
558.983
332.379
-891.363
-619.874
-826.187
381.116
-487.188
-8.77472
1499.51
980.703
261.904
295.099
-557.003
-713.162
1855.67
-81.7175
-462.122
699.097
132.657
367.854
295.292
-620.318
1729.07
1432.64
1896.13
375.867
1119.94
-1833.1
826.212
704.12
-1530.33
-1561.02
1136.45
-1100.72
1774.71
-677.598
325.008
-822.485
-588.883
-995.637
1584.52
-1023.72
249.442
-370.659
1101.06
-1577.36
730.524
-1553.52
-873.67
577.26
296.41
-606.138
563.725
764.148
1153.61
-1728.15
1728.15
-623.448
835.623
1186.64
963.431
-1586.88
-630.096
-988.436
-437.824
-495.488
-290.873
644.141
677.348
-1459.21
-1632.38
750.935
899.357
-1687.47
662.468
770.719
771.864
-1569.1
-506.038
1443.94
-754.581
-543.734
1298.32
-1301.76
716.045
970.918
-424.24
608.185
-1356.52
-1432.64
-1390.64
636.174
754.463
-597.855
647.932
-1322.96
-708.985
775.151
-433.79
840.096
587.681
710.984
447.027
-1201.61
361.272
484.253
-845.525
-442.722
-117.289
910.22
-1653.55
1726.84
-79.8457
-1091.81
-651.185
380.029
304.036
1716.68
-580.286
1533.58
-601.634
510.369
671.674
-1568.06
896.384
-1279.2
692.145
-1259.49
-518.106
1166.04
1210.17
704.807
-1248.54
766.902
-1794
865.209
490.555
1051.06
-489.966
-188.062
-1093.6
-261.332
431.643
-492.755
698.75
-1630.05
-1228.08
537.74
1074.16
710.609
-1228.72
-626.06
-1694.56
0.0801015
121.566
425.671
-936.336
1585.53
36.6128
825.322
-432.83
2.30117
1635.11
915.789
-359.027
333.973
25.0541
-490.263
1281.67
586.302
-1089.35
503.045
-36.6128
-4.62962
558.195
-1111.11
552.919
1227.18
-431.591
360.393
-777.793
36.1332
977.252
452.568
-232.332
-523.565
-1051.9
-1239.09
666.162
-740.851
-1648.13
-686.005
830.852
631.446
904.987
-1536.43
1076.99
-1125.17
1723.75
-646.398
-498.955
-333.758
1182.64
-215.461
370.92
-399.182
28.2612
-763.059
-616.335
-1455.79
818.652
-1012.09
-651.21
-15.3768
-10.1548
-235.315
508.492
-1163.93
266.688
-298.262
31.5734
-1129.89
-613.626
-705.484
614.883
-1195.8
-161.674
368.639
-404.191
35.5517
438.449
401.646
-1134.36
-611.828
841.875
443.973
-514.561
952.352
653.655
-1606.01
905.19
230.66
900.382
-454.645
488.013
537.349
539.484
-1076.83
611.061
512.863
-1123.92
714.76
630.236
834.644
-1464.88
996.761
1146.15
-637.654
979.72
672.494
913.264
-15.6538
602.607
-1146.49
323.088
-363.147
40.0593
483.039
404.138
-405.702
351.048
54.6539
1151.35
536.729
-1055.66
-1688.11
898.681
1475.48
-789.397
-446.193
383.805
62.388
1149.26
-709.518
208.889
-1112.67
1777.17
341.372
-405.35
63.9782
1535.52
-622.306
367.865
-431.609
63.7441
-650.987
275.662
-458.181
410.699
47.482
401.831
-438.895
37.0634
402.34
-427.567
25.2265
462.293
-463.407
1.11454
-432.534
459.909
-27.3746
456.245
-421.999
-34.2453
431.946
-392.181
-39.7652
427.554
-383.545
-44.0095
412.642
-365.292
-47.3496
-382.721
436.043
-53.3222
413.025
-358.908
-54.1165
390.35
-335.937
-54.413
-407.809
461.704
-53.8959
-7.26277
-835.169
507.295
-175.559
783.18
-711.122
494.909
534.235
675.452
-1515.09
839.634
-617.929
-672.316
444.252
404.247
415.393
-419.544
364.072
55.472
382.988
-784.256
401.268
126.475
1631.96
-630.202
-537.081
214.195
-581.688
467.569
-966.665
499.096
559.309
417.053
-873.279
456.226
1752.22
-771.516
1558.64
-910.606
-1497.11
-822.837
1830.59
-698.985
505.221
-989.114
789.365
-1407.29
1153.53
1625.69
529.374
441.544
458.824
367.325
-428.248
60.9228
-931.067
479.856
-375.633
427.524
-51.8905
-784.161
-597.411
523.649
665.677
-433.086
-599.195
1708.38
-598.795
511.341
558.739
525.121
-1059.47
534.347
-1592.04
1214.66
-709.044
1726.94
1172.37
-626.245
-421.208
-393.519
412.633
-19.1134
-154.435
456.745
571.198
-1081.18
498.563
1135.3
-572.009
-566.769
-328.641
359.706
1096.52
-370.914
-660.406
-556.033
530.607
-1101.91
571.302
1481.01
-625.336
1454.86
-522.203
522.459
-1021.41
424.717
-374.77
-49.9468
221.4
-887.252
-696.655
726.443
257.386
-844.914
508.8
-983.39
1891.59
-987.018
-756.83
306.315
566.415
613.035
681.588
-1294.62
708.517
-1487.61
779.095
1107.62
494.341
-943.967
762.606
643.263
-526.175
1472.38
-1837.21
1560.43
276.781
296.039
1510.1
-1020.71
1535.51
205.785
-720.727
261.495
464.132
-897.218
-471.247
-1109.15
316.048
1164.19
-174.469
1340.33
-624.287
-1659.51
1134.45
1991.57
-1150.63
-840.94
-600.281
878.178
1080.44
443.401
-859.394
-829.415
-1166.25
-673.616
-519.813
-404.966
-1358.36
-258.138
321.424
-602.715
220.346
455.279
-863.655
237.75
-651.869
892.366
-1876.76
-868.51
198.99
186.23
-385.22
-936.325
472.28
-1140.73
929.384
1058.47
450.018
1471.12
-1556
730.848
300.156
816.03
1432.63
593.198
-1231.15
637.95
491.7
-878.821
-890.848
1880.53
-466.942
187.068
-579.874
1166.18
165.867
645.924
719.141
-212.61
-408.432
621.042
1626.27
-1006.35
-527.882
1193.56
330.144
-277.177
-52.9672
653.21
-1271.05
-865.663
357.32
508.343
-403.371
-1678.58
809.294
912.204
671.496
753.463
213.955
320.28
154.294
-536.602
382.308
568.499
-302.299
708.323
-1217.92
558.001
424.42
-814.801
-814.585
-650.295
5.09872
1622.43
-978.597
-847.925
1004.9
1588.74
-884.76
-703.983
367.121
-720.22
353.1
-564.579
1350.39
1319.06
204.329
193.962
-1026.58
774.406
703.859
-534.043
164.754
-480.515
265.267
215.248
233.792
726.443
400.922
-766.312
675.321
972.426
-1561.31
205.326
346.102
342.948
-689.05
1236.34
-621.457
383.2
728.504
-375.704
631.056
563.09
489.049
-973.082
484.034
558.717
557.699
-1116.42
706.635
-1475.46
933.512
-467.314
-622.212
1737.43
-616.086
1804.32
-1188.24
-653.509
277.805
1565.99
-799.092
-367.601
921.741
316.174
-944.359
-398.414
702.45
854.948
-765.656
1327.51
453.817
-933.363
479.546
-1102.59
-785.303
-767.528
-1058.43
-1012.16
-741.688
116.076
-116.076
-2.32118
-755.926
555.307
-1550.94
845.898
219.494
413.879
-785.348
371.469
681.486
907.257
-1302.98
1858.28
-901.859
1723.28
-745.05
1314.99
-876.169
481.224
-251.085
1457.32
329.741
-623.137
293.396
-1113.28
626.096
-970.223
1594.2
848.757
-30.1813
-477.959
882.206
437.721
460.292
-408.392
-51.9
-1688.79
809.969
-578.949
185.91
1678.85
-898.091
403.371
5.10964
1578.69
-669.886
-1171.94
-408.632
-575.288
-873.862
-1742.48
1091.3
558.768
-648.064
89.296
-291.225
363.937
-186.142
1859.15
7.27224
301.355
-627.102
-1578.69
-143.274
1142.34
-684.296
-458.048
-168.459
-54.0335
605.978
293.926
-776.063
-613.96
1832.11
402.402
-768.443
1869.5
374.347
-895.382
280.642
314.255
-594.897
-38.1458
374.119
366.353
-1430.92
-305.393
243.576
237.648
853.738
-1141.03
479.553
1117.72
-28.9816
-598.251
1202.62
-574.474
-946.873
-466.331
-515.484
-812.108
1327.59
-635.696
81.103
255.718
-202.566
-945.676
1395.11
-449.429
-512.614
-710.896
1347.07
273.473
-541.525
268.052
642.916
1442.1
639.179
-1575.5
1199.78
-816.569
-479.835
-568.046
301.968
-347.007
45.0389
-541.291
-24.5956
-17.5384
-652.407
-997.66
581.451
416.209
-598.919
1140.73
-691.666
1446.13
-610.14
277.519
1681.37
-930.432
168.459
14.5024
-11.707
259.612
-508.843
833.933
-530.091
924.801
659.719
1063.18
-467.358
807.252
-589.233
320.084
-78.2997
1092.37
-678.141
1198.78
-143.145
134.878
-584.44
-925.896
1659.8
186.142
1796.45
547.858
-336.653
-540.104
900.289
-517.302
876.193
644.376
386.349
-335.75
-50.5991
738.457
-1640.32
-411.92
1007.17
-662.043
-867.277
-773.04
394.712
-345.528
-49.1842
-451.755
-494.11
-291.13
385.895
1123.93
-635.913
887.748
-506.632
605.564
-434.974
1355.81
-1701.26
722.661
-1862.38
636.058
-468.399
514.014
-873.174
359.16
241.583
-567.299
325.717
-200.499
408.364
-359.308
172.46
588.636
-307.41
-490.919
1195.73
1142.41
-683.582
-610.938
-472.011
405.206
-418.307
13.1009
-509.259
208.07
472.411
-192.347
-348.935
-137.746
763.394
-1097.15
504.69
960.418
1068.8
-460.07
368.958
38.1458
510.297
1071.54
484.61
884.316
1107.25
830.573
-1507.57
676.995
479.371
-1308.76
709.565
-211.338
-269.177
173.119
-399.191
628.641
800.929
-616.616
-101.001
238.238
240.966
229.294
1698.87
-487.294
-745.618
-339.922
383.717
-43.7946
1192.17
-508.871
-683.302
457.8
-52.9332
85.5782
234.506
-602.032
362.962
-719.222
1174.5
218.777
672.689
1449.28
-1246.85
774.923
-420.781
135.443
-96.3168
-684.29
629.583
544.789
-321.782
1141.68
-664.607
1156.31
-520.394
1231
754.267
-626.538
388.036
-42.8932
1568.54
-797.818
1717.51
-1031.73
589.233
-1261.54
24.5956
-94.4014
623.88
-812.611
-806.854
-428.264
1293.47
-57.7832
-535.508
-270.288
-1235.15
-614.609
763.253
-281.912
929.548
-473.222
-367.147
77.3005
77.934
604.448
-240.455
-282.264
1279.05
-613.579
-568.693
607.45
-680.331
24.8269
14.1238
391.922
-344.219
-47.7036
249.031
-1116.12
796.933
299.093
-1044.71
368.557
223.017
-591.574
652.005
-269.748
725.427
-455.679
-787.996
-394.492
-1062.64
511.506
483.667
-1202.89
-895.155
365.065
-104.82
196.324
926.164
-37.4852
523.268
-1187.88
1848.02
-932.232
-36.5548
35.3736
29.0969
31.4424
641.411
-495.614
90.7276
-715.61
-453.626
-648.284
-501.324
795.251
-459.179
-1000.1
-1229.29
-104.389
-457.329
773.503
939.94
-440.843
172.548
-366.45
-8.84544
812.857
830.668
449.855
-346.621
391.564
-44.9422
-487.84
-651.547
280.633
-621.589
325.946
705.447
-238.88
336.291
1194.7
60.4101
-397.502
672.131
-1654.84
982.712
301.82
201.004
-417.77
588.154
-368.66
243.209
-700.538
-434.321
201.989
-277.338
-237.61
956.067
764.874
212.855
325.633
-988.636
552.176
-64.1755
301.953
-771.331
-693.152
-939.822
701.462
-1263.43
-935.133
322.95
-523.463
160.806
-365.012
-275.149
924.769
-353.467
-505.323
720.425
16.2231
52.9332
474.804
1196.69
-752.655
59.4245
-391.058
668.863
-522.575
-655.505
187.764
-432.25
1251.74
-323.666
301.38
22.2867
1841.89
890.825
536.813
-332.484
864.746
-1464.53
-1907.97
888.183
781.922
-356.752
1663.5
528.349
125.735
-69.1892
-59.713
128.902
1758.8
735.96
-1416.87
1751.69
-761.089
1059.53
-38.1276
1263.2
52.7541
303.901
-742.43
-258.623
-42.8932
312.479
-806.589
1056.36
570.584
241.689
-673.074
-726.809
-150.174
1235.52
-199.056
-288.951
-100.695
-104.202
204.897
-1069.46
-233.478
-711.048
-621.211
-1329.35
558.395
-574.005
-1285.04
1132.2
768.176
-350.929
-81.7125
376.876
-330.612
-46.2643
1838.32
-520.885
53.6631
-175.059
-77.6643
-452.929
966.939
-661.472
499.348
553.828
-634.631
-77.1588
320.839
-129.167
290.801
161.04
204.642
-1196.69
-57.2387
-138.468
-128.931
267.399
-192.744
-837.623
-393.525
-146.156
-793.666
-1142.57
-1516.22
-555.418
-1516.22
1466.38
533.62
1466.38
42.8932
-334.207
120.659
976.963
725.927
1312.53
-1157.89
-485.772
-870.745
-433.785
-536.228
-258.94
686.873
-417.637
315.959
-1818.08
-467.861
43.9856
-382.746
766.097
-601.89
423.635
-693.383
-479.038
660.501
-437.484
-1154.56
-753.255
691.301
-1715.02
-802.652
-712.433
1743.3
-526.637
244.373
1096.64
-314.141
-60.9478
-105.04
-1490.33
603.077
1627
149.376
-1472.89
-465.017
-1452.95
271.748
-1009.96
477.432
462.508
353.996
-895.927
-163.94
-208.705
372.645
-537.081
-354.445
462.423
-242.077
-765.832
-478.649
-615.303
1544.69
716.203
362.571
-771.607
457.624
1149.01
-698.995
-856.658
-651.781
282.911
-668.502
-34.3314
-498.279
1274.7
-838.565
1516.6
-397.373
-386.221
750.881
-391.616
-901.692
-900.778
-443.061
519.791
-356.24
-159.74
515.98
138.238
439.495
-464.681
1464.72
1633.48
-628.58
-635.717
1193.95
-1007.83
282.551
-322.359
-446.391
1144.33
-546.723
-231.07
982.274
-435.323
-105.632
263.581
192.744
-1391.53
-20.7699
-295.648
-25.394
25.394
-343.574
-441.774
968.813
-638.096
1347.66
-432.77
-531.354
-1642.96
846.011
-350.842
-197.317
-1234.01
1223.35
-585.397
191.697
434.901
-930.39
-452.481
276.488
515.39
-300.142
-656.015
-487.277
-225.097
-177.369
402.466
-849.624
-174.971
-222.397
397.367
-219.784
-168.851
388.635
-96.0153
14.0673
881.076
-1539.45
353.394
-181.421
164.227
-1072.05
1086.57
-520.155
-677.038
-440.91
1117.95
978.113
-235.404
-169.957
405.362
-386.125
438.879
1378.82
1724.54
563.09
-1511.86
740.253
111.277
220.942
20.4057
-45.7997
448.022
-92.2069
821.195
-449.726
540.257
-723.374
-628.872
-78.1422
139.423
520.338
-51.4904
-483.356
-408.713
-681.049
-1630.56
801.148
-237.502
-169.445
406.947
-923.021
-534.637
1669.09
-1557.22
-880.223
974.041
-1003.02
1659.53
1089.26
-848.139
-918.371
132.233
-638.133
1734.65
907.555
948.838
708.974
-78.0028
912.333
-363.453
-297.716
-376.413
742.765
404.021
400.553
625.5
555.126
-349.801
764.071
342.25
1637
1419.62
-493.461
147.144
-162.75
-680.783
-22.0424
146.699
-918.632
386.841
-820.594
947.129
857.196
24.8269
-269.398
499.384
265.531
-604.306
815.108
225.356
168.643
170.929
1619.51
43.1167
875.819
-918.935
492.669
-320.995
179.488
-1143.95
495.668
21.8788
852.68
943.053
-196.145
-200.682
-390.892
-386.536
-508.62
-635.104
267.957
-729.889
480.289
-484.109
-357.585
58.9617
764.501
-473.458
909.111
-101.549
-480.139
595.386
921.214
372.441
-202.527
289.911
967.706
626.49
55.9465
327.112
279.054
-1266.51
78.1422
-915.458
591.842
323.616
1751.72
-448.055
-330.839
276.543
-417.49
623.927
116.043
349.244
1266.48
1572.94
-676.555
-652.47
759.928
-329.192
868.13
-538.938
-371.849
364.587
-444.721
854.215
388.779
610.533
-397.735
-1394.98
1081.08
-81.0172
1922.97
-708.451
215.546
551.389
-225.035
728.966
-332.604
257.831
-1142.07
430.412
-1406
1390.53
421.747
-243.093
-164.612
407.706
-813.394
-1684.94
-942.772
187.012
48.1141
-620.163
1059.34
1235.15
-688.092
-784.871
-681.04
575.437
516.869
555.635
-1249.97
969.803
-253.484
1220.14
-488.764
808.051
-1338.98
1137.12
-18.4563
43.2832
-616.587
1429.44
235.02
-651.001
-910.308
410.486
1237.99
224.289
215.681
37.0951
-979.068
703.574
-741.37
-259.003
317.766
785.657
715.715
1193.21
361.185
-687.137
-347.42
-334.391
-311.014
-740.671
-472.988
470.342
-403.776
-34.0505
87.5373
-6.72791
-776.23
323.301
-1354.98
307.4
530.247
661.167
-1191.41
-1132.51
-374.27
-384.131
-353.996
-1181.38
-1572.13
639.6
-327.965
-1143.83
-396.792
-399.082
773.711
416.227
-1115.22
-54.2961
356.701
304.127
282.128
612.959
-1061.07
318.231
-428.192
370.871
-234.251
-177.945
-213.312
-1552.69
469.16
-1559.19
-1509.47
-229.955
1125.5
32.6574
-477.287
1118.01
-633.401
-679.302
1151.71
845.219
386.506
-798.426
688.468
-265.878
-402.624
-432.318
-565.318
1075.61
400.068
-213.435
-186.633
-351.726
-818.819
-422.729
1241.55
1984.77
60.9518
381.396
170.432
-548.713
-324.461
277.571
292.758
-128.373
-164.385
-396.749
168.643
-392.767
452.192
-409.966
796.472
637.922
480.339
-443.244
-374.844
-103.501
-941.576
437.228
-241.527
-758.714
661.625
496.588
1187.08
1057.05
-1320.16
836.802
-562.692
-111.358
1601.88
-589.156
1141.33
-242.67
1710.26
-114.666
-232.341
378.303
739.412
432.569
-1419.59
-339.58
-1446.38
1365.71
-656.732
736.833
-1375.43
658.223
371.944
-449.118
-631.212
-566.94
516.424
-203.972
-965.247
-864.287
315.574
1141.42
1569.54
1042.38
238.243
513.964
46.1116
467.093
489.148
1001.9
577.936
-328.905
-307.759
1577.69
-180.047
667.949
-1405.96
746.691
467.423
-629.989
-117.93
-253.92
337.753
-615.58
1169.57
557.233
-318.996
321.013
452.188
-313.95
249.889
-454.404
-135.053
-928.054
128.495
-621.481
-513.775
432.659
-1049.54
147.002
1029.41
477.953
818.228
373.448
-249.621
-411.605
1392.68
-765.684
-500.831
8.24223
-750.501
1188.47
-1769.92
1192.57
-214.747
1374.48
328.418
-383.724
-123.922
358.428
-347.479
484.215
1572.39
-150.757
332.487
-540.945
1444.05
-1213.36
-1353.21
439.11
419.173
-1149.9
288.628
-391.248
380.844
-412.773
478.362
1099.33
-414.708
-582.416
1248.66
-1231.75
554.957
327.47
-1235.9
-1271.54
-280.068
58.278
-485.504
332.804
-780.481
315.464
-25.8438
-442.898
324.968
-407.46
249.024
-120.647
-933.15
-492.224
-353.201
1113.01
-402.766
-221.739
296.466
412.259
443.635
-555.257
283.528
1690.59
-1630.38
-84.7307
556.892
-35.9194
-741.28
170.189
58.763
-1107.47
-443.476
-923.108
296.571
955.529
-342.928
-996.056
-342.372
13.3559
211.927
-695.009
798.798
-712.57
496.461
-177.029
-240.402
417.431
-336.921
51.1776
-367.475
1012.54
830.351
-420.788
198.832
174.616
-676.679
244.167
273.535
-289.189
1030.48
252.562
-412.538
1153.27
-636.843
-85.6469
310.459
53.4457
-1733.33
373.069
1377.04
200.234
48.1203
-9.73343
-446.207
163.827
1529.64
185.397
-831.973
447.011
-1588.05
1543.93
238.603
-95.1599
-212.168
-121.559
1013.1
166.613
-301.091
346.103
-324.253
666.503
389.226
305.401
-470.21
-1016.22
202.121
-176.022
619.767
-349.088
681.576
341.037
327.826
-792.871
1233.42
49.7877
359.386
-484.011
797.56
318.121
745.785
365.123
112.246
-649.485
945.671
294.115
-457.18
294.315
263.686
-972.986
-347.178
19.9345
-160.211
1558.15
-309.608
1353.78
-182.456
349.069
345.286
-1180.47
422.61
-839.684
382.503
-345.028
-705.006
1052.62
676.455
-506.571
-777.537
256.653
406.238
78.1693
-339.071
-150.913
314.74
-581.055
-1025.48
563.572
165.742
-630.654
-186.996
-790.862
-462.073
-264.476
-885.423
-408.803
1221.85
397.735
1776.33
-644.124
-73.4207
424.084
-679.263
-177.057
-167.971
-256.241
-148.704
-1470.07
434.215
-152.137
-315.261
-462.987
778.561
347.218
562.173
618.439
-301.548
586.367
222.739
957.063
-821.99
1333.59
612.785
226.552
-178.432
-566.914
-31.0557
-449.083
-1058.14
45.6698
-379.902
-276.76
55.5432
-333.369
-812.915
239.04
-91.2524
75.3978
1153.54
-556.197
-136.078
811.234
293.307
-354.076
-1163.3
473.133
-237.37
294.88
836.048
364.316
36.3224
-443.741
-267.147
1497.67
501.617
253.229
-99.3723
1252.91
-220.633
-186.827
387.464
-874.673
-233.268
215.612
175.635
-362.268
1402.38
-498.374
-189.799
-145.648
69.144
11.2888
-119.038
107.749
-15.1998
15.9058
-0.706014
-292.121
172.465
119.656
316.805
-43.673
-273.132
-182.563
208.27
-25.7063
18.3644
121.876
-140.24
-3.36743
-6.32564
9.69307
6.94389
-5.41833
-1.52556
159.309
-148.02
22.3494
-204.913
158.694
-89.1409
-69.5535
364.129
-389.537
25.4077
15.0624
-9.84331
-5.21913
129.451
29.2439
-221.917
272.027
-50.1104
-27.9332
40.2064
-12.2732
448.996
-185.984
-263.011
-149.955
91.113
58.8424
-33.5475
94.7893
-61.2418
378.528
24.8816
-403.409
-479.818
445.345
34.4736
2.05014
-32.3447
30.2946
-12.1233
-0.373877
12.4971
-78.2028
96.5672
70.1592
270.769
-340.928
-189.476
-14.5168
203.993
289.178
-423.22
134.043
-32.0699
96.2491
-64.1792
1.43068
1.51091
-2.94159
38.208
64.742
-102.95
-0.554286
0.639274
-0.0849883
-0.554125
0.639167
-0.0850422
-0.554324
0.639235
-0.0849117
-0.549093
0.632615
-0.0835214
0.549117
-0.631525
0.0824076
-0.54911
0.632619
-0.0835095
-150.457
118.387
-22.924
155.99
-133.066
-23.2051
16.102
7.10309
182.454
266.542
-219.903
199.78
20.1224
2.70408
-1.2734
-10.6067
-0.560879
11.1675
26.4702
85.8137
-112.284
3.02511
3.91878
380.251
-310.092
74.5799
-294.856
220.276
69.7827
-75.7646
5.98196
77.2676
-101.435
24.1671
-2.05326
19.1923
-17.1391
166.494
-140.024
90.0155
28.2769
-118.292
-98.938
-77.0928
176.031
-7.61485
-7.58492
99.0316
-121.956
35.8595
44.0341
-79.8937
272.765
66.3131
-339.079
14.4114
-17.7788
17.3969
-16.4178
-0.979018
-14.1741
-9.03101
-58.8231
30.8899
-0.60139
0.487121
0.114269
73.7085
-3.92589
46.4534
-46.1598
-0.293634
2.23235
-109.337
107.104
368.047
10.4806
-0.554633
0.554633
-293.087
-4.36889
297.456
2.03055
-0.164673
-1.86588
-0.653364
-0.0686116
0.721976
-267.605
-114.785
382.39
-241.436
19.5195
315.281
1.52348
0.634211
0.0822263
-0.716437
0.639899
0.0774482
-0.717347
0.634716
0.0835972
-0.718313
0.634701
0.0836116
-0.718312
0.648158
0.0739442
-0.722102
0.639896
0.0774274
-0.717324
-11.248
0.641328
-2.17111
-9.95215
20.6789
82.9757
-103.655
0.590134
10.5722
-11.1624
-164.433
65.4952
130.429
-128.196
-26.0407
-150.394
176.434
-111.088
131.767
397.023
-107.846
7.01308
1.03236
-8.04544
-43.2987
-106.657
0.487159
-0.429273
-0.0578858
-458.497
318.303
140.194
-250.881
207.208
78.359
-71.9928
-6.36615
-230.481
305.061
-30.0671
356.448
-326.381
-178.283
218.796
-40.5133
-228.647
93.3344
135.313
-221.806
-70.3145
-0.612247
0.709735
-0.0974881
-0.659736
0.105451
0.616333
-0.0672151
-0.659725
0.105601
-0.659805
0.105481
-0.620309
0.0712158
-0.620327
0.071217
-19.2418
39.3082
-20.0664
-59.9022
149.918
-171.703
300.565
-128.862
187.368
-415.37
228.001
456.009
-172.611
-283.398
-2.08157
2.05093
0.0306411
28.0749
336.054
-96.804
114.974
-18.1704
45.918
54.6018
-100.52
18.7937
-1.63725
35.7968
-34.1596
-28.9661
-14.7811
43.7472
2.59435
329.582
-142.214
-24.9651
70.8832
8.35406
-9.04157
0.687513
-0.69326
0.0810136
147.762
-163.205
15.4428
-0.551722
-0.0496684
83.6732
-47.8136
0.370832
0.116327
1.09783
0.302846
-1.40067
7.29595
76.3772
-184.056
246.274
-62.2172
94.4353
-32.5581
-61.8771
11.5132
-3.1591
-195.521
373.118
-177.597
157.476
298.532
22.5121
23.9413
51.7494
-85.2969
-418.315
388.248
-275.135
159.59
115.545
106.767
-81.7181
-25.0488
-98.2691
-17.2842
115.553
-0.649312
0.649312
-19.2418
157.431
-234.524
-17.2032
71.8051
-1.32617
3.35672
-0.590263
0.668142
-0.0778789
-0.595492
0.673801
-0.0783092
-0.590258
0.668141
-0.0778834
-0.576321
0.658889
-0.0825683
-0.595315
0.673394
-0.0780795
-0.595291
0.67337
-0.0780786
-4.2349
17.0308
-349.571
332.54
-33.7597
-12.4001
173.377
-214.669
41.2916
-41.2092
43.2594
241.623
-267.663
-16.684
-16.4755
33.1595
0.165586
-23.9836
23.818
-209.737
-10.1657
206.564
133.42
-339.984
-1.29483
0.645514
298.151
-25.386
109.551
-305.072
-423.847
156.242
8.63057
7.27522
115.308
47.728
-163.036
74.0242
-370.899
296.874
69.825
-300.306
-399.299
64.5476
334.751
5.06478
-35.1765
150.484
-4.47181
18.8832
1.3122
-0.214377
55.7812
219.252
-275.033
9.84564
5.21679
-12.7098
-266.998
279.708
-0.576273
0.0216406
207.06
-373.318
166.258
-31.2513
-68.7584
-58.2144
-212.363
34.0804
0.578927
-0.657435
0.0785078
-265.47
-119.75
-0.433211
-1.64836
-35.3907
-77.5142
112.905
72.9867
-34.7787
-1.69632
43.7157
-42.0194
-62.2145
106.249
-18.1332
-15.9736
34.1068
-11.5719
0.165313
11.4066
-152.636
-270.584
94.3936
16.6322
-111.026
-315.554
-164.264
-94.1538
52.2695
41.8843
152.247
-4.48488
-283.944
112.241
-19.7734
156.286
-136.512
-369.567
183.582
-101.772
-7.31801
109.09
-90.8512
-9.6686
-28.5012
6.02941
22.4718
-211.39
167.457
43.9328
31.8439
-128.648
22.9206
-24.6169
-29.4231
24.9513
65.8158
14.633
-80.4487
-281.773
-34.5293
316.302
-146.143
109.806
36.337
64.6968
-32.0037
3.03765
-86.5714
-3.75533
90.3267
285.539
-215.714
-69.9515
21.3949
48.5565
147.304
-61.4906
-175.741
-193.826
10.6372
-96.9132
86.276
-124.562
-173.157
47.1807
125.976
-118.413
104.16
14.2534
9.24596
85.1893
-209.358
20.8179
188.54
-228.991
44.9344
-61.2256
71.8627
-6.53931
-21.9619
-0.258209
0.258209
-134.81
-29.6233
67.3804
-1.56464
-2.15301
-5.46184
31.3973
-37.9366
-203.711
256.269
-52.5585
42.5626
-11.4094
3.08836
8.32099
5.86927
33.2702
-39.1395
0.136524
155.853
64.7468
-328.499
263.752
-7.98259
-21.4405
8.09878
113.777
-1.81479
-116.598
32.8071
-40.7897
14.66
-106.322
-7.63705
113.959
199.906
-2.21122
-197.694
-1.07232
1.09935
-0.0270299
-15.8114
34.6438
-36.697
235.468
15.0843
-250.552
-0.756666
2.26758
-19.2418
1.0396
-1.25066
0.211066
-8.39382
-47.9268
56.3206
-111.376
78.8174
19.124
-21.2951
-3.8957
-12.1891
-222.468
234.657
43.6397
-43.4742
15.938
-12.278
-3.65997
255.481
-48.9173
-116.814
132.257
0.625021
0.174618
-0.799639
13.448
3.94883
72.3424
-61.7784
-10.5641
-0.661597
0.00186085
-0.66157
0.00184468
-0.713132
0.738777
-0.0256443
0.665537
-0.0492047
-0.705028
0.723429
-0.0184007
-0.71088
0.732151
-0.0212716
-0.661789
0.00198398
-0.666144
0.0458354
-0.712294
0.738615
-0.0263204
-0.666154
0.0458268
-0.705117
0.724082
-0.0189656
0.728807
-0.703133
-0.0256741
-0.711951
0.73863
-0.0266791
24.0414
47.5535
198.093
-245.646
0.164673
-0.22769
0.0630161
124.176
-0.567125
-123.609
13.2024
328.148
-254.124
156.066
-29.1412
-126.925
188.823
111.742
-22.1733
-182.606
204.779
-8.04212
-201.316
-56.9682
-37.1856
166.749
-0.25487
-24.1149
0.349616
85.0897
-16.5403
-15.4228
31.9631
337.823
107.995
-445.818
-88.8335
20.0751
-27.4508
9.31766
-15.0818
123.579
-108.497
228.913
-2.75806
26.5999
-23.8418
4.9581
21.525
-26.4831
-214.714
64.3201
45.8884
-5.68197
-25.9509
-63.3146
89.2655
-90.133
-0.718219
-260.835
158.87
101.965
212.761
-39.384
71.7757
-421.854
350.078
83.992
-349.462
26.6844
-7.5604
175.144
-158.512
-123.417
25.1478
0.252651
-0.252651
60.1388
-75.2206
214.329
21.1391
32.8816
209.093
-241.975
144.662
-164.435
79.8837
-2.61615
337.331
-272.584
0.471481
-10.3148
-0.0682394
-153.795
-74.8522
215.507
-227.696
-4.00896
-8.6802
12.6892
-2.00681
38.7883
-36.7815
-0.67744
-10.8945
-363.261
380.292
-14.9215
49.5652
-1.56372
2.68876
-1.12504
-0.143711
-18.1582
18.3019
-240.331
-16.2093
256.54
1.50712
7.19426
-8.70138
61.5756
383.769
-103.174
304.461
-201.287
220.67
-323.844
18.52
-17.0129
173.877
-175.691
-63.0136
411.986
-348.972
-62.3867
75.1017
-12.715
33.0027
-33.1464
23.9694
-22.044
-1.92535
2.67167
-0.800996
-1.87067
13.4063
32.482
0.858481
1.28149
-2.13997
-34.6421
-49.4176
84.0597
0.187599
-0.616872
-320.89
392.665
351.215
-91.6737
-259.541
-206.748
-251.75
-76.1244
-10.447
299.092
-15.3034
-283.788
-435.675
9.59282
-120.681
-87.8745
176.668
-88.7938
185.029
-210.59
25.5613
-6.08272
-280.075
286.157
26.9549
5.91228
-32.8671
19.287
-125.609
38.8386
-41.5966
-76.303
51.3378
-22.1509
-151.006
3.63454
29.4307
-33.0653
98.2252
-102.67
-0.576149
0.504171
0.0719775
-0.576243
0.503528
0.0727146
0.567838
-0.500072
-0.0677658
-0.576263
0.503549
0.0727133
-0.632584
0.474854
0.15773
-0.568673
0.502876
0.0657969
-0.568676
0.502875
0.0658015
-1.29151
10.411
-9.11946
-22.2046
22.7948
-43.0513
112.542
-69.491
-34.4831
26.0893
144.135
-161.419
9.11461
270.162
-279.277
-25.1769
8.49283
0.73858
-0.367748
63.5088
-54.7141
-8.79474
321.129
-384.142
-123.892
-214.462
338.354
120.895
149.604
6.46207
-16.6802
22.5494
282.053
-266.969
218.061
-33.0322
-18.5701
354.873
0.0965709
0.458062
-19.5488
-5.739
25.2878
135.662
-143.299
-6.19324
-10.2246
-6.88899
259.602
-252.713
-0.653364
428.183
-270.706
-127.972
66.3185
61.6538
114.567
-157.619
-164.288
16.2683
-0.330335
-21.4501
-124.866
146.316
0.20997
-1.98409
1.77412
-10.3981
3.88188
6.51617
0.634211
0.6399
0.639897
0.6347
0.648158
0.634716
7.13562
-147.664
129.267
18.3974
200.991
136.305
135.723
33.2143
-6.25945
-66.7785
32.1364
296.072
-263.19
341.144
-129.055
317.877
484.701
-357.869
-126.832
0.103803
-22.7717
-47.1798
23.0277
0.941723
140.283
-147.601
66.7219
-110.021
-80.6347
82.0634
-1.42871
313.677
-108.674
-205.004
342.064
6.85377
-348.918
-118.114
1.29943
-62.8822
47.9608
315.046
27.5008
68.7484
0.300914
-0.300914
216.108
-58.6773
-147.777
146.088
-36.2818
-132.725
132.158
-265.177
10.0307
255.146
-0.15815
-10.2399
50.7786
-7.0629
-61.9846
-14.3184
12.212
-136.019
123.807
48.7802
-15.51
304.832
-290.815
-14.0176
-229.357
-244.872
7.86441
237.007
19.6128
-259.944
-319.677
390.011
-70.3336
-267.52
0.522144
-62.8043
381.107
295.318
-247.764
-456.485
376.7
79.7851
-186.995
204.093
-17.0983
183.038
72.4433
-127.126
136.719
27.081
359.478
-386.559
111.835
-44.5124
-67.3228
-0.835629
-0.236688
1.03086
-2.59458
273.843
39.8348
-9.58572
29.6734
-20.0876
-24.4996
20.4906
1.52421
-1.31424
-1.80465
1.62866
0.175998
1.35396
1.3177
1.23678
-196.656
195.419
-118.055
0.606812
-0.119691
-1.93492
2.19519
-0.260271
26.3363
-4.84085
-21.4955
43.3848
-10.5777
-0.223769
342.288
132.864
-68.1219
40.1861
-8.78886
-111.842
-148.993
320.653
76.3701
71.727
-354.306
282.579
375.937
-380.306
86.144
-24.5147
-61.6294
273.977
-290.187
-20.858
-9.94285
30.8009
-7.96082
3.57038
4.39044
20.1803
-0.987959
-224.399
202.225
289.323
15.5094
-426.992
360.931
66.0614
12.3563
-28.2467
356.395
2.79752
-247.669
277.166
38.1153
-105.116
-145.997
251.113
-84.418
422.241
-262.904
41.746
-5.94911
1.31424
-0.664932
90.8725
-13.8975
-105.14
-101.672
15.0676
86.604
-14.7631
-0.00555867
0.300348
0.438232
119.601
154.242
1.73047
27.8888
-10.4562
-17.4326
0.623484
-0.855729
0.232245
11.4973
-0.925092
-171.214
-68.3274
123.546
-55.2188
-216.55
-96.0807
312.631
0.711996
-0.00226155
137.947
-38.915
203.941
-242.926
38.9843
-188.214
-268.272
-0.0636865
0.063943
0.0629731
0.0639414
0.0629257
0.0631252
380.162
-315.614
28.7717
-5.85104
431.209
-366.512
92.8765
-100.583
7.70643
36.275
228.928
-30.8349
-158.499
225.727
-224.49
4.29228
-278.529
243.999
431.379
-261.129
268.993
98.5887
-51.5395
-47.0492
0.576273
0.128571
-0.704844
21.6238
-23.6306
-56.8926
2.17846
132.49
-0.722622
-0.947033
-0.000112082
0.947145
226.371
-7.57443
33.025
-367.69
18.1197
-16.5395
-7.76853
24.308
-315.08
382.481
-67.4014
3.26939
-93.6778
47.973
295.748
-343.721
-0.765058
-406.516
16.9794
-181.973
-5.02233
271.831
1.21315
-0.354666
2.57072
7.93755
-10.5083
396.487
-369.406
-31.8137
11.01
20.8036
-15.8636
15.3572
0.506361
10.3647
-90.9994
-311.306
102.492
208.813
212.391
-0.512815
-0.513266
-0.51283
-0.502376
-0.511704
-0.511694
-33.8976
273.11
-239.212
-63.3965
-38.0382
-0.321473
0.496091
-2.30555
20.8256
-2.36814
255.381
-289.279
-12.8656
-23.6436
19.9258
3.71782
-49.5255
-7.36704
2.63545
-47.2172
30.7417
-98.5789
38.6091
59.9698
-8.89275
51.3367
-42.444
106.079
-89.0739
-17.0054
2.31121
0.392876
-47.3691
37.7834
-150.304
198.515
-48.211
-311.671
-3.40892
-0.598308
0.598308
0.623484
33.3484
8.39752
70.9028
-104.54
27.0259
-37.9798
33.139
-215.284
453.86
-385.096
-68.7641
9.57534
16.172
-21.3912
12.1206
-123.146
0.510316
-479.086
394.669
-18.6435
-231.658
250.302
-109.282
86.8538
22.4278
-329.57
205.678
25.8913
-31.2344
5.34309
-32.8745
236.816
64.7165
-51.3102
9.44915
25.4488
-34.8979
-36.9652
31.2261
-12.4378
17.3959
-50.4068
34.4332
-245.992
317.719
276.653
-340.097
63.4438
21.0193
6.86946
165.384
262.799
-37.0534
26.5972
-1.0051
1.53602
-0.530916
0.0615405
-70.1859
7.79911
-68.1955
-1.99034
-73.1763
395.016
-347.043
-94.7163
328.262
-74.6174
-73.0468
35.1579
-13.6329
-28.7593
-94.6575
-196.017
329.437
3.84726
5.22985
27.2234
-32.4533
-374.719
400.126
4.41932
24.0637
-28.483
-183.801
112.34
71.461
187.596
-28.7259
-0.560705
-0.100865
-0.560706
-0.100891
-0.55276
-0.109029
-0.565022
-0.146929
-0.565004
-0.14729
-0.565253
-0.147879
25.6212
-2.01987
-21.9686
339.317
-62.6647
-0.121546
-1.86254
-371.52
296.691
-187.14
-205.347
73.6112
-102.752
425.791
1.60028
0.594917
-1.27863
-14.5849
-7.96082
13.1447
186.636
4.15194
-72.3475
3.75356
-16.1913
1.73076
-1.99103
-3.63186
7.38542
281.631
-98.5932
-18.2381
84.96
-420.229
56.9673
-245.052
204.538
260.492
-0.890009
52.8894
-9.24963
-181.179
-130.126
24.413
-11.1603
-13.2527
8.01225
-13.0379
5.02565
0.831742
-13.1098
-1.91074
-65.3222
192.503
-127.181
-0.798266
5.86596
-5.06769
-0.577104
0.724337
-0.147233
-0.68287
-1.9117
-344.94
-21.5617
-113.248
-10.6088
191.79
-194.001
4.81885
1.72394
-6.54279
17.5917
80.5187
31.3165
78.0076
113.178
-309.195
179.909
-245.232
-1.57129
19.2773
-17.706
-179.521
-8.99268
188.513
19.462
-15.0427
-1.76177
-19.131
-5.40255
15.2482
-0.0395931
6.92339
-6.8838
214.886
-247.761
-119.944
25.2869
22.8216
-145.616
346.553
-200.937
39.6837
-6.33524
59.3198
-189.105
129.785
-41.5524
53.9176
-12.3652
315.382
35.8325
0.737755
-8.35109
28.2769
-0.0257715
31.077
195.294
15.7827
-200.843
185.06
-180.726
11.7754
168.951
199.502
9.59114
38.909
-13.4602
-69.2661
-29.3128
158.351
-180.502
23.895
40.8216
0.979968
30.876
-4.98465
369.613
14.2634
-383.877
98.3319
-57.5515
-40.7803
44.3991
-5.61087
7.16604
-8.076
0.909959
-12.4952
51.3338
-93.7584
-34.2139
1.88138
-0.281107
20.4916
11.4087
-31.9003
-1.81443
-143.838
145.653
-13.7304
25.0269
-11.2965
-36.507
-6.96712
-80.4544
69.3079
11.1465
-346.558
132.096
0.747542
-1.13392
0.386375
-8.80086
0.840045
7.6665
-89.3846
-4.91499
27.7098
28.9207
-2.32082
82.5936
-70.3816
38.9983
-5.99559
38.0305
-26.4962
-11.5343
145.945
6.30156
-77.6262
35.83
-6.39924
6.44751
35.2476
-8.02423
-42.1514
8.39173
210.835
-36.9581
-1.64817
1.82417
-15.1674
-11.3157
30.7759
-6.71228
112.278
-113.511
1.23289
-0.184711
1.91547
-1.34532
167.423
-22.7615
10.6065
-10.0084
-0.598097
-29.3047
-4.85493
-74.9094
-221.049
295.958
11.337
235.879
-194.588
217.617
-239.586
-0.328678
7.25416
-6.92549
-7.55684
185.364
-10.2197
-149.082
-15.3531
-45.4928
-17.3894
17.8626
-180.258
162.395
1.41535
67.7569
24.5389
8.62063
-51.5317
-92.5056
144.037
-0.0599088
10.4709
1.70561
-2.38848
-12.5666
66.2277
190.042
-147.309
-28.3824
37.1879
-62.2367
140.296
9.30867
-18.7976
-8.14477
26.9423
-36.048
-5.97138
-351.757
-46.9907
398.748
-27.4169
237.594
-210.177
-15.023
-9.39442
24.4175
124.821
-341.371
-20.2186
-5.50599
25.7246
-17.787
-8.53367
26.3207
-53.2587
5.33194
-31.2298
-5.55168
189.273
167.994
-266.921
1.74427
6.54215
-106.042
99.4997
-0.220656
-0.0319953
95.8314
-99.5867
82.14
60.6571
-142.797
-241.613
-131.705
-21.4276
-15.6258
-16.7727
0.233268
-75.0385
-1.53044
1.83189
-0.301457
-47.9769
262.863
3.17663
-27.3678
-5.77863
177.496
-161.714
6.7369
-7.9165
1.17961
-386.783
-0.00909444
-0.00928698
0.0102438
-0.00928138
-0.0275219
-0.00882754
-0.00881989
-146.699
-1.32174
-105.305
103.49
-32.9408
269.948
290.82
-35.4392
117.067
0.172641
-117.239
106.023
-45.2506
285.506
-15.3435
-30.915
-7.06483
76.7751
-0.348547
-0.507181
202.938
4.42721
-155.433
21.9063
-203.879
285.844
-3.791
4.11059
20.1143
-26.8721
-6.19317
0.108348
0.10613
0.10839
0.107436
0.107435
0.108548
-267.376
-21.9031
-254.503
-1.78535
256.288
-2.66741
9.83345
10.6324
-255.684
196.982
-346.32
149.338
-137.703
4.97757
32.0353
136.26
-0.597618
27.2348
-79.4028
52.168
-267.2
-12.0766
34.7551
-14.2635
-137.493
136.774
0.719195
-30.6684
-7.26819
186.937
-127.617
8.85605
-23.8791
-162.061
0.641682
92.3511
6.66928
68.4325
-0.573099
-0.0843367
-27.8025
-9.1626
-9.56356
-13.6603
-18.1533
-25.3607
-13.7788
-268.369
1.4007
-14.0325
47.4113
-40.8377
-6.57366
295.148
0.924409
0.737141
-33.403
-13.8142
-29.8858
-11.7109
-10.3775
13.4658
41.465
-8.32609
-205.573
-134.411
-28.0488
40.8087
-12.7599
-39.5397
-7.82943
23.1761
80.931
-104.107
64.6055
151.503
-22.9509
5.16386
56.2864
76.5775
8.45604
20.3156
336.395
-403.796
7.21711
-23.7336
4.93602
-4.57929
-19.5356
332.43
120.749
96.7733
-0.941979
-3.46768
-14.339
17.8067
-33.6234
20.0504
36.5825
-12.0436
102.515
74.1528
16.3291
32.9113
-49.2404
3.90384
-265.581
2.3902
292.997
2.32043
-151.663
4.06218
7.29174
-13.9474
15.6714
-59.6474
-3.54744
63.1949
-140.099
4.0803
-7.59431
15.6066
119.819
3.98781
145.109
-150.347
5.2386
-35.3629
-132.07
4.94346
137.759
-81.473
3.29013
133.429
-124.481
137.53
2.76569
18.1302
2.46412
-3.75894
-150.709
121.893
28.8165
7.61056
13.5851
24.1332
-37.7183
124.499
1.7536
-2.55459
-2.49006
-245.179
-9.24566
-6.94569
59.5936
320.699
214.569
123.548
6.88074
0.747542
7.38143
126.531
-131.773
5.24155
-6.10861
-15.7781
21.8867
-3.53885
-5.50272
0.448381
-0.577104
-1.13392
279.674
-5.69701
-0.64446
-0.644633
-0.644611
0.654211
-0.652512
-0.652516
-0.564372
-229.631
-78.532
144.85
73.0108
-81.9036
48.8557
49.733
6.98925
-277.889
282.951
-5.0618
125.036
214.142
-339.178
26.7783
6.2504
-15.5542
-2.0374
227.764
6.44597
-7.63389
1.18792
70.4844
83.8647
8.21861
51.6274
-59.846
0.152315
-13.0209
26.7876
-22.853
-3.93464
-36.8741
-13.5327
253.241
37.5796
-1.57086
-51.6879
319.456
-88.6123
-230.844
-381.097
371.995
9.10156
-2.51145
0.640783
3.46593
-44.9961
83.6153
-38.6192
-296.721
-47.0003
54.3303
6.57611
-8.80086
384.741
-431.732
-9.53963
10.0695
-0.52988
5.53856
118.041
-17.3299
92.5547
-101.349
8.42485
224.545
-342.65
118.105
59.0771
-104.073
-259.463
-1.66574
-3.10054
-14.9652
18.0657
-20.7151
32.0521
-17.8962
8.10397
9.79221
265.235
3.75802
-116.311
-182.638
298.949
10.9482
-7.48227
107.485
-196.279
-17.2942
261.953
-4.99361
-256.959
-227.903
284.764
-56.8613
-134.185
331.168
6.21429
-5.98
2.34814
5.00954
197.858
-326.913
26.7993
-95.1268
-1.32231
1.96782
-0.645513
27.9195
172.708
-200.628
-244.766
-201.052
108.469
-25.4937
219.41
-224.433
-0.663195
17.3116
31.4686
-298.252
-129.562
-184.614
314.176
400.722
-9.05058
-391.672
-391.443
425.917
-198.105
323.141
-151.302
-216.388
3.57038
208.661
-101.176
3.28593
0.126029
33.751
0.67412
-2.58486
143.548
2.76778
14.8682
-1.42019
-5.41258
-145.297
-57.2783
1.53665
4.32932
-9.26852
284.695
9.08815
-98.2291
10.876
3.99216
1.8112
146.635
-209.786
63.1513
-2.28499
225.006
-73.5036
-3.6608
-2.3192
-86.2872
8.08437
-346.541
392.026
-45.4851
410.521
-344.676
-65.8452
421.297
10.0822
-85.731
92.4311
-6.70013
-0.701483
-0.0981564
-118.181
22.7262
-34.0419
-15.1353
1.52421
-0.316351
-23.6672
0.547757
20.1763
-31.3366
12.7379
-379.982
190.017
-354.306
89.9716
-108.754
18.7828
0.654211
-0.644611
-0.652512
-0.652516
-0.564372
-0.644633
-0.64446
86.7244
-1.86588
-9.4602
8.13404
236.005
-315.037
79.0321
-39.3538
25.7209
-8.93741
201.318
-192.38
38.0422
-29.8236
323.174
75.5739
432.223
7.50198
35.8828
-204.877
0.489804
-2.40151
-238.19
0.00515011
-17.5154
2.93045
4.75745
1.30098
-50.1455
34.5913
-81.5791
15.2271
1.263
6.43424
-7.69724
0.275143
345.727
-121.182
6.01117
34.1749
-13.9316
133.948
18.303
-152.251
-44.2899
1.84595
219.507
10.9188
39.8599
-117.926
51.4702
66.4553
28.7509
-44.3767
112.211
91.8818
103.812
81.2503
-94.1159
373.348
-176.528
-27.3505
74.7061
-182.024
283.989
-314.416
-299.779
117.141
-341.12
398.087
403.385
-343.791
-128.507
-63.9554
59.654
-72.0192
7.73729
-74.004
362.469
-288.465
190.374
-186.74
-3.63406
-49.1428
6.56097
14.3302
-20.8912
96.7218
-124.994
28.2724
1.69667
135.376
153.947
-275.88
-413.822
339.818
-48.2653
34.4865
6.86945
-150.758
143.889
-67.0155
1.54306
400.01
-71.7486
7.24446
16.123
-23.3675
-48.3277
34.8675
-28.1959
118.168
86.2196
-25.879
-154.623
-49.9516
-67.9739
-52.1332
38.319
-95.8833
160.769
-26.8207
109.109
-16.5544
68.698
60.2042
5.6832
-7.0055
-108.405
-75.3958
-236.612
54.588
55.7304
-64.98
62.0262
325.186
-387.212
110.71
51.7722
-162.482
300.345
-64.3404
23.1533
19.4415
-79.0889
0.380259
-116.848
110.482
14.3788
-7.1343
1.96782
-22.9647
50.4655
-50.8875
38.1275
-67.4632
-35.4868
4.38065
185.994
-260.504
51.6705
208.833
-48.5984
37.0641
30.8842
-2.07538
-28.8088
60.7027
-0.0812612
-2.51647
2.59773
-99.5209
30.2548
133.696
184.181
-51.8919
40.181
1.61402
68.2594
87.8372
-156.097
142.304
18.465
-29.0896
55.7369
-62.704
310.379
-47.9207
38.7581
50.678
16.8086
-67.4867
-98.545
-51.4268
41.8632
-19.306
-25.8638
45.1699
15.4005
-81.7732
88.6426
-46.574
38.5498
-82.7358
86.0052
11.4736
-4.73671
53.458
-59.7933
40.0792
-47.144
-176.698
-81.0919
63.7024
-51.7429
43.4168
-166.083
-48.1227
40.8545
40.0856
-46.4848
-43.0849
36.3727
0.0360851
-0.357558
-8.439
14.6533
-59.4215
47.0214
177.191
95.801
-272.992
-55.8364
50.2255
48.4331
236.331
-44.6836
38.4905
-45.5923
39.8136
333.602
-135.744
48.5404
-54.0921
-35.6618
-8.62815
1.40978
45.9968
-40.0846
1.70549
-80.9217
63.2965
17.6252
355.733
-404.917
-107.212
46.6162
-52.5653
-9.44014
30.8842
21.6614
-292.245
-55.6147
49.6433
127.734
-48.4316
42.436
-16.5712
47.3129
-44.9673
39.9827
-28.4525
170.756
-53.5594
38.0495
367.359
-32.844
200.832
-167.988
100.23
81.8191
-192.718
110.899
-55.1206
35.8146
-46.2721
41.4172
-14.3786
292.279
97.7314
28.4844
-5.93495
-1.44295
0.309035
53.2859
-54.1293
37.5581
54.6441
19.0645
-97.3047
77.1832
20.1215
-99.3692
-87.0353
-49.7884
101.259
102.131
31.5713
-133.702
-1.25389
-54.9763
41.4436
-221.829
-102.229
-46.0056
-37.4506
83.4562
244.547
16.864
-4.04272
-12.8213
11.7755
-68.3587
81.5611
157.48
-154.714
-151.209
156.187
-234.91
123.067
-55.9593
43.464
90.2028
118.458
-30.2436
244.67
-25.2592
243.817
-150.779
158.071
-17.5864
226.75
-335.424
-150.829
122.633
-197.813
-26.6195
-101.651
94.9506
4.51012
-132.706
-83.8486
134.715
126.64
-202.785
76.1447
-53.5492
42.9715
-151.568
154.336
17.4645
100.703
169.656
398.783
-130.235
19.6292
-19.6292
328.449
-0.811082
0.443334
19.7508
60.5824
-79.9991
209.784
-50.0393
41.2505
403.932
-382.271
30.294
-166.566
136.272
-130.997
112.756
18.2411
185.261
-278.939
-148.359
153.601
-102.637
-124.987
227.624
5.56184
11.3022
-0.055056
65.9951
-33.0838
204.698
-213.635
-34.0082
-56.447
48.6176
3.15227
9.85777
-13.01
-177.402
162.049
28.8804
-170.423
141.543
-141.636
125.082
54.4067
1.44295
0.0965709
3.452
-1.48418
-0.148752
-0.562128
-0.147828
-0.5572
-0.210588
-0.455556
0.200164
0.465373
-0.21044
-0.455714
-0.145122
-0.559995
-0.103098
-0.448624
-0.142789
-0.560343
0.28892
0.435161
0.288321
0.435107
0.160526
0.578089
0.15774
0.581037
0.156075
0.576077
0.162184
0.576446
-57.1892
50.1263
159.94
-170.16
-15.2938
-162.318
160.996
321.252
-131.234
38.7196
84.8266
-277.532
272.539
27.1692
-185.647
158.478
-160.715
160.46
-194.163
171.401
-40.7017
14.8379
-144.89
151.771
-149.249
154.192
-145.712
150.951
168.324
-180.89
-48.6982
151.214
-146.704
114.755
230.973
-149.843
153.923
-147.929
151.22
157.184
-153.074
-130.636
-313.53
13.527
-6.96602
-59.5497
282.388
-170.646
-229.391
201.676
27.7152
-154.646
177.902
-23.2566
-197.462
170.642
-169.967
155.935
165.684
-170.169
155.949
-155.813
-237.721
158.153
-157.512
75.3007
-47.0238
176.584
-205.036
-163.18
159.284
157.982
-150.765
-138.944
20.7056
90.4754
-276.237
274.571
-156.124
156.843
153.767
-149.705
22.3443
148.412
-154.947
154.35
-448.971
341.125
-150.589
154.577
7.26538
-5.03632
-2.22906
9.48637
-3.0404
166.58
-198.624
32.0441
-214.956
32.1862
182.77
132.688
-147.245
-82.1461
-57.7191
203.368
12.4127
-0.35217
-2.15928
30.666
0.218209
-313.668
298.324
-17.2466
5.95011
-262.871
210.313
172.076
21.7468
-193.822
19.7409
9.17973
99.4572
134.929
-128.947
-0.628154
-289.52
290.444
-280.198
287.579
-34.1517
-0.392876
0.489447
296.688
-308.765
116.306
210.84
244.185
-455.025
129.991
366.213
280.601
-284.392
3.5326
-214.97
-45.5339
-326.399
304.496
287.389
-284.999
-118.402
345.152
-14.3843
255.388
-241.004
0.649288
-230.007
-31.8844
340.749
-308.864
-5.18691
6.48789
-326.797
291.358
-278.513
279.914
-277.638
281.397
-286.132
292.709
30.666
-44.1042
-283.398
283.92
-38.3725
-44.426
-9.95845
17.6957
192.39
-24.9313
-130.502
-12.4704
-88.8608
4.96873
83.8921
-288.374
289.898
-282.009
284.329
-195.716
-67.1553
-34.3947
3.452
-202.396
174.013
-29.4111
23.3024
437.429
-64.0811
-310.672
305.61
71.7489
-296.038
290.341
-85.2741
199.841
-379.84
332.483
47.3571
36.7565
-249.728
212.972
-295.183
282.162
-270.959
45.3418
225.617
-181.146
-19.6963
3.05834
-0.715532
8.65309
159.273
-152.811
-81.9438
338.134
-107.162
-28.8088
-135.811
393.294
-222.525
324.613
-356.498
293.495
-116.304
-257.933
-1.08765
1.68167
0.953787
-274.544
216.825
141.009
157.273
-134.523
180.598
96.5308
79.3354
-175.866
-92.955
-261.843
354.798
50.5119
290.237
16.3435
-107.286
-24.0329
131.319
40.3378
272.81
-273.7
37.035
-12.9018
197.374
195.92
88.3927
28.3043
-120.81
15.622
35.7118
-10.3664
0.414246
-18.9087
-310.199
329.108
-18.9372
-39.6552
330.53
-165.146
219.527
-72.672
-186.943
-23.7732
23.7732
271.442
-363.116
347.588
-49.0557
-230.13
-124.176
68.4413
69.3181
202.649
-90.3089
-289.407
-57.1508
-163.85
-89.8392
-381.185
286.468
-211.206
174.248
-242.759
204.386
30.9063
171.184
-358.127
13.4426
-9.03901
-4.40363
38.7238
166.753
-56.0437
-23.247
-80.8601
-1.34224
312.678
-311.336
-116.845
-369.041
419.553
-81.9297
-219.601
174.35
212.98
-86.3394
-64.2316
65.7345
-91.8859
372.448
-128.263
-230.016
171.339
-100.995
78.2233
4.66474
-18.6641
13.9994
11.718
-72.9436
-202.421
7.26538
344.548
-221.765
0.564763
-16.6277
-205.739
0.742349
1.10519
-1.84754
-50.6653
334.211
-383.267
-99.7482
-77.2625
-302.986
178.424
322.02
-202.407
-13.8656
-21.3946
35.2693
-86.1576
106.351
-67.6311
320.191
-365.133
-17.3589
333.982
-376.876
0.750407
1.30052
-24.8302
-16.8591
294.321
-57.9898
-17.2657
-33.5689
86.6425
-53.0736
177.182
195.266
15.4121
-19.0729
-225.164
223.439
-104.98
-358.213
1.3943
-0.181156
219.733
10.3479
-18.6558
-19.6654
-11.6712
216.731
180.637
-59.0548
-32.6085
-51.9403
277.557
-15.6182
-100.479
161.136
18.4114
87.9393
19.0988
-19.0988
-15.8103
-96.8836
9.30189
0.531565
-63.1208
231.58
264.722
-196.573
413.304
-14.1652
-14.8278
-15.1091
15.1091
10.8828
-8.96471
-1.91808
259.118
51.7239
-310.842
-16.8488
-36.2229
-4.61477
-2.09505
12.0581
-9.02044
63.3652
205.893
10.8828
-183.62
291.066
-31.9485
3.20925
-68.8837
158.122
-89.2381
-43.3586
256.33
9.64749
-2.5444
-12.2089
-12.6687
-11.3062
-6.20918
-211.225
417.118
-37.6431
181.532
-15.7783
-21.1789
-2.24556
-34.4298
242.381
-13.4199
-136.444
149.864
-0.786479
194.137
-115.938
228.805
-202.027
4.40535
-0.0760369
-83.1083
-165.81
-130.777
296.587
-11.6859
-10.6912
-21.4379
-9.57296
-328.237
53.2309
275.006
-5.03632
-262.951
302.136
-39.1844
-8.93827
9.64391
-0.70564
242.665
-335.62
-35.018
201.598
108.927
-323.897
178.24
-0.834597
9.46106
-8.62646
12.0677
-42.2208
-270.897
256.513
21.7142
269.352
-368.469
223.647
-325.569
101.922
-8.91
-16.2889
351.895
-55.2032
-16.1478
34.6413
-18.4935
-11.6637
-16.351
19.5033
-97.9009
-236.397
334.297
-7.05847
-8.31098
197.924
21.6031
-261.851
-1.10029
-9.18478
-12.4369
12.1205
10.898
-7.99433
83.1232
51.5916
-275.217
-69.3702
344.587
234.198
-23.8155
-75.7712
3.57076
-329.468
51.0537
278.414
12.0581
-24.7969
4.0818
-137.006
-316.328
284.379
-259.854
0.159032
259.695
-6.16592
-297.215
240.354
46.6434
259.83
-306.474
223.457
-282.512
122.843
247.355
-305.345
-13.0302
9.76289
-25.9107
-21.1789
-9.24316
6.27016
33.3606
-46.0756
-7.80885
-115.097
-108.873
10.4173
-8.96471
5.40786
-7.43919
29.9512
-22.512
-8.61798
35.1074
221.223
-13.0975
18.6845
-5.58694
-23.3183
-293.358
316.676
6.34739
188.591
113.545
78.0247
-314.421
-89.8008
131.553
-5.38916
-11.6561
6.50317
4.55913
-103.612
179.757
-0.95109
0.875053
211.377
-275.609
0.533206
-7.09366
6.56046
-4.72209
99.8272
283.107
-48.9083
-18.8565
-220.355
-356.778
249.617
-242.479
289.122
5.97639
67.5184
-62.3663
309.722
282.524
-3.69825
-12.6686
-13.177
244.215
-340.296
-8.90126
40.6281
-1.58432
-5.10745
274.379
-282.933
264.024
-85.5723
-136.202
271.579
-6.28944
-7.54589
-59.8069
248.398
249.938
25.6951
-11.6957
318.363
-58.5325
-111.973
353.411
23.5599
-17.9981
145.007
-64.546
-36.037
-73.758
233.031
-0.0532665
-64.9911
34.2713
-11.1482
-283.562
-81.8313
365.393
186.501
258.479
258.466
-320.832
-61.0252
-268.443
-3.11351
-256.741
-0.710506
236.837
-358.019
4.49709
-105.837
4.35221
201.132
-268.287
-179.555
65.8545
3.78623
-71.135
324.32
329.936
-0.915716
-5.62707
-0.644072
0.49532
-0.651395
0.503566
-0.791888
0.5813
-0.486332
-0.49532
-0.503566
-0.647936
0.502814
-0.791735
0.581295
-0.502814
-0.48741
-0.78716
0.684062
-0.586996
-0.64997
0.507181
-0.487787
189.421
-262.093
24.359
-20.3668
76.6489
-0.382742
256.411
-330.169
-3.06723
-239.624
166.121
2.3804
173.951
-251.213
56.343
253.379
6.32357
-352.888
20.1652
5.5299
6.26252
6.05837
-340.887
298.724
4.51602
245.114
-373.621
-249.815
-56.6584
200.254
-28.1782
1.10851
-314.566
14.5512
300.015
-28.2722
283.05
-368.623
20.8293
-33.5235
6.95442
26.5691
63.5234
-2.00119
-220.802
4.02094
10.3578
-2.21258
11.5092
66.0442
3.25723
29.1654
-25.2165
2.65621
-15.9089
184.585
-162.009
3.33352
4.33437
294.196
-8.65729
-74.4769
-72.0595
-3.24022
7.26115
233.427
-369.238
-20.8293
1.30363
7.93505
2.16957
3.00223
182.396
116.553
164.077
16.4202
149.167
-306.325
231.848
-78.866
4.87192
162.508
-244.654
209.384
-345.128
22.9455
-312.464
316.961
-88.1422
-1.69933
21.9065
-38.9118
-145.466
-225.18
205.483
115.408
-281.218
-5.28494
-352.538
-70.0132
-20.2605
-3.53027
88.7055
-268.505
179.8
0.987188
-119.941
-232.701
146.362
73.7276
34.7419
-265.831
316.885
-1.85825
311.868
-58.489
4.48331
1.96419
5.07976
-13.8759
-20.3309
-13.2632
-1.77437
-16.9203
-0.668365
1.35178
4.54138
5.57088
-2.13071
-0.669845
9.02044
117.375
-17.4619
-71.3645
86.7766
-2.18352
-4.9414
296.468
-312.288
15.8205
-32.1136
-301.568
-12.998
-1.83619
-249.183
11.9309
-16.4743
-4.31227
-2.97685
7.28911
0.149244
52.2844
-345.642
4.12643
-4.12643
-15.2061
98.5115
-299.798
-240.721
135.741
378.515
11.6778
3.9936
-28.1635
-112.905
202.06
-336.583
-10.8852
-6.41613
99.3623
-4.47827
-237.422
300.996
-63.5736
255.209
124.415
-225.591
68.2803
-61.6111
-285.146
239.612
83.7197
77.4164
-22.6105
10.4624
13.2632
37.9152
-272.43
234.514
72.6651
17.6617
-30.9945
152.183
254.764
-9.44398
-0.0162215
16.9203
268.202
-130.533
-27.9129
-288.415
242.808
-307.799
124.406
-224.154
-101.148
340.249
-73.7069
-22.3011
-269.133
-154.534
-2.9173
2.9173
208.295
-233.555
-39.6292
330.987
-51.3875
-98.2922
-32.2467
55.1323
26.3591
-81.4914
89.8361
7.8847
-69.7124
23.7067
4.18252
-71.198
-99.2174
118.633
-221.303
11.9531
2.75214
-2.75214
56.4782
30.1642
17.5347
-19.7637
198.74
-329.974
101.185
-85.4578
3.87876
-31.7416
4.43582
-56.1237
3.10051
-3.10051
204.963
-335.74
2.31795
-2.31795
-159.853
9.21473
-0.637615
0.659255
57.5982
-19.5487
19.5592
34.9581
-54.5172
121.028
-298.625
-2.72298
2.72298
-0.94383
10.8016
96.3034
-2.57323
2.57323
190.46
-306.764
103.105
50.7982
-3.4428
3.4428
1.38562
295.082
346.573
-294.289
-12.8756
7.41374
-297.97
2.72281
-2.72281
3.10926
-3.10926
-2.79501
2.79501
2.97132
-2.97132
-0.66234
-3.11889
3.11889
-2.64334
2.64334
-2.88096
2.88096
76.0907
-29.0694
-100.693
-0.957469
56.5254
-18.9673
10.9483
-93.6842
194.98
-319.156
-7.8709
-205.764
246.748
-366.601
-3.00546
3.00546
2.51961
-2.51961
56.8773
-21.0627
252.882
-15.6167
-288.171
303.788
-2.99703
2.99703
48.3779
77.729
60.1435
23.1377
-83.2812
-37.1926
-239.763
213.144
8.79856
-143.068
97.5247
-41.0465
2.49782
-2.49782
59.0262
-17.5826
108.609
-207.827
3.01508
-3.01508
19.8481
-2.71203
3.24524
-2.32238
2.32238
3.05545
-3.05545
2.94004
131.655
26.4224
-158.077
2.43099
-2.43099
4.17554
-45.3533
-8.11972
-4.75585
-55.954
-3.0046
3.0046
96.8809
-2.94469
2.94469
-29.9728
85.1051
-3.82592
3.82592
0.404001
6.98142
3.57512
-43.6597
-3.65474
3.65474
-55.6656
-3.1826
3.1826
-68.2857
-2.94872
2.94872
-5.41752
-247.295
59.2199
-15.7558
0.213336
-1.30099
359.421
-8.09273
-221.914
-14.161
15.8814
-1.72033
89.1935
-178.432
-3.42933
3.42933
-16.7604
2.82812
-2.82812
-3.46945
3.46945
0.772307
-6.27502
-42.865
24.3715
25.4404
-7.90569
-3.4746
3.4746
-7.15082
0.825182
-23.9837
84.1272
134.388
-200.866
182.009
308.135
-23.7561
32.6067
-22.1443
-0.224231
0.224231
-1.17757
-0.684976
-169.994
-303.725
328.607
2.7375
-2.7375
16.3415
16.2652
-2.66187
2.66187
-33.4128
50.2214
-63.808
115.4
-91.2414
19.8769
54.838
48.9743
-329.49
301.577
-264.995
-8.70534
-2.72087
2.72087
-275.861
-21.0669
44.0124
63.6514
-20.6799
141.028
-1.05409
-113.29
1.41487
111.875
-31.5068
-193.657
24.5217
-261.533
237.011
3.28065
-3.28065
-0.7123
0.7123
-19.9643
289.316
3.61579
-3.61579
151.733
-60.004
85.3067
-25.3027
-11.7608
-2.39092
14.1517
-3.61057
3.61057
5.78118
-4.44231
4.44231
-144.809
240.61
-71.7272
31.4911
40.236
-4.11198
4.11198
-137.843
40.3383
-297.12
256.781
-5.08913
5.08913
62.8643
254.021
270.412
-13.8995
-16.8843
104.363
-26.1397
-2.68483
2.68483
-19.9534
-309.536
-244.808
23.5029
50.8938
-9.6433
-5.0573
5.0573
-301.42
-32.8172
51.4825
266.88
0.812449
-0.812449
84.2456
-332.242
23.741
3.48019
-3.48019
-3.59518
-215.242
-132.644
5.7191
-0.496091
29.7964
316.777
240.242
-95.2348
-3.73247
3.73247
-7.08779
4.23379
-4.23379
-155.262
2.45076
258.063
-50.8543
-25.0349
-272.935
-117.402
-26.5235
11.8185
0.781808
-0.781808
-1.52914
10.831
27.0188
-283.76
-325.34
9.36624
-9.36624
-134.994
-319.342
0.395359
-0.395359
99.5606
-157.775
-49.6382
-66.2998
0.443334
-35.5742
13.0622
0.559463
-0.559463
57.9061
-9.28851
-295.544
-20.4106
-0.497923
0.497923
-80.623
26.8102
21.9065
25.7246
-25.7246
-101.015
-365.933
1.0379
10.2643
-5.23622
-8.0006
0.649806
-0.649806
161.193
101.739
-262.932
173.938
-32.8844
96.5869
-134.033
107.893
-128.695
-24.7858
-42.3174
67.1032
-283.483
278.76
-19.8473
155.405
318.073
86.3292
-2.84258
1.31702
-23.0146
70.9753
-252.728
-44.3912
-2.54066
2.54066
-4.93187
4.93187
-85.4456
-77.0362
1.94794
0.428608
-2.37655
-0.983436
1.24637
-0.262929
-81.2753
-11.2362
63.5057
184.788
111.799
149.543
-1.59031
-147.952
-96.8145
-80.6571
325.204
0.535238
-0.535238
-158.441
-66.7622
55.0571
-4.93078
-2.93521
5.40236
-2.46715
332.708
-88.8909
40.7391
275.417
318.848
-114.247
39.5184
-9.54137
0.603103
-269.101
266.033
-41.3185
-72.7038
56.8935
9.64548
40.9072
107.611
-139.857
-79.3698
296.819
-217.449
-121.976
-2.4043
144.193
-139.634
59.2708
-205.268
6.02637
-213.714
265.438
214.594
-231.478
-166.2
172.703
21.7466
-81.7506
39.6421
-30.8435
209.041
-344.035
-336.782
294.596
-27.6896
303.202
-285.323
43.4823
-126.08
44.861
-5.2084
0.520388
-0.520388
70.9237
49.4459
-74.2761
167.99
-1.92216
-166.068
-229.785
217.083
-11.5994
-84.2131
50.2218
-66
-5.59675
5.59675
-27.8628
39.816
-131.229
-0.978867
150.205
-18.5498
31.7044
48.0203
-2.66021
71.6532
-73.9041
2.25091
47.011
-5.60784
2.37939
3.22845
-91.5581
-129.745
0.581295
-0.586996
0.684063
-0.48741
-0.487787
0.5813
0.539032
-0.539032
0.53913
-0.53913
-0.486332
0.539009
-0.539009
-56.341
37.6852
-58.0843
46.3984
-299.596
297.383
2.16215
3.28574
-4.55191
0.280704
-0.280704
11.3185
52.9602
120.139
-28.0188
-151.536
196.378
-322.624
200.647
1.05103
-115.298
-199.168
205.43
-22.6397
-72.0175
62.8327
7.30054
-7.68328
-59.2246
289.627
49.3255
-68.8742
271.578
-285.454
-9.12257
-52.2297
-0.623569
52.8532
-53.1541
-20.7657
73.9198
-13.3583
136.797
-227.106
-171.552
177.875
-56.2126
-20.7607
76.9733
41.9838
-93.7275
211.102
67.552
-24.2386
73.5641
-275.782
-57.8314
49.8371
4.95668
-329.354
-11.9525
-42.5647
-70.7367
238.536
-135.084
-2.5495
-21.4706
-45.2189
31.3533
23.4847
72.8972
-63.3615
93.0174
-29.6559
-48.219
-268.286
62.2384
-75.2687
-21.3312
54.3561
-171.534
174.868
174.128
-171.959
-60.8664
-20.6037
81.4702
0.460133
-0.460133
-0.0428739
-71.9684
-67.6494
46.5867
-392.746
103.339
-166.248
174.183
13.642
8.86376
-19.4312
23.4248
-7.8441
30.5273
50.0973
0.386288
-233.037
14.7663
-168.075
166.484
276.832
0.149578
-3.99813
-301.522
1.64553
-1.8146
0.169065
-0.157981
-52.5486
0.580454
2.77948
-0.0701146
2.21984
1.1072
234.985
-300.355
299.685
0.147114
-1.4481
-140.406
-0.327979
-209.177
-157.424
-59.4697
302.962
20.1575
5.09114
-2.41325
-2.67789
-0.62706
-0.00109447
0.00109227
-0.617964
-19.8473
110.106
60.3935
63.3652
-70.9111
-99.5459
305.224
92.7183
147.524
1.7045
187.119
271.827
-218.596
-259.147
271.078
72.9575
37.6903
-182.313
181.645
-16.3435
-162.987
169.257
-191.832
189.974
11.9775
25.7562
37.6079
-63.364
70.5358
-86.8246
-5.53297
6.88234
-1.66555
49.9496
5.5407
1.34164
2.87628
-222.865
17.6717
-373.104
-196.465
-81.5009
277.966
1.76843
-83.0437
-252.051
352.229
-100.178
0.733067
-3.45047
3.45047
-0.255256
-0.728181
-75.0541
-117.66
-0.514603
0.643174
-0.573608
-230.479
-352.246
-12.8093
279.206
-215.318
-81.0356
296.354
-0.881233
0.405162
-0.405162
0.171187
97.7569
-40.1924
166.123
-181.329
124.806
257.584
182.568
-116.834
14.3937
288.856
-32.0748
-270.371
266.673
4.00067
11.2475
11.191
-252.195
27.7207
-300.655
-15.5637
0.252847
-0.252847
-1.4673
-323.417
34.7213
5.58295
-40.3042
-25.3201
-41.4584
2.1143
268.931
-277.637
-176.223
2.11027
-0.716576
0.169819
-11.0643
-256.039
-102.438
73.5723
24.5066
0.0756313
-0.279877
0.279877
-0.0590043
154.636
-186.75
-260.72
161.174
4.60879
-4.60879
-152.083
245.834
42.5151
-61.5881
226.096
-345.846
39.7177
-72.8014
-264.75
180.963
-175.555
-40.1355
0.408067
-37.9231
-164.484
46.8703
-64.136
-57.1571
306.774
47.599
-64.4478
56.1876
1.04037
0.00521558
-72.9241
46.8588
-89.1762
-283.477
281.476
-0.977153
-191.427
154.234
-1.72442
-134.719
-49.9788
8.70728
47.5239
-62.3516
-71.7096
62.4211
-0.291235
0.100149
237.17
-19.0951
27.8752
55.581
-108.513
61.4634
279.257
0.61959
104.2
48.4061
-61.0748
250.624
-297.624
-0.966634
-51.582
2.6407
-19.9745
68.3524
247.358
342.06
-332.958
175.683
-171.331
-1.05885
102.816
-365.283
227.44
-276.891
-23.7644
-0.252276
197.605
-225.852
339.677
60.3892
10.0436
-70.4328
372.733
-55.956
165.34
-162.889
167.359
-166.25
-165.369
-56.5079
35.441
8.38908
-193.393
15.5995
235.94
-251.54
35.1936
-87.3811
52.1876
46.1134
-54.4244
-2.68473
-40.9749
230.193
-167.07
8.18103
2.62057
25.8334
-82.4946
56.6611
-7.35218
78.5092
2.34814
192.573
-93.211
-2.42742
-308.966
-166.554
167.857
-289.826
294.161
0.164105
6.96417
30.1948
218.594
3.14011
-3.14011
-29.6521
-3.21505
-83.3628
-7.87855
-0.132002
-0.0898008
0.834802
-0.745001
-169.659
174.531
216.76
74.4372
40.9624
-0.69808
49.6442
196.773
-325.468
-46.2507
15.4071
-11.0402
15.3325
-9.47115
315.609
5.79064
-4.09397
-133.319
139.295
320.17
-0.695201
0.546599
-0.369877
-0.176722
34.4322
-61.8373
53.2193
-19.1646
-3.44583
59.2427
-17.4439
13.329
234.58
-96.5434
1.91127
-18.7501
-147.262
-22.0697
-14.7181
2.68985
-6.81627
-0.114568
1.3543
34.0977
-2.41325
56.4881
-11.4013
20.7675
-304.75
302.619
-23.3969
-23.5406
325.741
336.045
-18.4762
-23.4842
20.6077
-78.1592
117.891
-2.46715
-141.475
145.991
231.407
-17.4906
-0.169742
-2.74756
34.6145
-0.51681
67.1075
56.4291
-9.67823
50.1672
156.629
14.0638
62.9095
-0.881739
-49.4585
1.88715
-6.29835
2.37939
-32.5433
-47.9054
-0.664886
-0.0148494
137.878
-134.876
0.967292
-32.3274
-0.860808
67.2851
-60.9377
-2.3192
-10.3202
71.6832
-93.1211
157.019
-16.2548
-14.4067
-1.91719
2.16215
-127.565
-26.9696
34.8186
27.0178
-39.6114
2.1143
16.1475
69.0418
1.23619
13.1011
-14.3373
25.0764
18.6708
186.241
-241.907
52.0517
148.202
0.619797
-129.318
-7.52192
-267.709
1.23873
-2.5495
-8.73709
21.0934
2.74756
0.435039
26.3866
40.6269
-20.065
-20.5618
-30.7547
-12.4406
-60.6466
30.0662
-32.3368
-31.9303
-0.406563
-34.2911
-29.073
17.1426
-0.414935
1.83029
1.60925
-77.3382
-128.267
-1.52115
1.93241
-1.78036
196.903
-14.8148
-1.09415
-3.41093
-6.82898
-51.8436
-178.505
1.80911
-15.2357
-178.587
-1.80911
-98.3356
-0.0602547
175.232
-2.74909
1.83548
30.6541
-22.3797
-0.933837
0.933837
-1.83548
3.61309
260.562
3.1543
-69.9165
-386.793
60.4125
-11.74
58.6929
0.216783
-0.765945
0.549163
-222.124
-181.286
-0.449137
0.449137
43.4723
-26.798
5.80673
-169.256
-111.962
-0.35098
0.35098
-17.8039
-271.339
240.344
-17.0624
0.186972
-0.186972
0.245209
-0.245209
0.164017
-0.164017
-0.261786
0.261786
-0.224663
0.224663
-0.264175
0.264175
-0.268767
0.268767
-0.246996
0.246996
-0.230651
0.230651
0.242402
-0.242402
0.272403
-0.272403
-0.224655
0.224655
-0.263512
0.263512
-0.244634
0.244634
-0.270498
0.270498
0.265906
-0.265906
0.246082
-0.246082
0.251497
-0.251497
-0.250919
0.250919
0.231745
-0.231745
0.245685
-0.245685
-0.236313
0.236313
0.24563
-0.24563
0.242092
-0.242092
-0.186359
0.186359
0.27264
-0.27264
-0.164093
0.164093
0.24511
-0.24511
0.242094
-0.242094
-0.161294
0.161294
-0.282741
0.282741
0.182991
-0.182991
0.250046
-0.250046
-0.250915
0.250915
0.270483
-0.270483
0.271498
-0.271498
-0.27336
0.27336
0.164012
-0.164012
0.164063
-0.164063
-0.272363
0.272363
-0.220656
-0.173858
0.173858
-0.186978
0.186978
-0.251228
0.251228
-0.164064
0.164064
0.236113
-0.236113
-0.273167
0.273167
0.165053
-0.165053
-0.271182
0.271182
0.239802
-0.239802
-0.251229
0.251229
0.241946
-0.241946
0.273345
-0.273345
0.188302
-0.188302
-0.185253
0.185253
0.275143
-0.271499
0.271499
0.241941
-0.241941
0.188371
-0.188371
-0.246724
0.246724
0.247621
-0.247621
0.188254
-0.188254
-0.219563
0.219563
-0.290186
0.290186
56.1119
12.3205
0.533493
89.3255
51.0698
38.5348
-14.7494
-1.1916
1.1018
0.518155
-11.1585
10.6403
-17.3133
289.464
-17.8859
319.308
-284.49
-13.766
22.5854
90.3196
-41.8226
13.6003
-1.79576
8.61607
-226.678
181.324
120.156
-2.74909
-4.83379
10.7662
72.3398
45.665
51.3956
-318.193
98.3698
179.596
-9.44523
9.37512
1.77725
14.4734
171.52
-1.77725
-0.658111
55.3148
-51.3272
-79.8894
108.823
-1.54564
1.60581
-109.095
-1.60581
20.4135
-19.1773
1.79576
0.744896
18.9922
6.69251
19.6941
-335.159
1.24937
1.54564
-0.0549718
95.8243
1.83913
14.1415
129.664
0.000827237
264.491
3.71563
0.0168383
-3.71563
56.0518
-6.21473
-1.42803
-13.3868
-0.0360848
-0.191605
56.4821
203.213
-0.501031
2.68425
276.758
2.5129
-11.7687
-1.99734
-2.5129
191.115
-1.47263
1.41237
-226.211
-116.702
0.0637328
172.261
-36.2339
-201.488
-230.949
-167.84
256.639
-301.03
59.7987
-170.036
168.2
6.36078
52.3271
-336.817
25.3863
-3.91327
302.713
166.409
-56.0646
1.9693
-28.6111
-55.3034
35.4934
1.05731
-244.781
53.346
-22.9804
51.5965
55.4867
-0.441599
0.160894
88.5208
48.9933
-135.723
17.7428
-10.7694
100.606
-73.3968
-64.0004
-6.82491
53.2233
-21.9281
-33.7185
73.3694
250.097
-70.5015
-151.444
74.4077
-0.18339
73.9895
-66.4515
-24.0686
-0.422629
0.0527522
-169.614
231.496
152.011
-169.341
284.357
-38.0807
171.489
0.167904
-0.167904
-1.68077
4.2717
0.313306
-0.313306
68.5364
-19.1296
63.0444
-139.781
-0.186645
50.0057
-302.921
10.1541
3.48785
-0.244123
-48.5394
-0.484701
9.38673
65.648
1.03418
-1.27087
173.248
-8.25473
39.6081
12.0359
-6.98696
-162.337
-285.306
263.005
31.4848
-115.289
85.1375
-10.4931
1.31082
0.471216
-1.78204
46.6127
143.361
-41.2191
6.84154
14.0241
-14.7221
84.8747
-153.066
-220.038
-0.686014
1.3056
-12.1154
-5.12071
-361.591
272.701
32.8234
262.259
46.5614
224.516
59.9932
6.90235
54.3608
-361.784
204.36
34.1719
26.2216
-56.532
6.55322
-1.17082
-1.9693
-0.36084
0.669131
-0.308291
-0.584108
171.008
-33.5737
48.9808
-81.8154
63.3392
60.4602
-1.83913
317.33
50.748
-3.77987
-127.479
267.654
32.3604
-12.5548
12.0865
138.135
-243.408
4.67735
65.527
-39.3054
21.2306
-15.5045
1.43159
14.0729
-0.122281
276.043
-52.2379
-0.186645
20.0069
-249.549
-72.0799
266.558
12.1374
-1.30915
0.0972218
6.65622
-6.9842
-82.2792
-25.1582
-64.6786
2.91997
1.35173
24.4108
-14.0498
-200.06
-1.42371
-8.76038
-6.30857
202.218
14.1031
325.687
-7.661
14.3535
0.475866
2.13349
-70.616
2.52454
-181.111
-133.731
83.6724
0.0582457
-0.992083
-7.13066
-12.3984
-9.39195
290.743
-233.712
0.828304
-3.65857
-6.66575
81.6182
62.9878
-7.73948
-0.391538
-62.9231
-44.4961
143.311
-114.73
83.9757
-173.222
130.896
50.5559
-2.37279
82.1685
-255.159
0.0205531
0.0204487
-0.0180934
-0.0161026
-0.0189095
-0.0188773
0.00546069
-0.0167502
-248.19
49.7444
-0.751085
127.231
-145.781
-0.7077
-6.71866
23.2589
144.941
-53.7037
-12.7478
-1.62545
-0.892174
0.335668
51.2744
-178.455
0.644684
188.495
0.405315
23.0088
22.7254
-0.358107
15.9944
-34.3788
-37.7012
316.718
-23.5034
282.999
-57.0306
41.9532
0.0110202
-0.38572
141.178
0.997437
-28.5297
301.23
-261.418
258.991
-8.98587
14.6253
296.575
-6.02909
-14.5628
-7.32879
-0.37517
233.832
-77.1699
51.8672
4.56312
-0.982588
-0.441127
3.10065
11.0082
113.747
5.63708
0.769731
-0.568261
-7.25316
-6.48343
-0.573087
-17.7576
1.38916
6.24843
-2.25316
46.0542
-82.0912
42.7328
-11.7953
30.2239
-0.130028
)
;

boundaryField
{
    frontAndBack
    {
        type            empty;
        value           nonuniform 0();
    }
    bottom
    {
        type            calculated;
        value           uniform 0;
    }
    inlet
    {
        type            calculated;
        value           uniform -2000;
    }
    top
    {
        type            calculated;
        value           uniform 0;
    }
    outlet
    {
        type            calculated;
        value           nonuniform List<scalar> 
14
(
2065.88
2068.3
1982.2
2063.48
2069.46
2059.75
2070.55
2070.57
2071.01
2070.83
1194.84
2070.72
2071.64
2070.76
)
;
    }
    car
    {
        type            calculated;
        value           uniform 0;
    }
}


// ************************************************************************* //
