/*--------------------------------*- C++ -*----------------------------------*\
  =========                 |
  \\      /  F ield         | OpenFOAM: The Open Source CFD Toolbox
   \\    /   O peration     | Website:  https://openfoam.org
    \\  /    A nd           | Version:  7
     \\/     M anipulation  |
\*---------------------------------------------------------------------------*/
FoamFile
{
    version     2.0;
    format      ascii;
    class       volScalarField;
    location    "10";
    object      p;
}
// * * * * * * * * * * * * * * * * * * * * * * * * * * * * * * * * * * * * * //

dimensions      [0 2 -2 0 0 0 0];

internalField   nonuniform List<scalar> 
7807
(
0.556025
0.0483611
0.738683
0.507007
-0.00306322
-0.000133873
0.735392
-0.0191395
-0.000420894
0.232464
-0.000126332
0.00853513
-0.0286618
0.123103
0.240483
-0.0358172
0.568741
-0.0377133
0.00478036
-0.152403
0.169307
0.00559938
0.0924819
0.409069
-0.0491021
0.567749
-0.00281745
0.1493
0.350301
0.0100673
-0.0508547
1.05119
0.0914631
-0.00173454
-0.000377981
0.193768
0.0112366
0.71509
-0.0157327
-0.00120838
-0.014211
-0.0347998
-0.134602
0.0402432
-0.000724106
-0.000295755
0.00553423
-0.0159457
-0.000245096
-0.147091
0.0127281
0.141957
-0.0621869
0.00158364
0.192662
-0.0170101
0.00521962
-0.019232
-0.0789278
-0.00181855
0.000143538
0.0162891
0.123332
0.00939918
-0.00351544
-0.0494602
-0.000343656
1.57038e-05
0.288784
-0.0148222
-0.000271552
-0.128429
-0.0473764
-0.0816852
-0.0363365
-0.113554
0.729009
0.165182
0.186049
-0.1492
-0.0274814
0.663177
0.233916
-0.0845607
-0.00513092
-0.00818294
-0.0204844
-0.0602361
-0.0023415
-0.0160399
0.358294
0.0517473
-0.000482736
0.00480285
-0.01277
-0.0833604
-0.122428
0.00870861
-0.00567243
-0.00420523
-0.142103
0.201059
-0.0121385
-7.21944e-05
0.0727123
0.373031
0.919713
-0.0180469
-2.4712e-06
0.0902541
0.484183
-0.0704816
-5.38489e-06
0.0959319
0.371977
0.00165898
-0.058598
0.30764
-0.0898785
-0.0830254
-0.14793
0.637775
-0.123702
0.0365239
-0.14425
-0.00346238
-0.0451831
0.00779463
-0.00370416
-0.0503337
-0.00760048
0.182616
-0.00217007
-0.00276337
-0.0876499
0.470442
0.764334
-6.22889e-05
0.0281606
-0.186854
-0.0773355
-0.101968
-0.113905
-0.0780825
0.929842
-0.0287987
0.353936
-0.0752801
-0.107933
0.63582
0.185144
0.0574637
-0.00526512
0.259919
0.232292
0.674432
-0.128956
-0.0285544
0.880466
-0.000221794
0.00265425
0.421644
-6.81508e-05
-0.00719257
-0.0144149
0.508298
0.509784
0.907275
-0.00826572
-0.0110808
1.76184e-05
-0.154035
0.00163794
0.0613005
0.0305053
-0.106185
0.102229
0.366444
-0.000478323
-0.00178857
0.517018
-0.000220821
-0.00040695
0.740052
0.0408011
-0.0666873
-0.0840686
-0.0762931
-0.0373574
-0.182859
-7.44918e-05
-0.117753
0.379881
-0.0122457
0.00026209
0.434081
-0.0045488
-0.0472117
-0.0380768
2.04703e-05
0.00348335
0.47855
0.42411
0.674439
-0.0488129
-0.0583604
-0.10388
0.161639
0.470064
-0.000775731
0.000126465
0.880764
-0.0307378
-0.00226779
-0.112157
-0.0473037
0.625448
0.634813
-0.110905
1.00162
-0.00421512
-0.0373204
-0.145899
0.19677
-0.165139
0.508102
0.881317
0.000228075
0.0381766
0.324322
-0.0149318
0.302669
-0.00198698
0.964052
0.66145
-0.0204035
0.0108931
-0.00112197
0.384238
-0.000346568
-0.0219766
-0.173714
-0.000271196
-0.00488394
-0.00157456
0.361406
-6.84465e-05
-0.0166745
-0.144297
1.04879
0.166781
0.935871
-0.000165515
-0.0447214
-0.000694336
0.69862
0.0157236
0.767387
0.00617777
0.00298272
0.0364824
0.167895
0.00223418
-0.000844163
0.00199075
-0.0156893
-0.0607486
-0.0001546
-0.124553
-0.0137196
-0.0005279
-0.00236625
0.73783
-0.0285365
-0.00287295
0.994242
-0.0054041
0.525887
-0.000773922
0.00724448
2.85141e-05
-0.0818041
0.189203
0.120569
-0.0791402
-0.00152798
-0.136045
-0.0562498
-0.000671583
0.00193225
-0.00800973
-0.0274207
0.0114034
-0.00453218
-0.0807671
-0.0487805
-0.0798703
0.0599029
-0.101259
0.663435
0.682806
-0.00563783
0.0878662
-2.75459e-05
-0.00856653
-0.0846622
0.399423
0.258018
0.000363591
-0.00783801
-0.0984487
0.367443
-0.00374111
0.0139285
0.0047706
0.207409
-0.0319851
0.647461
-0.00605311
0.0529444
-0.000429021
0.0162334
-0.000197155
-0.0598773
-0.00129422
0.0221265
0.0586354
-0.0971226
0.0120998
0.0341137
-0.0027762
0.082119
-0.0241491
0.220491
0.363459
-0.127521
0.0228219
-0.0581114
0.0200084
-0.168616
0.92623
0.0261103
0.115357
0.982859
-0.00582944
-0.00658982
0.0377465
-0.00401226
-0.0217272
0.0245495
-0.0104996
-0.00781252
0.342145
-0.000253913
0.00214345
0.000294472
-0.0128435
-0.0255885
-3.2917e-05
-0.00417006
-0.0755519
0.876931
0.0153411
-0.0302636
0.830435
0.570342
0.191135
0.105332
-0.156388
0.0192455
0.494099
-0.0405977
0.578005
-0.0450043
-0.126975
0.425015
0.583406
-0.118465
0.24541
0.50762
0.542527
0.159191
-0.0115318
-0.0159239
-0.000334064
0.0213205
-0.0414925
0.00394166
-0.000405569
-0.00606607
-0.138461
0.260454
-0.0608507
-0.00830491
-0.0143258
0.0443416
-0.0262025
0.00739333
0.466195
-0.00711055
-8.34077e-05
-0.000205809
0.00018295
-0.0735103
0.333215
-0.0150855
0.104713
-0.170031
0.702804
0.0131203
0.0259894
-0.019305
0.71698
-0.00402463
0.643729
0.360353
-0.000442575
-0.0509458
-0.0124631
-0.0961069
0.00220527
0.203961
0.0152489
0.0241937
-0.0032411
0.339965
0.370764
-0.0778017
-0.0749484
-0.00847398
-0.0448746
0.249285
1.03531
-0.0271043
0.0180421
-3.5155e-06
-0.0477835
-0.00856798
0.0752452
-0.14756
0.0646808
0.743085
0.346871
-0.0821043
0.451816
0.70385
0.100411
0.00480338
0.518418
-0.00335572
-0.000695173
-0.0624022
0.000329105
-0.117963
0.00187417
-0.0750136
0.00747509
0.438712
-0.00673526
-9.11842e-05
-0.141389
0.00673591
0.151311
-0.136577
-0.181516
0.1663
0.326272
0.272532
0.279075
-0.000778607
0.249108
0.235382
-0.00199721
-0.0586242
0.00235726
0.0260895
-0.00179611
0.0182979
-0.00294507
0.369732
-7.45325e-05
0.000761083
0.00763281
-0.0758378
0.0785426
-0.0717027
-0.0899552
-0.0590527
-0.165186
0.0413499
0.506076
0.0796244
-0.0246257
0.974319
-0.118914
-0.0269233
-0.0886963
-0.0195524
-0.0715088
-0.0367546
0.106698
0.0178558
-9.82272e-05
0.0935154
-0.000365972
0.6617
0.3046
-0.0180337
-0.0497376
-0.000715083
0.664873
0.618117
0.220798
0.4038
-0.124378
0.785803
-0.000237062
0.0882748
-0.0635484
0.374108
0.90964
0.227794
0.331183
-0.00555982
-0.000775874
0.373349
0.017147
0.691422
0.151383
0.449507
-0.0258703
0.714082
0.594451
-0.032787
-0.027755
0.333576
-0.185971
-0.000318202
-0.0458208
-0.177369
-0.121532
0.0419808
0.0350548
-0.000469674
0.624007
-0.00291533
-0.00039168
-0.0396425
-0.00185528
-0.000848436
0.0142329
0.464613
-0.128513
0.857824
0.000235525
0.462496
-0.0346436
-0.000283869
6.84559e-05
0.346647
0.446123
-0.0149192
0.407768
9.70352e-05
0.427401
-0.127602
-0.0342531
0.732259
-0.107854
0.386355
-0.0850174
0.426289
0.444183
-0.0565244
-0.0715744
-0.0209597
-0.0104335
-0.00076095
-0.00351304
0.553009
-0.000102757
0.410056
-0.114551
0.613301
0.392211
-0.181853
0.837644
-0.00588569
0.0259812
-0.0413776
-0.0684758
-0.0234479
-0.0429313
0.123863
0.955674
0.000161707
-0.00695127
-0.0729739
2.30038e-05
0.672109
0.00686009
2.2253e-05
0.000733481
0.00143487
-0.0575945
0.0728277
-0.00559905
-0.000326092
-0.0248185
0.0109834
-0.168368
-0.167232
0.0791056
-8.19587e-05
-0.157245
-0.0447212
0.338433
0.601923
0.0045072
0.339293
0.000575217
-0.0429302
0.212079
-0.0234482
0.496398
-0.0438584
0.0977159
0.219644
0.344153
0.0184985
-0.0351243
0.409123
-0.143605
0.71048
-0.0315407
0.547213
-0.0314564
-0.00420098
0.31669
0.0132686
0.215515
0.00711896
1.95021e-05
-0.177248
0.455652
0.00545286
0.326153
-0.0415992
-0.16706
0.0440051
-0.0742827
-0.00602527
-0.0298084
-0.136072
-0.0914711
-0.0331152
-0.000543891
0.742069
0.326107
0.104723
-0.000725292
0.589009
1.5423e-05
-0.000665913
0.337708
0.0107753
0.414547
0.14765
0.0626658
0.00461857
-0.144141
0.156311
0.00485768
-0.132807
-6.88391e-05
0.014644
0.480052
-0.0538123
-0.0100503
-0.0116688
-0.00705654
-0.00147584
0.975942
-0.0333511
-0.00200751
-2.14753e-05
0.296719
-0.0932843
-0.0011853
-0.00992304
0.340119
0.229163
-0.117557
5.40964e-06
0.367242
-0.0521435
0.420008
0.0582269
0.0710485
-0.0964914
-0.000347177
0.214542
0.215801
0.199395
-0.0991961
0.549642
0.0220782
0.404417
-0.00766117
-0.0410472
-0.00142707
-0.00209887
-0.000386369
0.352246
0.52283
-0.0053235
0.069789
-0.0572119
-0.0715738
-0.087746
-0.00670275
0.0817912
0.946604
0.166334
-0.000196035
0.223637
-0.0127665
0.823318
-0.0413947
-0.0344397
0.00505048
-0.0398244
-0.0200001
-0.0264231
-0.01058
0.00588735
0.110978
0.000388
-0.081246
0.103896
0.653164
-0.112773
0.421171
0.00749777
-0.0268202
-0.0306638
0.421054
-0.024883
0.00038975
-0.0506692
-0.0181075
0.0862794
-0.0870287
-0.0745106
0.068239
-0.0487198
-0.00513513
-0.126862
2.02614e-05
0.141521
-0.111845
0.379934
-0.0125785
0.213438
-0.114342
0.611381
0.0397451
-0.0996773
-0.0269128
0.86466
-0.0702826
-0.0433493
-0.154678
-0.0474199
-0.127569
-0.0609838
0.391665
-0.00998323
0.482792
0.0314019
-0.00140589
-0.00427892
0.199314
1.05508
0.00429698
-0.0328558
0.354925
8.19734e-05
-0.0683678
0.0958441
0.0600627
0.0318157
-0.00575582
-0.0814415
-0.0101729
0.000106226
-0.102247
0.508041
0.0205224
-0.055097
0.00687824
0.35535
-0.00136757
-0.00448459
-0.00130511
-0.0027606
0.219562
0.0266011
0.0139382
-0.059051
0.000164525
-0.120913
0.0422015
-0.138526
-0.0416294
0.0529315
-0.000770797
-0.0417098
-0.141103
0.186119
0.616313
-0.00445274
-0.158914
-0.016964
0.0442403
0.35903
0.00158821
-0.000568019
0.35001
0.155052
0.0556381
-0.0106849
-0.00752051
-0.127978
-0.000641269
0.010939
-0.0444771
0.541218
0.511066
-0.0179044
-0.105578
0.0261133
0.0216362
0.126065
-0.119705
-0.0167647
-1.80054e-06
0.105474
-0.0809393
-0.132512
0.0255829
-0.127942
-0.00145181
-0.0107614
0.394121
-0.0923897
-1.50336e-05
-0.0101595
-0.0471602
-0.000604346
-0.0223005
-0.000181181
0.0161327
-0.162705
-0.0239455
-7.77156e-05
0.000110919
0.261596
-0.0797429
0.668514
0.52909
0.0880605
-0.00207856
-0.0226591
0.000789974
-0.0281182
-0.110067
0.132555
-0.0534642
0.523535
0.0342531
0.000984167
0.0258639
-0.111946
0.00708804
-0.0281453
-0.136115
0.0135765
0.0580293
0.158585
0.0348931
-0.072469
-0.0438931
0.368028
-0.0341296
-1.20057e-06
-0.121938
-0.153593
-0.0402502
0.0174808
0.00273066
0.0354034
-0.152436
0.0854311
-0.0880972
0.323859
-0.0456343
0.0233264
0.0514986
0.0561294
-0.0895125
-0.0490739
-0.00037383
0.293736
0.398189
0.020694
0.46129
-0.102575
0.114607
-0.0779086
0.385489
0.21838
0.940467
1.53958e-05
0.236112
0.356236
0.038378
-0.00410584
-0.0463762
0.0850276
0.000153954
-0.0460709
-0.0933177
-0.0508308
-0.0557669
0.000464315
-0.00196346
-0.00103143
-0.00245525
0.444452
0.0191696
0.266252
0.0553407
0.392045
0.0338361
-0.00109662
-0.0726651
0.0236424
0.64086
0.00351646
-0.100072
-0.000619156
-0.00152532
0.0228802
-0.0510822
-8.79456e-05
-0.0275899
0.0780152
-0.00537509
0.000110376
-0.000129836
0.300781
0.0215047
0.0189552
-0.00307096
0.0239936
0.0405901
0.0241906
-0.000805835
0.637708
-0.0500441
0.415772
0.56838
-0.00058662
0.247856
0.258611
-0.00212445
-0.000739391
-0.00118101
0.0742719
0.0530176
-0.0159911
-0.0379348
-0.133386
0.337374
-0.101336
3.50855e-05
-0.0487452
-0.0443049
-0.0899497
-0.0115634
0.0165714
0.00341993
0.0717831
-0.00141819
-0.000640703
-0.0431821
-0.0115163
-0.0624507
-4.32741e-05
-0.0373143
0.0864317
0.0311784
-0.000384968
-0.0220107
-0.0296964
-0.0232207
-0.0138756
0.0354098
-0.0239916
-0.000288802
-0.00109348
0.0622558
-0.0308926
-0.0131726
0.0229877
0.0102256
-0.182962
-0.0280072
0.307658
-0.0317923
-0.124557
-0.0566066
-0.0567788
-0.0392296
-0.0100152
0.00611099
-0.00939183
-0.0350434
-0.0405809
0.387556
0.320691
0.137152
0.599645
-0.000198447
-0.00837575
-0.0413881
-0.0206067
0.249983
-0.050876
0.141407
-0.0108754
0.423008
-0.00513944
-0.00429965
0.0605045
-0.0308689
-0.00059877
-0.0463186
-0.0156355
-0.0524492
-5.47962e-05
-0.0175588
0.00535717
-0.0439097
0.10008
0.0860696
0.0478054
-0.0352494
-0.0786708
0.23853
-0.00337356
-0.00523411
-0.00562921
0.824067
-0.000241016
0.182141
-0.0534651
-0.051259
-0.0665462
-0.0930896
-0.072091
-0.0855158
-0.0453849
-0.0122106
-0.000265102
-0.0113277
-0.0544147
0.213204
0.0045305
0.365902
-0.0822055
-0.0332797
-0.00246667
-0.0720652
-0.000279494
0.294218
-0.0754095
-0.0654683
-0.0595856
-0.00980472
-0.0794831
-0.00452
-0.10162
0.21512
-0.0647061
-0.138472
-0.00389889
-0.0676985
-0.0462273
0.0389256
-0.00857532
0.283059
-0.00639884
-0.0480611
-0.00179113
0.31333
-0.0973825
-0.0663627
-0.00861154
-0.0247357
-0.00729034
0.396777
0.0743469
0.446042
-0.0123399
-0.00217401
-0.00335851
-0.00614315
0.405141
-0.148335
-0.0179798
0.000903581
-0.0158246
-0.0093653
-0.00237498
-0.024615
-0.0393785
0.131033
-0.0131393
0.0160232
0.807661
-0.15289
-0.0725972
-0.142483
9.40105e-05
0.167373
-0.00940184
-0.0675599
-0.0148232
-0.0892152
0.0122243
-0.00141584
-0.00769187
0.00859126
0.378505
-0.0154754
-0.00473375
-0.0123113
-0.124267
-0.0219335
-0.0559751
0.0118352
-0.0229716
-0.0236086
-0.00869031
0.388522
-0.115104
0.00851705
-0.0111668
-0.0693653
-0.03638
-0.123808
-0.00370619
0.199578
0.0588461
-0.0206832
-0.00456623
-0.0351538
0.846982
0.381037
-0.0294897
-0.00153927
-0.00631306
0.0243535
-0.0105319
0.0533334
-0.00109845
-0.0315513
-0.00525058
-0.0438326
0.0360296
-0.00279913
-0.0255793
-0.00360311
0.566957
-0.016899
-0.0305213
0.0491246
-0.00512591
-0.0754117
0.243389
0.759383
-0.0280466
-0.0296521
-0.00561408
-0.00122829
4.85295e-06
-1.07113e-05
-0.0264616
-0.0017546
0.285394
-0.00177871
-0.00481627
0.0218204
-0.00068502
-0.110638
-0.109654
0.0434155
0.0941467
0.0645508
0.212023
-0.0535022
0.19608
0.154321
0.203605
0.250071
-0.03373
-0.00230676
-0.0146936
-0.122813
-0.00930142
-0.0388901
0.17962
0.606975
-0.0961436
-0.00128494
-7.84237e-05
-0.00389287
-5.57311e-07
0.0263986
-0.00146735
-0.0116067
-0.119091
0.00144409
0.00706128
-0.000578024
0.174979
-0.0399943
-0.016835
-0.00317388
0.572614
0.544902
-0.0262088
-0.0978763
-0.0702881
-0.0615954
-0.0372511
-0.00494686
-0.139054
-0.0567892
-0.102068
0.0249916
-0.000132229
0.385431
-0.0143778
-0.0252712
-0.0501244
0.0479343
-0.00140853
-0.0218935
-0.00361979
0.0379716
-0.00394964
0.366622
0.00093231
0.0258903
-0.00109773
-0.0329946
0.023064
-0.00198618
0.0471452
0.00109309
0.151676
0.263588
0.00665994
-0.00382636
-0.000332885
-0.00151634
-0.00134113
-0.150878
0.254411
0.128042
-0.00071212
0.0263721
-0.00121182
0.423529
-0.147391
0.485274
-0.106778
-0.00119749
-0.000759053
-0.0191321
-0.014829
-0.00166749
-4.88358e-05
0.0641259
0.0722609
-0.00062544
-0.000879283
-0.05038
-5.90159e-05
0.327754
-0.00248687
-0.13002
-0.0485551
-0.0167134
-0.136243
-0.148353
0.299155
-0.0200015
-0.0516966
-0.000841939
-0.139614
-0.0526483
0.108341
0.287574
0.621551
-0.00310749
-0.146174
0.0389646
0.566946
0.0957631
-0.00031721
-0.0158147
-0.0107066
-0.0130161
-0.118768
0.212106
0.000476157
0.060338
0.00821322
0.198005
-0.00138396
-0.000323609
-0.0370632
0.52717
-0.134436
0.32211
-0.00323971
-0.000532956
-6.54403e-06
-0.109169
-0.10356
-0.000902418
0.252483
0.0286642
-0.0140058
0.702613
-0.00103741
-0.00967174
-0.143183
-0.0254819
-0.00600721
0.271608
-0.0884122
-0.000440341
0.0397079
-0.00046421
-0.000267139
0.297338
0.0180769
-0.00119886
-0.127597
-0.0620499
-0.00917965
-0.0307558
0.00629375
-0.0576905
0.00443568
-0.00917852
-0.157957
-0.0939479
0.064508
-0.00239189
0.320812
0.392535
-0.0969426
0.0265772
0.0483992
-0.0112499
0.324685
0.249818
-0.0706364
-0.000428555
0.0266508
-0.136613
0.0404197
-0.0684099
-0.00551006
0.12412
-0.0689177
-0.000364029
-0.00019437
-0.0361012
-0.0588663
-0.0654126
0.0257743
0.0924459
-0.108079
-0.00040493
-0.00362651
-0.000552845
-0.0755366
-6.2444e-05
-0.00508084
-0.0724956
-0.140911
0.300243
-0.00781032
0.0109157
-0.0530308
-0.0639862
-0.000340369
-0.114657
0.301148
0.309627
6.22553e-05
-0.000295948
0.314687
-0.0065772
-0.141283
-0.100097
0.00880724
0.00127246
-0.17047
0.00902061
0.321453
-0.139931
-0.00388057
-0.0196794
-0.122757
-0.00151468
-0.000636646
-0.0024008
0.045866
-0.126178
0.333601
-0.000555234
0.839405
0.0825873
0.000304778
-0.00252258
0.000657479
0.00075364
-3.74959e-05
0.000358994
-0.130821
-0.00189518
0.00113223
-0.000523581
0.281712
-0.0149407
-0.000509883
-0.000117438
0.646939
-0.0539607
0.0150157
0.00304274
-0.00188012
0.152557
-0.000259046
-0.0283662
-0.0764877
0.00572152
-0.0159951
-0.00025562
-0.000539282
-0.0755751
-0.101587
0.0187102
-0.087599
-0.0533415
-7.38486e-05
0.0529255
0.0786225
0.227032
-0.00452377
-0.000413189
-0.13723
-0.0159086
-0.00130983
-0.121442
-0.000362893
0.111257
-0.000235546
-0.00335246
0.134682
-0.00534862
-0.143849
0.77969
-0.00425034
0.000720699
-0.12662
-0.108919
0.0242792
0.01224
-0.000399284
-0.0778978
-0.000222607
0.374262
1.00068
0.226045
0.0079397
0.00943798
-4.883e-05
-0.068637
-0.000151495
-0.0154828
-0.00444075
0.000968333
-0.00878037
-0.0234614
-0.000325099
0.00228229
-0.0187063
-0.000824278
-0.0242825
-0.0414591
0.00140742
-0.00292529
0.903915
-0.00180004
0.00639481
0.000635105
0.0351703
-0.122789
0.0249358
-0.000464129
-0.000263939
0.00703278
-0.000288955
-7.64445e-05
-0.0282191
0.00181754
-6.34534e-05
-0.125111
-0.00566703
-0.139518
-0.00429524
-0.000179478
-0.008157
-0.00720365
-0.0371151
-0.0486044
0.0060476
0.00136197
-0.00121872
-0.00517138
-0.000208413
0.509905
0.00407908
-5.16937e-05
0.00154007
-0.00525228
-0.000930721
-0.157318
-0.134937
-0.00034305
-0.0181331
3.53575e-05
-0.00651236
-0.000193517
0.085066
-0.000368327
-0.000491889
-0.00875228
-6.11966e-05
0.0343856
-0.000588329
-0.00330781
0.0471326
3.19914e-05
0.661166
-0.131117
-0.102498
-6.5908e-05
-5.50487e-05
0.00505424
-0.00310209
-0.120826
-4.41837e-05
-5.7867e-06
0.00194946
-7.94179e-06
0.00098785
0.00117023
-0.00119818
0.00205501
-0.129813
0.803328
-0.0732704
0.609115
0.0232654
-0.0403382
-4.83489e-05
-0.00229338
-0.0311932
0.000373413
0.000740378
0.000443393
0.195462
-0.00341749
-0.000569154
0.815945
-0.00140132
0.00153671
0.00131257
-1.23777e-05
0.207985
-0.00560395
0.00296412
0.000323188
-0.0013524
-0.000179609
-0.00233638
-0.107632
-0.00108806
-0.00396856
-4.21303e-06
0.000388679
-0.000671141
0.367493
-0.00115255
-0.000707856
-0.172036
0.00977031
-0.000221361
-0.00348206
-0.000160309
0.340156
-0.179008
-0.000764906
-0.00101004
-0.00462859
-0.000406271
0.139649
0.256871
0.132732
0.0013318
-1.77631e-05
-2.76075e-06
0.153674
0.000661496
-0.15096
-0.0469178
-0.0395895
0.127082
0.903635
0.00512875
0.404066
-0.0365804
-0.0722918
0.345168
-0.000927593
-0.161603
-3.28001e-05
-0.0230083
-0.122579
0.000143265
-0.108589
-0.00246807
0.00404408
-0.0132313
-0.106913
-0.10513
-0.00757835
-0.14511
-0.110376
-0.00048717
-0.0310025
-0.000133243
-0.0935103
-7.267e-05
-0.000484164
0.0680191
0.329441
-1.63368e-07
-0.111961
0.00930129
0.000198327
-0.0505835
1.53227e-05
-0.0350346
-0.000675054
-0.0962774
0.000327913
-0.000226735
-0.00516895
-0.000124205
0.32243
-0.0757588
0.218063
-7.80273e-05
0.00163656
-0.0814116
2.0604e-06
-0.140808
-0.164356
-0.138506
0.847262
-0.0165928
-4.55174e-05
0.0655148
-0.10377
-0.00627339
-6.29658e-05
-0.000222539
-0.117694
0.000330349
0.00228527
-1.39676e-06
0.000414247
-0.0704234
0.325018
-0.0804433
0.230178
-0.0136876
-3.42489e-06
0.0176401
-0.112349
-5.41521e-05
-3.54648e-05
0.000836484
0.000167428
0.0010548
0.489302
0.0875785
0.000146797
2.85582e-05
-0.165339
0.393997
0.359648
-0.000115095
-0.0899996
-0.0462491
-0.0249224
-0.119593
-0.020464
-0.00744815
0.290493
-0.000106871
-0.0657735
0.3402
-0.120881
-4.45159e-05
-0.153578
-0.000450913
0.56836
0.0739687
-3.58999e-05
-7.10299e-05
0.377599
9.4787e-06
-0.000461359
-0.0298915
3.34419e-05
0.487462
0.00918539
-0.0187069
-0.162642
-0.00961212
-0.152639
0.365856
-0.0169624
0.0132643
0.00257396
-5.00655e-05
-0.00260295
-2.02536e-05
-4.10079e-05
0.0775903
0.359559
0.306167
-0.00112723
0.463873
-0.0243925
1.99064e-05
-0.114305
-4.58792e-05
-0.0691054
0.0761368
-0.0346983
0.0115027
0.00481973
-0.0236919
0.000642553
-0.00425326
0.0530062
-0.00736914
-0.000122959
7.67923e-05
-0.000158928
0.0769633
0.000143769
-0.0513516
0.48745
-0.0152105
0.000132118
-0.00881695
-2.56296e-05
0.247031
-0.000909501
-0.000169109
-0.000218213
-3.33705e-05
0.409239
-0.000385638
0.469663
-0.149435
0.000288359
-0.123361
-0.00122723
0.317964
0.834227
-0.00358575
6.28247e-06
4.172e-05
-5.40077e-05
0.312965
1.83037e-06
0.00271593
-0.0608576
0.44657
1.72839e-05
3.93663e-05
7.5898e-06
6.44322e-05
-0.0513547
4.67247e-06
0.539594
-0.0385024
-0.000318232
7.6849e-05
-0.00524763
-0.072735
3.7308e-06
-0.000145351
0.333914
8.70039e-05
-0.0791894
-0.0777683
0.000342709
2.29341e-06
-0.140508
3.32059e-06
0.341859
3.83193e-05
-0.00113591
3.00663e-05
-0.000447645
0.203498
8.17991e-06
-0.00414927
2.12325e-05
0.0369314
-0.00857768
-0.0162256
0.00284544
0.312851
-0.000680803
-0.000206168
-0.022444
-0.0216858
-0.000623416
-0.000133239
-0.00227735
0.000104505
0.402241
-0.0250117
0.830478
-1.56521e-06
-0.0193392
-0.000399323
0.296287
0.000148022
-0.0643762
6.0866e-05
-0.00401261
-0.0827462
-0.000587048
-0.0393252
-0.121914
0.0132165
-2.29175e-05
-0.12254
-0.000843253
-0.000746514
-0.0140261
-0.0249394
0.00335827
-0.000126955
-0.00110964
-0.00222523
-0.00325153
3.38832e-05
-0.00307414
0.810723
0.000251532
-0.00824773
-0.0864578
-0.183123
-0.156549
-0.118944
-0.0539178
-0.00130679
-0.030947
0.000199535
-0.000208593
0.813676
-0.000240645
0.382612
-0.00113926
0.00102697
-0.00288088
-0.0785394
-0.00106409
0.00206963
-3.87122e-05
-0.000999949
-3.95275e-05
-0.000203636
-0.0376295
-0.000278471
-6.81297e-05
-0.000212592
0.000372776
-2.58612e-05
-0.103898
0.494539
-2.5043e-05
-0.00151575
7.63418e-05
7.96791e-05
-0.00211439
2.36891e-05
-0.0022905
0.000728697
-0.000930974
-0.159465
-0.00174343
-0.00458616
1.25873e-05
-0.00378522
0.000862824
-3.86233e-05
-2.46565e-05
3.47837e-05
-0.00201121
0.00138796
-0.108492
-0.0642987
-0.161567
0.00168572
-0.00444368
0.0393589
-0.162992
-0.000240579
0.0417919
0.0176481
-0.00262485
-0.0294921
-0.14003
0.754303
-0.00106923
-3.80296e-05
0.00230842
0.000127577
4.56966e-05
0.165905
0.00954311
0.190213
-0.0795487
0.731935
-0.00131468
5.54913e-06
0.000386632
-4.60991e-05
-0.00342942
0.329825
0.422347
-1.34098e-05
-0.000428909
-4.39571e-05
0.404323
0.0570642
-0.0113503
3.0462e-05
4.99185e-05
0.0184302
-0.0017537
-0.173839
-0.0412801
6.24169e-05
0.00892188
-0.0736948
-0.00015368
0.00469853
-0.000170674
-0.11322
-0.00444848
0.311999
4.30711e-05
0.00429356
0.00026645
3.85594e-05
0.000440716
-0.0566472
3.80051e-05
-0.0023009
5.83622e-05
-0.0486122
-0.112987
-0.00719063
-0.0151255
-0.0214862
0.0230422
-0.0216854
-0.0062483
0.000174211
0.000268356
5.28511e-05
4.60907e-05
-0.000143639
0.0229673
-0.133437
0.00126186
-0.0881731
-0.00775331
-0.108755
0.000225193
-6.33691e-06
0.0033565
0.00980213
4.6878e-05
-0.0904631
-0.0354875
0.170556
-0.0848939
6.85577e-05
-0.00861078
0.00049628
-0.0767312
0.275093
2.95559e-05
-0.14358
-0.0528478
-0.0105957
9.8211e-05
-2.15503e-05
0.0807991
-0.0411727
6.19433e-05
-0.0168843
-1.12855e-05
0.000551287
0.262305
-2.11132e-05
8.24559e-06
-0.000214524
8.92778e-05
0.00231269
0.000225962
-0.0129875
0.000597507
-0.0309348
0.00283938
-0.000526373
-0.0721728
-0.103893
-0.0155874
-3.86095e-05
5.54613e-05
-0.125727
0.0145946
-0.116197
7.44948e-05
-0.0128442
-9.20717e-05
6.31669e-05
0.18011
-0.0173763
-0.00696895
-2.80008e-06
-0.0428288
0.000128307
-0.163411
6.95506e-05
-0.184968
4.87581e-05
-1.50906e-05
0.000219005
0.0026163
-0.0684874
-0.0446883
-0.16626
4.13982e-05
0.000240066
-0.189741
-0.0500184
-0.0209117
-1.1854e-05
-0.01538
-0.117179
-0.192437
9.17432e-06
-1.9135e-05
1.18858e-05
-0.0882022
-0.158898
0.00185525
-0.0272577
-0.000142434
0.47736
0.000240677
3.74218e-05
0.000383888
-2.15507e-05
-2.10074e-05
-0.00898928
0.000289815
-0.00631765
-0.151223
-0.0322379
-0.144759
0.000102449
-0.000130122
0.137104
-0.0789982
-0.0117278
0.240223
1.26271e-05
-3.34702e-05
-3.0546e-05
0.297784
0.000442856
-5.01257e-06
-1.13388e-05
-0.130779
-0.0380764
1.52529e-05
0.000200173
-0.0226944
-0.0158221
0.00109254
0.428245
-0.13471
0.000612026
1.00837
-4.5754e-05
-0.00171159
-0.0195984
-0.195295
1.66706e-05
-5.67252e-06
5.53985e-05
0.0121788
-0.0708665
-0.000847842
-0.118657
-0.0191072
7.01513e-05
-1.16427e-05
-0.0250054
0.00807464
0.0377615
-0.0362379
-0.111782
-0.0946522
0.0794457
-0.063832
-0.000160144
0.000901196
0.0498413
0.00137315
-0.00019648
0.00195886
7.95955e-05
-0.000231453
-0.0297222
-3.01532e-05
-7.17415e-05
0.102563
0.0078224
-0.000401007
-0.000103195
-1.35451e-05
0.460661
-0.0162554
0.00202001
-0.0668033
0.000583831
0.000506856
0.00043501
-0.000123192
0.00122961
-0.0908138
0.0481433
-2.30162e-05
-0.000406158
-0.0978301
-0.0717999
0.11131
-0.00122236
0.00468483
0.0438967
4.96307e-06
0.000153261
-0.101586
5.69582e-05
0.324987
2.28029e-05
0.0105619
0.000423652
0.000570138
-0.174248
-0.017986
-0.0434711
-0.0059869
6.80165e-05
0.0177283
0.138072
-0.0299046
-0.000336076
0.203959
0.319706
9.08917e-06
-0.126876
-0.00016852
-2.52504e-05
-0.000112786
-0.00140737
0.0482349
-1.29635e-05
0.000630196
-0.060045
-0.0626754
-0.0540895
0.55898
4.60197e-05
-0.000175036
0.333119
-0.00113422
-0.00934846
-0.00162414
0.329259
0.00011377
-0.000767163
0.000117117
6.95537e-05
8.09903e-05
9.26851e-05
0.000187483
-0.0437683
2.14736e-05
-0.00813384
-0.109531
0.467121
-0.000343333
-0.000125568
0.0118425
0.185163
-0.0976706
-0.00187516
-0.173995
0.557789
0.000110491
0.698571
-1.09377e-05
0.00843836
0.0593292
0.0011056
0.742997
-3.56831e-05
-1.50075e-05
0.00298215
7.94922e-05
-0.00215296
0.000666107
2.90938e-05
-0.00488371
2.73457e-05
-0.000361732
-0.00819053
0.453348
0.127467
0.0536403
-0.10822
-1.27438e-05
-4.52088e-05
0.00861464
-0.119656
-2.41032e-05
-0.115124
-0.000135677
0.221608
0.139519
-0.0783855
-0.00336178
-0.0278321
-0.00245053
-0.0364834
0.0119031
-0.0174197
0.148232
5.5172e-06
0.504367
0.134406
-0.00140403
0.412698
-0.0327153
-3.12448e-05
6.00482e-05
0.000171078
-0.000530165
-0.000299176
0.455054
-0.00244793
0.467522
-0.00254596
0.325733
0.43296
0.295709
-0.0172982
-1.25583e-05
0.000159506
-0.0261401
-0.157697
-0.115455
0.00379395
5.16787e-05
-0.0943472
-0.000742773
1.52477e-05
0.00257409
-0.00267332
-0.00150151
0.079734
0.000192355
-0.120652
0.139089
0.000148464
0.000683135
-0.0332457
-0.13252
-0.00182595
-0.00129544
3.30992e-05
0.000634137
0.260247
-0.0406409
-0.113538
0.00332744
0.261262
-0.094458
9.0499e-05
5.83862e-05
0.0927752
-0.000225501
0.230657
0.00801947
-0.0335471
-0.00095787
0.00418028
-0.0863405
-8.91511e-05
0.00124953
0.0206575
-0.1843
0.341728
-0.156014
-0.0656473
-0.000408372
-0.000115417
0.0167019
0.000119275
-0.187659
-0.15985
0.00143051
0.00867293
0.00950093
-0.154392
0.00162025
0.000485223
9.75464e-05
-0.0998627
7.37495e-05
0.00141887
0.254236
0.352128
-0.159115
0.113059
0.114054
0.0843503
-0.000390804
0.0328267
0.000312239
2.26264e-05
-0.000178016
-1.49319e-06
7.11985e-05
-0.000896408
-0.0188592
-0.0687979
-0.0240701
-0.0668434
0.125107
0.104034
0.0102543
-0.152884
0.000408821
0.0119014
0.0283053
-0.000974906
0.177064
-0.0028882
-0.026589
0.0312743
0.0137204
0.00281019
-0.00999091
0.108639
0.00210625
-0.0485557
-0.0402461
0.858728
-0.0595758
0.187301
0.104245
-0.0851945
0.00560569
0.000258886
-0.00646629
0.000144057
-0.00658593
-0.0615519
-0.000175739
-0.000108306
0.536661
-0.00818969
-0.103447
-0.0467552
0.000520373
-0.00326987
-5.77477e-05
2.03655e-05
0.0993347
0.000103413
-0.00734267
0.180646
0.0159001
0.00283768
0.0465808
-0.0142804
0.0105844
-0.132021
0.00221808
-0.0110265
-0.138215
-0.00212399
-0.020044
0.00196159
0.00380625
0.00251875
0.0979943
-0.000767126
0.0142258
-0.136016
-0.0505695
0.000808875
-0.135835
-0.0369755
-0.0428894
0.00027357
0.01661
-0.151671
-0.00209723
-0.0119348
-0.126425
0.00190675
-0.00294244
0.431802
-0.0480251
-0.000103479
0.020638
-0.118453
-0.00263337
0.378092
-0.00508055
0.00258747
0.133918
-0.00357656
0.0208622
0.263244
0.00018503
0.00297276
0.000451314
9.13906e-05
-0.0111347
-0.016714
-0.000310546
-0.0597141
0.221965
-0.093654
-0.15699
0.00295552
-0.00812599
-0.00144111
-0.0632461
6.73155e-05
0.046866
0.000112251
-0.0395557
-0.00488552
-0.0123254
0.111464
0.265553
-0.16585
-0.00013372
0.406556
-0.00470156
-0.00565467
-0.149372
-0.170543
-0.038226
-7.51873e-05
-0.0026481
0.0181784
-0.00768006
-0.011761
0.00113358
0.195569
-0.0988261
-0.0275255
-0.016595
0.0721707
-0.00382219
-0.000711583
0.00431399
1.20467e-05
-0.00770079
0.258294
0.00203608
-0.146593
-0.000138071
-0.0182691
-0.00809568
-0.179146
-0.0282874
-0.193909
-0.000161909
-0.000156722
-0.00710324
0.0264637
0.00473551
-0.202492
0.207833
-0.118239
0.000475264
-0.209527
3.91115e-05
-0.208105
-0.0627012
-0.182012
-0.164549
-0.136828
-0.0585837
0.0794701
0.130714
0.177397
0.224452
0.270405
0.399016
0.439701
0.478202
0.5437
-0.0200127
-0.017994
0.168479
-0.0360881
0.0023018
0.0507476
-0.0995376
0.00144028
-0.00152963
-7.18405e-06
-0.0346368
0.0438421
0.000114297
-0.000720389
-0.0261017
-0.00356299
-0.199975
-0.0255077
-0.138241
-8.16094e-06
0.00147743
-0.000129155
-0.101927
-0.0213621
-0.0882189
-0.020158
0.00440822
0.000595052
0.011831
-8.22697e-05
-0.00367911
-3.87752e-05
0.000938694
-0.0110038
-0.0285144
-0.000510595
0.000823544
0.111792
-0.0252115
0.165004
-0.205779
-0.0152192
0.357828
-0.0461802
0.00933344
-0.0527483
-0.00801489
-0.0309893
-0.0295396
0.604622
-0.00302797
0.00017572
-0.0142643
-0.0215497
8.12254e-06
0.17872
-0.00971879
0.572129
0.0267916
-0.112666
-0.0657766
0.124627
-0.0110728
-0.00012385
-1.91963e-05
-0.0103195
-0.124977
0.000144175
0.631041
-0.0067776
-0.0120245
-0.000165092
-0.000948226
-0.0144741
0.314458
-0.00837435
0.254627
0.00160981
-0.035003
-1.57352e-05
0.0655568
-0.0182653
0.0472989
-0.0129139
-0.0134117
-0.00172672
0.00339176
0.0293256
-3.05847e-05
-0.0225317
0.00151582
-0.00097858
0.0011768
-0.0211581
0.000647729
0.297059
-0.0259743
0.00955301
-0.0760919
0.127543
-0.0910547
-0.0272477
0.110053
-0.0450427
0.349698
0.026498
-0.00838105
-0.123473
-0.00165989
-0.000120311
0.00110178
0.000226165
-0.00528157
0.0109878
0.000215399
-0.0323089
0.0531251
-0.00758551
0.000109689
-0.00812218
-0.104011
0.304058
-0.0801244
-0.114924
0.0202563
0.191775
-0.00305734
0.171021
-0.0287456
0.0131484
0.0872502
-0.142959
0.233726
-0.000132658
-0.0713596
0.00289356
-0.00366498
-2.03172e-05
-0.014777
0.240786
0.0023836
0.446433
-0.0508931
0.0638776
-0.0386734
0.000455437
-0.00355295
0.149811
-0.116596
0.450838
0.0928799
0.0592337
0.337048
-0.102647
-0.0104857
-0.15371
0.00175795
-0.0829361
0.31426
-0.00702618
0.584468
-0.00338541
0.199265
0.000248456
0.216158
0.288966
0.00787759
-0.0483756
-0.000910118
-1.4327e-05
0.0130992
0.00522699
-0.0955288
-0.0870634
-0.0138805
-0.0987653
0.322769
0.126677
-0.091372
-0.0378648
0.000106645
0.0104982
0.484678
0.0114333
0.328563
-0.144897
0.0132413
0.000214976
0.00101988
-0.0502981
-0.00277942
-0.00631255
-0.0821837
-0.00151362
0.00855153
-0.0783298
-0.0968241
0.453348
-7.88379e-06
-0.0438286
0.000479779
-0.0620396
-0.000872943
-0.137477
0.259969
-0.0851176
-0.0571456
-0.0035928
-0.0366893
-0.00161247
-0.012708
0.181071
-0.0660919
-4.62918e-05
-0.0168016
-0.00942805
-0.000895985
-0.00581867
0.0299887
-0.0259181
-0.0826184
-9.69404e-05
0.306254
-0.0623833
0.0169092
-0.000912699
-0.0193195
-0.000905889
0.000554996
0.000718006
-0.05781
-0.000228621
-0.0911072
0.00689766
-8.33129e-05
-0.0257614
0.000754319
-0.0226051
0.00323449
0.331522
0.00305753
-0.0229005
-0.0218446
0.00963082
0.259944
-0.0354509
-0.0470284
-0.03673
0.000863936
0.253399
0.112973
0.00323868
0.000293859
0.124145
-0.107947
0.00651604
-0.0639462
0.00374144
0.000934587
0.0784341
-0.0666965
-0.0318071
-0.0271629
0.6063
0.0648022
-0.0147852
0.0790676
-0.00105821
6.55666e-05
0.00453577
0.00791598
0.320461
-0.00838567
0.0517661
0.00025011
0.799992
0.753615
-0.00365046
0.381782
0.970072
-0.0715258
4.672e-05
0.286313
0.286603
-0.00905079
-0.0568562
0.000502704
1.63642e-05
0.290229
0.0976244
-5.45599e-06
-0.128814
0.000264293
0.106668
0.151677
-0.0793224
-0.0841747
-0.0494394
-0.000649098
0.0028771
-0.0313706
0.184849
-0.104389
0.378717
-0.0238725
0.114343
-0.00404161
-0.000578184
0.00244281
-0.00698948
0.27754
-0.0116435
0.283579
-0.000617514
-0.162634
-0.104
0.28043
-0.0151224
0.0011645
-0.087406
0.000981078
0.0312933
0.240733
-0.0192671
0.310741
-0.0235997
-0.00744056
-0.185851
0.0962089
-0.15558
-0.0395825
-0.00223325
-0.0637631
0.00362057
-0.0225731
0.00408724
-0.0686912
-0.0285163
0.102818
-0.0100399
-0.176188
-0.0958153
0.0718374
0.106565
0.242195
0.010488
3.01774e-05
-0.0156307
0.372851
-0.000240682
-0.0146967
0.00159707
-0.000612889
-0.096034
-0.000319762
0.00828763
-0.00271783
-0.00413264
0.000844764
-0.0908285
-0.00332445
-0.0309447
-0.0111701
-0.00783512
0.639263
0.1209
-0.0813137
-0.0256741
0.00391696
0.000293471
0.0330961
-0.00258276
0.020787
0.662285
0.284275
0.252307
-0.000487147
-0.0395611
-0.00351015
0.0752063
0.223413
0.235019
0.3007
0.316396
-0.0337326
-0.00219874
-0.00546176
0.091603
-0.00692714
0.328951
-3.42259e-06
-0.00353484
-3.80893e-06
-0.0104941
-0.077587
-0.0055971
-0.030108
-0.0664072
-0.131659
0.31152
0.282594
0.0885577
0.286534
0.17086
0.162915
-1.2773e-06
-0.0151459
-0.0203325
-0.101439
-0.0107779
-0.0993007
0.149246
-0.109893
-0.00312329
-0.151646
0.22485
0.267783
0.127642
0.213123
-0.0900199
-0.0395091
0.0678057
-0.0125163
0.641991
0.000208176
-0.151651
0.145273
0.0426818
-0.00174603
-0.100204
0.790359
-0.0457192
0.136871
-0.00175301
-0.190603
0.000745686
0.480935
-0.111495
-0.0523384
0.119101
0.0529419
0.135856
0.72777
0.494208
0.0065087
0.00127161
-0.0065461
0.000419122
-0.0727158
-0.0138037
0.127179
1.19175e-05
-0.00484843
0.18854
0.657533
-0.0594073
1.47809e-06
0.794565
-0.15579
-0.00650088
-0.00952396
0.262715
-0.19287
0.125342
0.293688
6.30822e-06
0.264336
-0.0665513
0.000502904
0.0948116
0.0880179
0.127711
0.63544
0.735312
0.0129548
0.124969
0.00152277
-0.0869553
-0.0742289
-0.000293822
0.289718
-0.165567
-0.165803
0.00882195
-0.0017104
9.11689e-05
0.0126847
0.0417484
0.565192
-0.0822234
-0.00652668
0.000372715
-0.00865306
0.00021034
-0.0430775
-0.090399
-0.0209154
-0.0647575
-0.149926
-0.0990406
-5.3408e-06
-0.0926834
-0.00669036
-0.170283
0.117827
-0.000101689
6.63313e-07
1.08018
0.68345
0.750414
0.506673
0.0490907
0.000324364
0.061112
-0.0658182
0.000412117
0.577485
0.0549434
-0.00163098
0.204329
0.199184
0.121902
-0.195296
-0.125108
0.406491
-0.197025
0.105906
0.0166069
-0.155366
-0.135787
0.109344
0.152884
0.199944
0.244895
0.413028
0.455824
0.168431
-0.0988051
0.904484
-0.012815
0.100916
-0.127981
0.014677
0.224212
0.00822309
-0.0221767
-0.173704
-0.172686
0.0943642
0.00034322
-0.112896
0.714588
0.0686983
0.624175
0.486865
0.86224
0.117746
-0.191127
0.716871
0.0651625
0.376445
-0.00237547
-0.0116379
0.000888683
-0.0983049
0.203404
-0.0367695
-0.112961
0.0218334
-0.115739
0.114609
0.00471009
0.206196
-0.0871904
0.00319855
0.000900839
-0.189191
0.0117793
-0.00864931
-0.0565669
0.852813
2.9441e-05
0.0560404
0.00581634
-0.029277
0.0148472
0.117953
0.00321088
-0.15876
-0.00018835
-0.0106439
0.19538
-0.00888903
-0.0783849
-0.0145671
0.000114571
0.112126
0.290329
-0.106172
-0.0562203
0.11973
-0.00747065
-0.00493593
0.308347
2.36296e-06
0.107091
0.071075
-0.144964
-7.94872e-06
-0.0038903
-6.35851e-05
-0.0752522
0.311865
-4.71074e-05
-0.0196872
0.000251916
0.0300885
-0.0526753
0.00052212
-0.0952925
-0.122325
1.1108
-0.000124496
0.157871
0.00373155
-0.00177487
0.00183534
0.332587
-0.0170485
-0.102114
-0.115532
0.529109
-0.0630879
0.262976
1.4002e-05
0.479381
0.146268
2.43763e-05
-0.156183
0.190109
-0.000979113
-0.000116538
-0.105539
-0.0895104
1.09482
0.000117366
-0.0831562
-0.10716
-7.25476e-05
0.0544563
0.00130834
-0.057343
0.378841
-0.0831408
0.0709284
0.0154778
-0.00023695
0.585707
0.701667
0.00407216
-0.00105548
-0.123101
0.554373
-0.00891834
-0.000460205
0.160379
-0.17849
-0.113693
-0.00288594
-0.00103749
0.166771
0.060127
-0.002794
-0.133453
-0.169097
-0.0707333
0.10985
8.90704e-05
-0.0504721
1.06909
-0.00281919
-0.00377068
-0.00984163
0.842189
0.235707
3.84236e-06
8.17133e-06
0.329069
0.327845
-0.0676523
-0.131268
-0.119168
-0.000112435
0.0570846
0.0340264
0.28521
-0.0090699
0.448455
-0.0461899
0.0860675
0.689348
0.000584469
-0.0238824
-0.104223
-0.0635655
-0.0457106
0.000288971
0.596236
0.144156
0.14653
-0.0586799
-0.145402
0.000170905
0.350537
0.00164488
0.000309839
-0.0885412
0.174022
0.00365903
-0.0244284
-0.0810231
0.260625
-0.00634464
-0.0948293
0.00200529
-0.0777243
0.00095297
-0.00527498
0.000969708
0.13063
-0.0635598
0.339333
-0.0209464
-0.000196951
0.000599511
0.963922
-0.00014298
-0.0801402
-0.10925
0.525011
0.115537
0.000290068
-0.0325033
-0.0368928
-0.131065
0.155662
-0.109872
0.235081
-0.0323797
0.195092
-0.0416834
-0.0174066
0.530836
0.00581539
-0.026909
0.351649
0.273969
0.786232
-0.0914047
-0.0710319
-0.00205876
-0.0624805
-0.130321
0.218729
-0.0019666
0.0750309
0.000366869
0.0437472
-0.00649614
0.0649349
-0.0593814
-0.0123994
-0.00371257
-0.0498883
0.000303107
0.169084
-0.0998651
-0.00320927
0.000161799
0.0563021
0.989192
-0.192425
-0.038317
-0.00655707
-0.000415206
0.636702
0.0844274
3.61891e-05
0.0290294
-0.199125
-1.31667e-05
-0.00152049
-0.0911669
-0.0236567
-0.0122406
0.253689
0.563
0.583568
-0.0909786
0.00112455
-0.105748
0.00026381
0.414202
0.858116
0.000272419
-0.00158846
0.0853253
0.891864
8.1982e-06
0.516322
0.926235
-0.107392
-0.0254916
-0.00627023
0.518517
-0.0147039
-0.179811
0.818499
-0.0122012
0.559404
-0.0530479
-0.0218276
0.825318
0.329794
0.531087
0.48408
0.00583569
-3.77044e-05
0.359794
0.164269
-0.0349214
-0.200903
0.0490676
-0.175644
-0.0322963
0.520405
0.000693168
-0.0136421
-0.151325
-0.000629343
-0.0640039
-0.131944
-0.0706788
0.587093
0.130902
0.0575392
0.795356
0.00223757
-0.000101428
0.132705
0.100869
0.143246
-0.00057201
0.0164526
-6.06695e-06
-0.0192755
0.0487202
-8.4059e-05
-0.00279068
0.00177967
0.000188352
0.184322
-0.0191672
0.000951635
-0.0209685
-0.183193
-0.0216086
-0.00702947
0.575727
-0.044778
-0.0331095
0.00326999
-0.0341767
0.000154634
-0.0778945
0.259273
0.0329325
0.328159
0.0203416
0.214233
0.356583
0.408772
-0.0576629
0.672687
-0.0309998
0.613832
-0.183942
-2.44235e-05
-0.0247853
-0.0414145
0.0636014
0.295036
-0.132659
0.00067519
1.10226
0.0184889
0.281012
-0.0865333
0.225215
0.175998
0.00213971
-0.0707272
-0.172189
0.0056019
-0.00172248
-0.0244648
-0.0881247
-0.0114654
-0.0172211
-0.174567
0.344338
-0.0121437
-0.0795542
-3.03275e-05
0.926861
1.0314
0.0150285
0.000212416
-0.0665768
0.00402605
-0.0681096
0.000260075
0.135762
-0.0605104
0.000432356
-0.00150501
-0.0935722
-0.00197186
-0.0429945
-0.0625459
0.641275
-0.169707
0.590642
-0.00159888
-0.02504
-0.03417
0.217717
0.150816
-0.103138
0.00515604
-0.0336274
0.506155
-0.0855896
0.000794959
0.000125761
-0.00660854
1.2076e-05
0.00224975
-0.00358135
0.0314279
-0.0150209
0.291852
0.000113943
0.00365003
0.490161
0.522772
-0.0593943
-0.00479817
0.432481
0.000636981
0.000683215
0.13551
-0.00266889
0.838451
-0.0869883
0.550725
-0.084161
-9.39716e-05
-0.020001
0.729326
0.528993
0.0398679
0.0101121
-0.000463974
0.268769
0.168539
0.0336429
-0.00301052
0.00193866
-0.122449
1.94702e-06
-0.0520994
-0.10669
-0.0753449
-0.0117849
0.866619
-0.00984158
-0.0591816
-0.082173
0.00137975
5.63257e-05
0.0037455
-0.0112825
0.663773
0.0429372
0.000183245
0.00193168
-0.136321
0.767042
0.000487464
0.00160321
0.110664
-0.0724957
0.723755
-0.0713247
0.596297
0.549644
0.00046291
0.52597
0.57263
-0.0642651
0.124009
-0.00052993
0.589895
0.00134815
-0.000265177
-0.00926369
0.411798
-0.0188069
0.44063
0.00497008
0.873165
0.00600602
1.01203e-06
1.13538
0.0926976
0.942227
0.272195
-0.155542
0.0479369
-0.138541
0.712496
0.000584443
-0.000299602
0.169409
-0.00186445
0.847513
-0.190359
-0.195967
0.00522686
0.173515
0.242749
-0.166883
0.0353917
-0.0537578
-0.0106753
0.0688884
0.00101025
0.00833487
-0.049143
-0.0571974
-0.0893409
0.183237
0.0294375
0.236282
0.149549
0.921802
-0.114718
0.0777622
0.00104179
-0.189004
0.601494
0.0041704
0.240722
0.454952
-0.0567804
0.0390906
-0.164462
-0.000161877
-0.00987358
-0.00591261
0.0198092
-0.0117831
-0.0365788
0.000275441
0.305037
0.211799
0.393325
0.24491
0.518169
0.0288782
0.189397
0.0499749
0.0639427
-0.0442228
-0.190269
0.166703
0.584621
0.0975713
-0.0128495
0.00958509
0.25618
-0.0131184
-0.16565
0.395012
-0.0411384
-0.084185
0.279276
0.0852229
0.825389
-8.40312e-05
4.56749e-05
-0.132418
0.613064
0.684295
0.518144
0.664473
0.147974
-0.0135582
-0.0202636
0.214473
-0.0406372
-0.00151872
0.0705042
0.869599
0.0152012
0.601214
0.281433
0.0402582
0.000295005
-0.0863236
0.699055
-0.00593305
-0.0182674
0.373012
-0.0336917
0.000668517
-0.0104412
-0.0448054
1.02376
-0.129452
0.338211
0.290386
-0.0152549
0.179306
0.546759
0.691801
0.309231
-0.150376
0.256474
0.239536
1.0879
0.00177591
-0.00589249
0.657938
-0.153063
0.553262
0.708689
0.00807434
-0.0800679
0.287237
0.000159046
0.759071
-0.0308049
0.6518
0.0274623
0.00445926
0.0234416
-0.00285249
1.0706
0.000193877
-0.182554
0.582192
-0.00105133
0.0513326
-0.0559188
-0.0554357
0.309891
-0.0474809
0.00221504
0.291553
-0.0425846
0.0019268
0.00017025
0.22473
-0.00636185
0.435835
-0.166852
0.00963934
0.17008
-0.00343854
-0.0192186
0.157989
-0.163037
0.45825
-0.0518697
-0.00567304
0.363115
0.00046253
0.0044799
0.346736
-0.0306993
0.0157087
0.311528
0.771625
0.309491
0.0437166
0.486022
0.701973
-0.0300552
-2.54647e-05
0.488311
-0.150363
0.0329591
-0.00212396
-0.133751
-0.00073129
-0.00172868
0.136642
-0.0104545
-0.0208084
-0.0520553
-6.14216e-06
0.464552
-0.00160967
0.0807418
-0.162568
0.000162709
-0.121166
-0.0566356
-0.139883
0.00135761
0.066427
0.662104
0.771917
0.996643
5.48845e-07
-0.0541835
0.000199017
0.000101328
3.13272e-05
0.00177984
-0.00299429
-0.00960942
0.499229
0.0514637
-0.00720227
0.164129
0.0634523
0.020425
-0.139437
-0.109753
0.261455
0.543424
-1.45533e-05
0.0343005
-0.0663227
-3.00112e-06
-0.0999438
0.136608
0.440344
3.02787e-06
0.787387
-0.075275
0.234285
0.281783
0.00417946
0.346251
0.00624976
-0.17503
0.942417
0.000384092
-0.013426
0.419588
-0.000728224
-0.060455
0.000119421
-0.00164871
0.0061771
-0.0277647
-0.00678813
0.000603618
0.00010524
-0.0196343
-0.158347
-0.11307
0.315249
0.151279
-0.020421
0.873741
0.0432495
0.820225
-0.0360875
0.907246
0.816359
0.842395
0.0300098
-0.0243751
0.0252285
-0.00551789
0.000573654
0.44532
-0.0642161
0.0025298
0.432127
0.946181
0.327028
0.219943
-0.0065548
-0.042262
0.0240717
0.00629597
-0.0939457
-0.0208889
0.810881
-0.000992879
1.04648
0.536858
-0.00174682
0.443393
-0.0694596
-0.180423
0.33622
0.148591
-0.00988041
0.333838
-0.0369435
0.599398
0.309758
0.00415579
9.60369e-05
0.0710079
-0.115554
7.39962e-06
0.00865183
-0.186485
-0.00164833
-0.0759756
3.03955e-06
5.23015e-07
-0.1895
-7.96143e-06
-0.0136686
0.00344229
-0.0647571
0.285789
-0.128104
0.0216419
0.14578
-0.102781
-0.208006
0.270966
0.0435251
0.0393956
0.623994
0.553543
-0.000177806
0.467413
-0.145428
0.870867
0.460791
0.00663097
0.603773
0.882064
1.59165e-05
0.428651
0.06878
0.0997011
-0.0925625
-5.53761e-05
0.182469
-0.128313
-0.010238
-0.000648852
0.000183792
0.0383833
0.00278244
-0.134976
0.161188
-1.95732e-05
-0.176438
0.192907
-0.0182639
0.00363924
-0.0129083
-0.0020899
-9.235e-05
0.853037
0.78205
0.156001
-0.12572
-0.0102061
-0.004587
-0.000787063
0.000279191
-0.00728731
0.0269475
-0.10941
-0.0968003
-0.0175483
0.634102
-0.097981
1.04664
0.00122349
-0.0824476
0.688928
0.000960143
-0.111833
0.000213007
-0.000907727
7.91382e-06
0.00104676
0.330407
0.000411357
0.00369894
0.338117
0.0622405
-0.0205257
-0.0323318
-0.0219611
-0.000102357
0.975732
-0.128716
0.487214
0.31594
-0.00998343
0.597248
1.06934e-05
0.147399
5.14315e-05
0.00747402
0.0250054
0.856282
-0.0024381
0.542882
0.183663
-0.000987558
0.000218732
-0.0575971
0.641099
1.19022e-05
0.0317433
-0.000410499
-0.168913
-0.0902192
-0.119898
-0.0311188
-0.0547709
0.0794786
0.00735252
-0.196933
-0.149167
-0.0141998
0.00146158
-9.41711e-05
0.000854736
-0.00197905
0.00010223
0.271107
0.00409592
0.00323594
0.62534
-0.0025411
-0.109796
0.425689
4.62085e-05
0.00633548
-0.167386
0.980693
0.0110754
0.434686
-0.0904003
0.556085
-0.0509707
0.761831
-0.130667
-0.13958
-0.0325597
0.838284
-0.0401238
-1.91404e-05
0.00105815
0.330156
0.153056
0.287773
1.0038
-0.101382
-0.192485
0.678528
0.00267782
0.149684
0.023914
-0.00978447
0.00553591
0.0246202
-0.000554887
-0.152776
0.320604
0.294273
-0.0261408
-0.000104774
-9.16753e-05
1.48745e-05
0.00881833
0.000383592
-0.142954
0.681648
-0.103722
1.07874
-0.185974
-0.00463385
1.04278
-0.0471094
-0.017495
0.000953074
-0.00259715
-0.0202351
1.0316
1.00551
-0.0654982
-0.0334101
0.000522354
0.608803
0.451112
0.0306127
0.237757
-0.035401
-0.0426315
0.0127746
0.81601
0.78463
0.27766
-0.0192074
0.0028976
-0.0366493
0.066173
-0.00198897
0.623758
-0.0028558
0.012119
-0.00532661
-0.157523
0.165411
-0.118994
-0.0217345
0.930775
0.333745
0.321391
-0.15674
0.150737
-0.0176645
-8.83188e-05
0.694132
-0.00108839
-0.00955874
-0.131067
0.249513
0.000269389
0.50608
0.060293
-0.134198
0.207658
0.339313
-0.0715431
-0.0178227
0.0878192
1.0244
0.292065
0.768976
-0.0019741
0.265654
0.0371041
0.0150071
0.566431
0.0040242
0.0393707
-0.0585528
0.276904
-0.0967657
-0.0634149
-0.096914
-0.150611
0.00390097
-0.0559008
0.827666
0.227513
-0.0651556
-0.0156219
-0.0373227
-0.154115
1.01523
-0.0225861
-0.0184741
-0.177456
-0.0127918
-0.0295869
0.0566032
0.0238231
1.09977
0.800242
0.0463082
0.747152
0.776241
-0.0191327
0.0355295
0.0679264
0.179035
-0.00184617
0.159227
-0.000608149
-0.0528807
-0.162921
-0.0887112
-0.00725516
-0.0567697
0.608426
0.182312
0.721213
0.75666
0.8042
0.000306315
-0.018742
0.81977
-0.0390555
0.962061
0.666522
0.00669901
0.896991
2.18227e-07
-0.0010981
0.222041
0.193483
0.710106
0.00706914
0.0297746
0.00641224
0.63015
-0.0455725
0.0343373
0.809103
-0.0941148
0.82062
-0.0283245
-0.0866661
0.670426
0.802682
0.471249
0.450919
0.133377
-0.0178033
-0.0609442
0.000532917
0.826167
0.488942
0.603109
0.469228
0.914398
0.0363192
-0.17082
0.881382
-0.000104386
0.900925
0.282832
1.00112
0.954797
-9.55179e-05
-0.0989297
0.78251
0.00551115
-0.00684356
1.87928e-06
-0.0899625
0.0288187
0.70439
-0.0253005
0.0307505
0.292234
-0.103271
-0.00182294
-0.0499467
0.795683
-0.0597458
0.786643
0.883171
0.691513
0.100694
0.289941
-0.541673
0.568442
0.873151
1.20371
0.483671
-1.10734
0.0686947
0.883599
-0.696549
0.0440935
0.671302
-0.780649
1.12318
-1.50473
-0.176305
1.38167
-0.0810695
0.704655
0.132481
-1.98621
0.607157
1.226
0.218966
0.830186
-0.223234
1.21812
-1.55527
-0.964973
1.06647
1.4373
1.80806
0.290635
2.40661
-0.350795
1.20123
0.395389
-0.0619704
-0.173478
-0.241757
-1.63935
0.310387
0.17542
-1.07109
0.218195
0.90773
-0.303683
0.797143
-0.0687776
0.142093
-0.733172
-0.739421
0.543991
0.417818
0.0840294
0.331171
0.495057
-1.42205
-0.0466199
-1.44479
2.17363
-0.299119
0.844405
0.614307
0.689023
-1.38389
0.275693
2.55934
2.59342
-0.313615
1.10474
0.542971
0.879431
1.24878
-0.538895
0.10243
1.99014
1.61933
0.294866
0.617232
0.658326
0.350002
-0.760415
0.601484
0.651184
0.633432
-0.213886
0.239669
1.37161
-0.992597
-0.289553
0.579162
-0.326878
0.886421
-0.0315532
0.414084
-0.416126
-0.556749
2.92968
1.07887
2.3935
1.44962
1.82041
0.306228
-0.335308
1.24795
-0.692496
-0.484102
-0.193881
-0.176855
-1.85137
0.0162373
0.507189
1.38169
0.846782
-0.114034
1.53614
-0.318621
-0.200355
1.43229
0.782274
2.97396
0.00367513
2.25521
0.139187
-1.0773
-2.11722
0.0869958
-0.366772
-0.131394
0.83482
-0.225429
-0.174185
0.804893
-0.0471968
-0.0190198
-0.5611
0.213606
0.206548
-0.93601
1.21843
-0.65089
1.30391
2.52514
1.24191
0.865542
1.61245
1.98307
0.0886353
-0.552773
0.357714
0.566494
0.87474
0.732403
-1.85902
0.640774
0.663186
-0.051275
-0.249652
-0.237138
-0.880756
0.305638
-0.218762
-0.315402
0.23216
-0.257117
-0.30734
0.876797
0.660473
0.292438
-0.253375
0.489933
-2.19948
-0.142779
0.766107
0.609617
-1.3778
-0.191128
0.677505
-0.202276
0.42349
2.60503
-0.146103
-1.81912
-0.385021
-0.959214
-0.0112099
0.0706044
0.58327
0.24127
-0.224293
-0.0762174
0.16989
0.38676
-0.0242419
-0.510999
-0.30835
-0.185379
0.444633
1.45498
0.397414
-0.402165
0.498093
0.085173
0.4734
0.493359
0.964054
-0.161157
0.193589
1.4882
0.934019
0.860813
1.41006
0.143672
-0.190988
0.316398
-0.189752
1.31251
-0.510273
-0.203496
1.15784
-0.379433
0.322403
0.402336
-1.35968
-0.773281
0.511032
0.564579
0.414799
-0.340035
-0.352802
0.709073
0.724114
0.381412
0.7315
0.481244
1.15105
-0.477652
0.478231
0.346515
0.318383
0.774375
-1.6271
0.026076
-0.34957
0.153953
-1.53382
1.18298
-2.31169
1.15304
-0.109684
0.504717
0.0355781
0.81947
-0.236481
0.174377
-0.282314
-0.05107
3.06824
-1.36925
-0.346716
1.11194
1.48252
0.716328
2.32614
0.461069
0.593944
1.85426
0.375441
-0.0604489
-0.266071
-0.181725
-0.828444
-0.702004
1.1641
0.354076
2.8889
0.819727
0.427284
-0.336654
0.961209
-0.466065
2.81254
-0.0114538
1.14528
0.366522
0.138158
0.438241
-0.339866
0.138297
-0.790931
-0.22887
-0.208112
0.537392
0.69211
0.617732
0.575623
0.890258
0.660293
-1.64666
0.763638
1.44204
-0.215413
0.720301
-0.243034
-0.143374
0.501913
-0.119374
-0.122946
0.196191
-1.27864
0.714761
0.124167
0.259934
-0.264958
0.771516
0.718275
0.639807
3.00202
-0.42667
0.830239
-0.0494924
0.088276
0.275206
0.553711
-0.670775
-1.57284
0.291175
0.487741
0.229186
0.104305
-0.355081
-0.338951
0.171793
-0.457557
0.471248
0.9992
0.151918
0.35515
-1.2877
-1.56716
-1.34112
-0.686663
-0.97741
-0.263951
-0.198814
-0.286671
0.914168
-0.0981669
-0.289196
0.662077
-0.616038
0.605461
0.478451
1.5066
0.345736
0.492533
1.44571
1.27323
0.319713
0.803271
-0.578958
0.941536
1.31274
2.52828
1.68349
2.05941
0.167923
-0.473482
0.483342
0.263662
-1.06862
1.18928
0.219862
0.0473187
0.600244
-1.09513
-0.374003
0.480588
0.777124
-0.326635
0.92917
0.803535
0.160869
0.592469
0.319276
-0.11842
-1.37712
0.480878
0.314002
-1.42426
0.815943
2.62821
-0.18081
-1.12461
-1.00488
-0.538201
0.0128785
0.757078
-1.04789
0.685632
0.843188
1.21407
1.58464
0.0670927
1.95683
-0.57422
0.553599
0.347154
0.818762
1.12657
1.49854
-0.719346
0.256141
-0.0774394
-0.444412
0.43235
0.788553
1.36997
0.452655
0.451373
1.49958
0.0667006
-0.324157
0.393882
-0.0641451
-0.595396
0.469896
1.26251
2.11693
-0.623445
-0.643998
-0.199035
0.808806
0.389712
0.757001
0.0276764
1.48901
0.519414
0.726074
-0.276116
0.830517
0.702622
0.507731
-0.248715
0.626972
-0.283545
0.345759
0.40697
1.116
-0.282157
0.655869
0.344188
-0.951191
-1.6127
-1.5261
-0.316806
0.197966
-0.0848783
-1.04827
-2.19432
-1.33223
0.495768
-0.414607
2.14939
-1.757
0.292802
0.464888
0.371424
-0.899545
0.387963
-0.222946
-0.211105
-0.2404
0.272298
0.254023
0.484314
1.28234
2.02617
-0.0365499
0.00390011
-0.273597
-0.242225
1.31787
-0.346001
0.729479
0.525371
-0.146901
-0.225178
-0.267403
-0.0810671
-0.969232
0.97286
0.0744469
0.361031
0.755472
-1.32886
-1.10196
-0.322257
-0.363203
0.826264
-0.889558
0.363051
-0.308876
0.588611
-0.346265
2.80739
0.401958
-0.323534
0.419069
2.49079
-0.434944
1.72045
0.206464
1.34962
0.978969
0.648191
-0.00393464
0.197362
0.471302
0.365095
0.33421
1.18083
0.490653
0.329693
0.948841
0.403877
0.692487
-1.37408
-1.27001
0.18611
-0.389412
0.632
-1.58236
0.3848
-0.673733
0.587855
0.151725
-0.261358
0.185738
-0.391074
0.599503
-2.33347
0.0693186
1.11462
-0.548501
-1.38358
0.124571
0.342446
1.95885
-2.26201
0.0880014
1.10863
-0.387389
1.27557
0.900936
1.64617
2.02225
0.124398
-0.517026
-0.101468
0.847356
3.0113
0.217904
-1.72503
-0.075939
0.426124
0.0117694
-0.402691
-1.37365
0.701489
-1.12677
-0.431427
-0.279811
-1.62749
0.242439
0.568406
-0.273102
2.71459
-0.946949
-0.0478001
-0.273326
-0.382007
0.278929
0.0395781
-0.151443
-0.246546
0.669784
-0.0685344
2.56908
-0.202601
0.0985205
0.658509
0.789002
0.00869497
-0.311655
-1.37117
0.693601
0.462388
0.926874
0.623296
-0.254103
0.524806
0.829843
-0.176083
0.8681
-1.43524
-2.18382
1.07693
1.12057
-0.112175
0.585885
-0.201784
0.625272
0.367179
0.895821
0.25076
-0.225854
0.453772
0.466123
0.0552388
0.351288
-0.886769
-0.208386
1.51264
1.14205
1.88679
-0.649295
-0.00773335
0.768992
0.69509
0.264266
0.597219
0.512242
-1.00514
-0.219397
-0.21726
0.868876
0.990719
0.32557
-1.87443
-2.40735
1.95261
-0.234974
1.15956
0.933631
-1.68927
0.888207
-0.276562
1.53994
0.56226
-0.225134
0.414773
0.785632
-0.280574
1.08461
0.954946
0.905918
0.139099
-1.52817
1.1475
-1.31975
0.44666
2.82162
-1.52488
0.0943712
-0.603188
1.44513
0.768241
-2.22828
0.447783
-1.07107
0.211764
-0.214076
1.11851
-0.00623841
1.17502
0.324411
-1.46979
0.291507
0.696826
0.629504
-0.304157
0.273858
0.468151
-0.247929
-0.132544
-0.814627
-0.38575
-0.195867
-1.37624
0.12242
2.08658
0.374093
0.997813
0.687458
-0.262801
0.23765
0.687658
-1.19471
1.22292
-1.28267
1.43689
-0.0265855
-0.287711
0.369477
0.117524
0.0181629
0.514161
-1.12706
-1.83951
0.807127
1.24439
0.843935
-0.159505
1.54279
0.767532
-1.30238
1.83838
0.281929
0.308797
0.57747
0.514194
0.1792
0.551647
-0.0564242
0.328135
0.321894
-2.08866
0.455701
0.858354
-0.507462
-1.99051
0.963911
0.339454
0.293975
-1.67167
-1.96309
-0.318839
1.00587
-0.0358139
-0.319567
-0.241598
0.722314
0.602659
0.564237
0.55199
-0.153172
-0.224858
-0.572206
1.20007
-1.61282
0.577061
0.63007
-0.906708
0.514943
-1.54253
-0.0760983
-0.326832
-0.407025
0.255897
0.908675
0.596086
0.0807958
-0.240157
0.304908
0.766652
-0.340535
0.73205
0.670789
1.22958
0.1665
-0.55365
-0.136492
0.406135
0.859187
-1.24694
0.907444
-0.990469
-0.198743
0.888607
-0.0417521
-0.15817
-1.55716
-0.29348
-0.164005
0.189924
-0.26241
1.01605
0.933421
0.286954
0.368421
0.922489
1.2945
2.54878
1.66516
2.04137
0.146392
-0.495006
0.103919
1.29101
0.68557
-0.0970469
0.862418
1.35816
-0.565472
0.0201177
0.29127
0.774112
-0.894894
0.695409
1.28628
1.1487
0.131139
0.187103
-0.360686
0.330689
-0.615354
1.91313
0.0260787
1.54305
1.17254
0.802827
-0.041137
0.447446
0.106398
0.430789
0.81128
0.83133
1.24159
-0.0517888
0.698748
0.298298
-0.934004
0.0771902
0.765389
0.265701
0.411865
-0.908763
0.80305
0.224599
0.156813
0.142341
1.0234
2.67964
0.462757
0.471324
1.9406
0.756601
0.184425
0.331738
1.71459
0.70373
0.229408
-1.59039
0.647241
0.560908
0.775388
0.281581
-0.201218
0.216354
0.636214
0.233813
0.753525
1.41551
-0.686642
0.664872
-0.795725
-0.0710261
-0.238569
0.425791
0.582604
0.447721
-0.191336
0.169545
-1.03999
0.890629
-0.157745
0.65268
0.589983
1.18328
0.313695
-2.10215
0.140935
0.627283
-0.576498
-1.82774
0.331102
0.278357
0.318896
0.641686
0.458445
0.436691
0.787722
0.569374
-2.05749
0.714125
0.523517
0.868212
0.494428
0.554908
0.488706
0.741951
0.676882
-0.768017
0.64622
0.591582
0.88086
-0.0113908
-0.821803
1.12536
0.544559
-1.38328
-0.801671
-1.27018
0.74429
0.931244
0.523926
0.394584
0.105428
0.583734
-1.34704
0.36626
0.282703
0.713099
0.750503
0.809136
0.298182
2.87347
-1.26134
0.463529
0.972794
1.34281
1.71339
2.49925
-0.445759
0.195583
2.06273
1.14867
-1.05803
-0.428169
0.834865
-1.27663
0.785385
0.422489
-0.352612
0.211505
0.233194
0.15974
0.866047
0.471531
0.364922
-0.261236
-1.17368
0.281383
-0.498102
-1.56666
0.503518
0.657828
0.580855
-0.118765
1.31663
-0.243233
-0.114672
-1.24873
0.229477
0.0644452
1.01541
0.623642
1.15673
0.586568
1.7466
0.853548
-0.218679
0.797378
0.302073
0.691599
0.119092
-0.370816
-0.393993
-0.32834
1.01866
0.707277
0.518128
0.468635
-0.263877
0.132469
0.666615
-0.415725
-0.0460812
-0.582152
-1.99026
0.747318
-0.276418
0.822219
0.347399
0.919901
0.545007
0.444579
1.01764
-0.409853
0.4622
0.581173
-0.798096
0.46208
-0.208932
0.656401
0.689978
1.07827
0.669941
0.761003
-0.23879
0.555958
1.04285
0.0937531
0.145621
-0.374424
0.601833
2.1221
-0.561396
0.47423
0.427808
-1.31187
2.76903
1.78655
-1.4735
0.748305
-1.29154
1.16648
1.5018
-1.26613
0.86046
0.404128
-0.5952
-1.24344
-0.760108
-0.418675
0.633098
0.652219
-0.637524
0.857919
1.23397
0.296714
0.248655
0.385725
1.09722
3.12377
0.88173
1.02124
-0.0657197
0.255558
-1.08626
-0.16946
0.733758
0.756955
1.08822
0.816501
-0.0802674
-0.471124
-0.441274
2.45442
1.75735
-0.401824
0.239575
2.11788
1.38672
1.01557
0.297864
2.47613
2.41961
-0.18618
0.959187
0.92458
-0.501279
-0.275303
0.550262
0.893958
-0.206238
-0.162118
0.461025
0.50878
-1.46495
0.771662
0.318716
-2.39606
-0.357731
-1.47922
0.883583
1.13006
0.378295
0.541011
2.08834
-0.313116
0.62139
0.359042
1.18879
0.441915
-0.329449
-0.448463
1.01392
0.061811
-0.612713
0.926275
1.07949
0.171915
-0.84014
0.448488
0.0686146
0.848997
1.13408
0.454768
-0.206172
-0.392992
-0.433041
0.550727
0.512933
-0.335686
0.623006
-0.408972
0.572798
0.771896
-0.26075
0.29351
0.688292
0.676196
0.737039
-1.74799
-0.279613
-0.286913
-0.242921
0.317222
0.223538
0.766777
-0.235859
1.1966
-1.91169
0.617876
0.608404
0.0805961
0.707547
-0.424567
1.08701
1.20546
1.1547
-0.648404
-1.00103
0.681617
0.405203
-0.31769
-0.355856
1.14318
-0.790833
0.361829
-0.875566
-0.206609
-0.292357
-0.223189
-0.467602
-0.179703
0.636659
-0.227431
0.713829
-0.872499
-0.322057
0.573503
-0.759536
1.29144
0.640587
-1.00368
0.280626
1.0672
-1.31745
0.567053
-0.245442
-0.235771
-1.14188
-1.15199
-0.422547
0.567591
-1.6005
-0.57037
-0.307028
1.41512
0.486154
-0.187973
0.560157
1.00163
0.483609
-0.561873
-0.331208
0.477089
0.785213
1.98203
-0.23646
0.456488
0.160101
0.325318
-0.167925
0.595755
0.297828
-0.333482
-0.552102
0.280129
-0.448752
0.410878
0.315108
0.345694
3.00434
0.289877
0.828118
-0.564593
0.115382
-0.268306
0.675245
0.326309
0.200137
-0.390469
0.143315
-0.464496
-2.11589
1.44032
-1.59523
-0.515257
0.677785
0.344707
-0.0960605
0.117405
-0.238204
-0.224152
0.086806
-0.171006
0.178992
0.664598
-0.035963
-0.296484
0.745803
-0.292742
0.530899
1.05691
-0.524489
0.791319
-0.0515349
0.568307
-0.250844
0.746388
-0.124472
-1.21959
-0.18786
-0.961019
0.688924
-0.294369
-0.476974
-0.704755
-0.189028
-0.622147
-0.453811
-1.66059
0.605851
0.531536
1.35962
0.512497
-0.602866
-0.293548
-1.05214
0.733747
0.475913
0.868894
0.821806
-0.222422
-0.342634
0.537615
-0.52853
-0.535762
-0.831161
1.03669
-0.20749
0.780351
0.728828
0.12152
-0.313702
-0.42117
1.069
1.05517
1.07198
0.612554
-0.244848
-0.58482
-0.481645
0.465093
0.742219
-0.408408
-0.545476
-0.222616
-0.405201
1.41424
-0.229244
0.271849
-1.03777
-0.125939
-0.322777
-0.756673
0.401708
-0.210315
-0.390667
-0.38049
-0.377954
0.704666
-0.387441
-0.975018
2.67384
-1.71156
0.909492
-0.49548
-0.0682911
0.236608
1.59396
-0.202692
-0.362432
-0.353371
-1.26888
-1.13511
-1.37459
-0.725125
0.652796
0.521758
0.404696
2.30347
-0.2369
-0.1218
2.29025
-0.764015
-0.227726
0.415683
-0.0934748
0.683381
0.555299
-0.735124
0.0453132
-0.126979
0.501097
0.0990964
-0.451033
0.591425
0.734933
-0.338071
0.141046
-0.280535
0.83719
0.581078
0.670862
0.550752
-0.0652565
-0.435058
0.609293
-0.306734
0.516463
-0.458078
0.641035
0.184981
-0.24316
-0.183103
0.637442
0.378536
-0.499622
-0.416695
0.525904
0.345584
-0.315069
0.333697
-0.0213427
0.38907
0.526783
0.224029
-0.714453
-0.29401
0.0410091
0.421956
1.08211
0.319225
-0.411242
0.69645
0.262305
0.456357
-0.287293
0.294806
-0.196903
0.247875
0.487978
0.453005
-0.612401
-0.393705
-0.555755
0.374967
-0.406043
0.0704207
-0.274978
0.972939
0.470416
-0.365993
-0.426265
-0.3136
-0.379787
-1.20596
-1.20712
-0.23072
0.0348712
-0.226305
0.764729
-0.329675
0.193888
0.473548
-0.344357
-0.341291
-0.301169
2.70678
0.233764
0.364062
-0.376418
-1.38846
0.0881584
-0.471152
-0.183353
1.13264
0.676622
0.140323
0.773677
1.05275
0.355748
-0.0246525
0.279813
-0.300028
0.858175
0.862064
-0.157425
-1.42502
-0.08013
0.189674
0.657003
0.579339
-0.223538
-0.349242
0.61852
-0.283532
1.32794
0.668661
-0.441258
1.27199
0.736718
-0.220925
0.539361
0.321872
-0.326176
-0.341145
-0.303848
-0.695063
1.34035
-0.355898
-0.321807
0.877421
0.778414
0.0418412
0.419791
-0.478209
0.460179
-0.862741
-0.214505
-0.261933
0.500127
-0.265672
1.00656
0.219178
0.240833
0.918432
-0.606646
-0.294135
-0.253872
-0.361695
-0.175495
-0.274052
-0.150272
-0.52329
-0.24014
-0.354866
-1.44369
-1.42316
-0.307179
-0.0133515
0.654736
-0.396403
-0.291922
-1.01513
-0.418925
-0.277524
-0.210652
-0.650045
-0.262732
0.142782
-0.155989
1.29589
1.34806
-0.284206
0.7716
-1.39907
-0.170318
-0.202731
-0.930556
0.562459
0.62516
0.565924
0.866177
0.78732
-0.934842
-0.197915
0.441671
-0.182828
-0.26475
-0.367076
-0.185095
-0.31139
0.0146063
-0.196264
-0.166907
-0.479414
-0.219378
-0.711629
-0.794902
0.766587
-0.198381
-0.18864
-0.43189
-0.280205
0.776045
-0.18515
-0.868816
-0.164229
-0.444595
1.39114
0.748208
-0.0602397
-0.160889
-0.470747
-1.17595
-0.230005
-0.504706
0.522091
-0.46149
-0.317649
-0.443173
-0.505123
-0.182666
-0.563557
1.32475
-0.751112
0.331742
-0.289593
-0.590037
-0.144236
-0.206316
-0.227753
2.79517
0.998716
-0.347132
-1.13004
-1.22679
-0.157903
-0.621688
-0.398319
-0.19007
-0.198296
-0.181776
1.16361
1.03459
0.912619
0.64037
-0.985844
0.56889
0.731374
0.76161
0.750512
-1.896
0.869131
0.713869
-0.258416
0.690742
0.786045
-0.270007
-0.177752
-0.0480781
-0.171306
0.754878
-0.151504
1.09949
-0.508764
-0.15845
-1.42431
-0.286144
-0.750959
0.926877
1.1313
0.65962
0.898311
-0.295853
-0.178177
-1.09864
0.817323
-0.256089
0.62783
-0.680213
-0.924708
0.547662
-0.378909
0.661503
0.763767
-0.00533643
-0.443593
1.09758
-0.352654
-0.309949
0.880215
0.574096
0.558488
-0.435359
-0.522513
0.863241
0.619211
1.63546
-1.44979
1.55049
-0.544463
0.862741
-0.503717
-0.163398
0.833433
0.353797
-0.622262
-0.794555
-0.252735
0.0527468
0.496904
0.482653
-2.40164
0.839652
-0.227207
0.553349
-0.319704
-1.22789
-0.276691
-0.251146
0.390514
1.03636
-0.950672
0.826897
-0.489938
0.212486
-0.300363
1.36677
-0.224985
-1.22624
0.112575
-0.383632
-0.488534
0.454115
0.455737
-0.429011
-0.525567
0.429974
-0.240178
-0.637821
-0.22437
0.839096
-0.25134
0.0537156
1.07664
-0.372946
-1.11877
0.801007
-0.516704
0.841837
0.828892
0.631404
-0.267323
0.351152
-0.394533
-0.203867
-0.744589
0.29215
1.51179
-0.225772
0.293582
0.330606
-0.257278
-0.230584
0.39052
-0.164663
0.666368
0.32018
-0.557297
0.814344
-0.212074
-0.248795
0.943866
-0.221448
-1.16473
-0.209159
1.62088
-0.383478
-0.842405
0.815416
0.95309
-1.47116
-0.269159
-0.22116
-0.287615
-0.280114
-1.18498
0.277131
-0.252114
0.252081
-0.779537
-0.330821
-0.272291
0.842936
1.01239
0.208839
1.12353
0.92276
-0.126344
-0.544335
0.801393
-0.991263
0.19392
-0.245458
-0.8939
0.822439
0.49109
-0.216655
0.119422
-0.236038
1.14573
-0.48369
0.0855147
0.169501
0.762919
0.8918
-0.188439
-0.497661
-1.29324
-0.30781
2.49616
0.74515
-0.86841
-0.239869
-0.0575294
-0.278748
0.448244
-0.225052
0.724487
-0.173724
-0.242895
-0.20186
0.708339
0.391324
-0.122956
-0.335499
-0.785308
-0.233023
-0.665475
-0.0399095
-0.19913
0.85115
-0.242242
-0.27218
0.786296
-0.05541
0.0730102
-0.20542
-0.219438
-0.718037
-0.213391
-0.254478
-0.192476
-0.930909
0.726724
-0.686581
0.51084
-0.277072
-0.248048
-1.10443
0.846738
-0.258929
-0.655301
-0.0596206
-0.195765
-0.221782
-0.236715
-0.320795
-0.236702
-0.212856
-0.205931
0.947091
0.669819
-0.296385
0.382067
-0.274603
0.688213
-0.330826
1.22586
-0.220672
-1.15343
-0.295387
-0.227467
-0.228851
-2.37843
0.662812
0.527251
0.386535
0.694565
0.553343
0.394643
-0.111943
-0.254394
-0.246732
-0.0822747
2.25231
2.30156
-0.752197
-0.723147
-0.354341
-1.16122
-0.729055
0.260868
-0.270476
0.670965
-0.58048
-0.48369
-0.38255
-0.236582
0.593377
0.801695
-0.691193
0.656334
0.568575
-0.191332
-0.242029
0.625685
-0.315495
-0.227048
0.173632
0.532576
0.726115
-0.357064
-0.229453
-0.365139
-0.637028
1.0475
-0.258069
0.632666
-0.346131
0.632304
0.594353
0.859587
-0.518883
1.66456
-0.235442
-1.36151
-1.24176
0.893264
0.588577
-0.25844
0.501573
0.555545
0.836711
-0.318739
1.47578
0.676797
-0.338238
-0.342342
0.372208
0.339935
0.406336
0.438926
-1.35554
-0.400444
1.01659
0.183897
-0.999505
-0.537162
-0.309576
-0.341049
0.473486
-0.41211
-0.363194
-0.712088
1.13377
0.379118
-0.368021
-0.567079
-0.279391
0.64853
0.986064
-0.541133
0.51797
-0.190207
-0.194536
-0.188109
-1.05174
0.169228
-0.377947
0.311402
-0.282906
-0.445795
0.622349
-0.21478
-0.354372
0.114374
-0.227907
-1.97469
0.202176
0.47695
0.437888
-0.450075
0.27836
-0.390797
0.244918
0.136806
-0.832824
0.340563
0.255314
0.299662
1.44587
0.397141
-0.792791
-0.396418
-0.168637
-0.0786229
0.0715981
-0.216236
0.762648
-0.24899
0.731644
-0.0989688
0.845944
0.211102
-1.0869
0.766279
0.935968
0.840019
1.18701
-0.398757
0.0624235
-0.0423577
-0.372037
-0.48223
-0.0294639
-1.96273
0.111253
-0.30312
-0.389694
0.00941219
-0.944878
-0.827614
0.165383
1.00893
-0.221937
-0.528
0.99524
1.02295
-0.844095
0.00654556
1.56831
-0.904193
-0.484749
1.01699
0.936517
-0.31847
0.794849
2.30157
-0.419881
-0.281069
1.34148
0.816375
-0.252441
-0.579042
-0.466116
-0.360027
-0.243125
-0.167124
-0.0492467
0.409461
1.28693
0.835458
1.01647
-0.108638
-0.260055
-0.429189
1.28698
-0.319998
0.763072
0.551891
-1.11181
-0.629874
-0.461839
1.22791
-0.69496
-0.637297
-0.942235
0.810497
0.78395
-0.609208
-0.421317
-0.520769
1.15771
-0.521477
1.34035
-4.55666
-0.440539
0.777644
-0.342381
0.72229
-1.40818
0.719878
-0.945111
-0.241633
0.788314
1.21287
0.247156
0.406227
0.734893
-0.487542
-0.468348
0.881757
-0.259294
0.704584
0.760972
0.857436
0.39709
0.922057
0.770009
0.795385
0.820099
0.684121
0.587338
0.653651
0.746497
0.757456
0.832707
1.09183
0.665843
0.186013
-0.449993
0.915363
-0.506624
-0.222283
1.0446
-0.31877
0.764001
0.643729
0.763275
-0.46314
0.762592
0.547274
-0.562262
-1.0855
0.0812301
0.614582
-0.384839
1.04201
-1.19931
-0.368472
0.774542
0.569005
0.585571
-0.214345
-0.646067
0.491642
-0.253268
2.68867
0.51326
0.564026
0.0653213
1.23156
0.452492
0.510839
-0.454105
0.41521
-0.146095
0.468577
0.612726
0.491209
0.73909
0.457081
0.785686
1.46841
0.377894
-0.499098
0.942569
-0.527533
0.423633
0.823507
0.51407
-0.405856
-1.39053
-0.218687
0.868376
0.924312
-0.734525
-0.10866
0.56664
0.862534
0.315864
0.31844
0.744489
-0.74904
-0.584109
0.301462
0.368722
0.595357
-0.7916
-0.0707191
0.791232
-0.850715
-3.41116
-1.00434
-0.3914
0.72312
0.305185
-0.814453
0.259623
-0.5622
-0.569073
-0.61438
-0.0916473
-0.783875
0.797673
0.780591
0.254325
-0.276249
-0.684621
0.474312
1.11151
-1.14933
1.03891
1.0868
1.00359
0.187875
-2.07322
0.803952
0.21202
-0.443052
0.529845
0.856409
0.143322
0.840051
0.085209
-0.607286
-0.844066
0.10065
-0.391832
0.982236
0.0906125
-0.208977
0.81503
0.983153
1.34412
0.071064
-0.899123
0.798243
1.008
1.37992
0.378933
0.0418746
-0.204188
1.00492
-0.208683
-1.94266
1.17287
0.783548
-0.564346
-0.0576897
0.914817
1.03098
0.985834
2.93361
0.861058
-0.626005
-0.0505198
0.826876
-0.0361173
-0.892245
0.93725
0.561427
0.915529
-0.382794
-0.780366
-1.28487
-1.8257
-0.0899742
0.968763
0.892098
0.293543
2.98865
-0.420596
0.747562
-2.87323
-0.206352
-0.508475
-1.0794
-1.00361
-2.51511
0.212488
0.886372
1.01115
-0.686746
-2.26387
-1.27527
0.826746
-1.06723
-0.267178
-0.2078
-0.789053
-0.264289
-0.933726
-1.4142
-0.541999
0.787219
-1.74128
-0.61009
-0.287995
-0.676056
1.29888
0.994944
-0.440718
-1.50945
0.732672
-0.288211
1.07501
-0.213654
-0.777132
-1.20199
0.808459
-0.78055
-0.267664
0.826568
0.221533
0.970433
0.16419
0.396975
0.00998192
-0.484009
-1.38893
-0.748831
-1.20117
0.851403
1.20186
0.403945
-0.513765
0.984424
1.12932
-0.284862
-1.6869
-0.588452
1.28949
-0.0205121
1.10604
0.599281
-0.20984
0.723497
0.798951
0.737474
1.07314
0.769868
0.838364
0.888621
0.367332
0.66257
-0.584654
0.671322
-0.859439
-0.208382
1.05601
0.641548
0.546427
1.25422
-0.358045
-0.474438
-0.00220301
0.885269
-0.819411
-0.120145
-1.85627
0.87939
0.963014
0.753753
0.553109
-1.12381
-0.391467
0.756598
-1.04405
-0.137253
0.865386
-0.422512
-0.137751
0.583665
0.477911
-1.65218
0.765152
0.892898
0.809641
0.329551
0.898266
0.951707
0.64264
0.557259
0.111463
-0.892406
1.01876
0.0305229
1.23829
-1.85793
0.969986
-0.941499
-1.02821
-0.557242
0.290603
1.51252
0.508784
0.414459
0.630697
-0.678659
-0.309602
2.3693
2.20929
-0.809526
-0.167956
-0.0231004
-0.664616
0.3319
1.48766
0.4753
1.85807
0.604947
0.754014
1.11716
0.954794
0.46077
0.586489
0.694578
1.32833
-1.56399
-1.81517
0.948627
0.938046
0.449969
-0.201783
1.20379
0.966508
-0.442836
1.09262
0.647093
1.26718
1.30704
0.385498
-0.809893
0.474193
-0.150982
0.699109
0.732732
0.474386
1.03247
1.62075
0.579155
-0.663197
-0.72787
0.585509
0.512834
0.360589
1.43629
-0.732214
0.760374
0.709986
0.611273
0.321374
-1.0253
-0.214717
-0.977459
0.597433
-0.662144
-1.34332
-0.503029
0.302504
1.22295
1.06426
0.668838
0.608579
0.579637
-0.207124
0.763911
-0.407792
0.227771
-0.965277
0.497067
0.401245
0.70063
-1.62
0.803068
0.526171
0.791447
2.41673
-0.363549
2.1738
0.277834
1.80017
1.42975
1.05928
0.782931
0.339561
-1.84914
-0.719345
0.746201
0.339815
-1.81771
0.976333
0.544415
0.205439
0.764604
0.74661
0.654619
0.578959
0.96785
0.75671
0.81192
0.742985
0.980823
-0.170338
-1.47673
0.790964
1.41107
-1.55812
0.998868
0.666739
0.743205
0.756849
0.630772
0.71128
0.961351
-0.179389
0.300681
-1.36484
-0.259496
0.749392
-1.57539
0.746573
-0.322612
0.16797
0.776483
0.784708
-0.897701
0.857399
0.657058
2.73759
-0.925416
-0.287421
0.937379
-0.853929
-0.540448
0.0647668
0.798714
-0.657167
0.295206
2.25021
-0.191574
-0.244661
0.21552
1.0181
-0.229432
0.239698
-0.598156
0.842282
1.36181
0.831091
0.111776
0.614446
-1.39067
-0.664105
-0.388345
0.576315
0.768187
-0.0423297
0.593138
-3.82067
-0.232547
0.727853
-0.855914
0.118747
-0.445304
1.22861
0.592681
-0.25067
0.478076
0.254522
-1.22668
-0.126904
0.572115
-0.435794
-1.29472
-0.21188
0.493494
0.446694
-0.167333
-0.343537
0.544202
0.522043
-0.634868
0.775905
1.3012
0.472461
-0.383081
0.544258
-1.61139
0.4059
-0.204316
0.345605
-0.272399
-0.0248319
-0.317927
-0.454532
-0.688846
0.967053
-0.423788
0.698025
0.672598
-1.40453
-0.660381
0.883983
0.934702
-1.63928
-1.63757
-0.0677798
0.853016
0.356737
-0.0836606
1.75617
-0.745927
0.317951
1.48851
0.764063
0.767186
-0.276198
-1.41359
0.621213
0.789703
0.356383
0.959754
-0.586351
-0.746335
-0.193018
0.539409
-1.77625
0.268654
0.0988552
-1.66713
0.269576
-0.25701
-0.209825
0.816175
0.277194
-0.314657
-0.325513
0.978562
0.764571
-0.155111
-1.47364
-0.478233
0.790642
0.753228
0.399244
1.14591
0.74136
0.696032
-0.269747
0.621775
1.02226
2.32607
0.162285
-0.713611
0.177601
1.46669
-1.37538
1.11279
0.624792
0.0510502
-1.56023
-1.05588
0.177279
-0.341176
1.06742
-0.0891686
1.60495
0.768941
0.567018
0.21322
-1.45236
-2.00466
0.978536
-1.49729
-0.580117
-1.19637
-0.361186
-3.13666
-0.273683
0.497826
0.747209
0.983806
0.773406
-1.34828
0.637977
1.43058
0.66866
-1.08793
-0.299479
-0.140773
0.890803
0.680978
-1.34004
-0.86172
-0.361528
-1.96892
-2.1541
0.926064
-0.0426628
0.604312
-0.409482
-0.40195
-0.0946685
-0.0594556
0.839385
-1.889
0.923255
0.456481
0.527801
-0.297945
-0.688628
0.707856
-0.240967
0.91226
0.850985
-1.26765
0.333325
1.57241
0.932906
1.20459
1.14009
0.673812
1.08512
0.895814
-0.371155
1.00444
-0.774176
0.673427
0.942292
0.372334
0.548415
-2.708
0.468468
0.0634343
0.383679
0.932592
-0.0138427
1.65305
-0.363667
-2.38526
0.0520264
-1.7875
-1.55277
-0.727126
1.16348
0.466956
0.988433
-0.544817
0.0122214
-0.880048
-0.410841
-1.14107
0.258098
0.293449
0.226123
0.716526
-1.6984
0.240259
0.720895
0.356154
0.947299
-1.21212
-1.18673
0.182341
1.73738
0.493942
-0.356926
0.770227
0.639113
-0.245968
0.54718
0.680302
-1.19401
-0.243124
-0.529167
0.902912
1.01943
0.312264
-0.388801
0.758683
0.960471
-0.345488
2.28501
-1.71784
-1.47043
1.72164
0.60012
-0.43723
-1.54565
0.257789
0.707764
0.625991
0.599704
0.336608
1.19168
0.370201
0.0225826
0.551653
-1.59267
1.20277
-0.389825
0.394764
-0.713726
0.526264
0.622294
0.673463
-0.308074
0.568867
0.878941
0.935499
1.76642
0.864719
-0.0227161
0.578699
0.468192
0.718884
0.564689
0.736143
-0.16072
0.500963
-1.23934
0.302502
-1.40226
-1.2476
0.809375
0.476082
0.405442
0.0976229
-0.303141
-1.66701
0.439632
-0.1417
-0.205353
0.698629
0.563531
0.666867
-1.44284
0.493953
-1.35381
0.488015
0.705146
1.83769
-0.475501
0.843661
0.887594
-2.79222
0.127605
0.731068
1.26231
-0.189357
0.873454
0.761688
-0.584015
0.791437
-0.353854
2.02538
1.26195
1.61654
-0.453815
0.160374
-1.26593
1.03706
0.286633
0.317843
0.513367
1.01332
1.05581
-1.61782
0.231384
1.31881
0.878239
1.87029
-1.30526
0.330571
0.602644
0.632004
-0.564074
0.344113
-0.523701
0.386227
-0.215178
1.65569
1.7582
-1.22549
-1.56806
0.798702
-1.65859
-0.588619
0.357596
-0.144618
0.603269
-1.16888
0.482241
-1.10685
1.31486
1.07197
-1.20942
1.13576
-1.78099
-1.75651
0.355413
1.2396
0.8338
0.666119
-0.782913
1.21744
0.551972
0.218808
0.370664
0.587424
-0.521851
0.419617
1.15533
-1.63617
1.06038
0.883266
0.161227
0.476564
-0.657905
1.75372
4.23574
0.522532
0.314626
0.0847257
0.362624
-0.255092
1.31481
-0.302813
0.278055
-0.0128508
0.198953
-1.02152
-1.98924
3.15516
0.713582
3.26912
0.240158
-0.242541
-3.0275
-0.51902
3.04907
-0.100648
-0.269871
-0.717121
0.155538
-0.204497
0.821667
-0.392111
-0.202957
-0.589584
-0.782051
0.377504
-0.139531
2.36572
0.705414
-0.906632
0.902699
-0.0134754
-0.26394
0.503301
0.572982
0.331831
0.638779
-0.0719936
0.959145
0.182801
-0.961066
-0.713591
2.26765
2.70683
0.125864
2.44669
0.763642
0.828883
0.438526
-0.515509
2.64164
2.96323
2.81691
2.51271
-0.458584
-0.30949
1.14353
1.09492
0.0517655
1.1997
-0.654849
-1.22742
-1.04788
0.24924
1.70043
1.57018
-0.841821
1.83632
1.94131
1.88435
2.56965
1.32979
1.64421
1.46535
1.39435
2.8786
2.071
1.51401
1.27362
1.024
2.76508
2.0154
1.76505
2.32558
-1.09555
1.01642
-1.42051
0.697812
-0.283342
1.53932
1.57428
0.884875
-0.609439
-1.51128
-0.087452
1.72472
0.455532
0.894921
-0.551603
1.85668
-0.42504
0.428519
-0.091058
0.410065
1.06155
-0.412003
0.901752
-0.462469
-1.11269
0.117014
0.583921
0.0549201
0.528637
1.36083
0.437526
-0.242816
0.0857341
-0.657056
0.942214
0.401678
0.812909
-0.483966
0.326335
0.733984
0.673142
0.60492
0.265416
0.752528
0.354041
-1.47705
-0.850833
0.448758
0.75669
1.19007
1.30626
-1.05053
0.86839
0.460919
-0.201152
0.50899
1.91368
0.341809
0.0141722
1.0853
1.95095
-0.349315
0.756719
-1.61565
0.743575
-0.434524
1.60227
0.167932
-1.25574
-0.155725
2.11469
-0.277102
1.38079
0.574088
-1.70703
0.433768
-0.530483
-0.0498644
0.00308443
0.30253
1.27986
3.01619
0.930484
2.78251
1.72135
0.914109
-0.143405
-1.61291
2.08015
0.0515019
-0.351749
-1.61472
1.45771
0.490066
1.34322
0.938763
-0.250403
2.82326
0.325194
0.538439
0.951575
-0.276856
-0.327667
0.259588
0.948854
-0.216351
-0.28106
-0.0843034
-2.05372
0.910345
-0.27088
0.579672
-1.62488
-0.0490458
-0.202898
0.223225
-0.313272
0.808131
1.16687
0.0312862
-0.610034
1.90945
1.53738
-1.19834
0.0412288
-0.372527
0.926191
-0.11854
-0.889939
-1.64784
-0.247326
0.549778
-0.286315
-0.341413
-1.64929
0.616495
0.469422
1.0066
0.328924
-0.0179042
0.737479
-1.64353
-0.51399
0.295251
0.543696
-1.73681
0.54783
0.132509
0.776608
-0.253079
0.425491
0.545888
-0.57357
1.69174
0.650933
0.78684
3.01223
-0.408468
0.196072
-0.440059
-0.201847
-0.472623
1.12113
0.619316
-0.157918
-1.56879
-0.085434
0.724728
-0.0861094
-0.721284
-1.19933
0.275865
0.526705
0.105841
0.695643
0.71772
0.283942
0.200495
-1.14755
-2.43794
0.564406
-1.02285
-1.18845
0.266493
1.14377
0.896419
0.136649
0.38085
2.19541
0.931443
-0.19615
-1.78319
1.51791
0.620609
3.25691
-0.203398
0.141811
0.314629
-1.56358
0.308885
-1.32774
1.03605
1.49671
0.790996
0.00338665
1.12421
-0.0302953
0.514766
-1.07183
-0.262985
0.695303
-0.991792
-0.0415911
0.690659
-1.7002
0.0936527
-1.71236
1.58084
0.78069
0.0851062
-0.0198823
0.413426
-0.139852
0.582527
0.216127
0.137506
-2.73209
0.572614
-2.55509
-0.192854
-0.129302
0.741654
0.192826
-0.0587724
-1.13102
-0.26079
-0.195768
-0.260277
-0.629375
1.60076
0.869977
-0.170118
-0.302898
-0.818696
1.6286
0.0699932
-1.45439
0.517144
-1.56724
-0.195862
0.14769
-0.817967
-1.0899
0.560251
1.06075
0.481378
0.218332
0.196991
0.189687
0.348067
-0.00572252
-0.0941886
-0.176226
0.70272
0.416128
-1.70204
0.0125793
-0.495969
1.10931
0.178257
0.790655
-0.942103
-0.786916
-1.6437
0.291943
-1.12198
0.696145
0.342737
2.20075
1.86354
0.489664
-1.03616
0.800312
0.635559
0.293216
-0.297474
-0.172578
-0.142571
-0.128548
-1.73959
0.744188
-1.43462
0.569828
0.738655
1.02815
-0.218154
-0.605613
0.924255
0.760137
0.628896
-0.191476
-0.418857
0.423179
0.3376
-0.993976
-0.112547
-0.427492
0.61493
0.478152
0.241974
-0.644288
-1.69981
0.282077
1.03907
-2.73388
1.6385
-0.171893
0.537114
0.616852
0.780106
0.0471377
-1.52267
2.03137
-0.243501
-1.45538
0.93378
-0.944907
0.486784
0.226189
-0.13658
-0.303792
0.562653
-1.23549
-0.282387
0.697801
3.79377
0.736472
0.683327
0.179932
0.536436
0.917243
-1.12763
0.903276
-1.29624
-1.31062
0.755755
0.235378
-0.73534
0.439427
0.805952
0.817128
0.30747
0.827012
2.11814
-1.23115
-0.495207
0.472588
-0.477572
-0.231564
-0.969187
1.6094
3.53809
0.178509
-0.253821
1.06546
-0.165558
-0.518536
-1.49723
0.0222109
-0.450789
3.14486
-0.0105898
1.89901
-0.426176
-0.589254
-0.281079
3.00121
-0.243989
0.397448
-0.0943419
-0.406265
-0.179109
-0.37977
-0.736082
0.722672
0.596845
-0.585823
-0.582014
0.836306
0.683424
0.548271
-0.87419
0.369733
0.926265
-0.271595
2.64683
2.46061
0.462702
-0.0544493
1.01052
2.4352
0.0555708
0.0593336
-1.02565
-0.492019
-0.823911
0.261598
0.832656
0.235084
0.149349
-0.933335
2.90363
2.32799
2.81885
2.54608
1.11532
2.63442
1.20185
-0.695829
2.73237
1.20785
1.75162
2.83685
1.38093
1.94254
1.57837
1.57231
1.85677
2.30795
1.66734
1.03637
1.40677
1.48577
1.9498
2.03907
1.29674
1.77747
-1.0436
0.762291
0.845523
1.12512
-0.492041
1.05498
0.60407
0.256253
0.171098
1.20293
1.0224
3.2053
-0.672937
-0.146587
-0.116602
-0.0842883
-0.896688
-1.6137
0.566331
1.15671
0.227237
1.86518
1.04174
0.53215
-0.124795
-0.0114016
2.69714
0.752089
0.946142
0.653448
-0.365505
0.699541
0.246158
0.787146
-1.1689
-1.15388
-0.366695
0.337679
0.403175
1.17586
-0.233818
1.74014
-1.52565
0.342899
0.66016
0.6882
0.038648
2.02794
-2.1041
0.667094
0.938298
2.21833
0.390323
-1.46244
1.04661
0.705969
-0.875241
0.948923
0.835891
-1.73818
0.78316
0.0834455
0.454082
-0.0430712
-0.411875
-1.621
-1.43125
0.655079
-0.181181
0.664309
-1.57261
-0.0724251
-0.253944
0.04806
0.298702
-0.738358
2.31575
-0.237293
-0.0962491
0.404681
0.549993
0.681079
0.673975
-0.745282
0.201218
0.729878
0.73655
-0.932836
0.312513
-0.173132
-1.11463
0.822211
0.915538
0.293581
0.320641
0.47792
0.753583
0.688369
-2.60234
0.652447
-0.618267
0.640583
0.545948
2.30618
-0.123185
-0.0821115
-1.68622
-1.31396
0.597986
0.661739
0.175485
-0.931619
-0.0596188
-0.1342
-0.126754
0.915303
-0.233001
-1.65505
0.140167
0.444985
0.742066
-1.5958
1.597
-0.441776
0.345111
-1.03965
0.496133
1.30126
0.251819
-1.19207
0.560914
-0.0985856
2.11022
0.243489
0.674094
-0.32347
0.255852
-1.47224
0.63442
1.20623
-0.292004
-1.51402
-1.65944
-2.55632
-1.4507
0.575286
-0.0335555
0.439342
-0.865339
0.737377
2.99542
-1.6297
0.81709
2.5871
0.372456
0.461553
0.662898
-1.6504
0.511046
3.09321
0.716404
0.466665
1.17967
0.502359
3.11393
0.221635
-0.820601
0.27605
2.04949
0.630346
1.15942
0.499717
0.641294
0.822118
-1.15875
0.501928
-1.12824
)
;

boundaryField
{
    frontAndBack
    {
        type            empty;
    }
    bottom
    {
        type            zeroGradient;
    }
    inlet
    {
        type            zeroGradient;
    }
    top
    {
        type            zeroGradient;
    }
    outlet
    {
        type            fixedValue;
        value           uniform 0;
    }
    car
    {
        type            zeroGradient;
    }
}


// ************************************************************************* //
