/*--------------------------------*- C++ -*----------------------------------*\
  =========                 |
  \\      /  F ield         | OpenFOAM: The Open Source CFD Toolbox
   \\    /   O peration     | Website:  https://openfoam.org
    \\  /    A nd           | Version:  7
     \\/     M anipulation  |
\*---------------------------------------------------------------------------*/
FoamFile
{
    version     2.0;
    format      ascii;
    class       volScalarField;
    location    "30";
    object      p;
}
// * * * * * * * * * * * * * * * * * * * * * * * * * * * * * * * * * * * * * //

dimensions      [0 2 -2 0 0 0 0];

internalField   nonuniform List<scalar> 
7724
(
0.13224
-0.00949335
0.5038
0.291648
-0.00149154
-7.58018e-05
0.537574
-0.00862546
-0.00023334
0.125754
-7.15182e-05
0.00386443
-0.0128598
0.061231
0.131366
-0.017347
0.136142
-0.0166058
0.00140746
-0.0828587
0.0795823
0.00252915
0.0446199
0.254976
-0.0215243
0.159341
-0.00138754
0.0759514
0.210867
0.00360022
-0.022911
0.95023
0.0437637
-0.000845094
-0.000196723
0.102341
0.00421021
0.514265
-0.00740573
-0.00059772
-0.00681305
-0.0165339
-0.0891837
-0.0889564
-0.000364439
-0.000156284
0.0024687
-0.00774474
-0.000131636
-0.082051
0.00584035
0.0719377
-0.0269805
-0.0069512
0.1011
-0.00773246
0.00149147
-0.00857605
-0.0350604
-0.000874186
4.83256e-05
0.00750587
0.0617226
0.00427448
-0.00164515
-0.022563
-0.000191438
3.32662e-06
-0.0142138
-0.00731991
-0.00014435
-0.0640483
-0.0208736
-0.0344291
-0.0161427
-0.0492324
0.490169
0.0783147
0.0424609
-0.0675027
-0.0123545
0.491471
0.114096
-0.0363991
-0.0024292
-0.00382068
-0.00922617
-0.0262267
-0.00114145
-0.00732892
0.215637
-0.112673
-0.000246795
0.00172241
-0.00584191
-0.0359816
-0.0604917
-0.00348296
-0.00266907
-0.00195079
-0.0585616
0.0500804
-0.00554063
-4.26247e-05
-0.108641
0.213329
0.81275
-0.00822487
-1.60903e-06
0.0388289
0.272412
-0.0603247
-3.90113e-06
0.0411428
0.21566
0.000703848
-0.0833673
0.16963
-0.0459464
-0.0355543
-0.060733
0.466803
-0.0844775
0.0163043
-0.0591525
-0.00165312
-0.0209354
0.00293615
-0.00174023
-0.0234047
-0.165111
0.0463425
-0.00105042
-0.00133363
-0.0376274
0.265819
0.617617
-3.70279e-05
0.0131944
-0.0755928
-0.0326447
-0.0566489
-0.0499538
-0.0332577
0.822246
-0.0260346
0.211508
-0.0347288
-0.0448671
0.465053
0.0975614
-0.0968468
-0.00257617
-0.0290903
0.114093
0.45614
-0.0568771
-0.0127898
0.736343
-0.000120211
0.000680558
0.264829
-4.28229e-05
-0.00353255
-0.00655851
0.341724
0.342772
0.771708
-0.00395782
-0.005154
3.76491e-06
-0.0625499
0.000692315
-0.00176118
0.0143541
-0.0444308
-0.0876598
0.0807688
-0.000246336
-0.000892657
0.29204
-0.000119464
-0.000210498
0.531463
-0.0161985
-0.048795
-0.0434405
-0.0330171
-0.0295674
-0.0737806
-4.56087e-05
-0.0585218
0.0798621
-0.00560146
9.85434e-05
0.160331
-0.00211466
-0.0220694
-0.0276913
5.47885e-06
0.00146208
0.27879
0.108348
0.47259
-0.0766092
-0.0554949
-0.138801
0.082796
0.280993
-0.000389186
4.21025e-05
0.759283
-0.0147066
-0.0010872
-0.0560553
-0.0219033
0.400676
0.41962
-0.062294
0.897721
-0.00196367
-0.0161647
-0.0599954
0.0979603
-0.109598
0.0808172
0.742622
7.79791e-05
0.0171622
0.182343
-0.00701168
0.16446
-0.000976669
0.832915
0.449846
-0.00913585
0.00444355
-0.000556545
0.0148443
-0.000181211
-0.0109243
-0.0724198
-0.000144145
-0.0023201
-0.000784429
0.149576
-4.44058e-05
-0.00759676
-0.0660041
0.951008
0.0388748
0.819049
-9.18277e-05
-0.0304637
-0.000355972
0.48502
0.00716894
0.618593
0.00196652
0.00122
0.00147847
0.0867961
0.000976444
-0.000421932
0.000856138
-0.00739321
-0.0503096
-8.64002e-05
-0.05515
-0.0062579
-0.00027034
-0.00112157
0.579517
-0.0128361
-0.00136091
0.910685
-0.00253609
0.215163
-0.000391902
-0.00125545
7.85233e-06
-0.04109
0.0942221
-0.0829182
-0.0355549
-0.000754746
-0.07159
-0.0246427
-0.000337528
0.00082739
-0.00382335
-0.0124406
0.00524396
-0.00219325
-0.0348469
-0.0444887
-0.0342972
-0.0769293
-0.0427607
0.39979
0.426468
-0.0026083
-0.122704
-1.68363e-05
-0.00419196
-0.0358344
0.247476
0.128293
0.000141334
-0.00389227
-0.0415724
0.17977
-0.00177166
0.00640624
0.00212812
-0.00743743
-0.166977
0.297305
-0.00278977
-0.0145899
-0.00022332
0.00710082
-0.000107756
-0.0285026
-0.000633805
0.0053222
-0.158552
-0.0444746
0.00112301
0.0155436
-0.00131874
0.0322709
-0.0135749
0.0680424
0.15967
-0.177377
-0.0904537
-0.025098
0.00910085
-0.0706942
0.789812
-0.0793917
0.0515391
0.877967
-0.00269669
-0.00305463
-0.100828
-0.00194666
-0.0223172
0.0113646
-0.00486794
-0.00364968
0.189988
-0.000148412
0.00093192
0.000109908
-0.00586459
-0.0121286
-2.00979e-05
-0.00194063
-0.033736
0.746496
0.00202564
-0.0143755
0.680781
0.401365
0.061542
-0.111943
-0.0628949
0.00877449
0.326593
-0.0179854
0.292349
-0.03445
-0.100766
0.122819
0.284157
-0.0514527
0.119393
0.0575041
0.242407
0.0803046
-0.00526938
-0.00724854
-0.000174548
0.00155298
-0.0183134
0.00164178
-0.000209811
-0.00284332
-0.070745
0.037963
-0.0265389
-0.00530392
-0.00650702
-0.0148971
-0.011839
0.00283714
0.0457375
-0.00330761
-5.6222e-05
-0.000128415
5.67497e-05
-0.0318152
0.184713
-0.00689914
0.0481774
-0.120843
0.505241
0.00556716
0.0120284
-0.00872783
0.555337
-0.00188276
0.282574
0.216856
-0.00022774
-0.0369745
-0.00565705
-0.0544065
0.000958995
0.0731255
0.00464787
0.0111349
-0.00152974
0.130725
0.188181
-0.0563058
-0.0341814
-0.00405752
-0.0297689
-0.0218416
0.931723
-0.078011
0.00778179
-2.73815e-06
-0.0210541
-0.00397391
0.0295654
-0.0976503
-0.127831
0.563964
0.162055
-0.128308
0.163738
0.542134
0.0491303
0.00204038
0.320276
-0.00163634
-0.000354022
-0.0268095
0.00012799
-0.151853
-0.00184412
-0.0370852
0.00331888
0.176032
-0.00313728
-5.81418e-05
-0.105942
0.00301677
-0.00111771
-0.0566972
-0.0745417
-0.112507
0.185365
0.152351
0.15706
-0.000390347
0.0240292
0.0747364
-0.000968895
-0.0255872
0.00103569
0.007701
-0.00701507
0.00842265
-0.00141272
0.0245915
-4.66769e-05
0.000317663
0.00346873
-0.03304
0.035081
-0.0348138
-0.0378121
-0.0454439
-0.123635
0.00615782
0.303072
-0.140421
-0.0110392
0.845901
-0.0593146
-0.0126464
-0.0382841
-0.0111028
-0.031146
-0.016378
0.0461255
-0.0886632
-6.26368e-05
0.0406242
-0.000190759
0.431238
-0.0163419
-0.0082281
-0.0218018
-0.000360356
0.496089
0.336038
0.00799584
-0.00727577
-0.0641138
0.64308
-0.000138454
0.0195358
-0.0273125
0.0970341
0.78779
-0.0306311
0.162138
-0.00383219
-0.000387144
-0.0124403
-0.148498
0.520907
0.00436158
0.264291
-0.0116582
0.525265
0.319104
-0.0145818
-0.0124648
-0.0129507
-0.0755356
-0.000178395
-0.0201846
-0.0732024
-0.0685241
0.0196467
0.0159935
-0.000253497
0.328896
-0.00226255
-0.000205394
-0.0401552
-0.000901756
-0.000423107
0.00512697
0.212317
-0.0938584
0.721745
8.75164e-05
0.199378
-0.0318057
-0.000163897
2.08118e-05
0.207109
0.217894
-0.00679275
0.208191
3.00898e-05
0.217931
-0.17129
-0.0152566
0.577648
-0.0534966
-0.00642596
-0.0367147
0.208788
0.205904
-0.0248474
-0.0311699
-0.0101273
-0.00481283
-0.000382681
-0.00238952
0.275841
-6.31078e-05
0.217237
-0.0933153
0.427963
0.207648
-0.0744917
0.685851
-0.00274755
0.00454627
-0.0627859
-0.0297825
-0.0105274
-0.0353475
0.033043
0.84483
5.59565e-05
-0.0032241
-0.056911
5.50344e-06
0.435875
0.00306298
4.16379e-06
0.000300091
0.000627891
-0.0269177
0.0282647
-0.002611
-0.000168296
-0.0111532
0.00325359
-0.104127
-0.0684112
0.0359364
-4.81552e-05
-0.15649
-0.0197506
0.00909629
0.43282
0.00179957
0.0369535
0.000233054
-0.018927
0.113398
-0.0105824
0.212327
-0.0194649
0.0227885
0.117664
0.153753
0.00642668
-0.0156153
0.137275
-0.0810948
0.486759
-0.0141546
0.20891
-0.0140374
-0.00196342
0.155087
-0.00221871
0.10521
0.00314375
3.73843e-06
-0.115063
0.0434309
0.00233338
0.0158606
-0.0185326
-0.154306
-0.00714775
-0.0360145
-0.00281444
-0.0133501
-0.0689241
-0.0390069
-0.0147776
-0.000292088
0.522844
0.0417898
0.0474712
-0.000366957
0.32703
-5.26869e-06
-0.000339821
0.0616969
-0.000408912
0.0390623
0.0744759
0.0273557
-0.0673292
-0.127016
-0.109683
0.0021705
-0.0553496
-5.16026e-05
0.00569186
0.206047
-0.0237808
-0.00460798
-0.0178104
-0.00325893
-0.000733602
0.891618
-0.0149147
-0.000959152
-1.32998e-05
0.170015
-0.041764
-0.000594731
-0.00455406
0.196628
0.081853
-0.0504836
-5.91701e-06
0.222795
-0.0238908
0.171905
0.0277037
0.0341385
-0.0411109
-0.000183661
0.114856
0.0696336
-0.0794263
-0.087395
0.286635
0.0102455
0.123015
-0.00492945
-0.0377884
-0.000692917
-0.00387908
-0.000219531
0.17888
0.139357
-0.00249212
0.0303887
-0.0250747
-0.0732568
-0.080138
-0.00307552
0.0177312
0.836121
-0.0799719
-0.000122691
0.0838645
-0.00641237
0.694562
-0.018338
-0.0194641
-0.00932542
-0.0224067
-0.0121508
-0.0118358
-0.0061893
0.00234103
0.0244494
0.000151468
-0.176401
-0.0771152
0.378579
-0.0487192
0.0567036
0.00337442
-0.0643936
-0.0225863
0.258413
-0.0111984
0.000147341
-0.0234918
-0.00882385
0.0218514
-0.0374845
-0.0324918
-0.0599283
-0.0211775
-0.0139728
-0.0745914
3.72142e-06
0.039852
-0.0647126
0.0455792
-0.0769327
0.105224
-0.0876819
0.284896
-0.000263859
-0.0424459
-0.0271825
0.743893
-0.145949
-0.0191781
-0.11441
-0.0476368
-0.107471
-0.0662951
0.135904
-0.00459201
0.317954
0.0147034
-0.000699902
-0.00209966
0.0753352
0.964603
0.00156096
-0.0332016
0.206279
2.57116e-05
-0.029932
0.0439878
-0.0196158
0.0149053
-0.00276848
-0.0415494
-0.00526754
3.40373e-05
-0.0510822
0.24905
-0.00119288
-0.0240783
0.00312067
0.204764
-0.00068317
-0.0020973
-0.000634209
-0.00136957
-0.058496
-0.00391913
0.00328893
-0.0258845
5.27607e-05
-0.122525
-0.143591
-0.137863
-0.0248765
0.0240939
-0.000385394
-0.0192319
-0.0644974
-0.0613361
0.434547
-0.00217789
-0.0677029
-0.00772958
0.00374808
0.0996486
0.000698597
-0.000295624
-0.0121217
-0.0630152
0.0229417
-0.00489287
-0.00343482
-0.0601741
-0.00033241
-0.00567021
-0.0195693
0.372682
0.234588
-0.0570343
-0.0631771
0.0120603
0.00348745
-0.0593184
-0.0727382
-0.0228535
-4.79435e-06
-0.0532734
-0.0355568
-0.0788791
0.00220225
-0.0538009
-0.000702772
-0.00494378
0.214586
-0.0396198
-9.3445e-06
-0.00463073
-0.135068
-0.000304152
-0.0285871
-0.000112001
0.00565698
-0.101737
-0.0545919
-6.46972e-05
3.63561e-05
0.14613
-0.0536468
0.503524
0.2054
-0.0469894
-0.00105218
-0.020942
0.000330193
-0.156341
-0.100113
-0.101175
-0.0235064
0.155346
0.0103121
0.000406266
0.00616531
-0.134202
0.00320586
-0.0352461
-0.0627851
-0.000441282
0.0259549
0.0796618
0.00898484
-0.0322957
-0.0880347
0.21777
-0.0423809
-1.04978e-06
-0.114692
-0.0651409
-0.0508759
0.00520171
0.00121068
0.00716278
-0.103153
0.0372909
-0.0365942
0.065215
-0.0599417
0.00803082
0.0225143
0.0101652
-0.0374165
-0.156111
-0.000211319
0.168398
0.242229
0.00951569
0.0666288
-0.0811473
0.052307
-0.0538336
0.230148
0.111802
0.813322
2.42904e-06
0.0953985
0.186359
0.0179871
-0.00191951
-0.0202993
-0.0684562
4.77971e-05
-0.0203955
-0.0562691
-0.0221525
-0.0245113
0.000185992
-0.139052
-0.000524611
-0.00114609
0.286098
0.00723219
-0.0551467
0.0231797
0.242639
0.0114987
-0.000560145
-0.132389
0.00893694
0.465321
0.00156179
-0.0584124
-0.000331453
-0.000744367
0.00690822
-0.069875
-5.96826e-05
-0.0124414
0.0318705
-0.00251705
3.47086e-05
-8.90875e-05
0.173574
-0.0660831
0.00789133
-0.0014441
0.01001
0.018851
0.00971515
-0.000417524
0.314828
-0.120786
0.256066
0.259297
-0.000296085
-0.0583944
0.0919424
-0.00102177
-0.000377061
-0.000602575
-0.0407728
0.0120446
-0.0173653
-0.0261152
-0.0682813
0.189471
-0.114681
9.64096e-06
-0.0216375
-0.0212843
-0.0380583
-0.00535429
0.00700936
0.00150419
0.0326628
-0.00068975
-0.000345091
-0.0196052
-0.00527542
-0.0274664
-2.62155e-05
-0.0166899
0.0386474
-0.0470369
-0.0484671
-0.00992728
-0.0133144
-0.0104717
-0.00633884
0.0048782
-0.0108068
-0.000156977
-0.000556639
0.0262154
-0.0138212
-0.00601503
0.0098641
0.00221966
-0.133423
-0.0126165
0.17766
-0.014205
-0.0564021
-0.0283932
-0.0251453
-0.0174548
-0.00460565
0.00264845
-0.00432703
-0.0157615
-0.0179933
0.188854
0.134076
0.0456502
0.427278
-0.000108629
-0.00416211
-0.0183183
-0.00934339
0.0426822
-0.0224625
0.0371963
-0.00536075
0.184557
-0.0024206
-0.00204179
0.0082785
-0.0242995
-0.000309253
-0.0263452
-0.00711163
-0.0230529
-3.62913e-05
-0.00800268
0.00238771
-0.0196002
0.0306053
0.0418033
0.022676
-0.0157308
-0.0342773
0.130539
-0.00162104
-0.00243831
-0.00262241
0.669255
-0.000150344
0.0660776
-0.0234327
-0.0226641
-0.0287848
-0.0462046
-0.0312362
-0.0370524
-0.0205224
-0.00559243
-0.000145068
-0.00520283
-0.0240616
0.109887
0.00202427
0.0530834
-0.0356404
-0.0149634
-0.00116195
-0.0315704
-0.00015082
0.166965
-0.0328776
-0.0286884
-0.026279
-0.00497524
-0.0366181
-0.00208446
-0.0433189
0.11445
-0.0282949
-0.0797246
-0.00182462
-0.0294594
-0.0205646
0.0183429
-0.00396504
0.160855
-0.0029548
-0.0212432
-0.000875909
0.181966
-0.0417296
-0.0288894
-0.00397141
-0.0111916
-0.00339171
0.150407
-0.0113372
0.0742115
-0.00599304
-0.00104914
-0.00157913
-0.00287716
0.0611446
-0.063329
-0.00817893
0.000382833
-0.0100613
-0.018544
-0.00116088
-0.0197757
-0.0175548
0.06558
-0.00598422
0.00357787
0.674232
-0.0642548
-0.0311787
-0.0603367
2.91678e-05
0.0855307
-0.0043193
-0.0292728
-0.00677365
-0.0384219
0.00472006
-0.000698178
-0.00355949
0.00394144
0.231344
-0.00702119
-0.00222102
-0.00561804
-0.0580798
-0.0098576
-0.0242415
0.00505345
-0.0103145
-0.0106527
-0.00400149
0.230507
-0.0487368
0.0038664
-0.00514251
-0.0299973
-0.0162313
-0.0520105
-0.00176199
0.101505
0.0267078
-0.00933789
-0.00215367
-0.0157489
0.679852
0.23315
-0.0131904
-0.000744268
-0.00293832
-0.00115861
-0.00484252
0.0245249
-0.000552195
-0.0216821
-0.00243555
-0.019139
-0.158727
-0.0013537
-0.0142363
-0.00169159
0.382432
-0.00775615
-0.0136273
-0.0637998
-0.00240066
-0.032618
-0.0527194
0.578603
-0.0125633
-0.013314
-0.00261605
-0.000618457
-9.75276e-06
-7.42019e-06
-0.0118955
-0.000860228
0.0526528
-0.000870844
-0.00224841
0.0096561
-0.000345746
-0.0471676
-0.0679991
0.020535
0.0459345
0.0309143
-0.0515966
-0.0562232
0.100395
0.0793628
0.108363
0.138295
-0.014952
-0.00107972
-0.00717416
-0.0754735
-0.00429294
-0.0172559
-0.0536933
0.299919
-0.0591883
-0.000627831
-6.33232e-05
-0.00182517
-8.28023e-06
0.00888353
-0.000733737
-0.00576979
-0.0503447
0.000624941
0.00307819
-0.0002984
0.0528462
-0.0175816
-0.0650646
-0.00153925
0.402681
0.188374
-0.0118179
-0.0920224
-0.0305769
-0.0264655
-0.0165611
-0.00232241
-0.0873462
-0.0420853
-0.0462028
-0.131696
-9.38987e-05
0.179737
-0.0238398
-0.0112528
-0.0391743
0.0220242
-0.000690998
-0.00988869
-0.00169459
0.0127135
-0.00193999
0.115403
0.000394195
0.0120192
-0.000541912
-0.136828
0.0105712
-0.000995589
0.00116393
0.000450467
-0.0492311
0.109101
0.000280042
-0.00179448
-0.000178187
-0.000745216
-0.000656325
-0.0628114
0.140766
-0.0470695
-0.000358981
0.00980747
-0.000602149
0.267979
-0.0621762
0.237357
-0.0456426
-0.00058658
-0.000394477
-0.0086761
-0.00675791
-0.000822539
-2.94493e-05
0.0285784
0.0332813
-0.000318935
-0.000455424
-0.0221244
-3.50169e-05
0.19172
-0.00117499
-0.0547107
-0.0214189
-0.00754014
-0.0574046
-0.063642
0.172504
-0.0301339
-0.0226006
-0.000418698
-0.0583036
-0.0231341
-0.041246
0.00906659
0.416196
-0.00146448
-0.0610195
0.011703
0.311846
0.0445332
-0.000168954
-0.00720231
-0.00490422
-0.00594423
-0.0494725
0.0856999
0.000177202
0.014073
0.00341882
0.0602837
-0.000674624
-0.000185685
-0.122179
0.272587
-0.0565458
0.124081
-0.00160866
-0.000276639
-4.17057e-06
-0.106571
-0.0436958
-0.000459042
0.0830181
0.0133503
-0.00640799
0.540616
-0.000531348
-0.00448368
-0.0613014
-0.0370219
-0.00279204
0.153108
-0.0753726
-0.000227281
0.010178
-0.00025113
-0.000147902
0.137212
-0.00528974
-0.000589074
-0.0527747
-0.027111
-0.00422743
-0.0442175
0.00285483
-0.0252998
0.00193846
-0.00422724
-0.066315
-0.0403963
0.0122939
-0.00112722
0.163482
0.242013
-0.120619
0.0105593
0.0224162
-0.00515255
0.190921
0.0944755
-0.0301445
-0.000226368
0.0110192
-0.0561154
0.00827892
-0.0309988
-0.00258785
0.0368341
-0.0302747
-0.000190519
-0.000114514
-0.0530938
-0.0297207
-0.0283384
0.011048
-0.036239
-0.0466561
-0.00022192
-0.00174322
-0.000290387
-0.0391114
-3.92734e-05
-0.00237457
-0.0577334
-0.116375
0.027893
-0.00361753
0.00495614
-0.0238437
-0.0278299
-0.000183527
-0.0475942
0.0044243
0.179879
1.83593e-05
-0.000157071
0.183603
-0.00307281
-0.100713
-0.0422368
0.00402667
0.000526319
-0.0671779
-0.0488021
0.188561
-0.0570579
-0.00181424
-0.0123494
-0.05637
-0.000746351
-0.000322505
-0.00113792
-0.045325
-0.052701
0.0816157
-0.000285396
0.709756
-0.0804003
0.000107249
-0.00123375
0.000262256
0.000303634
-2.80048e-05
0.000135358
-0.0539344
-0.000924077
0.00048737
-0.000269055
0.160129
-0.00683116
-0.000263522
-7.9341e-05
0.348858
-0.0239463
-0.0749351
0.00130082
-0.000923376
0.0523179
-0.000146286
-0.0161605
-0.172094
0.00258023
-0.00797191
-0.000138858
-0.000282725
-0.0335442
-0.075871
0.00863651
-0.147179
-0.0835188
-4.41884e-05
0.0251872
0.038031
0.12299
-0.00210691
-0.000216989
-0.0583913
-0.00722715
-0.000656102
-0.0510383
-0.00019299
0.0351574
-0.000146117
-0.0015716
-0.0830073
-0.00263506
-0.0599169
0.617517
-0.00204093
0.000298032
-0.0584234
-0.062003
0.010664
0.00561936
-0.000207861
-0.0337472
-0.000126737
0.228162
0.89711
0.0294722
0.00360707
0.0042727
-3.39276e-05
-0.0307105
-9.42629e-05
-0.00929046
-0.00208684
0.00040324
-0.00404528
-0.0115118
-0.000171429
0.00100103
-0.0104238
-0.000412614
-0.0121244
-0.0185436
-0.0137287
-0.00146068
0.789604
-0.000895864
0.00288421
0.000262037
0.0165231
-0.0512442
0.0113965
-0.000244163
-0.000141842
0.00307678
-0.000159027
-5.86592e-05
-0.0138487
0.000798192
-3.85817e-05
-0.0529758
-0.00284804
-0.0569735
-0.00201772
-9.91913e-05
-0.00376933
-0.0133559
-0.0174512
-0.0287465
0.00275149
0.000582196
-0.000602389
-0.00237429
-0.000122218
0.319462
0.00182904
-3.31489e-05
0.000647675
-0.00248231
-0.000480444
-0.064416
-0.0557819
-0.00019574
-0.0082156
4.8412e-06
-0.00328932
-0.000107093
0.0411767
-0.000197553
-0.000264745
-0.00439073
-4.59313e-05
0.016097
-0.000303851
-0.00155296
0.0223984
2.67089e-06
0.465806
-0.0555733
-0.0440441
-4.49797e-05
-3.3795e-05
0.00218135
-0.00145751
-0.05474
-2.86885e-05
-8.88169e-06
0.000843543
-4.81553e-06
0.000418808
0.000504272
-0.000589607
0.000904063
-0.0541839
0.622806
-0.0392584
0.385442
0.0107854
-0.0196446
-3.19584e-05
-0.00109286
-0.0140388
0.000141659
0.00030804
0.000173727
0.023055
-0.00170567
-0.000305923
0.682874
-0.00068814
0.000651977
0.000567112
-7.93426e-06
-0.0853224
-0.00265499
0.00131853
0.000120609
-0.000704339
-9.87665e-05
-0.00119663
-0.0464355
-0.0005337
-0.00201607
-2.36292e-06
-0.00099996
-0.000341305
0.2235
-0.000565284
-0.00037995
-0.0701952
0.00446443
-0.00013819
-0.00163381
-8.95631e-05
0.201682
-0.0745756
-0.000412573
-0.00049687
-0.0023868
-0.000233639
0.0618785
0.108501
-0.00120613
0.000560277
-1.13511e-05
-1.63805e-06
0.0484831
0.00027179
-0.0623417
-0.0305346
-0.0182639
-0.132739
0.8017
0.00229782
0.178184
-0.0169105
-0.0318615
0.205538
-0.000459356
-0.0671896
-2.31524e-05
-0.0104223
-0.050673
4.9191e-05
-0.055023
-0.00117039
-0.014139
-0.00674235
-0.0446348
-0.0447001
-0.00397358
-0.065088
-0.045673
-0.000248674
-0.0139199
-9.24979e-05
-0.0399273
-4.32568e-05
-0.000247679
0.00987598
0.194281
-4.78592e-07
-0.047937
0.00419649
6.85491e-05
-0.0241111
-1.1074e-06
-0.0155169
-0.0003507
-0.040563
0.000126103
-0.000126681
-0.00247982
-9.4823e-05
0.188973
-0.0332214
0.034661
-6.07701e-05
0.000713149
-0.0350874
-7.68031e-07
-0.0591872
-0.0677585
-0.0572398
0.716518
-0.00756284
-2.874e-05
0.0301926
-0.044052
-0.00312298
-6.16777e-05
-0.000122898
-0.0493799
0.000123239
0.00100252
-1.67527e-06
0.000158201
-0.0305698
-0.0150123
-0.0845381
0.0962844
-0.00625096
-1.86526e-06
0.00693278
-0.057229
-3.24236e-05
-2.39474e-05
0.000350765
5.92627e-05
0.000450944
0.0911226
0.0405793
5.06117e-05
3.15748e-06
-0.0669678
0.240591
0.200924
-6.62001e-05
-0.0389299
-0.0223794
-0.0124695
-0.0498798
-0.0102353
-0.00344258
0.166381
-7.20963e-05
-0.0290037
0.198096
-0.0513446
-4.36082e-05
-0.0626031
-0.000235561
0.191248
0.0310165
-4.3307e-05
-4.86186e-05
0.205027
1.08191e-06
-0.000247161
-0.0134287
-8.07334e-07
0.253223
0.00373919
-0.00853779
-0.0645739
-0.00443001
-0.0853586
0.217722
-0.0164968
-0.0573163
0.00114754
-3.72524e-05
-0.00126376
-3.07854e-05
-3.49592e-05
0.0196463
0.216674
0.177538
-0.000562091
0.305602
-0.0145825
-4.71606e-07
-0.0475883
-4.28187e-05
-0.0305832
0.0323597
-0.0169994
0.00517272
0.00217491
-0.0106444
0.000256717
-0.00201138
0.0214615
-0.00337874
-8.33679e-05
2.29752e-05
-8.9054e-05
0.0368792
4.49233e-05
-0.0261303
0.324472
-0.0070073
4.49888e-05
-0.00407066
-2.97548e-05
-0.00118871
-0.000453207
-9.51925e-05
-0.000117772
-2.488e-05
0.256149
-0.000214336
0.243992
-0.0643909
0.000106094
-0.0560764
-0.00062828
0.186195
0.705721
-0.00168329
1.40653e-06
3.57408e-06
-3.73541e-05
0.122552
-9.22024e-08
0.00119423
-0.0266755
0.237348
6.32205e-07
4.58327e-06
1.93988e-06
1.86593e-05
-0.0228725
5.79521e-07
0.144027
-0.0186195
-0.000165642
2.42989e-05
-0.00243831
-0.0308403
8.28952e-07
-8.16679e-05
0.197485
2.76422e-05
-0.0345449
-0.0689397
0.000131346
6.6478e-08
-0.162597
6.13923e-07
0.179894
1.11849e-05
-0.000563812
4.48995e-06
-0.000229822
0.106885
-1.74067e-06
-0.0019595
-1.93978e-06
0.0133757
-0.00399275
-0.00738099
0.000682599
0.1824
-0.000365754
-0.000118036
-0.0101329
-0.0097867
-0.000312749
-9.64392e-05
-0.0010945
2.89884e-05
0.0904481
-0.0119864
0.66317
-7.32345e-06
-0.00876316
-0.000227916
0.131853
4.72512e-05
-0.0292949
1.75092e-05
-0.00188433
-0.0360185
-0.000298174
-0.0176363
-0.0521827
0.0057526
-3.06287e-05
-0.0630334
-0.000421333
-0.000399064
-0.00639655
-0.0187579
0.00145205
-9.43606e-05
-0.000547206
-0.00113707
-0.00152909
1.4685e-06
-0.00144891
0.674963
9.21654e-05
-0.00381515
-0.037403
-0.0732893
-0.0650369
-0.0499772
-0.0240706
-0.000674733
-0.0202011
6.92416e-05
-0.000117279
0.666006
-0.000130351
0.158522
-0.00056063
0.000428822
-0.00135983
-0.0905068
-0.000524837
0.000533314
-3.26236e-05
-0.000493285
-4.33912e-05
-0.000113275
-0.0165223
-0.000156607
-6.22041e-05
-0.000116651
0.000131437
-2.85028e-05
-0.0457607
0.111652
-1.86279e-05
-0.000740327
-5.86433e-06
2.38036e-05
-0.00101027
3.05782e-06
-0.00109326
0.000294174
-0.00046172
-0.0654419
-0.000846098
-0.0021708
-1.14937e-07
-0.00191368
0.000364051
-2.41291e-05
-2.01188e-05
8.5724e-06
-0.000964749
0.000590578
-0.0472391
-0.0303956
-0.0657179
0.000598479
-0.00227652
-0.0552664
-0.0661004
-0.000128849
0.0169497
0.00779775
-0.001261
-0.0133155
-0.0570252
0.562518
-0.000521126
-2.66674e-05
0.000983276
3.95613e-05
1.16536e-05
0.0860566
0.0040825
0.100005
-0.0419948
0.561551
-0.000646974
-1.41606e-06
0.000149781
-3.4214e-05
-0.0016334
0.154967
0.268238
-1.70526e-05
-0.000229735
-3.86325e-05
0.251669
0.0153865
-0.00745566
7.57034e-06
1.40124e-05
0.00837954
-0.000849753
-0.0738765
-0.0185995
8.86648e-06
0.00401598
-0.0345577
-8.7228e-05
0.00205894
-0.000105731
-0.0478929
-0.00205635
0.153285
1.10172e-05
0.0019195
-0.000333966
8.07769e-06
0.000172972
-0.0251803
8.45126e-06
-0.0011026
1.10348e-05
-0.0216199
-0.0470854
-0.00372912
-0.00882036
-0.00966849
0.0105369
-0.00984888
-0.00287634
5.94598e-05
9.4519e-05
1.05567e-05
9.52895e-06
-8.1283e-05
0.0102852
-0.0621349
0.00054077
-0.0515876
-0.00357364
-0.0568355
8.11036e-05
-2.12829e-05
0.00148646
-0.121379
1.04673e-05
-0.0504788
-0.0166387
-0.0892407
-0.0528642
1.82998e-05
-0.00399339
0.00019657
-0.180285
0.155105
-4.6144e-06
-0.0623789
-0.0248476
-0.00487717
2.56524e-05
-1.74617e-05
0.0234124
-0.0181296
1.06335e-05
-0.00768589
-2.87951e-05
0.000220509
0.137446
-1.56085e-05
-1.80883e-05
-0.000134306
2.3643e-05
0.00101152
8.22769e-05
-0.00599916
0.000239789
-0.0140034
0.00124657
-0.000276442
-0.0364645
-0.0453643
-0.00712519
-2.44601e-05
1.23928e-05
-0.0684689
0.00661884
-0.049632
1.28438e-05
-0.00588594
-5.37819e-05
1.38238e-05
0.0690332
-0.00788302
-0.00322399
-2.10409e-05
-0.0195549
4.03319e-05
-0.0686393
1.46511e-05
-0.0771091
-1.0739e-06
-1.18969e-05
7.87475e-05
0.00115742
-0.114872
-0.019619
-0.0724668
1.31515e-06
8.33095e-05
-0.0777755
-0.0302775
-0.009412
-1.38484e-05
-0.0477399
-0.054102
-0.0777499
-1.36844e-05
-1.79975e-05
-2.1452e-05
-0.104603
-0.070644
0.000803453
-0.0122234
-8.88724e-05
0.11631
8.98282e-05
-2.47335e-06
0.000148305
-3.89316e-05
-2.01755e-05
-0.00416005
0.000102464
-0.00297381
-0.0682965
-0.0143633
-0.058411
2.38429e-05
-7.38112e-05
0.048755
-0.0656172
-0.0053861
0.124302
-2.64768e-05
-2.7805e-05
-2.52633e-05
0.048728
0.000173261
-3.94028e-05
-2.12808e-05
-0.0668264
-0.0169062
-1.63715e-05
5.0811e-05
-0.010327
-0.00723859
0.000459321
0.268577
-0.063849
9.98254e-05
0.909867
-5.53913e-05
-0.000850263
-0.00982232
-0.076203
-8.22913e-06
-2.76226e-05
1.47151e-05
0.00548224
-0.0373209
-0.000432208
-0.0517697
-0.00862478
9.01323e-06
-9.05453e-06
-0.0112297
-0.00958371
-0.0382622
-0.105281
-0.0469699
-0.0409719
-0.0305201
-0.0296766
-9.17683e-05
0.000375407
-0.002191
0.000584588
-0.000137127
0.000848186
7.96559e-06
-0.000148253
-0.0133313
-2.02735e-05
-5.42509e-05
0.0342133
-0.0405778
-0.000237987
-8.66677e-05
-1.84675e-05
0.298672
-0.00745908
0.000869778
-0.0305881
0.000237025
0.000200949
0.000172598
-7.49693e-05
0.000523269
-0.0404702
0.0164682
-1.60332e-05
-0.000236958
-0.0449331
-0.035416
0.0550439
-0.000602064
0.00209832
0.0203715
-1.4169e-05
4.64065e-05
-0.0537889
1.4866e-05
0.190949
-1.82829e-05
0.00482091
0.000167235
0.000228199
-0.0706449
-0.00822781
-0.0195483
-0.00276964
1.85497e-05
0.00694257
0.0690063
-0.0136333
-0.000184191
0.10596
0.185601
-3.50948e-06
-0.0541026
-0.000100225
-2.5853e-05
-6.55948e-05
-0.000690367
0.0226003
-3.66152e-05
0.000254099
-0.0266883
-0.0277089
-0.0237486
0.383814
-5.66046e-06
-9.9525e-05
0.19719
-0.00995843
-0.00433231
-0.000790541
0.193744
2.38006e-05
-0.000418785
2.00839e-05
-4.34415e-07
2.25655e-05
2.57812e-05
6.76903e-05
-0.0191704
-1.01928e-05
-0.00382204
-0.0463271
0.248544
-0.000218238
-7.22677e-05
0.00539702
0.0951284
-0.0535469
-0.000904998
-0.0713839
0.376965
3.38695e-05
0.515068
-1.20547e-05
0.00379845
0.0275895
0.000471013
0.577697
-5.23094e-05
-1.35933e-05
0.00129643
2.11978e-05
-0.00103195
0.000273666
-8.16032e-06
-0.00227237
-2.17129e-05
-0.000197258
-0.00377488
0.287792
0.0537635
0.0250891
-0.0454168
-1.1201e-05
-4.05163e-05
0.00384766
-0.0622597
-2.39859e-05
-0.0484699
-7.99759e-05
0.115801
0.0691985
-0.0360417
-0.00158955
-0.013624
-0.00116541
-0.0161894
0.00368074
-0.00846642
0.069859
-5.95161e-07
0.159011
0.00687487
-0.000744698
0.232578
-0.0147529
-2.02574e-05
2.79062e-06
5.8467e-05
-0.000268688
-0.000174532
0.295946
-0.00116536
0.300348
-0.00131997
0.191539
0.239979
0.0672905
-0.00790802
-2.04695e-05
3.4961e-05
-0.0117152
-0.14696
-0.0524705
0.00169255
-6.63884e-06
-0.0400855
-0.000428664
-3.24445e-05
0.00113599
-0.00126336
-0.000824536
0.0372502
6.85344e-05
-0.0500565
0.0624322
4.96685e-05
0.000275718
-0.0162907
-0.064142
-0.000878213
-0.000633981
-9.80889e-06
0.00025422
0.0169038
-0.0190279
-0.0521759
0.00147983
0.0566319
-0.0418046
1.5283e-05
5.11594e-06
0.00517788
-0.000147911
0.0485286
0.0002728
-0.0148755
-0.000481993
0.00183944
-0.0396043
-8.28655e-05
0.000531233
-0.00491321
-0.076252
0.125687
-0.0639538
-0.029441
-0.000240538
-6.62979e-05
0.00772473
3.18203e-05
-0.0759768
-0.0699401
0.000615915
0.00382496
0.00434082
-0.119115
0.000700478
0.000184171
1.46638e-05
-0.0446899
1.45043e-05
0.000611184
0.138014
0.208026
-0.138534
0.0556505
0.0536381
0.00765092
-0.000237641
0.0120712
0.000118864
6.24928e-06
-0.000132513
-3.49835e-06
-1.59952e-05
-0.000444834
-0.00859956
-0.0763724
-0.0109175
-0.0328462
0.0584383
0.0492425
0.0046497
-0.0682997
0.000149764
0.0052268
0.012777
-0.000483678
0.0806092
-0.00152901
-0.0123635
0.0133434
0.00632187
0.00104149
-0.00460763
0.046483
0.000912021
-0.0216601
-0.0183032
0.705328
-0.0275988
0.0878626
0.00291372
-0.0426314
0.00250594
7.9942e-05
-0.00295166
3.05563e-05
-0.00303446
-0.0280014
-0.000101687
-0.000104518
0.251594
-0.00379049
-0.044705
-0.0205906
0.00019258
-0.00178657
-4.31002e-05
-4.47995e-06
0.0406384
2.60619e-05
-0.00337739
0.080308
0.00706729
0.00126414
0.0205556
-0.00653463
0.00475008
-0.14362
0.00095821
-0.00507077
-0.059631
-0.00104242
-0.00911042
0.000820745
0.000640202
0.00110646
0.0386596
-0.000425821
0.00645701
-0.0566055
-0.0229264
0.000309851
-0.0559271
-0.0166114
-0.0188117
7.63158e-05
0.00757363
-0.0778027
-0.00100505
-0.00556256
-0.05166
-0.000327559
-0.00138072
0.244297
-0.025196
-5.96343e-05
0.00946339
-0.0557385
-0.0012452
0.228562
-0.0026777
0.0011332
0.0677749
-0.00167441
0.00943141
0.146967
1.67802e-05
0.00131836
0.000173132
4.60663e-06
-0.00513262
-0.00845551
-0.000210291
-0.0264709
0.105268
-0.0395779
-0.0809869
0.00130554
-0.00375747
-0.000775648
-0.0627568
-4.38042e-06
0.0174352
7.97454e-06
-0.0175265
-0.00226387
-0.00564907
-0.127124
0.117699
-0.0891234
-8.07825e-05
0.189172
-0.00232125
-0.00313895
-0.0616538
-0.0936535
-0.0174326
-4.86691e-05
-0.00138728
0.0082759
-0.00355746
-0.00539142
0.000451726
0.0952387
-0.0489952
-0.0124463
-0.00753364
0.0206381
-0.00364701
-0.00187007
0.00193629
-0.000101454
-0.00354755
0.117202
0.000868508
-0.157606
-0.000114003
-0.00825513
-0.0044096
-0.102236
-0.0129235
-0.12447
-9.42561e-05
-9.36642e-05
-0.00567151
0.0120464
0.00200754
-0.145938
0.0869254
-0.0523349
0.000182022
-0.165474
-4.41243e-05
-0.175716
-0.0279265
-0.21045
-0.217943
-0.220455
-0.205955
-0.167501
-0.151079
-0.135763
-0.119217
-0.0981595
-0.043614
-0.0230563
0.000102846
0.0643551
-0.00904807
-0.00839208
0.0547374
-0.0220731
0.000990032
0.0136164
-0.0437227
0.000541937
-0.00085857
-6.07019e-06
-0.0159973
0.0203121
3.1424e-05
-0.000432008
-0.0116888
-0.0101355
-0.205379
-0.0167673
-0.0597939
-5.06733e-05
0.00060991
-7.35087e-05
-0.0658705
-0.00997359
-0.0400745
-0.0133699
0.00194455
0.000203425
0.00538699
-4.84161e-05
-0.0190637
-6.12944e-05
0.000390792
-0.00803393
-0.0127849
-0.000406971
0.000341581
0.0553731
-0.0116983
0.0615669
-0.191565
-0.0105462
-0.0639921
-0.0206937
0.00417539
-0.0236923
-0.0037549
-0.0138888
-0.0145918
0.432549
-0.00162149
4.68153e-05
-0.00661259
-0.0101794
2.43968e-07
0.0909047
-0.00474219
0.394087
-0.186515
-0.0463226
-0.0291954
0.0433396
-0.0058763
-7.35613e-05
-1.19662e-05
-0.00476914
-0.0661676
3.46579e-05
0.358933
-0.00316617
-0.00567954
-0.00016366
-0.000470475
-0.00754477
-0.0808189
-0.122784
0.134037
0.000692884
-0.0157641
-9.76742e-06
0.0304915
-0.00934236
0.0222546
-0.0312311
-0.00615292
-0.0011331
0.00136649
0.0133755
-1.90198e-05
-0.0114235
0.000515358
-0.000487964
0.000508842
-0.0461536
0.000190162
0.163767
-0.0117639
0.00424239
-0.111232
-0.0273665
-0.0998102
-0.0137025
0.0310955
-0.0198233
0.208273
-0.0391017
-0.00389929
-0.053599
-0.000964116
-7.02951e-05
0.000468983
7.90849e-05
-0.00283291
0.00496212
6.26193e-05
-0.0161101
0.0249258
-0.00352931
-5.20384e-07
-0.00377321
-0.0454911
0.174188
-0.0386582
-0.0537357
0.009121
0.0781017
-0.00145065
-0.0327186
-0.0130385
0.00604016
0.0408789
-0.0660855
0.121662
-7.69159e-05
-0.0325001
0.00128914
-0.00182244
-6.52407e-05
-0.00679677
0.105875
0.000902641
0.282999
-0.0227553
-0.0338746
-0.0174632
2.98378e-05
-0.00248716
0.0695744
-0.163842
0.250982
0.0305719
0.0277215
0.199587
-0.046538
-0.0049098
-0.0633553
0.000465398
-0.0363093
0.178088
-0.00331889
0.114118
-0.00188737
0.103802
8.55044e-05
0.113459
0.117776
-0.00563866
-0.0216773
-0.000453316
-9.36814e-06
0.00595596
0.00210056
-0.0420582
-0.0383282
-0.00639294
-0.04255
0.189595
0.0515189
-0.0706047
-0.0187753
-7.5188e-05
0.00475251
0.048447
0.00516088
0.190481
-0.0660943
0.0060179
5.31876e-05
0.000378727
-0.0246282
-0.00131069
-0.00306798
-0.049821
-0.000739036
0.00369399
-0.0510869
-0.0455508
0.0950451
-4.7261e-06
-0.0215903
0.000159179
-0.0278762
-0.000434792
-0.0646078
0.140983
-0.0487139
-0.027888
-0.00215639
-0.0165968
-0.000917279
-0.00592724
0.0937801
-0.0341468
-2.79318e-05
-0.00895482
-0.00545766
-0.000451849
-0.0033739
0.0131667
-0.011876
-0.0367501
-5.76621e-05
0.174263
-0.0328908
0.00757956
-0.000456693
-0.00914948
-0.000451719
-0.0398472
0.000288884
-0.0264667
-0.000179697
-0.0401784
0.00298231
-0.000356259
-0.0134606
0.00031289
-0.0105125
0.00117647
0.195856
0.001341
-0.0102445
-0.00979664
0.00422242
0.142431
-0.0162055
-0.103713
-0.0186861
0.000322559
0.138742
0.0537846
0.00141463
0.000108587
0.0587778
-0.0500724
0.00272822
-0.0301584
-0.00211827
0.000373141
-0.003856
-0.0285092
-0.0147819
-0.0123615
0.149022
0.0306278
-0.094541
0.0372372
-0.000521881
1.99665e-05
0.000905199
0.00241922
0.0838537
-0.00461285
0.0192684
8.05155e-05
0.630561
0.545815
-0.00171885
0.233558
0.855757
-0.0337986
1.39991e-05
0.0318769
0.139899
-0.00419235
-0.0263266
0.000138691
-2.71002e-06
0.164853
-0.0184846
-1.26602e-05
-0.061572
4.64349e-05
0.0519787
0.0202461
-0.0372887
-0.0358927
-0.0249102
-0.000418676
0.00126043
-0.0139681
0.0879563
-0.0481405
0.146441
-0.0106901
0.0415097
-0.00343403
-0.000291695
-0.000321855
-0.0033029
0.148138
-0.00630668
0.143519
-0.000421906
-0.0967992
-0.0439014
0.146159
-0.00790092
0.000280522
-0.0407744
0.000417079
0.0140088
0.127166
-0.00998515
0.160066
-0.0120689
-0.005184
-0.110057
0.0112109
-0.0633261
-0.0190781
-0.00109101
-0.0318333
0.00161652
-0.0106765
0.00165273
-0.037899
-0.0144578
0.049096
-0.00460863
-0.0700953
-0.044534
0.0337987
0.00940422
0.130047
0.00475539
8.51329e-06
-0.00725859
0.225362
-0.000128546
-0.00661647
-0.000353859
-0.000314737
-0.0401262
-0.00197355
0.00372039
-0.00128045
-0.00192037
0.0003502
-0.0393504
-0.00382195
-0.0190641
-0.0135638
-0.00366486
0.217731
0.0585778
-0.0375972
-0.0176867
0.00173792
9.79355e-05
0.0144866
-0.00122938
0.00950219
0.26607
0.0700146
0.0607532
-0.000405387
-0.0175894
-0.0016785
0.0238245
0.0525248
0.12463
0.167739
0.18075
-0.0169643
-0.00104999
-0.00252993
0.0372241
-0.00602754
0.191676
-1.4193e-05
-0.00204618
-2.00304e-06
-0.00891677
-0.0426035
-0.00256657
-0.0176785
-0.0333209
-0.0601792
0.180355
0.153071
-0.00758201
0.152316
0.07289
0.0636824
-1.46415e-05
-0.0110112
-0.0141874
-0.216396
-0.00842804
-0.0431089
0.0571127
-0.174425
-0.00146313
-0.0618033
0.104096
0.126664
0.0632686
-0.0106103
-0.0383048
-0.0197482
0.021303
-0.00578656
0.46444
7.20579e-05
-0.0806885
0.0698736
0.0200209
-0.00103618
-0.0475361
0.608736
-0.0227032
0.0636318
-0.00107437
-0.0754888
0.000309314
0.134845
-0.0503391
-0.0258223
0.0582216
0.0179582
0.0640755
0.455431
0.315806
0.00289654
0.000541727
-0.00311852
0.000156949
-0.0310664
-0.00627158
0.0576223
-8.95429e-06
-0.0022388
0.0795574
0.408495
-0.0284305
-8.17904e-07
0.631657
-0.0809326
-0.17627
-0.00438489
-0.00386748
-0.0762197
0.0462144
0.147651
-3.34113e-06
0.134824
-0.0316497
0.000202017
0.0335084
0.0328529
0.0566493
0.437062
0.485061
0.00575208
0.0620329
0.000649634
-0.0379063
-0.0352824
-0.000155078
0.150243
-0.0925406
-0.0673019
-0.177934
-0.00118564
2.92281e-05
0.00568222
0.0180423
0.224691
-0.0388292
-0.00305684
0.000145311
-0.00406328
7.65527e-05
-0.0232208
-0.0422894
-0.00952772
-0.0347687
-0.0626861
-0.0461643
-7.28077e-06
-0.0477278
-0.00319342
-0.0972702
0.0504819
-6.83993e-05
-6.88527e-07
0.994227
0.324958
0.577667
0.17559
0.0150132
-1.77285e-06
0.0221006
-0.0378786
0.000155656
0.339987
-0.0277886
-0.000801094
0.0429676
0.0879245
0.0195693
-0.148704
-0.0593905
0.243513
-0.163717
0.0401814
0.00757952
-0.200208
-0.210243
-0.154604
-0.137368
-0.122018
-0.102838
-0.0240179
-0.000310761
0.0521557
-0.050425
0.781531
-0.00599248
-0.0102044
-0.0552208
0.00670371
0.119816
-0.0330467
-0.0102344
-0.074779
-0.194378
0.0448863
0.000131809
-0.0504525
0.415888
-0.0251005
0.365875
0.300593
0.704472
0.0490881
-0.170766
0.482798
0.025209
-0.0445691
-0.0011593
-0.00536606
0.000362206
-0.0515932
0.0968387
-0.0929813
-0.060038
-0.026547
-0.055066
-0.0140131
-0.00348883
0.096672
-0.047735
0.00141777
-0.00188222
-0.189875
0.00525373
-0.024988
-0.0253453
0.730719
6.32649e-06
-0.170128
0.00246242
-0.0135221
0.00678291
0.00142352
0.0013415
-0.0678615
-0.000101804
-0.00510953
0.0884944
-0.01117
-0.033397
-0.00830572
3.8238e-05
-0.0224009
-0.0823725
-0.0482743
-0.0302402
0.00810126
-0.00365379
-0.00225219
0.132445
-9.47654e-06
0.042459
0.0336387
-0.0719455
-8.13039e-06
-0.00179694
-3.83995e-05
-0.0472426
0.1692
-2.88057e-05
-0.00898145
9.23844e-05
-0.0188319
-0.0253264
0.000210529
-0.0414921
-0.0662446
1.01832
-7.82565e-05
0.0760791
0.00165651
-0.000850419
0.000804573
-0.065059
-0.0380751
-0.0523857
-0.0482856
0.11251
-0.0274563
0.0724038
2.77733e-06
0.298907
-0.0326493
3.72895e-06
-0.093975
0.0947018
-0.000485569
-7.34549e-05
-0.0439792
-0.0413022
1.00364
2.94639e-05
-0.0403483
-0.0451882
-4.44412e-05
0.0165603
0.000522992
-0.0274294
0.210003
-0.0365877
0.0338634
0.00694718
-0.000376266
0.204282
0.374037
0.00180977
-0.0200484
-0.0506152
0.0835797
-0.0322841
-0.000245405
0.0726494
-0.105781
-0.0814749
-0.00135604
-0.00708216
0.00329139
0.0235354
-0.0947761
-0.0578046
-0.0718201
-0.0395735
0.0532535
2.86153e-05
-0.0222967
0.976321
-0.0013445
-0.00263002
-0.00464851
0.71481
0.127476
7.46145e-07
1.91131e-06
0.193564
0.192433
-0.0291776
-0.067453
-0.0570579
-6.51136e-05
0.0269077
0.0144428
0.132372
-0.00421335
0.147522
-0.0218074
0.0301754
0.453429
0.000238199
-0.0135593
-0.204918
-0.199264
-0.021569
-0.000398359
0.353728
0.0733432
-0.0223131
-0.0346682
-0.0747405
5.35117e-05
0.207673
0.000628027
0.000107637
-0.0466214
0.0718628
0.0016274
-0.0110451
-0.0537388
0.139255
-0.00303393
-0.0435872
0.000807658
-0.0327879
0.000398873
-0.026012
0.000316278
-0.0164142
-0.0326117
0.199888
-0.00966112
-0.000107076
0.000225013
0.823158
-8.08293e-05
-0.04475
-0.0516367
0.338205
0.0443586
7.60409e-05
-0.015347
-0.0243156
-0.0535967
0.075678
-0.052854
0.105687
-0.0147102
-0.0375977
-0.0228255
-0.00944613
0.352377
0.00257909
-0.0142175
0.114972
0.148705
0.629316
-0.048634
-0.0324119
-0.000990818
-0.0420259
-0.0842959
0.0958656
-0.00196409
0.0358173
0.000121527
0.0181628
-0.00304382
-0.00813528
-0.0291628
-0.0394025
-0.00176619
-0.0258893
9.61164e-05
-0.0242161
-0.0417654
-0.00151739
5.65244e-05
-0.0525798
0.885178
-0.0742017
-0.0196958
-0.00407456
-0.000420187
0.387874
0.0405795
9.59682e-06
-0.00578609
-0.0812663
-9.3696e-06
-0.00142439
-0.0397712
-0.0107961
-0.0056258
0.135883
0.319182
0.135978
-0.0429497
0.000359846
-0.0495783
8.87363e-05
0.0779757
0.669591
0.000102576
-0.00130713
-0.0147312
0.71787
-6.09474e-06
0.334973
0.769978
-0.0451885
-0.011481
-0.00366092
0.34869
-0.00682867
-0.0751391
0.675256
-0.00560957
0.362714
-0.0229806
-0.011615
0.623065
-0.0529773
0.358842
0.318024
0.00260801
-2.26489e-05
0.215637
0.0812302
-0.0156233
-0.0825488
-0.0215809
-0.0687843
-0.0166892
0.345734
0.000107086
-0.00625123
-0.0970904
-0.111
-0.0280039
-0.0650656
-0.0979115
0.218632
0.0638769
0.0271942
0.584868
0.000932156
-6.08554e-05
0.0640525
0.0493899
0.0696284
-0.000287101
0.00742687
-1.15318e-05
-0.114239
0.0184782
-4.94007e-05
-0.00130464
0.000723008
5.50782e-05
0.0933268
-0.00917315
0.00022032
-0.0110295
-0.0733095
-0.00989369
-0.00332515
0.245412
-0.0229729
-0.0183646
0.00145256
-0.015106
4.58858e-05
-0.0457474
0.143333
-0.0314132
0.0966075
0.00928776
0.0962387
0.127643
0.242209
-0.024439
0.483662
-0.01593
0.176996
-0.131483
-1.546e-05
-0.0152676
-0.0218979
0.0301314
0.165927
-0.0568764
0.000255713
1.00403
0.00845632
0.120024
-0.0390632
-0.0112887
0.087836
0.000817594
-0.0328898
-0.0715371
0.00252215
-0.000831726
-0.0112479
-0.0417076
-0.00528451
-0.00778764
-0.0733096
0.205358
-0.00573556
-0.035077
-1.84557e-05
0.81781
0.941679
0.00679393
4.60444e-05
-0.0302922
-0.00212306
-0.0401223
8.91344e-05
0.0248869
-0.0334529
0.000156807
-0.000736093
-0.0629512
-0.000947051
-0.0217424
-0.0353133
0.237146
-0.069516
0.405037
-0.000782736
-0.0114175
-0.0154884
-0.0249988
0.0257226
-0.0666017
0.00227472
-0.0153707
0.272014
-0.0390874
0.00031678
4.20171e-05
-0.00315935
1.8494e-07
-0.0322136
-0.00288659
0.0129739
-0.00682604
0.0966095
2.62118e-05
0.00150828
0.0230603
0.0643898
-0.0265591
-0.00220627
0.0391306
0.00026352
0.000266136
0.0195232
-0.00125498
0.700975
-0.0380605
0.326486
-0.163753
-5.78394e-05
-0.00909907
0.514703
0.361519
0.018634
0.00317256
-0.000419257
0.132995
0.0272426
0.0156638
-0.00141551
-0.0565142
-0.0504922
-4.95835e-06
-0.0287523
-0.0510673
-0.0433289
-0.00545528
0.732469
-0.00566417
-0.0266654
-0.0439586
0.00057394
1.70938e-05
0.00166119
-0.0070968
0.286606
-0.00301577
6.53772e-05
0.000856146
-0.0794445
0.549902
0.000194661
0.000698989
0.0207125
-0.0439882
0.461515
-0.0320573
0.389935
0.360728
0.000184032
0.281682
0.345296
-0.0311929
0.0254115
-0.000269705
0.369623
0.000579463
-0.00014126
-0.0044847
0.23687
-0.00868475
0.102605
0.00225107
0.740814
0.00263429
-3.95955e-06
1.06345
0.0442577
0.808384
0.149526
-0.182702
0.0214664
-0.0619835
0.424666
0.000223333
-0.000157563
0.0200716
-0.000897929
0.722065
-0.128192
-0.139337
0.00232627
0.0833039
0.131561
-0.069243
0.0137121
-0.0302603
-0.00608771
0.029279
0.000413213
0.002428
-0.0410653
-0.033613
-0.0566073
0.00840135
-0.0259459
0.064397
0.0745386
0.805849
-0.063514
0.037493
0.000445973
-0.0765196
0.34625
-0.0259694
0.120832
0.282585
-0.0393672
0.0177115
-0.069888
-8.99603e-05
-0.00460477
-0.00287428
0.00900531
-0.0056812
-0.200388
0.000101597
0.16161
0.106517
0.22745
0.114119
0.0320818
0.0135002
0.0296422
0.0212947
0.0258839
-0.0207891
-0.122969
0.0839972
0.386297
0.0472216
-0.00604967
-0.184678
0.0765495
-0.0132257
-0.130043
0.225285
-0.018243
-0.040994
0.153419
0.0404803
0.694285
-4.96913e-05
1.33962e-05
-0.0641983
0.439909
0.342262
0.306942
0.485132
0.0591837
-0.00749477
-0.0151919
0.0164957
-0.0228299
-0.00410122
0.0238421
0.699898
0.00696752
0.424008
0.107842
0.0177058
0.000109352
-0.0358172
0.384628
-0.0027429
-0.00876785
-0.0337475
-0.168864
0.000273661
-0.00952126
-0.0899408
0.919352
-0.0583943
0.200062
-0.0684235
-0.0127233
0.093618
0.345041
0.406377
0.10883
-0.0678757
0.131927
0.113147
0.989134
0.000772029
-0.00630011
0.472969
-0.0658388
0.11226
0.532877
0.00362746
-0.0360221
0.161222
4.38012e-05
0.604025
-0.0141817
0.339347
0.0125778
-9.37051e-05
-0.0323412
-0.00135216
0.976975
5.9951e-05
-0.110898
0.368618
-0.000515605
0.0242002
-0.0253952
-0.0256221
0.177561
-0.0211681
0.000805876
0.162494
-0.0262198
0.000694936
5.43841e-05
0.119249
-0.00291103
0.270785
-0.0716618
-0.0260962
0.0827379
-0.00161363
-0.0848885
0.0663605
-0.0694927
0.295148
-0.0223539
-0.00756405
0.200885
0.000159165
0.00198082
-0.0367645
-0.0142148
0.00709872
0.138939
0.58309
-0.0539201
0.0167597
0.316292
0.46339
-0.0139688
-1.65155e-05
0.173949
-0.0959662
0.0154686
-0.00100927
-0.0604829
-0.000368546
-0.000835433
0.0537307
-0.00486297
-0.00941494
-0.0351349
-5.96665e-06
0.137163
-0.000782066
0.0299711
-0.147157
4.73788e-05
-0.0807853
-0.0251449
-0.0706398
0.000577067
0.023851
0.377886
0.617399
0.892226
-1.19023e-07
-0.0332494
7.27656e-05
3.32037e-05
6.78601e-06
0.000774061
-0.00140162
-0.00443208
0.326896
0.0244219
-0.00332984
0.042008
0.0213395
0.00826428
-0.0614418
-0.0487239
0.125199
0.306256
-8.7496e-06
0.0140199
-0.103536
-3.7268e-06
-0.0417904
0.0560855
0.270818
-2.82353e-07
0.617233
-0.0319493
0.118924
0.0831592
0.00174946
0.185582
0.00277419
-0.0699946
0.797541
0.00012786
-0.00608604
0.0051001
-0.00037024
-0.0265142
3.84175e-05
-0.000800557
0.00277491
-0.0154779
-0.00313664
0.000245779
3.40545e-05
-0.016162
-0.0616691
-0.0615783
0.16601
0.0744579
-0.00935834
0.698142
0.0193855
0.684763
-0.0214927
0.746743
0.63583
0.655107
0.014099
-0.0109518
0.0115858
-0.00649894
0.00023013
0.266291
-0.0462734
0.00102547
0.2746
0.829708
0.192183
0.109746
-0.0857215
-0.0193205
-0.0185888
-0.0204044
-0.0400354
-0.00938631
0.611438
-0.000490716
0.95577
0.307208
-0.000850919
0.1183
-0.0456314
-0.0759498
0.199693
0.0664041
-0.0046483
0.180075
-0.016828
0.257289
-0.0406138
0.0017678
1.94697e-05
-0.000268959
-0.0729445
2.91098e-07
0.00190443
-0.16209
-0.000798245
-0.0328245
-2.24068e-06
-6.38263e-07
-0.0771504
-4.70549e-06
-0.00635104
-0.000229778
-0.0273643
-0.0459521
-0.0518383
0.00983532
-0.084484
-0.0439818
-0.145114
0.149896
0.0197073
0.0165825
0.431597
0.380849
-9.67785e-05
0.151494
-0.0589681
0.752706
0.283449
0.00291254
0.199807
0.758718
4.32955e-06
0.254068
0.00481333
0.0211215
-0.0448208
-3.34183e-05
-0.108346
-0.0584484
-0.00485071
-0.000319987
6.47381e-05
0.0166505
0.00108238
-0.0602309
0.0801634
-1.30486e-05
-0.112581
-0.0238488
-0.00821869
0.00147773
-0.00685071
-0.000993594
-5.5882e-05
0.682422
0.574705
0.0677365
-0.0506253
-0.0104474
-0.00213386
-0.000396314
0.000104326
-0.00339191
0.0122079
-0.0491628
-0.0411713
-0.203188
0.446778
-0.0469602
0.945586
0.000528664
-0.0365255
0.515473
0.000399718
-0.0772656
7.27869e-05
-0.00158089
2.30708e-06
-0.000149661
0.194637
0.000159152
0.00155274
0.199271
0.00440111
-0.00933525
-0.0144779
-0.00978607
-5.82608e-05
0.844358
-0.0555167
0.312425
0.0972059
-0.00456554
0.403395
9.95562e-07
0.0631598
1.53868e-05
0.00338868
0.0114201
0.719221
-0.00114261
0.327026
-0.0124562
-0.000489611
7.69954e-05
-0.0370352
0.411855
2.62304e-06
0.0124908
-0.00129766
-0.0712909
-0.0440116
-0.197749
-0.0169693
-0.0292129
0.0108509
0.00327566
-0.124132
-0.167474
-0.00633666
-0.000456731
-5.45342e-05
0.000358696
-0.000959871
3.30836e-05
-0.0701438
0.00182748
0.00142091
0.261455
-0.00119732
-0.0448252
0.255189
1.27945e-05
0.00111592
-0.107318
0.866303
-0.0206525
0.278344
-0.0657161
0.346126
-0.0227043
0.608113
-0.0580414
-0.0684369
-0.0145454
0.65663
-0.0188646
-1.33117e-05
0.000432836
0.195292
0.0431107
0.161618
0.885735
-0.0491966
-0.0744683
0.387391
0.00108417
0.0345155
-0.00613991
-0.00469489
0.00116456
-0.0137493
-0.000285709
-0.0658598
0.186142
0.142694
-0.0122267
-6.11319e-05
-5.44138e-05
3.99555e-06
-0.0154021
0.000151373
-0.0562389
0.375628
-0.0458662
0.990164
-0.150614
-0.0021432
0.941551
-0.0244137
-0.00807231
0.000391937
-0.00125722
-0.00911594
0.94525
0.895379
-0.0302087
-0.0147175
0.000211749
0.371617
0.00997004
-0.0129571
0.127889
-0.0186765
-0.0184965
-0.0157634
0.680458
0.641162
0.155223
-0.00866995
0.00111555
-0.0196625
0.0317571
-0.000955169
0.24012
-0.00133175
-0.0103524
-0.0080416
-0.0689687
0.0747207
-0.0612689
-0.00969852
0.78832
0.197245
0.107815
-0.0695055
-0.110656
-0.00804916
-5.3383e-05
0.419961
-0.00547005
-0.00443149
-0.054404
-0.090878
9.91297e-05
0.211347
0.0288257
-0.0581897
-0.108786
0.201946
-0.0483878
-0.00823832
0.0126194
0.920824
0.0795958
0.569584
-0.000954205
0.0880996
0.0165155
-0.0113844
0.393217
0.00180117
0.0183006
-0.030669
0.15321
-0.041208
-0.0388585
-0.0644275
-0.0933528
-0.00301559
-0.028717
0.698565
-0.0919247
-0.0404584
-0.0120496
-0.0161214
-0.1324
0.902128
-0.0102114
-0.008496
-0.185233
-0.00590741
-0.0155634
0.0267367
-0.0101199
0.999895
0.657673
0.0185848
0.589946
0.623843
-0.00869056
0.0165593
0.0323864
0.088644
-0.000895149
-0.0139631
-0.000303738
-0.035352
-0.0703561
-0.041877
-0.00334572
-0.194663
0.260779
-0.00334258
0.564322
0.546081
0.660271
0.000115135
-0.0084115
0.687991
-0.0176854
0.853502
0.348496
0.00294233
0.746095
-2.16516e-06
-0.00461591
-0.0856127
0.00904821
0.454305
0.00312289
-0.00965662
0.00283116
0.390927
-0.0254431
0.0159516
0.613456
-0.0402538
0.654678
-0.0135209
-0.0659215
0.344776
0.660136
0.183469
0.291484
-0.112276
-0.0080386
-0.180003
0.000214632
0.648918
0.185122
0.209098
0.297046
0.771058
0.0170626
-0.142169
0.716707
-6.00556e-05
0.743699
0.0984736
0.88935
0.856613
-5.51794e-05
-0.0406714
0.582739
0.00238514
-0.00315603
-1.60458e-06
-0.0654051
0.0132755
0.451842
-0.0113076
0.0141995
0.109646
-0.0737518
-0.000882728
-0.0274365
0.601449
-0.0380082
0.643737
0.731426
0.437696
-0.328557
-0.236533
-0.834184
1.10404
1.51847
0.309613
-0.248139
-0.5217
-0.108776
-0.206857
1.09565
0.939282
-0.536784
-0.0826961
-0.399205
-0.225166
-0.300862
-0.34286
-0.457992
-0.0917111
-0.258579
-0.114546
-0.289252
-0.221078
-0.0510649
-0.312661
-0.834474
-0.437975
0.499628
0.676392
0.853129
0.136625
1.14851
-0.164449
1.51559
-0.0858902
-0.0204542
-0.152465
-0.205243
-0.164227
-0.085751
-0.185773
-0.366288
1.03541
-0.226714
1.39787
-0.226168
-0.322953
1.22851
-0.0790629
-0.0897022
0.419414
0.595664
-0.244937
0.0560949
0.949392
0.772364
1.44604
-0.0879107
-0.292981
-0.234752
-0.597727
-0.0834561
-0.797039
-0.31739
-0.129929
-0.293609
-0.536004
-0.314691
-0.469333
-0.119371
-0.273665
2.38381
-0.199402
-0.344088
-0.184598
0.508967
1.13935
0.68571
0.862447
0.146541
-0.154564
-0.258746
-0.118017
-0.782502
-0.251317
-0.0804122
-0.686551
-0.217643
-0.133574
-0.218388
1.5021
-0.570984
-0.404199
-0.212746
-0.602757
-0.321023
-0.790385
-0.227571
-0.319729
1.06589
-0.824992
-0.119383
-0.336971
2.20299
0.00490834
-0.237552
0.287469
-0.221947
-0.249463
0.844916
1.0668
-0.0793892
1.56815
-0.263106
-0.492228
1.02007
0.585389
0.407079
0.762092
0.938966
0.0437928
-0.257263
1.3616
-0.0816421
-0.236461
-0.438138
-0.0904909
-0.272024
-0.236393
-0.659173
-0.154154
-0.282403
0.0224276
-0.139363
-0.291211
-0.300185
1.28058
-0.21103
-0.244252
-0.225435
-0.0789642
0.817805
-0.218387
-0.18068
-0.387889
-0.811057
-0.00383697
-0.131047
-0.615415
-0.450894
-0.254228
-0.493174
1.24057
-0.168755
-0.219803
1.47422
-0.267833
-0.814124
-0.210062
0.188852
1.69413
-0.59456
-0.31057
-0.337274
-0.111801
-0.266434
-0.177188
-0.195631
-0.219714
-0.683163
-0.155208
-0.149315
-0.142908
0.111369
-0.174551
-0.622319
-0.233049
-0.318154
-0.343704
-0.11044
-0.235703
-0.797291
-0.120382
-0.916038
-0.668165
-0.246832
-0.191874
1.55113
-0.428944
1.60679
-0.170028
-0.0831371
-0.296163
0.925002
-0.0926225
-0.674139
-0.175745
-0.317349
0.19007
0.425694
-0.139834
-0.181832
-0.358702
-0.176152
-0.230877
-0.250579
-0.228672
0.116124
0.527039
0.703744
0.343519
1.11069
0.223633
0.284956
0.88077
1.35174
0.175633
-0.019729
-0.125469
-0.0778412
-0.380512
-0.32083
-0.274764
-0.245844
-0.275597
-0.0923855
-0.107095
-0.225868
1.57214
-0.201235
-0.800982
-0.320257
-0.406251
-0.382143
-0.118219
-0.206532
1.24801
-0.269017
-0.606797
-0.220749
-0.154664
-0.244117
-0.0311808
-1.03229
-0.0818975
-0.158809
-0.120222
-0.192591
-0.1994
-0.230616
-0.0840599
1.35747
0.96687
-0.238344
-0.184617
0.975113
-0.762438
1.41282
-0.263083
-0.332012
-0.17693
-0.116852
-0.161087
-1.10162
-0.762771
-0.16073
-0.646749
-0.281028
1.56136
-0.455119
-0.110977
0.472985
-0.196561
-0.452468
-0.792835
-0.155247
-0.339293
-0.307234
-0.245016
-0.22868
-0.0821722
0.142413
-0.269034
-0.0790748
-0.281426
1.15068
-0.270735
-0.909598
0.449513
0.62636
1.1977
0.803111
0.981777
0.0870979
-0.213961
0.573411
1.55998
-0.0935072
-0.221032
-0.374714
-0.379883
-0.248811
-0.594209
-0.0854175
-0.206767
-0.349321
-0.2563
0.891084
-0.251626
-0.349096
-0.127717
-0.241381
-0.147405
-0.3286
1.24518
-0.179843
-0.190573
-0.253356
-0.237297
-0.191854
-0.0800591
-1.09854
1.49946
-0.23587
0.402252
0.57896
0.755662
0.0391834
0.932836
-0.261843
-0.0917414
0.580678
-0.437712
1.40607
-0.402662
-0.115038
0.234297
-0.194721
1.32437
-0.122024
1.03916
-0.231565
0.904235
-0.158782
-0.215818
-0.356433
-0.393808
0.308396
-0.173304
1.00902
-0.238751
1.04167
-0.326172
-0.249497
-0.357839
-1.05579
-0.193293
-0.117774
-0.246809
-0.0539907
-0.196611
-0.577603
-0.312395
-0.179485
0.524539
1.49735
0.168004
-0.189595
1.40753
-0.068003
-0.113166
-0.212613
-0.254139
-0.353572
0.875121
-0.213054
1.51685
-1.21597
1.02299
-1.25025
1.02269
-0.50041
1.45127
-0.240641
-0.296902
-0.0734819
-0.333095
0.0516219
1.357
-0.276297
-0.552462
-0.74622
-0.155373
-0.275657
-0.483642
-0.674633
-0.287932
-0.245488
-0.363377
-0.310754
-0.025509
-0.311783
-0.171252
-0.374662
-0.372581
-0.163407
-0.0785598
1.55767
-0.184385
-0.366147
-0.186365
1.53469
-0.256888
-0.316014
1.31848
-0.413141
-0.199163
-0.289383
-0.125428
-0.778911
-0.177779
1.17999
-0.195989
0.82057
0.105073
0.643797
0.467096
-0.166813
-0.247553
1.39945
-0.175613
0.793815
-0.311078
-0.225805
1.56903
-0.154179
0.475675
1.53695
-0.127167
-0.177566
-0.200067
-0.294125
-0.146404
1.45248
1.4921
-0.0477035
-0.20207
-0.11636
1.39311
0.712226
-0.416277
-0.46204
-0.516431
1.20605
-0.192814
1.36702
-0.614343
-0.502715
0.601217
0.423418
0.777937
0.956613
0.0602292
-0.240833
-0.665752
-0.591902
0.779472
-0.233911
-0.306456
-0.590756
-0.332408
1.37467
1.01812
-0.451939
1.3179
-0.529069
-0.252768
-0.463875
1.44832
-0.272578
-0.131949
0.288523
-0.694335
-0.22383
-0.270851
-0.314163
-0.164779
-0.218515
-0.482712
1.6301
1.29285
-0.437483
-0.175303
-0.591277
-0.274585
-0.573237
1.2312
-0.299084
-0.668758
-0.710168
-0.0986335
-0.267436
1.49747
1.42356
1.22402
-0.316307
-0.211811
-0.31114
-0.793107
-0.15005
-0.230531
-0.335928
-0.21538
1.47749
-0.267973
1.14579
-0.293331
-0.487791
-0.0407095
-0.239953
-0.198034
-0.178739
-0.251931
-0.215957
-0.408451
-0.222756
-0.824693
-0.184374
1.49358
-0.217898
-0.645322
-0.201452
-0.114344
-0.443334
-0.334281
-0.310853
-0.0946226
-0.0737907
-0.533365
-0.0590428
-0.416582
0.135538
-0.331038
0.480197
-0.582942
-0.79598
-0.277153
-0.130139
-0.189834
-0.372411
0.720185
0.543474
0.898161
-0.298214
0.00289638
0.36613
-0.346731
1.47398
1.02941
-0.384475
-0.401815
1.47279
-0.302462
0.56267
-0.312961
-0.600245
-0.178468
-0.145812
0.704992
-0.235382
-0.233766
1.38594
1.42554
-0.0918711
-0.268691
-0.093032
-0.289733
0.419477
-0.209658
-0.442998
-0.0878294
-0.250554
-0.990473
0.554673
-0.221091
-0.329785
-0.512361
-0.323411
1.36694
-0.361853
1.45336
1.5778
-0.756707
-0.478613
-0.907292
-0.930763
-0.765853
-0.448447
-0.181746
-0.208099
-0.206932
-0.200941
-0.435471
1.39404
-0.192552
-0.146099
-0.511235
-0.218403
-0.720617
-0.244134
-0.191984
-0.320541
-0.431133
-0.188695
1.34861
-0.189596
-0.3799
-0.370585
-0.186891
-0.180637
-0.592207
-0.245365
-0.177288
-0.24693
-0.831666
-0.397688
-0.548403
-0.495794
-0.192642
-0.172466
-0.197024
0.995701
1.26786
-0.405162
-0.333587
-0.554546
-0.101986
-0.295086
-0.263487
-0.21219
-0.295799
-0.190073
1.06874
-0.593335
0.541212
-0.166406
-0.504105
-0.281975
-0.186882
-0.192257
-0.174675
-0.487557
-0.216583
-0.356645
-0.173651
-0.229107
-0.188904
-1.0627
-0.297002
-0.207905
-0.135293
-0.160699
-0.187219
0.407004
-0.238581
-0.178601
-0.184733
-0.173105
-0.24323
-0.186895
-0.163581
-0.805474
-0.245939
-0.31082
0.313111
1.42581
1.12315
-0.528675
1.01998
-0.108235
-0.807875
-0.248584
-0.107747
0.120688
-0.19471
-0.428229
-0.231603
-0.185459
0.589225
-0.192207
-0.287489
-0.177546
-0.200247
1.60388
-0.225097
-0.018676
-0.21687
-0.265797
-0.263172
-0.221948
-0.15783
-0.115374
-0.230089
-0.158671
-0.184951
-0.235598
-0.198361
1.50895
-0.396859
-0.20078
-0.204609
-0.164749
-0.0752071
-0.304083
1.44915
-0.457562
1.38512
-0.201313
-0.0929281
-0.799534
-0.755167
-0.764293
1.4528
-0.164666
-0.114572
-0.121558
-0.484758
-0.390944
-0.188292
-0.61327
-0.665302
-0.606416
-0.19103
-0.18142
0.437239
0.61432
1.21039
0.791052
0.969495
0.0741754
-0.226878
-0.179007
-0.164654
-0.175409
-0.110896
1.32398
-0.407867
-0.489546
-0.120286
-0.281559
0.912211
0.0195044
0.735598
0.558904
0.382751
-0.376886
-0.173356
-0.0795919
1.25824
-0.770997
1.23985
-0.675654
-0.262955
-0.763623
-0.475973
1.21683
1.43947
-0.890104
-0.321007
-0.201809
1.268
1.50146
-0.760516
-0.725782
1.24505
-0.246166
-0.899618
1.32377
-0.194778
-0.638188
-0.206499
-0.962534
-0.200605
-0.263197
-0.844556
1.35825
-0.776952
-0.463929
-0.371668
-0.551331
0.684516
1.32568
-0.126363
-0.942102
-0.35482
-0.164854
-0.339257
-0.303697
-0.125825
0.803333
-0.791169
-0.175995
0.527592
-0.856724
-0.152745
-0.324174
0.683444
-0.16039
1.10916
1.53166
-1.10552
-0.677943
-0.224474
-0.860395
-0.478549
1.4422
-1.01368
-0.493219
1.43604
-0.094538
-0.169361
1.03227
0.457053
0.63355
0.810249
1.19076
-0.207404
0.0936366
0.980426
-0.18713
-0.242677
-0.104075
-0.519364
-0.535372
1.4674
-0.204233
-0.236295
1.16593
-0.247113
-0.259357
1.14883
1.47618
-0.182551
-0.202658
-0.148212
-0.223215
-0.233194
-0.273752
-0.213424
-0.353153
-0.991108
-0.216473
1.02692
0.0638504
1.47458
-0.580912
-0.211416
-0.182486
-0.123282
-0.155785
-0.113351
-0.62338
0.768545
-0.189488
1.38024
-0.373375
-0.754673
1.08488
0.458303
-0.206394
0.979135
1.51936
0.120191
-0.173965
-0.250136
-0.249522
-0.564811
-0.09572
-0.813575
-0.428198
-0.133457
-0.109063
-0.257505
-0.242509
-0.70273
-0.720897
-0.176883
-0.403582
0.329167
-0.351764
-0.165702
0.799419
-0.285966
0.00143122
-0.1763
-0.204084
1.34379
0.227164
-0.431332
-0.346844
-0.649949
-0.10779
0.446858
-0.792196
-0.140684
-0.0798447
-0.488866
-0.648333
-0.0969687
0.594254
1.08438
-0.190107
-0.418153
-0.182597
-0.507644
-0.191895
-0.283903
0.498215
-0.184175
-0.702888
-0.201567
-0.171442
0.0166658
0.260033
0.10117
0.380664
-0.0581825
-0.0937461
-0.151554
-0.188612
-0.220024
-0.253302
0.368385
-0.496538
-0.783052
-0.466215
1.06101
1.16973
0.831152
-0.186524
0.114538
1.00461
0.654452
0.477612
-0.598815
-0.947334
1.08499
-0.660368
0.943202
-0.204982
-0.254323
-0.183572
-0.278008
-0.0709884
-0.374124
-0.231278
0.947841
-0.228538
-0.533253
-0.214574
-0.755669
-0.356459
-0.233249
1.31703
0.983416
-0.255282
0.995847
0.776517
-0.19699
-0.61669
-0.323853
-0.370213
0.739203
-0.626364
-0.483585
-0.345215
-0.214098
0.421203
-0.584631
1.29195
0.294366
-0.202818
-0.126982
-0.240372
-0.236365
1.38589
0.632111
-0.0934362
-0.184874
-0.128882
1.33832
-0.251994
-0.225805
1.52467
-0.216212
1.02969
-0.17835
-0.232867
-0.266617
-0.178107
-0.200457
-0.18083
-0.48063
-0.447251
-0.327549
0.591158
-0.209676
-0.380926
-0.547802
-0.179033
-0.215846
0.412249
1.41543
-0.725081
-0.186051
1.33462
-0.397551
-0.111859
-0.686146
0.3451
-0.401706
-0.384599
1.06977
1.49319
-0.258227
-0.0946951
-0.0812179
0.904007
-0.178132
-0.235796
-0.230391
-0.150373
-0.576306
-0.242048
-0.24026
-0.274706
-0.20689
-0.272967
-0.248391
-0.168215
1.08227
-0.364512
-0.0978828
-0.394877
-0.391813
-0.280333
-0.202188
-0.218636
1.49692
-0.554434
1.40233
-0.318861
-0.74884
-0.342085
-0.23588
-0.366589
-0.249118
1.4094
-0.277933
-0.212803
-0.339201
1.3763
-0.387151
-0.700268
0.625155
0.596323
-0.173954
-0.614703
-0.678007
1.32081
-0.0928161
-0.181329
-0.373234
-0.257305
-0.572409
-0.167868
-0.203924
0.842297
-0.133162
-0.50739
-0.57793
-0.2336
-0.209727
-0.324838
-0.177283
-0.0909473
1.36854
0.254849
-0.648387
-0.542979
-0.487709
-0.564568
-0.306012
1.31314
-0.199301
-0.197978
-0.26727
-0.174857
-0.286398
1.18813
-0.284741
-0.232261
0.992682
-0.2096
0.631082
-0.712044
-0.681257
-0.170256
-0.093851
-0.632039
-0.694333
-0.141669
-0.389303
1.04732
-0.133751
1.16254
-0.277784
-0.329174
-0.589132
-0.34025
-0.186252
1.2705
-0.265796
-0.194914
0.21502
-0.316695
-1.34161
-0.447984
-0.209151
-0.500206
-0.522313
1.05863
-0.282475
-0.0981598
-0.084309
0.0107903
-0.806618
0.307628
0.24669
0.189066
1.09903
-0.112062
-0.0550014
1.08171
-0.356433
-0.0957256
0.205926
-0.0345065
0.32876
0.268727
-0.335639
-0.184819
-0.170901
1.39878
-0.251896
-0.629776
-0.111464
-0.352481
-0.254662
-0.11946
1.41278
-0.336487
-0.79977
1.05013
0.891319
-0.604829
-0.186045
-0.135217
-0.670286
-0.189518
1.15938
-0.310879
-0.237773
1.17495
-0.113328
-0.568407
-0.183772
-0.167176
-0.267724
-0.0795007
-0.31084
0.666813
0.581369
-0.722355
-0.81913
-0.285089
-0.151421
0.851863
1.45632
-0.1022
-0.196268
-0.818253
-0.091247
-0.100899
-0.241643
-0.248509
0.308969
0.366261
-0.546295
-0.0942794
-0.227146
-0.169181
-0.351502
1.2821
-0.349967
-0.216477
-0.273543
-0.103045
-0.411534
-0.194216
-0.23743
-0.225417
-0.227252
1.16572
-0.115841
-0.633861
-0.229661
0.717751
-0.0887745
-0.105806
-0.10246
-0.134859
-0.0948407
-0.454206
-0.22884
-0.13704
-0.525957
1.28434
-0.333065
-0.321867
-0.107512
1.35763
-0.162727
-0.195364
-0.0781432
1.13779
1.26405
-0.519984
-1.0016
0.589066
-0.226448
-0.441788
-0.565994
-0.186044
-0.489159
-0.433394
-0.446315
-0.0820986
0.543733
-0.677385
-0.724227
-0.109965
-0.07789
-0.0989834
-0.188884
-0.104758
-0.157834
-0.117118
0.429089
-0.220028
-0.134803
-0.108458
-0.0791412
-0.457083
0.118433
-0.167318
-0.138439
-0.148064
-0.196955
-0.0774319
-0.292872
-0.156451
-0.240117
-0.232091
-0.284262
1.09074
-0.0608141
-0.177838
-0.0756203
0.6094
-0.691744
-0.181066
-0.196832
-0.188771
-0.117533
-0.195824
-0.104666
0.470316
-0.193037
-0.199376
-0.166321
-0.261837
-0.135978
-0.0717396
-0.0767657
-0.120154
-0.104058
-0.125107
-0.179147
-0.62183
-0.212142
0.657777
-0.452614
-0.244362
-0.209477
-0.204397
-0.177725
-0.106956
-0.0783453
-0.0776246
-0.588067
-0.226326
0.618666
0.408537
1.21648
-0.0956798
-0.210382
-0.0984362
-0.0789228
-0.102955
-0.207276
-0.165394
-0.499423
-0.208184
-0.26945
-0.694449
-0.161559
-0.337659
-0.13402
-0.104673
-0.0851128
-0.113667
-0.432729
-0.0913838
-0.254571
-0.113656
0.587182
-0.124784
-0.179909
-0.93545
-0.181137
-0.179453
1.54968
-0.163711
1.48512
-0.179639
-0.0951784
-0.0911166
-0.0792547
-0.183965
-0.206112
-0.138082
-0.517621
-0.188743
-0.0777078
-0.186275
-0.0748155
-0.191494
-0.0747761
-0.0847087
-0.100014
-0.348074
-0.099728
0.508132
-0.0807395
-0.199283
-0.0765302
-0.233862
-0.284367
-0.324414
0.505598
-0.73352
0.460678
-0.319299
-0.0797096
-0.436175
-0.104423
-0.147623
-0.182143
1.54396
-0.178699
-0.350763
-0.254695
-0.0951871
-0.160744
-0.189621
-0.171702
-0.46377
1.45992
-0.171178
-0.202529
-0.215389
-0.269035
-0.189816
-0.086485
-0.30359
0.251671
0.804964
-0.15712
-0.219586
-0.18181
0.674958
-0.164905
0.70569
-0.156028
0.582086
-0.210692
-0.0943925
-0.220301
0.92
-0.0981563
-0.0725021
-0.589565
-0.14754
-0.252618
-0.09365
0.578396
1.24455
-0.308681
-0.578805
-0.12156
-0.104918
-0.159972
-0.0734196
-0.0845124
-0.114992
-0.128383
1.41843
-0.245185
-0.133753
0.572541
-0.175469
-0.0706632
-0.125788
-0.166267
-0.536256
-0.296732
-0.0666132
0.91396
-0.287457
-0.176297
-0.0722198
-0.494361
-0.406186
-0.184626
-0.243679
-0.620108
-0.289152
-0.154297
-0.660104
-0.0952252
-0.108661
-0.225837
-0.522859
0.178811
-0.153997
-0.213338
-0.332054
-0.44342
-0.139314
-0.0993487
-0.380773
0.644887
-0.127824
-0.101957
-0.0717478
-0.0827102
-0.216852
-0.191739
-0.0966632
-0.135962
-0.216623
-0.111613
1.5494
-0.447784
-0.164515
-0.396528
-0.275476
-0.218725
-0.29848
-0.293864
-1.23312
-0.174529
-0.26971
-0.161831
-0.403415
-0.111485
-0.152172
-0.116699
-0.0966376
-0.546735
-0.131644
-0.535267
-0.235061
-0.106513
-0.118947
-0.13738
-0.188436
-0.0920869
1.47494
-0.139881
-0.719623
-0.122461
-0.0880239
-0.101659
-0.302318
-0.533727
1.5897
-0.0915343
-0.179414
-0.28025
1.21261
-0.341111
-0.14504
0.167834
-1.05852
-0.173095
-0.0944706
0.497098
-0.235408
-0.143091
-0.222367
-0.0865334
1.47101
0.0242753
-0.293301
-0.315435
-0.1235
-0.240398
-0.0751424
-0.160835
-0.66361
-0.884784
-0.081989
-0.091807
-0.199702
-0.370731
-0.0940842
-0.28168
-0.115671
-0.258
-0.248702
0.480149
-0.276437
-0.0979525
-0.209896
-0.645017
-0.0882683
-0.16088
-0.0938091
0.681661
-0.0860789
-0.149455
-0.206205
-0.0919942
-0.104079
0.611443
-0.140238
-0.113828
-0.0912771
-0.0953423
0.996365
-0.312702
-0.357797
-0.0894031
-0.107956
-0.252254
-0.132366
-0.122487
-0.101077
-0.502251
-0.37247
-0.151843
-0.346689
-0.235543
-0.283876
-0.0951158
-0.213005
0.313234
0.250877
0.186772
0.329497
0.265452
0.195993
-0.0495044
-0.114157
-0.105062
-0.0338062
1.07271
1.09537
-0.350183
-0.33466
-0.141128
-0.342599
-0.192581
-0.437721
-0.276046
-0.0871776
-0.0816008
-0.320932
-0.304297
-0.269794
-0.320359
-0.10684
0.826065
-0.093718
-0.137182
-0.110207
-0.212561
-0.0997266
-0.134646
-0.119792
0.704586
-0.179677
-0.159823
-0.666048
-0.356575
-0.357084
-0.149532
-0.130255
-0.309877
-0.149814
-0.112446
1.40745
0.970769
-0.16221
-0.30152
-0.11675
-0.163238
-1.00843
0.461677
-0.143442
-0.51529
0.12798
-0.219233
1.53926
-0.485129
0.628582
-0.328583
1.32988
0.533021
-0.0893035
-0.16387
-0.378086
-0.140989
-0.0907
-0.115537
0.497124
-0.55699
1.09415
-0.155234
-0.283618
-0.0881797
-0.134138
0.321263
-0.136054
-0.128983
-0.128202
-0.13648
-0.521324
1.27657
0.866607
-0.150112
-0.275078
-0.245365
-0.0877127
0.0469174
1.30767
1.16289
-0.0698527
-0.215621
-0.675198
-0.0894701
-0.258691
1.56093
-0.125212
-0.421906
-0.152742
-0.286496
-0.416007
-0.326583
-0.0924243
-0.170764
-0.305388
-1.09445
-0.268925
-0.134118
-0.0919849
-0.158774
-0.146609
-0.455535
-0.341328
-0.155143
-0.0763393
-0.250804
-0.0897089
-0.0894851
-0.271244
-0.121124
0.345618
-0.206799
-0.113777
-0.167231
-0.267818
-0.184351
-2.44663
-0.149792
-0.173489
-0.0360616
-0.218312
1.48453
-0.422296
-0.150009
-0.659621
-0.263025
-0.16524
-0.353846
-0.246374
0.742371
-0.573553
-0.229005
-0.951182
0.539257
0.386681
-0.206226
-0.246529
1.46594
-0.51549
-0.417771
-0.212972
-0.175841
-0.175514
0.655521
-0.107716
-0.100633
-0.110036
-0.441495
-0.0799123
-0.374335
-0.262244
-0.431881
-0.0637191
-0.115349
0.640686
0.487873
-0.67612
-0.178429
-0.462455
-0.16914
-0.193194
1.3095
-0.735991
-0.315904
-0.232885
-0.365974
-0.274784
1.23975
-0.170037
-0.301399
-0.248358
1.00545
-0.186568
-0.208177
1.2936
-0.181147
-0.428217
-0.219335
-0.389305
-0.491996
-0.489726
-0.177245
-0.155524
1.52966
-0.437576
-0.142429
-0.233803
-0.203884
-0.536962
-0.246772
-0.471767
0.233313
-0.39394
-0.174708
-0.17709
-0.236791
-0.757043
-0.286254
-0.0906357
-0.210287
1.2927
-0.408855
-0.26498
-0.235314
-0.97295
-0.237149
-0.153547
-0.13196
-0.277106
-0.649405
-0.174624
-0.224352
-0.175989
-0.392218
-0.760494
-0.148081
-0.365673
-0.259478
-0.436736
-0.178881
-0.587671
0.259754
-0.286314
-0.13813
-0.211347
-0.291679
-0.37583
-0.145834
-1.02741
-0.23389
-0.324419
-0.107007
-0.406941
-0.279584
-0.18222
-0.186046
-0.167818
-0.281561
-0.179009
-0.173362
-0.159403
-0.126494
-0.180702
-0.0789232
-0.253797
-0.0164178
-0.315346
-0.197163
-0.215854
-0.324188
-0.151988
-0.174774
-0.25425
-0.409666
-0.103493
1.19604
-0.0134231
-0.114509
-1.81651
-0.238042
-0.25193
-0.249007
-0.506201
-0.256545
-0.0812476
-0.0968934
-0.277225
-0.344848
-0.371752
-0.158846
-0.175647
-0.355409
-0.0558274
-0.350504
-1.13043
-0.170313
-0.205052
-0.334152
-0.170675
-0.284583
-0.305763
-0.538803
1.50421
-0.110906
0.72818
-0.134416
0.87658
0.501594
-0.289202
1.51873
1.82806
-0.140995
-0.145885
1.1053
-0.330496
-0.105569
-0.987027
-0.230529
-0.14891
-0.457487
-0.347595
-0.175549
-0.784967
-0.176744
-0.242356
-0.169143
-0.268274
-0.44108
-0.304769
-0.196295
1.01022
-0.622134
-0.140393
0.953976
-1.55037
-0.17439
0.933362
0.60981
-0.681377
-0.186028
0.75142
1.86104
-0.279047
-1.23507
-0.463869
-0.170289
0.207046
0.331138
-0.187604
-0.378495
-0.987836
-0.614247
-0.120733
-0.274116
1.50643
-0.310045
-0.255521
-0.612309
-0.537238
-0.327277
-0.234172
-0.322543
-1.4121
-0.453802
-0.258935
-0.272876
-0.279518
-0.670037
-0.203452
-0.183967
-0.166296
-0.190574
-0.188902
-0.184018
-0.149718
-0.169702
-0.178624
-0.178519
-0.189114
-0.216265
-0.184929
-0.190513
-0.228379
-0.248997
-0.23575
-0.148062
-0.19956
-0.361964
-0.28114
-0.223512
-0.198187
-0.335984
-0.317324
-0.0851237
-0.460957
-0.301417
-0.22265
-0.335084
1.73794
-0.286751
-0.44661
-0.221276
-0.140603
-0.26228
-0.291179
0.63443
-0.161278
-0.211723
-0.26456
-0.302968
-0.789479
-0.104603
-0.220445
-0.508518
-0.24355
-0.809858
-0.392965
0.695406
0.033002
-0.294155
-0.460811
-0.153945
0.61054
-0.934478
1.50836
-1.37048
-0.270041
0.882531
-0.381719
-0.153527
-1.27109
-0.384546
0.682473
-0.257359
-0.227938
1.69502
-0.0717344
-0.960574
-0.146821
-0.5143
-0.434271
-0.207757
-0.597979
-0.200143
-0.278327
1.28642
1.12489
-0.742647
0.174188
-0.197142
-0.430686
-0.0782527
-0.891446
0.077691
-0.310418
-0.262127
-0.161233
-0.079928
-0.220167
0.0150096
-0.635243
1.66561
0.719562
-0.443565
-0.292183
-0.321073
-0.215139
-0.213863
0.539843
-0.418625
-0.113251
0.466056
-0.558153
-0.508173
-0.360827
-0.576246
0.0346916
-0.814856
-0.410343
-0.097584
-0.495784
0.544174
-0.159881
1.62821
-0.544039
-0.108295
-0.316663
-0.0796119
-0.208618
-0.341803
-0.280791
-0.0848283
1.44036
-0.649969
0.731971
0.952411
-0.353638
-0.121936
-0.323431
-0.208468
-0.631437
-0.239085
1.60867
-0.130619
-0.138316
1.12348
1.05251
-0.37471
1.35683
-0.0736983
-0.00828979
-0.30938
0.162777
0.705626
0.227888
0.88226
0.288475
0.35506
0.528952
-0.332943
-0.796771
-0.225994
-0.477082
-0.130659
-0.136552
1.29617
-0.194293
-0.232008
-0.18074
-0.301903
-0.0787163
-0.368923
-0.198544
-0.617386
-0.238547
-0.170387
-0.623827
-0.288928
-0.0924653
1.60438
-0.15655
0.639875
-0.171071
0.437413
-0.34911
-0.716841
0.854489
1.0117
-0.227346
-0.175201
-0.738321
-0.117838
-0.488899
0.348208
-0.290179
-0.188347
1.29847
-0.213204
1.06299
-0.420091
-0.253892
-0.454299
0.689605
-0.515769
-0.499602
-0.221709
1.29501
-0.551086
0.475103
1.58972
0.940286
-0.172454
-0.19437
-0.66646
-0.393645
0.277559
0.876246
-0.440874
1.27325
-0.169288
-0.134909
-0.323485
-0.204702
-0.742112
-0.0473316
-0.452954
-0.401276
-0.0807861
1.58986
0.427052
-0.000630451
-0.265548
-0.231605
-0.192688
-0.366238
-0.219535
0.315139
-0.372291
0.0571091
-0.316871
-0.35645
1.14751
-0.164199
1.03149
0.13686
0.855054
0.678422
0.501765
-0.772216
0.270803
0.876965
-0.439284
0.790574
-0.304104
0.892427
-0.202458
-0.330784
0.730092
1.48775
-0.337741
-0.0791347
0.790538
-0.248372
-0.224408
-0.280971
0.814728
-0.404298
-0.673165
-0.732561
0.757306
-0.130592
1.57032
-2.03746
-1.13251
1.66612
-0.461352
-0.210883
-0.120404
0.930275
-0.174807
1.3074
-0.429891
-0.588726
1.261
1.55166
1.59764
-0.218317
-0.125448
-1.0109
-0.224041
0.401589
-0.505222
0.335154
-0.839185
0.692349
-0.187943
-0.183028
-0.189798
0.515326
-0.482118
-0.272744
-0.708653
-0.128454
-0.271897
1.01118
1.50328
-0.201934
-0.320324
-1.55612
-0.10274
-0.127044
0.337574
-0.0979225
-0.866802
-0.176965
-0.332153
-0.711918
-0.364319
-0.312475
1.38093
-0.261831
-0.120481
-0.21729
-0.288892
1.61996
0.454655
0.152547
-0.472177
1.58652
-1.26896
-0.891732
-0.434803
1.21683
-0.688877
0.32633
-0.353028
1.18487
-0.405701
-0.0871594
-0.860423
-0.536793
-0.207111
1.2572
0.133233
-0.365417
-0.310269
-0.0153387
-0.22318
1.21603
-0.621729
-0.136934
1.16789
0.015907
-0.181118
-0.119904
-0.217124
0.268538
-0.256498
-0.120097
-0.330077
-0.238104
-0.177799
-0.661923
-0.340163
0.108227
-0.142773
-0.353657
-0.0087904
-0.519304
0.325522
-0.302862
-0.171275
-0.206161
0.366641
-0.199467
-0.361842
-0.704559
-0.145824
-0.731226
-0.1773
1.54519
-0.139832
-0.204198
-0.154576
-0.188947
-0.0784479
-0.648548
0.0889966
-0.575718
-0.155605
-0.156419
-0.211026
-0.313674
-0.858439
1.35405
-0.102092
-0.352859
-0.219737
-0.158324
1.59058
-0.275766
-0.107367
-1.05026
-1.67411
-0.172957
0.525943
-0.905263
-0.693281
-0.207598
-0.0397923
-0.41904
-0.37302
-0.290541
-0.17444
-0.0653415
-0.6034
0.303102
-0.255065
0.0472986
-0.895955
-0.372323
-0.236556
-0.259567
-0.1929
-0.162282
-0.179431
0.067026
-0.365767
-0.145238
-0.792249
-0.347049
-0.113012
-0.396131
-0.589237
-0.144765
-0.132519
-0.0634723
1.42974
0.538205
-0.0935072
-1.18376
-0.0778076
-0.0738896
0.309093
-0.157702
-1.17871
-0.513277
-0.0647041
-0.229874
-0.175844
-0.169609
-0.289347
-0.138312
-0.131025
-0.154694
1.8726
0.437404
-0.684636
-0.340615
-0.835714
-0.937123
-0.299452
-0.486978
1.02824
-0.217939
-0.272844
-0.200326
1.58845
-0.090743
-0.11879
1.09033
-0.259942
-0.134423
-0.182723
0.0641747
-0.173438
-0.110437
-0.155119
-0.128928
0.850737
-0.210811
-0.281775
0.127779
0.122054
0.698018
-0.183595
1.11238
-0.96172
0.526066
1.80369
-0.235892
-0.244128
-0.550982
-0.255551
-0.395433
-0.278562
-0.521899
-0.700807
-0.272856
1.71932
-1.4734
-0.376534
-0.196418
-0.749624
1.49174
-0.0790173
1.39649
-0.151283
-0.116468
-1.30432
-0.164659
-0.130842
-0.317024
-0.31595
-0.255341
-0.234118
-0.584899
-0.313135
-0.264244
-0.652919
-0.171886
-0.202502
-0.189909
-0.203602
-0.163643
-0.20567
-0.150658
-0.24371
-0.178673
-0.2404
-0.225629
-0.511206
-0.123674
-0.204673
-0.272479
-0.448764
-0.226063
-0.293576
-0.46183
-0.472114
-0.152161
0.324382
-0.285908
-0.215921
-0.235474
-0.959995
1.22096
-0.279283
-0.740304
-0.274257
0.989475
1.13648
-0.302166
0.00365604
1.16543
-0.186901
1.497
1.38664
-0.250225
-0.228362
-0.171665
-0.673901
-0.802812
-0.28802
1.73088
-0.199123
-0.651261
-0.0874429
-0.361677
0.0578048
0.751154
-0.278303
-0.893984
-0.737445
-0.767222
-0.119931
0.989372
-0.0987932
-0.561
-0.283229
0.0523121
-0.163366
-0.795658
-0.26191
-0.4738
-0.167942
-0.208112
-0.91341
-0.445018
-0.777271
-0.871058
-0.319601
-0.687645
1.44526
1.496
-0.340389
-0.103175
0.745922
-0.551989
1.66995
0.716058
-0.230531
-0.189812
-0.2663
0.586239
1.36176
-0.254349
1.39238
-0.229078
-0.324448
-0.185935
1.29136
-0.185844
0.423036
0.355825
-0.137315
-0.373955
-0.277591
-1.40123
0.602524
-0.196896
-0.441723
-0.835263
0.65255
1.40047
-0.220736
-0.219924
0.318618
-0.365492
0.352546
0.0510706
-0.118347
-0.2658
-0.265772
-0.352233
1.5137
-0.365256
-0.184025
-0.803477
-0.460671
-0.294921
-0.134974
-0.229472
-0.204502
1.2173
1.66114
1.53523
-0.883038
-0.382588
1.24005
0.833733
-1.13806
-0.403173
-0.242511
-0.214297
0.243976
-0.203086
-0.278987
-0.134548
-0.190704
-0.175594
-0.205448
1.27829
-0.605408
0.0156154
-0.000797934
-0.38707
1.04425
-0.973208
-0.175903
-1.12685
-0.113127
-0.816741
0.118018
1.43857
-1.12903
1.6425
0.81317
-1.44142
-0.249171
0.0440669
-0.492271
1.12436
1.06267
0.560587
-1.17752
0.000871475
-0.0268106
-0.907564
-0.269403
-0.133053
-0.259589
1.19218
-0.197752
0.197645
-0.449098
-1.23723
-0.19459
-0.133632
-1.01328
0.749624
-0.886877
-1.0514
-0.0374773
-0.970991
-0.730196
-1.08806
-0.603717
-0.323263
-0.174983
-0.70694
1.38426
-0.319351
-0.786408
-0.0930364
-0.846946
1.60787
1.18853
-0.292452
-0.0799916
-0.768892
-0.686819
-1.05228
-0.176723
-0.163961
-0.218626
-0.182978
-0.304424
1.50381
1.13791
-0.209445
-0.263756
-0.299064
-0.0977892
-0.28215
-0.203928
-1.29986
0.134753
-0.252331
-0.124105
-1.01921
-0.180738
-0.306729
0.43413
1.60348
-0.236406
-0.39355
-0.227688
-0.178419
-0.278383
1.07936
-0.198016
1.15165
-0.291815
-0.443717
-0.17907
-0.0895916
-0.270858
-0.360932
0.182433
-0.0595922
1.12745
0.334594
-0.419971
0.426826
-0.000407002
-0.118655
0.241933
0.273345
0.157737
0.304008
-0.0288137
0.454294
0.0912013
-0.444996
-0.329913
1.07632
1.28693
0.063566
1.16277
0.362943
0.393524
0.211521
-0.237477
1.2538
1.39979
1.34188
1.19337
-0.20985
-0.14331
0.542283
0.517023
0.0301751
0.570293
-0.301441
-0.568825
-0.474698
0.121979
0.807722
0.746985
-0.390238
0.870471
0.923802
0.895527
1.22099
0.630997
0.78033
0.693684
0.661228
1.37124
0.984613
0.718966
0.60361
0.484604
1.31312
0.957213
0.837958
1.10455
-0.21549
-0.28107
-0.501262
1.5023
-0.493194
1.11959
0.387844
-0.13634
1.58968
-0.230149
-0.478307
1.56412
-0.161727
-0.271593
-0.154597
-0.219558
-0.23353
-0.109462
1.21516
-0.728879
-0.256525
-0.308902
1.21074
1.50865
-0.902387
1.53872
-0.706803
-0.312558
-0.233638
-0.473379
-0.0941512
-0.187313
-0.114894
0.620728
1.42301
-0.21498
-0.566858
-0.0854117
-0.0106054
-0.977169
-0.268883
-0.836352
-0.187606
-0.243083
1.7315
-0.162013
-0.233102
1.53088
-0.222294
-0.104453
-0.231158
-0.258809
-0.142284
0.492638
0.30392
-0.303388
-0.173898
-0.173769
-0.209799
-0.665751
-0.327996
0.331747
-0.224
1.06448
-0.217285
-0.311498
1.59742
-0.0798084
-0.702163
-0.330968
-0.125246
-0.132572
0.832414
-0.379329
-0.105651
0.18497
-0.0757137
-0.4767
-0.776578
-1.05756
-0.221657
-0.718722
-0.263604
-0.875139
-0.246224
-0.138278
-0.27197
0.214838
-0.236967
-0.793833
-0.184834
-0.268352
-0.21333
-0.444636
-0.293064
-0.181253
-0.301439
0.0859947
-0.404181
-0.715282
-0.113387
-0.308723
1.63367
-0.566148
-0.175116
-0.149106
-0.272141
-0.0765546
-0.270519
1.58686
-0.172617
-0.154717
1.52899
-0.273614
-0.857909
1.26461
1.07182
-0.157932
0.183801
-0.11142
-0.372585
-0.216627
-0.164453
0.286575
1.63535
0.702107
-0.130486
0.564235
-0.583697
-0.336957
-0.885464
-0.151039
-0.101236
0.531637
0.745327
-0.132073
-0.257802
-0.410363
0.763316
-0.256311
-0.828947
-0.405082
-0.0836036
-0.632077
-0.180453
-0.252102
-0.23504
0.379892
0.552553
0.0166151
-0.28441
0.906573
0.729236
0.561561
-0.201512
-0.136233
-0.0570063
-0.126383
-0.0376329
-0.142671
-0.221209
-0.225861
-0.216609
-0.160762
-0.288647
0.00602375
-0.0953745
0.142833
1.60002
-0.714261
1.57202
-0.168901
-0.236977
-0.315916
-0.484783
-0.144303
-0.283134
-0.182282
-0.272142
1.53315
-0.295794
1.61072
0.437288
-0.425124
-0.979481
-0.820891
-0.0234908
-0.860165
-0.284222
-0.496431
-0.353495
0.603291
1.5257
-0.141283
-0.270136
-0.222791
0.40276
-0.172491
1.62279
0.146824
-0.595484
-0.369183
-0.201305
-0.15298
-0.166747
-0.34258
-0.811885
-0.195844
0.720656
-0.103806
0.166649
-0.338002
-0.100505
-0.261434
-0.14058
-0.26685
-0.171073
0.0603925
-0.234465
-0.215141
-1.61368
-0.396612
0.668446
1.35421
0.804376
-0.19036
-0.112908
-0.161905
-0.331022
0.632906
1.22791
-0.169476
0.551672
-0.1351
-0.706007
-0.383511
1.57455
-0.0251788
-0.284024
-0.53695
0.824348
-0.0928237
-0.548171
-0.169857
-0.165304
-0.48337
-0.55427
1.41739
0.154655
-0.167511
-0.331883
1.03846
-0.23241
-0.194351
0.830981
-0.115424
-1.1657
-0.664562
0.0264945
0.829023
0.266307
0.935458
1.36256
-0.260829
-0.274784
1.60903
-0.166745
1.55297
-0.017286
-0.681612
-1.33825
-0.541614
-0.315733
-0.253555
-0.859655
-0.298617
-0.263825
0.510309
1.03941
-1.2365
-0.111407
-0.946412
-0.159037
1.41366
-0.117377
-0.151437
-0.198145
-1.3794
-0.226627
-0.225908
-0.0671618
0.0900623
-0.314926
-0.184025
-0.296285
-0.912804
-0.328162
-0.387072
-0.143244
-0.190566
-0.158472
-0.090019
-1.18453
-0.0744452
-0.618338
1.60726
-0.905897
-0.262816
-0.185694
-0.189659
-0.232122
-0.237078
-1.46454
1.48618
1.54919
-0.864583
-0.15727
-0.102795
-0.451469
0.282756
1.14499
0.373459
-0.253817
-0.323777
-0.861358
-0.253776
-0.223268
1.41848
0.499617
-1.39287
-0.220214
0.400908
-0.8501
-0.746633
-0.150742
-0.737636
-0.0806781
-0.108127
-0.151241
-0.62337
-0.794084
-0.416622
-0.519406
-0.923574
-0.351732
-1.00464
1.53634
1.16626
-0.204611
-0.201623
-0.668667
-0.354618
-0.631195
-0.409823
0.374693
-0.213056
-0.282425
-0.235648
1.04512
-0.700559
-0.0491368
-0.15397
-0.81757
0.220254
1.47739
-0.196707
-0.195613
-0.267333
0.945556
-0.109881
-0.257821
-0.164329
-0.686318
1.17742
1.43478
-0.130273
-0.478986
0.356962
-0.1893
1.2127
-0.238444
-0.80397
-0.304877
-0.609541
1.16509
-0.780934
0.411272
1.27386
-0.28634
-0.203803
-0.660001
-0.182411
-0.183734
-0.0992277
-0.303793
-0.446268
-0.689012
-0.329105
-0.880154
-0.936115
-0.252251
-0.0867478
0.403096
1.34915
-0.677905
-0.570514
-0.235532
-0.7427
-0.322541
-0.844589
-0.104069
0.142728
-0.124366
0.549245
-0.00827065
-0.301595
-0.196651
0.0428499
-0.232481
-0.337508
0.550723
1.11759
-0.12849
-0.10446
-0.0725585
-1.29703
-0.831378
-0.280457
1.53757
-0.0640035
0.0665231
-0.291807
-0.0507058
0.161001
-0.572015
-0.231662
1.11989
-0.125683
-0.227216
-0.304261
-0.226788
-0.321401
-0.180167
-0.117754
-0.086089
-0.107206
0.193886
-0.0409215
-0.189053
-0.0767994
-0.170243
-0.342054
0.345464
0.28608
-0.27548
-0.263267
0.401071
0.322572
0.260544
-0.405795
0.173931
0.438786
-0.127121
1.261
1.17265
0.224415
-0.0178799
0.474818
1.1542
0.0255638
0.0377662
-0.466801
-0.225532
-0.378813
0.130815
0.388904
0.111991
0.0755113
-0.429624
1.39576
1.11135
1.32291
1.209
0.528204
1.24627
0.565051
-0.318914
1.30516
0.578039
0.828191
1.35323
0.651455
0.918272
0.754742
0.741733
0.881661
1.09383
0.792157
0.49348
0.670126
0.704875
0.931724
0.96953
0.615439
0.846842
-0.493883
-0.308003
-0.0925833
-0.131208
0.45156
-0.260824
-0.309913
-0.666292
-0.70835
-0.00118087
-0.0708378
-0.361814
-0.859741
1.07419
-0.892216
-0.207829
-0.192805
-0.176784
-0.200401
-0.194136
-0.908955
-0.462008
-0.238169
-0.591655
-0.221659
-0.278807
-0.131581
-0.106809
0.432519
-0.484756
-0.218699
-0.617014
1.24228
-0.521795
-0.157531
-0.54317
-0.225706
-0.527853
-0.229913
-0.147826
-0.629791
-0.363971
-0.35209
-0.117431
-0.107268
0.515726
-0.566769
-0.29955
-0.221476
-0.318968
-0.598248
-0.118282
0.918093
-0.558582
-0.179983
-0.816491
-0.214756
-0.270851
-0.203244
-0.148831
1.0563
-1.03008
0.650541
-0.269172
-0.635164
-0.479936
-0.204778
1.41743
-0.142784
1.32111
-0.413778
0.392108
-0.208919
-0.210555
1.45439
-0.0681901
0.194923
-0.229263
-0.483355
-0.664606
0.980446
-0.254673
1.10217
1.2349
-0.312462
-0.711106
-0.173567
-0.270524
-0.253337
-0.197737
0.1156
-0.772645
-0.681528
0.490158
0.623425
-0.516297
-0.267138
-0.342451
1.09633
-0.105637
-0.0411466
0.195602
0.261361
0.322237
-0.313062
1.58067
-0.818685
-0.318461
-0.544794
-0.832317
-0.176174
-0.789622
-0.220089
-0.528992
-0.342581
-0.155001
-0.797833
-0.191667
-0.442679
-0.783743
-0.200453
-0.183583
-0.296116
-0.0980557
-0.125685
-0.187141
-0.194143
0.760455
-0.240746
-0.25
-0.27119
0.797068
0.113982
-0.181959
-0.269806
1.45444
0.501997
-0.197898
-0.585203
-0.23769
1.56371
-0.73789
-0.19121
-0.239688
-0.271748
1.22669
0.937517
-0.0820947
-0.307663
-0.717545
0.154578
-0.843656
-0.750809
-0.285418
-0.284609
-0.733744
-0.169258
-0.265821
-0.275758
-1.01255
-0.23712
-0.300319
-0.336693
-1.18418
-0.56862
-0.239259
-0.246762
-0.686871
-0.55287
0.247643
-0.478858
1.43601
-0.182309
-0.162964
-0.184005
1.28585
1.62228
-0.851126
-0.208894
1.09598
-0.123728
0.844277
-0.101445
0.246886
1.5658
-0.0994641
-0.241877
-0.175018
-0.772272
-0.123687
-0.243519
-0.403778
1.32431
-0.140379
-0.123387
0.147776
-0.206346
-0.252751
-1.09714
0.601911
1.51137
1.51308
-0.444123
1.3169
-0.969709
-0.267705
-0.438455
1.52694
1.45235
-0.196678
1.54603
0.0586292
0.0997563
-0.229207
-0.422436
-0.282247
1.22274
1.23608
-0.274957
1.56388
)
;

boundaryField
{
    frontAndBack
    {
        type            empty;
    }
    bottom
    {
        type            zeroGradient;
    }
    inlet
    {
        type            zeroGradient;
    }
    top
    {
        type            zeroGradient;
    }
    outlet
    {
        type            fixedValue;
        value           uniform 0;
    }
    car
    {
        type            zeroGradient;
    }
}


// ************************************************************************* //
