/*--------------------------------*- C++ -*----------------------------------*\
  =========                 |
  \\      /  F ield         | OpenFOAM: The Open Source CFD Toolbox
   \\    /   O peration     | Website:  https://openfoam.org
    \\  /    A nd           | Version:  7
     \\/     M anipulation  |
\*---------------------------------------------------------------------------*/
FoamFile
{
    version     2.0;
    format      ascii;
    class       volScalarField;
    location    "8";
    object      p;
}
// * * * * * * * * * * * * * * * * * * * * * * * * * * * * * * * * * * * * * //

dimensions      [0 2 -2 0 0 0 0];

internalField   nonuniform List<scalar> 
7807
(
0.662632
0.062034
0.864051
0.597058
-0.00366623
-0.000160287
0.858249
-0.0229472
-0.000503294
0.275522
-0.00015105
0.0101908
-0.0343534
0.146338
0.284981
-0.0426633
0.676625
-0.0452653
0.00582247
-0.180109
0.201756
0.00667984
0.110377
0.481922
-0.058966
0.675445
-0.00336766
0.177535
0.41392
0.0121823
-0.0609489
1.21507
0.109195
-0.00207617
-0.000451538
0.229721
0.0135315
0.835046
-0.0188205
-0.00144589
-0.0169699
-0.0415379
-0.156184
0.0624701
-0.000866313
-0.000352851
0.0066036
-0.0190192
-0.000292646
-0.173589
0.0152102
0.168857
-0.0747088
0.00288291
0.228489
-0.0203934
0.00637419
-0.0230779
-0.094695
-0.00217886
0.000171738
0.0194679
0.146573
0.0112212
-0.00421522
-0.0592321
-0.000410973
1.89207e-05
0.354394
-0.017647
-0.000324193
-0.152629
-0.0568864
-0.0983415
-0.0435976
-0.136477
0.853073
0.196834
0.225713
-0.178671
-0.0329508
0.773778
0.278271
-0.101648
-0.00615361
-0.00978983
-0.0245732
-0.0723596
-0.00280278
-0.0192029
0.423116
0.0795214
-0.00057764
0.00579985
-0.0152897
-0.100171
-0.145695
0.0113022
-0.00680199
-0.00504711
-0.17133
0.243093
-0.0145428
-8.62983e-05
0.104406
0.440603
1.0647
-0.0216246
-3.07709e-06
0.10811
0.570894
-0.0799408
-6.49797e-06
0.1149
0.439185
0.00198157
-0.0616015
0.364133
-0.106777
-0.0998299
-0.178373
0.744899
-0.143485
0.043691
-0.173966
-0.00414666
-0.054043
0.00942182
-0.00444262
-0.0601452
0.0144749
0.221198
-0.00259827
-0.00330967
-0.105368
0.554707
0.887778
-7.44292e-05
0.0336472
-0.225521
-0.0931067
-0.120299
-0.136787
-0.0939335
1.07641
-0.0327135
0.418092
-0.0900571
-0.130031
0.742679
0.219592
0.0842198
-0.00629389
0.32183
0.276346
0.789353
-0.15476
-0.0342146
1.0225
-0.000264769
0.00323502
0.496302
-8.16909e-05
-0.0085707
-0.0172654
0.59621
0.598088
1.05264
-0.00987275
-0.0132416
2.12113e-05
-0.185879
0.00196095
0.0769929
0.0364447
-0.127872
0.137588
0.44045
-0.000572292
-0.00213781
0.608902
-0.000263728
-0.000486592
0.864007
0.0533683
-0.0767742
-0.0998042
-0.0916646
-0.0429119
-0.220738
-8.92561e-05
-0.14007
0.456627
-0.0146735
0.000314732
0.517052
-0.00545213
-0.0563816
-0.0440784
2.44976e-05
0.00416074
0.563613
0.507272
0.788581
-0.0501408
-0.0654913
-0.108713
0.192228
0.553133
-0.000928371
0.000151186
1.021
-0.0366743
-0.00271586
-0.133385
-0.0565573
0.733511
0.743737
-0.130616
1.15875
-0.0050525
-0.0448305
-0.17592
0.233942
-0.191558
0.607722
1.02311
0.000274241
0.0456723
0.383547
-0.0178659
0.358404
-0.0023777
1.11799
0.774108
-0.0244822
0.0131128
-0.00134197
0.465362
-0.000413705
-0.0261399
-0.209217
-0.000323799
-0.00585006
-0.00188285
0.430346
-8.1889e-05
-0.0199642
-0.172676
1.21208
0.202645
1.08421
-0.000197801
-0.0519235
-0.000830281
0.816771
0.0188018
0.891714
0.00749708
0.0035619
0.0454273
0.199506
0.002672
-0.00101028
0.00238152
-0.0187641
-0.0692539
-0.000184745
-0.149426
-0.0164317
-0.000631242
-0.00283675
0.858808
-0.0341715
-0.00344102
1.14813
-0.00647806
0.623465
-0.000925676
0.00923705
3.41669e-05
-0.097279
0.224983
0.159246
-0.0948623
-0.0018274
-0.161366
-0.067515
-0.000803136
0.00231591
-0.00957703
-0.0328321
0.0136261
-0.00542405
-0.0970724
-0.055248
-0.096019
0.0851234
-0.121867
0.779091
0.800883
-0.00675478
0.124782
-3.31064e-05
-0.0102145
-0.101875
0.470856
0.30667
0.000436369
-0.00933124
-0.118494
0.435659
-0.00448231
0.0166301
0.00569865
0.256382
-0.0135523
0.763787
-0.0072642
0.0681686
-0.000512846
0.0194802
-0.000235419
-0.0715037
-0.0015495
0.0269256
0.0945406
-0.116268
0.014967
0.0408003
-0.00332436
0.0986675
-0.0284958
0.265117
0.432089
-0.131383
0.041424
-0.0698121
0.0239172
-0.203
1.07478
0.0438207
0.137936
1.13727
-0.00699272
-0.00789329
0.0610136
-0.00480658
-0.024319
0.0292924
-0.0125549
-0.00935033
0.404491
-0.000302599
0.00256623
0.000354574
-0.0153648
-0.0305732
-3.94545e-05
-0.00500148
-0.0906093
1.01739
0.0188722
-0.0361391
0.965016
0.66726
0.230183
0.14489
-0.188845
0.0230227
0.579691
-0.0486804
0.681838
-0.0517353
-0.144754
0.507618
0.688641
-0.14234
0.292017
0.607978
0.642079
0.189371
-0.0138239
-0.0190886
-0.000399188
0.0264281
-0.0497625
0.00470272
-0.000485025
-0.00725916
-0.164605
0.316605
-0.0731088
-0.00967371
-0.0171574
0.057513
-0.031397
0.00891492
0.560327
-0.00852439
-9.94664e-05
-0.000245142
0.000220015
-0.088335
0.394159
-0.0180572
0.125059
-0.195513
0.820926
0.0157757
0.0310943
-0.0231507
0.835027
-0.00482861
0.760179
0.425602
-0.000529452
-0.058722
-0.0149229
-0.113326
0.00264226
0.244845
0.0184561
0.0289607
-0.00388309
0.405711
0.439142
-0.0896056
-0.0897329
-0.0101274
-0.0521819
0.308334
1.1972
-0.0225716
0.0216664
-4.32461e-06
-0.0573921
-0.0102507
0.0904112
-0.171163
0.0974574
0.866282
0.41186
-0.0833302
0.537987
0.819814
0.119872
0.00573556
0.609151
-0.00401376
-0.000832117
-0.0750004
0.000394459
-0.124088
0.00255762
-0.0893739
0.00892431
0.52169
-0.00807365
-0.000108822
-0.161963
0.00802849
0.187381
-0.164574
-0.218794
0.217836
0.385806
0.322634
0.330366
-0.000931811
0.303978
0.282656
-0.00239364
-0.0704434
0.00282096
0.0316044
-0.00142913
0.0218487
-0.00352839
0.447781
-8.92444e-05
0.000911992
0.0091038
-0.0910811
0.0939394
-0.085512
-0.1083
-0.0678822
-0.189156
0.0508614
0.595292
0.118534
-0.0295542
1.12944
-0.141513
-0.0321731
-0.106574
-0.0230882
-0.0858777
-0.0441119
0.127756
0.0344438
-0.000117144
0.112054
-0.000437473
0.77536
0.37258
-0.0215989
-0.0597085
-0.000855634
0.775584
0.727718
0.271563
0.490876
-0.147531
0.912276
-0.000282629
0.107677
-0.0763763
0.448842
1.05442
0.283568
0.392894
-0.00645976
-0.000928466
0.454087
0.0420958
0.806384
0.187029
0.529586
-0.0310206
0.833553
0.700347
-0.0393526
-0.0332999
0.407466
-0.224368
-0.00037995
-0.0550492
-0.213796
-0.143341
0.0502058
0.0419431
-0.000563002
0.734971
-0.00331714
-0.000467908
-0.0442356
-0.00222123
-0.00101514
0.0171571
0.550743
-0.147754
0.995776
0.000282314
0.548764
-0.0391967
-0.000339453
8.18786e-05
0.409932
0.528146
-0.0178894
0.48261
0.000115668
0.505728
-0.133105
-0.0410891
0.851895
-0.128362
0.469847
-0.102158
0.504958
0.526587
-0.067899
-0.0859988
-0.0250074
-0.0124874
-0.000910715
-0.00404518
0.652912
-0.000122614
0.484754
-0.130239
0.717505
0.463846
-0.219281
0.973249
-0.00704937
0.0318782
-0.0430803
-0.0822433
-0.0281518
-0.0490095
0.150379
1.10658
0.00019342
-0.0083276
-0.0838074
2.76318e-05
0.787464
0.00817924
2.67721e-05
0.000879858
0.00171871
-0.0689025
0.0876809
-0.00670507
-0.00038983
-0.0297882
0.0133738
-0.196435
-0.201677
0.094532
-9.79833e-05
-0.172647
-0.0536887
0.412216
0.703605
0.00542555
0.411256
0.000689759
-0.0515592
0.251362
-0.0281464
0.588765
-0.0526775
0.119023
0.260345
0.40908
0.0223075
-0.0421801
0.488311
-0.169092
0.830849
-0.0378667
0.649041
-0.037774
-0.00503437
0.375822
0.0168451
0.25635
0.00851203
2.34533e-05
-0.205584
0.547848
0.00652233
0.397044
-0.0499522
-0.185449
0.0561538
-0.0886028
-0.00721361
-0.0357003
-0.161723
-0.110018
-0.0397543
-0.000648729
0.866664
0.39505
0.12517
-0.000867968
0.693425
1.852e-05
-0.00079673
0.40759
0.0134385
0.499962
0.17558
0.075004
0.0153725
-0.161297
0.205194
0.00579971
-0.160001
-8.18991e-05
0.0176133
0.569284
-0.0646196
-0.0120478
-0.0123188
-0.00845497
-0.00176454
1.12718
-0.0400503
-0.00240895
-2.59336e-05
0.351061
-0.111887
-0.00141553
-0.0118848
0.401922
0.274781
-0.141364
6.47131e-06
0.433858
-0.0624815
0.499585
0.0695625
0.084793
-0.116081
-0.000414868
0.254301
0.259438
0.253225
-0.111978
0.648271
0.0263557
0.483425
-0.00900905
-0.0463667
-0.00170798
-0.00217032
-0.000460047
0.417369
0.622556
-0.006376
0.0835497
-0.0686923
-0.0794871
-0.0986502
-0.00803483
0.0999077
1.09611
0.21444
-0.000233272
0.267863
-0.0151821
0.954086
-0.0497209
-0.0406591
0.00751093
-0.0469623
-0.0234857
-0.0317222
-0.0124966
0.00709125
0.135316
0.000466118
-0.0747198
0.138395
0.767674
-0.13555
0.507001
0.00895646
-0.0245471
-0.0354863
0.495991
-0.0298749
0.000467785
-0.0606737
-0.0215921
0.105074
-0.104592
-0.089498
0.0926561
-0.0585317
-0.00463033
-0.148954
2.42719e-05
0.171659
-0.131595
0.458739
-0.00453344
0.253815
-0.13103
0.722062
0.0497
-0.119905
-0.030147
1.00214
-0.066456
-0.0520616
-0.177365
-0.0530072
-0.144172
-0.0671562
0.467597
-0.0119667
0.566794
0.0375446
-0.00167992
-0.00512163
0.238957
1.21849
0.00519024
-0.0367257
0.419259
9.7968e-05
-0.0821177
0.114473
0.0775086
0.0380313
-0.00689172
-0.0967871
-0.012064
0.000127122
-0.121635
0.60034
0.0258098
-0.066188
0.00820446
0.419781
-0.00163542
-0.00537333
-0.00156182
-0.00330122
0.275611
0.0338282
0.0169848
-0.0709393
0.000196629
-0.133121
0.0719681
-0.152201
-0.048938
0.063234
-0.00092221
-0.0499163
-0.168896
0.236191
0.720706
-0.00531903
-0.19115
-0.0203414
0.0548098
0.430648
0.00190111
-0.000680396
0.427079
0.198695
0.0667159
-0.0128121
-0.00901942
-0.152894
-0.000766019
0.0144246
-0.0533787
0.634098
0.604973
-0.0144841
-0.123931
0.0311949
0.0265633
0.163806
-0.140218
-0.0179984
-2.23109e-06
0.137654
-0.0971381
-0.155549
0.0316954
-0.154033
-0.00173736
-0.0128953
0.46579
-0.111088
-1.79355e-05
-0.0121694
-0.0388063
-0.000723258
-0.0241554
-0.000215691
0.0194483
-0.189642
-0.0224576
-9.20918e-05
0.00013253
0.309781
-0.0930059
0.779617
0.627588
0.115604
-0.00248543
-0.0257147
0.000946379
-0.012374
-0.123523
0.17532
-0.0642217
0.623155
0.0414838
0.00118141
0.0315155
-0.119638
0.00845862
-0.0305358
-0.162824
0.0169781
0.0693705
0.188728
0.0424702
-0.0869339
-0.0418564
0.434469
-0.0370539
-1.48371e-06
-0.135956
-0.184821
-0.0434749
0.0211909
0.00326467
0.0433486
-0.176402
0.102264
-0.106162
0.390763
-0.0488911
0.0281362
0.0615956
0.0688603
-0.107812
-0.0372047
-0.000445318
0.347552
0.469442
0.0247394
0.5539
-0.117167
0.136897
-0.0907152
0.454783
0.259317
1.09033
1.84247e-05
0.282209
0.421808
0.0458799
-0.004921
-0.0556829
0.114362
0.000184225
-0.0553362
-0.109456
-0.0610426
-0.0669749
0.000557885
0.0177764
-0.00123081
-0.00294575
0.52282
0.0230642
0.331566
0.0663479
0.462325
0.0408226
-0.001311
-0.0708484
0.0284313
0.748539
0.00420549
-0.117634
-0.000738837
-0.00182554
0.0276864
-0.0542579
-0.000104781
-0.0330422
0.0936278
-0.00644634
0.000131835
-0.000154367
0.35584
0.0360068
0.022748
-0.00367958
0.0287717
0.0485576
0.0290351
-0.000961887
0.751736
-0.0444216
0.489777
0.671649
-0.000701674
0.30985
0.309648
-0.00254384
-0.000883797
-0.00141323
0.0979306
0.0647329
-0.0178021
-0.0440031
-0.158506
0.398996
-0.109848
4.20451e-05
-0.058533
-0.0528905
-0.108238
-0.0138167
0.0198826
0.00409102
0.0857683
-0.00169761
-0.000764996
-0.0517703
-0.0138062
-0.0750014
-5.16954e-05
-0.0448037
0.103342
0.0453791
0.00621999
-0.0264145
-0.0356466
-0.0278586
-0.0166241
0.0436256
-0.0287744
-0.000344816
-0.00130596
0.074589
-0.0370599
-0.0157916
0.0275629
0.0124754
-0.209321
-0.0336204
0.363937
-0.0381122
-0.149226
-0.0673844
-0.0681641
-0.0471052
-0.0119968
0.00733019
-0.0112542
-0.0419812
-0.0487122
0.459423
0.382052
0.165407
0.701278
-0.000236851
-0.00996631
-0.0496585
-0.0247265
0.30334
-0.0611003
0.171748
-0.0129555
0.502451
-0.00615417
-0.00514752
0.0746017
-0.0354924
-0.000716897
-0.0546389
-0.0187329
-0.0629855
-6.56915e-05
-0.0210309
0.00639446
-0.052718
0.121161
0.102661
0.0570976
-0.042329
-0.09451
0.282646
-0.00403716
-0.00626912
-0.00674477
0.958049
-0.00028625
0.218909
-0.064186
-0.061562
-0.0799579
-0.110833
-0.0866158
-0.102755
-0.0544162
-0.0146403
-0.000316422
-0.0135662
-0.0652663
0.253151
0.00540711
0.441731
-0.0987908
-0.0399511
-0.00295767
-0.0865567
-0.000333756
0.348215
-0.0906026
-0.0786428
-0.0715533
-0.0116486
-0.0951017
-0.00542136
-0.122256
0.255041
-0.0777281
-0.162927
-0.00467316
-0.0813446
-0.055507
0.0465244
-0.0102765
0.335027
-0.00767132
-0.0576639
-0.0021453
0.370644
-0.117111
-0.0797217
-0.010309
-0.0296873
-0.00873367
0.472906
0.0942413
0.535481
-0.0147125
-0.00260345
-0.00402426
-0.00735725
0.487865
-0.17842
-0.0215691
0.00108159
-0.0185385
-0.00926266
-0.00284246
-0.0282724
-0.0472921
0.155813
-0.0157505
0.0195424
0.936324
-0.184094
-0.0872839
-0.171479
0.000112111
0.199075
-0.0112663
-0.0811719
-0.0177734
-0.107249
0.0147552
-0.00169417
-0.0092122
0.0102557
0.44666
-0.0185424
-0.00566852
-0.0147632
-0.14854
-0.0263229
-0.0672551
0.0142176
-0.0275631
-0.0283093
-0.0104158
0.458333
-0.138537
0.0101634
-0.0133628
-0.0833632
-0.0435942
-0.149086
-0.00443838
0.237201
0.0703153
-0.0248212
-0.00546891
-0.0422108
0.985092
0.449877
-0.035391
-0.00184286
-0.00756244
0.0306472
-0.0126266
0.0636948
-0.00131271
-0.0367099
-0.00629214
-0.0526564
0.0671656
-0.00335045
-0.0302043
-0.00431747
0.664244
-0.0202628
-0.0365997
0.070169
-0.00614958
-0.0906124
0.303347
0.88493
-0.0336782
-0.0356031
-0.0067274
-0.00146923
5.87507e-06
-1.29141e-05
-0.0317674
-0.00210062
0.34544
-0.00212719
-0.00576895
0.0261549
-0.000819809
-0.133092
-0.128241
0.0518662
0.11231
0.0770811
0.265986
-0.0593032
0.232925
0.183461
0.24132
0.296247
-0.0404623
-0.0027689
-0.0175179
-0.143717
-0.011137
-0.0466914
0.227454
0.715941
-0.112551
-0.00153713
-9.3029e-05
-0.00466562
-6.90773e-07
0.0318722
-0.00175461
-0.0138145
-0.143338
0.00172845
0.00843594
-0.000692077
0.211382
-0.0480202
-0.0121563
-0.00379405
0.669702
0.647337
-0.0314634
-0.109453
-0.0844374
-0.074036
-0.0447442
-0.00592399
-0.162184
-0.0653353
-0.122279
0.0487898
-0.000157446
0.457502
-0.0148237
-0.0303268
-0.0574571
0.0572393
-0.00168487
-0.0262798
-0.00433874
0.0458505
-0.00472299
0.438836
0.00111576
0.0309449
-0.00131334
-0.0211098
0.0275316
-0.00237558
0.0588216
0.00131472
0.193187
0.314423
0.00826512
-0.00458521
-0.000397599
-0.001814
-0.00160387
-0.181779
0.301361
0.164275
-0.000852029
0.0317361
-0.00144947
0.498851
-0.177422
0.574061
-0.128439
-0.00143288
-0.000905976
-0.0229582
-0.0177657
-0.00199362
-5.83001e-05
0.0766921
0.0862908
-0.000748372
-0.00105116
-0.0605193
-7.05663e-05
0.387458
-0.00298006
-0.156549
-0.0583303
-0.0200349
-0.16403
-0.178391
0.353965
-0.0210088
-0.0620927
-0.00100723
-0.168179
-0.063185
0.139443
0.351481
0.727981
-0.00372291
-0.176096
0.047224
0.667863
0.114295
-0.000378953
-0.0189677
-0.0128295
-0.0156084
-0.143056
0.253815
0.000572357
0.0736194
0.00987245
0.238727
-0.00165594
-0.000386488
-0.0282869
0.622178
-0.161852
0.384209
-0.00387235
-0.000637773
-7.8467e-06
-0.121127
-0.124616
-0.00107799
0.302975
0.0342701
-0.0167886
0.818639
-0.00124034
-0.0115905
-0.172185
-0.0268979
-0.00719714
0.321538
-0.100365
-0.000526501
0.0483628
-0.000554411
-0.000318793
0.353433
0.0233417
-0.00143462
-0.153789
-0.0745574
-0.0109884
-0.0325283
0.0075009
-0.0692321
0.00529045
-0.0110028
-0.190185
-0.112964
0.0790936
-0.00286954
0.380529
0.463232
-0.10331
0.0319167
0.057778
-0.0134908
0.384131
0.298736
-0.0849714
-0.000512403
0.0319689
-0.164726
0.0494952
-0.0819585
-0.00659893
0.150146
-0.0827684
-0.000435114
-0.000231681
-0.0379007
-0.0700343
-0.0786002
0.0308796
0.119451
-0.129929
-0.000484694
-0.00433635
-0.000661229
-0.0896891
-7.47261e-05
-0.0060849
-0.0829308
-0.159485
0.365206
-0.00936041
0.0130611
-0.0635615
-0.0768884
-0.000406577
-0.138143
0.368058
0.366245
7.45629e-05
-0.000353586
0.372217
-0.00787879
-0.162761
-0.120455
0.0105147
0.00152117
-0.206165
0.0179285
0.380243
-0.16881
-0.00465064
-0.0230674
-0.146928
-0.00181225
-0.000761987
-0.0028763
0.063262
-0.151986
0.401412
-0.000664486
0.973695
0.113143
0.00036611
-0.00301836
0.000789152
0.000903937
-4.49212e-05
0.000430997
-0.1577
-0.00226806
0.00135433
-0.000626415
0.333418
-0.0178992
-0.000609991
-0.000139685
0.761182
-0.0647782
0.029245
0.00363231
-0.00225156
0.183744
-0.00030904
-0.0334679
-0.0685945
0.00682223
-0.0190362
-0.000305152
-0.000646063
-0.0906822
-0.116909
0.0223555
-0.0868406
-0.0550109
-8.831e-05
0.0632153
0.0937868
0.26907
-0.00542199
-0.000493895
-0.165099
-0.0190674
-0.00156678
-0.146214
-0.000433643
0.134401
-0.000280172
-0.00401821
0.176734
-0.00637652
-0.173296
0.907398
-0.00508299
0.000863963
-0.15149
-0.128287
0.0291045
0.0146386
-0.000477084
-0.0936109
-0.000265514
0.441684
1.15757
0.275618
0.00947689
0.0112753
-5.84847e-05
-0.0823217
-0.000180433
-0.0182406
-0.0053201
0.00116173
-0.0105177
-0.0279322
-0.000388559
0.00272489
-0.0221343
-0.00098599
-0.0288534
-0.0497754
0.00362698
-0.0034979
1.04713
-0.0021546
0.0076295
0.000760811
0.0420433
-0.147896
0.0298323
-0.000555249
-0.000315214
0.00842986
-0.000344943
-9.08223e-05
-0.0335935
0.00217309
-7.5966e-05
-0.150566
-0.0067424
-0.168293
-0.00514558
-0.000214143
-0.00976778
-0.0073484
-0.0443442
-0.0571814
0.0072065
0.00163487
-0.00145709
-0.00620672
-0.000248437
0.598922
0.00486849
-6.19856e-05
0.00184233
-0.00628945
-0.00111289
-0.189719
-0.162644
-0.000409186
-0.0217553
4.23899e-05
-0.00774609
-0.000230916
0.101473
-0.000440215
-0.000587044
-0.0104069
-7.29045e-05
0.0411033
-0.000705206
-0.00396411
0.0562921
3.83351e-05
0.772988
-0.157787
-0.123243
-7.87056e-05
-6.58128e-05
0.00603119
-0.00371777
-0.144752
-5.28979e-05
-6.98786e-06
0.00232764
-9.40751e-06
0.00118331
0.00139876
-0.00143239
0.00245832
-0.156352
0.935207
-0.0867844
0.71459
0.0278098
-0.0481039
-5.80356e-05
-0.00274713
-0.0374479
0.000448574
0.000887322
0.00053334
0.238763
-0.00408016
-0.000678858
0.946055
-0.00167666
0.00183844
0.00156956
-1.48369e-05
0.263629
-0.00671247
0.00354207
0.000388268
-0.00161781
-0.000214363
-0.00279145
-0.129378
-0.00130204
-0.00471959
-4.96167e-06
0.000667983
-0.000801979
0.433854
-0.00137911
-0.000846216
-0.207519
0.0116775
-0.000264019
-0.00417435
-0.000191234
0.402211
-0.215593
-0.000914793
-0.00120839
-0.00549883
-0.000484088
0.166855
0.306416
0.165031
0.0015928
-2.12023e-05
-3.38145e-06
0.185783
0.000793519
-0.18192
-0.0547009
-0.0474018
0.171879
1.04568
0.00611957
0.480143
-0.0437966
-0.0867986
0.407783
-0.00110919
-0.194695
-3.9308e-05
-0.0276133
-0.147728
0.000171424
-0.129066
-0.00295696
0.00702776
-0.0157136
-0.128753
-0.12649
-0.00898071
-0.173878
-0.133015
-0.00058296
-0.0371191
-0.00015844
-0.112441
-8.68939e-05
-0.000579272
0.0838094
0.389765
-2.33459e-07
-0.134659
0.0111161
0.000236821
-0.0604425
1.83891e-05
-0.0420051
-0.000806079
-0.11588
0.000395161
-0.000270525
-0.00618238
-0.000146894
0.381304
-0.0909864
0.265247
-9.26338e-05
0.0019581
-0.0978298
2.52424e-06
-0.169538
-0.198117
-0.166933
0.982918
-0.0199033
-5.45076e-05
0.0782377
-0.12481
-0.00747096
-7.45328e-05
-0.000265588
-0.141736
0.000397291
0.00273704
-1.74945e-06
0.00049748
-0.0845887
0.397448
-0.0888377
0.274899
-0.016415
-4.11761e-06
0.0212245
-0.133473
-6.46161e-05
-4.24916e-05
0.00100179
0.000200244
0.00126122
0.585585
0.104543
0.000175561
3.42342e-05
-0.199553
0.464523
0.425164
-0.000138117
-0.108167
-0.0551924
-0.0296299
-0.144069
-0.0243361
-0.00892544
0.343755
-0.000127154
-0.0789732
0.401984
-0.145457
-5.26896e-05
-0.185287
-0.000539224
0.674302
0.0886013
-4.22607e-05
-8.47506e-05
0.446486
1.14832e-05
-0.000552833
-0.035798
4.01086e-05
0.575711
0.0110542
-0.0224053
-0.196593
-0.0115231
-0.179767
0.43189
-0.01915
0.0244296
0.0030818
-5.97603e-05
-0.00311629
-2.37517e-05
-4.88256e-05
0.0944916
0.424897
0.362285
-0.00134776
0.54491
-0.0287025
2.39083e-05
-0.137689
-5.43888e-05
-0.0829508
0.0911994
-0.041331
0.0137791
0.00574115
-0.0284085
0.000770024
-0.00509369
0.0636697
-0.0088392
-0.000146183
9.17866e-05
-0.000189617
0.0918258
0.000171749
-0.0610558
0.572194
-0.0182293
0.000157884
-0.0105615
-3.0343e-05
0.304036
-0.00108843
-0.000201767
-0.000260921
-4.002e-05
0.482399
-0.000461684
0.554899
-0.179657
0.000346839
-0.147712
-0.00146894
0.376221
0.967466
-0.00429806
7.51333e-06
5.00216e-05
-6.46215e-05
0.373273
2.24062e-06
0.00324485
-0.073022
0.527715
2.07547e-05
4.71897e-05
9.04625e-06
7.70296e-05
-0.0616406
5.63392e-06
0.641925
-0.0459142
-0.0003799
9.1968e-05
-0.00629088
-0.0875276
4.42564e-06
-0.00017341
0.395244
0.000103859
-0.0951419
-0.0878807
0.000411224
2.8139e-06
-0.149934
3.98881e-06
0.404842
4.579e-05
-0.00135732
3.6074e-05
-0.000535502
0.241464
9.80125e-06
-0.00497021
2.54954e-05
0.0444838
-0.0102768
-0.0194358
0.00347426
0.370207
-0.000813949
-0.000245862
-0.026912
-0.0260079
-0.000744995
-0.000158446
-0.00272676
0.000125008
0.482977
-0.0298233
0.965868
-1.92126e-06
-0.0231972
-0.000475824
0.352469
0.000176892
-0.0771162
7.28256e-05
-0.00480806
-0.0994182
-0.000702352
-0.0472086
-0.14662
0.0158653
-2.70274e-05
-0.145486
-0.00100929
-0.000892993
-0.0168139
-0.0288565
0.00401323
-0.000150715
-0.00132737
-0.0026609
-0.00389707
4.06035e-05
-0.00368328
0.940352
0.000300805
-0.00987706
-0.103925
-0.221236
-0.188643
-0.143173
-0.0646902
-0.00156397
-0.0361869
0.000238291
-0.00024883
0.94546
-0.000287267
0.455423
-0.00136347
0.00123332
-0.00345167
-0.0853128
-0.00127298
0.00253029
-4.6151e-05
-0.0011962
-4.67228e-05
-0.00024297
-0.0451389
-0.000332366
-8.08252e-05
-0.000253755
0.000448349
-3.07045e-05
-0.124735
0.590594
-3.00621e-05
-0.00181344
9.34606e-05
9.51443e-05
-0.00253267
2.84195e-05
-0.00274367
0.000875139
-0.00111316
-0.192311
-0.00208659
-0.00549032
1.51082e-05
-0.00450542
0.00103317
-4.62516e-05
-2.95801e-05
4.17005e-05
-0.0024062
0.00166955
-0.130349
-0.0768017
-0.194957
0.00202497
-0.00528232
0.056809
-0.196704
-0.000287597
0.0501146
0.0211668
-0.00314039
-0.035399
-0.168947
0.879723
-0.00128079
-4.55898e-05
0.00275988
0.000152447
5.47226e-05
0.197068
0.0114642
0.225616
-0.094315
0.852894
-0.001573
6.59747e-06
0.000464376
-5.51028e-05
-0.00410812
0.391688
0.497189
-1.60637e-05
-0.000513242
-5.22554e-05
0.476545
0.0694026
-0.0132841
3.65812e-05
5.97308e-05
0.0220257
-0.00209797
-0.20914
-0.0495318
7.47779e-05
0.0106691
-0.0881026
-0.000183331
0.00561129
-0.000203206
-0.136263
-0.00534677
0.370425
5.16359e-05
0.00512211
0.00038056
4.61875e-05
0.00052891
-0.0679852
4.55676e-05
-0.0027519
6.98397e-05
-0.0582755
-0.136116
-0.00853064
-0.0178482
-0.0257741
0.0274955
-0.0260205
-0.00749702
0.00020798
0.000322641
6.32433e-05
5.5158e-05
-0.000171332
0.0275201
-0.159518
0.00151515
-0.103645
-0.00928918
-0.128961
0.000269163
-7.29966e-06
0.00400835
0.0291761
5.61473e-05
-0.106739
-0.0424399
0.220773
-0.099262
8.19013e-05
-0.0103007
0.000595408
-0.0679847
0.325651
3.5536e-05
-0.172482
-0.0632136
-0.0126749
0.000117446
-2.58672e-05
0.0979992
-0.0493845
7.41455e-05
-0.0202272
-1.30472e-05
0.000661214
0.311208
-2.53572e-05
1.02431e-05
-0.000255971
0.000106743
0.00276248
0.000270622
-0.0155152
0.000717042
-0.0371249
0.00339262
-0.000630144
-0.0858893
-0.124785
-0.0186924
-4.62362e-05
6.63767e-05
-0.148688
0.017456
-0.139762
8.93174e-05
-0.0154002
-0.000110216
7.56067e-05
0.216033
-0.0208056
-0.00835516
-2.98417e-06
-0.0512489
0.00015344
-0.196745
8.32644e-05
-0.222887
5.87019e-05
-1.81601e-05
0.000261923
0.00312482
-0.0686625
-0.0536338
-0.199738
4.96888e-05
0.00028906
-0.228699
-0.0586892
-0.0250694
-1.42495e-05
-0.0126827
-0.140211
-0.232409
1.12331e-05
-2.29646e-05
1.46766e-05
-0.0949958
-0.190601
0.00221567
-0.032652
-0.000169651
0.570323
0.000287893
4.50156e-05
0.000461238
-2.51611e-05
-2.51688e-05
-0.0107737
0.000348222
-0.00756594
-0.181157
-0.0386239
-0.174766
0.000122934
-0.000155271
0.164991
-0.0900057
-0.0140243
0.28514
1.57787e-05
-4.00217e-05
-3.65848e-05
0.36077
0.000531768
-4.24752e-06
-1.33511e-05
-0.155337
-0.0456412
1.87035e-05
0.000242022
-0.027228
-0.0189361
0.00130752
0.504124
-0.160824
0.000745554
1.16595
-5.38667e-05
-0.00204926
-0.0233031
-0.236492
2.0108e-05
-6.25437e-06
6.63101e-05
0.014582
-0.0840793
-0.00101278
-0.142546
-0.0228971
8.43073e-05
-1.40155e-05
-0.0299715
0.0114098
0.0522897
-0.0300409
-0.134599
-0.113762
0.10282
-0.0763349
-0.000191001
0.00108185
0.0627846
0.00164633
-0.000233605
0.00234159
9.55895e-05
-0.000274842
-0.0355934
-3.61438e-05
-8.52652e-05
0.123828
0.0153541
-0.000479596
-0.000121407
-1.61618e-05
0.541752
-0.0194886
0.002415
-0.0799805
0.00070095
0.000608216
0.000522415
-0.000146826
0.00147681
-0.108948
0.0581303
-2.76334e-05
-0.000484884
-0.117108
-0.0855526
0.132583
-0.00146283
0.00558347
0.0524378
6.11347e-06
0.000184091
-0.120353
6.81215e-05
0.38469
2.78503e-05
0.0126174
0.000508806
0.000683948
-0.210274
-0.0215719
-0.052158
-0.00718129
8.13157e-05
0.0212845
0.164292
-0.0358709
-0.000401474
0.242204
0.378069
1.09077e-05
-0.152631
-0.000200847
-3.00706e-05
-0.000134658
-0.00168391
0.0576032
-1.48005e-05
0.000756255
-0.0719779
-0.0752446
-0.0649135
0.654618
5.55722e-05
-0.000208793
0.393924
-0.000147787
-0.0112034
-0.00194311
0.389197
0.000136601
-0.000918781
0.000141106
8.40717e-05
9.67493e-05
0.000110847
0.00022414
-0.0525455
2.59642e-05
-0.00973737
-0.131838
0.551611
-0.000411424
-0.00014987
0.0141566
0.219904
-0.115398
-0.00224348
-0.209786
0.653515
0.000132071
0.81541
-1.31712e-05
0.0100946
0.0708295
0.0013274
0.865306
-4.14363e-05
-1.80428e-05
0.00356372
9.50001e-05
-0.00257555
0.00079874
3.51609e-05
-0.00585262
3.372e-05
-0.000432514
-0.00981424
0.5332
0.152584
0.0640308
-0.130302
-1.53437e-05
-5.36501e-05
0.0103198
-0.141878
-2.87857e-05
-0.138588
-0.000161793
0.263028
0.166063
-0.0938424
-0.00402861
-0.0331291
-0.00293378
-0.0437363
0.014407
-0.0207779
0.176733
6.59993e-06
0.600424
0.166063
-0.00167971
0.487121
-0.0392725
-3.74269e-05
7.23904e-05
0.000204459
-0.000634049
-0.000357622
0.535062
-0.00293126
0.549234
-0.0030346
0.385229
0.510973
0.356801
-0.0207453
-1.48881e-05
0.000192953
-0.0313289
-0.174302
-0.138301
0.0045285
6.2412e-05
-0.113498
-0.000889175
2.04615e-05
0.00307594
-0.00320377
-0.00179114
0.0951482
0.000229751
-0.145384
0.166205
0.000177443
0.000820399
-0.0395791
-0.158003
-0.00218653
-0.00155068
4.00079e-05
0.000761328
0.318111
-0.0485562
-0.135909
0.00397243
0.31589
-0.113373
0.000108663
7.00823e-05
0.114984
-0.000267688
0.279375
0.0100057
-0.0402147
-0.00114491
0.00499161
-0.103377
-0.000104336
0.00150084
0.0264876
-0.222124
0.407998
-0.188144
-0.0787282
-0.000487599
-0.000137789
0.0199497
0.00014293
-0.226541
-0.191967
0.00171769
0.0104035
0.0113421
-0.175998
0.00194679
0.000583268
0.000117338
-0.119733
8.83234e-05
0.00170319
0.30126
0.415846
-0.178345
0.134597
0.136071
0.104245
-0.000467107
0.0395266
0.000373979
2.7067e-05
-0.000211685
-1.88029e-06
8.56224e-05
-0.00107251
-0.0226222
-0.0754484
-0.0288876
-0.0796473
0.149304
0.124074
0.0122623
-0.183298
0.00049144
0.0142802
0.033862
-0.00116625
0.211171
-0.00342809
-0.0318396
0.0374704
0.0163865
0.00339592
-0.0119768
0.130063
0.00251737
-0.0582787
-0.048247
0.997927
-0.0712989
0.223174
0.129512
-0.101355
0.00668023
0.000312132
-0.00776409
0.000173803
-0.00790098
-0.0737494
-0.000209537
-0.000128878
0.634511
-0.0098031
-0.124346
-0.0561013
0.000623024
-0.00387034
-6.88558e-05
2.44812e-05
0.119151
0.000123783
-0.00880308
0.215614
0.0190684
0.00339014
0.0557117
-0.0171241
0.0126698
-0.143193
0.00265246
-0.0132197
-0.166121
-0.00254245
-0.0240501
0.00234414
0.00469668
0.00300855
0.117675
-0.000918295
0.0170182
-0.163838
-0.0605687
0.000967879
-0.163752
-0.04439
-0.051471
0.000328155
0.0198507
-0.180072
-0.00251183
-0.0142867
-0.152499
0.00241954
-0.00352593
0.509432
-0.0569414
-0.000124113
0.0246451
-0.141535
-0.00315464
0.446067
-0.00602415
0.00309114
0.159074
-0.00428857
0.0249811
0.311745
0.000220763
0.00354975
0.000541824
0.000111217
-0.0133155
-0.0198636
-0.000371768
-0.0716786
0.264296
-0.112706
-0.186313
0.00353134
-0.00973608
-0.00172281
-0.0706282
8.18723e-05
0.0564025
0.000136601
-0.047418
-0.00585704
-0.0147362
0.154019
0.316433
-0.196156
-0.000159363
0.482397
-0.00560679
-0.0066814
-0.180079
-0.201364
-0.0458279
-8.98384e-05
-0.00315159
0.0217302
-0.00919848
-0.0141029
0.00135476
0.23275
-0.117654
-0.0330386
-0.0198697
0.0875989
-0.00435926
-0.000675797
0.00514559
1.25015e-05
-0.00922704
0.307621
0.0024335
-0.158952
-0.000164856
-0.0218876
-0.00955558
-0.21052
-0.0339294
-0.225675
-0.000193027
-0.000186756
-0.00819915
0.0317058
0.00568138
-0.231984
0.248448
-0.14191
0.000570912
-0.236921
4.67219e-05
-0.232741
-0.0752348
-0.193168
-0.169651
-0.13477
-0.0412032
0.120315
0.179316
0.2331
0.287173
0.339796
0.48662
0.532733
0.576579
0.650874
-0.0239814
-0.0215343
0.203336
-0.0423727
0.00275193
0.0617344
-0.119514
0.00171971
-0.00182003
-8.68216e-06
-0.0414791
0.0523392
0.000136754
-0.000861935
-0.0312784
-0.00316038
-0.216552
-0.0298249
-0.166129
-8.1035e-06
0.00176674
-0.000154997
-0.11888
-0.0255705
-0.105691
-0.0235613
0.00526452
0.000711674
0.0141415
-9.82786e-05
-0.00204606
-4.46822e-05
0.00112744
-0.0127639
-0.0341514
-0.000600276
0.000988599
0.133234
-0.0302034
0.198193
-0.226969
-0.0177102
0.43959
-0.055418
0.011178
-0.0632188
-0.00959885
-0.037109
-0.035155
0.706992
-0.00358923
0.000211397
-0.0170845
-0.0257684
9.69544e-06
0.212382
-0.0115827
0.669852
0.0598412
-0.135851
-0.0789449
0.150159
-0.0131047
-0.000147699
-2.29973e-05
-0.0123681
-0.148044
0.000173315
0.742293
-0.0081226
-0.0143748
-0.000197795
-0.00113434
-0.0171595
0.390206
0.00732292
0.302042
0.0019351
-0.0420164
-1.8989e-05
0.0782611
-0.0216951
0.0565043
-0.011985
-0.0160795
-0.00201732
0.00405949
0.0350981
-3.66497e-05
-0.026788
0.00181904
-0.00117009
0.00140921
-0.0201879
0.000771741
0.351685
-0.031174
0.0114526
-0.0787758
0.161541
-0.0995178
-0.0324163
0.133365
-0.0540692
0.413668
0.0384389
-0.0100422
-0.148356
-0.00196227
-0.000143579
0.00132264
0.000271594
-0.00625353
0.0131504
0.000259581
-0.0384604
0.0634266
-0.00908959
0.000131969
-0.00973273
-0.12495
0.35967
-0.095594
-0.137395
0.0242396
0.229563
-0.00366704
0.215236
-0.0344951
0.0157049
0.104087
-0.171006
0.277349
-0.00015828
-0.0854522
0.00346025
-0.00438215
-2.47741e-05
-0.0177112
0.287192
0.00285195
0.525243
-0.0610543
0.0841255
-0.0464035
0.000551304
-0.00409679
0.178767
-0.119843
0.531821
0.112219
0.0706994
0.398941
-0.122989
-0.0125476
-0.185308
0.00214848
-0.0996146
0.371715
-0.00841182
0.695887
-0.0039994
0.236567
0.000298346
0.256544
0.344693
0.0105445
-0.0580377
-0.00108934
-1.72174e-05
0.0156661
0.00629454
-0.11469
-0.104541
-0.0166354
-0.118746
0.381937
0.151838
-0.104742
-0.0451022
0.000126745
0.0125528
0.582493
0.0136804
0.388341
-0.173507
0.015835
0.000258231
0.00121865
-0.0599902
-0.00333041
-0.00752964
-0.096356
-0.00181137
0.0102693
-0.0912547
-0.115727
0.542932
-9.48105e-06
-0.0522444
0.000573344
-0.0743977
-0.00104448
-0.164224
0.308066
-0.100278
-0.0681671
-0.00421948
-0.0440233
-0.00191194
-0.0152098
0.215007
-0.0785122
-5.52205e-05
-0.0199294
-0.0110722
-0.00107079
-0.00684131
0.0359011
-0.0310802
-0.0991213
-0.00011585
0.362304
-0.0740296
0.0202746
-0.00109151
-0.0230906
-0.00108364
0.00616469
0.000861087
-0.0692448
-0.00027448
-0.109382
0.00828018
-5.62749e-05
-0.0305901
0.000904169
-0.027068
0.00391332
0.392259
0.00365419
-0.0274751
-0.0262025
0.0115592
0.307948
-0.0424932
-0.0435783
-0.0436822
0.00103171
0.300226
0.134709
0.00387097
0.000353239
0.14806
-0.129129
0.00783548
-0.0764462
0.00497212
0.00111882
0.098296
-0.0802071
-0.0380593
-0.0325901
0.720609
0.0772986
-0.00487698
0.0943372
-0.00126612
7.84645e-05
0.00555219
0.00958567
0.38533
-0.00988568
0.0623228
0.000300662
0.930835
0.879684
-0.00437859
0.450351
1.12315
-0.0854826
5.57521e-05
0.348231
0.340415
-0.0108245
-0.0680648
0.000599267
1.96277e-05
0.343461
0.123858
-6.53643e-06
-0.153685
0.000316029
0.127091
0.185963
-0.0948222
-0.101232
-0.0588397
-0.000776357
0.00343778
-0.037603
0.220168
-0.124933
0.451427
-0.0286312
0.137648
-0.00463858
-0.000690797
0.00309049
-0.00836527
0.328984
-0.0137558
0.336649
-0.000735487
-0.190479
-0.125193
0.332652
-0.0179338
0.00142804
-0.104532
0.00117706
0.0374312
0.285542
-0.0228745
0.368527
-0.0280475
-0.00869683
-0.217719
0.118491
-0.187698
-0.0471693
-0.00266832
-0.0759039
0.00432372
-0.0269776
0.00492
-0.0811981
-0.033913
0.12257
-0.0120129
-0.212935
-0.11461
0.0857423
0.131516
0.287065
0.0125316
3.60919e-05
-0.0187201
0.439996
-0.000287939
-0.0176115
0.00207883
-0.000734168
-0.11566
-0.000178981
0.00990082
-0.00325696
-0.00496358
0.0010141
-0.109174
-0.00369999
-0.0363199
-0.0122324
-0.00938588
0.75687
0.144061
-0.0973074
-0.0299
0.00467838
0.000353217
0.0396119
-0.00309259
0.0248851
0.782323
0.342659
0.304582
-0.000568512
-0.0474066
-0.00420361
0.0910104
0.270052
0.278711
0.355899
0.374195
-0.0401336
-0.00263346
-0.00655254
0.109974
-0.00791675
0.38877
-4.0453e-06
-0.00416518
-4.54733e-06
-0.0120249
-0.0917196
-0.00672168
-0.0354942
-0.0790241
-0.157617
0.368378
0.334826
0.111282
0.339665
0.204234
0.195352
-1.40789e-06
-0.0175604
-0.0236691
-0.0920987
-0.0124064
-0.119326
0.179166
-0.10978
-0.00374419
-0.182978
0.268
0.318546
0.151953
0.263185
-0.10828
-0.0470385
0.0820866
-0.0149955
0.749988
0.000249413
-0.179616
0.173093
0.0510023
-0.00205846
-0.119684
0.920493
-0.0544691
0.163317
-0.00205983
-0.230387
0.000893927
0.573882
-0.133635
-0.0623863
0.141831
0.0639708
0.162017
0.852905
0.580368
0.00777893
0.00152588
-0.00783141
0.0005035
-0.08745
-0.0165216
0.151888
1.43574e-05
-0.00581554
0.225406
0.771435
-0.0709497
1.75986e-06
0.924442
-0.184788
0.0169526
-0.0113928
0.323044
-0.233137
0.150738
0.348631
7.54123e-06
0.313886
-0.0795122
0.000603312
0.114277
0.105916
0.152659
0.743622
0.860742
0.0155425
0.148734
0.00181935
-0.104468
-0.0886627
-0.000350752
0.343672
-0.195053
-0.200077
0.0372153
-0.00198937
0.000108906
0.0152022
0.0499784
0.669914
-0.098253
-0.00781183
0.00044858
-0.0103575
0.000251928
-0.0509525
-0.108087
-0.025093
-0.0767263
-0.180512
-0.118441
-6.4762e-06
-0.110041
-0.00799791
-0.200215
0.141024
-0.000121013
9.02194e-07
1.24659
0.805422
0.874369
0.602346
0.059512
0.000389346
0.0736971
-0.0775445
0.000494691
0.679128
0.0722822
-0.00195149
0.247768
0.237783
0.14946
-0.222335
-0.149375
0.479244
-0.221824
0.127332
0.0198479
-0.162359
-0.136093
0.154204
0.205096
0.25868
0.310331
0.502368
0.550364
0.203417
-0.117383
1.04867
-0.0153357
0.126837
-0.153824
0.0175499
0.265784
0.0148267
-0.026572
-0.208836
-0.185427
0.112502
0.000412202
-0.135404
0.839282
0.088881
0.733611
0.572287
1.00212
0.141036
-0.212963
0.838778
0.0783667
0.460186
-0.00283972
-0.0139169
0.00106232
-0.116562
0.242119
-0.032485
-0.133715
0.0311155
-0.138196
0.144097
0.00632204
0.245592
-0.103072
0.00382566
0.00133246
-0.206802
0.0141252
-0.00750192
-0.06784
0.988479
3.53414e-05
0.0925899
0.00698812
-0.0350714
0.0177547
0.146596
0.00382609
-0.190939
-0.000225286
-0.0127019
0.23303
-0.00971249
-0.0942853
-0.0172164
0.000136912
0.142121
0.362165
-0.127189
-0.0666035
0.14797
-0.00890715
-0.00593803
0.367039
2.8412e-06
0.128557
0.0848202
-0.172501
-9.59877e-06
-0.0046746
-7.59231e-05
-0.08791
0.369273
-5.62844e-05
-0.0236169
0.000301299
0.040258
-0.0628982
0.000627157
-0.114499
-0.144694
1.28205
-0.000148276
0.188068
0.00445743
-0.00212589
0.00220058
0.410529
-0.0162132
-0.121261
-0.139136
0.631948
-0.0757426
0.316715
1.68121e-05
0.563407
0.185119
2.93142e-05
-0.182769
0.226202
-0.00117163
-0.000138836
-0.127153
-0.107124
1.26372
0.000141093
-0.0991603
-0.128997
-8.68626e-05
0.0660087
0.00156386
-0.06848
0.44774
-0.0998227
0.0846594
0.0185553
-0.000247645
0.694261
0.825348
0.00486416
0.00137441
-0.148425
0.662304
-0.00681588
-0.000552238
0.191402
-0.208955
-0.131106
-0.00345931
-0.000379242
0.205839
0.0722322
0.00996361
-0.16036
-0.203451
-0.0834978
0.130854
0.00010645
-0.0605401
1.23559
-0.00337443
-0.00434038
-0.0117649
0.976666
0.279312
4.61204e-06
9.8175e-06
0.389718
0.388336
-0.0812977
-0.15569
-0.142212
-0.000134291
0.068236
0.0407744
0.339186
-0.0108455
0.534851
-0.0552011
0.103795
0.807235
0.000700314
-0.0281659
-0.0972456
-0.0494507
-0.0545675
0.000417872
0.700895
0.171416
0.184083
-0.0689797
-0.172455
0.000205641
0.413988
0.00196132
0.000372279
-0.104973
0.208271
0.004369
-0.0292715
-0.0942487
0.308999
-0.00758676
-0.113509
0.00239104
-0.0935681
0.00114281
-0.00311188
0.00115702
0.163824
-0.0755417
0.400859
-0.0251006
-0.000235419
0.000718052
1.11834
-0.000171521
-0.0945893
-0.130509
0.616143
0.138797
0.000347399
-0.0388464
-0.0430205
-0.158089
0.185385
-0.131088
0.280242
-0.0388482
0.244957
-0.0493092
-0.0206238
0.622401
0.00693932
-0.0319143
0.420807
0.324609
0.914707
-0.108273
-0.0850795
-0.00246488
-0.0725612
-0.151738
0.261109
-0.00213766
0.0895316
0.000441073
0.0524345
-0.00778607
0.082242
-0.0707962
-0.0101724
-0.00444593
-0.059243
0.000364836
0.211738
-0.120275
-0.00384436
0.000193516
0.0772956
1.14454
-0.233177
-0.0455415
-0.00762944
-0.000468238
0.747554
0.100679
4.34114e-05
0.0370408
-0.239777
-1.58729e-05
-0.00169693
-0.10953
-0.028378
-0.0146271
0.300741
0.662731
0.694983
-0.10872
0.00134541
-0.126413
0.000316702
0.497554
0.999108
0.00032603
-0.00181095
0.108266
1.03736
9.85221e-06
0.605858
1.07618
-0.129256
-0.0305488
-0.00734468
0.607871
-0.0176113
-0.216455
0.950692
-0.0146266
0.656206
-0.0637331
-0.0258884
0.961992
0.406029
0.622448
0.568436
0.00695658
-4.51386e-05
0.424782
0.195465
-0.0418406
-0.242246
0.0641911
-0.212527
-0.0383558
0.610249
0.000849361
-0.0163117
-0.176367
0.0149539
-0.0768264
-0.157189
-0.0740352
0.695271
0.155937
0.0686875
0.927777
0.00267198
-0.000121137
0.158143
0.120422
0.170601
-0.000683637
0.0197074
-7.31636e-06
-0.00688172
0.0586359
-0.000100461
-0.00334876
0.00212213
0.000226435
0.219047
-0.0228973
0.00116409
-0.0248917
-0.221291
-0.0259131
-0.00841493
0.680974
-0.0532184
-0.0391468
0.00390915
-0.0409962
0.000185899
-0.0915539
0.307108
0.0453893
0.393803
0.0242999
0.255538
0.425952
0.482028
-0.0693666
0.786011
-0.0368273
0.728072
-0.211237
-2.92055e-05
-0.0291117
-0.0490992
0.0758742
0.349193
-0.159523
0.000807429
1.27339
0.02208
0.334805
-0.103704
0.279129
0.209267
0.00255018
-0.0846129
-0.207438
0.00667598
-0.00206249
-0.0293302
-0.105282
-0.0137429
-0.0206393
-0.21013
0.407228
-0.0145195
-0.0955004
-3.6422e-05
1.07311
1.19128
0.0179955
0.000254057
-0.0797622
0.00531393
-0.0800618
0.000312249
0.16593
-0.0715641
0.000519901
-0.00180085
-0.108613
-0.00236046
-0.0511677
-0.073808
0.758713
-0.204662
0.69139
-0.00191261
-0.0300389
-0.0410013
0.270635
0.184312
-0.120362
0.00614635
-0.0403164
0.59727
-0.102496
0.000950998
0.00015048
-0.00790607
1.45575e-05
0.00716333
-0.00413542
0.0376901
-0.0179877
0.349972
0.000137143
0.00436911
0.589946
0.626423
-0.0712456
-0.00576168
0.520552
0.000763519
0.000818916
0.166301
-0.00320019
0.973424
-0.104494
0.64786
-0.0805199
-0.000112211
-0.023956
0.852147
0.619733
0.0476062
0.0122255
-0.000532924
0.319394
0.205704
0.0402304
-0.0036092
0.010176
-0.147605
2.30797e-06
-0.0616348
-0.127349
-0.0887464
-0.0141186
1.00596
-0.0115787
-0.0709496
-0.0973086
0.00165134
6.72717e-05
0.00447235
-0.0132611
0.783414
0.0541779
0.000219106
0.00231094
-0.16012
0.895434
0.000585354
0.0019213
0.135387
-0.0850155
0.847879
-0.0854995
0.699204
0.644515
0.000556424
0.620167
0.673045
-0.0766712
0.151375
-0.000633816
0.692425
0.0016085
-0.000317019
-0.0110512
0.485817
-0.0225317
0.52731
0.00591778
1.01333
0.00716384
1.14126e-06
1.30765
0.110516
1.09284
0.322345
-0.165296
0.0573187
-0.166109
0.836167
0.000702038
-0.000358008
0.207636
-0.00223105
0.982613
-0.220382
-0.224967
0.00623682
0.206734
0.287667
-0.201087
0.0425385
-0.0634968
-0.0126118
0.0825599
0.00120882
0.0101173
-0.0559343
-0.0672741
-0.104393
0.225461
0.0404366
0.284777
0.177938
1.06803
-0.135375
0.0927697
0.00124874
-0.228142
0.70763
0.00867887
0.286243
0.535126
-0.0658382
0.0467048
-0.197842
-0.000193736
-0.0118244
-0.0070561
0.0237387
-0.0140562
-0.0144287
0.000330009
0.361506
0.25165
0.464242
0.291671
0.621302
0.0345086
0.230767
0.0598225
0.0767534
-0.0528328
-0.220852
0.198288
0.685254
0.116339
-0.0153621
0.0385094
0.307852
-0.0147781
-0.188568
0.466371
-0.0493117
-0.100402
0.330758
0.101645
0.957296
-0.000100488
5.45522e-05
-0.157872
0.716619
0.80575
0.609691
0.775988
0.17734
-0.016033
-0.0234905
0.262714
-0.0479953
-0.0013887
0.0851696
1.01131
0.0181544
0.703015
0.336265
0.0481916
0.000354676
-0.104032
0.821973
-0.00711844
-0.0218153
0.454853
-0.0183648
0.000801508
-0.0119036
-0.0430935
1.18427
-0.155117
0.399871
0.360598
-0.0175268
0.212792
0.641939
0.812579
0.370055
-0.180102
0.304505
0.285211
1.25645
0.00212592
-0.00656491
0.768757
-0.184013
0.65925
0.826662
0.0096463
-0.0960002
0.340046
0.000190909
0.883166
-0.0369058
0.767194
0.0328388
0.00555834
0.0337594
-0.00341692
1.23679
0.000232795
-0.213504
0.683332
-0.00125846
0.0613054
-0.0669789
-0.0663265
0.366539
-0.0569368
0.0026717
0.345108
-0.0499044
0.00231726
0.000204064
0.266554
-0.00763588
0.512965
-0.200622
0.0155486
0.202474
-0.00412402
-0.011771
0.188997
-0.196122
0.538788
-0.0623376
-0.00619399
0.429297
0.000554297
0.00534943
0.425194
-0.0367343
0.0187979
0.370593
0.899244
0.382188
0.0525626
0.57064
0.821969
-0.0359648
-3.04821e-05
0.580785
-0.174855
0.0393957
-0.00254352
-0.160236
-0.00087537
-0.00206881
0.163955
-0.0125199
-0.0249389
-0.0604937
-7.43215e-06
0.554479
-0.00192604
0.0972105
-0.1817
0.000195159
-0.14064
-0.0678995
-0.166221
0.00162278
0.0800888
0.778186
0.897982
1.15289
6.07083e-07
-0.0634832
0.000237754
0.000120791
3.75381e-05
0.00213416
-0.00358822
-0.0115011
0.585907
0.0614369
-0.00863476
0.198984
0.0766596
0.0245259
-0.167346
-0.131674
0.310987
0.639957
-1.75269e-05
0.0411518
-0.0678221
-3.65971e-06
-0.120358
0.16364
0.518345
3.71864e-06
0.916564
-0.0905735
0.278322
0.338707
0.00499464
0.409909
0.00744806
-0.211437
1.09368
0.000459842
-0.0160697
0.508613
-0.000871089
-0.0725372
0.000142907
-0.00197387
0.00736342
-0.0327948
-0.0081369
0.000724191
0.000125446
-0.0225371
-0.191669
-0.133641
0.373613
0.180073
-0.0244872
1.01645
0.0517176
0.951989
-0.0424488
1.05427
0.950496
0.980787
0.0358917
-0.0292294
0.030094
-0.00607571
0.000689285
0.524398
-0.0740861
0.00301565
0.508402
1.09621
0.387197
0.261536
0.00405784
-0.0505681
0.032623
0.0105737
-0.11298
-0.0250535
0.945123
-0.00118757
1.20889
0.632152
-0.00209105
0.53019
-0.0808425
-0.21704
0.397788
0.177464
-0.0118188
0.395185
-0.0442024
0.708881
0.381113
0.00497723
0.000115502
0.0886256
-0.135026
8.88716e-06
0.0105439
-0.208025
-0.00197347
-0.0913031
3.58267e-06
5.36068e-07
-0.228658
-9.41436e-06
-0.016332
0.00429064
-0.0779326
0.354104
-0.154646
0.025915
0.1906
-0.12356
-0.238888
0.32085
0.0519962
0.0472038
0.730067
0.648098
-0.000212696
0.557106
-0.175524
1.00914
0.542089
0.00791133
0.715264
1.02272
1.90443e-05
0.505138
0.0854415
0.121668
-0.110397
-6.61955e-05
0.237362
-0.15358
-0.0122365
-0.000776918
0.000219786
0.0459452
0.003322
-0.161834
0.191736
-2.34607e-05
-0.205229
0.240667
-0.0218938
0.00437441
-0.0153019
-0.00250442
-0.000110367
0.992179
0.912262
0.186401
-0.151817
-0.011495
-0.00550611
-0.000941573
0.00033398
-0.00872273
0.0323062
-0.131166
-0.116431
0.00733433
0.741567
-0.116956
1.21012
0.00146358
-0.0989545
0.803692
0.00115273
-0.129537
0.000256218
-0.000896013
9.34226e-06
0.00133791
0.391267
0.00049526
0.00440619
0.399499
0.0773612
-0.0245986
-0.0387268
-0.0263565
-0.000122701
1.13137
-0.154759
0.572213
0.378852
-0.0119512
0.699539
1.28982e-05
0.176329
6.14355e-05
0.00890911
0.0299319
0.994062
-0.00292343
0.638362
0.228381
-0.00118148
0.000261556
-0.067137
0.751671
1.42499e-05
0.0381191
-0.00035816
-0.203315
-0.107576
-0.117956
-0.0367915
-0.0649334
0.0979375
0.00879369
-0.228968
-0.160791
-0.0170214
0.00192336
-0.000112479
0.00102376
-0.00236782
0.000122113
0.338033
0.00488901
0.00386844
0.739187
-0.00304547
-0.13245
0.501585
5.53497e-05
0.0077718
-0.194591
1.13592
0.0166153
0.511303
-0.104505
0.653174
-0.0611112
0.886187
-0.156741
-0.1662
-0.0390185
0.975799
-0.0479316
-2.2974e-05
0.00126555
0.390707
0.185427
0.3406
1.16272
-0.120886
-0.233167
0.797526
0.00320491
0.18222
0.0306767
-0.0116797
0.00676517
0.0326402
-0.000666054
-0.183659
0.379005
0.349478
-0.0312283
-0.000124993
-0.000109499
1.77521e-05
0.013079
0.0004599
-0.172913
0.801679
-0.124508
1.24525
-0.209637
-0.00556858
1.20588
-0.0559819
-0.020968
0.00113989
-0.00310526
-0.0242643
1.19124
1.16369
-0.0784155
-0.0400724
0.000627283
0.715112
0.543779
0.0400735
0.281768
-0.0419974
-0.0512044
0.0180755
0.947017
0.911643
0.328607
-0.0230232
0.00348266
-0.0434122
0.0789358
-0.00238094
0.738104
-0.00342383
0.0166364
-0.00568181
-0.189116
0.197331
-0.141356
-0.0260826
1.08024
0.394794
0.384707
-0.188044
0.198685
-0.0211543
-0.000105536
0.814393
-0.000638432
-0.011433
-0.157909
0.313817
0.000323283
0.60016
0.0719859
-0.16124
0.265446
0.401258
-0.0830157
-0.0213478
0.107934
1.18476
0.351423
0.896872
-0.00236239
0.318674
0.0443789
0.0203338
0.663155
0.00480488
0.0470423
-0.0694817
0.327862
-0.116377
-0.074295
-0.112875
-0.175884
0.00524565
-0.0664451
0.95988
0.288083
-0.0762441
-0.0180831
-0.0448258
-0.173582
1.17505
-0.0270755
-0.0221443
-0.191968
-0.0152827
-0.035088
0.0675922
0.0311004
1.27049
0.929352
0.0555685
0.869388
0.903105
-0.0229206
0.0424581
0.0810051
0.212964
-0.00220882
0.198997
-0.000726918
-0.0615717
-0.195825
-0.106037
-0.00869114
-0.0419013
0.718942
0.225397
0.839642
0.883049
0.93399
0.00036687
-0.0224742
0.950949
-0.0467426
1.11366
0.784755
0.00800901
1.04193
2.1785e-07
-0.000778005
0.281656
0.238054
0.83192
0.00844437
0.0385482
0.00765004
0.73947
-0.053844
0.0410561
0.942886
-0.113154
0.954544
-0.0337859
-0.099433
0.789188
0.93232
0.560341
0.530087
0.177832
-0.021338
-0.0474718
0.000639929
0.961405
0.580917
0.714955
0.551567
1.06122
0.0434001
-0.192736
1.02474
-0.000124622
1.04674
0.338718
1.15899
1.10424
-0.000114055
-0.119292
0.912448
0.00658121
-0.00820197
2.18002e-06
-0.103712
0.0345059
0.825326
-0.0303471
0.0368011
0.349267
-0.119175
-0.00218216
-0.0590484
0.927465
-0.0698335
0.913887
1.0258
0.810638
0.157604
0.382357
-0.611701
0.690256
1.04194
1.41625
0.599582
-1.29498
0.128078
1.05139
-0.740903
0.0883197
0.830576
-0.813711
1.29843
-1.67673
-0.211427
1.603
-0.0473955
0.833543
0.186819
-2.19024
0.73807
1.44511
0.285789
0.992089
-0.263561
1.40418
-1.80302
-1.08066
1.15868
1.58562
2.01243
0.254428
2.6847
-0.491671
1.38471
0.504563
-0.025938
-0.207644
-0.291986
-1.897
0.402074
0.248965
-1.25472
0.283885
1.06135
-0.367975
0.985532
-0.0560248
0.216211
-0.847589
-0.765955
0.660233
0.525575
0.157519
0.413647
0.612687
-1.60753
-0.0109232
-1.60485
2.41992
-0.362185
1.03482
0.750491
0.815352
-1.68853
0.349562
2.92088
2.91464
-0.349948
1.27605
0.660681
0.928608
1.35346
-0.723359
0.0225692
2.20633
1.77999
0.385473
0.749462
0.805836
0.444684
-0.782318
0.737565
0.786905
0.781756
-0.251985
0.325228
1.59093
-1.24087
-0.336225
0.703125
-0.395408
1.03705
-0.00433516
0.516745
-0.498053
-0.625166
3.30518
1.16727
2.6744
1.59409
2.02096
0.268269
-0.477989
1.43471
-0.802873
-0.550394
-0.230544
-0.211001
-2.10297
0.0573862
0.615934
1.62107
1.01348
-0.0807983
1.76294
-0.385941
-0.238421
1.67533
0.975968
3.35445
0.0561853
2.52773
0.203033
-1.352
-2.38098
0.151481
-0.439801
-0.109274
1.03138
-0.269496
-0.207965
0.995665
-0.0103413
0.00895589
-0.639984
0.298636
0.282642
-1.10768
1.40408
-0.676622
1.53695
2.89428
1.35716
0.922117
1.78366
2.2099
0.016191
-0.72987
0.454243
0.681362
1.06783
0.883084
-2.04579
0.774945
0.814003
-0.0240734
-0.300893
-0.221849
-1.04383
0.386762
-0.26182
-0.35393
0.320165
-0.312442
-0.321015
1.02513
0.783948
0.369434
-0.308291
0.605971
-2.47216
-0.125484
0.935224
0.737249
-1.69084
-0.230526
0.803361
-0.245244
0.529738
2.91772
-0.175066
-2.07286
-0.374368
-1.08705
0.0385172
0.13835
0.717959
0.316524
-0.26506
-0.0377242
0.228244
0.493107
0.0260374
-0.57969
-0.288853
-0.222325
0.557485
1.6888
0.500819
-0.484002
0.613549
0.142553
0.588855
0.600699
1.1198
-0.127156
0.255134
1.71438
1.12782
1.00621
1.62105
0.208335
-0.228709
0.408107
-0.229188
1.52149
-0.542491
-0.181333
1.33663
-0.45579
0.413013
0.505419
-1.67128
-0.794879
0.61623
0.684417
0.520249
-0.408476
-0.424326
0.89175
0.895485
0.485956
0.860186
0.596407
1.35795
-0.489514
0.594792
0.443852
0.409518
0.930648
-1.95497
0.0708962
-0.360154
0.217379
-1.76901
1.36254
-2.57144
1.39393
-0.0849363
0.6267
0.0914046
0.975266
-0.223312
0.239579
-0.269694
0.00559202
3.45422
-1.55359
-0.420389
1.20153
1.62811
0.737867
2.59121
0.44118
0.597426
2.05631
0.354433
-0.167883
-0.391792
-0.306937
-1.06076
-0.914163
1.34127
0.446245
3.27491
0.992905
0.546785
-0.352004
1.15472
-0.5355
3.19716
0.0344911
1.32246
0.471486
0.205301
0.546644
-0.411765
0.205552
-0.85696
-0.23454
-0.251815
0.673325
0.853313
0.747416
0.705273
1.10661
0.798743
-1.81469
0.941845
1.67086
-0.259661
0.87064
-0.271209
-0.171971
0.621357
-0.0909327
-0.0813337
0.278542
-1.5752
0.875319
0.18488
0.338316
-0.242203
0.958605
0.844819
0.797814
3.38157
-0.511226
0.989433
-0.0181735
0.149959
0.354153
0.665726
-0.717634
-1.83835
0.373327
0.598462
0.307021
0.155413
-0.420208
-0.400789
0.243817
-0.455174
0.570597
1.21552
0.221648
0.445365
-1.5274
-1.73068
-1.59989
-0.812238
-1.2288
-0.296161
-0.239427
-0.332223
1.11523
-0.0759155
-0.320633
0.811544
-0.71703
0.740931
0.580321
1.78766
0.437741
0.617579
1.6937
1.47863
0.412221
0.971943
-0.656068
0.999253
1.42675
2.83931
1.85355
2.28712
0.0983192
-0.647739
0.598392
0.349936
-1.16644
1.43785
0.292605
0.0978524
0.750919
-1.37063
-0.453344
0.582534
0.909451
-0.314643
1.11369
0.978951
0.225195
0.725266
0.410795
-0.101179
-1.66807
0.598076
0.404913
-1.60654
0.968149
2.95436
-0.215988
-1.20625
-1.08846
-0.603867
0.063209
0.925909
-1.24298
0.85651
0.886686
1.31375
1.7403
-0.0180094
2.16911
-0.763918
0.678981
0.441415
0.977889
1.30383
1.77907
-0.849781
0.334676
-0.0550241
-0.510744
0.525967
0.978959
1.57281
0.550014
0.561039
1.7206
0.121751
-0.386064
0.486917
-0.000409313
-0.627905
0.570571
1.45458
2.35362
-0.640941
-0.748967
-0.171579
0.980681
0.486677
0.934998
0.0783018
1.73958
0.637445
0.893251
-0.331621
0.986285
0.844154
0.622115
-0.28745
0.756099
-0.327791
0.43718
0.50065
1.30762
-0.271098
0.804249
0.427414
-1.01857
-1.94246
-1.78701
-0.379422
0.272454
-0.0550151
-1.2426
-2.4559
-1.5773
0.610219
-0.498463
2.39393
-1.99463
0.379151
0.578485
0.460555
-1.01035
0.489013
-0.26844
-0.249558
-0.280862
0.345476
0.321339
0.593653
1.54392
2.3171
-0.0223972
0.0499654
-0.329707
-0.266134
1.58702
-0.367717
0.875535
0.640949
-0.117686
-0.232963
-0.275467
-0.0475598
-1.148
1.12965
0.137829
0.469299
0.911339
-1.63531
-1.36909
-0.381213
-0.440387
1.0254
-1.12537
0.458208
-0.365228
0.714567
-0.377987
3.13833
0.504163
-0.390162
0.515123
2.79586
-0.602694
1.89639
0.143372
1.46947
1.0428
0.768662
0.0429491
0.257774
0.59159
0.473347
0.42431
1.3591
0.604313
0.419742
1.10183
0.493805
0.831261
-1.4929
-1.56506
0.256101
-0.472256
0.774772
-1.87698
0.485651
-0.722225
0.707106
0.217984
-0.29866
0.259022
-0.469497
0.716103
-2.60891
0.11816
1.30177
-0.623528
-1.66055
0.181692
0.423947
2.23214
-2.50769
0.144457
1.2805
-0.465631
1.39625
0.963719
1.82285
2.25668
0.0583582
-0.687722
-0.0678917
1.03067
3.3944
0.293823
-1.96551
-0.0421718
0.536277
0.0657109
-0.487839
-1.63532
0.857728
-1.23983
-0.522876
-0.336998
-1.87469
0.32241
0.692415
-0.311581
3.04475
-1.1958
-0.0117364
-0.328869
-0.362281
0.36528
0.0903411
-0.14882
-0.220465
0.830778
-0.029217
2.87537
-0.207434
0.159102
0.817656
0.923747
0.0565988
-0.375552
-1.51549
0.856402
0.579718
1.14561
0.764021
-0.29724
0.634275
1.02863
-0.210901
1.07133
-1.65225
-2.43468
1.29467
1.34465
-0.0684982
0.699558
-0.238313
0.74282
0.458696
1.1073
0.326666
-0.210877
0.568264
0.579526
0.0984437
0.449329
-0.95199
-0.252364
1.65934
1.23275
2.09064
-0.849391
-0.103098
0.802572
0.855101
0.339476
0.7255
0.621362
-1.19135
-0.239491
-0.258067
1.03258
1.18667
0.4063
-2.12309
-2.66317
2.23119
-0.283281
1.38578
1.15668
-1.92383
1.10649
-0.266647
1.76829
0.674956
-0.250028
0.515708
0.934209
-0.273345
1.25433
1.18612
1.11697
0.202504
-1.7798
1.32981
-1.51928
0.542061
3.17349
-1.79548
0.146105
-0.6187
1.66005
0.921665
-2.47876
0.559794
-1.14376
0.297467
-0.199115
1.29679
0.0373357
1.35701
0.418696
-1.69965
0.381435
0.856818
0.774678
-0.366884
0.355776
0.580483
-0.292974
-0.105941
-0.860322
-0.392002
-0.235908
-1.58871
0.182804
2.31679
0.472121
1.17646
0.832343
-0.302769
0.313137
0.846297
-1.3137
1.42149
-1.41912
1.66458
0.0170023
-0.314306
0.462246
0.179413
0.0745337
0.637648
-1.20728
-2.0754
0.989983
1.45685
1.04801
-0.139502
1.77369
0.898092
-1.55532
2.10356
0.367639
0.397738
0.70615
0.635446
0.24978
0.682525
-0.0106646
0.421673
0.412853
-2.33083
0.565563
1.05556
-0.511285
-2.23034
1.18737
0.434432
0.379505
-1.89676
-2.20274
-0.301347
1.2421
0.0044146
-0.318526
-0.232693
0.870159
0.732894
0.695329
0.666007
-0.118719
-0.198303
-0.601786
1.40072
-1.87714
0.701344
0.779754
-0.957149
0.63286
-1.82547
-0.035141
-0.393999
-0.401614
0.343786
1.09373
0.728997
0.137358
-0.255857
0.391209
0.942339
-0.373605
0.893061
0.818744
1.4715
0.234976
-0.562351
-0.110034
0.505274
1.03906
-1.53856
1.10114
-1.07844
-0.239323
1.09355
0.00968382
-0.133921
-1.77898
-0.3534
-0.141328
0.262649
-0.29042
1.19979
1.1459
0.389647
0.45581
0.982628
1.41129
2.85812
1.83796
2.27243
0.0779239
-0.668121
0.16435
1.50897
0.825964
-0.0673539
1.04351
1.57357
-0.573804
0.0664924
0.377895
0.94365
-1.14363
0.838082
1.49326
1.33798
0.191972
0.259942
-0.348248
0.423637
-0.811078
2.11851
-0.0649868
1.69286
1.26638
0.840703
-0.00338903
0.552241
0.170875
0.534765
0.946379
1.00449
1.44797
-0.0112104
0.847062
0.386643
-1.06072
0.131308
0.941471
0.34789
0.517359
-0.958559
0.984823
0.301811
0.221705
0.203882
1.23294
3.01616
0.579491
0.586997
2.20464
0.929214
0.251804
0.424939
1.96664
0.86512
0.303715
-1.82451
0.800244
0.689732
0.96182
0.365966
-0.176924
0.2906
0.779907
0.312963
0.92929
1.63414
-0.716608
0.815096
-0.905439
-0.0274129
-0.272077
0.534192
0.716915
0.557003
-0.175748
0.242222
-1.14534
1.07993
-0.130425
0.809459
0.730856
1.38031
0.404233
-2.31918
0.202559
0.773574
-0.678408
-2.00714
0.425761
0.358987
0.406003
0.789289
0.570302
0.546029
0.955489
0.702031
-2.28634
0.860498
0.645077
1.07208
0.611096
0.681107
0.60985
0.89037
0.82673
-0.876374
0.789646
0.707844
1.0597
0.0307451
-0.994837
1.32385
0.677663
-1.5454
-0.839512
-1.50882
0.89117
1.15467
0.631307
0.492318
0.163618
0.716489
-1.61676
0.459143
0.365851
0.868186
0.937691
1.0067
0.387218
3.23682
-1.50505
0.569162
1.04744
1.4732
1.89975
2.79445
-0.604793
0.14117
2.29581
1.32663
-1.1378
-0.519004
1.01477
-1.39331
0.939511
0.522184
-0.412108
0.283064
0.300661
0.224862
1.06443
0.581305
0.482782
-0.274429
-1.30018
0.366804
-0.603005
-1.86608
0.615116
0.802666
0.718236
-0.0943246
1.56658
-0.234083
-0.103146
-1.47338
0.312995
0.114444
1.21855
0.743722
1.38575
0.710061
2.00177
1.0319
-0.231108
0.955403
0.386882
0.84714
0.183531
-0.449565
-0.402489
-0.385938
1.2179
0.84679
0.644706
0.577098
-0.260769
0.191736
0.801227
-0.486817
-0.0072835
-0.678107
-2.19583
0.891597
-0.332352
0.959055
0.440689
1.14502
0.669309
0.548027
1.25006
-0.4714
0.580429
0.714499
-0.95286
0.570404
-0.209274
0.798211
0.843694
1.26044
0.814676
0.930689
-0.282055
0.68985
1.20761
0.139387
0.198805
-0.437823
0.722611
2.43075
-0.6525
0.587842
0.530713
-1.61349
3.11066
2.04271
-1.7197
0.909066
-1.47456
1.36836
1.72433
-1.46183
1.04744
0.501787
-0.637415
-1.42323
-0.792531
-0.507402
0.768021
0.785723
-0.662443
1.07717
1.46089
0.371507
0.316303
0.473622
1.30822
3.50762
1.06874
1.24898
-0.0270144
0.338703
-1.28961
-0.150146
0.877432
0.919064
1.32951
0.997528
-0.0639243
-0.531238
-0.533775
2.74242
1.95041
-0.554144
0.191906
2.36273
1.52378
1.09635
0.388343
2.82318
2.76251
-0.220475
1.17644
1.09638
-0.606856
-0.295571
0.679906
1.1208
-0.220685
-0.162053
0.575183
0.624338
-1.72757
0.922848
0.410895
-2.64982
-0.370669
-1.69452
1.08485
1.35173
0.478019
0.664046
2.31996
-0.367602
0.765553
0.458701
1.39639
0.554119
-0.39887
-0.543754
1.17497
0.115562
-0.72734
1.13455
1.26964
0.22854
-0.962536
0.558726
0.109936
1.05359
1.32077
0.574804
-0.249109
-0.459903
-0.508495
0.660186
0.617479
-0.392051
0.758758
-0.412165
0.712905
0.947578
-0.295422
0.381139
0.843645
0.829643
0.902234
-1.97618
-0.332533
-0.345499
-0.274086
0.39459
0.287363
0.942598
-0.285239
1.432
-2.14775
0.735165
0.74703
0.126986
0.870489
-0.51323
1.25713
1.39954
1.35233
-0.764976
-1.18822
0.839139
0.513183
-0.384381
-0.431169
1.31925
-0.945683
0.445542
-0.931242
-0.24994
-0.282345
-0.259006
-0.562311
-0.212658
0.774564
-0.255844
0.863443
-1.11804
-0.389901
0.706925
-0.909785
1.48568
0.78725
-1.12148
0.365815
1.24
-1.57278
0.701367
-0.297201
-0.254315
-1.35454
-1.25829
-0.491619
0.69889
-1.82078
-0.676161
-0.371775
1.63381
0.586878
-0.168515
0.670395
1.16183
0.603767
-0.676339
-0.401194
0.594845
0.964817
2.27366
-0.286167
0.567499
0.237065
0.430528
-0.141476
0.709953
0.386065
-0.401892
-0.57259
0.366821
-0.522652
0.518024
0.406534
0.44286
3.38884
0.376023
1.02186
-0.616291
0.178589
-0.323214
0.817249
0.420333
0.275389
-0.449147
0.211567
-0.562783
-2.34797
1.70972
-1.88674
-0.622258
0.800925
0.438702
-0.0617295
0.173961
-0.288266
-0.262774
0.14445
-0.203894
0.250732
0.814687
0.00897106
-0.358701
0.916738
-0.308437
0.651702
1.26693
-0.621571
0.974871
-0.010725
0.70808
-0.291492
0.915387
-0.116316
-1.45071
-0.195545
-1.06438
0.841296
-0.355176
-0.576442
-0.824616
-0.223585
-0.740318
-0.547837
-1.90026
0.747174
0.648617
1.57166
0.619038
-0.72124
-0.291317
-1.22452
0.891408
0.587389
1.04499
0.992696
-0.268354
-0.415809
0.66455
-0.621072
-0.645975
-0.991534
1.21666
-0.19751
0.945518
0.893444
0.170767
-0.372656
-0.508589
1.24864
1.22066
1.28269
0.750911
-0.296436
-0.69424
-0.573361
0.58037
0.901156
-0.494502
-0.645959
-0.255538
-0.470386
1.61975
-0.264341
0.34258
-1.29837
-0.0908927
-0.320735
-0.795434
0.504647
-0.246195
-0.472109
-0.460599
-0.454595
0.858834
-0.409746
-1.14249
3.00071
-1.87051
1.07704
-0.597933
-0.0367976
0.31764
1.90818
-0.173266
-0.438367
-0.427981
-1.41563
-1.34671
-1.66426
-0.870116
0.674035
0.520715
0.388971
2.56652
-0.35738
-0.228528
2.56951
-0.975804
-0.366597
0.382421
-0.207504
0.698372
0.549301
-0.953931
0.098189
-0.0909174
0.626776
0.160212
-0.508932
0.715739
0.876068
-0.408783
0.208159
-0.259936
1.02461
0.712272
0.819303
0.676401
-0.0234123
-0.52497
0.746162
-0.36206
0.637788
-0.55337
0.783297
0.257777
-0.293903
-0.180771
0.785574
0.482882
-0.574593
-0.497914
0.631515
0.447576
-0.381017
0.425371
0.0296445
0.490873
0.64587
0.301155
-0.837327
-0.355575
0.0971503
0.529734
1.25274
0.417569
-0.498189
0.833139
0.344831
0.56749
-0.347751
0.382835
-0.232535
0.327064
0.60396
0.561009
-0.738869
-0.476216
-0.652341
0.49253
-0.48961
0.129688
-0.332485
1.16579
0.583907
-0.442814
-0.508211
-0.377674
-0.440725
-1.38966
-1.42666
-0.279073
0.0808197
-0.257219
0.968096
-0.396448
0.26218
0.596459
-0.410117
-0.412815
-0.364507
3.04564
0.307056
0.455752
-0.454371
-1.67253
0.141718
-0.549213
-0.220097
1.33559
0.799871
0.200469
0.921869
1.22284
0.454008
0.0131535
0.359405
-0.355409
1.01352
1.02182
-0.187759
-1.62644
-0.0504173
0.256468
0.788879
0.700686
-0.270289
-0.42196
0.745304
-0.342593
1.5813
0.834159
-0.502341
1.47268
0.912041
-0.267437
0.655037
0.407688
-0.393968
-0.408943
-0.367125
-0.835439
1.56281
-0.347274
-0.380188
1.04084
0.970007
0.0790598
0.518021
-0.578762
0.564333
-0.932216
-0.250556
-0.316395
0.610114
-0.320559
1.18382
0.30059
0.308783
1.09967
-0.712768
-0.346384
-0.307444
-0.419534
-0.210439
-0.330138
-0.179361
-0.57429
-0.278955
-0.426068
-1.67662
-1.69413
-0.369752
0.0314694
0.803631
-0.389287
-0.35274
-1.27921
-0.47773
-0.335625
-0.245238
-0.747937
-0.31254
0.206101
-0.186278
1.48706
1.55351
-0.342844
0.916668
-1.56699
-0.204399
-0.18209
-0.97981
0.690139
0.759907
0.69848
1.01021
0.980355
-1.00124
-0.232638
0.547971
-0.218391
-0.319982
-0.439354
-0.222926
-0.37706
0.047826
-0.235801
-0.198692
-0.535622
-0.253257
-0.820055
-0.852895
0.897788
-0.239694
-0.223092
-0.432639
-0.338456
0.955883
-0.222776
-1.0283
-0.196021
-0.535148
1.60141
0.878566
-0.0149843
-0.192559
-0.56731
-1.39816
-0.278186
-0.511947
0.644128
-0.548284
-0.381268
-0.529837
-0.59683
-0.219849
-0.580296
1.52507
-0.898083
0.425649
-0.349296
-0.712325
-0.171961
-0.240874
-0.275414
3.12741
1.21957
-0.408143
-1.33137
-1.33496
-0.188336
-0.715989
-0.475515
-0.223848
-0.23878
-0.214525
1.35212
1.26684
1.11518
0.790226
-1.05826
0.694525
0.858667
0.937182
0.878432
-2.14443
1.06452
0.876803
-0.310871
0.848929
0.961494
-0.325828
-0.213687
0.00131931
-0.205807
0.925712
-0.180408
1.281
-0.596309
-0.188548
-1.71256
-0.338941
-0.900209
1.13749
1.37958
0.795409
1.04463
-0.355478
-0.214365
-1.29949
1.00092
-0.308607
0.773511
-0.784887
-1.01434
0.675692
-0.459616
0.814295
0.947397
0.0480251
-0.537065
1.27459
-0.372723
-0.375161
1.02452
0.708491
0.688839
-0.528066
-0.632745
1.013
0.761139
1.88609
-1.7004
1.7764
-0.600876
1.0044
-0.6103
-0.196026
0.980451
0.440844
-0.734254
-0.893051
-0.304941
0.0962107
0.617599
0.599573
-2.6558
0.9793
-0.274716
0.680498
-0.387622
-1.46017
-0.33617
-0.302625
0.480176
1.22421
-1.13184
0.963988
-0.591139
0.285752
-0.362677
1.62236
-0.272313
-1.42269
0.159797
-0.464511
-0.522957
0.568817
0.566385
-0.517393
-0.54208
0.537034
-0.285287
-0.768975
-0.270074
1.00979
-0.298913
0.108926
1.24772
-0.44935
-1.30338
0.998463
-0.624915
0.993278
0.976381
0.751729
-0.317553
0.448351
-0.395712
-0.243419
-0.887083
0.377852
1.80808
-0.270365
0.381755
0.424574
-0.311199
-0.278164
0.493908
-0.145495
0.830844
0.411438
-0.665307
1.00891
-0.25301
-0.300168
1.13961
-0.264539
-1.35796
-0.250662
1.85541
-0.386489
-0.941481
0.95896
1.11484
-1.67173
-0.323719
-0.266445
-0.345723
-0.339393
-1.40341
0.360427
-0.303327
0.333742
-0.927608
-0.401251
-0.259931
1.01418
1.2351
0.284464
1.2965
1.11098
-0.0887364
-0.658554
0.967126
-1.15005
0.266435
-0.296399
-1.05525
0.961501
0.604916
-0.261311
0.184095
-0.282893
1.32207
-0.572008
0.143679
0.23781
0.922564
1.06768
-0.167601
-0.592482
-1.50305
-0.369766
2.86918
0.886784
-0.888277
-0.289079
-0.0183452
-0.328027
0.554601
-0.271194
0.879679
-0.208421
-0.291779
-0.24145
0.845808
0.499428
-0.0942623
-0.362995
-0.935967
-0.281166
-0.800971
0.00555039
-0.236873
0.992246
-0.28742
-0.322826
0.937839
-0.0139806
0.127528
-0.248438
-0.264525
-0.859258
-0.256788
-0.301982
-0.228478
-1.09139
0.88809
-0.724121
0.628663
-0.332432
-0.299746
-1.28681
1.01013
-0.310944
-0.777971
-0.022506
-0.234443
-0.267753
-0.2856
-0.349837
-0.284267
-0.254837
-0.246544
1.10674
0.818292
-0.347498
0.475943
-0.324474
0.838082
-0.396664
1.42119
-0.264719
-1.33397
-0.354341
-0.272841
-0.267628
-2.64192
0.684178
0.524435
0.357558
0.718851
0.550923
0.358046
-0.218509
-0.387824
-0.388006
-0.186934
2.51083
2.56887
-0.962819
-0.932181
-0.42445
-1.32795
-0.828332
0.350141
-0.324165
0.803804
-0.605403
-0.585972
-0.457077
-0.284681
0.726332
0.938071
-0.828641
0.80013
0.695616
-0.228293
-0.291241
0.764304
-0.36802
-0.273235
0.240132
0.655238
0.861587
-0.366826
-0.272547
-0.442771
-0.765715
1.22823
-0.280197
0.760615
-0.417652
0.772292
0.717168
1.05438
-0.618853
1.90881
-0.283718
-1.63402
-1.40798
1.12669
0.717642
-0.311752
0.619519
0.672946
0.981039
-0.381365
1.69688
0.820004
-0.391884
-0.414926
0.472411
0.435124
0.510058
0.547758
-1.5527
-0.472864
1.20116
0.25382
-1.05821
-0.63984
-0.370229
-0.407599
0.585653
-0.491209
-0.41748
-0.851141
1.30991
0.471546
-0.438643
-0.685105
-0.337669
0.788609
1.15845
-0.577491
0.629878
-0.227433
-0.231999
-0.224021
-1.21835
0.237614
-0.450356
0.401315
-0.331369
-0.529477
0.768498
-0.257557
-0.429696
0.178338
-0.273866
-2.20715
0.27666
0.583158
0.53825
-0.54578
0.363025
-0.474054
0.32349
0.194864
-0.989122
0.428503
0.331161
0.381689
1.65865
0.491682
-0.858718
-0.471301
-0.136152
-0.0284072
0.129576
-0.261433
0.895983
-0.224829
0.867161
-0.0596974
0.997108
0.28071
-1.25662
0.926397
1.15276
0.980808
1.5383
-0.483275
0.111918
0.00305908
-0.441002
-0.56603
-0.00499415
-2.18346
0.16777
-0.352912
-0.443578
0.062189
-1.07063
-0.903139
0.228529
1.17072
-0.267155
-0.614634
1.20162
1.18902
-0.931933
0.0481458
1.86515
-1.06151
-0.587421
1.18414
1.12468
-0.303289
0.927702
2.6325
-0.509076
-0.327239
1.54694
0.959385
-0.302989
-0.667264
-0.549514
-0.433235
-0.291344
-0.199757
-0.0156803
0.504482
1.48787
1.06422
1.19039
-0.0824894
-0.311265
-0.508339
1.48076
-0.371007
0.933633
0.677828
-1.27556
-0.752933
-0.559451
1.46177
-0.791715
-0.715576
-1.09758
1.0187
0.956462
-0.735383
-0.473467
-0.599222
1.37826
-0.631262
1.58867
-5.01749
-0.471548
0.972606
-0.394199
0.879295
-1.73169
0.885739
-1.08321
-0.287682
0.974694
1.49998
0.316016
0.499087
0.908006
-0.533401
-0.567717
1.02731
-0.296922
0.868033
0.895154
1.0015
0.502505
1.07786
0.948827
0.985438
1.02552
0.847671
0.720122
0.807503
0.918296
0.937897
1.0198
1.30096
0.813618
0.263589
-0.499628
1.08234
-0.588874
-0.267048
1.21602
-0.366426
0.954628
0.790782
0.942272
-0.542268
0.900824
0.681617
-0.646253
-1.20704
0.142612
0.755701
-0.37926
1.21635
-1.36199
-0.420337
0.941607
0.70088
0.72215
-0.259193
-0.734418
0.613546
-0.305867
3.08631
0.633744
0.69043
0.131812
1.42106
0.565359
0.629025
-0.454393
0.520537
-0.1243
0.582448
0.754938
0.605899
0.905511
0.567653
0.992943
1.73417
0.480231
-0.505181
1.20765
-0.54184
0.529029
0.975673
0.636626
-0.492368
-1.61843
-0.259634
1.02782
1.11945
-0.822036
-0.0828084
0.694972
1.04868
0.408512
0.410601
0.938158
-0.888236
-0.70568
0.391304
0.473781
0.733131
-0.842277
-0.0330756
0.932089
-1.00201
-3.77211
-1.19048
-0.463407
0.855272
0.391666
-0.962392
0.340845
-0.678072
-0.679937
-0.700131
-0.0370892
-0.903201
0.93715
0.925886
0.334578
-0.328487
-0.818328
0.585776
1.30523
-1.35233
1.23611
1.26559
1.17131
0.259358
-2.33412
0.948542
0.283407
-0.523212
0.652116
1.03667
0.20704
0.985569
0.142592
-0.66334
-0.973991
0.15772
-0.442912
1.14216
0.146106
-0.251186
0.963396
1.15473
1.54608
0.123382
-1.00016
0.937007
1.17161
1.58895
0.478872
0.0869953
-0.246591
1.16979
-0.251225
-2.20033
1.35129
0.919023
-0.681963
-0.0272706
1.08755
1.2033
1.17556
3.30546
1.00634
-0.658313
-0.0217409
1.03056
-0.0121508
-1.025
1.11735
0.68465
1.06967
-0.451002
-0.922853
-1.44421
-2.08096
-0.045695
1.13016
1.0425
0.356472
3.36686
-0.469511
0.882458
-3.18826
-0.24954
-0.612268
-1.3496
-1.15596
-2.80316
0.289893
1.03519
1.18352
-0.773029
-2.5339
-1.40392
1.00335
-1.25831
-0.324518
-0.251762
-0.87555
-0.309821
-1.10409
-1.57796
-0.655298
0.92838
-1.99834
-0.656779
-0.343506
-0.711224
1.49741
1.16056
-0.486428
-1.65124
0.870989
-0.348346
1.25977
-0.256893
-0.903587
-1.40079
0.956988
-0.832201
-0.311689
1.02355
0.292343
1.12803
0.232865
0.499255
0.0348131
-0.580838
-1.63789
-0.865079
-1.40888
1.00713
1.43
0.504515
-0.554603
1.16925
1.34676
-0.284391
-1.95041
-0.649494
1.53182
0.028225
1.28128
0.735935
-0.202596
0.889148
0.943748
0.865436
1.27793
0.948438
0.978003
1.06496
0.468986
0.792754
-0.705186
0.826923
-1.01722
-0.25091
1.22999
0.789875
0.679626
1.44534
-0.365386
-0.515018
0.0424946
1.0586
-0.979737
-0.0851849
-2.08044
1.03252
1.12979
0.911332
0.678515
-1.27605
-0.435196
0.884315
-1.19922
-0.163873
1.05389
-0.507099
-0.164652
0.720421
0.590152
-1.92585
0.893983
1.09248
0.944722
0.421025
1.06121
1.12072
0.794464
0.685973
0.142758
-1.04159
1.21351
0.0628822
1.42868
-2.05683
1.15598
-1.087
-1.11562
-0.602133
0.377979
1.75543
0.63176
0.514142
0.772048
-0.754531
-0.454957
2.65372
2.46078
-1.03331
-0.287139
-0.114384
-0.86061
0.291263
1.63499
0.461698
2.06126
0.612902
0.791851
1.20853
1.16863
0.577935
0.70698
0.841516
1.52953
-1.77296
-2.25477
1.11902
1.13138
0.562873
-0.243339
1.39463
1.14129
-0.47896
1.29574
0.78892
1.45976
1.50643
0.490346
-0.961551
0.584008
-0.179806
0.823662
0.901188
0.579127
1.23585
1.88215
0.714661
-0.795268
-0.781496
0.717098
0.633891
0.46033
1.64899
-0.795198
0.927176
0.87432
0.730657
0.413887
-1.20564
-0.254656
-1.11747
0.736565
-0.712116
-1.55714
-0.604985
0.390105
1.40862
1.29812
0.811736
0.747447
0.712993
-0.249954
0.927789
-0.484119
0.31099
-1.04644
0.614122
0.504838
0.864693
-1.90375
1.00915
0.650825
0.972592
2.70596
-0.516825
2.42672
0.229209
1.99393
1.56762
1.1412
0.915836
0.434265
-2.06301
-0.864068
0.876884
0.434414
-2.01814
1.17608
0.66821
0.281626
0.9503
0.87526
0.775081
0.718643
1.14897
0.885568
1.00916
0.918133
1.16072
-0.203332
-1.76377
0.976268
1.66775
-1.82948
1.2875
0.834051
0.915981
0.895285
0.766463
0.876685
1.13717
-0.212626
0.381552
-1.5954
-0.314131
0.927663
-1.7263
0.917487
-0.368327
0.237757
0.913635
0.975941
-1.04029
1.0063
0.807816
3.07819
-1.16353
-0.349276
1.08803
-0.991489
-0.652913
0.120474
0.93486
-0.699491
0.371488
2.57155
-0.23006
-0.292038
0.284253
1.18081
-0.269682
0.318265
-0.713695
1.01723
1.56291
0.999791
0.175261
0.745161
-1.52015
-0.721642
-0.384072
0.702134
0.93597
0.00435002
0.742708
-4.2168
-0.28108
0.893887
-1.0023
0.174758
-0.459271
1.45351
0.729417
-0.251138
0.595281
0.331493
-1.43456
-0.096076
0.701534
-0.466427
-1.59568
-0.255234
0.610351
0.542711
-0.198494
-0.390984
0.669221
0.644631
-0.764952
0.91349
1.49886
0.585945
-0.397929
0.663912
-1.91108
0.511105
-0.2467
0.443847
-0.32926
0.0212539
-0.35795
-0.544171
-0.828119
1.12587
-0.499487
0.832488
0.830079
-1.64962
-0.795518
1.04222
1.09042
-1.79957
-1.96543
-0.0486525
1.03443
0.453243
-0.0572678
2.02709
-0.879026
0.409834
1.73159
0.926194
0.908946
-0.330886
-1.67536
0.751714
0.97391
0.444356
1.11928
-0.607499
-0.784391
-0.231557
0.663471
-1.96816
0.351014
0.153262
-2.02762
0.351538
-0.255376
-0.183824
0.954444
0.322964
-0.376097
-0.331439
1.13949
0.937828
-0.185403
-1.60748
-0.492825
0.953529
0.888064
0.502023
1.33087
0.879957
0.857146
-0.316554
0.765928
1.18677
2.68261
0.228118
-0.757196
0.244307
1.70403
-1.49738
1.29299
0.750181
0.104292
-1.6973
-1.204
0.241535
-0.334789
1.26059
-0.0521247
1.85728
0.954224
0.699869
0.292485
-1.72097
-2.2614
1.14462
-1.68284
-0.695845
-1.29737
-0.429514
-3.4743
-0.308997
0.617058
0.915329
1.1423
0.915237
-1.48519
0.760877
1.68262
0.823787
-1.21989
-0.357117
-0.129817
1.07892
0.829536
-1.58183
-0.913217
-0.407706
-2.22563
-2.41569
1.08002
-0.0118772
0.743546
-0.432112
-0.416192
-0.075868
-0.0142174
0.983079
-2.14589
1.10025
0.569894
0.649771
-0.334755
-0.819312
0.842876
-0.288512
1.07253
1.02003
-1.37162
0.429078
1.84431
1.09758
1.38944
1.41472
0.834524
1.33184
1.06823
-0.378218
1.23532
-0.848504
0.804535
1.09752
0.471078
0.663749
-3.01167
0.586218
0.11817
0.493271
1.09843
0.0272208
1.94228
-0.428267
-2.66389
0.0974715
-2.04482
-1.88348
-0.804225
1.34981
0.578443
1.15618
-0.653779
0.0388774
-0.944808
-0.451465
-1.2857
0.335986
0.379134
0.306387
0.8486
-1.91443
0.314953
0.874626
0.444682
1.1458
-1.50165
-1.32726
0.256111
2.0484
0.599431
-0.400431
0.928588
0.765593
-0.235667
0.676753
0.836181
-1.34325
-0.288583
-0.637966
1.06547
1.20932
0.401537
-0.428776
0.932407
1.12664
-0.390058
2.70842
-1.97959
-1.75013
1.99608
0.745731
-0.526709
-1.6877
0.332754
0.868284
0.769867
0.721408
0.423165
1.37493
0.46696
0.0606413
0.680431
-1.74881
1.38729
-0.426789
0.490985
-0.781559
0.655928
0.759671
0.82556
-0.333413
0.701644
1.1161
1.11194
2.04909
1.06091
0.0193538
0.713626
0.584908
0.882162
0.709709
0.889961
-0.192873
0.62241
-1.3425
0.387234
-1.52483
-1.4701
0.971979
0.581623
0.515493
0.128568
-0.326059
-1.93504
0.54812
-0.117711
-0.247382
0.856764
0.680009
0.810346
-1.7205
0.613432
-1.47338
0.602489
0.913779
2.18278
-0.48214
0.987239
1.04534
-3.06612
0.181741
0.881219
1.45811
-0.226993
1.01899
0.893846
-0.701594
0.955763
-0.3338
2.34799
1.45768
1.85018
-0.460226
0.230927
-1.47689
1.2306
0.33584
0.408038
0.632131
1.25977
1.22458
-1.82757
0.312148
1.58976
1.12812
2.1529
-1.42721
0.423063
0.749733
0.770836
-0.57775
0.440394
-0.627417
0.487265
-0.256751
1.94042
2.0476
-1.33519
-1.72021
0.960303
-1.92739
-0.627289
0.452742
-0.121802
0.736599
-1.27106
0.595611
-1.18824
1.53597
1.27168
-1.31515
1.34634
-1.99967
-2.00818
0.450026
1.49823
1.02037
0.839118
-0.921072
1.40891
0.688713
0.291045
0.459196
0.72697
-0.518401
0.523907
1.37042
-1.91509
1.22707
1.07368
0.230385
0.598259
-0.788222
2.06171
4.72753
0.648363
0.397467
0.111816
0.456796
-0.299427
1.55521
-0.290334
0.355766
0.0175269
0.2726
-1.10004
-2.24403
3.57621
0.843494
3.67178
0.311545
-0.290417
-3.34972
-0.547401
3.42733
-0.0875012
-0.252573
-0.851312
0.225383
-0.246311
1.00406
-0.547641
-0.328698
-0.778812
-1.00309
0.34719
-0.255306
2.64021
0.731454
-1.14694
0.961475
-0.10875
-0.398934
0.492805
0.575966
0.299436
0.652842
-0.175257
1.02553
0.1204
-1.20726
-0.921622
2.53459
3.04238
0.055649
2.73876
0.797493
0.873396
0.41747
-0.690356
2.96663
3.33728
3.16668
2.8162
-0.625626
-0.446506
1.23761
1.18508
-0.0328445
1.30021
-0.85476
-1.51969
-1.31453
0.198342
1.87883
1.72664
-1.07108
2.03854
2.15395
2.09028
2.88098
1.45218
1.81507
1.61143
1.52737
3.23623
2.30491
1.66403
1.38849
1.10115
3.10908
2.24239
1.95411
2.60024
-1.36543
1.22032
-1.70881
0.846875
-0.289506
1.77347
1.8375
1.12797
-0.733295
-1.82611
-0.0659163
1.99078
0.556556
1.04364
-0.662778
2.19243
-0.420107
0.531627
-0.044394
0.512785
1.32128
-0.411044
1.05212
-0.466938
-1.20595
0.18211
0.71726
0.105641
0.646176
1.64215
0.536475
-0.293375
0.145049
-0.783167
1.147
0.511338
0.95401
-0.506697
0.427931
0.90534
0.823075
0.75716
0.348512
0.917815
0.454094
-1.78129
-0.908944
0.558317
0.928384
1.41186
1.53977
-1.11583
1.07398
0.575427
-0.241515
0.62812
2.22016
0.437871
0.0644256
1.28241
2.24065
-0.362603
0.954769
-1.90777
0.906361
-0.44118
1.84051
0.238982
-1.55226
-0.186403
2.4478
-0.32935
1.59135
0.702397
-2.09408
0.542429
-0.552679
-0.0227547
0.0321204
0.392414
1.5471
3.40882
1.09078
3.13296
2.00403
1.07078
-0.118134
-1.95899
2.42199
0.0934868
-0.420197
-1.88712
1.68022
0.596794
1.58978
1.15184
-0.23181
3.18098
0.41712
0.659435
1.15533
-0.260136
-0.392476
0.340576
1.1033
-0.260702
-0.265526
-0.0437969
-2.2542
1.06046
-0.327537
0.712074
-1.9389
-0.00594753
-0.243775
0.298438
-0.320871
0.855691
1.26589
-0.0501336
-0.796057
2.12065
1.69236
-1.29034
0.0897087
-0.366224
1.12409
-0.0870125
-0.954087
-1.89225
-0.297281
0.6858
-0.34379
-0.406057
-1.99136
0.770776
0.59006
1.22149
0.433718
0.0350614
0.897537
-2.03159
-0.615425
0.38482
0.666593
-1.9261
0.668394
0.192616
0.952402
-0.305837
0.54096
0.666101
-0.604943
1.94493
0.774126
0.9624
3.41399
-0.407795
0.27237
-0.46136
-0.181551
-0.568133
1.37548
0.753333
-0.189651
-1.94377
-0.0432571
0.884087
-0.0477564
-0.843672
-1.49142
0.360505
0.638259
0.160934
0.824774
0.8437
0.364257
0.274129
-1.42297
-2.70947
0.691304
-1.20089
-1.4731
0.34584
1.38195
1.05257
0.201265
0.480735
2.4571
1.14152
-0.235631
-1.99068
1.77418
0.761771
3.67969
-0.243191
0.206799
0.404419
-1.87695
0.39881
-1.63197
1.26588
1.73401
0.975698
0.0525642
1.29642
0.00297099
0.63546
-1.14835
-0.310672
0.820459
-1.07123
-0.0148981
0.852798
-1.95258
0.154679
-1.95909
1.84748
0.915475
0.139968
0.0211663
0.511646
-0.12609
0.720122
0.290135
0.196709
-3.03086
0.69949
-2.834
-0.184402
-0.105572
0.873778
0.257964
-0.0152603
-1.22206
-0.315485
-0.235968
-0.315256
-0.754947
1.84761
1.02376
-0.203188
-0.344673
-0.953886
1.87867
0.120369
-1.76241
0.62744
-1.9173
-0.236127
0.217701
-0.958893
-1.22934
0.691309
1.31486
0.595557
0.294242
0.270884
0.253794
0.453374
0.0307307
-0.0792892
-0.146327
0.835104
0.529929
-1.90547
0.0518452
-0.523318
1.33286
0.238078
0.923441
-1.10913
-0.917356
-1.83203
0.376648
-1.39068
0.828291
0.437063
2.45642
2.1705
0.600365
-1.16147
0.935604
0.782322
0.380399
-0.336839
-0.204215
-0.170461
-0.107408
-1.99682
0.871379
-1.74513
0.700254
0.908477
1.23563
-0.263571
-0.727964
1.14494
0.88923
0.75178
-0.230052
-0.444077
0.517992
0.435963
-1.16815
-0.0920002
-0.427492
0.75267
0.594267
0.31244
-0.713296
-1.95745
0.365277
1.22665
-3.02921
1.90996
-0.203938
0.672006
0.77732
0.911436
0.104511
-1.80931
2.33427
-0.285927
-1.78457
1.08705
-1.11961
0.603504
0.297301
-0.114316
-0.36749
0.68743
-1.32848
-0.281647
0.858384
4.29635
0.934997
0.836426
0.247137
0.663699
1.06582
-1.32345
1.05187
-1.52343
-1.536
0.925669
0.310587
-0.864419
0.546106
0.985124
0.954538
0.395896
0.967013
2.43669
-1.52502
-0.591756
0.592016
-0.572024
-0.27465
-1.10223
1.85149
3.96957
0.249253
-0.303801
1.25657
-0.196193
-0.521906
-1.79603
0.075297
-0.541693
3.53886
0.0398148
2.21339
-0.515958
-0.650959
-0.32255
3.37942
-0.379155
0.366954
-0.198566
-0.558571
-0.303589
-0.538289
-0.945167
0.746951
0.601186
-0.763869
-0.776672
0.875323
0.708698
0.549218
-1.10894
0.346168
0.987402
-0.399785
2.96487
2.74942
0.443049
-0.15931
1.0912
2.73069
-0.017832
-0.0307031
-1.29114
-0.664548
-1.0547
0.207716
0.888362
0.187406
0.0814532
-1.17579
3.2614
2.59368
3.17843
2.85505
1.20616
2.96485
1.31304
-0.905334
3.07066
1.30322
1.94422
3.18566
1.5175
2.1655
1.72971
1.73944
2.05971
2.58377
1.84038
1.11046
1.53677
1.63254
2.15732
2.26791
1.41379
1.96349
-1.29903
0.945572
1.05032
1.39058
-0.49239
1.22455
0.751668
0.34415
0.240164
1.39032
1.21903
3.62419
-0.738895
-0.132605
-0.0792219
-0.0458033
-1.06828
-1.89433
0.698441
1.34077
0.304719
2.16199
1.26512
0.663714
-0.0928212
0.0241081
3.07642
0.954298
1.10681
0.802106
-0.360838
0.884684
0.32884
0.954821
-1.44502
-1.44102
-0.401769
0.439112
0.500268
1.42571
-0.276953
2.00344
-1.70675
0.435507
0.805086
0.817406
0.0864059
2.36354
-2.31507
0.793546
1.09085
2.47205
0.491733
-1.77275
1.21264
0.920013
-1.09885
1.15407
0.975752
-1.91383
0.914192
0.141616
0.55379
-0.000106479
-0.432562
-1.88642
-1.7313
0.796331
-0.175744
0.792735
-1.77168
-0.0302977
-0.303637
0.103016
0.385821
-0.949029
2.59476
-0.36878
-0.201914
0.378127
0.551187
0.704686
0.802847
-0.870005
0.280059
0.859481
0.893885
-1.09661
0.398703
-0.166254
-1.31231
0.96302
1.07507
0.378032
0.407717
0.592382
0.929116
0.83799
-2.89263
0.800948
-0.628214
0.765696
0.669474
2.67828
-0.0897391
-0.0414812
-1.94959
-1.42649
0.731338
0.788029
0.237885
-1.10061
-0.0295345
-0.101445
-0.112441
1.06545
-0.231978
-1.85497
0.20416
0.564332
0.874195
-1.88173
1.83638
-0.468362
0.446675
-1.13148
0.611294
1.52692
0.333442
-1.47739
0.696417
-0.0797771
2.41016
0.323355
0.838999
-0.352919
0.337318
-1.65141
0.758756
1.39343
-0.332333
-1.845
-1.9247
-2.84454
-1.77056
0.700942
0.012455
0.554672
-1.09585
0.919701
3.39926
-1.88396
1.00689
3.00001
0.469466
0.580563
0.826033
-1.90111
0.632639
3.49576
0.844119
0.589172
1.36349
0.63369
3.55535
0.299114
-0.868588
0.360233
2.36269
0.781243
1.34045
0.626691
0.79455
1.01203
-1.44242
0.62585
-1.40118
)
;

boundaryField
{
    frontAndBack
    {
        type            empty;
    }
    bottom
    {
        type            zeroGradient;
    }
    inlet
    {
        type            zeroGradient;
    }
    top
    {
        type            zeroGradient;
    }
    outlet
    {
        type            fixedValue;
        value           uniform 0;
    }
    car
    {
        type            zeroGradient;
    }
}


// ************************************************************************* //
