/*--------------------------------*- C++ -*----------------------------------*\
  =========                 |
  \\      /  F ield         | OpenFOAM: The Open Source CFD Toolbox
   \\    /   O peration     | Website:  https://openfoam.org
    \\  /    A nd           | Version:  7
     \\/     M anipulation  |
\*---------------------------------------------------------------------------*/
FoamFile
{
    version     2.0;
    format      ascii;
    class       labelList;
    note        "nPoints:8204  nCells:7807  nFaces:27523  nInternalFaces:11512";
    location    "constant/polyMesh";
    object      neighbour;
}
// * * * * * * * * * * * * * * * * * * * * * * * * * * * * * * * * * * * * * //


11512
(
16
25
1830
173
184
649
76
657
6548
110
180
3681
26
2702
3756
10
267
2597
37
183
1963
57
235
507
66
543
1754
14
627
3260
2126
3268
63
482
1158
80
157
1187
62
1128
2202
1060
1281
41
2343
2906
3373
3722
74
221
1238
56
258
2927
49
1762
3057
77
2877
3241
46
672
1367
32
446
1563
161
306
1731
72
755
1311
1748
3928
1374
3434
51
207
667
90
559
1630
36
258
1141
65
129
3742
249
432
3717
3362
3664
59
548
1278
182
239
54
150
622
675
2846
255
408
40
47
3699
237
324
2203
1219
1232
212
1543
122
439
3338
297
336
346
209
288
70
607
3055
1545
1784
69
2577
159
242
1910
1096
3214
292
313
2705
1128
3284
87
1246
1396
97
476
2591
1851
2787
107
383
823
127
1858
1759
3983
284
360
3229
1940
3336
210
595
2341
256
477
3118
2490
2613
2380
2921
128
424
1815
695
3281
537
557
170
199
1826
153
506
1415
265
1115
242
1957
96
2344
2867
436
615
119
143
570
499
566
142
377
1950
3049
3134
2723
3616
101
131
3551
248
1809
2409
530
534
510
527
948
154
378
2502
134
294
1072
98
276
781
351
437
2439
235
411
1150
392
717
133
232
1116
247
405
1857
415
1622
104
151
1252
178
270
1356
160
397
784
102
269
418
305
570
848
191
494
639
887
792
3521
359
413
3958
222
463
1489
333
3095
193
1076
137
613
176
440
114
1732
3653
144
1648
3632
411
507
112
435
113
503
957
135
2257
205
597
2128
1198
1641
500
2963
801
1156
172
1583
3565
204
1472
1915
229
231
2671
186
1070
3077
296
752
124
1746
3924
149
617
869
552
3243
228
2897
3642
222
1699
312
478
1163
215
817
1073
236
397
413
2853
197
2621
316
526
3035
250
1332
213
271
1459
478
2702
654
752
201
2725
257
515
567
1301
1721
174
1527
3731
189
536
3038
143
483
848
218
419
2262
2159
3817
1190
3490
4230
188
348
768
415
1653
3404
428
1091
3335
175
2635
3387
510
2625
261
1971
346
1440
293
792
1610
431
1191
640
3639
234
255
505
268
3249
3988
291
1755
167
226
2425
181
1034
1858
3282
2145
3870
190
480
1051
168
1537
3177
269
394
1146
166
3401
3546
837
1796
340
4193
304
4058
350
990
2498
598
4006
368
1556
3074
264
1546
3897
3932
3552
4241
2287
3915
283
739
192
519
664
320
1450
285
472
1459
3517
3883
322
1957
388
1850
2852
3545
395
3192
427
487
3868
793
1972
296
403
1190
198
373
3441
3835
3224
4117
214
3267
1080
1868
382
1129
355
554
444
457
631
220
1092
2513
215
2084
253
1046
280
4068
259
1369
1458
208
490
375
1868
3885
234
408
1573
744
954
773
1212
443
453
883
261
1136
529
3130
469
1886
959
3842
361
769
1521
363
1533
976
2947
568
1660
2468
217
1592
4005
234
1317
3143
3633
343
2148
4132
637
1097
3892
4189
2990
282
2531
3652
407
643
902
379
1726
3207
520
553
402
2020
2097
329
2587
466
984
265
2923
3665
2978
3188
244
2459
493
3602
3987
1863
409
1141
1964
3739
479
525
666
607
1832
575
1517
2151
339
1631
3485
3609
276
1263
1688
681
978
334
425
1911
480
1818
2525
2534
4116
818
3606
4074
4083
3513
3813
520
594
922
267
3165
3644
1645
3787
278
977
1402
633
313
2374
4096
4167
2462
3163
3300
489
807
824
1969
289
354
2334
469
549
1802
289
2061
4130
295
487
1406
1629
2159
2683
1007
973
3588
1218
2932
412
2272
3728
652
956
2610
330
2989
3256
682
1501
3801
3022
380
870
4124
2801
3840
328
3495
4148
986
2922
455
2429
3222
3215
3616
367
1487
428
2796
780
802
390
632
2073
337
2237
1864
3939
2382
429
3068
3078
396
956
2454
2921
347
1491
296
1498
547
773
754
929
310
3218
3352
300
740
3030
4118
4250
389
606
1062
367
440
491
358
2640
2664
309
3258
904
2872
1984
2854
378
3042
3550
452
737
4070
429
2767
767
2331
426
442
1030
1787
2954
2418
672
1053
3235
512
2994
4001
3701
4180
414
969
4210
344
2218
2432
395
3345
3408
546
1478
409
434
1959
1614
3165
604
1951
3227
1605
2346
362
475
882
491
1181
3158
687
1251
3299
362
1130
542
2663
3734
4081
438
2963
3791
497
1183
3330
471
702
628
1254
565
2988
3104
501
3415
1822
3458
369
1269
2527
2086
3618
922
3602
501
1188
1457
500
918
3026
594
4034
2962
3698
651
680
720
2033
449
781
679
873
706
841
3864
857
3991
832
1789
404
1732
3891
516
537
724
474
3202
1686
2828
418
3908
4160
495
2416
2910
999
3489
1092
1228
1468
3580
1648
3925
665
2299
3318
553
1064
1909
617
837
1241
421
1237
1332
877
1760
2905
2948
3429
778
3390
3773
386
1036
4189
376
532
579
417
592
460
582
774
707
3273
972
1224
692
2683
3716
2758
3531
972
2438
667
889
1136
853
997
561
1480
504
607
3609
588
639
850
2253
3671
447
3163
3980
416
504
1353
3066
983
3001
470
1038
1201
473
1412
523
3562
3621
405
3908
3629
1256
4240
1758
644
2758
4089
458
1789
3812
502
955
1567
557
724
1253
3449
3793
753
1245
984
3188
2926
659
789
2392
772
3462
531
1152
423
3997
4238
1872
527
4183
2933
3569
4027
1500
1356
1674
3641
4176
3138
950
2027
474
1710
3572
725
782
629
899
1016
1527
2948
964
2989
1338
2369
584
713
868
3296
2710
3890
982
1645
2099
521
3037
2148
3882
762
892
1239
991
1204
895
2585
538
1300
1109
3272
605
3798
3414
4147
812
531
1192
3085
628
1979
946
2093
3273
4212
567
869
1348
2202
3426
1578
4234
490
1550
3711
805
1240
577
660
1569
518
3416
3841
2828
4186
1844
2724
711
1275
3151
2068
2201
461
1158
1235
555
696
2432
3751
502
580
1751
772
1421
600
3402
528
3246
3305
673
1557
536
585
2215
671
3107
3936
690
2734
468
3451
4097
2043
2864
509
512
2349
1345
3630
684
1218
809
934
900
944
953
3168
3245
2700
3471
1768
616
761
3952
602
1944
3702
600
641
1133
3903
612
716
1001
650
2405
3054
496
989
4206
3625
1017
2381
3669
980
1008
3681
2515
530
608
1006
2855
4229
514
1720
3775
4065
570
910
1508
1515
590
1133
1835
630
1222
2421
3248
2194
659
903
1392
599
4005
1714
3911
2053
933
1104
4039
1283
1621
1348
532
544
2644
3686
569
3110
3839
2291
3266
1131
861
1923
626
721
4014
2836
3208
707
825
3114
1211
3512
638
713
1979
545
3524
549
816
1283
569
828
812
1252
3971
1638
3610
2481
3867
1256
2267
661
566
655
1013
733
1171
828
1714
3894
3010
2282
771
931
585
1631
3478
757
760
2073
926
966
1571
3547
3779
3240
4061
1224
1455
578
3975
700
1497
709
885
976
1200
1654
609
675
2220
555
572
1288
764
1421
3998
2062
3069
676
592
768
785
2315
787
1417
1877
2680
4128
571
572
1808
1139
1347
564
581
1030
959
1135
2250
571
1823
2724
3604
1217
796
3322
3700
2519
1042
677
809
1023
753
788
1084
750
2910
689
857
1159
2778
3782
3340
3359
705
2438
2639
3543
584
2321
704
764
820
3508
3966
854
2376
1064
2425
4207
651
715
1173
842
890
864
906
954
1069
2836
608
623
1004
1257
736
759
1390
3871
3354
3940
680
1173
1739
1406
4209
642
1987
3030
3276
3844
642
758
3157
874
1524
826
2174
3021
2046
2426
957
3135
651
1405
733
3548
3624
863
3242
4033
1760
1956
2264
993
1727
2078
2605
648
2543
4159
621
1180
646
1714
645
3529
3895
646
658
1080
1524
3044
3277
771
1029
627
701
747
1260
676
838
4124
647
931
1054
2678
3933
1094
1031
862
947
655
1058
707
776
1762
3573
3545
3774
636
683
1194
870
1242
3064
655
1005
1429
1477
1360
2001
2742
763
3141
743
1367
3210
3661
3946
916
3534
3020
3329
1415
728
1127
3133
3792
2173
4090
2201
2698
1670
1755
983
2138
3287
855
2331
712
1603
1684
3545
4184
664
1408
918
663
1516
1321
3637
1197
1854
2445
1205
1236
905
887
3147
742
3534
2221
716
942
1296
762
962
1765
896
1407
2390
1647
4115
2538
851
1337
955
2181
2289
1719
4212
878
1068
777
853
1027
756
1124
2528
945
1202
722
4230
1058
1082
1105
1434
2655
3489
913
1019
2864
2354
2600
780
937
1177
1025
1221
786
1743
702
725
1382
741
1882
1229
2226
3384
1170
1622
1772
749
2861
1042
1112
1210
1474
3269
1210
1475
3230
767
855
1107
1277
1323
1215
1476
1332
806
1609
2037
719
1244
1321
1336
2700
3454
734
2882
2902
785
3625
804
994
1172
2964
3688
912
2178
925
879
1830
1929
1043
1248
3622
799
1151
719
775
2403
1355
3066
3961
751
1675
3490
819
2037
3914
1671
924
794
1219
1663
1604
3675
771
1024
731
2972
3446
756
835
2164
3070
3326
1123
1430
3278
1199
3170
3621
784
1331
2747
3577
3933
1600
3067
1463
2042
4011
843
1440
2644
3799
1399
1678
1114
1119
800
1144
839
1239
982
1046
1126
971
3100
3752
1110
1199
1441
1712
2496
2046
3274
1465
2303
1055
1771
989
1498
871
1188
3744
4039
1542
844
3573
923
3213
1040
1642
840
1494
1080
1119
3757
2531
3873
917
969
1224
3893
824
1271
3364
2891
845
3612
858
1471
3542
2381
894
876
1407
906
2508
1112
1264
831
1370
3401
3760
791
1568
3656
1432
2712
1066
1328
3083
3491
1917
860
801
893
1839
3061
1088
1098
1001
1322
1113
3093
3408
1346
1525
3344
1403
3672
1090
2546
866
3061
3171
2532
3113
838
1288
1336
835
850
1174
934
1050
884
1545
984
1011
1231
927
1203
1477
1226
1290
872
1520
1191
1211
2367
4057
899
1130
2360
1364
930
1680
1794
813
896
985
1181
2327
2455
1048
2579
3747
1165
1176
3605
1205
1312
1646
2350
886
2761
1211
1223
2999
3692
1602
1688
2520
897
3164
3643
1324
1559
909
1264
1437
3576
3718
1047
2928
3240
3766
1223
1273
1487
1012
1788
3432
997
1175
1143
3812
1149
2025
3099
977
1565
1684
2742
928
2253
4093
2438
864
1003
1207
1225
1266
3656
882
887
1273
1282
1207
1220
1124
1255
2399
3076
3599
929
1282
1315
3301
1096
1220
1249
901
1162
1436
1259
1279
3509
1325
1752
2309
1140
1584
1640
2640
3809
1268
1335
973
1621
1880
1255
1310
960
1998
940
2302
2890
4147
2102
960
1227
2117
3520
3805
1216
1354
2493
919
3502
3086
1315
1398
1270
2308
981
1046
1122
1492
911
936
3701
1244
1342
3914
4214
934
1039
1242
2306
882
1262
1320
1272
2144
2805
1377
2455
1503
1523
1310
1352
2025
2974
908
1165
1296
3631
3662
1320
1357
1468
1506
1652
1472
3704
920
1763
1352
1366
1711
1342
1120
1132
1212
1366
1394
907
1611
2451
1357
1387
1421
3414
1001
1781
910
2995
1437
2134
1394
1230
1284
2452
3658
1330
1373
3878
1268
1463
1065
1565
961
1102
920
971
1731
1470
1593
2700
1114
1726
1355
1469
2406
1406
4237
1156
1078
2708
3652
2855
3522
3993
1637
1716
1752
1846
1100
1568
1276
1878
1104
2441
1440
2375
3749
1305
950
1225
2038
3254
3396
1600
2213
4087
1252
2033
968
1011
1083
3137
4081
1286
2187
967
2220
974
3911
4024
1788
3658
1145
1376
1984
1262
1855
1349
1887
970
1471
1284
1378
2999
3679
992
3150
4140
1494
968
995
1635
1172
1333
3094
1130
1230
2403
3217
2326
1749
1189
2962
2971
2266
1671
1309
1416
1457
1955
991
1015
1719
1318
3734
1385
1397
3815
3003
4223
1378
1385
1291
3730
1335
2166
2145
3444
4175
1191
4196
1345
1382
3693
2961
2792
1632
1812
1398
2169
3355
1330
1985
1542
1764
3319
2642
1377
2108
3363
3677
1068
1099
1305
1594
1735
3274
2503
3138
3370
1141
1611
2909
1296
1297
2346
2769
1299
2199
1073
2217
2424
1148
1088
1089
1364
1295
2789
1127
1168
1247
1435
1765
2165
1426
2183
1150
1166
1171
1193
1150
1153
1129
1293
1174
1387
1153
1154
1256
1075
1277
1359
1299
3622
3659
1171
1187
1129
1148
1888
1397
1495
1275
3900
3462
3614
1193
1194
1243
1106
2975
1187
1217
2876
1431
1580
3706
1395
1795
3346
1089
1456
1222
1247
1137
1325
1530
2554
2809
1137
1155
1217
3448
3892
1222
1238
1254
1819
3179
1390
1460
2127
2625
3679
4139
1540
1562
1561
1566
2632
1180
1238
1166
1260
1292
1502
2353
1300
1305
3587
4049
1115
1232
1566
1650
1167
1389
1163
1167
1941
1271
1373
1675
2067
3840
3557
4203
1146
1293
1306
1300
1311
1505
1595
1306
1759
3484
3615
3844
1099
1518
1484
2182
1209
1475
1563
1208
1474
1571
1247
1081
1087
1498
1216
1476
1163
1182
1401
1179
1203
1179
1195
1353
3033
1485
2185
2080
2578
1151
1311
1314
1828
1138
3416
2532
4010
1160
1190
1383
1081
1140
2743
1148
1326
1380
1085
1687
1159
1325
1314
3396
3795
1164
2295
1551
1649
3765
1879
1168
1597
1596
3538
1087
1391
1323
1466
2697
2864
3726
1691
1742
2501
1232
1666
3725
3970
3028
1107
1575
1665
1851
3119
1098
1364
1412
3573
1228
1261
1245
2619
1208
1525
1155
1370
1409
1451
2043
1353
3751
3846
3744
1231
1448
1416
1690
1372
1160
1396
1412
1365
1541
1243
1657
1409
1420
1739
2879
2835
2977
2773
3648
1202
1374
1261
1486
1579
1173
1389
1420
3378
1308
1351
1292
1559
1701
1265
1585
1508
2609
1519
1182
1442
1522
1764
1889
1881
3051
1604
1897
1287
1371
1383
1287
1351
1479
1933
3848
2787
1799
1383
1396
1324
1717
1734
1278
1285
1432
1541
4179
1423
2380
1500
1622
1857
1203
1405
1539
1493
2485
1368
1758
1883
1863
1862
3863
2506
3100
1206
1233
2075
1504
3138
1245
1922
2301
3406
1233
1536
1213
3215
1703
1872
1787
2654
1870
3131
3953
1376
3902
1361
1380
1761
1258
2270
1285
1344
1889
1906
3319
2280
2679
3059
1768
3278
4161
1261
1429
1570
2265
3508
3582
1797
2216
2323
3355
3178
3533
1963
3828
1199
1961
1834
2218
1231
1481
1555
2966
3180
2745
3366
1432
1459
2134
2322
1294
1495
2024
1298
1289
2256
2598
3426
2508
2224
3437
1969
3284
1971
4028
2303
3898
1365
1511
3325
3627
1333
1623
1750
1790
1815
1871
3430
2395
1708
1607
1694
2174
3834
3996
1340
1467
3112
3813
3554
1401
1442
2625
3921
1748
2672
1715
2235
3416
1405
1509
3338
3778
1257
3641
3868
2696
4073
1706
1865
2519
2606
3625
1379
3918
1278
1547
2017
2510
1339
2712
3331
1723
1725
1346
1593
1362
1633
1964
2651
1527
2016
1442
1613
3570
1510
1546
2703
1382
1637
3472
2360
1429
1628
1483
1333
1587
1319
1902
2522
2493
3451
3212
1433
4007
1774
1806
1980
1319
1757
1575
1616
1362
1617
1344
1603
2402
1452
1448
1481
1301
3189
1703
2337
1433
1438
1555
3186
2225
2245
3981
1434
1866
3434
1337
1536
1574
2053
1479
1574
1697
2045
3721
1740
1773
3154
1516
1938
1337
1489
1697
4039
2675
1408
1415
3037
3048
3581
1486
3244
1697
2197
3372
1727
2407
1513
2070
1347
2077
1414
1658
1903
1716
2556
1443
1926
2410
2535
1758
1970
1400
1558
1627
3431
3584
1819
3713
1602
1615
1438
1528
1608
1641
1718
2676
1422
1664
1704
2158
4136
1888
4183
1481
1624
1856
2420
2641
2458
2659
1451
1841
1497
3087
1402
1558
1565
1499
1531
1874
3271
2164
2367
2346
1447
1526
1589
3809
3204
3844
2235
3795
1578
1997
2119
1902
2086
1734
2168
1771
1866
1846
2001
2900
1806
2674
3525
2286
2587
2457
1427
1676
2752
1528
1564
1747
2417
1428
1447
1699
2581
1506
1876
3580
1554
2678
1742
1780
1497
1513
1499
1507
1549
2669
2908
4149
2794
3172
1950
2069
1807
2067
1491
2067
2068
2157
1535
1552
3224
2381
2858
2693
1496
1626
2454
2468
2621
3155
1483
1531
1564
1668
1419
2844
3995
1513
1529
3609
1427
1859
2121
1685
1503
1626
1553
2469
2596
1730
2215
3835
2681
3554
2320
1538
3924
1776
2617
1493
2103
1880
4028
1955
2719
1482
1589
2847
1453
1700
3156
3857
3377
3497
1444
1937
1510
1786
1505
1805
2133
1598
1712
2120
3912
1866
1585
1586
3969
1453
1880
1740
1480
1888
1747
1507
1693
1790
3730
3799
1828
1904
3874
1890
3423
1642
2615
1531
1549
1923
1776
3446
3845
3542
1523
1649
3479
1663
2499
1529
1707
1569
1754
3488
2754
3243
2374
2724
3418
1535
1673
3433
2280
1483
1747
3468
2053
1708
1737
2637
2678
1558
1689
1815
3914
1537
1618
2767
2522
3033
3085
3333
1941
1599
3535
2974
3851
2412
2418
1861
2854
3491
1692
3686
1679
2212
1818
2371
2112
1986
1787
1853
1913
1799
1899
1736
1738
1869
1583
2061
2489
2014
3397
2401
1869
4065
1881
1992
1662
2164
1893
2712
3490
1905
2150
3847
1737
2339
1982
1910
2290
3020
1693
1741
1745
1736
2624
1588
1694
3718
1577
1744
1954
2467
4071
1853
1878
1614
1792
1899
2242
2036
2350
2099
3620
3747
3479
1949
1774
1848
1834
2962
3028
1998
3130
3315
2909
1581
1595
1639
2189
1610
1941
1860
1746
1956
1589
1699
1872
1572
1729
2022
1705
2488
1803
1925
3634
2223
2013
1983
2444
3552
4061
1894
1896
3811
1825
1854
3048
3459
2227
2751
1751
1767
2525
1702
3935
3598
1896
1914
1811
2328
1702
1722
1871
2268
3076
2110
1619
1718
3302
1607
1725
1848
1892
1710
3006
3860
4246
1972
2157
2912
3589
4088
1831
2755
1965
1934
1936
1961
2065
1612
2006
1643
1723
3583
1692
3628
3657
2319
1873
2231
3501
1639
2176
3797
1640
2745
3936
4196
2121
2711
1709
2020
1905
2332
1629
1893
2336
1678
2440
1916
1919
1943
2415
3907
2927
3340
4019
3939
1892
1916
1860
2184
2916
3058
1891
2059
1894
2298
1837
2241
3707
2368
1887
2258
1919
1938
1705
1954
2443
1873
2175
2285
2340
3889
2516
2307
3146
2834
3463
2578
2191
2124
2905
3803
1651
2424
2515
3106
3597
1911
2519
2036
2586
1691
1780
3707
3981
1938
3881
1902
1939
3618
1722
1930
1965
2017
2142
2478
1728
3354
3520
1720
3205
1936
2317
2335
2606
4105
2638
1668
2256
2891
2013
2521
2045
3714
3816
4029
1674
1850
2314
2623
3984
1924
1685
2995
2605
3186
3588
3982
2815
4112
1711
3905
2075
2757
2931
1907
4003
1735
2046
3193
1777
1824
2226
2301
2361
2158
2929
3067
1861
1908
3298
1891
2136
2245
2320
1840
2359
1920
2872
3169
2305
3032
3082
1939
1952
3507
3539
3561
2070
2188
2071
2656
3387
3824
3177
1924
2131
1908
1921
1999
1810
1976
1766
3823
2041
3024
3265
1915
2403
2715
2077
2660
3815
2029
2789
2180
1728
2252
1929
2706
1798
1777
1849
1952
1956
2487
3763
2483
2597
1900
2775
2665
2293
2151
2657
2506
2112
3081
2236
2389
2760
1882
2075
1779
2054
2370
3233
1781
3659
1920
2107
2444
3228
1829
3210
3993
1982
2876
1817
2096
2153
1808
3517
4098
3058
2119
2243
3034
2389
2487
2938
3554
2711
1918
1977
2459
1779
1884
2058
1918
1927
2444
2050
2680
1859
2362
2316
3401
4213
3464
2863
1903
2635
4029
2181
2636
3622
1831
2343
2691
2156
2673
3062
2003
2204
2880
3295
4157
2805
3500
4166
2448
1998
1827
1839
1933
1996
2023
3182
3341
3362
1875
2588
2482
2873
2187
2628
3391
3171
2283
1927
1983
2031
2349
3037
3474
2744
4002
1996
2171
2925
3309
1946
1965
2315
3240
2257
3714
4114
2097
3695
2557
3937
2150
2247
1859
2752
3612
3675
1843
1845
4006
1895
2010
1977
4242
1829
3827
2066
2456
2816
3208
2257
2725
1935
1942
1895
2021
1836
1845
1877
2155
2423
1843
3207
4045
3055
2844
3253
2513
3024
3903
3976
2023
2126
2728
3978
3805
1879
3488
2128
2508
2396
3125
4070
2543
4017
3833
2857
2922
2667
1935
2005
2738
1942
1975
3041
3348
2863
2395
3772
2255
2622
3484
3977
2372
2228
2015
3985
2015
2883
2059
2149
1967
2048
2060
3378
2299
3860
4207
3556
2358
3472
3769
1967
2019
2170
2435
1988
2491
1900
2471
2227
2411
2450
2083
2289
2138
2291
4109
2744
2394
3849
2275
2363
2273
2413
2507
2480
2445
2766
4165
4188
2030
3191
3960
2540
3053
2916
3636
3555
2007
2718
2465
2579
2943
2019
2030
2436
3333
3393
1925
2879
2203
2843
2172
2195
2486
3244
2676
2648
2004
2732
2229
2401
2154
1925
2240
2953
4154
2223
2233
2141
3500
2137
1950
2385
2696
2113
2049
2057
2231
2244
2141
2365
2511
2219
3503
3951
3213
2476
2172
2348
2731
3509
4244
3522
2520
2526
3302
4021
2071
2664
3189
2049
2106
1987
2002
3157
2263
2277
2195
2382
3494
4085
2370
2147
2666
4055
2626
3355
2925
3343
3619
4166
2450
2492
2300
3256
2533
2124
2470
3770
3881
2275
2461
2542
2085
2002
2008
2155
3710
2411
2770
3710
3564
2272
3085
3723
2203
2231
2305
3904
2116
2135
2132
2853
3353
3769
1984
4036
2118
2186
2866
2282
2289
2581
2997
2552
3568
3363
2002
4031
2474
2484
2527
2244
2263
3122
3250
3887
2217
2720
2076
2115
2386
2269
2408
3724
2297
2856
3477
2709
2363
2430
2167
2256
2933
4076
4064
2329
2538
3060
3282
2008
2034
2135
2192
2501
3155
3806
2277
2300
2079
2087
2441
3254
2287
2293
3206
2688
3170
3568
3983
2484
3864
2460
2434
3698
2313
2739
2072
2079
2034
2072
2259
2492
2553
2779
2271
2387
3021
2768
2781
2439
2448
2208
3143
2091
2083
2105
2329
2352
2495
2651
2209
2262
2781
3149
3318
4115
2768
2771
2072
2219
2250
2439
2860
2192
2214
3279
4216
2493
2096
2105
2115
2594
2498
2915
2386
2588
2274
2535
2726
2472
2512
2087
2096
2386
2140
2154
2214
2234
2496
2652
2886
3715
2090
2198
2140
2279
2315
2087
2251
2092
2114
3804
2514
3413
2234
2342
2558
2310
2704
2352
2463
2788
2440
2582
2453
2311
3196
2466
2474
2746
2356
2447
2529
2483
2276
2615
2701
2534
2545
2434
2448
2254
2350
3875
2266
2341
3643
2368
3392
4468
2140
2161
2312
2162
2288
2114
2338
2334
2505
2674
2822
2441
2472
2377
3753
5840
3974
2368
2376
7429
3626
2576
2818
2106
2268
3430
2669
2804
2351
2699
2376
3010
5779
2206
2118
2211
2239
2676
3418
2377
2409
5883
2422
3052
2590
2610
2228
2773
3012
3380
2254
2193
3125
2211
2233
2133
2695
2739
3497
2645
2409
2761
7262
2361
2623
4071
2161
2375
3221
2373
2637
2987
2754
2498
2514
2652
2708
3830
2249
2281
2133
2292
2858
3044
2333
2497
2206
2324
3417
2301
2512
2325
2404
3072
2534
3526
3565
4080
2717
2779
2867
6553
2952
3412
3356
2273
2281
2459
2499
3038
4053
4431
2206
3027
2347
2209
2466
2689
3073
2362
2557
2545
2576
2356
2585
3366
2590
2880
2681
3093
2822
2841
2293
3223
2751
2935
2719
2865
2190
2426
2240
2294
2608
3570
3982
3969
2398
2595
2422
2456
2211
2246
2384
2358
2365
2610
2623
2198
2311
3081
2726
2881
2804
3733
2394
2437
2333
2365
2292
2966
2316
2323
2714
2456
2580
2710
3494
3194
3866
3277
2213
3575
2294
2518
2366
2354
2808
3473
2849
3016
4046
2372
2398
2729
2917
3299
2973
2391
3596
4025
2232
2587
3547
3221
3288
3749
2262
3140
2219
2752
3872
2604
2921
4070
2278
3507
3190
4079
2619
3751
3815
2296
2993
2548
3160
3324
2282
2738
2740
2975
4063
3041
3117
2551
2292
2324
2259
2373
2797
2658
2692
2330
3011
3841
2501
2562
3396
3761
2633
3400
4139
2347
2355
2550
2320
4112
2591
2742
2420
2682
3790
3707
2355
3793
2465
2500
2281
2433
2627
2330
2643
2276
2266
2276
3069
3571
2679
2279
2885
3068
2500
2560
2685
2604
2757
2762
2631
2738
2787
3611
3409
3835
2633
3328
3459
3723
2274
2620
4015
2656
2727
2686
2896
3800
2509
2288
2827
3780
2812
3702
2356
2513
2506
2528
2318
2717
3752
2753
3132
2692
2727
3218
3184
2620
2673
3143
2639
2740
2957
3420
3631
2942
3725
2491
3553
4208
3999
3548
3900
3438
2723
3008
3199
2630
3012
3086
2870
3162
2507
2589
2481
3593
2654
3324
3776
2347
3896
2338
2341
2883
4036
2486
2961
3773
4221
2526
2584
2481
2725
2847
2950
2402
2981
2333
2431
2590
3388
3792
4155
2351
3013
3200
2384
2503
2589
2647
2451
3244
3538
2584
2889
2706
2842
3940
3206
3237
2723
3047
2348
2612
2624
3678
6550
3201
3503
3884
2383
2858
2830
3567
2950
2951
2385
3528
2835
2904
2919
2607
2951
2956
2833
4086
2792
2602
2600
2942
3219
2378
2686
4105
3456
4113
2990
2636
2777
2544
4066
3691
2447
4114
2387
2653
2673
2809
2819
2454
2653
2410
3023
3727
2582
3576
2780
2820
2920
3289
3669
4155
2869
3051
2826
2829
2904
3897
4131
2713
3619
3650
4186
2922
3930
2400
3823
4194
2473
2694
2778
2460
2672
3369
2908
3586
2829
3017
2826
2914
2757
2759
2431
3050
2663
2897
2801
2803
2427
2449
4108
2626
2684
2614
3160
2946
3270
3691
2814
2894
2911
2457
2446
3080
2463
2619
2743
2524
3131
2861
2877
3141
2919
2977
3176
3672
4178
3402
3834
2690
2434
2509
2850
2777
2806
2550
2551
2544
3493
2986
2473
3310
3536
2737
3009
3027
2464
2963
2588
2979
3167
2800
3150
3063
3605
2660
2750
2543
2529
2594
3249
3190
3226
3423
2845
4019
2489
3046
3181
2807
3768
2470
4121
2718
2776
3469
3320
2654
2784
4093
2763
3103
3001
3287
5845
3336
4022
2730
2786
2998
3320
3956
2845
2884
4008
2932
4104
3070
3349
3986
3454
2699
3145
2947
2924
2688
2737
2495
3284
3756
3913
2500
2603
2868
2505
3091
2509
2690
2649
2991
3148
3964
3001
3034
7558
3447
2874
2849
3432
2607
3350
2953
3370
4214
2541
3271
3034
3057
7479
2550
3217
3646
2783
2793
2731
3057
3079
5821
2720
2821
3543
2785
3768
2540
3483
2596
2603
3226
2877
4052
2672
2838
2955
2902
2930
2936
2882
2884
2930
3567
2589
2670
2756
3961
2715
2992
2580
2596
2694
3948
2793
2848
3079
3242
5819
2704
2795
3613
3661
5745
3198
2936
2964
2663
3962
3895
3949
3098
3614
5544
2701
3339
3126
3023
3091
3098
3101
5658
2713
2776
3101
3133
5412
2636
3532
3104
3123
5329
3104
3105
5499
3105
3279
5330
3280
3649
5309
3106
3158
5359
3106
3107
5530
3107
3108
5356
3108
3109
5383
3109
3173
5548
3110
3136
4778
3110
3111
4914
3111
3530
5435
3238
3531
5437
3544
2802
3594
3112
3858
2875
3225
2748
2670
3290
3300
2611
3788
2821
2837
2938
3123
3152
4887
2937
2943
2983
4126
2607
2763
3312
3502
3514
2802
2813
3121
3518
2982
2983
3464
2944
3615
2776
2705
4020
3236
2612
2686
2964
2985
2721
2952
2934
3426
2795
2813
2980
3133
3152
4903
2982
2985
3136
3203
5404
2689
3741
2682
2735
2677
3004
2643
3377
2714
2786
2813
2910
3438
3522
3899
3437
3662
3592
3648
3692
3158
3666
5771
3206
3039
2848
2887
2709
3820
3483
3645
3196
4109
3436
3129
2693
3344
2786
3115
3166
2807
2862
2778
2803
2887
2893
3173
3203
5382
3415
3297
3202
2774
3820
2918
2893
2899
3003
3740
3239
3303
3394
2737
2810
3060
2716
3529
3832
3463
2899
2901
2716
2721
2792
2801
3021
3635
3969
3347
2862
2958
2976
3822
3285
3305
2901
2913
3744
3486
3452
2939
3117
2785
3549
2709
3424
3000
3974
4123
2967
2759
2945
2913
2960
3421
2695
3837
2939
3817
2975
3743
3065
3222
3314
3029
2954
3351
3947
2838
3118
3124
2761
2779
4434
2898
3580
4026
3317
2750
3323
3476
3760
2743
3128
2784
3088
2793
3257
3367
3045
2840
3486
3888
3174
4073
3258
3890
2990
2810
2814
3053
3229
3488
2958
2959
3022
3521
3238
3373
5450
3736
3750
3179
3472
3693
3216
3945
2759
2762
2814
2831
2808
3195
2796
2808
3540
2998
2986
3316
3825
4037
2960
2996
2874
3304
3530
2959
2965
3161
3342
2824
2862
3435
3007
3014
3193
2932
2947
3646
3187
3501
3843
2819
2831
3296
4129
3005
3075
3374
3595
2968
2996
3007
3563
3371
3603
3450
3014
3031
3346
2967
3381
3511
2952
2799
3306
3403
2899
3327
3684
2887
3359
3562
2897
2946
3481
3970
3952
4117
2959
3467
3743
3073
3175
3231
3647
3699
3959
3120
3608
2861
3742
2868
3159
3232
2913
3330
3397
3011
4021
3888
4048
2875
3294
2818
2880
4110
3153
2825
3917
3516
3142
2996
3358
3410
2868
3226
3451
3617
2941
2875
2944
3380
3425
2878
3376
3159
3031
3043
4085
3495
3688
3469
3519
3345
3265
3767
3775
3510
3373
3461
4865
3182
3466
3248
3874
2918
3674
3216
3739
3566
2846
3624
3453
3389
3247
2945
3291
3006
3828
4207
4134
4184
3185
2924
4034
3043
3054
3566
3677
2992
3040
4064
3036
3272
3384
3116
3146
3180
3430
3099
3252
3664
3513
3551
2942
3054
3065
3696
3014
3445
2889
4043
3075
3174
3456
3039
3316
3524
3428
4059
3022
3298
2976
2978
3040
3056
3550
3088
3079
3214
3223
2978
3042
3056
3950
3232
3439
3065
3071
3219
2934
3972
2957
3371
3040
3852
3440
3568
3242
3737
5764
3577
3850
3875
4045
3137
3780
3951
2973
4026
3159
3949
3251
3505
3124
3252
3036
3991
3409
3071
3075
3182
3097
2957
4091
3391
4079
3404
3591
3025
3526
3977
3782
4061
3824
3878
3909
3724
3996
3185
3011
3053
3368
3151
2972
3858
3668
3443
3461
3506
6678
3015
3420
3685
3235
3023
4137
3647
3506
3569
5475
4133
3209
3671
3348
2997
3275
3095
3630
3746
3460
3336
3307
4063
2981
3060
3907
2982
3703
3865
3251
3313
3564
3698
3464
3306
3781
3332
3382
3293
3758
2987
3293
3027
4153
3279
3280
5497
3719
3195
3683
3542
4011
3353
3455
3716
3818
3015
3051
3474
3947
3696
3689
3560
3682
3749
4003
3017
3321
3427
4141
3009
3360
3376
3967
3770
3504
3017
3026
3232
3365
3789
3126
3174
3252
3087
3089
3579
3607
7483
3211
3385
3989
4015
3829
3413
3838
3047
3533
3096
3293
3361
3227
3802
4236
3828
3059
3649
3365
3784
3556
3715
3586
3575
3102
3275
3275
3791
3080
3920
3579
5830
3153
3231
3590
3797
3591
3651
3850
3666
3253
3153
3492
3919
3941
3419
3444
4235
3979
3645
3465
3482
3190
3854
3499
3924
4071
3184
3113
3292
3298
3646
3132
3198
3827
3470
4074
3569
3680
6617
3777
3225
3375
3135
3798
3251
3286
3496
3291
3283
3372
3585
3128
3509
3884
3657
3167
3455
3498
3587
4075
3267
3457
3901
3181
3316
3161
3471
4011
4127
4122
4089
4049
3205
3632
3929
3391
3487
3162
3382
3468
3161
3260
3750
3144
3523
3308
3481
3753
5854
3604
3601
3695
3963
3607
3697
5828
3382
3361
3637
3211
4249
3181
3774
4239
3247
3700
3999
3310
3623
4047
3205
3334
3148
3704
3757
3192
3629
3267
3322
3172
3245
4148
3167
3313
3334
3447
3732
4159
3236
3303
3532
3259
3925
3806
3729
3176
3869
3721
3759
3309
3258
4058
3668
3957
3301
3829
3327
4023
3305
3708
3557
4013
3537
3592
4076
3769
3384
3287
3796
5842
3788
3935
3578
3886
3651
3935
3650
4003
3876
3227
3583
3368
3851
3717
4164
5402
3217
3321
3755
3447
4025
3902
4173
3807
3399
3239
3347
3722
3910
3667
3831
4006
3926
3285
3351
3806
3778
4172
3223
3299
3717
3735
7398
3896
3482
3676
3814
3670
3763
3540
3634
4101
3429
3419
4220
3680
3697
7368
3294
4069
3555
3912
3722
3638
3889
4108
3973
4106
3628
4174
3659
3431
3468
3759
4009
4023
3761
3735
3968
5393
3808
3340
3389
3612
4150
3617
3262
3976
3930
3264
3978
3872
3910
3417
3678
3986
4226
3811
4125
3525
3941
4064
4120
3923
3660
3774
4250
3702
3845
4180
3660
3875
3381
3637
4088
4174
3626
3803
3449
3974
3307
3404
3304
3869
3377
3334
3564
3567
3388
3863
3627
3332
3371
3435
3903
3635
3877
3375
4142
3981
3442
3594
3922
3837
3836
3987
4744
3644
3559
3376
3558
3385
3582
3469
3493
3767
3747
3405
3558
3339
3654
3511
3512
3947
3687
4078
3440
3385
3411
3515
4192
3460
3453
3456
3673
3800
3477
3494
3641
3886
4247
3794
3455
3634
4171
3350
3608
3658
3919
3443
3897
3586
3523
3756
4078
4149
3500
4001
3915
3964
3808
3571
3801
4190
3407
3636
3504
4092
3389
3439
3549
4202
3674
4031
4057
4163
7128
4046
3381
3977
3540
3442
3510
4160
3819
3482
4178
3476
3595
3855
3861
5881
3960
3855
3859
5852
3836
3859
6714
4029
4240
3400
3546
3485
3887
3539
4185
3483
3560
3582
3663
3711
3440
3861
3880
5903
3766
3771
3411
3615
3489
3475
3944
3448
4086
4053
6647
3452
3441
3460
4161
3810
3549
3748
4018
4033
3431
3796
3822
4181
3425
3466
4162
3880
3954
6227
3435
3543
3952
3427
3853
3588
4175
3492
3772
3676
4231
3553
3497
3727
3475
3699
3745
3906
3854
3521
3893
3465
3504
4100
4043
3528
3559
3578
3733
3990
3471
3653
4030
3795
3841
3720
3928
3613
3776
4100
4171
3746
4050
3600
3518
3970
3512
4172
3942
4085
3507
3618
3596
3783
3843
4173
3510
4215
4009
3665
3938
4083
3768
3764
4195
3559
4145
3537
4056
3505
3620
3790
3627
4022
3626
4103
3992
3516
3537
3898
4146
3832
4234
3729
3584
3725
3623
3764
3842
3754
4008
3821
4018
3713
3831
4228
3896
4055
3655
3655
3563
3958
3839
3847
3866
3608
4080
3734
3998
3585
3883
4000
3786
4169
3921
4141
4032
3818
3610
4223
4104
3956
3599
3620
4052
3785
3597
3929
3950
3741
3590
4200
3804
3718
3807
3954
4184
6557
4217
3807
3587
4152
4198
3663
3738
3979
3819
3589
3738
4047
3938
3670
3931
4130
3885
3765
3925
3834
3927
3904
4164
4526
3664
3674
4111
3673
4143
4017
3856
3781
3816
3712
3657
3783
4102
3916
3916
3755
4091
4007
3684
3797
4059
4197
3733
3667
3853
3871
3851
4109
3972
3906
3754
4035
3715
3830
3826
3926
4221
3918
4137
4009
3922
3785
3913
3665
3965
4123
3852
3873
3670
3716
3818
5617
3731
4045
4016
3944
3992
3965
4136
3849
4075
4093
4010
3746
4188
4067
3995
4042
3692
4210
4000
3720
3971
3758
3784
3950
3709
3849
4197
3858
4203
3719
3791
3814
3855
3953
4225
4242
3856
3941
4137
4123
4072
3766
4216
3762
4153
3822
3968
4084
4132
3781
4041
3771
4024
3957
4153
4038
4054
4118
4113
4062
3865
3966
4062
3971
4199
4050
4097
3736
4040
4168
3775
4191
3864
3900
3909
3882
3793
3946
4016
4038
4002
3811
4162
3742
4063
3748
3949
4099
4091
3826
4177
3876
4172
3874
3955
4177
4213
4106
4119
3833
3837
4140
4208
4134
3894
4166
3810
3945
3923
4219
4147
3862
4170
4102
3959
3790
3825
3890
3879
4110
4004
4176
3823
3885
3923
3901
3898
3973
4042
3814
4054
4168
4083
3905
4004
3940
3848
4120
3989
3846
4056
3943
3963
3883
3907
3919
4007
4232
3994
4030
3899
3873
4133
3980
3891
4111
3908
4160
4089
3959
3848
3902
4012
4235
4217
3891
3944
4158
3918
4095
4211
4227
4218
4044
3962
4238
4240
4195
4087
3926
3931
4129
3942
4036
4213
4190
4048
4090
4035
4094
4206
3985
4082
4205
4002
4132
4244
4129
5769
4128
3994
4154
4181
3911
4099
3993
4224
4236
4194
4053
4032
4121
3997
4232
5775
4097
4143
3966
3992
4139
3996
4201
4220
3998
4068
4030
3982
4014
4131
3967
4010
4178
4127
3988
4041
4058
4175
3980
4041
4126
4046
4033
4116
4169
4135
4044
4233
3994
4108
4121
4106
4076
4186
4179
3997
4073
4144
6205
4052
4077
4021
4243
4008
4019
4068
4048
4082
4043
4086
4157
4020
4051
4126
4221
4113
4133
4120
4031
4081
4038
4182
4145
4202
4092
4161
4142
4245
4131
4192
5809
4159
4231
4244
4122
4140
4103
4181
4104
4059
4084
4060
4209
4243
4167
4248
5808
4218
4080
4056
4143
4156
5351
4072
4099
4138
4090
4200
4107
4208
4067
4226
4117
4094
4138
4191
4164
4224
4156
5534
4245
4158
4098
4229
4217
4202
4100
4163
4150
4165
4165
4248
4187
4125
4171
4135
4220
4138
4114
4177
4157
4222
4128
4214
4215
4198
4148
4195
4151
4219
4162
4151
4158
4233
4173
4228
4170
4149
4206
4232
4152
4237
4243
4188
4196
4247
4189
4224
4229
4200
4183
4185
4187
4204
4182
4247
4235
4216
4197
4211
4215
4230
4210
4199
4222
4249
4236
4239
4201
4234
4245
4223
4241
4218
4246
4237
4248
4219
4227
4227
4249
4231
4242
4246
4241
4250
4259
4745
5910
4304
4416
6773
4349
4613
4648
4323
4343
5222
4260
4366
6906
4274
4488
5347
4308
6367
6890
4295
6039
6490
4504
5051
4889
6431
4264
5285
6805
4363
4795
4872
4426
4569
4839
6002
6876
4322
4662
5190
4311
4551
6809
4290
4449
6009
4340
4954
5056
4386
5550
7735
4316
6376
7117
4444
4582
5267
4406
5134
6570
4331
6762
6915
5293
7242
4296
7451
7502
4366
4661
7068
4338
4442
7551
4287
4680
6982
4292
4498
4911
4437
4721
5420
4351
4767
7623
4353
4766
7624
4354
4764
7629
4355
4765
7599
4352
4762
7593
4356
4763
7575
4774
6642
4305
4485
5122
4310
5565
5889
5729
6238
4410
4895
5611
4826
5003
4330
4931
5335
4301
4465
4791
6468
6634
4460
6277
4345
6288
7278
4313
4369
5665
4567
4813
6802
4496
4731
7124
4538
5066
4358
5625
6502
4334
4393
5165
4479
7237
4759
4818
4376
4439
5199
4413
4891
5885
4423
5348
4511
4642
5961
4495
7413
6787
6866
4375
4716
7381
5502
7523
4385
4404
7661
4335
5411
6733
4430
5675
4428
4639
4421
4726
7502
4395
4534
5320
4644
4841
5186
4415
4601
6776
5629
7635
4738
5701
4653
4807
5183
4654
4806
5184
4658
4811
5187
4656
4810
5188
4657
4809
5189
4655
4808
5185
4402
6791
4503
5759
4337
5258
6563
4622
4754
5335
4477
7796
5172
5536
4407
4550
7356
4602
4784
4724
5637
4402
7212
7473
4673
5511
4377
4595
7596
4598
4698
6248
4884
6442
4369
4540
5415
4419
6709
4387
4666
7112
4432
4786
4904
4571
4715
4792
6512
7503
4373
4758
7604
4513
6665
4516
6659
4514
6664
4519
6663
4520
6662
4522
6660
4392
5750
6982
4683
5886
4447
4533
5697
4370
4864
5505
4384
5482
6156
4435
5831
6888
6220
7453
4454
4530
5362
4371
4394
4451
6897
4495
4742
4992
4461
6125
7040
5896
6020
6635
4609
7287
4382
5178
6682
4570
6434
4446
4504
4509
5581
7681
4379
6705
4628
7630
4424
4989
7115
5988
6315
4473
4482
5734
4471
4502
6753
4669
5762
4414
5953
6274
4645
5773
5856
6360
4559
4862
5771
6205
4613
4797
6382
4924
4971
5012
4561
4625
4791
4412
4743
4499
4682
5057
7077
7757
5321
7656
4806
5073
7613
4807
5074
7581
4808
5072
7618
4809
5070
7626
4810
5071
7595
4811
5069
7580
5341
4576
4788
4998
4982
5461
4555
4747
4995
6702
6787
4547
5851
4627
4822
5005
4506
5304
6568
6120
7224
4508
4869
5111
5161
5525
4421
7105
4888
7670
6892
6949
4491
7541
4422
6120
6774
4531
4741
5488
4463
6450
4430
4768
7347
7111
4833
6327
4456
4922
4859
6879
4638
5125
7522
4932
6738
4547
4697
5222
5274
6271
4468
5031
5769
7367
4544
6456
5765
7094
4841
5096
7609
4557
6822
4816
7082
4632
4834
7209
6211
7474
4455
4688
5015
4541
5094
4545
4852
5163
4575
6940
7389
5263
5480
4559
4560
4840
4460
7462
4537
6506
7452
4977
5621
4648
4797
4566
4632
4838
4466
7032
4530
4672
4818
4553
6796
4475
4491
5679
4715
4805
5645
5253
7791
4769
5200
4487
5649
4478
6006
7009
4744
4777
6864
4559
4684
5034
4770
4919
5879
4599
5029
6225
6123
7026
4670
4919
6628
4541
6495
6094
7383
4474
4978
5319
5820
4610
5056
5081
4489
7093
7730
5996
7037
4536
6145
6977
4792
4805
5805
7390
4480
4539
4748
7358
4918
6002
6917
7228
4539
6287
4722
5089
4482
5010
5660
6236
4669
5109
6850
4634
4691
5100
5622
6278
4568
6670
7715
4490
4870
5674
7080
4586
7499
4719
5098
6082
4607
4641
5179
4747
4920
7068
4706
5208
7327
5218
4577
6102
4564
4635
6136
4930
5106
4526
4794
4859
7773
4624
5022
5221
5034
5756
4558
7420
5627
4572
4693
6024
4906
4966
4649
4910
5200
4702
7294
4677
5839
4570
4814
5298
5279
6117
4540
4751
5521
4877
7608
4876
7625
4881
5586
7577
5578
7605
5576
5584
7590
5575
5587
7578
4878
7620
5577
7585
4880
5585
7591
5579
7587
5580
5583
7574
5414
5582
7598
4879
5588
7611
6427
4699
4773
6978
4534
7274
7780
4612
4685
5193
5517
4736
7254
4633
4890
6433
4667
5615
4732
7251
7693
4774
5976
5399
6917
5135
5597
5124
6128
5748
4787
5337
7079
4740
4741
5257
6188
6647
5261
7500
4563
5228
6034
4884
4608
4973
5327
4851
4867
4985
5465
6150
4592
7338
4612
5864
7663
4954
5707
4723
4875
5363
5083
7000
4596
4903
5412
6553
6616
4659
5153
4999
5009
4868
7539
4748
5028
5375
7333
5229
7443
4665
4949
5967
4990
5000
6467
6729
6617
7368
6695
7538
7569
6552
7566
4661
4889
4710
7014
7423
4782
4958
5023
6497
6803
4902
5169
4678
4787
4707
5003
6689
4589
5638
7091
4695
4728
5236
4585
7004
7505
4917
5390
4584
5663
6203
5709
5813
4815
7795
4983
5011
4630
4914
5435
4860
5095
5974
4975
5038
4671
4776
5302
4713
5166
5216
4848
6474
4798
4821
5423
4664
5504
6042
5742
6712
4601
6861
4941
5772
6530
6306
7568
6673
7227
4638
4666
6792
5039
4703
6988
4683
5137
5242
4636
5369
7073
4679
6948
7692
4663
5472
6920
4978
5476
4960
5108
4689
7385
4952
5063
4637
4979
5068
5060
6256
4767
5044
5183
4766
5045
5184
4762
5046
5186
4764
5047
5185
4944
5048
5189
4765
5049
5188
4763
5050
5187
4922
5007
6890
4637
4972
4647
6573
7755
5695
7377
5066
5092
4836
5058
5086
5306
7530
4749
5549
4751
4783
5230
4679
5512
4845
4968
7034
5740
5013
5724
5372
5496
5065
5101
5004
6119
4931
7643
5573
7484
4659
4850
4870
5084
5102
6856
7700
4693
4905
6350
5561
4856
6154
4961
5191
7003
5716
5826
5310
5978
6842
5060
5145
5278
4711
4886
5855
4687
5308
7726
7310
7311
7315
7312
7314
7313
6737
4866
5102
5476
5195
6515
7800
4735
6221
6794
7126
5105
5140
6885
5252
5429
4778
4914
6759
6707
5803
6599
6331
7723
5122
5143
4901
5434
4803
7220
7513
4708
5531
5663
4720
6182
6240
5910
7220
5001
6492
6759
5418
6247
5343
7381
5117
5802
5859
4838
5129
5080
5145
5026
5170
5174
6701
7085
5352
5589
6796
7199
4974
5149
5151
5262
5487
4733
4755
6388
5684
4737
4779
5053
5332
5510
4948
5495
5547
5290
5693
4948
6230
5141
5174
4761
5900
6240
4796
5355
5395
4900
7318
5155
5157
4800
4891
5043
4923
7239
7321
7280
7391
4911
4916
4750
7326
4827
5126
6331
5565
6358
5303
5397
4794
4980
4984
4821
6875
4775
6334
6555
5915
4944
6661
4816
4892
4898
4776
4835
5247
5331
5540
5043
5885
5119
5958
5346
5553
5520
5908
4864
6354
4853
5733
6063
6277
6720
5199
6495
7417
5182
5209
4735
5695
7669
4894
5270
5444
5337
7106
4836
6995
5379
6871
4887
4903
5039
7052
6883
6989
5154
5167
5209
5510
5025
6540
7353
4842
5204
7197
4832
5477
5397
5902
5438
5094
5748
4772
5614
7231
6950
7393
7468
7804
4755
6818
6104
4855
4857
5360
4831
5061
7686
5722
7714
6479
5254
5594
7738
5019
6015
7666
5811
7615
4772
5399
4847
5452
5703
6759
7692
7589
7573
7614
7601
7616
7592
4865
6678
5120
5978
5356
5383
5362
6036
7549
7452
7046
7673
5990
5202
5332
6936
6714
7680
5296
5234
5239
5194
6843
6858
5274
6756
7547
4883
6497
4820
6174
5411
6579
5208
5473
7751
4945
7062
6651
5269
6975
5033
5112
6497
4829
4948
5121
5447
5557
4863
5158
5220
7372
4917
6201
5064
5260
6262
5846
6116
5301
5723
6537
5382
5404
5099
5444
7054
4893
5471
7421
5910
6176
4907
5629
6145
5925
5045
5044
5047
5048
5049
5050
4817
5025
6004
6873
7098
5459
6452
5126
5638
7409
5054
5075
5358
4883
4943
7531
5288
6200
5736
5107
5484
4951
5127
5205
5192
5288
5350
4833
5898
6149
7322
7787
5114
5975
5004
6674
7266
6283
7568
5275
5561
5742
4938
5565
7428
7110
7660
5059
5110
6916
5330
5497
5612
5756
4882
7406
4862
5790
5046
5330
5499
5171
5229
6916
5375
6869
7511
6090
6718
4955
5738
6811
4934
5906
4953
6466
4882
4950
5529
5097
5098
4897
6197
5211
5871
6472
7108
4885
4998
5512
5949
6494
5766
7434
5032
5201
4930
4942
5338
6922
4861
5490
4896
5221
7211
5437
5450
5780
5388
5614
6525
5041
5323
4924
4935
4925
6952
5348
4936
4981
5649
5390
6979
4929
4986
5679
5405
5777
5826
6772
7298
5072
7315
5073
7311
5070
7314
5069
7313
5071
7312
5074
7310
5104
7389
4996
6948
7365
5902
6374
5426
5935
6635
5710
5648
7640
6720
4962
6878
5134
5336
4970
5810
5908
5340
5386
4899
5168
4988
5508
5248
6343
5551
6952
7198
7395
5158
5366
5078
5170
5677
5753
4994
5407
5393
5534
5251
5307
6118
5150
6438
7288
6837
7531
5277
4926
6927
7649
4942
5282
6133
5180
5275
5811
5008
5333
6745
5024
7093
6181
5154
5195
4980
5147
6064
4936
7244
7316
7376
5125
6337
5867
6515
5082
5218
5301
5190
6902
7792
5341
6082
5735
6671
5104
6782
5494
6052
7659
5036
5652
5175
5217
5272
5263
6956
7402
5037
5449
5090
5287
5552
4994
5231
5370
6722
7307
6639
5093
5200
5343
6978
7083
5040
5721
6607
5083
5465
6644
7650
7662
5130
5391
5428
6466
5132
5394
5205
5571
6838
5082
5485
5039
6047
6107
5630
6984
7667
5093
5463
5077
7004
7449
5522
5758
7076
7737
5378
5387
5087
5699
7129
5052
5081
5347
5041
5360
5659
5037
5436
5281
7198
7259
5778
6677
5173
5181
5423
5223
7204
5175
6575
5133
5247
5662
7749
7791
7801
5112
5483
5146
5163
5424
5009
5790
5630
5133
5457
6168
5144
5446
5201
5949
5024
5781
4989
5387
5251
5300
5139
5458
5175
5179
5206
5378
5431
6878
5067
5598
5328
6905
7685
5082
5493
5514
5551
6907
5237
5062
5154
6119
7356
5591
6293
7648
7017
5129
5590
5129
5568
5231
5453
5081
5132
5395
7069
7524
5136
5739
5165
5757
6137
6767
7754
5473
7514
5603
5452
5652
5067
5708
7369
7718
5159
5977
5123
5146
5327
5093
5481
5204
5225
5326
5227
5967
7046
5091
5115
5372
6983
7765
5104
5130
5306
5118
5142
5345
5213
5386
5112
5469
5057
7072
5273
5284
5193
5283
6729
7170
7261
5128
5952
5127
5860
6573
6423
7442
5041
5354
7091
7495
5550
5106
5338
5431
5380
5752
6358
5126
5467
6135
7506
5448
6293
7104
5900
7586
7628
7607
7622
7627
7602
7597
5135
5592
5707
7077
5062
5851
5212
5687
5193
5224
5299
5707
5795
5160
5657
5133
5451
6648
5414
6584
5465
5511
5698
5132
5361
5171
5676
5610
5740
5139
5466
7579
7617
7594
7619
7610
7600
5160
5680
5236
5250
5273
5638
5865
5273
5640
5246
6559
7463
5224
5519
7196
5206
5636
5357
6211
6440
5171
5671
5115
5783
5206
5217
5633
5144
5456
5763
6137
5308
5699
5217
5624
6176
6217
7194
5666
7588
5153
5439
5442
5276
7204
5115
5384
5198
5688
5620
5276
5877
7752
5198
5667
5508
5130
5398
5146
5430
6112
6943
5302
5454
7072
7353
5142
5371
5419
5302
5566
5281
5434
5788
5287
5291
5739
7233
5156
5357
5478
5738
5544
5658
5628
5760
7219
5144
5272
5527
5500
5283
5299
5345
5494
6679
5243
5748
5142
5825
5643
5725
5243
5562
6981
6671
5227
5681
5227
5702
5253
5634
5528
5471
6206
5413
7328
7729
5249
5607
5360
5927
5253
5639
5249
5264
5602
5796
5259
5601
5776
6081
5609
6579
6632
5224
5518
6995
6539
7646
5280
5674
6391
5760
5571
5754
6474
5287
5423
5897
5305
5334
5251
5328
5367
5512
6978
5264
5600
6116
5668
5259
5516
5558
5711
5762
6112
5927
6363
5319
6434
5498
5250
5715
5318
5317
5313
5312
5314
5315
5316
6145
5763
7114
5631
5866
5815
6866
5334
5250
5284
5713
5268
5368
5728
5905
7127
5339
5236
5640
5644
6052
7092
5488
6314
5325
5714
5928
7305
5719
5261
5345
5371
5371
5509
6337
7072
5907
6265
5514
5527
6952
5309
5497
6872
5655
7006
5241
5233
7293
7487
5931
6867
7461
5690
6114
5329
5499
6040
6533
7653
5259
6988
7366
5401
5911
6102
5344
5368
5813
5648
6620
5305
5632
5327
5591
6953
5957
7526
5478
6537
6811
5290
5689
5364
5365
6134
7413
7654
5271
5817
7678
5305
5595
5677
5380
5464
5962
6523
7543
5460
5292
6908
6250
5468
5743
5264
6733
5403
5417
5525
5640
5765
6555
5612
7746
6163
7729
5526
5533
7510
5529
5833
7516
5351
5534
7097
5359
5390
5530
5356
5530
5364
6921
6632
7768
6721
5523
6216
7221
7276
7671
5735
5878
5516
5541
5286
6133
5347
5395
6125
5654
5909
6873
6054
7093
7730
5654
6080
6229
5369
6150
7356
5851
6035
6085
5328
7023
7077
7757
5382
5548
6720
5383
5548
6277
5404
5900
5340
5490
5535
7387
7563
5977
5812
5823
6811
5572
5945
6358
7802
5823
5850
6691
6789
5593
5774
5392
5608
5866
6659
6663
6660
6662
6661
6664
6665
6575
6721
6228
6834
5410
5505
6032
5812
5849
5563
6431
6696
6086
6264
6107
7011
5426
5649
5914
5623
5878
6853
6024
6795
5892
7121
7045
5686
5824
5832
6263
6671
6013
6801
7400
7185
5606
6053
5679
5933
6013
5400
5441
5664
5470
6172
5438
5738
6019
5396
5506
5538
5824
5849
6391
6487
6384
6006
7457
5712
5822
5843
5986
5406
6605
5545
5455
6310
5437
5617
5435
5617
6097
7058
5916
5934
5696
5381
6283
6861
5421
6960
7477
7360
5613
5739
7530
6034
6648
7257
6939
6023
6799
5853
5412
5658
5829
5841
5445
5611
5894
6254
6541
5450
5931
5416
5760
7500
5833
5835
5532
5542
5976
5822
6058
5504
5886
5835
5863
6006
5433
5619
5521
5570
5990
6427
5848
6539
5763
6369
6324
7015
5934
5972
5733
5745
5775
5787
5792
6500
5482
7509
6339
6563
7511
7778
5441
5869
6110
6533
5574
5750
6599
5858
5876
5500
6314
5967
7235
5678
5867
6305
5871
5872
5479
5537
5727
6107
5572
5855
5966
5815
6573
5455
5545
5872
5895
6600
5538
5543
5725
5486
5869
7265
5972
5996
6725
5890
5891
5524
6380
7035
5521
5891
5913
5492
5599
5783
7762
5537
5794
5914
5917
6300
6495
6694
6953
5996
6014
5937
5940
6109
5916
6480
5937
5969
5672
5917
5944
5940
5947
5933
5941
7349
7789
5722
7107
5832
6297
5732
6406
6574
5988
5992
5730
5834
5941
5947
5975
5982
5653
6143
5988
5993
6086
6253
6570
5907
6344
6689
5524
5564
5928
5675
7403
7231
6014
6043
7340
5656
5554
6726
5992
6026
6760
5982
5993
5501
5825
6019
6025
5626
5635
5841
6272
5868
5623
6334
6674
7487
5543
5643
5800
5856
6309
6025
6043
7233
5733
6493
5946
6790
5793
5897
6417
5863
6299
5898
6486
5564
5608
5714
7362
6697
6042
6728
5604
5608
5792
7322
5876
6323
7344
7265
6252
6728
6857
6510
5560
6039
6157
6034
5986
7457
5973
5995
5973
5980
5810
6324
5895
6351
5643
5844
6957
6106
6243
6517
5980
5994
5946
5682
5709
5604
5645
5843
6318
6298
6620
5605
6579
7342
5948
5797
5800
5997
5913
6390
5994
6008
5631
5642
6113
5547
5653
6181
6730
5775
5742
6458
7320
7350
6035
6369
5944
6421
5764
5809
5642
5645
5669
5642
5650
5911
5768
5818
6008
6056
5868
6989
7765
6033
6473
5666
6702
6823
5710
6302
5904
5969
6461
5938
6276
7024
6185
6190
5650
5669
5692
5650
5664
6945
5793
5670
5706
6669
6065
7711
6066
7710
6067
7709
6076
7706
6072
7707
6071
7708
6075
7706
6077
7705
6073
7707
6070
7709
6074
7708
6068
7711
6069
7710
6078
7705
6026
6514
6185
6192
7219
6166
6187
5697
6261
5827
6250
6001
6012
5664
5692
5703
6158
6166
6190
6226
6360
7129
6089
6093
6056
6092
6093
6100
6192
6202
5915
6089
6096
5709
5726
6100
6121
6092
6096
6158
6169
6327
7719
6270
7057
6278
5672
6262
5651
5818
6552
6129
6130
6525
5703
5705
6130
6160
6202
6210
6129
6131
7292
6169
6175
7362
7713
5694
5705
6187
6210
6131
6132
7097
7470
6200
6012
6084
6173
6175
6132
6141
5741
5744
6160
6173
5764
5819
6121
6141
5807
5919
6260
6040
6679
5923
7412
7703
5694
5744
5767
6603
5799
6142
5737
5728
6060
5966
6392
5691
5794
6201
6220
6197
6438
5704
5798
6099
6136
7090
5796
7420
6859
5741
5869
6711
6179
6194
6054
6178
5925
6116
7696
6201
6207
6303
5729
5801
7032
7252
6678
6207
6213
6024
5924
6218
6220
6239
6179
6180
5847
6479
5929
6504
6785
5710
6355
5731
5749
5786
5961
6133
6239
6244
6194
6213
6084
6108
6111
6122
7488
6109
6108
6111
5782
5907
6691
6790
5743
6058
6241
7086
5794
6045
6188
6122
6153
6178
6180
5734
6057
5906
6018
6226
6317
5949
7661
5771
6979
6171
6182
6253
6170
6171
6183
6212
5745
5809
6063
5767
5837
5888
6153
6170
5730
5837
5857
6106
6151
6641
7317
7654
5995
6441
5886
5847
6005
7430
6127
5755
5752
5808
5842
5880
6280
5768
6353
6800
7019
5798
5853
7499
5965
6209
7303
5817
5859
6255
5922
6388
7556
5791
6616
6766
6231
6241
7265
5806
6001
6386
6446
6856
5840
5883
7110
7244
7796
5796
5890
6694
6754
6021
6282
7033
6494
7240
6009
6094
5942
6079
5784
5896
7523
7032
7247
5786
5816
5880
6301
5859
6502
6183
6624
6666
6681
6605
6772
5819
5821
6317
6335
5806
5837
5829
5854
7493
6177
6529
7717
7434
5915
7566
6231
6420
6520
6670
7034
5839
6685
7357
5904
6335
6346
5799
6162
5999
6777
5991
5838
6722
6346
6348
6247
6415
5848
6016
6029
7056
7470
5906
6148
7480
6742
7290
7652
6921
5855
6392
6468
7755
5842
5845
6234
6087
7015
7429
6697
6828
6643
7687
5858
7114
5861
7304
6520
6677
6522
6681
7491
6878
7115
6558
6518
5899
5968
6830
5864
6259
6467
5840
5854
6186
6821
6394
5991
6204
6760
7195
7696
6055
6669
6595
7355
7669
5870
7533
5964
6551
5899
5951
6532
6212
6219
7532
7793
6104
6174
6528
6729
6448
7099
6253
6840
7011
5881
6282
6554
6851
6172
6229
5882
5979
6264
5884
6542
6709
6832
7259
7346
6783
5956
7285
6512
5893
6223
7001
5930
5959
6942
5958
6081
6357
5951
5983
7014
7279
6577
6862
7028
7678
5903
6523
5908
6045
6564
5971
5966
5965
6095
6135
6847
6959
7519
6559
6457
6136
7650
5954
5998
6200
6152
6267
6507
6596
6604
7025
7268
6022
6723
7670
6018
5943
5987
6028
6524
7057
7636
6022
6031
6916
7251
6515
7049
6236
5954
6039
6060
6494
6716
6193
6413
6193
6398
7347
6031
6055
7264
6627
6736
6011
6020
5970
6144
6364
7704
6221
7222
5953
5989
6059
7336
6899
6038
6700
6046
6742
6613
7423
7481
7406
6633
6138
6381
5953
6011
6050
6003
6603
7293
7534
6049
6164
7388
6114
6568
7761
6417
6232
6371
6051
6855
7275
6600
6037
6041
6007
6030
6098
6037
6061
6774
6010
6041
6650
6016
6614
6128
7299
6731
7330
7461
6675
7398
6603
7340
6148
6825
6157
6257
6459
6946
6038
6046
6222
6529
7464
6090
6198
7545
7022
6027
6324
6237
6895
7398
6235
7225
6705
6544
6538
6113
7550
6639
7043
6061
6124
6328
6834
7733
6485
7239
6017
6115
6370
6995
6161
6831
6017
6028
6941
6685
6048
6088
6155
6781
6737
6753
6047
7011
6177
6046
6784
6739
6032
6523
7688
6103
7556
7702
7701
6717
6423
7015
6757
6091
6144
6425
6530
6956
6156
6222
6257
6436
6763
7788
6083
7224
7760
6233
7226
7361
6050
6154
6807
7298
6892
6062
6237
6050
6059
6288
6449
7089
6161
6208
6146
7402
6874
6124
6140
6606
6062
6195
7325
6304
6726
7372
7421
6068
6592
6069
6590
6070
6588
6593
6592
6590
6074
6585
6073
6581
6585
6586
6076
6583
6582
6078
6584
6587
6140
6147
6251
6319
6255
6615
6245
6799
6526
6348
7269
6223
6147
6184
6095
6167
6625
7475
6623
6778
6610
7373
6807
6115
6987
6208
6248
6115
6215
7042
7555
6891
6191
6829
7456
7526
6354
7551
6165
6623
6764
7201
6487
6841
6236
6126
7219
6597
7803
6138
7432
6319
6446
6905
7084
7775
6700
6652
6913
6404
7229
6139
6628
6598
7648
6248
6269
6165
6912
6667
6653
7013
6444
6780
6684
7076
7335
6818
6871
7295
6928
6184
6246
6269
6320
6389
6182
6942
7283
6429
6469
6486
6644
6414
6562
7070
7122
7440
6155
6156
6195
7638
6184
6375
6859
7392
6472
6235
6246
6339
7386
6304
6412
6732
6215
6304
6541
6668
7370
6619
7223
6281
7364
6352
6727
6315
6539
6976
6972
6698
7285
6629
7743
6383
7211
7691
7488
6285
6428
6670
6815
6693
6938
7300
7433
6724
6251
6270
6797
7659
7657
6286
7688
6690
6965
6775
6375
6444
6303
6310
6789
6668
6672
6745
6230
6320
6409
7561
7552
6909
7740
6725
6833
6864
6488
6303
6313
6673
7487
6419
6424
6417
6471
6947
6372
6281
6305
6424
6482
6873
6994
7125
6559
7512
7546
7798
6352
6493
6612
6385
6404
6237
6245
6313
6382
6400
7001
7357
7399
7223
7031
6991
7685
6414
6463
6792
7522
7323
6649
6534
6341
6863
7241
7339
6549
7226
7431
6505
6513
6325
6464
6580
6566
6656
7490
6321
7241
6365
6764
6409
6453
6313
6505
6509
6475
6513
6688
6741
7028
6755
7494
6682
7245
6306
7233
7393
7517
6518
6618
6440
6572
6636
6895
7120
6676
6687
6690
6903
6525
6683
6692
6483
6536
7535
7770
6695
7234
6706
7424
6435
7033
6336
7237
6443
6683
6701
6676
6707
6656
7255
6695
6703
7100
7236
7636
6692
6703
6687
6701
6551
7098
6509
6521
6532
7727
7351
7539
6453
6483
6561
6602
6531
6704
6682
6707
7089
7716
6522
6658
6400
6454
6476
6693
7092
7653
6870
7225
6368
6882
7386
6846
6432
6463
6546
6761
6630
7663
7100
7697
6554
6637
6382
6464
6754
7104
7342
7656
7794
6750
7246
6750
6762
7795
6569
6611
6902
6758
7248
7047
7214
7221
7756
7522
6758
6767
6645
6767
6769
6630
6743
6769
6771
7490
7657
6688
6900
6771
6773
7041
6690
7053
6824
6773
6827
6491
6504
6577
6657
6639
6699
7063
6504
6561
6943
7086
7631
6464
6471
6754
6762
7782
6791
7212
6791
6795
7245
7288
6445
7126
6429
6527
6795
7714
6801
7248
6645
6748
6836
7693
7734
6476
6765
6378
6744
6741
6860
6468
7374
6649
6454
6938
6810
7668
6445
6614
6810
6813
6527
6716
6728
6930
6923
7776
6489
6502
6418
6706
6491
6798
6813
7260
7264
6893
7101
6604
7725
7557
7720
6521
6567
7640
6531
6840
6432
6482
6855
6935
7099
6854
6879
6476
6519
6835
6940
6780
6545
6763
7732
6790
7764
7786
6835
6837
6709
6837
6842
6735
7567
6440
6489
6715
6842
6845
6877
6419
6496
6779
6845
6848
6488
7247
6491
6519
6543
6420
6481
6848
7317
6428
7229
6833
6628
6627
7682
7029
7279
6757
6820
6757
7307
6854
6888
6982
7411
6475
6881
7282
6992
6531
6567
6571
6452
6462
6887
6719
7345
6881
7270
7529
6931
7271
6571
6889
7344
7775
6450
6786
6921
7087
6955
6888
6924
7091
7495
6482
6804
6462
6971
7045
6547
6826
6860
6914
7128
7298
6640
6957
7806
6549
6572
6914
6922
6675
6852
7215
6929
6879
6922
6866
7348
7430
6647
7488
6926
6493
6634
7464
7672
6716
6924
6966
6574
6638
7070
7264
6805
6806
6611
6612
6933
6702
6839
6843
6829
6894
6713
7506
6530
7713
7534
7720
6806
6932
6864
7297
6827
7250
6931
7010
6640
7354
6783
6800
6875
6752
7006
7720
6747
7331
7667
6536
6574
6571
6680
6959
7095
6814
6819
6966
7012
7567
7109
6739
7564
6533
6598
6986
6814
7422
6973
6865
7368
6609
6962
6999
7799
6910
6951
7201
6954
7328
6614
6974
6611
6642
6819
6884
6907
6608
6848
6897
6906
7455
7734
7081
7378
7433
6901
6963
6950
7000
6808
7532
6844
6934
6949
6961
6557
7491
6844
6553
7480
6802
6970
6990
7075
7012
7096
7512
6994
7319
6960
7291
7673
6958
6602
6918
6869
6808
6980
7010
7106
6708
6744
7044
7498
7039
7639
6809
6708
7544
6796
6838
6849
7020
6641
7008
7414
6926
7503
6660
6659
6661
7312
7313
6662
6664
7315
6663
7314
7310
6665
7311
7330
7382
6997
7343
6975
7017
7030
6730
7050
7267
7334
6607
7228
7429
6927
7088
6696
6755
6983
7078
7080
7018
7058
7039
7210
7331
7473
7541
7480
7403
6631
6863
7205
7286
7640
6849
6968
7199
6637
6748
6996
7101
6638
6836
7073
7266
6657
6763
7002
7060
6735
6985
7257
6743
6998
7492
7056
7272
7374
7063
6844
7552
6882
6735
7061
7051
6977
7377
7394
7018
7416
6748
7304
7738
7663
6780
6937
7369
6932
7074
7047
7075
7062
7094
6743
7333
7360
7096
7256
7529
6808
6802
7348
7463
7475
7071
7291
7384
6778
6809
7338
7293
7337
7113
6850
7483
7510
6684
6992
7483
7726
6696
7434
6967
7019
7560
7396
6868
7647
7542
7232
6865
7785
7479
7105
7111
6783
7537
7303
7486
6761
7435
7127
6765
6715
6797
6969
7057
7276
7612
7603
7686
7523
7533
7436
7332
7513
6816
7411
6836
7070
7546
7493
7120
7556
7119
7425
7684
7516
7296
7308
6766
6897
7007
7379
7408
7416
6981
7021
7066
7216
7660
6915
6740
7234
7426
6999
7236
7121
7224
7444
7418
6824
6884
7230
7242
7243
6814
7197
7746
7400
6935
6940
7043
7534
7320
7753
7261
7393
6890
7558
6964
6784
6826
6884
7254
7694
7756
7256
7305
7237
7128
7303
7306
7397
6964
7478
6970
7550
6784
6820
6911
6894
6910
6999
7802
6958
7027
6804
6880
6843
7305
7327
6885
7742
6968
7054
7671
7087
7540
7036
6829
6865
7325
6853
7246
6935
7495
6820
7059
6876
7388
7763
7267
7327
7505
7289
7455
7545
7721
7045
7106
7295
7309
6863
6962
7262
7357
7005
7021
7258
6950
7007
7750
7541
6840
6927
6954
6973
7108
7402
6882
6974
7049
7263
7748
7395
7003
7005
6951
6975
7340
7294
7318
7252
7557
7437
7631
6980
6990
6937
7351
6967
7115
6929
7767
7035
7207
7003
7217
7283
7419
7478
6997
7020
7492
7739
7287
7385
6988
6945
7474
7325
7719
7744
7018
7196
7536
7321
6949
6964
6911
7215
7423
7494
7694
7744
7359
7426
7776
7026
7545
6906
6992
7047
7337
7666
7126
7226
7469
7323
6901
7027
7722
7021
7316
7525
7056
7060
7064
7410
6918
6977
7213
7633
6954
7016
7511
7048
7258
7490
6926
6985
7699
7518
7062
7071
7017
7365
7773
7400
7210
6958
7029
7438
7064
7102
7220
7332
7082
7202
7280
7441
7075
7240
6963
7061
7207
7415
7404
6961
6983
6955
7445
7107
7758
7376
7367
7050
7081
7000
7196
6976
7779
7261
7363
7759
6955
7113
7127
7102
7208
7286
7768
7749
7551
7207
7044
7046
7666
7341
7658
7024
7783
7504
7514
6993
7636
7562
7079
7301
7111
7119
6998
7476
7105
7655
7446
7067
7231
7452
7642
7653
7058
7073
7753
6996
7048
7200
7277
7651
7098
7485
7520
7016
7262
7020
7549
7260
7737
7536
7068
7668
7725
7777
7124
7772
7094
7240
7282
7360
7195
7448
7520
7685
7208
7059
7216
7721
7433
7301
7413
7697
7039
7088
7206
7411
7489
7716
7110
7299
7249
7263
7798
7259
7432
7258
7350
7379
7443
7537
7078
7447
7635
7700
7714
7222
7355
7200
7213
7253
7067
7074
7079
7559
7496
7335
7670
7065
7277
7472
7074
7427
7689
7695
7781
7083
7401
7252
7095
7458
7482
7673
7273
7447
7086
7396
7444
7769
7324
7308
7521
7324
7242
7284
7684
7218
7329
7431
7565
7528
7554
7329
7414
7516
7243
7287
7655
7742
7417
7217
7387
7641
7789
7750
7790
7554
7563
7502
7702
7507
7345
7460
7563
7569
7454
7289
7294
7779
7573
7575
7570
7574
7579
7580
7576
7598
7571
7585
7572
7574
7593
7605
7577
7582
7584
7603
7581
7586
7591
7594
7570
7587
7583
7590
7578
7583
7585
7599
7578
7582
7572
7591
7586
7592
7601
7602
7596
7603
7576
7611
7621
7681
7588
7612
7595
7602
7589
7593
7577
7600
7581
7600
7571
7590
7580
7597
7588
7609
7569
7604
7606
7615
7589
7607
7573
7597
7575
7587
7608
7610
7608
7623
7594
7595
7610
7613
7579
7611
7664
7596
7630
7599
7601
7614
7622
7618
7619
7584
7598
7620
7629
7617
7626
7617
7620
7607
7609
7616
7628
7618
7622
7624
7625
7616
7624
7604
7615
7627
7619
7625
7613
7628
7592
7623
7606
7612
7626
7627
7614
7629
7605
7621
7630
7665
7227
7382
7238
7309
7752
7508
7489
7238
7560
7271
7498
7761
7346
7223
7692
7215
7302
7281
7216
7634
7268
7359
7380
7447
7318
7350
7755
7449
7754
7633
7513
7319
7268
7721
7269
7352
7542
7764
7527
7296
7662
7527
7683
7796
7341
7757
7401
7632
7501
7383
7501
7472
7651
7380
7473
7397
7515
7651
7309
7288
7632
7751
7333
7450
7677
7373
7280
7345
7405
7481
7405
7336
7390
7355
7633
7349
7789
7278
7658
7290
7508
7378
7459
7677
7733
7459
7326
7647
7695
7440
7353
7606
7392
7344
7524
7326
7364
7518
7680
7660
7306
7644
7689
7518
7535
7485
7693
7442
7370
7427
7676
7687
7361
7404
7409
7702
7727
7652
7682
7564
7358
7441
7548
7637
7373
7466
7793
7801
7348
7428
7448
7725
7432
7679
7417
7460
7694
7548
7562
7517
7735
7645
7540
7468
7664
7477
7440
7412
7443
7675
7704
7555
7664
7665
7728
7497
7547
7806
7539
7669
7722
7638
7471
7687
7388
7458
7466
7410
7476
7554
7748
7544
7514
7560
7477
7461
7652
7553
7631
7561
7453
7742
7525
7790
7427
7786
7409
7482
7787
7412
7691
7508
7797
7454
7761
7738
7462
7740
7507
7728
7785
7507
7643
7698
7715
7750
7451
7740
7701
7430
7489
7478
7770
7444
7465
7553
7671
7654
7676
7484
7683
7696
7771
7493
7474
7552
7485
7532
7777
7450
7462
7655
7526
7743
7469
7675
7777
7747
7494
7690
7741
7540
7713
7672
7723
7724
7795
7665
7712
7496
7681
7565
7543
7674
7509
7498
7504
7774
7538
7764
7690
7731
7784
7519
7741
7634
7760
7642
7736
7724
7557
7558
7760
7690
7762
7798
7774
7646
7549
7650
7662
7775
7737
7641
7794
7657
7799
7748
7745
7745
7537
7786
7726
7688
7718
7762
7759
7550
7752
7638
7634
7730
7703
7566
7776
7677
7642
7770
7707
7709
7708
7705
7711
7710
7778
7706
7684
7704
7718
7769
7792
7780
7744
7734
7743
7701
7735
7717
7751
7697
7769
7800
7780
7722
7716
7782
7784
7797
7767
7727
7729
7679
7689
7739
7745
7784
7771
7778
7703
7772
7719
7746
7712
7731
7747
7739
7790
7741
7758
7763
7773
7768
7793
7805
7783
7772
7781
7767
7785
7765
7756
7766
7804
7766
7797
7774
7803
7787
7803
7794
7791
7805
7800
7802
7805
7806
)


// ************************************************************************* //
