/*--------------------------------*- C++ -*----------------------------------*\
  =========                 |
  \\      /  F ield         | OpenFOAM: The Open Source CFD Toolbox
   \\    /   O peration     | Website:  https://openfoam.org
    \\  /    A nd           | Version:  7
     \\/     M anipulation  |
\*---------------------------------------------------------------------------*/
FoamFile
{
    version     2.0;
    format      ascii;
    class       volScalarField;
    location    "1.5";
    object      p;
}
// * * * * * * * * * * * * * * * * * * * * * * * * * * * * * * * * * * * * * //

dimensions      [0 2 -2 0 0 0 0];

internalField   nonuniform List<scalar> 
7807
(
2.16391
0.234637
2.63636
1.86733
-0.0123108
-0.000542381
2.59298
-0.0767728
-0.00172596
0.877665
-0.000504921
0.0334822
-0.114464
0.471296
0.909012
-0.14014
2.19905
-0.151228
0.0192773
-0.580426
0.657419
0.021908
0.363047
1.51365
-0.197129
2.19559
-0.0112256
0.574791
1.31996
0.0406454
-0.203491
3.5191
0.358346
-0.00701607
-0.00149314
0.734161
0.0442376
2.53155
-0.062986
-0.00488386
-0.0565536
-0.137099
-0.479771
0.345879
-0.00290419
-0.00116298
0.0216149
-0.063416
-0.000967386
-0.558755
0.0507115
0.546162
-0.249727
0.014447
0.730228
-0.0680088
0.0218186
-0.0773821
-0.316298
-0.0073658
0.000578701
0.0647894
0.472503
0.0369506
-0.0141579
-0.197336
-0.00140046
6.41891e-05
1.25158
-0.0585953
-0.0010747
-0.491581
-0.190163
-0.330552
-0.145352
-0.460383
2.60948
0.641447
0.766741
-0.590069
-0.109806
2.32794
0.893046
-0.340969
-0.0211685
-0.0325766
-0.0820649
-0.241971
-0.00942347
-0.064104
1.34519
0.429109
-0.00194331
0.0194565
-0.0511047
-0.334875
-0.473034
0.0415336
-0.023341
-0.0169087
-0.582864
0.820135
-0.0485565
-0.000288275
0.508665
1.39058
3.1066
-0.072153
-1.17582e-05
0.355361
1.79371
-0.232454
-2.29242e-05
0.378023
1.38531
0.00653459
-0.136255
1.15956
-0.348866
-0.334259
-0.606371
2.24509
-0.443644
0.146642
-0.591651
-0.0139619
-0.179191
0.0318831
-0.0149106
-0.199059
0.263843
0.748004
-0.00881006
-0.0111684
-0.353068
1.74492
2.60929
-0.000247501
0.11211
-0.766518
-0.31367
-0.38238
-0.460503
-0.315308
3.14069
-0.0987299
1.32934
-0.297807
-0.437766
2.2406
0.70448
0.426066
-0.0214253
1.16674
0.887345
2.41562
-0.517948
-0.113948
3.02473
-0.000873833
0.0110958
1.55906
-0.000277399
-0.0287877
-0.0577526
1.8443
1.85214
3.10482
-0.0333917
-0.0440203
7.27705e-05
-0.632174
0.00657885
0.280315
0.121994
-0.430475
0.598716
1.47118
-0.00192461
-0.00726424
1.90531
-0.000874138
-0.00161975
2.61656
0.212244
-0.229545
-0.325895
-0.306489
-0.132043
-0.751068
-0.000302222
-0.454688
1.52389
-0.0488908
0.0010882
1.68267
-0.0181575
-0.18624
-0.137297
8.12562e-05
0.0132678
1.77045
1.67178
2.39983
-0.100855
-0.186109
-0.220366
0.623302
1.73399
-0.00312784
0.000507561
2.99126
-0.121147
-0.00915594
-0.433869
-0.187602
2.25857
2.28182
-0.410719
3.37153
-0.0168724
-0.149939
-0.598492
0.753997
-0.583853
2.0027
3.02057
0.000958539
0.152835
1.21789
-0.0591456
1.14321
-0.00795925
3.29137
2.36631
-0.0818985
0.0443715
-0.00451948
1.58682
-0.00136402
-0.0856516
-0.707258
-0.00106983
-0.0198355
-0.00627285
1.39538
-0.000274904
-0.0666549
-0.569811
3.50675
0.689903
3.17648
-0.000663652
-0.161079
-0.00277107
2.48906
0.0626526
2.62793
0.0247589
0.0112349
0.161667
0.645746
0.00887756
-0.00340759
0.00788994
-0.0623416
-0.203346
-0.000620221
-0.500947
-0.0549057
-0.00210695
-0.0095516
2.56183
-0.113251
-0.0115831
3.3134
-0.0220318
2.00115
-0.0030895
0.0323719
0.000115433
-0.317215
0.724469
0.665421
-0.315658
-0.0061968
-0.526888
-0.22401
-0.00267818
0.0077843
-0.0320328
-0.109162
0.0453423
-0.0185192
-0.325338
-0.162133
-0.321599
0.410106
-0.410212
2.41892
2.47601
-0.0226029
0.597785
-0.000112612
-0.0343649
-0.341661
1.48359
0.984395
0.00150475
-0.0312571
-0.399025
1.39491
-0.0150952
0.0551798
0.0187712
0.921655
0.182328
2.41485
-0.0241635
0.261951
-0.00171827
0.0660802
-0.000780183
-0.235759
-0.00524224
0.0922403
0.54802
-0.38678
0.0521023
0.137901
-0.0111668
0.328511
-0.0922104
0.882015
1.39378
-0.24505
0.273724
-0.23195
0.0795097
-0.686423
3.16955
0.265753
0.45191
3.31392
-0.0232234
-0.0264204
0.354182
-0.0165068
-0.0706451
0.0961849
-0.041774
-0.0310408
1.27795
-0.00100885
0.00859747
0.00123838
-0.0514626
-0.101063
-0.000132546
-0.0167544
-0.302333
2.99015
0.0657427
-0.11957
2.86203
2.04164
0.767715
0.6572
-0.643017
0.0773027
1.79487
-0.161814
2.15193
-0.157653
-0.425895
1.66694
2.17888
-0.48002
0.939173
2.0115
2.04833
0.610084
-0.0460659
-0.0636181
-0.0013233
0.0926133
-0.165392
0.0147677
-0.00161854
-0.0242099
-0.53963
1.08832
-0.24499
-0.0308088
-0.057496
0.223488
-0.104658
0.0299952
1.86997
-0.0282739
-0.000326597
-0.000821355
0.000767976
-0.295861
1.2523
-0.0602879
0.407553
-0.579701
2.48879
0.0536986
0.10476
-0.0772938
2.49546
-0.0161766
2.4137
1.35357
-0.00177265
-0.176696
-0.0499108
-0.36017
0.00887749
0.810469
0.0628809
0.097582
-0.013009
1.32505
1.40014
-0.263888
-0.297365
-0.0340061
-0.161952
1.11651
3.47395
0.00893364
0.0735026
-1.61681e-05
-0.192129
-0.0342046
0.301197
-0.520035
0.511203
2.60338
1.32564
-0.1423
1.75109
2.43716
0.395721
0.0181705
1.89615
-0.0135961
-0.00280825
-0.250041
0.0013501
-0.255916
0.00979556
-0.294112
0.0291453
1.68714
-0.0267649
-0.00035899
-0.480415
0.0261215
0.669733
-0.558834
-0.740493
0.891816
1.22564
1.02762
1.05295
-0.00313883
1.05596
0.936542
-0.00811264
-0.236265
0.00942356
0.107275
-0.00268304
0.0721712
-0.0119029
1.52747
-0.000300566
0.00309167
0.0297212
-0.304817
0.30924
-0.281748
-0.363479
-0.204001
-0.554241
0.176839
1.86024
0.615572
-0.0985772
3.31973
-0.460181
-0.106895
-0.355721
-0.0748365
-0.287003
-0.147274
0.421006
0.241843
-0.000384867
0.367987
-0.00145606
2.38392
1.30135
-0.0720703
-0.198909
-0.00287419
2.32862
2.2833
0.963249
1.69108
-0.473981
2.67337
-0.000938445
0.36895
-0.254557
1.49235
3.09515
1.04618
1.26072
-0.0224143
-0.0031164
1.56415
0.340795
2.42144
0.665877
1.66417
-0.103393
2.51756
2.20104
-0.131225
-0.110984
1.41554
-0.76111
-0.00127972
-0.184432
-0.724278
-0.460348
0.168061
0.141864
-0.00193735
2.31092
-0.0124051
-0.00156132
-0.124826
-0.00752226
-0.00340935
0.0561995
1.76266
-0.444798
2.94052
0.000963949
1.76199
-0.116741
-0.00115446
0.000275912
1.31075
1.68195
-0.0595909
1.53639
0.000382723
1.60802
-0.260971
-0.136826
2.52112
-0.418865
1.61883
-0.341239
1.61098
1.68491
-0.227716
-0.28861
-0.0825868
-0.0416455
-0.00305266
-0.0150134
2.06534
-0.000404132
1.53768
-0.381671
2.18491
1.47149
-0.742976
2.88733
-0.0236302
0.110233
-0.0952982
-0.274545
-0.0938506
-0.147415
0.511125
3.23371
0.000649452
-0.0278722
-0.252191
9.53584e-05
2.42163
0.0266259
9.33249e-05
0.00298955
0.00581761
-0.228524
0.29466
-0.0224488
-0.00129148
-0.0992582
0.0462396
-0.603759
-0.684609
0.310787
-0.000328648
-0.433031
-0.179457
1.42797
2.13772
0.0184185
1.40651
0.00235965
-0.17253
0.798759
-0.0937291
1.88921
-0.17637
0.408244
0.827432
1.32045
0.075607
-0.140923
1.59954
-0.539173
2.53473
-0.126319
2.08663
-0.126085
-0.016797
1.20531
0.0605448
0.824281
0.0280493
8.14919e-05
-0.622861
1.8309
0.0210849
1.37402
-0.167076
-0.484781
0.208896
-0.292
-0.0241421
-0.118379
-0.525141
-0.36942
-0.132616
-0.00213911
2.6284
1.34808
0.408887
-0.00292051
2.1714
6.39237e-05
-0.00268507
1.3771
0.0469305
1.68636
0.567109
0.249139
0.135737
-0.43965
0.845208
0.0190827
-0.543149
-0.000265995
0.0574334
1.82643
-0.216443
-0.0401605
-0.0314046
-0.0283
-0.00587613
3.25804
-0.13375
-0.00813391
-9.06588e-05
1.1193
-0.374526
-0.00474949
-0.0396201
1.27435
0.908813
-0.477621
2.22362e-05
1.38446
-0.208331
1.61599
0.231335
0.280566
-0.391264
-0.00138389
0.807681
0.863648
0.973798
-0.322727
2.04207
0.0868309
1.59031
-0.0294205
-0.135828
-0.00570336
-0.00612619
-0.00149919
1.33236
2.02694
-0.0213902
0.276602
-0.229384
-0.219293
-0.281295
-0.0269636
0.342798
3.19728
0.855426
-0.000777009
0.882021
-0.0503511
2.77894
-0.166421
-0.13157
0.0325321
-0.150833
-0.0759139
-0.105779
-0.0408245
0.0241537
0.464428
0.00161439
-0.0377581
0.592069
2.39322
-0.457133
1.70289
0.0295359
-0.0230422
-0.110632
1.55633
-0.09955
0.00160874
-0.20203
-0.0711355
0.359764
-0.349586
-0.299733
0.408752
-0.195847
-0.0063922
-0.472483
8.33534e-05
0.57971
-0.418748
1.55206
0.0764163
0.815292
-0.393726
2.29119
0.178134
-0.403909
-0.088108
2.93174
-0.0574996
-0.174191
-0.524392
-0.14986
-0.411544
-0.180483
1.53167
-0.0398636
1.75837
0.125812
-0.00566782
-0.017606
0.788214
3.51733
0.0176163
-0.105913
1.32655
0.000329168
-0.275296
0.373843
0.299779
0.127697
-0.0235421
-0.316777
-0.0401829
0.000429057
-0.397314
1.90285
0.0924254
-0.221512
0.026917
1.32699
-0.00553414
-0.0179347
-0.00520689
-0.0111973
1.03564
0.124224
0.0578207
-0.237906
0.000652907
-0.343509
0.43944
-0.386116
-0.157178
0.211219
-0.00308868
-0.16573
-0.557546
0.911938
2.1898
-0.0179274
-0.644297
-0.0677181
0.19335
1.43006
0.00641124
-0.00230692
1.48078
0.780698
0.220816
-0.0426764
-0.0300872
-0.502478
-0.00253822
0.0548824
-0.177643
1.94963
1.92911
0.00581972
-0.392623
0.103482
0.0920372
0.664193
-0.442316
-0.0474205
-8.79133e-06
0.56138
-0.323861
-0.495066
0.111189
-0.521743
-0.00584033
-0.0429546
1.47294
-0.373458
-5.91807e-05
-0.0407123
0.0370473
-0.00241962
-0.0643876
-0.000709909
0.0657496
-0.582116
-0.0279168
-0.000298502
0.000444326
0.988501
-0.289621
2.33432
2.01867
0.474848
-0.00842361
-0.0772251
0.00320144
0.16166
-0.346594
0.73681
-0.215183
2.02763
0.140423
0.00404927
0.108263
-0.27114
0.0277705
-0.0801812
-0.537331
0.0601398
0.230791
0.609648
0.144785
-0.290656
-0.0459551
1.37314
-0.0967995
-5.65362e-06
-0.368826
-0.624317
-0.110967
0.0723759
0.0108941
0.149158
-0.535368
0.335654
-0.35765
1.31851
-0.120571
0.0951029
0.205967
0.238545
-0.362574
0.0810691
-0.00145158
1.10909
1.47767
0.0822294
1.84649
-0.34961
0.446823
-0.281795
1.43304
0.830531
3.2041
6.3282e-05
0.9234
1.34087
0.153689
-0.01643
-0.18582
0.49707
0.000617837
-0.185294
-0.343385
-0.203409
-0.224167
0.00193303
0.247922
-0.00411436
-0.00993647
1.63701
0.0773317
1.21406
0.221101
1.46269
0.136861
-0.00436352
-0.0873706
0.095767
2.26387
0.0140058
-0.370927
-0.0024563
-0.00611463
0.0939208
-0.129231
-0.000342579
-0.109683
0.308984
-0.0213486
0.000440194
-0.000507107
1.13583
0.211444
0.0759165
-0.0123015
0.095805
0.16249
0.0968822
-0.0032025
2.37117
-0.00526805
1.53838
2.13241
-0.00233169
1.14776
1.02044
-0.00857274
-0.00293976
-0.00472387
0.403261
0.22228
-0.051271
-0.136539
-0.515898
1.26572
-0.269061
0.000142113
-0.195978
-0.175106
-0.362796
-0.04599
0.0666199
0.0136194
0.283032
-0.00570053
-0.00255837
-0.172533
-0.0459438
-0.25149
-0.000171872
-0.149714
0.339283
0.216507
0.0723539
-0.08801
-0.118833
-0.0928171
-0.0554417
0.152027
-0.0959515
-0.0011449
-0.00439541
0.246805
-0.123452
-0.0525624
0.0925979
0.0430257
-0.608491
-0.112056
1.16028
-0.126757
-0.497411
-0.221721
-0.228299
-0.157464
-0.0399724
0.0248135
-0.0375115
-0.138924
-0.1628
1.46913
1.24232
0.554735
2.13311
-0.000780517
-0.0331198
-0.165607
-0.0822822
1.03535
-0.204554
0.580906
-0.043549
1.61703
-0.0206543
-0.0173045
0.259656
-0.108952
-0.0024096
-0.176934
-0.0624424
-0.210584
-0.000224134
-0.070105
0.0209258
-0.176342
0.409504
0.33776
0.190114
-0.141396
-0.317127
0.901294
-0.0135515
-0.0209042
-0.0224835
2.84758
-0.000915371
0.726688
-0.213825
-0.206284
-0.267291
-0.364139
-0.289746
-0.344812
-0.181446
-0.0486988
-0.00104784
-0.0452265
-0.216298
0.810116
0.0177638
1.49388
-0.331908
-0.133329
-0.00992582
-0.290424
-0.0011073
1.10893
-0.30431
-0.263911
-0.23992
-0.0388209
-0.31502
-0.0180874
-0.413012
0.811834
-0.260485
-0.520588
-0.0156209
-0.272773
-0.185811
0.156086
-0.0343139
1.06883
-0.0256005
-0.192107
-0.00723655
1.18304
-0.394862
-0.266718
-0.0344339
-0.0988598
-0.0292573
1.54007
0.351855
1.78365
-0.0491997
-0.0087432
-0.0134411
-0.0247021
1.63948
-0.601158
-0.0717678
0.00364925
-0.0596645
-0.0190838
-0.0095389
-0.0869472
-0.158191
0.50157
-0.0524951
0.0670446
2.72893
-0.623831
-0.292766
-0.579719
0.000372668
0.642265
-0.0375678
-0.271284
-0.0591269
-0.360576
0.0498122
-0.00572767
-0.0306868
0.033911
1.41666
-0.0618962
-0.0189486
-0.0491411
-0.490328
-0.0878153
-0.224668
0.0481016
-0.0919463
-0.094267
-0.0347736
1.44218
-0.468934
0.0332798
-0.0445374
-0.279158
-0.14426
-0.505398
-0.0149295
0.76077
0.233973
-0.0826935
-0.0183768
-0.141022
2.93461
1.42967
-0.118012
-0.00617034
-0.0253655
0.111355
-0.0420547
0.212489
-0.00440558
-0.115756
-0.020988
-0.176258
0.451281
-0.0112477
-0.0985364
-0.0143985
2.04491
-0.0673751
-0.121864
0.339453
-0.0203419
-0.30291
1.11778
2.6577
-0.112341
-0.11878
-0.0224182
-0.0049405
2.12563e-05
-4.48073e-05
-0.105858
-0.00714098
1.17439
-0.00709789
-0.0192636
0.0887303
-0.0027596
-0.449749
-0.402782
0.173182
0.368969
0.255805
0.999922
-0.163191
0.744993
0.594048
0.766113
0.945394
-0.134684
-0.00933505
-0.0580206
-0.45352
-0.0371016
-0.156088
0.872229
2.26102
-0.352247
-0.005117
-0.000301217
-0.0156201
-2.6164e-06
0.107677
-0.00591887
-0.046102
-0.485224
0.00579984
0.0275261
-0.00235017
0.708908
-0.160566
0.022849
-0.0127322
2.04647
2.09294
-0.104874
-0.305322
-0.282599
-0.247482
-0.149651
-0.019869
-0.505437
-0.193781
-0.40778
0.337889
-0.000526104
1.46825
-0.0343529
-0.101401
-0.171083
0.191102
-0.0056646
-0.0875236
-0.0144965
0.154183
-0.016043
1.44831
0.00375013
0.103551
-0.00440236
0.104147
0.0906293
-0.00800587
0.209995
0.00452043
0.747624
1.02615
0.0289226
-0.0152833
-0.00132436
-0.00612044
-0.00536313
-0.617568
0.961303
0.646026
-0.00286605
0.107152
-0.00488399
1.57121
-0.600724
1.82585
-0.433949
-0.00478424
-0.00301212
-0.0764215
-0.0591817
-0.00664842
-0.000192592
0.254594
0.284163
-0.00252497
-0.00354521
-0.202657
-0.000235277
1.23324
-0.00985478
-0.530557
-0.195479
-0.0669582
-0.555609
-0.599012
1.13006
-0.0503977
-0.207419
-0.0033655
-0.5709
-0.210247
0.549072
1.22966
2.23036
-0.0124331
-0.597877
0.159668
2.09423
0.372673
-0.00126078
-0.0631311
-0.0427912
-0.0519484
-0.481845
0.833027
0.00198082
0.252438
0.0335021
0.798339
-0.00553262
-0.00129122
0.0576226
1.9642
-0.54847
1.25329
-0.0131255
-0.00215837
-2.65564e-05
-0.325033
-0.416991
-0.00359892
1.00273
0.114988
-0.0558569
2.438
-0.00413867
-0.0386215
-0.579881
-0.0641382
-0.0240399
1.02596
-0.295306
-0.00176075
0.164991
-0.00184025
-0.00105654
1.13946
0.0877834
-0.0048113
-0.521158
-0.250234
-0.0366261
-0.0777701
0.0244478
-0.230103
0.0169167
-0.0367276
-0.644435
-0.380855
0.272741
-0.00961271
1.21811
1.46989
-0.233574
0.107016
0.19202
-0.0449208
1.23083
0.981281
-0.28519
-0.00172371
0.106545
-0.558804
0.170778
-0.272676
-0.0221812
0.507123
-0.277741
-0.00145015
-0.000763019
-0.0872237
-0.230274
-0.262845
0.103283
0.472964
-0.438196
-0.00164034
-0.0145439
-0.00221121
-0.293226
-0.000252955
-0.0203824
-0.244485
-0.454204
1.26065
-0.0313591
0.0436584
-0.212158
-0.257711
-0.0013578
-0.46549
1.28764
1.16944
0.000251922
-0.001175
1.19005
-0.0264906
-0.490759
-0.40356
0.0347707
0.00503191
-0.705531
0.115965
1.21672
-0.573675
-0.0155129
-0.074622
-0.488435
-0.00615349
-0.00257196
-0.00953436
0.280068
-0.515175
1.34426
-0.00224571
2.86019
0.510893
0.00126321
-0.0101352
0.00270882
0.0030929
-0.000152826
0.00148801
-0.534283
-0.00759094
0.00455416
-0.00211249
1.06405
-0.0595809
-0.00205627
-0.000455561
2.38529
-0.216903
0.20153
0.0117109
-0.0076903
0.61202
-0.00102524
-0.108923
-0.0104452
0.0222848
-0.0629246
-0.00100989
-0.00221521
-0.303261
-0.356139
0.0742141
-0.123879
-0.109052
-0.000295296
0.210622
0.309022
0.856322
-0.0180986
-0.00165595
-0.557728
-0.0636028
-0.00524809
-0.495051
-0.00144992
0.452319
-0.000905579
-0.0134336
0.730055
-0.0215907
-0.58844
2.7076
-0.0171256
0.00293368
-0.502016
-0.407123
0.098497
0.0488711
-0.00159197
-0.313988
-0.000876855
1.40013
3.35843
0.95122
0.0312224
0.0373055
-0.000198356
-0.275053
-0.000591336
-0.0593335
-0.0178781
0.00397307
-0.0350774
-0.0924703
-0.00129396
0.00897888
-0.0720195
-0.00329772
-0.0947136
-0.16646
0.0236037
-0.0118996
3.05954
-0.0072425
0.0249865
0.00258823
0.141223
-0.500439
0.0993314
-0.00187688
-0.00104476
0.0284061
-0.00114697
-0.000293802
-0.110693
0.00727377
-0.000255267
-0.509581
-0.022644
-0.571399
-0.0172282
-0.000705193
-0.0325791
-0.0174482
-0.146598
-0.183939
0.0234856
0.00559339
-0.00488626
-0.0207301
-0.000819681
1.86412
0.0160204
-0.00021167
0.00612898
-0.021192
-0.00374462
-0.644873
-0.552145
-0.00135037
-0.0724769
0.000144939
-0.0257331
-0.000760635
0.333406
-0.00147687
-0.00193626
-0.0347069
-0.000238775
0.137719
-0.00241403
-0.013209
0.187843
0.000130736
2.34908
-0.533852
-0.4159
-0.000261252
-0.000220467
0.0192644
-0.0124115
-0.483179
-0.000179957
-2.48401e-05
0.00767201
-2.96509e-05
0.00400482
0.00467073
-0.00477639
0.00824119
-0.529312
2.79901
-0.282093
2.20262
0.0928287
-0.158965
-0.000198998
-0.00921357
-0.124959
0.00155381
0.00301236
0.00185292
0.82639
-0.0137616
-0.00224414
2.75943
-0.00567595
0.00613677
0.00525143
-5.02617e-05
1.00638
-0.0227487
0.0117846
0.00134832
-0.00548683
-0.000708066
-0.00951546
-0.436262
-0.00434399
-0.0158758
-1.53259e-05
0.00128474
-0.0026769
1.38049
-0.00459653
-0.00283093
-0.705338
0.0389242
-0.00087858
-0.0139135
-0.000631728
1.2844
-0.7283
-0.00305684
-0.00403603
-0.0182586
-0.00159781
0.54892
0.99856
0.595455
0.00531113
-7.04418e-05
-1.2165e-05
0.622778
0.00270879
-0.614732
-0.171079
-0.157547
0.755484
3.04725
0.0200521
1.54623
-0.145368
-0.291096
1.29573
-0.0037107
-0.660935
-0.000135027
-0.0919579
-0.498561
0.000577822
-0.419664
-0.00990468
0.0367865
-0.0520641
-0.431829
-0.427393
-0.0298155
-0.576597
-0.447669
-0.00194587
-0.122742
-0.000524001
-0.376626
-0.000290461
-0.00193508
0.291625
1.2498
-1.41698e-06
-0.454905
0.0368187
0.000784183
-0.200277
6.35488e-05
-0.139298
-0.00267174
-0.388716
0.00139136
-0.000893177
-0.0208416
-0.000458987
1.2172
-0.305401
0.908679
-0.000299182
0.00656446
-0.326442
9.33617e-06
-0.574618
-0.673305
-0.566307
2.89262
-0.0662425
-0.000184887
0.2587
-0.417087
-0.024893
-0.000244335
-0.000876854
-0.480426
0.00138672
0.00919793
-7.03311e-06
0.00171621
-0.28225
1.38839
-0.240365
0.89722
-0.0546322
-1.37039e-05
0.0705025
-0.432757
-0.000213395
-0.000145518
0.00338077
0.000675472
0.00422063
1.93389
0.341602
0.000588915
0.000117434
-0.679566
1.46296
1.34471
-0.000475384
-0.363919
-0.182613
-0.0975627
-0.488235
-0.0802606
-0.0298712
1.09718
-0.000413816
-0.264795
1.27533
-0.492125
-0.000167091
-0.631134
-0.0018137
2.17176
0.292007
-0.000131877
-0.000280015
1.41213
4.12574e-05
-0.00189781
-0.118834
0.000136317
1.81971
0.0373915
-0.0747585
-0.671468
-0.0384607
-0.572095
1.36604
-0.057426
0.151313
0.010366
-0.000198268
-0.0104764
-7.15237e-05
-0.000159654
0.322041
1.35578
1.1575
-0.00452802
1.70037
-0.093009
8.28083e-05
-0.463567
-0.00017331
-0.278023
0.300708
-0.136186
0.0465763
0.0187391
-0.0946996
0.002647
-0.0171047
0.211674
-0.0294351
-0.000476892
0.000307792
-0.000624111
0.301927
0.000569657
-0.200379
1.77713
-0.0606335
0.000526902
-0.035194
-9.61872e-05
1.08337
-0.00367512
-0.000664161
-0.000870811
-0.000137175
1.5229
-0.00158028
1.75611
-0.599791
0.00121488
-0.492111
-0.00492927
1.20414
2.83431
-0.0144017
2.56223e-05
0.000169751
-0.000217567
1.21647
8.48494e-06
0.0107314
-0.241552
1.6703
7.21488e-05
0.000160577
2.98262e-05
0.000259436
-0.206242
2.01283e-05
2.08367
-0.151636
-0.00125402
0.000310505
-0.0209768
-0.294025
1.44827e-05
-0.000571351
1.27116
0.000346613
-0.319725
-0.254563
0.00141411
1.04191e-05
-0.330613
1.37203e-05
1.28775
0.000153126
-0.00452595
0.000124327
-0.00178646
0.770337
3.35911e-05
-0.0166865
8.79476e-05
0.148879
-0.0343251
-0.0648417
0.0115582
1.18374
-0.00273363
-0.000810177
-0.0896991
-0.0867489
-0.00247238
-0.000525228
-0.00903855
0.00041786
1.6082
-0.0992354
2.87747
-7.30787e-06
-0.077298
-0.0015653
1.14039
0.000587714
-0.256582
0.000245916
-0.0160624
-0.334124
-0.00236664
-0.157759
-0.495397
0.0540364
-8.35998e-05
-0.467226
-0.00341016
-0.00298195
-0.0560021
-0.0904761
0.0131147
-0.000484846
-0.00442413
-0.00909439
-0.0129618
0.000137897
-0.0122743
2.74894
0.00100868
-0.0329336
-0.349936
-0.755825
-0.641008
-0.481408
-0.216291
-0.00528596
-0.115759
0.000789041
-0.000819982
2.80272
-0.000949105
1.4741
-0.00460587
0.00424039
-0.011521
-0.215192
-0.00424137
0.00879258
-0.000152022
-0.00399149
-0.000147916
-0.000800756
-0.149876
-0.00110788
-0.000266517
-0.000837456
0.00156347
-9.87098e-05
-0.418578
1.93889
-0.000103899
-0.00613744
0.000361004
0.000318052
-0.00851286
9.82314e-05
-0.00919945
0.00301007
-0.00370892
-0.65489
-0.00704037
-0.0185157
5.22893e-05
-0.0151516
0.00348665
-0.00015592
-0.000101733
0.000142635
-0.00808101
0.00576739
-0.438807
-0.253568
-0.664405
0.00632787
-0.0176307
0.275207
-0.669532
-0.000957181
0.167291
0.0720457
-0.0106461
-0.118022
-0.573381
2.65078
-0.00431653
-0.000156261
0.00906311
0.00050736
0.000186399
0.63612
0.0391018
0.718524
-0.307046
2.55535
-0.00532417
2.17176e-05
0.00160907
-0.000184329
-0.0137915
1.26125
1.56352
-5.43256e-05
-0.0017417
-0.000169222
1.50289
0.236555
-0.0424336
0.000126332
0.000202584
0.0729517
-0.00706321
-0.702623
-0.165423
0.000251754
0.035591
-0.291896
-0.000603153
0.0181961
-0.000667614
-0.460922
-0.0177183
1.18934
0.000176665
0.0168528
0.0016909
0.000157802
0.00182088
-0.227626
0.000156293
-0.0092541
0.000234855
-0.193059
-0.460449
-0.0283693
-0.0575693
-0.086056
0.0902646
-0.086597
-0.0248871
0.000688846
0.0011243
0.000213333
0.000186912
-0.000563516
0.0936168
-0.524678
0.00519443
-0.326519
-0.0309857
-0.415489
0.000897387
-1.95256e-05
0.0132347
0.263533
0.000191042
-0.340499
-0.140529
0.888369
-0.307665
0.000274378
-0.0343524
0.00204313
-0.00315564
1.03827
0.000121922
-0.576919
-0.20979
-0.0422155
0.000391967
-8.94441e-05
0.331699
-0.163792
0.000248978
-0.0675218
-3.66567e-05
0.00226385
0.995681
-8.79104e-05
4.03328e-05
-0.000859143
0.000356843
0.00911397
0.000917284
-0.0515051
0.00246114
-0.123767
0.0112247
-0.00212125
-0.282461
-0.419609
-0.0621771
-0.000155986
0.000224325
-0.480262
0.0582149
-0.472232
0.000301358
-0.0512216
-0.000374265
0.000254636
0.712998
-0.0694479
-0.0277957
-3.87738e-06
-0.170415
0.000513264
-0.665863
0.000279874
-0.752496
0.00020267
-6.35296e-05
0.000876995
0.0103285
-0.108745
-0.178396
-0.666688
0.000168909
0.00101764
-0.773166
-0.187
-0.0836604
-4.94437e-05
0.00080099
-0.465981
-0.790757
4.19157e-05
-7.90036e-05
5.54819e-05
-0.227515
-0.632547
0.00731477
-0.10809
-0.000555521
1.87474
0.000971507
0.000154382
0.00160042
-7.80365e-05
-8.56423e-05
-0.0359941
0.00120576
-0.0255577
-0.598346
-0.127743
-0.594179
0.000418895
-0.000511989
0.550546
-0.266049
-0.0466098
0.912504
6.0827e-05
-0.000134281
-0.000124065
1.23133
0.0018353
2.47711e-05
-4.10545e-05
-0.500853
-0.151148
6.93999e-05
0.000868227
-0.0906229
-0.0631852
0.00439359
1.58289
-0.524243
0.00220867
3.38436
-0.00016863
-0.00688035
-0.0766466
-0.812549
7.02384e-05
-1.28238e-05
0.000224732
0.0490548
-0.274937
-0.00337472
-0.480273
-0.0764573
0.000288299
-4.9265e-05
-0.0996196
0.0476275
0.229957
0.0222174
-0.455745
-0.383416
0.405318
-0.252398
-0.00062793
0.00371245
0.227852
0.00556366
-0.00076858
0.0077764
0.000325216
-0.000880171
-0.117639
-0.000123528
-0.000275469
0.415896
0.0969206
-0.00160822
-0.000361419
-5.34474e-05
1.69398
-0.0648216
0.0080042
-0.265196
0.00240897
0.00208776
0.00180692
-0.000481296
0.0050659
-0.365152
0.1951
-9.52874e-05
-0.00162605
-0.389567
-0.281565
0.432839
-0.00494641
0.018243
0.174444
2.36779e-05
0.000636616
-0.387586
0.000230043
1.23565
9.99623e-05
0.0418552
0.00175747
0.00234276
-0.715065
-0.071719
-0.174214
-0.0239265
0.000273499
0.0702648
0.531897
-0.119441
-0.00134661
0.774818
1.20413
3.78282e-05
-0.515988
-0.000659419
-9.85466e-05
-0.000446022
-0.00570271
0.191342
-4.26058e-05
0.00259388
-0.23847
-0.25226
-0.215474
2.00639
0.00019439
-0.000686971
1.25983
0.00587452
-0.0374039
-0.00656678
1.23951
0.000466866
-0.00311257
0.000492063
0.00029433
0.000323131
0.000371386
0.000755945
-0.17515
9.13913e-05
-0.0324837
-0.44614
1.74261
-0.00140031
-0.000494679
0.047137
0.703247
-0.368946
-0.00753911
-0.71186
2.00993
0.000441909
2.45983
-4.61826e-05
0.0337435
0.234771
0.00455837
2.58699
-0.000117157
-6.28769e-05
0.0116881
0.000317597
-0.00864438
0.00272682
0.000123046
-0.0195184
0.000127734
-0.00146352
-0.0327676
1.66977
0.503487
0.212278
-0.439814
-5.37869e-05
-0.000172113
0.0348693
-0.454382
-9.56946e-05
-0.468547
-0.000531523
0.84042
0.53784
-0.312117
-0.0134359
-0.109255
-0.0099371
-0.144892
0.0489616
-0.0684522
0.575371
2.26432e-05
1.95357
0.58918
-0.00578994
1.53604
-0.131057
-0.000126807
0.000252836
0.00068231
-0.00211022
-0.00121732
1.67472
-0.00979753
1.70791
-0.0102796
1.23144
1.61268
1.20265
-0.0690119
-4.74614e-05
0.000697728
-0.104388
-0.447713
-0.461857
0.0149097
0.00021709
-0.381184
-0.00310906
0.000116226
0.0101916
-0.0107209
-0.00621409
0.311373
0.000767299
-0.491819
0.546756
0.000592666
0.00282301
-0.130264
-0.513198
-0.00734971
-0.00521677
0.000141434
0.00261814
1.11173
-0.160424
-0.4526
0.0130972
1.06794
-0.380414
0.000373634
0.000238001
0.408343
-0.000860495
0.947351
0.0351811
-0.133216
-0.00382642
0.0162454
-0.344112
-0.000302122
0.00515667
0.0980184
-0.750987
1.33385
-0.640349
-0.263186
-0.00163489
-0.000455856
0.0662014
0.000482314
-0.769579
-0.639169
0.00588559
0.0354278
0.0374437
-0.510114
0.00668653
0.00201834
0.000403705
-0.400365
0.000296708
0.00583595
0.95859
1.31728
-0.483798
0.437291
0.442407
0.366778
-0.00156402
0.132838
0.00127275
8.99379e-05
-0.000706034
-7.83731e-06
0.000277384
-0.00358314
-0.0752487
-0.199989
-0.0962314
-0.262098
0.485435
0.403532
0.0409287
-0.607172
0.00170492
0.0486452
0.114574
-0.00388832
0.691241
-0.0114991
-0.105743
0.12468
0.0543909
0.0117893
-0.0399352
0.428697
0.00834327
-0.194929
-0.160774
2.96052
-0.236601
0.726955
0.46367
-0.330563
0.0216092
0.00110167
-0.0258609
0.000611999
-0.0262737
-0.245774
-0.000688486
-0.000428408
2.01649
-0.0326889
-0.419305
-0.186579
0.00208054
-0.0126774
-0.000226656
8.44407e-05
0.394648
0.000414927
-0.0293221
0.706125
0.0649673
0.0112524
0.18689
-0.0570065
0.042321
-0.343273
0.00880824
-0.0440061
-0.557682
-0.00853612
-0.0800417
0.00763436
0.015323
0.00994009
0.391253
-0.00312632
0.0569184
-0.553746
-0.201595
0.00321172
-0.554732
-0.148303
-0.171113
0.00109708
0.0657875
-0.584743
-0.00844224
-0.0476962
-0.516925
0.00790151
-0.0117047
1.60621
-0.185492
-0.000424358
0.0812422
-0.467053
-0.0105409
1.40866
-0.0198556
0.0102179
0.511821
-0.0143614
0.0848041
0.994391
0.000679127
0.0117178
0.00186356
0.000413096
-0.0442934
-0.0655273
-0.00127917
-0.240127
0.851721
-0.378206
-0.606891
0.0116981
-0.0325039
-0.00596625
-0.198508
0.000302927
0.188041
0.000505322
-0.157084
-0.01952
-0.049047
0.704709
1.0289
-0.632403
-0.000521955
1.54627
-0.0188588
-0.0223267
-0.612926
-0.645812
-0.152686
-0.000298961
-0.0106484
0.0721768
-0.0307082
-0.0469417
0.00442608
0.753492
-0.385587
-0.110127
-0.0663964
0.297285
-0.01354
-0.00191332
0.0169075
-0.000255244
-0.0308392
0.997091
0.00800599
-0.377309
-0.000555399
-0.0730653
-0.0319588
-0.663373
-0.112923
-0.690009
-0.000633534
-0.000612097
-0.0258384
0.108204
0.0191315
-0.675518
0.812845
-0.476752
0.00196874
-0.659389
0.000134803
-0.623403
-0.251914
-0.417069
-0.316477
-0.182947
0.128686
0.63805
0.808014
0.962081
1.12198
1.27516
1.69419
1.8209
1.94672
2.15763
-0.0800195
-0.0718878
0.680901
-0.136345
0.0090956
0.210339
-0.401604
0.0053063
-0.00629667
-3.10164e-05
-0.137915
0.173744
0.000456925
-0.00307148
-0.103701
-0.0051562
-0.511435
-0.0955914
-0.556577
-5.05375e-06
0.00582037
-0.000534134
-0.371415
-0.0849578
-0.352536
-0.0757738
0.0172253
0.00231969
0.0470457
-0.000328483
0.00830011
-0.000117927
0.00387661
-0.0406562
-0.112961
-0.00232757
0.00339377
0.43606
-0.100286
0.656307
-0.578686
-0.056832
1.55967
-0.185237
0.0376513
-0.21096
-0.0321526
-0.122645
-0.115617
2.14789
-0.011915
0.000731353
-0.0568698
-0.085223
3.25135e-05
0.680628
-0.0384835
2.05035
0.463697
-0.458898
-0.264504
0.502635
-0.0435879
-0.000485562
-7.73126e-05
-0.0411869
-0.475142
0.000598048
2.32086
-0.0274586
-0.0480056
-0.000791147
-0.00378112
-0.0566534
1.42051
0.190224
0.965618
0.0066596
-0.140256
-6.63748e-05
0.258535
-0.0714223
0.188185
-0.016043
-0.0534966
-0.00635885
0.0129565
0.119363
-0.000123063
-0.0881691
0.00550195
-0.00390293
0.00476301
-0.0295889
0.00225675
1.12067
-0.103847
0.038868
-0.15452
0.611774
-0.254193
-0.106622
0.452875
-0.180513
1.32431
0.180101
-0.0336553
-0.500009
-0.00658957
-0.000473605
0.00453714
0.000939654
-0.0206561
0.0441407
0.00091569
-0.126664
0.210432
-0.030526
0.000445018
-0.0326349
-0.420045
1.14459
-0.315248
-0.454938
0.0806161
0.754152
-0.0124212
0.810336
-0.114949
0.0521405
0.339701
-0.561724
0.886538
-0.000521115
-0.283631
0.0115597
-0.0149566
-9.88851e-05
-0.0589742
0.933654
0.00879562
1.64664
-0.204031
0.342028
-0.154948
0.00135853
-0.0138214
0.585345
-0.215739
1.67402
0.377206
0.233869
1.28258
-0.410553
-0.0420837
-0.630663
0.00758731
-0.334512
1.18232
-0.0283244
2.27164
-0.0130224
0.755166
0.00103113
0.819915
1.12309
0.0405017
-0.193916
-0.00368417
-5.89682e-05
0.0522664
0.0215362
-0.385627
-0.351239
-0.0553779
-0.400749
1.2241
0.503205
-0.31459
-0.148721
5.99784e-05
0.0418248
1.94653
0.0457924
1.23361
-0.572235
0.0527948
0.000876483
0.00388532
-0.198246
-0.0111183
-0.0254135
-0.300902
-0.00609961
0.0350566
-0.279901
-0.382968
1.79594
-3.26556e-05
-0.172548
0.00187716
-0.248621
-0.00348787
-0.537537
0.98179
-0.318415
-0.225177
-0.0139273
-0.146887
-0.00651679
-0.0507496
0.690227
-0.257311
-0.000181822
-0.065468
-0.0363313
-0.0035662
-0.0230037
0.120271
-0.103363
-0.331418
-0.000386419
1.15355
-0.242517
0.0691838
-0.00363866
-0.0765921
-0.00361117
0.06214
0.00296567
-0.230432
-0.00100181
-0.367504
0.0282302
0.000195984
-0.100454
0.0030877
-0.0898331
0.0135753
1.25881
0.0120825
-0.0917782
-0.0875091
0.039471
0.979913
-0.141547
-0.0303446
-0.143829
0.00332056
0.955619
0.437792
0.0127514
0.00121908
0.480537
-0.428977
0.0268187
-0.253471
0.0182058
0.00374756
0.357575
-0.26833
-0.12632
-0.10853
2.34012
0.254481
0.101833
0.308957
-0.00427501
0.00026421
0.0182765
0.0316251
1.28726
-0.0331879
0.208219
0.00104247
2.78031
2.66066
-0.0147055
1.4237
3.28692
-0.283342
0.000185831
1.20105
1.09326
-0.0361192
-0.226059
0.00178789
6.7625e-05
1.09456
0.467755
-2.199e-05
-0.500196
0.000985826
0.414032
0.64812
-0.314503
-0.338762
-0.193686
-0.0028982
0.0113386
-0.124916
0.716233
-0.415639
1.46935
-0.095542
0.459858
-0.0150101
-0.00228605
0.0105521
-0.0280248
1.05095
-0.045489
1.07934
-0.00277048
-0.596819
-0.42322
1.0647
-0.0591806
0.00515085
-0.346916
0.00402688
0.126051
0.911745
-0.0750463
1.1789
-0.092163
-0.0278952
-0.676793
0.414556
-0.636605
-0.155289
-0.00888084
-0.249467
0.0142841
-0.0893262
0.0168766
-0.262457
-0.111404
0.398318
-0.0400171
-0.727566
-0.380354
0.282294
0.46317
0.913735
0.041546
0.000120189
-0.0620676
1.39228
-0.000962346
-0.0589448
0.00643048
-0.00248754
-0.388741
0.000177098
0.0326268
-0.0108662
-0.0165623
0.00347792
-0.36807
-0.0110358
-0.116629
-0.0350555
-0.0315352
2.42892
0.46813
-0.323529
-0.095139
0.0153801
0.001232
0.13207
-0.0103397
0.0841475
2.48914
1.15036
1.02364
-0.00214457
-0.156802
-0.0141752
0.307248
0.910453
0.888933
1.13392
1.1904
-0.132122
-0.0088442
-0.0218033
0.364662
-0.024522
1.23543
-1.23703e-05
-0.0136587
-1.42019e-05
-0.0382086
-0.295604
-0.0223665
-0.115048
-0.259451
-0.522561
1.17208
1.06889
0.408621
1.08548
0.671363
0.645316
-2.51303e-06
-0.0560767
-0.0754618
-0.0364106
-0.0393553
-0.402215
0.594419
-0.170743
-0.0126073
-0.623993
0.865993
1.02815
0.493138
0.945767
-0.363131
-0.155043
0.277106
-0.049991
2.26748
0.000848977
-0.581142
0.559648
0.170058
-0.00673098
-0.395418
2.76027
-0.179698
0.531992
-0.00661666
-0.785797
0.00305068
1.88012
-0.446994
-0.205871
0.46047
0.215134
0.526021
2.62874
1.80585
0.0256921
0.00519384
-0.0263095
0.00173971
-0.292974
-0.0551931
0.496718
5.01509e-05
-0.0193475
0.7385
2.38517
-0.234717
5.64002e-06
2.75694
-0.600918
0.285213
-0.0379977
1.14901
-0.796499
0.502477
1.11736
2.57453e-05
1.00636
-0.263626
0.00207041
0.382686
0.35388
0.501073
2.26876
2.63848
0.0530569
0.481807
0.00602242
-0.351395
-0.293414
-0.00115821
1.1006
-0.621581
-0.680475
0.375584
-0.00625555
0.000364392
0.0515242
0.167792
2.14941
-0.325461
-0.026103
0.0015696
-0.0345399
0.000856468
-0.165216
-0.358167
-0.0835155
-0.250274
-0.609901
-0.39286
-2.33289e-05
-0.358452
-0.0268958
-0.633521
0.464405
-0.000393626
4.70496e-06
3.59005
2.53933
2.61982
1.95185
0.201269
0.000831485
0.246597
-0.247756
0.00170059
2.11315
0.29071
-0.00655285
0.842249
0.776204
0.519255
-0.634766
-0.488864
1.50473
-0.606858
0.424131
0.0657985
-0.32807
-0.212921
0.731824
0.88332
1.03402
1.18798
1.73561
1.86237
0.68113
-0.382322
3.07765
-0.0511231
0.467939
-0.51847
0.0584395
0.845088
0.0869734
-0.088394
-0.699412
-0.421863
0.366289
0.00142945
-0.454077
2.60759
0.347586
2.2836
1.78779
2.97639
0.465418
-0.563648
2.56619
0.261472
1.61069
-0.00950435
-0.0463818
0.00354096
-0.377049
0.784027
-0.00325509
-0.427073
0.141961
-0.454346
0.533762
0.0237169
0.796313
-0.331199
0.0127523
0.00548773
-0.507923
0.0480926
-0.00615568
-0.226719
2.89388
0.000122101
0.552044
0.0238728
-0.116519
0.0591155
0.527283
0.0118798
-0.641938
-0.000753776
-0.042492
0.759899
-0.0284352
-0.315961
-0.0558453
0.000458011
0.537146
1.33498
-0.424607
-0.217441
0.524262
-0.0297839
-0.019743
1.18882
1.01832e-05
0.426731
0.279145
-0.560759
-3.40466e-05
-0.0156734
-0.000252746
-0.271875
1.17883
-0.000186872
-0.0785479
0.00101325
0.164969
-0.2081
0.00216299
-0.385898
-0.463672
3.69201
-0.000484157
0.609439
0.0147402
-0.00714552
0.00747942
1.47369
-0.0244132
-0.393923
-0.469479
2.07615
-0.251196
1.05813
5.7951e-05
1.7588
0.704919
0.000102116
-0.572803
0.72729
-0.00396385
-0.000453957
-0.430272
-0.356243
3.64523
0.000487921
-0.325988
-0.43613
-0.000292573
0.223573
0.00509057
-0.226353
1.41308
-0.334734
0.279723
0.0631574
-0.000489275
2.23104
2.58055
0.0160335
0.0218486
-0.502833
2.18106
0.00451666
-0.00189498
0.628939
-0.64924
-0.39936
-0.0115698
0.00255936
0.730494
0.240845
0.160019
-0.538555
-0.684376
-0.268361
0.424692
0.000356772
-0.200912
3.58517
-0.0113954
-0.0150361
-0.0396222
2.86264
0.886401
1.43356e-05
3.28483e-05
1.25524
1.25138
-0.271414
-0.499398
-0.465596
-0.000448637
0.22702
0.136274
1.09513
-0.0361724
1.75021
-0.183161
0.348099
2.47708
0.00238576
-0.0920897
-0.0727985
0.0793431
-0.180084
0.00188062
2.17939
0.554238
0.685245
-0.219725
-0.556926
0.000721284
1.31209
0.00596115
0.00128503
-0.340638
0.68507
0.0143922
-0.0975252
-0.288571
0.986928
-0.0254651
-0.377561
0.00752734
-0.314874
0.00387924
0.0114873
0.00333758
0.604466
-0.247741
1.27175
-0.0835382
-0.000786459
0.00241124
3.29969
-0.00059065
-0.302961
-0.431196
1.91135
0.461655
0.00115976
-0.128413
-0.135611
-0.536278
0.598997
-0.430512
0.908802
-0.129447
0.922383
-0.160377
-0.06745
1.92237
0.0222149
-0.104746
1.38657
1.03588
2.72257
-0.349918
-0.282535
-0.00828678
-0.221099
-0.471451
0.850396
-0.00793666
0.2943
0.00151745
0.175532
-0.0264697
0.305435
-0.233727
-9.61174e-05
-0.0149642
-0.194635
0.0012745
0.785893
-0.405115
-0.012909
0.00065001
0.345903
3.32904
-0.803098
-0.149715
-0.0254147
-0.00142506
2.31661
0.329418
0.000147876
0.137189
-0.810244
-5.54724e-05
-0.00558607
-0.368926
-0.0944583
-0.0486426
0.959439
2.07067
2.27
-0.359134
0.00393846
-0.4188
0.00108873
1.65924
2.99405
0.00110128
-0.00570215
0.406915
3.09567
3.43621e-05
1.87863
3.19604
-0.433206
-0.101678
-0.0249895
1.87522
-0.0584896
-0.729054
2.81098
-0.0486888
2.02696
-0.212314
-0.0847686
2.89559
1.44394
1.9186
1.76588
0.0225662
-0.000150949
1.34607
0.629536
-0.138374
-0.822143
0.254007
-0.728401
-0.126308
1.88531
0.00274847
-0.0543011
-0.543611
0.202032
-0.255718
-0.511077
-0.155967
2.22749
0.505745
0.227608
2.80018
0.00861011
-0.000401257
0.512612
0.397062
0.551122
-0.00226291
0.0666313
-2.55654e-05
0.132607
0.195017
-0.000333334
-0.0111619
0.00676439
0.000783338
0.700581
-0.075567
0.00410482
-0.0816693
-0.754925
-0.0862865
-0.0284158
2.16996
-0.174681
-0.127494
0.0129926
-0.136185
0.000650121
-0.28908
0.978903
0.196715
1.30842
0.0800716
0.830264
1.39583
1.51367
-0.231369
2.37926
-0.121103
2.34848
-0.620637
-9.76505e-05
-0.093867
-0.160542
0.250292
1.11223
-0.53787
0.00268587
3.67842
0.0727027
1.08893
-0.345906
1.01313
0.671424
0.00768706
-0.280462
-0.702523
0.0217151
-0.00694871
-0.0975462
-0.347576
-0.0457124
-0.0689044
-0.708537
1.30407
-0.0482866
-0.320035
-0.000123483
3.1297
3.43941
0.0606468
0.000849163
-0.265252
0.0183666
-0.253533
0.00107664
0.571752
-0.232552
0.00181192
-0.00609682
-0.333218
-0.00792941
-0.168588
-0.237866
2.42814
-0.695662
2.11559
-0.00642615
-0.100023
-0.136766
0.993295
0.636756
-0.379177
0.0194701
-0.134262
1.8822
-0.340943
0.00318939
0.000507215
-0.026722
5.071e-05
0.0562984
-0.0144202
0.126309
-0.0600527
1.15649
0.000479271
0.0142533
1.98187
2.07918
-0.23826
-0.0191808
1.74286
0.00260603
0.0027651
0.579899
-0.0107296
2.87395
-0.351439
2.01702
-0.0807963
-0.000371459
-0.0798237
2.59021
1.90741
0.159033
0.0410648
-0.00179525
1.02547
0.709948
0.135176
-0.0119941
0.0964171
-0.499183
7.46964e-06
-0.200884
-0.419429
-0.28238
-0.0470164
2.96757
-0.0380836
-0.236912
-0.315213
0.00550656
0.000225009
0.0147385
-0.0426039
2.48382
0.197171
0.00073966
0.0077749
-0.507482
2.70923
0.002022
0.00651211
0.466727
-0.266528
2.60817
-0.28491
2.1518
1.99158
0.00192821
1.95003
2.08869
-0.253386
0.519941
-0.00210879
2.13837
0.00530318
-0.00105606
-0.0368479
1.52895
-0.0751206
1.73923
0.0192365
2.98496
0.0228968
2.80111e-06
3.73706
0.359967
3.2196
1.02587
-0.355383
0.192506
-0.55242
2.59073
0.00241303
-0.00118796
0.724863
-0.0074977
2.87757
-0.663336
-0.658184
0.020327
0.669208
0.914748
-0.682095
0.143152
-0.206048
-0.0415879
0.273753
0.0040467
0.033901
-0.164409
-0.214821
-0.325569
0.794331
0.174317
0.952833
0.574049
3.12649
-0.427404
0.305163
0.00424711
-0.77741
2.20943
0.0546107
0.919181
1.67442
-0.200735
0.155872
-0.667071
-0.000656103
-0.0393917
-0.0237296
0.0809392
-0.0466422
0.224671
0.00112336
1.15669
0.808335
1.4612
0.941034
2.06583
0.114981
0.79287
0.199558
0.255408
-0.175029
-0.668143
0.638546
2.10795
0.379969
-0.0509838
0.383056
1.02133
-0.045409
-0.540278
1.46856
-0.163435
-0.331146
1.0539
0.331688
2.801
-0.000334762
0.000182931
-0.51352
2.1728
2.53102
1.90271
2.34162
0.586867
-0.0526135
-0.0747812
0.917616
-0.156252
-0.00339584
0.286551
3.01384
0.0602763
2.13727
1.10001
0.161173
0.00123684
-0.350574
2.56539
-0.0236176
-0.072102
1.57773
0.148703
0.00272815
-0.037495
-0.0499683
3.45026
-0.516597
1.27514
1.31018
-0.0551167
0.680794
1.98816
2.5256
1.21765
-0.595378
0.97516
0.917943
3.62878
0.00715891
-0.0202817
2.32351
-0.617013
2.1508
2.4864
0.0318435
-0.320419
1.08164
0.000655599
2.6261
-0.122854
2.40664
0.108786
0.0194499
0.155457
-0.0114231
3.5806
0.000802237
-0.660083
2.11006
-0.00424143
0.203492
-0.222937
-0.220036
1.16648
-0.189651
0.00905201
1.09908
-0.158837
0.00766242
0.000694332
0.849777
-0.0254673
1.60806
-0.671798
0.0804713
0.652687
-0.0139007
0.062708
0.623748
-0.659069
1.68447
-0.207896
-0.0195587
1.35614
0.00187116
0.0175923
1.49637
-0.122235
0.0629317
1.19874
2.70369
1.36798
0.174239
1.77262
2.52043
-0.119524
-0.000102708
1.88426
-0.537451
0.133327
-0.00853026
-0.532533
-0.00292943
-0.00698602
0.544026
-0.0417807
-0.0832071
-0.185761
-2.64475e-05
1.81829
-0.00652084
0.324718
-0.483851
0.000668859
-0.435114
-0.224702
-0.536426
0.00540138
0.268464
2.42826
2.67177
3.34733
1.25763e-06
-0.200319
0.000800502
0.000400233
0.000129206
0.00724977
-0.0120958
-0.0383538
1.81671
0.203858
-0.0286938
0.672323
0.258319
0.0814365
-0.558203
-0.441465
1.00068
2.00198
-5.97481e-05
0.138672
-0.122969
-1.34806e-05
-0.404107
0.54117
1.62426
1.41674e-05
2.74085
-0.303847
0.891383
1.12741
0.015783
1.30074
0.0239202
-0.721191
3.2318
0.00154477
-0.0537085
1.73791
-0.00290781
-0.24042
0.000479751
-0.0066245
0.0239235
-0.107205
-0.0271057
0.00248171
0.000415021
-0.0701355
-0.657078
-0.426733
1.19468
0.580161
-0.0814482
3.03545
0.173471
2.80013
-0.136824
3.13396
2.84448
2.93931
0.121905
-0.0975685
0.098357
-0.0188699
0.00237496
1.64473
-0.220825
0.00919319
1.59903
3.20851
1.24553
0.839233
0.123369
-0.168357
0.134448
0.0553969
-0.378285
-0.0836841
2.84388
-0.00397383
3.49907
1.97611
-0.00703642
1.74624
-0.247612
-0.729004
1.27667
0.58335
-0.0395849
1.25544
-0.146115
2.25993
1.34936
0.0165418
0.000401238
0.318216
-0.426163
3.03779e-05
0.036055
-0.548671
-0.00660547
-0.305954
1.09423e-05
-2.69877e-11
-0.777647
-2.91053e-05
-0.0543242
0.0146895
-0.260733
1.27894
-0.525913
0.088214
0.782659
-0.413585
-0.699677
1.01918
0.174475
0.158777
2.22485
1.98883
-0.000716633
1.81915
-0.59773
2.95549
1.69677
0.0254871
2.29722
3.0049
6.38304e-05
1.58569
0.302581
0.41752
-0.362891
-0.000220659
0.958695
-0.509858
-0.0409316
-0.00259159
0.000739974
0.153548
0.0101353
-0.538761
0.616474
-7.99647e-05
-0.624258
0.888322
-0.0732211
0.0148217
-0.0507957
-0.00842293
-0.000367946
2.95793
2.75263
0.613919
-0.516544
-0.0359211
-0.0183139
-0.00314093
0.00112154
-0.029086
0.110309
-0.438838
-0.390341
0.290655
2.25069
-0.385769
3.52002
0.00491598
-0.331252
2.41658
0.00393917
-0.399821
0.000898218
-0.00383948
2.88738e-05
0.00388801
1.26062
0.0017349
0.013612
1.26848
0.274211
-0.081952
-0.128266
-0.0881054
-0.000415469
3.3299
-0.51978
1.77971
1.2549
-0.0398593
2.14422
4.5055e-05
0.581351
0.00020677
0.0289608
0.101228
2.93484
-0.00991857
1.98486
0.831379
-0.00396753
0.000876653
-0.207598
2.3146
4.84144e-05
0.128328
-0.00180171
-0.685757
-0.354137
-0.156243
-0.119915
-0.21245
0.342173
0.0291977
-0.69504
-0.371499
-0.0570001
0.0055912
-0.000372654
0.00346843
-0.00794944
0.000408461
1.24198
0.0160665
0.0128859
2.35625
-0.0100788
-0.447147
1.57289
0.000188601
0.0264011
-0.591095
3.32369
0.0783329
1.60478
-0.322112
2.02321
-0.202901
2.6314
-0.523125
-0.538825
-0.129463
2.91913
-0.159125
-7.92959e-05
0.0041982
1.2554
0.623697
1.08251
3.40886
-0.39744
-0.801572
2.48659
0.0102571
0.62144
0.113369
-0.0391858
0.0224478
0.129452
-0.00229446
-0.614194
1.20471
1.12158
-0.104037
-0.000413997
-0.000365282
5.85491e-05
0.0594048
0.00157781
-0.591414
2.50581
-0.417824
3.58848
-0.578549
-0.018452
3.51213
-0.184575
-0.0696338
0.00378151
-0.010398
-0.0809946
3.4369
3.39701
-0.260813
-0.133035
0.00216192
2.21643
1.8285
0.155934
0.895543
-0.137816
-0.170662
0.0784216
2.78257
2.68871
1.04248
-0.0769633
0.0114963
-0.141775
0.260446
-0.0079641
2.36272
-0.0113274
0.0681695
-0.0172618
-0.629782
0.648096
-0.454644
-0.0871845
3.19213
1.26456
1.26751
-0.623863
0.830171
-0.0706649
-0.000353863
2.51968
-0.000426331
-0.0381065
-0.534078
1.17852
0.0011153
1.92696
0.238656
-0.539728
1.02999
1.28445
-0.251717
-0.071049
0.37581
3.44494
1.17505
2.70424
-0.00789459
1.05196
0.147878
0.0824884
2.03179
0.0158265
0.157426
-0.227363
1.04205
-0.389869
-0.232764
-0.354964
-0.544892
0.0183286
-0.218403
2.81336
1.09762
-0.237831
-0.0576014
-0.149524
-0.478395
3.43526
-0.0901567
-0.0736449
-0.449763
-0.0509946
-0.115461
0.224097
0.119659
3.66936
2.73309
0.183859
2.58115
2.68257
-0.076427
0.142716
0.266437
0.683688
-0.00740213
0.731034
-0.00239721
-0.189951
-0.655339
-0.35017
-0.0290111
0.107532
2.28783
0.804669
2.49987
2.66901
2.7586
0.00124325
-0.0752204
2.78627
-0.154213
3.24779
2.46342
0.0262178
3.08799
-6.82818e-07
-0.00166258
1.08064
0.838746
2.55974
0.0276273
0.147052
0.0247122
2.28479
-0.17493
0.138295
2.83332
-0.378485
2.84469
-0.111875
-0.29749
2.47697
2.7519
1.81532
1.66026
0.76137
-0.0713795
0.0809702
0.00220258
2.87329
1.87718
2.30153
1.72036
3.13629
0.145421
-0.53245
3.04929
-0.000412172
3.10743
1.11371
3.39016
3.2112
-0.00037506
-0.402452
2.74818
0.0210585
-0.0274175
5.82473e-06
-0.314079
0.116918
2.53849
-0.101254
0.124376
1.14279
-0.364162
-0.00735482
-0.191671
2.7892
-0.217125
2.69853
3.04071
2.49808
0.88073
1.68693
-1.73353
2.41277
3.47148
4.40598
2.22987
-4.08533
0.865482
3.46287
-1.14691
0.62911
3.19802
-1.20023
3.77344
-3.95966
-0.700833
4.69136
0.375468
2.66536
0.881788
-4.54373
2.5534
4.51855
1.16522
3.31232
-0.838535
4.01032
-5.39012
-2.90709
1.83716
2.9235
4.00626
-0.631804
5.42069
-2.64417
3.96021
1.98169
0.463939
-0.684903
-0.990699
-5.55939
1.66918
1.18398
-4.00813
1.14901
3.2469
-1.26095
3.74346
-0.0432479
1.1561
-2.57242
-1.22605
2.16371
2.00497
1.10394
1.53668
2.27341
-4.28876
0.402418
-3.63816
4.81205
-1.24009
3.91431
2.71699
2.6107
-5.92054
1.33881
7.2462
6.25237
-0.929236
3.7019
2.32248
1.00716
2.0801
-3.48554
-1.4739
4.23277
3.16267
1.6485
2.5808
2.93956
1.73163
-1.21375
2.69302
2.72173
2.90819
-0.798203
1.53924
4.6502
-4.7005
-1.02038
2.46265
-1.34889
3.18283
0.294685
1.93222
-1.65267
-1.73781
7.29964
1.76129
5.47237
2.84669
3.92981
-0.668363
-2.68186
4.05765
-2.45501
-1.57619
-0.751544
-0.693023
-5.59868
0.548619
2.2243
4.90875
3.39531
0.381937
4.86847
-1.32245
-0.778127
5.05315
4.00436
7.39163
0.703547
5.32038
1.04587
-5.21268
-5.90373
1.0045
-1.4665
0.148789
4.0485
-0.888212
-0.682858
3.87687
0.415972
0.328419
-1.87713
1.45855
1.2948
-3.64319
4.00534
-1.1311
4.7546
7.40598
2.28171
1.15008
3.36456
4.43787
-1.32998
-3.34243
1.75906
2.30458
3.97855
3.0482
-4.25225
2.68674
3.02207
0.272525
-1.01385
-0.122256
-3.48817
1.48386
-0.867301
-0.964894
1.63014
-1.07945
-0.631235
3.13458
2.53894
1.40334
-1.07036
2.22737
-6.02672
0.00909671
3.42807
2.54907
-6.00146
-0.779802
2.59284
-0.845651
1.98254
6.09409
-0.578143
-5.64912
-0.215874
-3.04314
0.736809
1.05099
2.67158
1.27832
-0.846267
0.398266
0.97997
1.9148
0.629333
-1.65271
-0.0805902
-0.737381
2.12534
4.92848
1.93355
-1.63073
2.25236
0.890316
2.22214
2.07428
3.32077
0.243629
1.05973
4.80375
4.00297
3.07675
4.54266
1.10594
-0.75516
1.65396
-0.778309
4.45173
-0.854683
0.084991
3.85301
-1.52698
1.658
1.92146
-5.6271
-1.10275
2.05755
2.27665
1.97419
-1.36848
-1.42654
3.76183
3.47208
1.90834
2.69072
2.20809
4.29558
-0.657967
2.23807
1.79526
1.64982
3.17251
-6.61155
0.632932
-0.512635
1.05688
-5.16669
3.88603
-5.9724
4.98125
0.167112
2.37751
0.780866
3.20595
-0.0132239
1.04152
-0.22563
0.699306
7.49455
-4.21231
-1.44448
1.78338
2.86751
0.478591
5.17479
-0.309327
0.135969
3.95779
-0.334863
-2.00028
-2.348
-2.33433
-4.38995
-4.01352
3.83315
1.70917
7.62557
3.52849
2.16876
-0.708999
3.90547
-1.59059
7.65399
0.571337
3.81491
1.95902
1.07227
2.0538
-1.41186
1.05797
-1.70319
-0.423722
-0.86316
2.71806
3.15802
2.59335
2.53931
4.55378
2.77439
-3.95508
3.506
4.83389
-0.878532
3.03734
-0.723133
-0.57011
2.30816
0.297657
0.385732
1.34012
-5.54708
3.18938
0.993898
1.39656
-0.0340149
3.68686
2.64447
3.18399
7.36983
-1.70235
3.27025
0.349945
0.997619
1.3569
2.24296
-1.25135
-5.73474
1.43282
2.1522
1.35634
0.801144
-1.35374
-1.28782
1.22176
-0.536409
1.95279
4.46743
1.17726
1.59346
-5.02556
-3.86796
-5.30829
-2.64344
-4.75995
-0.805145
-0.804589
-1.00376
4.10792
0.13599
-0.835794
2.96064
-2.21984
2.63432
1.99935
5.83785
1.70652
2.465
5.18842
4.36082
1.68102
3.47702
-1.87424
1.16789
2.25723
6.05731
3.34078
4.45671
-1.27981
-3.29213
2.21327
1.55144
-2.56887
5.11084
1.28058
0.702731
3.04694
-5.23283
-1.55881
2.00322
2.78919
-0.200173
3.79296
3.53663
1.05284
2.57759
1.65463
0.034968
-5.71628
2.26528
1.63929
-4.23453
3.14517
6.34447
-0.709656
-2.31725
-2.37239
-1.64481
0.73823
3.34017
-4.11557
3.48078
0.893499
1.97728
3.0604
-1.57901
4.15183
-3.59044
2.44058
1.74611
3.25656
3.80459
5.90595
-2.76106
1.37403
0.165439
-1.51428
1.82121
3.92373
4.40096
1.70928
2.10792
4.7814
0.824323
-1.26342
1.77001
0.75992
-0.968267
1.96975
4.13785
4.62589
-1.08745
-2.33082
0.156975
3.47948
1.82301
3.62346
0.733393
5.22001
2.33713
3.39098
-1.10776
3.2144
2.86821
2.2309
-0.8597
2.59308
-0.979307
1.67623
1.79421
4.02361
-0.30851
2.93123
1.56618
-1.70093
-6.67589
-5.60571
-1.25897
1.27689
0.324519
-4.11209
-5.77468
-5.12786
2.22298
-1.67507
4.7727
-5.31599
1.53238
2.1792
1.68559
-2.75394
1.88687
-0.904503
-0.798991
-0.869162
1.32705
1.19686
2.12597
5.43886
6.05861
-0.0147553
0.587355
-1.10925
-0.669106
5.63564
-0.805309
2.96534
2.26993
0.149119
-0.443149
-0.513886
0.373093
-3.79216
3.34303
0.948962
1.88208
3.14599
-5.68521
-5.06258
-1.21987
-1.51516
4.13237
-4.46206
1.73057
-1.16855
2.58028
-0.921984
6.44271
1.95441
-1.32025
1.84238
5.9431
-3.16037
3.46075
-1.1481
2.37693
1.29183
2.48096
0.645219
1.05114
2.2896
1.90083
1.66649
3.87345
2.19843
1.61025
3.26734
1.7346
2.8116
-3.00153
-5.6151
1.16527
-1.62715
2.8378
-6.25224
1.85571
-1.29388
2.39468
1.07281
-0.854957
1.22966
-1.5713
2.36801
-6.03007
0.722088
3.96236
-1.79251
-5.57279
0.884714
1.53838
5.84227
-5.39459
0.858417
3.70853
-1.5626
2.38482
1.26773
3.46792
4.58186
-1.20885
-3.22131
0.288604
3.8088
7.43159
1.30025
-5.42007
0.319084
2.06522
0.84425
-1.6762
-5.43284
3.11999
-2.97186
-1.80053
-1.1379
-5.40899
1.37803
2.48704
-0.88592
6.42426
-4.71293
0.429891
-1.10853
-0.103702
1.53222
0.695787
-0.200965
0.0672681
3.25513
0.455203
5.96421
-0.369286
0.879927
3.0847
2.83541
0.679907
-1.2678
-3.53101
3.28164
2.276
4.59825
2.77349
-0.922776
2.17022
4.11772
-0.697261
4.2134
-4.82488
-5.73454
4.50887
4.66412
0.474787
2.30839
-0.761749
2.41144
1.78833
4.43173
1.38409
-0.131759
2.2114
2.16573
0.629112
1.81475
-2.02511
-0.866285
2.88544
1.80161
3.98871
-3.78928
-1.77597
0.702355
3.21233
1.24522
2.54689
2.14898
-3.9512
-0.587514
-0.836821
3.3786
4.0035
1.5046
-5.5003
-5.60868
5.85615
-0.957145
4.68093
4.72021
-5.2429
4.62337
-0.32412
4.9159
2.26413
-0.654944
1.92393
3.05893
-0.151309
3.64859
4.90224
4.41199
1.01875
-5.43593
3.90035
-4.47955
1.86492
6.84456
-5.72703
0.795061
-0.902721
4.62519
3.12102
-5.57545
2.15397
-1.94718
1.41301
-0.0820241
3.8142
0.585711
3.9188
1.7258
-5.03696
1.63237
3.21813
2.89903
-1.24189
1.43551
2.13906
-0.937154
0.238078
-1.63144
-0.422304
-0.793139
-4.69903
0.938597
4.50199
1.80737
3.72366
2.89574
-0.895008
1.34746
3.19876
-3.05403
4.21329
-3.39487
4.82056
0.583165
-0.768557
1.79691
0.982682
0.897762
2.43041
-2.21707
-5.25223
3.72716
4.43408
4.25957
0.106646
4.94913
2.75257
-5.19527
5.59921
1.51012
1.59133
2.50866
2.35804
1.18071
2.59401
0.543028
1.71194
1.64253
-5.39198
2.08557
4.06412
-0.657802
-5.40116
4.70908
1.73966
1.53812
-5.04703
-5.48765
-0.15571
5.0303
0.50772
-0.49046
-0.114956
2.98448
2.58747
2.58912
2.27292
0.268321
0.0671789
-0.889628
4.22279
-5.67863
2.50178
3.00127
-1.64022
2.27437
-5.89846
0.459544
-1.33241
-0.405847
1.50396
3.77275
2.6124
0.866259
-0.567251
1.54438
3.56907
-0.939701
3.22456
2.94401
4.98526
1.12349
-0.822421
0.171052
1.87634
3.69042
-5.49777
3.9463
-2.5689
-0.805945
4.27051
0.810268
0.175854
-4.94336
-1.18998
0.168019
1.23073
-0.751335
3.81749
4.43283
1.9974
1.65606
1.21416
2.30995
6.0214
3.39304
4.51815
-1.25828
-3.27058
0.934772
4.58011
2.82973
0.23609
3.68136
4.58384
-0.867706
0.615663
1.54586
3.38868
-4.71553
2.88268
4.3839
4.02709
0.963249
1.21354
-0.271739
1.69107
-3.70075
4.02566
-1.6881
2.95359
1.87051
0.790603
0.423591
2.01399
1.06471
1.98285
2.86191
3.51768
4.36233
0.525959
2.96304
1.57642
-3.00149
0.795844
3.59337
1.45837
1.98419
-1.76729
3.70751
1.33361
1.02913
0.97308
4.34259
6.55052
2.27454
2.23545
5.70182
3.5096
1.12941
1.69692
5.33453
3.25256
1.28501
-5.15608
3.08367
2.54122
3.82358
1.48302
-0.00811537
1.24327
2.86842
1.37555
3.5787
4.65235
-1.29165
3.00587
-2.67056
0.613817
-0.777674
2.03423
2.65845
2.06628
-0.0848752
1.23975
-2.80244
3.8495
0.173704
3.15937
2.81429
4.15349
1.62841
-4.76626
1.01222
2.93146
-2.17441
-4.01263
1.73353
1.43885
1.58624
2.94588
2.14817
2.07111
3.38134
2.61502
-5.0689
3.01237
2.37631
4.23254
2.2623
2.49301
2.36353
3.01904
2.98079
-2.54158
2.85639
2.35414
3.65552
0.515396
-3.43193
4.14027
2.64215
-3.82519
-1.4687
-4.97181
2.99352
4.73543
2.13728
1.84477
0.880973
2.61353
-5.492
1.73362
1.49177
3.1071
3.85972
4.08515
1.59532
7.06292
-5.03426
2.04435
1.49538
2.57387
3.65595
5.75276
-2.99743
-0.985652
4.55921
3.83629
-2.26174
-1.78717
3.63606
-2.99369
3.14962
1.90532
-1.28253
1.22131
1.15102
1.04891
4.10731
2.11903
2.3429
-0.560964
-3.19992
1.52309
-2.07688
-6.30501
2.18287
2.87386
2.74185
0.132995
5.19045
-0.265539
-0.0311285
-4.76162
1.40723
0.738323
4.19073
2.44824
4.77453
2.46054
5.4076
3.62032
-0.489988
3.15098
1.52862
3.0824
0.943222
-1.54541
-0.464063
-1.21986
4.1458
2.84019
2.49936
2.09455
-0.23252
0.922833
2.7204
-1.5274
0.497902
-2.11304
-4.55623
2.95509
-1.11358
2.89869
1.68671
4.7909
2.45479
1.98811
4.91481
-1.40148
2.22031
2.60789
-3.20839
2.0934
-0.332366
2.90035
3.05416
3.84485
2.86306
3.40623
-0.901865
2.57279
3.53454
0.716829
0.885416
-1.36487
2.4328
6.36765
-2.01026
2.17486
1.95839
-5.77321
6.65086
5.48423
-5.29711
3.24238
-4.20815
4.21687
4.79574
-4.35769
3.79908
1.8507
-1.10997
-4.09551
-1.40803
-1.74645
2.71452
2.68644
-1.24503
4.66184
4.60384
1.38402
1.21993
1.68304
4.41195
7.44615
3.7886
4.7852
0.479889
1.46109
-4.27601
0.108718
2.93133
3.2451
5.08455
3.66891
0.0801988
-1.48982
-1.8284
5.6098
3.77994
-2.8711
-0.858915
4.78382
2.69768
1.61038
1.60763
7.02891
7.00103
-0.708915
4.52801
3.55896
-2.09018
-0.67503
2.55373
4.83131
-0.498642
-0.253034
2.17803
2.25229
-5.55346
3.08661
1.68131
-5.59885
-0.622414
-4.80302
4.14008
4.5683
1.8456
2.38977
4.52813
-1.15622
2.87745
1.84859
4.34181
2.14948
-1.36304
-1.87631
3.44995
0.779956
-2.39048
4.32302
3.97013
0.967697
-2.81887
2.08442
0.627461
4.26631
3.9652
2.24832
-0.847225
-1.43893
-1.61094
2.20162
2.08134
-1.21607
2.7016
-0.39223
2.79642
3.56694
-0.829144
1.53984
3.13402
3.07388
3.28774
-5.10488
-1.07826
-1.16297
-0.758016
1.44793
1.13505
3.55482
-0.973595
4.85527
-5.29746
2.39948
2.74776
0.708644
3.26109
-1.75334
3.65457
4.13379
4.15009
-2.46737
-3.94115
3.14532
1.99186
-1.31106
-1.47827
3.79477
-3.19125
1.59411
-1.89053
-0.85204
-0.121483
-0.78481
-1.89818
-0.683526
2.7884
-0.700814
3.03306
-4.64639
-1.33081
2.62239
-3.08432
4.19938
2.90462
-2.93796
1.49034
3.68595
-5.2664
2.6466
-1.0202
-0.592487
-4.46569
-2.81513
-1.51471
2.57333
-4.92074
-2.20876
-1.27012
4.66118
1.99169
0.0832364
2.22505
3.42445
2.33235
-2.30135
-1.37228
2.26449
3.6888
6.05959
-0.979612
2.10457
1.24044
2.03079
0.215145
2.32722
1.57103
-1.35806
-0.750863
1.51127
-1.61761
2.00613
1.64622
1.78226
7.50346
1.52051
3.96449
-1.51322
0.998002
-1.08849
2.85109
1.70962
1.2787
-1.33236
1.10647
-1.93929
-5.13013
5.59399
-6.08506
-2.13139
2.55093
1.75157
0.382444
0.833538
-0.987519
-0.819564
0.883863
-0.669406
1.19707
3.01934
0.608925
-1.22264
3.43467
-0.64288
2.35201
4.39023
-2.02508
3.73347
0.516474
2.79694
-0.88849
3.41815
-0.0899268
-4.82181
-0.386929
-2.74511
3.04838
-1.2042
-1.97364
-2.60241
-0.71761
-2.44543
-1.86796
-5.30985
2.79012
2.2978
4.52835
2.11083
-2.41585
-0.409198
-3.80543
3.1934
2.16901
3.58496
3.45818
-0.908169
-1.43073
2.47417
-1.97804
-2.20474
-3.33979
3.77122
-0.192597
3.32914
3.32111
0.804022
-1.21078
-1.73237
3.795
3.55873
4.31881
2.73397
-1.01679
-2.27458
-1.88597
2.19732
3.19875
-1.69568
-2.0986
-0.747382
-1.437
4.48181
-0.785329
1.29569
-4.94067
0.319245
-0.472045
-1.55208
1.91648
-0.76365
-1.6095
-1.57668
-1.52898
3.07027
-0.849107
-3.66156
6.35959
-3.5573
3.47418
-2.04093
0.333261
1.39726
6.62383
0.0996098
-1.49665
-1.46546
-3.5748
-4.45617
-5.81621
-2.95979
0.474462
0.047883
-0.237691
5.14021
-2.25167
-1.98443
5.44777
-4.00052
-2.59883
-0.567949
-2.12284
0.3568
-0.0454964
-4.13662
0.768131
0.294671
2.48533
0.931229
-1.41947
2.53568
2.89164
-1.39337
1.06717
-0.111352
3.82623
2.58763
2.94681
2.46861
0.466405
-1.78571
2.70488
-1.15648
2.35433
-1.89023
2.82611
1.20423
-1.00016
-0.24986
2.94916
1.88155
-1.71344
-1.64671
2.11312
1.79896
-1.29826
1.6846
0.631375
1.9005
2.33064
1.32448
-2.6519
-1.21105
0.783666
2.01689
3.66044
1.75161
-1.71098
2.78216
1.4456
2.12944
-1.18688
1.56379
-0.742393
1.38044
2.24139
2.06318
-2.53563
-1.6275
-2.06851
2.32165
-1.65979
0.818711
-1.13089
4.00941
2.16846
-1.51287
-1.67247
-1.27324
-1.34441
-4.14855
-4.64156
-0.954104
0.630813
-0.726822
4.26841
-1.33141
1.17905
2.42379
-1.34405
-1.40797
-1.24328
6.59312
1.27447
1.71179
-1.54341
-5.66448
0.802949
-1.70835
-0.733008
4.19516
2.5519
0.96392
3.04125
3.62911
1.82005
0.444628
1.42433
-1.14402
3.23023
3.30756
-0.613028
-4.56472
0.261629
1.12425
2.66557
2.41725
-0.92293
-1.43605
2.54473
-1.16356
5.34261
3.35583
-1.44824
4.28798
3.56432
-0.91692
2.28462
1.5699
-1.33859
-1.36146
-1.24767
-2.85043
4.6573
-0.344066
-1.21718
3.38074
3.95276
0.532931
1.87879
-1.9893
2.01617
-2.17355
-0.773148
-1.07294
2.15145
-1.08434
3.7113
1.45747
1.1198
3.70984
-2.26873
-1.09746
-1.0565
-1.27584
-0.698652
-1.11214
-0.587186
-1.4508
-0.84785
-1.42548
-5.07809
-5.57753
-1.24416
0.599174
2.96704
-0.333998
-1.1986
-5.01006
-1.37931
-1.14241
-0.749543
-2.25367
-1.01504
1.025
-0.60998
4.17101
4.42755
-1.15973
2.98927
-3.98372
-0.680565
0.0533348
-1.65208
2.47669
2.65402
2.61589
3.04975
3.9929
-2.01252
-0.730863
2.04869
-0.716382
-1.08671
-1.45742
-0.750933
-1.29189
0.445323
-0.786901
-0.646214
-1.45162
-0.753693
-2.48764
-1.90338
2.75722
-0.816853
-0.716996
-0.573325
-1.14857
3.66179
-0.747841
-3.37947
-0.641489
-1.80818
4.52387
2.72936
0.537131
-0.634345
-1.92684
-4.64431
-0.951157
-0.78274
2.38101
-1.79151
-1.27324
-1.75921
-1.92447
-0.738306
-0.987062
4.31673
-3.0305
1.70232
-1.18126
-2.44583
-0.560029
-0.740462
-0.937321
6.46556
4.63037
-1.29099
-4.28803
-2.87883
-0.616936
-2.14413
-1.56737
-0.709102
-0.803564
-0.68621
4.01443
4.88178
4.213
2.98546
-2.21418
2.53798
2.66364
3.58268
2.69052
-5.59797
4.03882
3.29289
-1.0425
3.18354
3.5578
-1.10253
-0.715144
0.612669
-0.687479
3.47402
-0.587234
3.85242
-1.88079
-0.614741
-5.81658
-1.09176
-3.05522
4.39195
5.22965
2.73454
3.11709
-1.18943
-0.719102
-4.27241
3.78166
-1.03994
2.91657
-2.36616
-2.45158
2.50374
-1.58499
3.07365
3.56556
0.830614
-1.84445
3.77691
-0.772951
-1.27965
3.06842
2.67157
2.58404
-1.82382
-2.1837
3.14875
2.83078
5.25465
-5.35069
4.87022
-1.53561
3.01152
-2.10745
-0.651647
3.07561
1.6323
-2.38014
-2.44648
-1.0306
0.60025
2.36122
2.28021
-5.63618
2.956
-0.937683
2.51135
-1.3336
-4.84897
-1.16176
-1.01938
1.71607
3.92131
-3.79328
2.9053
-2.01721
1.23211
-1.23059
5.32609
-0.931408
-4.38239
0.81546
-1.59152
-1.20723
2.21053
2.11284
-1.75623
-0.654742
2.03172
-0.923573
-2.63773
-0.907185
3.42944
-0.970395
0.760196
3.66909
-1.51823
-4.07167
4.09878
-2.14846
3.15593
3.07958
2.46053
-1.03007
1.79572
-0.344052
-0.800639
-2.95637
1.52111
6.27131
-0.893546
1.58524
1.72318
-1.05876
-0.939671
1.93804
0.120743
3.33984
1.66023
-2.21398
4.01458
-0.828761
-1.01449
4.00304
-0.869022
-4.25041
-0.830012
5.04696
-0.330935
-2.57196
3.00423
3.41339
-4.54924
-1.08495
-0.89675
-1.15757
-1.16346
-4.61552
1.47336
-1.01712
1.42761
-3.08939
-1.38197
-0.0707513
3.48855
4.5618
1.29873
3.7366
3.84255
0.487672
-2.26945
3.36422
-3.55363
1.222
-1.00347
-3.43962
2.93226
2.216
-0.883261
1.03193
-0.937527
3.80306
-1.84936
0.908247
1.1278
3.23745
3.61075
0.107517
-1.94999
-4.60197
-1.23714
7.55453
2.90832
-1.15792
-0.973955
0.395551
-1.03697
2.04383
-0.913462
3.11351
-0.691926
-0.973892
-0.797836
2.80562
2.07385
0.270424
-0.854319
-3.12967
-0.950316
-2.73842
0.619542
-0.770745
2.99279
-0.92728
-1.03989
3.10843
0.530935
0.818132
-0.846504
-0.892244
-2.89725
-0.861566
-0.97525
-0.739206
-3.49892
3.2228
-1.41718
2.33867
-1.1065
-1.01671
-3.98615
3.26564
-1.03732
-2.55992
0.433538
-0.775649
-0.910702
-0.964838
-0.848499
-0.947599
-0.841422
-0.814578
3.37364
2.96599
-1.08884
1.76834
-1.03761
2.98958
-1.32069
4.16634
-0.878865
-4.03065
-1.18033
-0.906008
-0.829827
-5.84944
0.477069
0.0113236
-0.489746
0.533167
0.0187279
-0.638659
-1.98373
-2.49782
-2.6514
-1.94567
5.04866
5.21937
-3.98304
-3.95227
-1.41072
-3.87054
-2.40538
1.63777
-1.07507
2.69537
-1.13253
-2.02062
-1.51025
-0.95472
2.62966
2.87032
-2.80681
2.86697
2.51556
-0.746011
-0.977087
2.74936
-1.13666
-0.916657
1.13509
2.39878
2.79135
-0.49267
-0.882665
-1.52495
-2.60492
3.80139
-0.671859
2.57907
-1.41645
2.78208
2.45759
4.00982
-2.04993
5.1976
-0.955582
-5.44991
-3.91354
4.97013
2.55265
-1.05297
2.28597
2.3301
3.03274
-1.26215
4.74359
2.83488
-1.18646
-1.42692
1.84197
1.72823
1.9481
2.06374
-4.44364
-1.51921
3.83332
1.15881
-1.91695
-2.11163
-1.22384
-1.34517
2.17316
-1.61549
-1.23593
-2.86317
3.79258
1.74258
-1.43904
-2.35407
-1.15102
2.77556
3.61867
-1.26804
2.2015
-0.749991
-0.760311
-0.732069
-3.73086
1.12914
-1.47966
1.61426
-1.03362
-1.72832
2.84705
-0.854768
-1.47936
0.991288
-0.914688
-5.19078
1.25621
2.06677
1.9327
-1.88457
1.49671
-1.63546
1.37643
0.933871
-3.28205
1.62837
1.34131
1.48786
4.60148
1.79701
-1.99788
-1.53782
0.196148
0.618826
0.853583
-0.893611
2.7942
-0.0101247
2.79677
0.376782
3.15171
1.19365
-3.83071
3.20421
4.54849
2.97644
7.71338
-1.66125
0.718896
0.543448
-1.42919
-1.79455
0.26265
-4.90152
0.879018
-1.08244
-1.27473
0.701147
-3.06269
-2.22094
1.04085
3.4598
-0.896741
-1.90864
4.26472
3.54074
-2.4202
0.539895
6.22064
-3.40067
-2.02746
3.5543
3.94558
-0.215465
2.80801
6.75623
-1.75513
-1.00346
4.41158
2.99491
-1.00899
-2.01875
-1.75903
-1.4586
-0.965564
-0.656281
0.356064
1.81839
4.30135
4.93651
3.66545
0.178001
-1.02875
-1.64506
4.193
-1.12333
3.42971
2.4817
-3.76441
-2.52184
-1.92631
4.82835
-2.28469
-2.0073
-3.4463
4.38393
3.49226
-2.52768
-1.30369
-1.79572
4.55995
-2.17645
5.14162
-10.1849
-1.06899
4.02938
-1.16988
3.15471
-6.29095
3.3558
-3.22278
-0.936491
3.80943
6.19319
1.23388
1.8551
3.51163
-1.32211
-1.95984
3.08795
-0.86456
3.29862
2.80441
3.0428
2.00558
3.2902
3.63311
3.89868
4.29967
3.29836
2.61909
3.09336
3.47496
3.67554
3.87349
4.32182
2.98361
1.2848
-1.31885
3.47031
-1.81465
-0.89089
3.64382
-1.08206
3.92613
2.94144
3.65627
-1.70426
2.86991
2.67443
-1.92549
-3.0996
0.947345
2.79079
-0.42692
3.6924
-3.80563
-1.21247
3.42847
2.60771
2.72433
-0.88271
-2.14236
2.39028
-1.03952
7.95148
2.33893
2.46497
1.15586
4.07936
2.16988
2.29129
-0.627567
1.96359
0.0583197
2.19449
2.8011
2.19467
3.36439
2.10072
4.38046
5.50227
1.92674
-0.805133
5.80073
-0.973167
1.96757
3.15046
2.41166
-1.69992
-4.95052
-0.840714
3.30803
3.97259
-2.27895
0.241726
2.52199
3.8263
1.68615
1.6741
4.0179
-2.9217
-2.42735
1.63017
2.00535
2.74116
-1.72253
0.382355
2.93792
-3.24595
-7.94607
-3.94601
-1.49696
2.73529
1.53295
-3.14662
1.42101
-2.31872
-2.26641
-2.03151
0.659657
-2.73578
2.92383
2.99998
1.40493
-1.0663
-2.74482
2.14452
4.04843
-4.39555
4.10643
3.7964
3.55235
1.21167
-5.90815
3.01029
1.19429
-1.68349
2.42653
3.63514
1.03034
3.05498
0.895927
-1.6521
-2.98213
0.876525
-1.24015
3.40705
0.84901
-0.839355
3.08167
3.59431
4.36416
0.783685
-2.60415
2.91156
3.48672
4.49083
1.86126
0.655283
-0.837071
3.50533
-0.844187
-5.8272
3.86112
2.84809
-2.3451
0.344566
3.56114
3.64663
3.91017
7.226
3.06683
-1.35198
0.326872
4.24717
0.225368
-3.06278
3.72398
2.43091
3.25609
-1.43759
-3.01543
-3.80419
-5.77011
0.627211
3.42151
3.17735
0.763166
7.35324
-1.25902
2.80361
-6.99568
-0.854201
-2.07947
-5.12528
-3.48233
-6.43152
1.33372
3.14613
3.63107
-2.15507
-6.11973
-3.1975
3.61555
-4.0832
-1.12209
-0.864733
-2.2937
-0.969507
-3.66597
-3.88893
-2.25361
2.9403
-5.7782
-1.50217
-1.12725
-1.0317
4.27013
3.50926
-1.25708
-3.29937
2.84426
-1.18727
3.89463
-0.859438
-2.81877
-4.29218
3.07903
-1.33254
-0.955778
4.06779
1.20115
3.35936
1.13581
1.90271
0.231172
-1.95122
-5.25142
-2.60767
-4.51828
3.23069
4.69773
1.88903
-1.29755
3.82729
4.4452
-0.433498
-5.85312
-1.66943
4.98459
0.680615
3.75775
2.70109
-0.229894
3.31594
3.01097
2.68322
4.21876
3.60832
2.95559
3.55001
1.82905
2.64489
-2.41561
3.08495
-3.33797
-0.842936
3.69607
2.93936
2.65022
4.12191
-0.644502
-1.24536
0.594917
3.54792
-3.30027
0.220163
-5.03564
3.21428
3.50595
3.18516
2.47331
-3.6078
-1.15011
2.69071
-3.57538
-0.534492
3.83515
-1.69856
-0.538901
2.69285
2.17025
-5.96558
2.7149
4.05994
2.85773
1.65212
3.38908
3.54107
2.98932
2.52086
0.352911
-3.28704
4.0112
0.370196
4.10325
-4.42631
3.82335
-3.3074
-2.58643
-1.43398
1.56015
5.10341
2.38334
1.83619
2.81258
-2.01039
-2.73
5.54657
4.90882
-4.23511
-2.22895
-1.68508
-3.69738
-0.716427
2.90545
-0.197237
3.98416
0.219096
0.796406
1.82234
4.41625
2.22472
2.41189
2.93812
4.32549
-4.71645
-8.71047
3.55436
3.94367
2.12292
-0.823449
4.07964
3.64201
-1.12695
4.21296
2.82206
4.15931
4.29553
1.93943
-3.18529
2.05871
-0.584234
2.59458
3.37031
2.0394
4.18509
5.44609
2.69002
-2.68864
-1.73782
2.59792
2.38016
1.82649
4.59865
-1.90217
3.3631
3.30372
2.42368
1.66999
-3.85192
-0.822504
-3.29897
2.74059
-1.65136
-4.72619
-2.04797
1.55399
4.01771
4.88363
2.84679
2.74087
2.64305
-0.849679
3.35751
-1.57742
1.4288
-1.92207
2.2633
1.9305
3.24847
-6.11106
4.32597
2.42681
3.67624
5.63411
-2.88839
4.93614
-0.876149
3.79717
2.71761
1.63473
2.79865
1.71415
-4.79551
-2.94658
2.73658
1.72444
-4.51672
4.1572
2.41378
1.29862
3.79862
2.70111
2.48706
2.79849
3.74126
2.71331
4.07326
3.55376
3.74073
-0.665154
-5.92973
3.78023
5.31287
-5.86343
6.3274
3.4063
3.50041
2.86863
2.67508
3.33835
3.65218
-0.688702
1.4709
-4.98326
-1.0715
3.62489
-3.37491
3.45366
-1.06267
1.14238
2.86676
3.93103
-3.21843
3.12701
3.0124
6.62673
-4.50144
-1.20789
3.22186
-3.06999
-2.24108
0.810235
2.86939
-1.48059
1.403
6.57591
-0.767456
-0.958994
1.18523
3.48089
-0.849253
1.36408
-2.37517
3.64509
4.36696
3.42447
0.980712
2.66913
-2.95377
-1.73334
-0.286849
2.42916
3.38211
0.627965
3.01317
-8.7003
-0.954572
3.30703
-3.19513
0.881379
-0.866075
4.6648
2.69468
-0.391269
2.269
1.32229
-4.51749
0.287088
2.54803
-1.05047
-5.73165
-0.859857
2.2599
1.87268
-0.642125
-1.12021
2.44194
2.38695
-2.61857
2.8738
4.25094
2.17675
-0.772459
2.29761
-6.32823
1.98759
-0.840251
1.82456
-1.12109
0.559027
-0.986515
-1.81512
-2.82491
3.37578
-1.59672
2.74903
3.18049
-5.2149
-2.72666
3.3005
3.29988
-3.64533
-6.76058
0.134734
3.67248
1.76841
0.213211
5.64761
-2.84168
1.67119
5.08721
3.26973
2.93379
-1.09628
-5.46691
2.54076
3.74084
1.55735
3.38162
-0.850839
-1.15752
-0.768885
2.46525
-4.28547
1.44532
0.800102
-7.28005
1.43991
-0.363301
0.0356169
2.91872
0.592864
-1.24028
-0.558625
3.42153
3.49176
-0.608441
-3.08258
-0.876258
3.30279
2.8076
1.91444
3.94236
2.8567
3.20109
-0.992302
2.84265
3.51391
7.22309
1.0756
-1.62221
1.09734
4.96917
-2.93326
3.84127
2.53009
0.802214
-3.32322
-3.49278
1.0389
-0.371365
4.00736
0.445099
5.30181
3.79991
2.60421
1.34066
-5.63648
-5.85216
3.50171
-4.23963
-2.34785
-2.66875
-1.40166
-7.45741
-0.860252
2.3028
3.42087
3.38566
2.93917
-3.35975
2.50669
5.23861
3.04683
-3.25601
-1.17268
-0.0787578
3.8576
2.94997
-5.11114
-1.38484
-1.13328
-5.66864
-5.9578
3.2624
0.36465
2.78345
-0.902907
-0.768887
0.0904736
0.573054
3.01887
-5.81716
3.64478
2.19027
2.37653
-0.921915
-2.71413
2.76672
-0.953976
3.35599
3.45209
-2.49981
1.74179
5.65026
3.43902
3.98861
5.88144
3.14029
5.26246
3.55455
-0.634636
4.91164
-2.11685
2.66917
3.2978
1.82359
2.2881
-6.75916
2.29739
0.772798
1.99993
3.45527
0.546083
6.03224
-1.36257
-6.27537
0.691521
-5.80562
-6.59567
-2.12578
3.97488
2.15001
3.54081
-2.20516
0.281122
-1.62128
-1.14312
-3.50356
1.34514
1.51377
1.38964
2.72833
-4.86915
1.26849
3.07674
1.65683
4.04671
-5.49792
-3.4492
1.22097
6.50479
2.07366
-1.09097
3.21429
2.56255
-0.238962
2.56664
3.12851
-3.59664
-0.933277
-2.17791
3.38195
3.92274
1.60076
-1.09759
3.53813
3.4818
-1.08415
8.84854
-5.83939
-5.82371
5.67048
2.9033
-1.78488
-3.44913
1.33062
3.24369
2.87828
2.44619
1.60238
3.95016
1.7859
0.518424
2.55071
-3.47204
3.9704
-1.07068
1.82956
-1.9519
2.55308
2.72124
3.0235
-0.812634
2.6378
5.1408
3.64986
5.84229
3.97901
0.500873
2.64823
2.25649
3.25549
2.90026
3.10366
-0.641327
2.34097
-2.64831
1.49864
-2.87052
-4.74983
3.3305
1.9628
2.09693
0.354139
-0.751147
-5.92265
2.05105
0.18812
-0.833191
3.18915
2.32407
2.86983
-5.70498
2.33232
-2.73391
2.22113
4.45993
7.23259
-0.526403
3.02587
3.29276
-6.21705
0.847843
3.00607
4.20589
-0.752542
3.08133
2.77104
-2.37549
3.31501
-0.0266635
6.55997
4.19823
5.0422
-0.730129
1.08063
-4.62738
4.01362
0.613628
1.60518
2.31064
5.28758
3.61032
-4.72841
1.41006
5.72198
5.45262
5.8571
-2.82492
1.69634
2.95435
2.75143
-0.688331
1.77269
-2.10262
1.86962
-0.844006
5.90932
6.00389
-2.49796
-3.45154
3.26842
-5.79637
-1.40426
1.76104
0.0954661
2.64542
-2.39666
2.19412
-2.15702
4.67184
4.11259
-2.5558
4.32583
-4.91114
-5.62804
1.7471
5.51316
3.79829
3.54469
-2.96998
4.09857
2.72275
1.27047
1.54393
2.79257
-0.675948
1.97909
4.43007
-6.04248
3.58367
3.90167
1.1639
2.38988
-2.66014
6.38421
9.34957
2.48369
1.5203
0.228249
1.7122
-0.93956
4.92938
-0.0817147
1.39764
0.359192
1.25048
-2.30887
-5.72112
8.24679
2.68827
7.75189
1.25661
-0.961906
-7.10235
-1.17322
7.31937
-0.0228676
-0.153682
-2.8025
1.15628
-0.833471
3.72052
-2.93247
-2.35015
-3.58464
-4.17694
-0.518022
-2.1545
5.35426
0.562809
-4.54719
1.1929
-1.76805
-2.53039
-0.129826
0.123498
-0.553295
0.338548
-1.92144
1.33536
-1.13993
-4.65805
-3.93565
5.21264
6.53271
-1.28665
5.68819
0.713907
0.909695
-0.337677
-3.29883
6.32278
7.26284
6.80198
5.91146
-3.15194
-2.56454
1.87141
1.79806
-1.57241
1.99191
-3.78055
-5.5289
-5.0609
-0.920916
3.50283
3.07461
-4.33709
3.96536
4.15892
4.03343
6.05851
2.42032
3.362
2.88134
2.62248
6.95303
4.57432
2.95464
2.27915
1.53962
6.69505
4.44572
3.7048
5.35715
-5.1157
4.2834
-5.89361
2.99232
-0.502471
4.99388
5.43275
5.28489
-2.49664
-6.38107
0.174917
5.53451
1.96096
3.15062
-2.2428
6.98644
-0.356583
1.9726
0.536194
1.90818
5.58967
-0.561794
3.18436
-0.451322
-2.55265
1.07536
2.62803
0.746324
2.23806
5.92336
1.9095
-0.994779
0.90354
-2.60206
4.17874
2.06081
2.95967
-0.986552
1.80584
3.47616
2.9893
3.06057
1.42835
3.34034
1.87695
-6.11355
-1.60858
2.08462
3.48637
4.53737
4.81484
-1.83147
4.27018
2.20534
-0.804441
2.30927
6.26954
1.76088
0.653903
4.09896
6.03039
-0.687127
4.1258
-6.24241
3.29903
-0.741818
5.06876
1.20535
-5.62184
-0.614521
6.79224
-1.06992
4.5315
2.53083
-7.75043
2.04512
-1.09552
0.295998
0.34081
1.62299
5.66874
7.6625
3.369
6.8172
5.84311
3.29822
0.216864
-6.99212
7.02932
0.5961
-1.38708
-5.85881
4.72063
2.08797
5.04328
4.44207
-0.0639427
6.95922
1.65847
2.37401
4.10874
-0.211458
-1.30307
1.4219
3.29133
-0.882559
-0.0514226
0.392302
-4.6259
3.18702
-1.11453
2.59854
-6.51506
0.478809
-0.814568
1.29513
-0.577148
0.973957
1.9654
-1.50545
-3.51674
4.13361
3.04842
-2.18632
0.698491
-0.432499
4.13173
0.311969
-1.65003
-5.44835
-0.994511
2.71214
-1.1486
-1.32197
-7.00593
3.02609
2.3706
4.5106
1.89555
0.729262
3.2409
-7.47953
-2.05935
1.59292
2.42284
-4.28094
2.44412
0.946416
3.55052
-1.04346
2.17867
2.36354
-1.22504
5.32319
2.52544
3.60661
7.91399
-0.593652
1.29
-0.958725
0.00388111
-1.91792
5.39515
2.65599
-0.631188
-7.25447
0.511192
3.19737
0.429633
-2.67285
-5.54553
1.48672
2.20507
0.916221
2.66244
2.63197
1.45641
1.24149
-5.22299
-6.07222
2.49627
-3.83912
-5.41117
1.39179
5.01595
3.27384
1.04105
1.84598
5.10868
4.31889
-0.785673
-4.65713
5.34555
2.83323
8.18468
-0.799915
1.0614
1.62051
-6.4559
1.60326
-5.74002
4.76384
4.9876
3.77248
0.640497
3.72594
0.378422
2.33637
-2.07858
-0.993737
2.5999
-1.8697
0.289683
3.26328
-5.5994
0.915488
-5.45732
5.54902
2.83118
0.878092
0.566813
1.78294
-0.00128801
2.68473
1.25467
0.951262
-6.61888
2.45004
-6.16985
-0.179049
0.205216
2.75333
1.10447
0.560911
-2.18128
-1.07973
-0.796688
-1.08327
-2.55083
5.16465
3.21585
-0.665997
-0.983021
-2.99503
5.30233
0.752895
-6.02399
2.17297
-6.92366
-0.797223
1.04103
-3.05583
-3.3518
2.55842
5.44395
2.18058
1.31862
1.2735
1.08696
1.88877
0.454743
0.0122775
0.141493
2.71983
2.12066
-4.61741
0.530313
-1.07128
4.7096
1.00939
2.80524
-3.57529
-2.8664
-4.3097
1.49111
-5.09358
2.71008
1.74293
4.98883
6.31173
2.06834
-3.17872
2.8525
2.89064
1.54483
-0.943848
-0.658829
-0.559701
0.165151
-5.6951
2.67736
-6.16308
2.59634
3.43349
4.27592
-0.89825
-2.47315
4.6714
2.71718
2.49485
-0.768872
-0.991737
1.70643
1.78259
-3.73198
0.150389
-0.465158
2.70631
2.24229
1.24554
-1.8823
-5.70208
1.45884
3.88252
-6.51728
5.61182
-0.662196
2.69887
3.08551
2.76977
0.838927
-5.99025
6.22992
-0.897851
-6.29377
3.25849
-3.69136
2.25998
1.29533
0.0893706
-1.25583
2.45046
-2.3117
-0.269898
3.23865
9.74031
4.16112
3.04818
1.09189
2.50779
3.171
-4.27342
3.15556
-4.86947
-4.8448
3.4237
1.32983
-2.78554
1.99433
3.63205
2.90044
1.57927
2.95209
6.55688
-5.58838
-1.96674
2.29811
-1.91312
-0.885579
-3.20703
5.1803
8.28013
1.16627
-1.00483
3.98271
-0.635233
-0.595752
-6.108
0.710347
-1.8242
7.61295
0.69673
6.47486
-1.77053
-1.70196
-0.944597
7.33136
-2.53389
-0.521688
-1.93551
-2.86588
-2.32299
-2.98865
-3.95103
0.527746
0.150074
-3.35989
-3.68788
0.805043
0.552082
0.0873281
-4.44254
-0.383088
1.23474
-2.3944
6.18841
5.62463
-0.30751
-1.95425
1.6127
5.75779
-1.34725
-1.67575
-5.03645
-3.25759
-4.36507
-0.976994
1.13451
-0.854243
-1.24552
-4.58577
6.94881
5.18389
6.99663
6.01449
1.80858
6.43155
2.20439
-3.96667
6.5842
1.89541
3.77849
6.78639
2.69592
4.36438
2.97804
3.28719
3.97599
5.3835
3.40052
1.48181
2.56498
2.89181
4.06253
4.47911
2.31796
3.64693
-4.83734
3.75216
4.26181
5.68057
-0.493533
3.61616
2.95432
1.5442
1.12682
4.02371
4.10112
8.29989
-1.86812
-0.0495034
0.305371
0.45654
-3.55148
-5.98114
2.60905
3.92848
1.2988
6.06504
4.65936
2.60454
0.349433
0.437729
7.56365
4.26976
3.4068
2.97279
-0.2509
3.82149
1.37973
3.43017
-5.22583
-5.45388
-1.00369
1.83722
1.76978
5.24076
-0.889798
5.50877
-4.16514
1.69864
2.93448
2.65665
0.686887
6.87803
-4.758
2.59247
3.25082
4.95231
1.87208
-6.22219
3.55966
4.60747
-4.22645
4.23784
2.95724
-4.02096
2.7724
0.860266
1.9375
0.482337
-0.869821
-5.81266
-5.94558
2.81149
-0.211863
2.62066
-4.53171
0.527876
-1.00095
0.783032
1.53456
-3.98092
5.44408
-2.46601
-1.96374
-0.448611
0.0914214
0.519691
2.63709
-2.76723
1.38239
2.70327
3.16263
-3.52136
1.54173
-0.176912
-4.35774
2.96246
3.34619
1.48028
1.5373
2.16588
3.56366
2.99879
-6.42347
2.94934
-0.743447
2.54352
2.43289
7.60575
0.282857
0.472144
-5.75991
-2.68436
2.64659
2.58452
1.04224
-3.6035
0.295978
0.225149
-0.0128396
3.18988
-0.334121
-4.53128
1.03177
2.36105
2.75555
-6.11061
5.1516
-0.980062
1.94579
-2.55174
2.20965
4.74643
1.43282
-5.41444
2.69772
0.106423
6.26014
1.38626
3.34222
-0.877702
1.42357
-4.17853
2.5242
4.03012
-0.941837
-6.51103
-5.82297
-6.423
-6.20636
2.48217
0.616439
2.14355
-4.36275
3.74416
7.97597
-5.62082
3.89485
8.42969
1.81716
2.33135
3.31155
-5.56623
2.35137
7.87162
2.66124
2.3084
3.94964
2.46421
8.7703
1.33549
-1.47005
1.4864
6.44553
3.03203
3.89298
2.3921
3.08653
3.88783
-5.3863
2.3874
-5.1815
)
;

boundaryField
{
    frontAndBack
    {
        type            empty;
    }
    bottom
    {
        type            zeroGradient;
    }
    inlet
    {
        type            zeroGradient;
    }
    top
    {
        type            zeroGradient;
    }
    outlet
    {
        type            fixedValue;
        value           uniform 0;
    }
    car
    {
        type            zeroGradient;
    }
}


// ************************************************************************* //
