/*--------------------------------*- C++ -*----------------------------------*\
  =========                 |
  \\      /  F ield         | OpenFOAM: The Open Source CFD Toolbox
   \\    /   O peration     | Website:  https://openfoam.org
    \\  /    A nd           | Version:  7
     \\/     M anipulation  |
\*---------------------------------------------------------------------------*/
FoamFile
{
    version     2.0;
    format      ascii;
    class       surfaceScalarField;
    location    "6.5";
    object      phi;
}
// * * * * * * * * * * * * * * * * * * * * * * * * * * * * * * * * * * * * * //

dimensions      [0 3 -1 0 0 0 0];

internalField   nonuniform List<scalar> 
11512
(
153.672
-500.272
346.6
-749.274
-7.64449
756.919
406.494
-375.48
-31.0145
623.999
277.484
-901.484
1510.97
-1069.45
-441.521
1216.29
-1527.13
310.842
-67.382
479.218
-411.836
168.793
-842.433
673.64
962.106
-1610.82
648.715
-1756.86
1664.23
92.6301
-542.947
1759.23
-1140.36
1934.25
-793.889
608.268
181.217
-789.485
-24.275
-1311.79
1336.07
219.893
-1976.75
1024.29
-382.314
-641.978
-171.337
325.009
485.756
190.705
-676.46
1155.98
-1313.36
157.373
-310.376
379.104
-68.7277
999.909
-1309.29
309.379
1221.54
799.186
-2020.72
71.6846
-1636.68
1564.99
-463.457
-1177.5
1640.95
476.804
182.094
-658.898
-196.43
-303.842
498.141
1012.83
1643.56
-1800.13
156.567
-84.8994
-1693.86
1778.75
-1559.1
650.985
908.115
-307.519
654.06
-346.541
-194.868
-144.41
339.278
1281.7
-1210.02
355.202
-1407.43
1052.23
-1754.32
1754.32
100.658
1527.07
-1627.72
-1078.22
-480.88
638.008
-705.39
-384.137
941.747
-557.61
1331.92
-1317.3
-14.6157
-1100.58
716.443
627.601
396.692
-387.087
-41.3848
428.472
-437.199
761.41
-324.212
-1618.48
1618.48
1253.58
-1437.89
184.307
-488.539
1710.08
1255.88
-314.134
1660.75
-1161.25
-499.495
80.0631
-390.439
2064.97
-1134.7
-930.276
1808.74
-165.177
455.778
156.237
-612.015
-454.733
970.243
-515.51
-1166.7
1267.36
-568.473
971.094
-402.621
401.88
754.105
661.486
-492.693
-438.483
595.565
-157.082
1190.69
-835.486
2308.19
-1080.66
-1227.53
1163.47
-2008.22
844.752
-1598.2
1573.93
440.734
-1581.1
-759.117
1250.75
-491.629
-673.239
365.719
1661.47
-699.362
-1106.93
-870.894
1977.82
667.302
-356.864
-310.438
689.847
566.033
-258.206
1511.79
114.422
-319.686
205.264
-284.961
761.765
-335.067
565.632
-230.565
-324.648
810.404
-319.288
-148.437
467.725
327.094
79.4002
1452.6
-452.694
-969.79
479.248
490.542
278.232
91.4257
-369.658
949.755
-341.487
-1700.58
657.205
1043.37
16.0581
-850.138
834.08
-280.846
596.104
-315.258
156.949
-1093.8
936.849
1051.6
-1067.17
15.5635
373.076
518.906
-891.982
-245.584
701.362
-1103.8
-482.12
1585.92
-678.224
951.113
-272.889
1359.49
-1444.39
-621.796
273.435
348.362
-470.191
-1011.56
1481.75
-539.489
-793.134
1332.62
576.31
-996.499
420.19
-265.454
-317.043
582.497
408.491
-294.069
-1036.86
582.122
955.421
-798.472
-110.323
943.998
-833.676
-209.509
418.56
-209.051
-621.975
-347.815
-386.742
963.051
1856.37
-1856.37
-459.559
-162.237
-954.069
1553.18
-599.115
486.802
-923.588
436.786
-923.929
355.456
-941.91
-1058.08
-1487.67
346.899
1140.77
-285.564
909.563
-307.559
614.003
-306.444
-1941.9
999.993
-1136
-351.673
544.746
-1498.81
1728.51
-1725.62
-2.89555
212.399
-600.153
387.755
-1454.04
973.957
480.085
288.613
214.079
-502.692
310.174
-645.241
241.663
-418.009
176.346
2015.1
-859.35
-1155.75
-546.431
159.344
618.223
833.71
-1451.93
-184.565
426.228
431.23
876.892
-1308.12
-908.612
393.816
514.796
-1045.61
1447.49
-1068.75
309.63
752.632
-98.5721
538.298
-281.448
-256.85
996.038
-516.79
593.332
-1403.91
810.576
-1342.34
238.533
-547.174
266.328
-1181.59
896.023
1943.26
-992.329
-950.929
276.802
1579.57
-2093.49
894.318
1199.17
364.715
-31.8267
-332.888
-224.027
482.624
-258.598
-111.818
-379.374
491.193
-467.434
148.145
341.606
-129.778
616.58
412.85
387.184
-800.034
-2036.07
1110.37
925.704
461.866
-532.802
70.9364
221.914
-363.699
141.785
1020.21
994.882
1779.01
-251.944
711.015
-437.581
796.957
-1389.91
592.956
338.164
329.139
1047.89
-1031.83
-505.886
-224.196
730.083
478.552
-135.923
-342.63
797.556
-616.339
568.238
-733.473
165.235
503.33
1157.42
-1240.19
700.702
1048.46
-1511.92
-3.13277
-1439.43
1442.56
325.364
824.931
-1150.29
623.284
269.957
-893.24
-2271.42
1139.2
1132.22
-1111.9
-1159.52
203.868
364.37
958.737
-633.373
879.169
-898.903
19.7337
-2099.38
992.454
-224.883
-189.746
414.63
-41.7715
1770.28
-823.743
74.4686
-1027.4
-1066.09
-229.819
451.732
-657.105
197.546
-259.451
-426.259
685.71
1104.03
-1574.22
783.031
-1374.49
591.456
694.982
-417.498
1947.87
-1444.54
-378.288
-1376.03
80.6771
398.541
-529.075
521.43
8.93162
-566.398
557.467
571.561
-282.948
-605.041
279.717
325.324
780.988
-368.138
34.2548
330.46
1188.47
-1191.61
178.102
230.389
393.831
-653.282
619.709
-1006.45
-2026.72
2026.72
-246.467
-450.041
696.508
699.231
405.874
-1105.11
579.966
172.667
399.132
381.855
-2199.75
1328.86
-926.707
-678.857
1605.56
-493.13
-688.457
-264.464
546.2
-281.736
826.981
-186.007
-640.974
-431.199
643.598
373.273
-680.833
-348.7
-135.82
484.52
-1325.1
-475.027
617.034
-1110.16
-374.153
-1244.33
844.33
1463.86
301.724
-926.08
624.356
967.009
-339.409
1391.43
-798.1
446.273
-268.171
-328.646
-871.821
560.911
310.911
-321.095
-550.727
308.749
-420.568
-210.343
-154.44
364.783
-392.757
1091.99
435.197
-244.492
-394.074
1347.06
-168.935
-1178.12
-469.061
273.573
195.488
233.199
242.371
-475.57
21.8212
-755.294
592.095
-1729.01
1136.91
1482.11
-863.884
-1049.81
-404.234
-1057.43
573.518
483.913
1373.59
-399.63
929.349
-1411.47
-163.879
-203.85
367.729
-469.357
581.367
-1626.97
427.947
903.971
269.996
301.401
-571.397
568.065
1186.25
1104.52
-715.175
-389.341
405.656
-217.557
-188.099
-1419.46
445.104
738.425
-1183.53
1473.4
-544.054
-493.067
922.186
-429.119
426.146
1186.16
-1612.3
47.3541
-725.578
-146.552
424.784
211.184
-406.052
525.32
470.717
-620.602
58.2479
562.354
1024.53
-1307.67
283.132
663.889
-264.756
468.266
-1447.25
978.982
413.812
1686.28
-522.809
905.559
1037.7
-662.372
-1684.57
757.865
566.181
393.173
-959.354
453.909
78.8212
1749.92
-1828.74
1443.74
-379.492
-1064.25
1699.1
-1740.87
-367.584
-515.949
720.101
-204.152
-502.592
183.828
294.724
-373.215
-1225.99
214.432
-764.61
-639.298
-658.855
1002.08
-343.225
-653.274
643.267
10.0075
655.031
-923.681
268.651
-736.445
366.804
369.641
-648.693
-684.022
355.369
328.654
-932.319
1400.58
-413.125
884.975
-471.85
-2205.31
5.55765
181.116
-537.78
356.664
141.697
1205.36
-94.872
-562.233
159.481
-597.964
1487.2
-704.165
377.638
-466.913
89.2753
-565.171
565.171
1223.04
395.44
1777.92
-1228.96
589.276
639.687
849.696
-52.1402
1291.55
773.427
-540.107
1337.06
294.868
301.237
279.406
-795.355
237.316
-674.515
230.926
-444.392
213.466
-231.603
576.667
-345.065
128.85
-360.453
-591.926
-564.592
1156.52
-364.026
525.816
-161.79
-1192.16
2032.04
-839.885
1289.98
-331.246
-401.774
136.32
-1982.3
804.805
1523.71
-845.537
-678.174
1986.96
-877.433
-1109.53
713.677
576.306
-241.026
471.952
-677.066
1134.35
-457.283
-770.103
1201.33
551.582
924.673
-1725.01
800.342
-539.473
-70.9406
610.413
290.808
247.49
414.104
-105.2
-308.904
896.802
-83.4729
-813.329
908.502
-552.577
-355.925
1576.2
-472.171
888.537
-1626.19
737.658
1068.48
879.391
750.229
-443.978
-306.251
-1059.01
-258.289
558.717
580.745
-1139.46
-451.434
496.48
-45.0463
578.378
-345.411
-232.967
-983.191
570.066
596.389
885.718
-441.829
1096.86
1408.47
-773.216
-635.255
397.567
-926.022
528.455
-1013.12
391.145
542.734
-1035.8
449.049
-513.945
64.8962
466.257
295.154
-516.424
-48.7465
-794.544
-877.752
1672.3
193.454
212.201
-220.728
424.596
-32.1339
-543.188
575.322
489.923
867.144
-1357.07
-524.414
314.071
985.764
-88.9617
836.332
-1064.91
228.58
386.804
846.368
-1386.48
-445.086
832.27
1977.32
-1283.64
-693.68
270.017
609.152
255.873
795.731
77.6275
-959.757
882.129
1673.74
-1089.05
-584.693
-137.876
1887.8
-1866.06
-160.656
483.418
-621.601
138.184
-1014.63
526.702
487.926
-1730.47
538.318
-955.835
845.513
392.78
202.785
585.421
-283.697
-424.475
711.538
255.471
73.7375
713.331
-787.069
-1140.65
-888.097
2028.75
-535.463
1093.61
-558.151
-458.898
-333.101
108.217
-1654.44
859.898
-874.08
-589.137
1463.22
-331.445
-295.213
626.658
363.789
-644.331
280.542
238.081
-606.219
309.417
210.784
-520.201
336.282
-600.745
616.477
-252.688
315.828
-464.264
673.572
405.261
-172.062
-378.11
-305.912
1217.05
-3.30986
-1213.74
1039.84
-420.134
560.343
410.751
-1782.36
869.825
912.54
494.322
545.39
-1039.71
-535.1
203.656
-262.836
1180.79
-917.956
-1590.88
1212.59
504.668
-1096.59
388.758
-11.1197
425.44
296.937
-722.377
372.548
-618.132
-31.189
755.96
-724.771
-525.948
795.905
379.427
322.396
527.3
654.354
82.7689
-393.418
310.649
1058.87
-645.152
-413.717
494.015
-1664.27
1170.26
-1140.42
1753.24
-612.82
1715.82
-1123.73
-335.095
614.812
-1183.09
1260.72
425.165
-797.274
1599.68
-802.41
-249.255
-219.806
-891.397
1469.9
1812.21
-611.348
-1200.86
-405.023
643.57
-1302.43
-124.749
-38.9814
453.086
-676.581
-354.175
-1236.71
-223.974
462.055
903.607
-562.505
183.13
-1674.57
-71.2119
1745.78
-1057.41
521.943
570.249
-1182.04
611.789
901.195
911.011
630.746
620
678.027
244.159
-1128.7
451.638
-403.896
412.828
621.346
-515.286
249.135
-734.914
485.78
680.065
-341.902
-329.237
184.827
-593.145
228.613
364.531
-888.126
-738.068
1087.67
-2145.75
399.378
-684.338
-342.938
-724.23
833.704
574.766
-349.181
307.797
363.578
209.3
657.507
-866.807
528.964
605.385
-526.226
177.526
362.394
-608.861
-1049.07
-844.255
1893.33
-1793.75
157.071
1107.19
-1370.03
1156.23
-730.213
-426.019
-503.604
1349.97
-1495.53
627.885
867.649
-286.863
-210.421
497.285
1428.4
558.558
329.668
-465.489
-485.654
-565.841
1051.5
-419.17
600.286
1582.35
-1129.1
-453.245
-768.499
318.458
654.857
404.012
-1623.42
416.162
1207.26
-199.311
508.728
797.884
784.464
195.487
-676.875
481.388
206.608
211.952
-290.557
-110.077
400.634
475.016
3.57382
-478.59
-1632.45
582.643
-1603.58
1668.16
-64.5838
9.74799
-1613.33
1069.59
752.803
-327.363
-803.185
-209.935
-1134.58
-239.903
-312.368
684.916
-1812.45
-626.377
1207.12
210.379
759.864
-1329.78
-678.442
-465.446
600.751
-330.755
-1013.28
1350.77
-1932.86
582.089
646.145
1288.11
485.484
-2.8591
717.967
701.641
-1419.61
-640.48
337.525
302.954
440.046
-100.357
-339.688
153.703
289.577
167.606
-457.183
-579.679
1145.86
467.775
-613.224
-461.886
-401.972
863.858
-334.648
170.769
-460.301
166.233
-305.345
-709.283
547.608
-107.563
-570.645
968.212
578.225
-269.558
-308.668
455.855
-780.503
-646.077
434.123
-1129.41
-833.833
1180.73
-569.771
458.21
271.873
-445.222
88.3583
1029.1
-316.134
592.895
-276.761
-509.043
1578.63
-680.362
230.263
379.198
-609.461
213.331
473.398
-20.4135
-452.985
-256.039
-204.262
1007.67
1108.93
564.809
-868.585
937.836
-69.251
-455.538
168.674
-723.791
297.532
-598.781
320.455
359.61
817.632
-1228.88
411.247
777.876
-809.065
-948.952
-550.382
1499.33
-156.733
458.134
-532.293
250.845
1300.78
766.479
-570.992
1308.3
-691.267
487.87
-682.097
-414.069
-423.523
-378.764
802.286
502.879
-844.366
-443.51
84.6408
358.869
-322.384
572.418
729.533
-330.155
-243.406
-176.186
419.592
-493.183
145.321
347.862
1457.55
80.5118
-1538.06
-750.259
1346.65
-1144.76
-466.059
537.905
-158.707
1150.49
-372.613
1083.5
492.706
695.137
-415.732
-885.08
-522.351
-1328.44
-27.4735
985.23
-957.757
597.649
321.261
-918.91
-322.589
-223.842
-681.557
405.521
1621.2
-170.85
366.1
351.373
-717.473
-1839.78
-2106.68
1519.14
587.541
-2038.56
344.706
354.475
537.727
-892.202
-460.317
1020.66
-387.052
-674.146
1061.2
-2030.53
1391.21
639.323
600.534
-987.586
50.1359
398.913
386.881
198.881
247.392
316.665
955.01
858.988
680.675
-325.935
-354.74
-293.933
622.348
-328.415
574.029
530.486
565.389
514.906
-1080.29
-796.22
-699.313
752.904
397.584
-419.275
699.817
-1193.42
1609.58
412.296
-1086.44
-325.375
536.158
-1384.52
866.487
518.029
-716.407
-353.483
-790.099
364.497
425.602
447.086
718.358
-1165.44
1070.12
-575.793
-399.436
657.935
-258.499
253.753
324.473
-468.348
-432.225
900.573
-240.119
554.363
-946.988
392.626
-466.166
600.599
-1681.26
423.782
671.07
-1094.85
523.463
90.5398
113.407
-2212.79
536.935
-78.7253
1444.03
1777.09
-217.553
-1559.54
-438.431
1789.2
-1986.96
1194.47
792.488
403.798
346.431
-34.0967
867.801
-1283.42
718.826
-870.32
-823.417
795.943
310.962
56.2376
-367.2
227.943
182.324
-410.267
1551.34
-833.37
-1530.94
-325.432
473.781
-199.694
-274.087
394.895
366.87
240.169
360.581
-8.87211
1001.61
-992.738
376.593
271.579
-648.173
-734.051
1817.3
-1083.25
-343.074
737.968
-1215.64
-412.089
-915.955
483.731
566.563
-777.416
210.853
762.228
-380.78
-381.448
-423.688
-444.897
448.591
1071.7
1237.16
-666.911
801.63
-345.775
387.509
308.998
-251.653
-215.261
-200.677
614.488
408.206
-848.238
440.031
208.465
356.598
-565.062
-422.866
831.072
754.591
-1147.35
881.659
-64.0269
-491.465
274.812
773.081
-95.7487
1383.85
1890.5
-69.3573
342.93
-320.498
403.267
-1085.92
1077.05
616.762
376.636
385.591
62.5997
411.182
265.435
491.484
-372.121
-268.359
-563.686
-89.5879
-359.578
368.659
-9.08068
-258.453
-288.72
1011.05
-1540.72
529.673
-197.864
-177.616
-386.356
657.935
-1631.11
1591.04
-963.16
252.788
-666.857
584.315
1224.42
-1808.74
607.415
983.63
299.354
-1120.41
695.938
-289.019
-282.378
1373.62
-1444.24
824.289
619.947
413.326
-621.033
207.708
-361.079
475.421
-114.342
369.573
105.443
1723.86
460.066
-253.457
557.627
-1704.79
1147.17
-92.9901
395.713
343.406
337.269
-448.577
-615.749
1064.33
420.053
-865.139
-641.129
902.973
570.431
-494.578
-241.867
-439.055
-409.182
-307.274
-827.311
1821.11
-1821.11
-105.309
-1587.84
1693.15
294.061
284.317
-917.268
-555.35
1472.62
-408.242
973.63
-590.848
-1041.6
683.796
387.048
-1070.84
477.885
-162.057
573.062
1220.35
-1793.41
-1046.87
2116.23
-1069.36
-375.252
-297.987
-491.531
809.989
-1750.29
1600.05
150.242
1750.29
-1603.69
-146.602
-245.681
525.023
-279.342
-537.286
1620.78
1561.41
-1973.5
1074.94
-288.14
-249.539
537.679
240.858
-566.233
-696.393
277.118
1341.35
635.974
579.302
484.684
-1063.99
281.697
413.44
875.423
500.115
-1375.54
532.733
-1018.39
1574.96
-563.916
-777.241
-367.791
-114.735
482.527
-490.02
1208.38
-742.595
333.279
368.083
360.122
255.909
-616.03
600.98
831.959
-603.38
265.751
672.085
-494.578
-322.91
-226.199
549.109
1168.55
-670.358
610.494
465.721
-1076.22
-1286.35
1286.35
-386.459
763.095
-285.519
-476.12
761.64
486.448
447.661
-934.109
389.727
-675.247
612.162
-869.491
257.329
-367.441
-495.156
1074.46
-661.947
-709.808
1371.75
-375.512
929.875
-1552.7
675.27
35.4955
-407.286
371.791
-503.186
700.732
247.201
329.466
170.16
307.725
-513.764
224.745
1869.48
-1965.23
268.748
-699.947
447.906
-822.643
374.737
-919.491
1410.84
-491.349
-429.988
-485.967
600.723
1124.2
-1724.92
-716.28
341.028
-460.758
1034.79
-774.59
1040.34
-378.913
-629.028
-481.153
718.468
540.375
-358.281
906.501
-303.492
-189.691
1599.02
-1816.57
-345.281
-601.707
-335.106
480.428
254.341
-585.096
-179.819
1059.51
-784.698
213.57
-283.083
-285.217
568.3
395.163
-876.952
481.788
-486.707
-448.661
-926.08
-339.45
567.255
-227.805
-448.565
-422.081
-325.739
-194.462
-384.42
640.329
-448.366
757.364
-1072.89
624.315
-1410.24
536.161
-27.804
-1834.95
1862.76
569.928
-449.627
1209.72
-687.779
311.369
-311.369
670.676
-435.776
1042.58
-1633.43
-1158.73
-947.95
292.65
329.699
884.09
715.595
-489.734
-302.482
792.216
1657.14
-1684.94
-434.492
348.687
222.874
1135.28
-524.79
-943.334
1550.48
-607.143
445.9
-247.02
383.511
374.945
-758.456
528.949
473.601
-1002.55
-332.043
665.322
-37.8814
1907.36
1587.32
992.854
-1697.02
727.126
-1177.14
450.013
-492.472
1367.89
837.787
-1341.39
-550.216
262.075
796.073
-402.9
553.519
-1188.6
635.079
-638.303
-1215.54
-695.653
1911.19
-200.937
544.878
-343.941
-168.715
292.055
-492.992
328.013
372.171
-700.183
-1482.15
757.635
724.511
884.087
-1434.47
825.757
-431.941
218.428
-364.981
-582.53
259.621
-638.987
-745.53
698.877
506.112
-1204.99
392.984
-205.538
-187.446
556.146
-958.767
-564.191
-427.285
724.817
-831.286
-1155.68
-1437.97
499.646
938.325
14.6244
-626.75
333.598
293.152
-1312.23
1046.23
266
-616.695
-456.196
-665.896
921.77
402.615
-202.753
-199.862
508.205
980.664
-1488.87
976.609
-562.908
166.697
396.211
-393.905
670.725
-401.977
-509.359
174.253
234.428
-1518.07
531.825
538.291
-743.042
239.857
156.063
-459.556
371.296
-819.957
1954.16
-1195.39
-758.77
411.364
-665.797
254.434
323.899
324.889
123.065
-447.953
-566.111
194.096
265.969
-691.727
1374.36
-682.637
424.095
457.725
-1174.13
266.57
1866.78
-1013.59
-853.187
784.923
-522.067
182.617
1402.38
-975.189
-427.188
336.166
-771.943
-616.511
1725.44
612.538
624.622
323.149
-12.1869
271.289
-1138.43
1725.72
-587.288
-1763.53
820.192
1753.61
-1684.68
-68.9298
-660.175
256.279
563.833
-705.871
224.719
1402.76
-564.976
391.483
440.787
-1858.57
1420.14
540.42
-422.526
-117.894
211.317
-537.056
-280.028
-178.869
-352.873
696.278
-574.485
206.694
607.637
552.744
-1160.38
1113.64
-1947.45
833.817
163.134
321.386
-1698.96
1661.08
317.703
-733.435
-166.116
384.544
752.803
680.187
-1432.99
1073.95
-1077.26
527.871
-1103.66
-631.243
253.325
377.918
517.829
-289.216
-599.546
-1033.88
297.759
-719.84
-912.319
183.799
164.18
228.805
385.015
296.015
-681.03
-628.519
-834.009
-978.44
492.363
-1058.47
-284.886
480.374
535.519
645.213
-279.618
-122.156
-411.211
710.565
273.515
-1198.74
570.224
1307.82
-555.017
445.092
-1009.28
-387.181
156.241
384.179
1023.37
551.591
-1714.48
1609.17
1627.69
-558.772
-1068.92
1903.13
-1891.57
-11.5656
200.851
-521.349
-340.442
554.012
-763.962
-319.311
-340.864
1028.15
697.998
-1499.55
801.549
341.627
-26.1902
1625.21
-1078.21
407.851
-1233.19
455.954
-60.1557
1517.7
1197.45
-470.323
-488.644
-74.2639
-263.151
736.021
-1951.56
-710.935
350.558
-535.619
185.061
191.379
-507.513
1139.91
671.559
-1811.47
-599.207
176.681
942.033
-1497.38
-210.504
678.896
-468.392
883.341
1116.66
-736.815
1349.35
597.57
-480.52
-117.05
-347.782
1172.07
1039.8
-1981.4
941.601
-1171.58
545.2
1488.82
-585.849
-374.323
-151.902
-1241.14
574.224
1161.12
-117.751
946.101
775.543
-1721.64
-211.946
578.502
-1541.76
963.256
486.994
916.66
-1403.65
618.532
588.59
385.099
-1106.64
591.126
1106.68
1215.87
-452.338
-763.531
-1186.2
-1754.94
-7.93843
-1706.54
-204.562
-416.472
1606.99
-627.855
-979.131
-490.863
1121.61
-1317.43
636.903
680.524
-1361.35
1441.86
-1330.02
593.2
1520.54
-388.284
-562.931
188.607
-1478.26
238.367
176.385
221.077
376.493
437.251
394.026
-831.277
506.351
-939.042
900.823
-1444.88
-690.667
232.723
457.944
-1041.04
461.365
-472.56
864.042
697.04
29.1795
-521.053
177.112
-886.566
-1318.74
-716.044
350.034
366.01
404.515
-724.011
319.496
-479.271
-189.381
-709.522
718.86
1539.62
-593.517
813.043
738.294
1344.8
-844.69
-971.325
-570.433
-797.828
428.311
369.517
-1036.83
-643.334
304.389
338.945
-1433.69
-296.781
-791.206
398.355
392.851
-645.05
396.483
248.567
-673.496
271.519
412.836
487.737
390.015
441.057
479.146
384.712
596.752
-969.968
675.824
470.036
453.696
356.57
-810.266
1630.76
-1079.9
-550.869
-504.529
-283.846
-1028.38
454.351
347.935
409.699
594.239
-1003.94
-1380.42
752.568
-534.334
1146.12
355.423
-65.8458
412.351
-865.937
453.586
-1894.05
306.212
441.549
-726.601
285.051
-187.685
405.907
-218.221
-663.164
308.334
354.831
-675.003
320.264
371.116
391.979
612.837
-1021.08
753.437
661.587
-1415.02
438.812
625.513
339.72
393.006
-732.726
409.387
328.581
603.915
671.459
400.239
591.007
-1016.79
425.781
-1669.14
1197.65
471.493
1696.59
-539.175
621.209
-1147.54
526.33
-643.092
347.879
437.439
-935.531
498.091
744.88
-447.943
351.354
344.925
565.482
-910.763
651.356
-1253.45
602.097
367.457
734.822
-1224.84
769.625
509.573
-1279.2
480.878
407.36
-888.238
-501.658
-936.312
-302.942
630.954
352.651
541.956
-894.607
332.985
332.338
-502.181
1944.74
437.139
-847.333
410.194
-917.856
-807.159
-749.311
367.863
-1213.09
438.502
-1731
1603.69
127.308
1745.1
-1600.05
-145.048
-784.83
-593.85
266.058
327.792
-1753.61
1973.5
538.497
791.647
-1330.14
440.115
716.403
690.361
385.639
-1076
-76.7681
1617.15
-593.781
383.164
826.557
-649.899
326.56
323.338
-378.775
-297.863
551.615
-222.509
436.588
280.829
-666.93
386.101
264.938
-580.196
-283.032
442.591
-1033.73
591.134
538.046
1092.72
366.068
596.983
311.703
352.45
-664.153
1619.03
-921.031
1691.87
-1520.49
-171.376
-328.912
-823.838
414.656
857.528
-1068.03
-607.98
279.564
-1090.6
1628.64
-1581.15
-79.8207
1660.97
-341.922
-350.684
-370.614
537.01
598.275
-503.97
-28.8322
-549.961
507.482
-284.341
-223.141
1743.96
-1295.37
-625.856
299.358
326.498
404.952
357.289
734.699
-296.157
-399.277
-1745.1
1684.94
459.581
-1101.13
641.548
-43.7543
1652.92
571.331
476.432
-1047.76
104.25
1144.89
-1452.16
-16.432
-1877.62
228.14
-599.485
307.851
291.634
-955.514
612.576
-898.753
468.765
-1128.72
673.611
455.105
361.623
268.542
-758.276
-312.913
1217.39
886.85
699.075
-1183.01
456.162
726.844
494.374
700.908
-1195.28
-360.352
-249.129
413.309
-961.02
438.613
522.407
21.2511
-1879.82
1080.8
-468.635
-493.842
558.141
-1378.29
820.149
-424.249
798.986
-405.614
496.947
-713.65
1721.32
413.406
-184.601
215.926
-170.39
-247.181
417.57
1895.32
-504.113
-1688.77
1051.65
-602.027
304.164
-1014.11
553.788
-313.626
544.299
905.309
-1449.61
-1103.91
438.012
-20.7428
-1944.48
1711.64
-671.838
-540.589
460.737
-1190.6
729.865
192.194
210.421
-281.816
769.085
700.818
838.408
818.465
-461.895
1085.09
-470.666
479.566
-193.581
-285.985
-1922.99
-714.226
-318.655
-643.411
-6.63787
650.048
467.849
-273.753
563.28
1055.75
-801.959
925.176
1244.4
-425.483
-197.015
-227.351
424.367
953.131
-888.544
-326.726
-1068.1
611.906
1555.86
-798.226
537.657
934.961
-390.875
736.544
-345.67
1130.48
-276.222
327.765
1349.79
-705.4
-220.622
448.307
-1198.71
750.401
-999.933
-101.538
1101.47
442.057
-956.053
513.996
175.28
732.551
483.319
744.246
-86.739
853.408
-425.906
1182.61
-796.971
552.132
-1465.52
913.388
-1216.65
1800.97
-431.712
-1510.19
879.681
-1402.03
-304.023
-418.354
1457.28
-1523.23
785.157
1491.5
202.113
277.454
-353.296
-1731
-295.818
-1007.14
1570.42
-1763.38
1763.38
1561.41
-1004.51
-634.859
-336.491
368.452
605.179
-367.13
-361.366
-1389.86
897.391
1125.15
600.573
1202.8
1789.48
-1216.42
-610.153
274.268
1658.99
-1916.45
257.463
814.362
-1267.61
1545.25
-561.619
777.545
316.07
-335.416
554.808
795.164
674.262
1354.49
-217.888
-445.167
-354.916
497.431
-341.194
471.775
736.603
-295.715
-152.238
-327.024
568.375
-241.351
27.9645
-373.375
1107.46
-1720.28
-431.885
-483.79
-567.143
864.303
691.558
-1596.53
904.801
-451.8
-618.833
-513.802
1252.23
330.079
1723.69
-1702.44
-1657.14
1891.57
-1560.84
840.281
720.558
-365.826
-1795.51
917.761
583.126
819.637
-396.074
1794.3
-680.668
-409.444
676.818
425.22
-1102.04
-1100.17
444.117
753.332
-1617.18
473.202
901.163
176.708
-403.179
226.471
-1593.74
-383.01
-425.941
990.291
-670.911
1442.97
-971.728
1855.07
243.016
-543.964
498.226
-296.113
474.324
893.571
543.108
977.428
-462.929
-428.012
573.962
883.318
-1392.7
-40.9891
1571
-832.708
519.955
971.547
-1475.85
-1115.9
1769.59
-1243.57
-526.022
1206.17
-319.018
-887.15
-192.005
455.813
-263.809
-457.468
-251.589
432.464
-180.875
146.235
-395.364
1728.43
-1736.37
-454.239
-530.853
-903.617
445.462
-206.613
-238.849
635.041
-451.438
-358.449
-306.324
664.774
-926.616
375.89
-1167.34
676.473
419.724
-632.51
-443.605
1572.91
-857.314
530.186
-457.96
-571.09
-462.635
364.237
-353.85
-10.3868
-1096.47
408.693
-664.743
-1033.68
1698.42
-595.951
-1423.44
713.632
562.198
-1596.28
1034.08
-380.314
-481.339
145.47
532.557
-1258.53
744.733
539.228
1006.02
-2133.18
999.989
1133.19
-353.257
412.245
-387.044
-25.2014
1478.07
-365.934
449.57
1212.96
582.202
906.62
567.934
527.517
-1095.45
166.128
-435.676
-1684.68
260.537
1127.58
-611.301
518.482
1013.77
-1532.26
1092.86
-1643.73
192.794
688.864
543.51
-870.237
-1086.52
-171.481
429.075
-257.595
-587.062
-423.826
-636.87
-628.486
346.67
-1618.7
939.839
-476.814
216.508
-401.109
536.117
-307.976
-601.923
1197.22
-1268.81
922.034
346.776
-1028.27
-357.919
-755.792
-823.129
1687.43
-476.968
1794.12
-1582.07
-212.045
-1556.64
1018.73
537.911
-724.227
-259.907
442.974
-183.067
-588.439
384.282
274.859
-659.141
-523.934
983.632
631.312
-351.748
-1620.28
1050.51
571.768
1103.55
-1675.32
-407.515
-293.934
-369.23
-743.521
-465.949
-331.793
501.953
1558
-995.805
-775.336
1497.46
662.488
-313.801
725.881
1152.37
-1878.25
280.959
299.486
-487.168
-1931.91
1719.7
212.206
739.594
-475.011
-264.582
531.832
1060.83
-1592.67
364.237
-1722.97
-233.21
1752.35
-1580.7
1073.78
506.918
-1722.41
-0.560032
-521.671
412.245
1698.96
-1719.7
939.74
624.48
-1564.22
382.549
-219.608
-162.941
-404.721
-268.775
71.7071
95.1657
-355.073
-432.248
-437.243
-408.895
221.21
1510.25
378.857
-216.753
-428.298
463.487
-197.518
313.606
1510.78
999.552
-157.322
-842.231
-1104.11
1704.83
-1728.78
1064.04
-707.162
-1021.62
-1265.09
1844.99
-579.903
1155.07
-1771.15
616.075
271.494
-878.198
1675.69
43.4483
-1719.14
-491.166
-1083.06
-1728.43
-982.38
554.368
1019.61
590.225
1133.04
-1723.26
289.153
-447.86
704.806
-384.542
370.76
924.947
680.616
-379.782
-637.005
582.893
1072.56
-1655.45
-399.735
-370.46
770.195
419.674
-1661.08
1520.49
140.585
583.921
-1044.68
544.747
1083.9
-1555.69
994.069
-238.463
235.523
318.489
1903.13
415.353
-82.3241
995.86
722.752
-1718.61
-697.335
1085.35
-1557.52
165.982
-571.629
197.519
265.969
-653.149
-559.944
582.503
1034.65
-711.173
-269.081
-1368.73
675.939
692.796
-415.664
769.97
61.236
-831.206
561.728
-137.151
1557.29
-216.701
268.481
-770.657
-1931.91
1664.63
1035.06
366.804
296.414
448.466
-930.234
-992.759
-1767.27
637.607
1693.77
510.153
-474.292
1210.89
1087.14
-424.972
1030.15
-979.294
493.647
485.647
700.181
1047.97
-1748.15
486.072
482.14
-1494.01
-747.421
32.2465
781.014
-413.151
-884.441
390.598
-538.791
-802.6
624.356
-577.256
1397.4
1055.15
194.283
234.792
-550.619
1618.53
-772.327
1525.76
-1727.84
575.252
1152.58
544.588
-883.997
-1732.75
1916.45
-183.704
1721.74
182.061
-543.804
367.597
-272.431
-481.413
1211.28
568.271
1128.32
-491.332
433.941
859.085
-462.393
-774.703
425.891
348.812
1418.82
1089.61
-518.197
1423
-510.645
-533.425
1044.07
-602.755
467.923
-1198.14
1691.87
1839.58
-687.212
1585.65
-645.914
-1241.4
717.47
-562.466
202.062
-391.808
455.113
-243.161
-520.153
-1246.71
1870.94
-624.233
1173.55
-552.336
1120.28
-1659.46
1692.3
-573.938
-545.441
-549.816
1720.07
-317.247
-688.039
-473.322
1223.72
-1683.11
-1860.1
613.395
293.355
-934.329
168.655
213.884
-1719.03
1204.15
514.873
1162.85
558.888
-511.506
-465.389
1192.23
179.546
226.361
588.444
1251.13
-539.176
-1238.58
1777.76
-1025.43
999.989
866.789
-204.124
-1658.99
1702.44
-510.078
1411.24
-1732.75
-362.59
19.8108
342.779
-265.167
586.99
-321.823
69.3674
491.543
782.368
-377.853
1257.53
1270.89
-413.361
852.728
-438.073
1817.45
-662.377
1586.54
-1723.69
-412.789
-738.562
304.85
433.712
-559.658
-563.293
79.7339
-1138.75
-985.518
-669.681
1655.2
-943.706
-1189.47
159.517
-409.056
-648.448
705.609
1167.45
650
1410.36
-590.719
1636.75
1318.16
-573.427
-493.638
197.525
-503.282
1396.85
1240.23
-564.292
-999.987
893.785
54.2988
-948.084
603.439
-506.134
1403.52
1495.09
-588.469
-366.057
366.057
-589.427
1623.51
1239.56
-486.23
1134.16
-72.9657
1851.72
-393.742
1489.5
-588.677
-507.678
1347.96
-652.861
1218.76
-565.901
1554.82
-591.56
747.229
573.531
-1320.76
-652.989
277.322
489.157
600.136
-1957.3
-981.489
1586.54
369.116
-369.116
-71.0259
388.691
437.066
375.17
-5.59717
-338.167
890.582
-523.125
-426.322
815.012
-243.76
621.678
-435.011
1545.38
-444.342
-884.102
186.671
227.081
-413.752
601.168
1250.78
-1851.94
927.53
-458.765
-353.85
126.152
-1943.02
1816.87
-452.961
184.79
1181.28
-440.462
-740.822
-305.907
-578.534
-492.294
-387.044
-481.244
258.103
1158.57
-560.293
231.594
-382.434
150.84
-22.8076
-107.676
1376.03
-1268.36
34.5668
-598.253
-586.394
-452.278
452.278
-1262.36
1985.11
-1344.38
-216.153
-1824.57
242.496
-1025.76
-974.241
-185.913
-1637.64
707.402
1229.32
-1924.97
370.179
312.482
-682.662
-1850.01
1234.27
615.742
-561.678
561.678
-959.196
-40.0329
-1866.06
-558.144
1650.86
-677.416
1636.18
-601.533
-173.138
-1704.48
-585.682
-442.149
-594.798
-466.443
466.443
-1537.81
194.525
1343.28
172.808
226.26
-399.067
491.125
508.427
997.402
-474.995
1751.3
769.044
-422.945
397.743
520.684
1702.06
-594.598
-552.965
1636.86
471.786
1812.74
-645.292
-1803.96
-1938.07
-646.948
-478.815
478.815
-585.847
230.931
-688.62
1019.73
-465.942
-1072.12
-286.728
1579.57
1852.3
1635.34
-1635.34
-278.978
739.539
1761.49
595.787
1275.15
173.065
209.484
572.032
593.427
1603.51
-1603.51
222.491
-353.832
-434.706
460.252
952.129
-458.482
-639.747
-1131.01
1706.26
280.628
-1648.25
606.65
-289.837
471.898
1744.65
-592.062
-215.947
-414.317
381.228
725.45
1738.57
-613.424
-511.765
-775.47
1960.54
-870.453
-1090.08
1642.78
-705.927
1223.97
-1824.95
600.972
324.61
-868.574
-185.848
-105.158
1098.48
-486.571
127.451
612.742
-1646.62
439.794
604.19
-1803.96
-583.276
1787.43
884.342
-1162.92
1760.49
-597.567
1783.83
-575.527
-1208.31
438.418
930.643
-1736.37
924.769
-1499.25
271.043
1228.21
-831.983
-1254.23
-379.476
75.5081
303.967
581.723
269.93
1026.44
-444.966
847.427
-402.461
821.301
738.375
-1559.68
643.775
1066.3
-24.2161
-663.305
687.522
-1744.32
722.693
698.447
150.579
-1122.69
1936.76
-674.549
-1262.21
-537.176
1665.5
828.414
963.765
-1792.18
1227.87
683.324
-403.66
711.994
840.483
1028.68
-586.624
1761.49
626.676
1773.56
-1185.62
-587.94
-378.664
-322.872
701.536
121.446
-1185.69
1660.55
-540.268
-1437.81
1437.81
1250.57
594.416
1351.57
206.437
-567.593
283.25
-191.824
699.074
1113.67
483.398
-303.852
-870.278
-574.599
1736.93
-1736.93
1000.65
-1000.65
987.331
1025.17
-2012.5
1837.94
-613.971
-581.108
816.929
-947.849
-1052.16
998.38
690.532
-1688.91
-516.424
-341.971
-645.615
-808.423
2042.7
-1246.42
-613.681
1002.97
974.852
1289.77
646.986
326.031
1012.69
231.865
337.402
1186.25
1756.88
-1756.88
671.964
79.887
-388.554
-997.053
-539.991
1674.15
988.767
1011.23
-1833.28
-223.503
-362.178
605.048
-344.511
1849.49
-1077.86
-771.638
371.3
-41.6316
-812.856
-1662.67
1662.67
912.921
1923.74
-648.585
577.254
-479.055
1708.01
-1228.95
729.482
1837.82
1149.36
-604.157
-576.298
1144.23
-813.479
-486.086
932.623
1106.48
398.614
419.851
369.051
1223.04
-1135.29
-584.993
-644.668
-1212.58
1857.25
-107.082
-261.774
330.927
-527.942
1250.31
991.523
774.602
-581.808
1878.06
-650.197
-382.404
657.263
1877.31
740.955
-552.415
375.399
-451.894
1450.59
-749.768
1172.22
588.271
-95.5366
409.767
-314.23
-1244.33
903.65
408.111
1636.07
-711.123
1046.76
905.106
779.369
766.24
591.523
758.333
996.871
724.45
1835.82
-984.045
-851.773
538.819
-329.925
304.465
-304.465
-389.862
-675.408
290.866
833.1
381.518
355.026
1888.88
-659.563
1097.9
-13.5599
-773.509
1119.03
461.462
-1140.2
1140.2
1758.18
-671.034
739.631
452.602
-198.092
900.243
-643.052
1313.73
1200.56
889.175
1143.77
540.429
1096.43
-558.774
-84.6366
-1090.64
1115.66
636.088
-1669.76
1198.03
-135.932
554.034
-418.102
203.549
-608.692
1859.47
1075.08
-1075.08
997.126
604.668
-1601.79
633.113
651.623
619.266
1115.32
767.923
-667.106
1731.15
399.889
1061.16
129.532
1563.64
526.769
713.461
-1215.39
-717.465
-527.001
1914.11
-1387.11
1852.19
-601.618
1513.37
-1852.27
338.894
984.23
-984.23
1772.52
-682.906
55.2477
-499.226
399.324
-647.469
1353.13
-705.664
674.958
-633.224
67.2521
533.955
610.703
-1144.66
1486.91
-749.252
1026.15
-1026.15
426.822
-332.587
332.587
332.411
1148.5
-693.929
-896.779
1590.71
1233.39
1266.33
661.063
-1927.39
-1309.47
-709.746
1423.38
1309.47
-548.115
-954.447
805.571
148.875
1154.82
-1154.82
1174.12
533.89
1202.81
-1848.1
1206.32
-1061.18
1061.18
1016.63
1040.7
814.368
586.625
-1764.16
1177.54
1092.16
-1735.44
1059.07
-597.709
-502.229
1012.38
-699.418
585.939
1291.37
1687.33
-827.078
-860.248
1048.59
-1048.59
-196.311
369.217
-172.906
-773.846
360.695
-1827.04
624.354
1202.69
-769.019
-759.702
1528.72
-327.365
-315.463
642.827
1123.38
1655.56
-715.723
267.996
203.79
876.303
-876.303
858.007
1679.49
-1035.72
635.116
-1278.17
1260.84
-1909.43
1132.27
-1794.64
-273.976
-401.432
1921.9
1135.79
-1135.79
1236.18
-1850.16
601.487
-601.487
428.895
-254.328
-174.567
613.127
954.449
-468.377
767.665
1767.94
-850.181
475.73
-852.493
852.493
1238.68
-1079.01
1254.71
-1868.39
1267.24
-1891.47
1125.51
1548.09
-762.936
-368.87
894.06
-1871.72
977.661
-346.563
529.693
-860.386
860.386
175.749
-462.477
1176.26
-1777.97
1190.03
-725.278
-1025.61
1750.89
563.485
-642.19
-183.552
-334.029
517.58
432.764
311.479
541.12
-356.059
636.758
1289.48
-1926.24
844.822
-844.822
1125.84
-1772.79
37.9818
-445.268
1662.67
1205.12
612.662
-1817.79
377.829
-762.04
762.04
639.392
-1851.97
1243.5
1058.4
-619.983
-521.755
521.755
1222.26
619.822
-1842.08
1160.32
-1752.38
1123.22
-1762.9
639.686
569.693
-1376.13
806.436
1237.86
621.606
-1771.14
1173.58
488.219
627.899
1229.35
-692.907
-1368.12
1773.65
728.149
-728.149
1095.1
-1734.33
639.228
-829.788
391.716
-718.908
1717.29
243.318
301.172
200.781
539.442
1224.3
437.137
-852.609
-805.588
1658.2
-1166.71
-660.328
557.095
-1530.94
-632.208
1066.52
-683.36
666.822
-666.822
1010.96
-1010.96
-605.754
894.334
-721.667
1875.98
-642.581
-207.655
179.593
182.687
-362.28
610.826
1112.22
-1723.04
1813.99
-576.128
-719.353
1895.61
1079.46
-1772.37
546.543
-369.017
-527.223
527.223
168.805
197.852
-366.657
1835.99
214.149
146.845
-360.994
-288.924
606.821
-606.821
-1215.66
1767.92
-552.261
685.836
-414.547
446.272
-225.062
206.639
153.409
-360.048
1802.69
-1817.28
-1745.31
1131.89
551.349
-374.238
197.089
171.211
-368.3
-1685.37
659.931
630.178
-630.178
562.76
527.438
-323.889
-2087.48
-1193.43
-675.785
1878.59
1134.38
-1721.67
-1230.65
621.663
1707.26
-1091.19
-1170.12
198.447
171.405
-369.852
-585.604
585.604
36.5292
680.106
1092.96
-1773.06
1131.2
1082.9
-657.115
298.605
742.306
-742.306
-1450.22
574.043
876.182
1083.38
-1677.97
1810.55
-604.231
406.541
-715.833
-1640.71
1039.18
-598.61
1796.65
273.122
568.316
-568.316
1633.21
-896.329
437.565
-714.176
714.176
-1097.21
-850.243
-429.8
190.924
182.101
-373.025
654.002
-1301.47
-483.676
-1654.12
1069.13
527.127
562.788
142.62
216.156
-358.776
-1204.08
1805.06
-608.604
-1280.4
-779.7
1601
273.189
518.873
-283.605
627.519
-627.519
1792.32
1497.74
316.246
-623.404
623.404
699.043
-450.475
569.192
-380.584
-205.924
473.92
-512.299
204.323
704.354
-471.63
-719.26
336.856
-1658.99
1118.73
1091.07
815.074
-549.639
1451.94
-1557.41
965.85
1002.98
-1672.66
610.935
1106.21
-1717.14
-1587.01
1023.1
620.171
-620.171
1223.54
628.762
-1123.07
1085.29
-646.783
710.987
-439.469
-1486.32
897.848
1033.98
-1627.76
-1183.29
-580.874
1957.14
-1000.67
525.679
982.126
-1628.04
-164.99
-554.271
1603.58
-17.0424
-668.8
1209.6
-1885.39
551.72
-1681.13
1101.49
-532.388
312.911
219.477
555.362
-1187.87
1845.15
-1528.76
958.324
-267.589
-241.564
509.153
228.165
-457.682
-384.711
1451.01
-749.135
-823.547
1572.68
740.681
-1839.81
1099.13
-307.641
483.39
-1922.59
1948.98
-1948.98
-1800.43
807.668
1881.16
-649.573
181.026
-419.048
-537.005
-345.535
-880.443
391.597
-591.301
1964.92
852.012
-492.169
-359.843
-1664.58
841.543
-1848.68
1039.41
730.183
1836.09
-283.239
1669.24
1787.52
-586.96
-1627.68
545.688
1082
871.114
-1620.25
-606.004
-667.805
-131.055
644.59
-363.962
155.063
410.108
1026.92
422.273
-1449.19
1675.32
-543.43
-562.562
1632.77
-1705.74
919.085
-485.144
-1102.6
616.029
-26.4945
-1416.71
1630.63
-524.421
-1435.35
860.753
608.844
-1679.34
1070.49
1671.42
-588.044
-1286.92
-689.775
1919.12
-1621.2
-14.1457
-368.403
-1799.19
603.869
-1180.17
-1468.1
879.42
-502.177
923.032
772.191
-1695.22
997.388
-1418.8
421.409
-64.3584
-242.747
-167.52
-1361.29
361.358
247.772
-929.868
529.334
-1516.61
747.594
-1588.12
789.894
-1115.22
2009.28
47.633
-607.368
1772.83
942.142
151.562
-1819.54
1169.96
-625.609
433.141
-445.347
1072.02
-75.727
-1094.91
1170.63
-482.531
1229.76
817.755
-1640.88
199.076
1196.71
760.571
-1532.9
153.728
1670.45
601.599
-1522.63
934.922
-1526.22
-553.976
226.611
-1399.33
913.104
449.764
-109.638
1200.32
-575.698
399.928
-714.895
1383.85
-668.959
-363.689
542.378
-335.684
-511.281
788.603
-1372.73
807.756
-472.265
-701.867
-367.053
-462.735
1853.06
-1066.72
-656.325
-631.426
1870.11
-1268.36
457.891
-1239.93
799.472
-934.344
858.617
-1302.84
743.187
-836.035
-250.408
-721.596
303.242
-486.678
1209.69
606.729
1026.49
-6.77437
597.901
-109.407
401.462
-226.431
452.792
954.216
1065.42
183.232
-1414.3
823.576
-749.281
-1129.07
388.253
-1338.37
764.943
-1583.08
750.373
1264.18
462.757
-227.965
-737.708
1311.24
-1082.88
-651.447
465.113
-338.425
18.7389
994.279
-1119.71
125.435
648.267
-706.027
219.841
-1744.52
-752.189
304.246
-238.327
1087.2
545.436
308.75
-854.186
-595.49
-793.387
351.238
-465.095
-23.926
1443.64
944.439
254.005
281.943
-535.948
-686.209
1787.7
-74.1636
-430.242
674.401
183.378
356.399
281.208
-596.134
1676.89
1380.32
1828.98
365.894
1079.64
-1765.85
794.522
679.047
-1473.57
-1503.75
1095.02
-1061.48
1709.74
-651.727
315.707
-792.083
-561.622
-983.964
1545.59
-1035.51
234.908
-349.25
1069.55
-1527.23
700.452
-1502.86
-837.938
562.342
275.596
-582.667
539.204
736.547
1112.95
-1668.22
1668.22
-599.085
807.005
1147.15
928.701
-1527.79
-604.837
-949.607
-419.431
-476.898
-281.874
619.399
648.1
-1412.06
-1578.64
721.329
865.444
-1625.15
636.943
740.84
741.475
-1512.13
-485.202
1390.31
-743.123
-513.02
1256.14
-1252.48
688.192
932.725
-406.023
583.284
-1307.51
-1380.32
-1338.52
613.435
725.082
-575.083
632.224
-1278.3
-682.389
744.812
-418.781
806.583
529.732
683.287
418.713
-1161.84
335.159
474.739
-809.898
-426.563
-111.217
876.174
-1591.9
1663.43
-158.472
-1053.2
-626.135
367.647
289.616
1654.68
-556.779
1476.15
-578.298
498.697
645.758
-1509.88
864.122
-1230.75
664.85
-1217.21
-492.664
1124.89
1168.65
693.971
-1206.99
737.142
-1727.72
837.845
469.975
1010.61
-471.167
-171.606
-1052.05
-256.593
422.721
-473.877
672.507
-1569.29
-1182.18
519.804
1034.9
692.765
-1185.43
-602.252
-1632.31
-0.0338886
367.631
410.947
-901.777
1526.26
332.553
792.536
-417.137
5.46839
1574.46
881.739
-346.443
321.683
24.7608
-470.337
1238.26
563.542
-1047.5
483.957
-332.553
-21.2968
535.102
-1069.64
534.541
1179.37
-413.126
344.114
-747.774
72.5704
940.864
435.491
-225.071
-500.303
-1074.59
-1192
639.667
-713.248
-1598.2
-658.379
798.841
607.344
871.382
-1478.73
1037.64
-1085.24
1660.57
-621.39
-481.891
-308.355
1142.44
-296.039
357.563
-384.845
27.282
-734.726
-593.362
-1403.2
784.368
-975.918
-625.876
-46.5612
-14.1568
-238.054
472.418
-1125.41
257.394
-287.189
29.795
-1092.12
-589.013
-678.22
589.906
-1150.2
-189.193
355.916
-388.594
32.6775
422.747
383.836
-1097.43
-589.383
812.048
430.894
-494.956
917.137
628.841
-1545.98
890.575
223.391
864.598
-437.776
462.45
519.982
516.472
-1036.45
590.732
491.111
-1081.84
688.14
606.54
803.338
-1409.88
969.712
1106.57
-634.155
943.625
647.083
880.012
-39.3028
578.025
-1102.82
312.512
-348.449
35.9372
465.244
386.769
-384.333
337.395
46.9375
1112.46
513.545
-1015.77
-1627.19
864.257
1420.53
-758.946
-419.512
365.142
54.3699
1108.74
-700.049
199.793
-1073.07
1712.3
322.802
-380.247
57.445
1477.87
-598.446
345.246
-405.007
59.7614
-626.329
262.367
-436.066
379.523
56.5426
371.17
-421.744
50.5745
372.03
-414.142
42.112
433.003
-454.028
21.0257
-428.724
438.058
-9.33401
434.321
-416.909
-17.4128
413.335
-389.163
-24.1717
410.01
-380.468
-29.5415
395.972
-362.152
-33.8193
-376.646
419.098
-42.4517
397.06
-352.973
-44.0867
374.42
-329.298
-45.1221
-397.519
443.691
-46.1722
-20.6975
-802.586
488.452
-154.932
753.689
-684.415
470.634
516.488
650.05
-1458.34
808.29
-595.183
-648.004
428.521
386.491
403.575
-396.887
337.197
59.69
371.454
-754.495
383.041
121.236
1571.41
-605.558
-1292.67
204.606
-557.902
448.057
-928.96
480.902
538.322
398.344
-840.301
441.957
1687.22
-742.783
1500.22
-877.395
-1587.79
-789.698
1763.54
-672.471
483.041
-951.677
759.243
-1354.43
1112.09
1573.93
509.968
422.757
429.518
342.408
-403.028
60.6201
-895.897
458.655
-370.799
410.911
-40.1119
-756.042
-573.583
504.142
640.089
-418.884
-577.526
1646.02
-575.53
491.928
536.752
506.202
-1018.41
512.21
-1537.45
1173.76
-680.822
1678.21
1127.63
-601.304
-334.37
-393.012
393.142
-0.129632
-288.19
429.747
547.613
-1039.91
477.029
1178.85
-550.057
-545.393
-316.922
346.102
1057.98
-362.259
-635.066
-535.053
510.746
-1059.55
548.799
1425.24
-601.66
1401.06
-500.814
500.527
-982.418
408.006
-370.725
-37.2808
197.659
-880.531
-670.831
1469.12
351.99
-819.076
487.226
-945.708
1824.9
-953.782
-724.998
289.322
544.667
591.085
654.569
-1245.65
682.706
-1432.06
749.356
1074.22
473.029
-907.735
733.462
619.671
-504.6
1417.52
-1770.15
1502.94
267.205
278.321
1453.39
-1018.19
1498.28
188.624
-687.876
236.438
443.821
-862.705
-644.625
-1107.92
294.322
1120.17
-169.54
1289.81
-601.615
-1600.41
1098.23
1921.1
-1110.5
-810.602
-578.876
844.958
1042.04
423.894
-826.354
-802.495
-1122.23
-647.775
-500.571
-390.138
-1345.62
-235.528
311.031
-579.39
210.429
425.382
-830.916
213.632
-623.076
856.959
-1807.67
-843.543
193.575
177.946
-371.521
-925.504
456.357
-1098.35
895.199
1017.61
417.952
1416.17
-1524.71
701.813
276.056
783.443
1378.91
572.174
-1184.08
611.904
465.302
-850.99
-892.082
1880.85
-449.483
181.894
-557.976
1121.52
210.696
622.903
690.825
-203.719
-396.922
600.641
1590.96
-1008.32
-508.328
1148.42
316.214
-270.304
-45.9101
628.25
-1247.08
-835.062
327.436
507.626
-1122.88
-1621.18
780.189
878.007
647.692
724.063
204.401
312.087
146.356
-517.312
370.956
546.44
-298.415
692.224
-1174.76
534.127
405.635
-783.488
-783.816
-626.062
11.8433
1591.44
-984.79
-817.216
968.901
1529.21
-851.729
-677.485
350.574
-692.575
342.001
-540.069
1298.4
1269.1
194.557
209.223
-1053.91
744.423
678.955
-512.347
156.288
-462.216
256.866
205.35
214.525
1469.12
383.051
-736.882
648.855
962.105
-1523.73
195.665
330.456
332.092
-662.549
1189.41
-599.509
366.306
700.424
-363.396
606.714
1282.79
472.679
-936.096
463.417
539.38
534.493
-1073.87
678.422
-1421.94
896.737
-451.608
-597.095
1679.09
-583.119
1767.81
-1184.69
-628.328
264.932
1508.34
-771.202
-354.528
889.494
296.44
-910.498
-385.3
674.916
822.984
-735.977
1277.47
438.812
-897.388
458.576
-1063.17
-756.371
-762.313
-1062.25
-974.911
-714
599.188
-599.188
-7.6337
-729.147
532.376
-1516.34
812.357
200.174
400.438
-755.221
354.783
655.742
873.472
-1285.15
1817.53
-878.191
1659.33
-717.185
1267.74
-854.763
463.027
-243.186
1403.02
314.819
-599.305
284.485
-1070.58
605.49
-934.606
1534.74
813.978
-131.065
-460.962
847.453
419.183
441.642
-396.285
-45.3563
-1630.67
779.679
-546.622
166.037
1621.33
-870.957
1122.88
17.3187
1523.67
-647.074
-1127.95
-407.99
-555.203
-847.839
-1678.71
1052.58
504.123
-606.463
102.34
-257.889
338.567
-751.554
1839.86
6.9788
287.624
-603.086
-1523.67
-138.998
1104.03
-682.563
-421.464
-727.533
-117.289
583.588
269.404
-741.035
-591.148
1768.68
387.365
-739.739
1809.29
346.617
-857.898
272.033
300.132
-572.165
-330.123
362.118
349.875
-1377.18
-420.875
232.655
230.372
823.085
-1099.84
453.057
1075.42
-45.3133
-578.532
1157.02
-553.152
-941.911
-434.219
-479.279
-807.541
1286.82
-612.236
76.0818
247.067
-228.604
-939.369
1356.03
-416.658
-495.192
-682.994
1296.43
261.134
-520.896
259.762
618.877
1390.41
609.336
-1534.84
1161.84
-815.066
-463.914
-544.005
292.212
-331.79
39.5787
-529.189
-260.899
-14.3061
-627.672
-1197.73
736.722
461.003
-575.808
1098.35
-667.041
1392.12
-586.525
264.701
1625.71
-904.38
727.533
34.5062
-61.5916
247.957
-489.521
802.255
-519.027
913.295
632.29
1021.94
-448.427
765.273
-1370.56
673.309
-248.143
1051.16
-654.452
1154.1
-378.225
338.192
-565.371
-890.894
1598.3
751.554
1730.97
533.644
-329.321
-522.909
866.146
-494.693
843.369
619.6
368.561
-324.193
-44.3681
709.481
-1587.67
-399.468
970.037
-636.676
-838.658
-743.431
375.386
-332.295
-43.0905
-448.947
-489.141
-605.335
370.418
1082.67
-620.219
852.452
-501.213
572.768
-420.719
1305.82
-1674.82
690.033
-1797.53
610.538
-530.857
497.554
-840.131
342.578
230.341
-545.326
314.985
-763.531
390.026
-347.642
167.844
556.369
-283.537
-461.504
1155.48
1101.72
-672.206
-587.843
-457.26
376.16
-408.138
31.9785
-493.022
200.282
444.61
-191.869
-322.076
-303.681
752.079
-1060.43
469.872
934.638
1030.28
-434.633
363.693
330.123
484.961
1030.4
522.135
852.431
1068.67
811.916
-1459.92
648.002
463.546
-1259.33
681.803
-201.679
-260.537
141.533
-386.308
600.145
783.708
-594.478
-168.975
218.489
233.681
219.111
1644.12
-463.784
-724.088
-322.807
358.204
-35.3973
1152.81
-444.679
-708.132
439.841
-398.928
262.117
411.192
-573.36
494.109
-708.329
1133.71
191.87
646.912
1399.16
-1204.64
693.202
-403.606
146.756
-190.269
-670.093
607.136
510.49
-311.681
1101.47
-649.189
1114.49
-494.272
1187.04
737.879
-633.261
360.191
-33.0968
1510.57
-769.734
1653.88
-993.952
1370.56
-1224.2
260.899
-75.8414
602.527
-781.428
-778.247
-409.311
1247.16
-48.1177
-516.945
-264.634
-1190.79
-590.891
733.842
-272.939
892.925
-455.36
-355.139
178.727
235.902
582.37
-229.488
-273.203
1230.57
-590.882
-540.422
583.193
-656.726
242.424
68.9453
371.276
-329.765
-41.5113
228.149
-1075.08
766.678
282.971
-1007.06
356.184
212.342
-568.526
627.059
-237.081
687.831
-450.75
-752.957
-378.518
-1025.14
504.637
453.311
-1161.64
-858.247
339.22
-96.7102
187.504
940.174
-35.0009
496.092
-1145.28
1780.14
-898.397
-49.7145
20.8467
15.5034
21.4468
622.613
-476.508
119.319
-718.1
-435.321
-624.225
-491.034
760.438
-452.78
-962.919
-1202.53
-92.8383
-443.525
739.965
903.157
-422.254
168.768
-365.078
-17.3637
782.166
800.736
433.473
-329.975
367.427
-37.4511
-476.901
-614.743
252.483
-642.241
302.381
689.338
-232.405
311.805
1150.77
48.2987
-518.829
646.621
-1593.51
946.887
291.718
191.672
-388.755
557.154
-356.979
227.047
-670.571
-417.892
192.822
-251.878
-224.442
920.38
753.681
202.919
314.661
-952.178
528.586
-65.8309
285.441
-739.68
-666.014
-970.391
813.069
-1220.65
-898.193
297.569
-503.78
157.341
-362.88
-428.276
889.222
-340.423
-483.163
693.543
67.5141
398.928
459.294
1154.35
-717.826
45.8537
-378.297
643.229
-512.329
-629.611
732.551
-434.823
1209.82
-312.602
290.089
22.5129
1779.07
869.207
515.64
-321.083
861.086
-1428.1
-1840.35
856.303
748.477
-340.661
1603.58
512.369
120.215
-152.654
-185.823
338.477
1695.66
704.339
-1373.3
1686.9
-732.689
1036.68
-42.3986
1216.97
40.1858
286.55
-710.375
-243.705
-347.75
286.675
-775.816
1020.05
510.571
217.207
-643.147
-701.258
-143.372
1197.45
-245.316
-276.186
-186.624
-154.734
341.357
-1032.38
-222.726
-689.774
-604.45
-1290.95
515.478
-554.004
-1241.22
1094.62
738.61
-341.605
-72.7125
355.303
-315.71
-39.5933
1770.38
-504.257
135.047
-363.013
-81.3043
-438.448
941.482
-632.103
477.833
535.422
-614.953
-61.9218
302.933
-112.499
286.798
159.396
209.82
-1154.35
-410.108
-191.227
-154.305
345.531
-757.503
-807.203
-376.874
-74.5724
-895.819
-1109.9
-1464.14
-535.888
-1464.14
1466.68
533.32
1466.68
347.75
-321.785
117.523
1034.71
724.521
1267.26
-1117.02
-464.902
-842.609
-436.543
-841.519
-238.352
660.524
-382.084
303.359
-1752.05
-448.072
24.8643
-370.254
735.973
-577.467
414.374
-651.455
-470.669
634.708
-422.366
-1114.32
-725.491
655.468
-1690.98
-772.537
-685.803
1679.64
-506.333
233.129
1056.38
-562.341
-100.965
-99.5191
-1453.27
572.735
1566.16
391.414
-1419.52
-450.359
-1398.6
259.072
-1019.36
459.683
443.474
1009.54
-863.259
-154.009
-204.723
358.732
-1292.67
-342.407
444.865
-234.436
-785.011
-413.124
-591.651
1486.85
688.235
351.371
-755.579
440.214
1109.61
-691.657
-822.578
-626.513
259.383
-644.454
-30.7924
-476.802
1229.69
-868.332
1460.32
-383.265
-368.933
722.923
-392.843
-896.897
-844.766
-428.087
499.023
-344.401
-151.32
495.721
132.757
409.56
-451.083
1414.85
1572.95
-604.045
-617.054
1151.01
-969.546
261.401
-307.718
-432.054
1099.9
-527.962
-219.812
947.07
-429.516
-158.404
371.869
757.503
-1342.42
-19.0239
-464.653
-260.249
260.249
-327.935
-427.286
932.077
-615.11
1296.91
-422.872
-510.476
-1585.98
813.529
-331.741
-359.244
-1193.95
1176.98
-565.072
183.048
416.767
-893.666
-723.679
244.227
495.665
-290.315
-631.921
-467.434
-203.78
-166.576
370.356
-819.732
-162.658
-204.193
366.85
-206.588
-156.573
363.161
-281.16
35.5601
919.869
-1509.01
373.379
-190.692
208.899
-982.408
1045.01
-500.345
-688.346
-380.548
1068.89
940.716
-211.772
-161.699
373.471
-379.588
419.774
1342.14
1660.64
1282.79
-1466.41
710.833
186.497
463.551
98.1441
-358.393
436.291
-304.338
789.652
-434.869
473.81
-695.299
-606.173
-466.032
131.192
492.813
-48.6631
-456.562
-389.723
-652.75
-1573.97
771.475
-212.961
-163.174
376.136
-888.67
-512.147
1610.38
-1507.51
-859.51
1129.95
-1175.26
1598.51
1050.37
-818.798
-899.815
125.678
-613.646
1671.62
889.596
912.138
681.318
-270.084
876.45
-349.946
-278.577
-364.369
714.244
391.18
579.503
601.505
533.446
-337.781
730.613
314.933
1576.84
1382.65
-442.472
317.483
-366.23
-686.558
-27.7244
135.617
-883.076
369.473
-794.292
943.943
823.865
242.424
-260.963
480.44
266.902
-576.816
784.248
214.741
218.041
201.551
1559.41
48.3506
905.778
-954.129
474.482
-403.284
185.28
-1100
475.773
55.4351
820.26
908.552
-185.61
-191.039
-377.487
-359.609
-498.638
-610.486
255.347
-929.524
460.885
-468.092
-345.785
51.1927
764.949
-456.272
871.938
-97.0114
-460.891
573.935
886.381
356.085
-173.592
277.359
932.26
602.482
53.341
307.911
266.352
-1220.69
466.032
-879.743
582.614
297.128
1688.71
-430.452
-317.455
271.628
-403.647
977.428
120.889
336.632
1220.65
1514.54
-650.421
-679.78
700.025
-289.884
828.202
-538.318
-681.366
660.668
-376.784
822.423
376.903
608.646
-367.356
-1344.65
1038.78
-254.815
1857.44
-681.238
205.778
530.051
-191.206
699.633
-317.913
245.208
-1100.11
419
-1356.57
1339.38
406.403
-217.451
-160.951
378.402
-783.92
-1623.37
-904.701
177.859
37.3839
-624.53
1000.42
1190.79
-654.93
-740.634
-671.267
553.777
498.023
507.418
-1209.28
931.926
-252.909
1174.7
-529.373
777.536
-1289.04
1098.67
-94.3059
336.73
-599.267
1381.43
220.746
-619.813
-903.913
381.55
1194.49
214.606
210.178
28.229
-938.348
907.668
-972.027
-248.716
299.297
752.668
707.63
1149.91
349.688
-661.247
-332.01
-310.103
-291.144
-711.148
-452.276
556.105
-388.696
-31.8713
83.4289
-44.2163
-743.388
304.939
-1316.93
285.091
473.201
679.967
-1153.17
-1093.57
-358.359
-395.1
-1009.54
-1136.28
-1514.63
616.085
-307.272
-1103.8
-363.113
-376.575
783.53
386.862
-1078.52
-45.8263
344.688
290.27
268.038
600.953
-1005.08
317.3
-424.473
360.205
-222.276
-401.679
-203.689
-1516.71
285.697
-1508.57
-1457.74
-220.902
1079.9
25.5379
-433.709
1041.92
-519.783
-666.369
1110.98
813.105
368.848
-768.316
661.797
-258.996
-385.458
-412.898
-551.782
1036.74
366.438
-200.304
-166.134
-323.651
-792.47
-404.547
1197.02
1914.4
51.7168
364.964
172.914
-530.893
-309.238
267.937
345.1
-141.451
-203.649
-382.45
164.228
-386.481
432.335
-397.651
766.499
642.875
449.174
-420.945
-347.185
-99.1839
-905.92
355.36
-238.023
-780.993
637.828
502.635
1158.34
1019.9
-1146.07
802.843
-542.108
-99.1305
1543.86
-570.425
1099.01
-345.96
1648.15
-106.922
-224.868
329.152
921.29
415.849
-1369.63
-328.375
-1420.22
1314.49
-633.177
708.322
-1339.92
679.284
366.62
-435.476
-620.63
-536.798
489.106
-203.483
-988.545
-831.314
300.421
1108.91
1511.03
1003.32
227.273
473.943
33.2925
446.211
528.872
969.984
554.508
-326.358
-295.61
1521.76
-175.109
888.285
-1353.77
956.019
440.886
-606.233
-190.704
-490.662
326.262
-591.018
1131.07
534.645
-316.156
301.774
433.502
-300.745
241.426
-432.293
-118.394
-797.133
350.617
-600.838
-493.392
417.081
-1013.09
197.861
1002.68
508.053
786.787
361.017
-241.992
-410.704
1530.84
-741.697
-478.996
19.5183
-733.869
1152.49
-1708.89
1161.27
-193.202
1323.29
296.05
-360.597
-174.303
585.495
-332.096
464.272
1517.2
-148.134
322.123
-539.71
1391.78
-1178.18
-1311.79
421.089
402.016
-965.884
123.653
-360.765
350.738
-378.348
462.883
1058.87
-562.86
-563.342
1203.61
-1190.54
499.271
316.115
-1189.58
-1272.26
-239.663
89.9395
-482.298
313
-748.319
297.96
-48.9888
-609.077
418.373
-374.66
264.403
-161.134
-899.701
-472.403
-363.598
1118.54
-379.278
-297.529
289.723
392.162
427.795
-535.129
266.774
1632.56
-1575.08
-314.3
533.64
-91.5193
-715.793
293.329
50.5809
-1093.75
-422.586
-873.389
240.128
977.702
-330.689
-958.352
-331.566
-18.4677
204.084
-710.014
765.792
-691.323
484.978
-168.633
-232.899
401.531
-319.073
51.0282
-354.88
973.796
998.878
-405.335
190.652
170.365
-651.2
236.008
501.81
-541.113
1080.27
224.063
-380.626
1113.15
-624.041
-276.112
295.892
143.752
-1671.51
366.333
1327.14
191.481
75.8302
10.0282
-429.17
190.795
1473.84
177.088
-800.893
428.28
-1532.94
1544.55
274.972
-158.628
-439.625
-189.226
1107.28
163.006
-291.601
294.55
-327.215
642.148
643.659
294.611
-628.468
-972.027
180.897
-167.13
582.784
-333.368
655.49
329.971
313.258
-760.574
1187.44
43.1698
339.918
-480.507
770.169
315.285
718.325
353.086
99.9995
-625.655
910.543
321.05
-443.379
281.053
253.074
-948.237
-197.831
20.5239
-154.285
1500.66
-288.149
1326.5
-191.319
354.325
330.78
-1136.12
410.63
-804.485
361.105
-337.206
-677.037
1021.09
655.801
-487.486
-746.325
242.068
382.496
280.129
-318.986
-159.049
349.844
-558.754
-985.432
693.345
179.599
-607.861
-159.911
-760.653
-448.365
-114.328
-851.555
-145.316
1050.88
507.497
1715.17
-620.556
-83.7421
404.279
-652.697
-174.07
-163.136
-498.295
-139.851
-1463.24
416.923
-223.768
-292.095
-448.531
748.952
330.789
539.506
598.156
-298.226
564.342
216.054
996.527
-790.407
1285.97
589.042
388.677
-312.847
-544.617
-30.7289
-430.162
-1010.15
32.5626
-366.758
-382.165
52.2121
-350.368
-780.105
89.4621
5.71007
119.555
1110.86
-532.591
-128.963
804.344
272.354
-351.694
-976.698
627.053
-374.713
283.366
804.17
336.877
27.4926
-427.925
-254.711
1442
483.645
245.496
-97.211
1208.07
-196.453
-178.207
371.593
-853.045
-213.148
197.026
163.739
-329.873
1380.32
-493.278
-164.572
-141.984
57.094
15.3823
-199.172
183.79
-34.585
36.2057
-1.62074
-339.532
212.094
127.438
326.396
-42.6371
-283.758
-201
237.973
-36.9733
3.66632
184.603
-188.27
-7.66388
-14.5006
22.1644
96.6468
-39.6699
-56.9769
244.256
-228.874
32.1697
-233.169
302.414
-174.105
-128.308
382.25
-391.607
9.35724
34.8293
-22.8646
-11.9647
234.438
67.9757
-241.526
311.285
-69.759
-130.498
132.154
-1.65591
436.306
-179.091
-257.215
-246.433
138.527
107.906
-63.0102
179.186
-116.176
361.664
24.6819
-386.346
-471.549
452.024
19.525
-38.2155
-77.3747
115.59
-27.632
-0.868551
28.5005
-140.548
144.214
57.4294
278.652
-336.082
-221.007
-10.1672
231.174
283.642
-410.349
126.707
-58.6595
267.129
-208.469
-10.64
-13.7819
24.422
112.819
92.1901
-205.009
-16.04
17.9156
-1.87566
-16.0257
17.9033
-1.8776
-16.0277
17.9076
-1.87986
-15.902
17.8958
-1.99383
15.8789
-17.8288
1.94991
-15.902
17.8946
-1.99266
-287.51
228.85
-34.0277
229.704
-195.676
-52.2722
36.1413
16.1308
179.723
256.583
-352.782
315.113
37.6698
-18.2626
7.62256
-24.1995
-1.24631
25.4458
40.7055
144.502
-185.207
21.898
74.7489
370.888
-313.459
79.2483
-288.284
209.035
266.277
-278.75
12.4727
142.143
-185.409
43.2654
-5.26911
44.2271
-38.958
254.452
-213.747
155.602
45.8175
-201.419
-146.153
-147.135
293.288
-17.2587
-17.3263
160.993
-195.02
68.7648
80.7295
-149.494
280.743
53.8466
-334.59
32.416
-40.0799
72.3949
-101.086
28.6911
-31.7942
-20.478
-165.225
34.7272
-16.7804
14.0423
2.73811
298.786
-32.509
100.505
-98.8991
-1.60543
3.14141
-167.779
164.638
354.232
7.43211
-36.6482
36.6482
-286.105
-17.0286
303.134
24.8041
34.0119
-58.816
-37.1653
-1.10068
38.266
-252.909
-111.78
364.688
-270.548
29.0221
328.75
-2.35434
36.6681
1.55264
-38.2207
37.0278
1.26224
-38.29
36.6546
1.53501
-38.1896
36.6589
1.53174
-38.1907
37.3103
1.27432
-38.5846
37.0279
1.26044
-38.2883
-25.6704
1.47091
-4.90452
-22.7275
33.4505
139.448
-172.898
1.34581
24.0906
-25.4365
-280.732
134.579
185.379
-182.238
-28.815
-166.169
194.984
-170.062
203.513
383.809
-100.167
16.0647
2.37427
-18.439
-89.8085
-156.624
13.3365
-11.8852
-1.45131
-438.044
312.415
125.629
-267.049
224.412
292.838
-271.601
-21.237
-216.833
296.081
-53.2222
363.701
-310.479
-210.368
260.389
-50.0204
-300.274
120.306
179.968
-269.156
-70.3758
-18.1865
20.2222
-2.03574
-19.4784
3.4384
18.6
-2.72109
-19.4767
3.45095
-19.4902
3.46252
-18.7982
2.89623
-18.7911
2.88916
-247.295
320.499
-73.2036
-84.1627
239.764
-186.88
319.76
-132.88
180.318
-402.156
221.838
441.833
-167.388
-274.446
9.46912
-9.42025
-0.048868
44.807
337.443
-154.754
185.184
-30.4299
63.3512
114.086
-177.437
16.9656
-3.56925
78.1198
-74.5505
-141.294
-39.5308
180.825
14.0883
319.888
-139.57
-67.7341
131.085
20.086
-21.6933
1.60723
-19.3763
1.18978
226.562
-253.508
26.9464
-15.6257
-1.15473
162.8
-94.0348
10.7843
2.55219
-7.39206
0.656333
6.73572
14.645
148.155
-230.828
299.393
-68.5655
185.963
-63.6542
-122.309
27.304
-7.21801
-190.884
366.785
-175.901
153.689
288.144
49.051
51.4536
90.6407
-153.651
-418.927
365.705
-329.824
184.557
145.267
189.861
-143.934
-45.9271
-162.957
-28.1313
191.089
107.955
-107.955
-247.295
214.6
-361.735
-10.1294
124.216
-12.6293
37.4334
-16.5762
18.5008
-1.92465
-16.902
18.8164
-1.91441
-16.5757
18.5007
-1.92504
-16.2229
18.2073
-1.98438
-16.9018
18.8228
-1.92103
-16.9054
18.8261
-1.92075
-9.60569
11.0529
-340.917
329.864
-74.9592
-23.9399
199.149
-247.023
47.8738
-129.406
91.1901
255.872
-284.687
-37.1517
-35.5172
72.6689
0.196494
-53.4115
53.215
-334.485
-18.2978
261.322
135.618
-396.94
4.07281
103.882
299.353
-18.6099
107.846
-298.73
-407.778
154.869
19.5708
16.635
246.814
78.2975
-325.112
98.8483
-380.209
281.361
70.8699
-287.703
-382.907
58.7623
324.145
13.2481
-98.9104
345.724
-9.94612
42.3622
-7.99294
0.600883
33.432
246.697
-280.129
22.6861
12.1431
-11.2203
-276.029
287.249
-33.2234
-3.42485
225.214
-395.412
170.198
-28.675
-227.758
-131.018
-254.713
44.3447
16.4321
-18.3614
1.92925
-257.754
-113.767
2.71999
6.74913
-67.1724
-140.883
208.055
169.151
-56.3326
-3.61628
93.1554
-89.5392
-109.521
190.25
-40.0222
-34.0593
74.0815
-26.1318
0.364047
25.7678
-151.905
-258.445
163.387
23.0425
-186.43
-321.134
-150.414
-169.567
96.3383
73.2291
237.233
-10.6708
-312.689
125.808
-38.4532
268.162
-229.709
-361.11
182.018
-162.625
-11.6121
174.237
-135.25
-42.187
-63.052
13.5103
49.5417
-297.919
235.607
62.312
47.2742
-202.028
50.6156
-54.2319
-64.4629
54.5168
123.269
25.9119
-149.181
-274.856
-27.618
302.474
-254.028
186.408
67.6198
49.7541
-165.945
24.6508
-160.406
0.101043
160.305
272.499
-201.629
-242.189
85.4796
156.71
251.673
-107.171
-173.003
-188.107
19.3815
-170.283
150.901
-137.066
-230.662
45.6824
184.98
-209.572
177.976
31.5965
19.2634
166.7
-314.107
39.3252
274.781
-284.948
54.1203
-115.211
134.593
-14.2913
-48.7608
-6.16234
6.16234
-239.592
-41.1404
126.455
-3.18574
-4.85929
-12.3994
67.1572
-81.4484
-246.999
305.781
-58.7816
52.3944
-27.0984
7.46313
19.6353
12.744
71.7183
-84.4622
-0.848981
230.553
58.5304
-310.375
251.845
-17.2843
-47.1786
30.5909
154.012
-16.8437
-192.729
69.3725
-86.6568
33.0811
-172.046
-12.7526
184.798
226.953
0.785569
-227.738
4.47561
-4.61257
0.136956
-35.3634
77.0241
-82.2932
280.271
6.40059
-286.671
21.9641
-35.7461
-247.295
-0.237415
7.57296
-7.33554
-34.287
-93.2518
127.539
-207.786
144.132
42.7431
-47.6476
-9.25225
-18.2885
-229.356
247.644
94.1922
-93.9958
35.8276
-27.6642
-8.16341
308.022
-46.7007
-197.454
224.4
19.2397
-3.95883
-15.2809
92.2388
-19.8439
273.509
-241.028
-32.4814
-19.5266
0.0482178
-19.5236
0.0469679
-22.1101
22.7246
-0.614585
19.8616
-1.26165
-22.5258
23.116
-0.590207
-22.5106
23.0103
-0.499691
-19.5404
0.0501875
-19.981
1.18276
-22.112
22.7256
-0.613555
-19.9778
1.18667
-22.5035
23.0655
-0.561951
23.2943
-22.57
-0.724335
-22.1209
22.7311
-0.610189
89.4345
47.1852
229.455
-276.64
-34.0119
33.9951
0.016819
186.061
3.62162
-189.683
22.5591
352.377
-253.529
218.956
-52.7517
-166.204
206.144
113.616
-37.0173
-220.273
257.29
-17.8395
-296.267
-101.259
-68.3088
257.476
-3.02337
-53.6201
1.90803
142.153
-41.4467
-34.9836
76.4304
314.711
128.16
-442.871
-323.926
96.1682
-60.7765
20.7543
-25.1749
189.175
-164
244.652
-5.82606
58.4209
-52.5949
10.2913
54.2513
-64.5426
-238.916
72.7471
112.375
19.7788
-36.9102
-106.524
143.434
-157.778
22.5276
-386.939
246.628
140.31
247.993
-48.844
68.3417
-396.544
328.203
79.6848
-337.439
59.3182
-16.5751
270.924
-247.882
-206.903
43.9452
6.02466
-6.02466
98.3477
-123.523
250.206
30.0645
29.6395
245.516
-275.155
220.197
-258.651
142.92
-0.776918
318.612
-260.082
1.10467
-23.9692
-0.136517
-191.318
-108.956
230.979
-249.267
-9.04477
-19.7575
28.8023
-4.44143
83.4372
-78.9958
-1.49507
-24.6367
-357.791
368.844
-36.2947
113.319
8.02933
-13.9777
5.94835
-0.245457
-40.6341
40.8795
-255.437
-21.3972
276.834
3.43383
16.3864
-19.8202
76.4916
375.532
-92.4366
310.898
-218.461
230.972
-323.409
41.5924
-38.1585
260.157
-277
-53.6117
397.364
-343.752
-114.909
151.499
-36.5893
71.7307
-71.9762
52.8278
-48.6423
-4.18551
-34.8378
13.2694
21.5684
-13.0681
125.443
-25.9706
-7.61834
33.589
-94.6848
-90.2307
184.916
7.13249
-19.0177
-301.552
369.894
353.859
-94.8501
-259.009
-204.149
-233.895
-133.519
-26.8872
314.895
-35.4447
-279.451
-413.332
14.8218
-184.884
-133.075
244.369
-111.294
214.82
-247.089
32.2688
-13.9908
-271.321
285.312
60.4307
35.2799
-95.7107
32.7557
-204.802
82.2311
-88.0572
-164.279
96.545
-9.86453
-220.798
7.99339
63.8292
-71.8226
149.151
-117.73
-16.3344
15.141
1.19339
-16.3326
15.0856
1.24693
16.256
-15.0853
-1.17076
-16.3371
15.0864
1.25069
-19.2072
14.2574
4.94977
-16.3263
15.1377
1.1886
-16.3247
15.1388
1.18597
-2.93382
23.7735
-20.8397
-49.5549
50.9007
-132.026
234.087
-102.061
-87.0534
52.7665
217.528
-245.659
21.7317
290.819
-312.551
-56.2543
19.1026
23.1596
-12.3752
251.62
-224.095
-27.5247
319.603
-373.215
-114.358
-204.105
318.463
200.99
201.277
17.6785
-37.4572
50.2012
304.236
-297.835
253.118
-38.2976
-41.5615
348.327
28.9273
7.72094
-43.2756
-12.505
55.7806
201.484
-214.236
-63.4041
-37.682
-12.0028
265.687
-253.685
-37.1653
415.716
-262.027
-249.624
89.0611
160.563
150.829
-282.855
-185.251
36.5591
-0.731478
-34.384
-172.197
206.581
16.8113
51.5515
-68.3628
-24.355
9.11856
15.2365
36.6681
37.0278
37.0279
36.6589
37.3103
36.6546
16.0426
-222.096
192.593
29.5027
220.811
160.851
150.435
90.7746
-30.3438
-166.251
71.5666
320.174
-290.534
328.256
-123.952
330.096
468.638
-353.277
-115.361
0.205595
-53.3908
-188.799
50.7936
2.03425
204.702
-216.314
112.362
-202.171
-146.934
149.242
-2.30838
317.067
-98.5696
-218.497
337.226
13.8653
-351.091
-201.44
3.9869
-137.021
100.726
305.612
83.1344
183.994
6.7271
-6.7271
322.244
-107.645
-217.237
250.468
-64.0594
-181.98
185.602
-288.428
16.0063
272.422
-0.393811
-23.9612
108.11
-14.955
-110.25
-54.0292
18.6671
-196.896
178.229
103.641
-31.9228
304.823
-295.771
-9.05217
-241.359
-258.628
8.29516
250.332
24.8143
-280.251
-309.796
369.663
-59.8668
-274.411
-1.61757
-51.3753
363.791
317.896
-270.71
-451.354
365.291
86.0629
-208.727
247.375
-38.6485
200.854
107.168
-178.816
193.638
15.9352
360.438
-376.373
230.058
-103.495
-126.563
2.3879
2.08772
-7.56295
15.5923
283.851
33.2159
-20.5313
64.7895
-44.2582
-54.722
45.6772
-59.2478
76.0591
-17.7067
-12.75
30.4567
-18.2406
-16.5972
-1.67943
-229.998
231.677
-177.612
18.6217
-4.57942
12.7806
-25.3985
12.6179
58.2268
-10.5485
-47.6783
91.2649
-21.8924
-8.57026
345.796
236.252
-144.062
85.612
-18.4548
-158.265
-228.674
312.907
70.9023
61.1861
-337.037
275.851
364.812
-381.84
161.327
-45.0635
-116.263
281.359
-302.756
-65.1233
-10.045
75.1683
-117.538
74.3136
43.2248
46.4598
-2.23278
-265.031
228.013
293.386
11.4369
-403.996
335.924
68.0717
25.6513
-6.64818
359.025
1.34866
-259.976
284.869
43.8814
-138.988
-171.5
310.489
-102.439
417.151
-252.05
90.9182
-12.7984
-76.0591
-31.8962
83.8756
-23.2057
-175.966
-164.648
23.4563
141.191
-20.0704
-0.137685
8.33444
14.8251
130.396
153.455
10.5922
64.2184
-22.3607
-41.8576
34.7562
-42.6883
7.93218
26.215
-2.12435
-165.375
-106.548
195.8
-89.2521
-201.711
-107.523
309.235
20.3507
-0.128519
226.737
-65.7444
257.488
-313.258
55.7696
-190.252
-261.103
-1.57277
1.56989
1.57049
1.56953
1.57075
1.58126
363.772
-305.009
63.6717
-13.0561
415.266
-365.512
159.078
-172.853
13.7752
62.0893
262.96
-33.5053
-305.349
250.647
-252.326
9.58446
-259.281
231.663
426.186
-267.467
275.762
227.623
-88.6166
-139.007
33.2234
4.8807
-38.1041
48.0163
-52.4577
-237.683
13.5882
204.273
-0.760544
4.14344
-0.408847
-3.7346
267.341
-6.95228
71.8721
-362.037
21.1191
-36.9756
-16.9772
53.9528
-303.51
361.172
-57.6619
5.88139
-104.98
41.9565
289.982
-331.939
-17.9441
-421.922
30.3144
-220.253
11.5267
310.365
-24.1871
-1.7835
5.73216
18.0872
-23.8194
382.357
-366.422
-138.263
50.3372
87.9254
-63.4109
44.562
18.8489
17.6507
-164.585
-374.931
124.595
250.336
289.727
-15.3139
-15.3494
-15.3153
-14.9486
-15.37
-15.3703
-53.2285
324.562
-271.333
-111.171
-74.2381
-37.4108
33.452
-5.0266
46.619
15.5006
272.309
-325.538
-20.7833
-52.5897
44.262
8.32772
-214.693
-22.9907
-25.859
-100.538
65.0212
-207.567
33.1845
174.383
-27.8465
225.529
-197.683
372.451
-293.648
-78.8022
-16.0112
-2.25134
-100.257
79.7258
-178.175
235.795
-57.62
-295.251
-8.25833
-34.8477
34.8477
34.7562
72.3376
18.5806
273.54
-194.728
53.8454
-81.4635
70.9151
-243.299
426.365
-381.927
-44.4383
20.7588
36.6572
-48.6219
22.5135
-208.943
15.3314
-468.477
366.038
-31.1849
-263.675
294.86
-182.826
144.574
38.2512
-308.118
193.76
56.548
-68.5603
12.0124
-42.2826
299.771
159.74
-172.808
20.963
55.4832
-76.4463
-79.1966
66.6916
-32.2675
42.5588
-106.124
72.0647
-242.606
303.792
277.263
-332.909
55.6454
48.9054
15.313
162.021
253.695
-83.6172
61.2564
13.6225
37.1841
-50.8067
-0.419982
-142.314
27.4047
-123.881
-18.4335
-131.137
379.958
-338.002
-89.2488
318.415
-113.395
-108.701
82.5141
-28.2629
-49.8297
-157.073
-234.242
369.86
8.60202
11.5538
59.0618
-70.6156
-383.521
392.878
9.84712
52.7526
-62.5998
-302.06
139.799
162.261
300.678
-54.0496
-16.0879
-3.43571
-16.0877
-3.43886
-15.8052
-3.73519
-16.2193
-5.90155
-16.2181
-5.89392
-16.2115
-5.89857
57.6202
-4.57344
-22.3969
334.98
-57.7164
82.8825
-31.3311
-344.306
289.658
-181.812
-217.097
101.492
-154.244
414.284
-13.2063
-12.1922
-24.8603
-38.5506
-117.538
17.749
297.364
24.5174
-148.398
9.06744
-41.335
-15.8915
28.5093
-9.66867
18.7361
332.336
-131.482
-56.3454
168.708
-407.431
49.64
-277.687
227.667
263.815
1.87184
114.486
-20.2937
-231.511
-143.42
62.9034
-24.5709
-38.3325
19.7804
-31.9236
12.1433
1.87975
-29.5439
16.859
-60.2616
219.456
-159.195
10.0431
55.7815
-65.8246
-34.6418
38.8362
-4.1944
3.82993
11.7623
-345.43
-56.1672
-183.425
-80.4651
210.899
-210.113
41.9419
-17.0415
-24.9003
39.4283
147.179
82.8793
140.032
107.521
-341.763
205.049
-265.31
-3.60333
43.2183
-39.615
-219.902
-23.4562
243.359
43.7722
-33.9251
35.5867
-42.8078
-12.2714
34.9575
-0.0525606
16.0321
-15.9796
247.035
-289.317
-195.667
38.5942
50.9821
-134.659
335.883
-201.224
85.9407
-13.6031
131.214
-305.194
173.979
-89.2255
116.741
-27.5151
314.774
39.0854
47.2272
-18.1333
62.3953
-0.585518
32.9666
234.375
5.73232
-216.942
211.209
-210.423
14.463
195.96
230.958
14.5571
83.9467
-28.4635
-187.127
-20.4398
208.411
-218.276
11.3829
148.357
-19.251
67.5484
-11.0004
345.26
23.663
-368.923
175.823
-101.211
-74.6124
95.1698
-11.7326
16.331
-18.4114
2.08038
-25.3916
107.623
-203.684
-45.9408
20.6954
-33.9018
45.8165
25.5632
-71.3797
-28.0009
-188.204
216.205
-30.8463
59.3654
-28.5191
-78.9174
-15.0784
-198.204
178.025
20.1788
-324.325
120.22
-34.3365
38.4486
-4.11205
-128.601
11.0623
12.7746
-156.709
-10.7569
61.6577
63.6903
-5.26942
128.222
-109.555
84.319
-12.5883
81.5367
-57.4444
-24.0923
224.328
12.9045
-137.527
77.3798
-13.5506
29.1919
76.113
-17.0512
-92.3302
17.371
331.301
-71.1448
14.4561
16.0006
-40.8218
-23.7208
67.23
-14.4774
182.893
-183.781
0.88798
-41.5573
25.6658
15.1124
263.593
-43.3957
28.7439
-26.8566
-1.88726
-63.9451
-10.6055
-105.48
-239.354
344.834
25.2604
260.121
-212.247
242.831
-265.228
-0.71038
16.655
-15.9446
-3.04412
292.266
-21.3415
-228.206
-30.4444
-97.2371
-39.784
3.22413
-217.12
213.896
-6.35512
74.9433
53.6018
19.0671
-115.424
-149.218
264.642
-0.136013
23.9096
-7.49605
11.326
-23.5532
82.4748
223.306
-222.224
-54.7765
70.6743
-116.601
197.608
3.66914
-41.8292
-17.5778
59.407
-77.0365
-12.5027
-327.829
-60.3825
388.212
-36.3262
273.837
-237.51
-34.2561
-20.6643
54.9204
139.09
-340.801
-45.3488
-12.0917
57.4405
-39.8606
-18.6012
58.4618
-122.47
29.2185
-67.3419
-11.6539
275.134
185.573
-284.748
-3.68025
15.6651
-178.031
162.366
-4.94766
-1.077
162.101
-161.999
194.909
59.2977
-254.207
-255.598
-139.814
-51.6678
-31.9494
-37.4881
0.512515
-140.166
14.8307
32.4532
-47.2839
-55.7585
302.793
7.02327
-59.7629
-12.2133
201.784
-196.052
15.4684
-18.1935
2.72512
-384.943
-0.208398
-0.228317
0.246147
-0.228851
-0.691148
-0.232375
-0.231582
-223.662
-5.2117
-176.116
148.115
-35.6682
286.001
326.736
-54.4267
174.018
6.32134
-180.339
153.588
-86.6004
320.458
-29.6386
-66.6228
-14.8407
114.767
-12.3183
-30.37
224.453
-13.1896
-207.608
8.70906
-228.962
319.176
-14.9402
3.78094
41.3694
-58.5887
-13.2339
2.60677
2.40206
2.60472
2.41282
2.41313
2.60494
-286.696
-38.8416
-270.557
-6.87144
277.429
-5.98487
22.3159
7.31901
-285.006
185.464
-320.829
135.365
-193.528
11.5473
37.5699
204.247
-2.7631
38.7454
-163.531
124.785
-287.991
-24.5594
76.2983
-30.4819
-205.135
206.046
-0.910961
-66.0438
-15.4047
329.839
-198.625
20.2844
-54.5404
-244.64
-1.01922
167.044
21.4878
130.011
-16.395
-1.96637
-59.9664
-19.2302
-19.9651
-41.7785
-96.4841
-55.634
-28.8282
-289.429
-8.40615
-21.6432
150.304
-146.001
-4.30232
327.779
-7.60548
-20.9153
-71.855
-28.6834
-63.9589
-24.0983
-23.8551
31.3182
88.3032
-17.3881
-246.429
-150.511
-60.4223
86.9348
-26.5125
-84.1177
-16.1394
35.5673
167.556
-203.123
127.33
194.915
-51.4915
11.631
81.1359
155.116
18.9682
44.7035
321.143
-378.805
9.02576
-52.8348
11.0056
-10.0692
-43.5509
354.218
228.094
156.883
5.2177
-7.70795
-32.7629
40.4708
-102.235
33.8136
79.0235
-25.4217
150.629
93.7396
67.2538
57.5462
-124.8
8.64129
-285.663
-4.87165
321.989
-4.09324
-220.967
4.65273
13.4046
-69.6353
52.5938
-106.156
-7.09485
113.251
-201.521
4.6252
-17.5078
37.2881
173.693
4.53626
209.528
-215.883
6.35497
-76.5415
-186.412
7.59606
219.701
-138.565
4.74125
188.896
-117.448
187.206
10.4018
33.7614
84.3816
-80.3088
-203.183
150.291
52.8916
16.6371
-6.82082
111.953
-105.133
177.864
-29.4769
42.7463
-1.04
-258.936
-22.0816
-19.2534
51.2744
317.569
243.673
176.475
8.90452
-34.3365
1.71149
176.966
-185.558
8.59276
-13.407
-37.1349
50.5419
-8.24823
-13.445
1.01782
-34.6418
38.4486
292.658
-11.2992
-37.0273
-37.0431
-37.0376
37.0952
-37.0036
-37.0021
-33.6348
-289.662
-182.215
271.276
200.46
-228.307
69.1023
158.521
10.6981
-285.787
296.936
-11.1488
112.633
221.89
-334.522
38.35
11.8324
-31.0738
-6.27643
256.923
14.9268
-17.6965
2.76977
89.3217
185.766
26.3264
169.006
-195.333
-0.469125
-17.8875
59.1852
-50.7538
-8.43141
-78.5033
-27.6207
265.881
60.8553
-22.7527
-99.7176
355.331
-116.953
-238.379
-378.744
349.948
28.796
50.0875
-28.5192
7.85488
-62.6928
138.649
-75.9566
-289.263
-42.6758
109.105
3.49054
-128.601
356.23
-416.612
-21.9538
23.2051
-1.25129
9.44645
179.729
-13.4693
227.369
-254.894
19.5035
230.941
-335.948
105.007
99.5579
-162.251
-265.826
-1.64118
-6.81211
-33.9239
40.736
-46.1854
71.4459
-40.2277
18.3573
21.8705
273.098
2.66457
-107.184
-205.458
312.642
24.8769
-17.022
145.263
-256.558
-34.9812
266.866
-3.6443
-263.222
-245.807
307.839
-62.0325
-122.682
308.146
13.9793
-15.7502
6.08154
8.00707
206.461
-330.413
39.4085
-145.957
-10.373
114.255
-103.882
28.083
207.649
-235.732
-256.306
-186.565
184.615
-45.1669
250.232
-238.705
-1.59127
37.2802
66.3608
-286.563
-128.874
-206.424
335.298
385.218
7.98918
-393.207
-391.095
410.62
-212.705
325.337
-151.039
-210.998
74.3136
258.963
-113.699
7.43125
3.98848
108.525
-7.90161
24.7606
200.354
6.22749
75.6532
16.5856
-27.9351
-175.248
-162.637
-1.31707
57.0986
-21.1478
293.255
5.4487
-179.554
78.5817
-2.9285
10.8364
170.629
-240.873
70.2439
-1.31343
320.719
-125.804
-9.49052
-6.25969
-137.985
-2.56245
-345.077
377.52
-32.4438
395.054
-343.701
-51.3529
406.534
19.6519
-158.439
154.335
4.10447
-16.0015
0.720582
-175.121
58.0868
-81.8075
-33.8828
-59.2478
-0.711024
-52.7005
1.18613
55.1177
-79.6886
29.4029
-357.718
195.997
-381.248
190.047
-231.21
41.1628
37.0952
-37.0376
-37.0036
-37.0021
-33.6348
-37.0431
-37.0273
151.919
-58.816
-59.7116
47.0822
228.636
-304.948
76.3118
-90.1148
61.852
-1.10211
220.443
-219.341
195.985
-169.659
300.457
87.7549
412.772
16.0988
75.1661
-227.512
-3.80985
15.5722
-248.238
0.0093645
-58.3567
19.8061
11.4762
-18.3535
-106.336
75.2623
-133.922
34.1666
2.86627
14.7499
-17.6162
6.14158
338.54
-107.599
13.058
72.5539
-31.4779
231.819
39.6998
-271.519
-208.324
10.6414
225.451
23.8568
84.2536
-208.524
81.4184
127.105
65.7288
-97.6782
126.557
120.818
193.862
141.091
-161.874
375.884
-213.544
-15.4185
128.648
-233.025
373.335
-319.889
-320.314
114.856
-333.786
383.426
388.874
-337.6
-114.059
-76.4604
121.747
-149.262
17.4632
-66.6037
339.977
-273.373
226.776
-225.883
-0.892926
-84.478
14.9881
32.4244
-47.4125
149.205
-192.928
43.7238
-20.8619
138.768
154.618
-301.565
-387.964
321.36
-100.67
71.8416
21.5606
-322.779
301.218
-119.18
-17.9012
383.912
-65.4964
16.4092
36.1977
-52.6068
-100.485
72.0217
-47.8197
237.867
114.02
-14.532
-203.744
-108.353
-100.17
-106.406
77.7231
-167.003
277.423
-45.6041
263.555
-36.1863
146.239
192.238
102.959
-113.332
-147.624
-154.436
-296.013
62.9885
114.638
-134.932
52.0218
314.206
-366.227
177.877
77.3844
-255.262
290.535
-61.8995
36.4938
33.4793
-139.635
10.976
-270.774
249.537
32.8347
-16.4255
114.255
-130.909
214.043
-104.352
77.8397
-169.54
-35.469
1.31849
225.458
-265.269
41.4831
223.786
-100.472
76.3795
297.009
-14.0742
-282.935
68.4663
11.8332
43.477
-55.3102
-207.247
20.1196
130.207
199.889
-105.643
81.5448
-21.6181
91.6178
141.716
-233.333
238.758
38.6645
-34.6145
115.18
-130.258
309.327
-98.9555
79.7252
144.755
41.564
-186.319
-231.074
-104.997
85.0322
-39.7751
-56.6585
96.4336
93.562
-277.036
298.596
-97.0239
79.9727
-146.354
152.235
26.1969
-10.7285
110.995
-124.598
82.5894
-97.43
-230.783
-168.043
128.259
-105.92
88.5319
-190.107
-99.3892
83.9846
83.2001
-96.7507
-91.1096
76.6322
-18.3334
-19.0774
-19.2058
33.1851
-122.077
98.1375
186.335
138.225
-324.561
-114.645
102.913
56.7868
251.052
-93.7371
80.5032
-95.596
83.3827
332.121
-125.66
100
-111.654
-181.116
-27.2076
-25.0733
119.851
-84.5713
-7.9049
-201.208
160.937
40.2715
341.945
-385.036
-175.299
97.4564
-110.255
-21.2595
297.009
26.4065
-284.851
-113.686
101.183
123.148
-100.767
88.1791
-33.661
98.6822
-95.2662
84.2658
-47.2224
285.981
-109.244
77.3212
370.683
-40.0067
237.089
-197.083
181.74
96.3615
-252.975
156.613
-113.973
74.1979
-97.6456
87.0402
-32.8155
285.015
84.6481
63.7189
-13.5177
47.4145
-8.96595
58.5539
-108.59
74.9285
201.438
97.3482
-222.146
176.8
45.3454
-198.584
-83.1094
-119.164
200.583
182.847
54.4097
-237.257
7.594
-110.775
83.1542
-236.37
-169.814
-125.337
-65.2779
190.615
249.851
103.072
-38.4057
-64.6662
14.7957
-117.303
139.862
204.808
-194.407
-191.844
203.391
-315.284
157.019
-112.192
86.8006
102.346
156.617
-56.4533
264.356
-14.1242
237.265
-192.828
206.233
-39.166
234.849
-333.419
-252.906
205.086
-223.792
-14.9126
-155.092
159.196
5.89819
-188.136
-291.11
218.723
169.391
-254.62
85.229
-108.203
86.3108
-195.399
201.627
37.8752
199.992
238.077
375.513
-120
214.835
-214.835
315.646
-41.8887
29.5134
39.0203
92.982
-146.903
320.882
-102.603
84.1481
391.8
-365.394
51.6882
-267.398
215.71
-251.68
212.131
39.5488
220.456
-325.436
-192.369
200.962
-122.031
-113.975
236.006
42.5332
60.5386
-2.31759
160.707
-103.161
223.149
-224.251
-61.2088
-114.307
98.1672
17.125
29.9478
-47.0728
-256.855
226.41
49.174
-264.178
215.004
-261.305
225.119
141.537
-47.4145
28.9273
127.39
-13.1345
-5.72247
-16.7881
-5.59321
-16.9326
-6.81445
-13.1665
6.5285
13.3331
-6.83127
-13.1465
-5.70561
-16.7979
-2.68838
-12.9373
-5.73401
-16.836
10.5304
12.5351
10.5707
12.5454
5.35594
17.3696
5.35679
17.3678
5.53901
17.4713
5.35099
17.3801
-116.493
101.538
224.707
-246.048
-34.6343
-230.734
225.522
332.666
-136.668
63.1611
132.639
-276.695
273.051
46.3998
-277.875
231.475
-227.14
224.117
-280.102
236.706
-89.1599
32.5015
-192.05
200.954
-194.6
202.196
-194.174
200.529
236.449
-260.003
-70.0588
199.374
-193.476
102.446
236.094
-200.443
205.068
-194.03
198.772
218.725
-214.944
-285.109
-300.744
31.1476
-16.1595
-89.9384
310.677
-197.061
-270.395
247.816
22.5784
-211.383
243.296
-31.9134
-287.244
241.64
-234.809
213.166
233.218
-243.889
211.406
-212.255
-267.519
218.86
-219.88
140.67
-94.8522
243.991
-291.213
-233.058
223.806
213.355
-204.329
-145.954
38.2962
238.336
-276.834
275.193
-216.945
216.034
206.645
-201.992
43.9192
242.061
-214.414
211.651
-431.379
331.212
-202.249
206.785
156.302
-139.112
-17.1907
21.8588
-6.93206
200.325
-246.916
46.5909
-298.283
51.5025
246.78
201.05
-187.8
-82.5946
-66.0114
212.121
77.2646
21.5298
28.5577
296.419
0.589932
-336.892
307.253
-42.693
14.1739
-295.153
236.371
215.118
18.8467
-233.964
43.3087
20.3816
92.4006
300.674
-288.201
-18.7126
-308.386
300.781
-295.092
296.803
-48.4683
36.12
-7.19274
306.577
-331.137
120.57
203.704
243.149
-446.853
180.882
349.378
290.278
-305.218
0.593768
-229.568
-35.7008
-352.06
313.219
297.447
-302.319
-108.797
343.646
-8.91089
254.845
-245.935
-6.05193
-235.307
-32.1397
329.783
-297.644
-67.5925
49.239
-352.207
297.781
-298.169
289.763
-279.478
282.143
-290.141
293.631
296.419
-62.8702
-286.386
284.768
-54.2923
-97.0985
-22.9794
40.4425
199.786
-15.8171
-191.791
-28.9772
-299.186
9.45474
289.731
-293.261
290.907
-298.027
293.934
-225.779
-69.3742
-49.5726
127.39
-290.943
236.166
-66.2764
52.8694
419.057
-43.1731
-317.666
306.517
214.352
-302.418
291.118
-169.675
320.505
-361.143
322.224
38.9189
51.5977
-305.072
253.475
-300.925
283.038
-307.888
57.4741
250.413
-207.463
-9.47909
7.00921
-1.63198
19.7192
207.082
-189.404
-139.594
331.555
-95.4607
-282.935
-122.401
383.428
-251.101
312.473
-344.613
331.534
-145.199
-294.344
27.6851
-10.7133
-15.1456
-304.102
238.091
242.359
344.593
-130.627
293.564
131.138
114.269
-245.406
-87.5844
-263.616
351.2
50.7402
279.043
189.59
-184.694
-19.7343
204.428
51.6924
273.131
-271.259
122.321
-10.3676
195.053
188.374
164.89
75.1636
-224.381
33.2328
74.39
-23.669
0.941564
-17.6253
-288.504
306.129
-44.3529
-47.0642
320.786
-158.766
298.378
-73.8884
-193.4
-253.852
253.852
264.835
-359.685
336.599
-48.4544
-240.186
-141.062
102.969
116.732
306.111
-166.311
-266.45
-57.8744
-224.318
-135.73
-367.149
277.9
-301.737
230.592
-301.89
247.598
65.9517
169.057
-362.457
120.773
-42.5449
-78.228
38.9549
247.671
-69.7941
-26.9608
-176.163
-4.55787
296.464
-291.906
-196.039
-356.221
406.962
-159.873
-309.785
223.184
257.517
-88.1262
-67.7308
69.7169
-98.0063
367.625
-124.476
-317
209.355
-238.277
184.887
20.4441
-127.342
106.898
22.7666
-137.978
-250.198
156.302
332.997
-297.535
16.1563
-32.0281
-218.402
24.8858
-70.6586
45.7728
-138.145
322.1
-370.554
-125.42
-77.6196
-349.043
211.977
310.578
-228.076
-26.6898
-40.6073
73.2605
-120.594
178.396
-115.235
304.233
-341.684
-34.7181
314.736
-347.832
-2.92027
-6.49998
-46.8151
-34.1244
314.791
-63.7383
-34.3847
-55.0651
150.718
-95.6525
171.603
196.021
28.3611
-37.4025
-239.211
266.284
-109.667
-345.794
-9.62349
-14.5636
222.758
123.403
-35.8262
-58.0899
-21.5988
200.162
166.689
-63.4746
-64.922
-60.7005
311.114
-31.0917
-204.113
263.41
31.7799
146.616
227.263
-227.263
-30.8665
-161.589
21.108
1.20787
-187.144
246.532
248.652
-182.61
382.771
-28.4072
-29.2636
-202.839
202.839
177.328
-165.997
-11.3311
253.49
43.7533
-297.243
-32.9351
-117.999
-28.0025
20.9508
159.02
-134.37
91.3483
187.746
177.328
-179.926
280.684
-27.1946
11.2064
-87.2496
240.326
-153.076
-54.8427
308.317
21.9682
-5.83738
-24.5655
-25.2721
-29.9605
-28.3962
-197.852
385.598
-68.69
369.908
-30.6473
-239.764
33.7804
-92.2106
254.09
-2.78643
-178.052
180.838
50.9864
175.619
-221.081
267.824
-229.474
58.3519
-1.25334
-215.345
-173.387
-165.576
338.962
-23.1711
-21.8578
-46.2959
-19.4166
-321.206
50.0559
271.15
-139.112
-306.505
354.477
-47.972
-20.7352
22.4006
-1.66538
240.836
-328.421
-51.5612
251.886
104.46
-334.028
241.259
-14.2065
78.0756
-63.8691
29.0399
-155.061
-265.041
256.131
16.5385
264.146
-354.759
224.259
-318.656
94.3972
-18.5557
-34.6236
342.961
-53.3039
-90.7272
141.528
-50.8003
-23.3307
-43.2046
60.3296
-97.2728
-233.913
331.186
-14.2299
-17.1048
263.026
35.3521
-310.265
3.7595
-18.6184
-28.2213
27.5102
24.5528
-16.2475
145.202
73.5205
-269.512
-68.2184
337.731
256.271
-29.5978
-132.402
44.1454
-325.181
52.9338
272.247
159.02
-55.4444
9.259
-231.312
-302.055
274.86
-250.897
-9.12258
260.02
-38.9014
-310.615
248.582
53.892
267.382
-321.274
234.54
-298.015
252.383
252.697
-316.435
-25.7747
35.5198
-126.247
-239.764
-19.7517
12.9648
64.3189
-100.908
-15.8702
-182.247
-171.452
23.5029
-165.997
10.563
-31.1861
115.52
-84.3336
-17.3847
49.0475
259.27
-51.8361
115.913
-64.0768
-22.4822
-274.214
296.696
11.3454
215.483
138.994
79.0629
-312.976
-159.11
168.278
-10.7732
-23.4749
10.8334
12.6759
-155.035
240.264
-42.333
41.0797
225.936
-293.667
1.13433
-34.2735
33.1391
-3.5647
193.297
313.368
-57.0966
-9.55861
-261.775
-345.436
249.976
-262.373
316.265
9.25775
63.5712
-65.7234
318.42
274.743
-3.78307
-28.6116
-27.1417
228.883
-336.407
-91.8224
50.9952
-11.7218
-11.0125
266.584
-262.916
245.291
-80.3698
-133.397
272.165
-13.3799
-15.3095
-70.5715
286.055
268.293
144.391
-37.4926
330.764
-63.3825
-104.161
342.896
111.039
-68.5059
173.816
-112.223
-60.6305
-76.0741
312.073
-0.0950338
-67.8531
65.7513
-23.2146
-276.328
-81.1661
357.494
379.363
252.546
257.73
-323.453
-61.4031
-263.778
4.80299
-255.7
-1.66438
238.529
-346.128
-1.83655
-95.8985
6.36153
219.519
-288.893
-219.561
67.4074
13.3955
-72.0791
325.137
314.77
10.2204
-35.1207
-36.1263
30.4038
-35.9428
30.3496
-40.9203
34.1058
-30.7695
-30.4038
-30.3496
-36.121
30.4153
-40.9457
34.1145
-30.4153
-30.765
-40.9026
38.2143
-34.3741
-36.104
30.37
-30.753
211.897
-285.785
97.413
-100.342
101.761
-0.844018
261.095
-337.169
-4.28513
-319.095
193.291
14.869
200.398
-278.017
62.138
256.282
7.324
-330.601
120.373
24.0178
8.16588
6.78044
-331.769
316.228
5.29605
247.203
-361.261
-259.132
-62.1421
247.216
-32.0985
0.086249
-305.692
13.4988
292.193
-62.7897
278.059
-358.429
237.856
-159.684
28.9881
130.696
56.8931
-4.24341
-293.653
9.206
23.6287
-5.37214
26.6868
83.0424
30.4197
102.674
-122.518
5.88691
-44.2194
204.534
-256.187
2.81873
0.369637
278.678
-6.17871
-74.1477
-202.167
-7.50372
16.7097
235.633
-358.034
-237.856
0.0236114
8.48667
1.09922
2.31612
202.12
110.522
198.998
66.0168
228.245
-317.342
243.194
-76.9966
4.79308
193.291
-275.885
211.417
-337.077
104.035
-320.383
318.546
-85.3871
-9.69495
239.889
-318.691
-168.125
-232.309
222.83
164.712
-338.098
-10.0183
-343.193
-68.45
-95.8523
-8.41542
84.7269
-285.381
200.654
-1.24756
-106.907
-268.674
180.548
123.969
60.6463
-263.147
316.081
-6.61707
318.272
-61.99
49.6062
-20.4143
3.91652
-19.3797
-26.5478
-192.197
-5.29428
-213.675
-3.84546
2.45961
28.9505
-1.22355
-10.9389
-8.38544
134.37
136.435
-32.1479
-129.188
157.549
-7.53622
-34.1946
281.902
-295.813
13.9111
-53.6914
-293.149
-12.5427
-9.59888
-248.503
2.61146
-82.4567
-9.96312
-6.95229
16.9154
-0.134113
48.0177
-322.232
15.4973
-15.4973
-26.7843
90.5947
-309.056
-274.809
165.142
375.733
71.075
-18.4812
-40.859
-98.9255
202.908
-333.535
-20.0829
5.6205
116.392
-15.4549
-241.927
296.984
-55.0572
256.13
154.238
-267.938
127.271
-105.783
-280.101
244.4
172.758
90.6523
-73.5484
59.203
192.197
27.1472
-267.576
240.429
132.318
27.9864
-54.2367
145.21
230.926
-64.8556
5.14401
213.675
264.865
-211.655
-24.5389
-277.516
244.39
-312.243
154.634
-280.054
-100.396
329.915
-73.3317
-38.9886
-265.028
-211.525
-8.14695
8.14695
225.152
-239.277
-58.2306
356.011
-51.1478
-95.3373
-54.2832
100.273
48.1776
-148.45
140.646
14.9563
-177.303
51.9664
26.9106
-146.09
-143.645
169.67
-287.4
47.0138
6.97158
-6.97158
98.6903
52.0272
134.362
-151.553
198.054
-334.723
113.304
-157.667
23.7452
-180.99
29.1584
-128.876
13.2022
-13.2022
202.375
-367.951
5.63207
-5.63207
-146.617
21.1845
-19.5979
16.173
114.94
-37.6192
37.3851
102.823
-140.208
119.777
-295.678
-6.48583
6.48583
-5.2054
35.1532
140.615
-6.06452
6.06452
189.733
-334.932
94.2672
44.7258
-8.08363
8.08363
0.957156
280.944
324.121
-276.103
-29.3207
16.9213
-283.481
6.43234
-6.43234
7.44489
-7.44489
-6.93381
6.93381
6.97896
-6.97896
-1.5385
-7.32543
7.32543
-6.21966
6.21966
-6.82615
6.82615
151.895
-53.7577
-168.263
13.1709
111.1
-36.1717
20.2895
-166.643
193.505
-334.567
-0.346322
-223.905
250.933
-350.766
-7.2393
7.2393
5.88462
-5.88462
114.225
-40.0274
279.998
-14.1482
-279.441
293.59
-6.99002
6.99002
150.297
150.614
106.97
42.2709
-149.241
-65.5706
-244.264
229.351
2.33208
-134.169
163.963
-65.2723
5.77972
-5.77972
116.846
-33.6921
134.787
-278.432
6.96634
-6.96634
60.6156
-19.5777
20.712
-5.35466
5.35466
7.03935
-7.03935
6.53542
197.498
29.3403
-226.838
5.60403
-5.60403
7.0913
-79.1929
-18.4405
-10.8802
-75.8825
-6.92874
6.92874
160.462
-6.79273
6.79273
-50.4152
150.688
-8.8128
8.8128
0.890038
17.8461
28.5928
-113.164
-8.40783
8.40783
-93.8158
-10.2919
10.2919
-109.74
-6.78709
6.78709
-1.17593
-252.509
117.008
-30.2079
-4.89418
32.5792
348.961
-2.33682
-232.97
-32.6843
36.8483
-4.16394
108.762
-261.838
-7.9079
7.9079
-37.7064
6.5133
-6.5133
-7.98421
7.98421
1.84527
-15.2903
-142.159
91.359
163.895
-29.5331
-7.99357
7.99357
-16.4037
1.90317
-40.5741
147.545
166.446
-243.547
233.989
296.032
-21.172
126.587
-67.3837
-4.72835
4.72835
-67.6708
36.3398
-194.786
-292.372
317.054
6.29415
-6.29415
73.7077
52.879
-6.1118
6.1118
-140.287
181.851
-135.305
208.825
-167.655
38.4671
109.175
84.687
-312.766
288.227
-265.013
-6.24529
-6.23891
6.23891
-272.668
-51.3739
155.409
126.745
-40.4347
179.449
-42.1009
-171.904
14.6056
157.298
-20.2821
-218.929
13.6127
-257.68
244.067
7.5022
-7.5022
1.85808
-1.85808
-16.5909
280.737
8.24143
-8.24143
179.602
-106.34
149.61
-43.2704
-26.9249
-5.59659
32.5215
-8.21954
8.21954
1.1618
-10.0993
10.0993
-160.955
299.18
-162.17
65.7072
96.4633
-9.36781
9.36781
-135.481
31.3783
-283.965
252.587
-11.6113
11.6113
66.2619
249.819
266.189
-10.0588
-7.15641
221.62
-36.7337
-6.14911
6.14911
-18.3357
-294.431
-248.722
45.4577
103.439
-19.2906
-11.6132
11.6132
-326.17
-23.1759
57.877
272.887
-2.09383
2.09383
281.673
-314.148
154.2
7.98656
-7.98656
-12.7259
-230.651
-184.912
18.7075
-33.452
24.7466
299.374
323.495
-149.679
-8.56757
8.56757
-17.7497
9.70123
-9.70123
-201.34
11.9358
278.683
-54.2709
-18.3672
-265.113
-106.935
-68.4517
-0.196577
-2.04496
2.04496
-3.39142
24.4994
17.2513
-272.951
-306.07
22.0491
-22.0491
-141.218
-306.52
-2.45691
2.45691
194.295
-325.313
-77.6955
-143.386
29.5134
-118.005
33.6709
-1.67718
1.67718
116.29
-18.1228
-281.323
-9.92547
1.2572
-1.2572
-193.248
47.2677
239.889
262.225
-262.225
-171.186
-349.513
-23.3812
83.9198
20.3106
-26.7899
-1.7721
1.7721
172.625
158.339
-330.963
178.271
-71.4558
199.714
-228.394
191.66
-144.834
-31.3019
-131.35
162.652
-278.372
274.807
-221.343
177.711
322.392
174.882
-55.3364
-1.64058
-54.8877
155.614
-247.417
-36.5478
-5.85695
5.85695
-11.2905
11.2905
-149.721
-105.541
-21.2366
-5.43899
26.6756
-32.9939
-10.7476
43.7415
-130.757
-21.2608
117.599
187.027
151.936
182.632
8.84352
-191.476
-144.517
-106.338
356.189
-1.53948
1.53948
-177.808
-116.932
111.894
-10.356
-6.77959
12.5183
-5.73873
352.301
-115.036
80.8161
270.678
299.675
-158.733
79.5072
-22.129
1.3938
-266.823
262.538
-169.82
-138.725
107.859
73.368
80.0085
199.054
-253.337
-108.749
340.094
-231.346
-147.906
-5.46215
176.464
-163.788
85.0095
-256.51
31.705
-214.831
258.584
224.148
-231.305
-200.323
211.156
39.6873
-146.027
118.367
-116.035
201.765
-342.983
-307.37
276.356
-103.048
293.34
-274.601
86.9731
-168.74
88.4391
-4.05449
-1.61854
1.61854
71.0317
100.009
-146.824
200.434
0.222756
-200.656
-233.316
225.747
-2.91713
-139.419
95.641
-126.288
-12.8057
12.8057
-82.5587
129.573
-170.306
-2.2294
210.016
-12.518
90.517
136.494
-4.78965
152.437
-137.435
-15.0023
92.443
-12.8784
5.47697
7.40147
-103.415
-183.985
34.1145
-34.3741
38.2143
-30.765
-30.753
34.1058
33.5922
-33.5922
33.5751
-33.5751
-30.7695
33.5889
-33.5889
-120.134
84.308
-112.114
88.9433
-298.869
293.497
5.01459
25.2446
-60.5195
-0.468958
0.468958
1.84185
104.888
149.017
-18.9838
-200.577
213.051
-342.63
194.724
17.005
-175.738
-243.336
251.502
-19.9945
-140.431
121.813
16.7211
-17.5651
-58.3958
277.101
93.719
-131.338
267.366
-286.746
-3.0544
-112.282
-21.282
133.564
-99.7328
-37.0629
136.796
-39.3114
157.378
-323.689
-212.607
219.931
-105.12
-37.3876
142.508
84.883
-154.761
291.197
113.547
-43.2504
136.969
-268.487
-115.112
98.8641
51.3677
-321.382
-15.319
-124.889
-133.425
315.717
-227.417
-5.86922
-24.4867
-106.336
79.6462
27.835
119.888
-110.482
159.799
-49.3173
-78.1615
-290.123
119.405
-145.179
-54.1962
126.068
-214.981
217.799
219.234
-218.135
-107.437
-33.7487
141.186
-1.57488
1.57488
0.0377711
-135.328
-130.239
90.2111
-365.846
99.3957
-212.518
221.005
50.6607
110.269
-88.8611
70.3798
-6.24781
38.712
100.42
0.959066
-221.464
33.5388
-192.708
201.551
256.861
0.367818
6.28999
-292.65
-7.00167
11.5293
-4.52768
-0.340329
-100.283
-1.95655
6.42355
-0.155139
0.440657
2.52782
227.469
-309.919
301.534
0.285802
32.2934
-220.835
-0.759297
-205.289
-145.477
-117.51
289.185
53.9355
11.9011
-5.66004
-6.24105
-18.6016
-0.111009
0.0313871
-19.0491
-221.343
103.88
150.399
122.223
-137.533
-93.8318
287.592
157.243
166.252
15.4976
190.298
267.859
-217.803
-270.894
273.506
67.3998
29.9184
-236.155
232.31
-189.59
-193.429
206.394
-252.346
245.729
18.6811
77.4694
70.5422
-148.012
136.332
-170.956
-12.569
16.0495
-3.90639
100.881
12.9013
3.14819
8.47381
-293.776
62.1888
-386.289
-220.116
-115.302
335.418
22.0291
-152.786
-245.963
367.012
-121.049
1.6847
-7.87739
7.87739
-44.1848
11.1909
-149.451
-140.255
-14.8549
19.7356
-1.32471
-222.646
-339.458
-122.565
268.012
-224.792
-108.874
333.667
-2.02007
-1.57986
1.57986
0.404977
164.948
-72.729
214.964
-241.748
118.304
246.384
233.737
-164.02
134.286
276.711
-24.1246
-266.918
263.134
9.22764
25.7299
4.34961
-250.284
19.4158
-284.529
-74.0351
-1.11074
1.11074
18.0149
-337.681
106.901
3.7389
-110.64
-77.8444
-88.407
4.94881
264.873
-271.119
-182.552
-16.1523
-1.65379
0.375185
-25.0119
-253.535
-199.764
144.827
25.7251
0.182353
1.24769
-1.24769
-0.127109
195.757
-249.448
-245.108
151.276
10.5729
-10.5729
-163.887
247.44
83.1606
-120.563
219.863
-333.63
65.0674
-168.229
-329.856
220.393
-209.83
-38.5078
0.930141
-27.6034
-200.473
90.6838
-125.069
-47.1474
297.123
91.154
-124.089
48.2616
12.8088
0.0218963
-156.686
67.9678
-199.318
-281.993
277.75
-2.24346
-254.797
189.226
-16.9437
-161.108
-127.284
20.5944
92.0668
-121.33
-136.739
118.616
-0.580122
-0.235741
234.945
-73.7716
57.3791
133.235
-228.531
89.5243
293.055
2.27144
96.5205
93.9125
-119.185
245.895
-288.571
16.9789
-117.262
5.15522
-12.1901
162.487
254.631
347.598
-318.802
215.501
-209.14
10.0784
212.802
-356.635
221.154
-266.858
-17.6709
-0.581014
229.708
-236.356
346.271
115.383
20.5258
-135.909
350.963
-51.5886
200.761
-188.825
207.889
-207.803
-155.232
-162.926
111.552
7.88994
-193.199
7.73548
240.203
-247.938
97.6865
-193.202
95.5154
92.345
-109.45
-26.7501
-86.414
231.884
-250.295
23.6824
11.4708
48.0412
-149.425
101.384
-20.9697
113.489
6.08154
274.601
-158.209
-3.68868
-290.983
-212.281
212.305
-290.453
290.822
0.779725
15.9315
58.1461
228.967
7.21435
-7.21435
-70.2943
-25.4164
-153.229
-14.4255
0.272858
5.24525
-3.16663
-2.07862
-213.745
218.538
225.019
142.222
66.6037
-1.58924
101.418
188.98
-333.814
-129.15
13.1148
-24.9553
34.5398
-17.3339
304.511
32.6558
-53.5177
-162.312
171.57
329.752
-1.36614
15.9319
-9.69741
-6.23447
129.346
-123.062
105.677
-51.5203
-22.0281
63.6581
-19.4553
30.0075
231.722
-199.839
-10.6374
-25.4496
-154.003
-41.0559
-6.28557
15.2377
-30.735
0.232621
-7.58179
85.6192
-5.66004
64.9969
-31.4877
53.5367
-314.782
303.843
-44.2525
-44.0806
328.529
349.705
-34.2215
-47.3306
34.1074
-135.318
132.988
-5.73873
-175.042
180.338
245.05
-32.8913
-0.0101923
-8.13676
105.535
-19.9158
127.996
103.904
-18.2019
92.7169
149.989
26.7417
115.766
-2.02496
-134.25
-39.2668
-3.4361
5.47697
-61.2708
-87.9102
-1.51518
-0.0790593
173.79
-171.474
2.21071
-56.708
-3.6163
122.685
-111.34
-6.25969
-31.8351
136.291
-182.587
149.334
-10.0814
-43.1626
-4.39888
5.01459
-190.022
-21.5035
30.0263
26.5563
-128.94
4.94881
29.8376
136.862
18.2419
47.362
-65.6039
97.82
83.0046
216.368
-310.183
71.4616
175.755
-3.10507
-180.943
-20.9799
-285.767
-27.8637
-5.86922
-31.5675
57.2188
8.13676
2.15515
91.6643
100.334
-55.3912
-44.9427
-63.4736
-24.5668
-85.195
27.5795
-97.0444
-77.9388
-19.1056
-70.6771
-77.3346
53.0034
2.00229
-8.35741
-0.212971
-137.667
-163.938
-21.7257
-21.8127
7.02199
234.162
-39.3618
-4.85761
-7.87112
-16.0901
-146.296
-222.081
4.22025
-14.8282
-219.136
-4.22025
-166.243
0.0436625
189.345
-6.29433
4.24122
116.097
-76.9366
-8.22196
8.22196
-4.24122
8.22982
256.645
31.1325
-148.064
-386.552
76.0739
-22.6422
150.682
13.3508
-16.7666
3.41577
-212.078
-174.269
-5.5713
5.5713
32.9483
-27.8188
28.2799
-186.154
-151.944
-6.29188
6.29188
-40.4731
-355.734
301.497
-38.8782
4.08538
-4.08538
5.50281
-5.50281
3.50294
-3.50294
-6.04362
6.04362
-4.89685
4.89685
-6.06476
6.06476
-6.00952
6.00952
-5.48949
5.48949
-5.17837
5.17837
5.41355
-5.41355
6.10662
-6.10662
-4.89138
4.89138
-6.10819
6.10819
-5.5695
5.5695
-6.0796
6.0796
6.06919
-6.06919
5.49306
-5.49306
5.62195
-5.62195
-5.6553
5.6553
5.20976
-5.20976
5.49952
-5.49952
-5.14372
5.14372
5.42334
-5.42334
5.42293
-5.42293
-4.0596
4.0596
6.10408
-6.10408
-3.49914
3.49914
5.51798
-5.51798
5.42369
-5.42369
-3.45697
3.45697
-6.15536
6.15536
3.9911
-3.9911
5.63237
-5.63237
-5.65527
5.65527
6.07805
-6.07805
5.86813
-5.86813
-5.91635
5.91635
3.5019
-3.5019
3.455
-3.455
-6.10971
6.10971
-4.94766
-3.75845
3.75845
-4.08577
4.08577
-5.60893
5.60893
-3.45504
3.45504
5.31929
-5.31929
-5.9183
5.9183
3.46606
-3.46606
-5.86811
5.86811
5.38623
-5.38623
-5.60797
5.60797
5.38008
-5.38008
5.91482
-5.91482
4.03722
-4.03722
-4.11962
4.11962
6.14158
-5.86785
5.86785
5.37965
-5.37965
4.04068
-4.04068
-5.53435
5.53435
5.45043
-5.45043
4.03844
-4.03844
-4.74786
4.74786
-6.31063
6.31063
111.825
18.1863
-13.2398
114.963
121.68
79.535
-39.124
6.54949
-1.30424
1.17752
-25.3247
24.1472
-85.4218
291.576
-24.2098
298.994
-268.968
-53.8632
46.2543
161.801
-82.2854
26.4114
-4.13902
25.8375
-296.394
217.201
240.206
-6.29433
-11.0093
28.7621
139.841
84.9374
101.702
-300.609
142.542
192.876
-22.0278
21.8727
4.17724
22.3626
203.095
-4.17724
-6.6903
89.8024
-96.4229
-121.653
222.342
-3.7868
3.70087
-109.866
-3.70087
73.7345
-55.4926
4.13902
1.71792
31.6137
16.2559
75.4084
-362.403
3.14701
3.7868
-0.00498514
157.271
4.21395
60.1708
162.311
0.778734
335.833
8.52372
0.0438574
-8.52372
110.753
-11.8885
0.871037
-40.2328
18.3334
15.6617
62.0149
198.005
-14.6131
27.5962
271.05
5.77585
-37.863
-16.0001
-5.77585
207.667
5.69613
-5.65247
-223.088
-159.978
1.54325
221.227
-42.313
-225.206
-240.883
-213.793
245.903
-282.451
117.111
-228.706
219.107
10.3741
45.0798
-314.048
44.5643
-13.7425
311.973
217.482
-110.323
4.51713
-61.887
-110.43
86.2393
-8.41725
-244.347
100.764
-55.8153
100.552
107.798
-4.81439
5.28335
143.05
96.5227
-169.091
90.1587
-17.6975
158.344
-137.479
-230.494
-12.7622
101.706
-113.424
-30.6144
138.905
290.187
-97.3105
-219.294
113.753
1.34796
141.794
-133.645
-57.9142
-11.0827
1.38524
-219.087
233.106
192.35
-205.819
275.836
-74.5052
221.398
3.56241
-3.56241
-7.7237
87.7074
23.163
-23.163
122.698
-53.5695
56.2191
-180.884
-3.98899
102.494
-297.973
71.2592
-20.5986
-20.7172
-88.5951
-2.65066
21.1943
122.704
-3.7442
5.83191
219.98
-8.19716
87.8433
12.0219
-16.4304
-210.134
-300.596
261.607
84.6756
-107.935
187.657
-24.069
-7.08338
-1.98889
9.07228
54.5662
191.163
-107.131
15.6313
31.8169
-33.4062
138.569
-166.149
-220.14
-12.0081
14.2795
-27.2659
-16.2718
-375.797
260.76
30.359
250.585
37.9111
235.595
121.407
43.0459
168.064
-342.905
197.428
84.1073
66.2915
-129.399
2.11492
-2.69722
-4.51713
-18.1224
-3.63392
21.7564
3.20472
172.159
-106.154
119.269
-148.469
114.247
109.923
-4.21395
316.564
36.8472
-8.65619
-164.439
261.465
30.7282
-22.0127
49.4466
138.243
-230.481
19.8431
146.321
-80.0297
69.5601
-34.8509
3.22777
31.6231
-2.74822
269.355
-99.6816
-3.98899
54.6289
-231.205
-132.676
257.264
27.5541
5.03309
-10.4015
15.5168
-16.2761
-71.4768
-22.5917
-124.248
33.6885
54.0189
49.6302
-31.8525
-254.361
5.26571
-19.9473
-18.3404
195.364
31.9475
301.958
-44.204
60.4599
17.521
84.6749
-129.541
-1.48407
-217.652
-150.263
180.191
-1.10595
-7.11601
-17.712
-28.3098
-21.2162
270.569
-219.781
-29.1884
-8.45242
-15.6043
76.9407
117.915
-49.358
-14.9411
-76.2438
-117.377
189.3
-211.431
147.957
-230.217
178.75
97.4416
-22.3078
121.372
-242.153
0.61143
0.621135
-0.571703
-0.5441
-0.579702
-0.538686
0.140916
-0.395861
-256.744
97.8359
-1.31322
169.073
-181.591
-17.8725
-27.4693
22.5209
196.586
-108.027
-25.6182
4.36608
3.73958
0.765123
53.0076
-212.202
17.8557
191.719
0.935815
51.264
42.9867
-0.817187
89.8707
-64.592
-68.0836
306.564
-63.3775
275.95
-50.7884
81.2618
-10.3242
-11.1169
183.626
-3.65018
-46.8534
307.614
-256.734
253.045
-65.5456
12.6211
282.204
-73.8619
-32.8166
-16.7196
6.55582
230.453
-128.918
85.6479
17.139
3.72924
1.53647
-16.0991
24.7381
104.795
12.9003
1.72313
-21.1756
-16.5372
-14.8141
-7.1195
-40.2444
-6.82094
13.5576
-13.596
73.8062
-134.437
61.7676
-26.916
48.7888
-6.35047
)
;

boundaryField
{
    frontAndBack
    {
        type            empty;
        value           nonuniform 0();
    }
    bottom
    {
        type            calculated;
        value           uniform 0;
    }
    inlet
    {
        type            calculated;
        value           uniform -2000;
    }
    top
    {
        type            calculated;
        value           uniform 0;
    }
    outlet
    {
        type            calculated;
        value           nonuniform List<scalar> 
14
(
1999.99
1999.99
1999.98
1999.98
2000
1999.98
2000.01
2000.02
2000.02
2000.02
1999.97
2000.01
2000.03
2000
)
;
    }
    car
    {
        type            calculated;
        value           uniform 0;
    }
}


// ************************************************************************* //
