/*--------------------------------*- C++ -*----------------------------------*\
  =========                 |
  \\      /  F ield         | OpenFOAM: The Open Source CFD Toolbox
   \\    /   O peration     | Website:  https://openfoam.org
    \\  /    A nd           | Version:  7
     \\/     M anipulation  |
\*---------------------------------------------------------------------------*/
FoamFile
{
    version     2.0;
    format      ascii;
    class       surfaceScalarField;
    location    "12.5";
    object      phi;
}
// * * * * * * * * * * * * * * * * * * * * * * * * * * * * * * * * * * * * * //

dimensions      [0 3 -1 0 0 0 0];

internalField   nonuniform List<scalar> 
11512
(
149.853
-503.405
353.552
-757.681
-3.42146
761.102
411.43
-374.464
-36.9661
634.145
270.846
-904.991
1510.77
-1069.43
-441.332
1216.28
-1527.12
310.842
-57.8109
476.305
-418.494
168.922
-841.898
672.976
962.057
-1610.79
648.736
-1761.46
1668.78
92.6738
-542.947
1759.22
-1140.97
1934.8
-793.836
607.331
181.28
-788.61
-24.8243
-1315.05
1339.87
220.871
-1982.33
1023.62
-383.492
-640.132
-178.224
328.076
484.751
190.68
-675.431
1155.47
-1314.07
158.603
-316.069
378.76
-62.6913
1003.63
-1314.66
311.032
1221.6
799.488
-2021.08
72.8655
-1640.82
1567.95
-473.76
-1171.37
1645.13
475.48
182.057
-657.537
-192.767
-310.638
497.957
1012.81
1647.94
-1805.36
157.417
-89.8393
-1691.87
1781.71
-1559.65
652.922
906.73
-308.968
653.596
-344.628
-193.934
-137.857
331.791
1285.09
-1212.23
355.249
-1407.36
1052.11
-1754.29
1754.29
100.435
1531.91
-1632.34
-1080.28
-479.377
641.268
-699.079
-385.449
941.88
-556.431
1331.86
-1317.25
-14.6084
-1100.55
715.099
625.899
397.724
-394.82
-33.8344
428.655
-445.783
774.654
-328.871
-1618.44
1618.44
1253.57
-1437.87
184.307
-488.76
1710.36
1254.94
-313.063
1660.73
-1161.24
-499.498
73.5855
-389.655
2065.82
-1135.41
-930.415
1813.6
-165.655
454.125
156.203
-610.328
-460.51
973.266
-512.757
-1170.58
1271.02
-567.823
970.533
-402.71
400.333
755.133
661.142
-492.22
-438.388
593.521
-155.134
1190.64
-835.395
2308.21
-1080.68
-1227.53
1163.89
-2009.35
845.459
-1602.66
1577.84
440.662
-1581.63
-758.99
1250.6
-491.609
-672.517
363.549
1661.45
-699.395
-1106.93
-870.897
1977.83
678.363
-366.316
-312.047
690.094
564.849
-258.21
1511.78
109.36
-316.68
207.32
-284.888
760.368
-334.372
563.659
-229.286
-324.559
809.31
-319.537
-145.629
465.166
324.62
86.8096
1458.35
-454.719
-979.726
484.471
495.255
273.612
93.6
-367.212
948.792
-341.461
-1701.62
648.925
1052.7
17.2264
-855
837.774
-279.044
593.89
-314.846
157.494
-1093.87
936.373
1051.27
-1066.86
15.5864
373.099
518.22
-891.319
-245.499
699.624
-1103.51
-482.303
1585.81
-677.741
950.568
-272.827
1357.54
-1447.38
-633.705
278.305
355.4
-470.198
-1011.53
1481.73
-538.405
-794.454
1332.86
575.921
-996.025
420.103
-264.261
-316.099
580.36
405.979
-296.619
-1040.05
579.539
955.489
-797.996
-110.353
943.882
-833.529
-206.826
415.435
-208.608
-627.346
-352.38
-386.744
962.665
1856.37
-1856.37
-467.688
-166.017
-952.241
1558.54
-606.294
478.652
-914.894
436.242
-923.312
355.489
-941.908
-1058.08
-1491.5
345.516
1145.99
-280.493
914.638
-315.83
618.675
-302.845
-1941.9
999.992
-1140.53
-350.976
551.838
-1504.08
1728.51
-1725.74
-2.76538
207.428
-604.555
397.128
-1459.77
975.082
484.688
284.726
216.921
-501.647
308.429
-642.801
238.931
-414.438
175.507
2016.54
-860.947
-1155.59
-548.525
153.704
617.047
835.961
-1453.01
-184.023
422.954
431.411
876.59
-1308
-906.812
391.932
514.88
-1047.35
1447.68
-1068.6
309.606
750.645
-97.0492
550.419
-287.489
-262.93
1005.62
-521.147
593.375
-1403.82
810.44
-1342.25
238.739
-544.943
265.899
-1185.01
904.515
1942.57
-992.522
-950.044
276.801
1579.57
-2095.51
895.656
1199.85
361.19
-32.4677
-328.722
-223.633
481.128
-257.495
-106.3
-383.391
489.691
-464.833
145.296
340.025
-130.512
609.165
418.625
383.475
-802.1
-2039.09
1115.68
923.412
461.849
-530.427
68.5777
220.314
-361.651
141.338
1012.33
1004.21
1784.36
-252.452
723.878
-445.573
796.457
-1389.58
593.124
346.39
331.974
1052.81
-1035.59
-500.395
-234.037
734.432
475.158
-133.165
-341.992
796.777
-615.497
560.837
-733.7
172.863
503.331
1157.4
-1240.23
701.822
1044.1
-1517.86
-3.12729
-1439.43
1442.55
326.121
824.134
-1150.26
622.832
269.944
-892.775
-2271.31
1145.51
1125.8
-1110.98
-1160.33
194.685
366.152
958.872
-632.75
878.806
-898.561
19.7544
-2099.39
992.456
-222.51
-188.54
411.049
-41.8674
1770.38
-829.722
72.0417
-1028.85
-1066.66
-229.085
449.398
-669.481
201.794
-268.269
-426.724
694.993
1104
-1574.2
782.873
-1374.39
591.52
696.454
-425.608
1947.85
-1444.52
-378.286
-1376.01
74.8525
401.452
-531.478
528.057
15.6041
-573.055
557.451
570.498
-285.772
-602.951
278.177
324.774
782.952
-364.327
34.4874
326.702
1188.47
-1191.6
173.615
232.364
395.208
-663.477
619.253
-1006
-2026.73
2026.73
-254.396
-449.408
703.804
699.076
405.864
-1104.94
579.93
170.715
404.811
378.14
-2199.76
1328.86
-926.412
-679.34
1605.75
-488.396
-696.612
-260.92
550.439
-289.519
830.528
-196.084
-634.443
-440.862
648.29
369.574
-685.404
-359.431
-132.871
492.301
-1329.55
-475.806
627.229
-1115.62
-374.147
-1244.29
844.339
1463.87
302.367
-921.607
619.24
966.751
-340.852
1391.35
-797.975
444.263
-270.648
-326.882
-874.894
568.361
306.532
-330.133
-544.761
311.509
-417.809
-202.438
-156.106
358.545
-392.779
1091.85
434.675
-243.995
-390.849
1352.43
-169.922
-1182.51
-472.139
282.379
189.76
230.256
251.729
-481.985
13.5189
-747.219
592.127
-1729.03
1136.91
1483.26
-866.215
-1050.04
-409.727
-1056.89
573.832
483.059
1379.68
-404.603
929.076
-1411.38
-167.733
-196.652
364.385
-468.799
580.366
-1627.72
427.918
903.941
279.328
301.18
-580.508
568.055
1186.24
1103.86
-713.427
-390.428
401.617
-213.693
-187.924
-1419.45
445.68
737.819
-1183.5
1473.34
-544.263
-491.432
928.957
-437.525
426.152
1186.15
-1612.3
47.3848
-725.125
-148.504
422.116
205.287
-399.222
530.839
474.778
-611.196
51.6996
559.496
1024.53
-1307.66
283.132
666.119
-261.307
468.313
-1447.23
978.92
407.231
1687.1
-523.211
899.812
1042.75
-661.147
-1684.68
758.27
565.097
398.812
-963.908
454.807
78.8979
1750
-1828.9
1443.7
-379.491
-1064.21
1699.14
-1741.01
-366.797
-523.404
722.597
-199.193
-502.592
180.518
294.64
-373.193
-1225.97
214.437
-764.65
-639.166
-648.535
999.653
-351.119
-652.584
642.516
10.0676
654.948
-923.583
268.635
-726.028
360.686
365.342
-648.186
-689.918
353.057
336.861
-932.251
1400.56
-416.972
887.359
-470.386
-2205.31
5.55739
177.549
-535.424
357.874
142.347
1210.08
-97.721
-571.76
157.381
-595.768
1487.12
-704.249
381.462
-466.183
84.7202
-563.841
563.841
1223.01
395.424
1778.04
-1228.6
589.525
639.074
848.738
-51.9607
1291.87
773.954
-540.402
1336.86
294.522
299.368
275.521
-798.924
239.747
-685.53
229.209
-442.163
212.954
-239.068
580.982
-341.914
123.949
-363.017
-591.689
-564.627
1156.32
-369.947
536.248
-166.301
-1192.15
2032.04
-839.884
1289.41
-330.538
-400.18
135.919
-1982.97
811.609
1531.71
-847.953
-683.76
1986.99
-877.451
-1109.54
713.896
575.514
-240.636
469.846
-676.841
1142.08
-465.237
-769.811
1201.22
551.69
924.635
-1725.29
800.653
-545.132
-74.1169
619.249
296.959
253.46
413.848
-99.9842
-313.863
896.639
-83.5034
-813.136
917.174
-560.82
-356.353
1576.18
-472.181
890.442
-1627.44
736.997
1068.47
879.387
749.11
-441.448
-307.661
-1058.96
-258.295
562.966
578.692
-1141.66
-459.264
507.191
-47.9269
576.585
-342.38
-234.205
-984.98
568.008
595.632
887.63
-441.808
1096.76
1414.05
-778.227
-635.819
394.949
-924.951
530.002
-1023.62
396.278
551.937
-1043.37
456.419
-527.023
70.6037
472.484
302.169
-515.067
-48.7739
-794.316
-878.989
1673.3
190.029
211.588
-226.189
420.874
-29.5958
-553.355
582.951
493.473
868.395
-1361.87
-516.273
313.835
985.564
-88.9246
836.023
-1064.7
228.675
395.007
845.933
-1386.33
-450.138
833.613
1978.87
-1285.05
-693.82
269.858
608.949
255.75
795.525
83.3378
-966.276
882.939
1673.73
-1089.01
-584.723
-137.932
1887.94
-1866.08
-160.653
483.102
-621.277
138.174
-1013.64
527.178
486.464
-1730.47
538.317
-955.712
845.359
392.795
200.726
582.331
-279.964
-422.013
710.21
256.541
65.2183
715.718
-780.937
-1139.05
-889.021
2028.07
-538.982
1102.7
-563.714
-467.668
-329.998
107.488
-1655.48
861.166
-864.735
-598.943
1463.68
-330.71
-294.957
625.667
360.34
-649.462
289.122
243.895
-608.222
318.425
205.7
-524.125
345.906
-606.826
621.184
-260.844
315.668
-461.297
676.713
409.81
-179.554
-387.455
-302.463
1220.66
-2.89488
-1217.77
1039.43
-420.181
559.739
410.794
-1782.34
869.819
912.526
492.264
550.33
-1042.59
-534.172
203.462
-263.394
1181.21
-917.814
-1590.86
1212.57
504.649
-1096.34
387.74
-6.27768
428.481
302.881
-731.362
371.02
-616.519
-33.3688
757.166
-723.797
-525.588
795.532
385.696
321.863
526.875
653.231
89.7057
-402.295
312.589
1058.61
-644.964
-413.649
494.026
-1664.27
1170.24
-1140.38
1753.24
-612.857
1715.84
-1123.71
-334.689
612.867
-1183.64
1266.98
424.979
-798.315
1604.4
-806.081
-258.448
-213.691
-895.163
1470.81
1813.54
-611.112
-1202.43
-405.092
654.12
-1302.65
-124.715
-45.6355
459.483
-681.551
-354.178
-1236.68
-220.835
464.73
903.206
-561.809
178.418
-1674.67
-71.2453
1745.92
-1065.58
526.598
568.646
-1183.49
614.846
901.179
912.364
630.649
619.95
686.101
242.856
-1136
459.159
-401.16
416.764
619.23
-514.704
244.733
-733.522
488.789
690.952
-344.563
-322.153
184.296
-601.098
237.047
364.051
-887.515
-739.924
1087.67
-2145.75
398.124
-683.012
-342.885
-723.976
834.857
579.189
-346.265
312.431
370.231
219.182
649.551
-868.733
528.571
613.507
-534.888
175.457
361.42
-615.816
-1049.96
-844.405
1894.36
-1798.06
157.242
1107.01
-1370.4
1160.06
-725.027
-435.038
-503.913
1349.85
-1495.5
627.899
867.601
-285.946
-210.01
495.956
1428.41
558.572
340.448
-473.318
-483.692
-568.576
1052.27
-421.282
598.831
1582.65
-1129.73
-452.92
-776.536
327.127
654.731
403.882
-1623.42
416.171
1207.25
-193.726
512.151
797.781
784.869
197.875
-685.474
487.599
204.042
211.393
-286.378
-110.138
396.516
485.447
1.24302
-486.69
-1637.87
587.832
-1606.74
1672.88
-66.1399
10.9354
-1617.68
1069.55
762.98
-334.499
-809.865
-213.759
-1134.58
-239.812
-312.283
683.302
-1812.6
-630.311
1209
213.918
759.348
-1330.76
-678.588
-465.658
610.683
-331.356
-1013.27
1350.78
-1932.91
582.13
646.549
1288.25
483.806
-2.67821
717.966
705.269
-1423.24
-638.94
334.427
304.513
438.507
-100.469
-338.039
149.542
299.746
161.891
-461.637
-585.233
1150.33
463.453
-625.566
-461.166
-401.936
863.102
-331.97
164.237
-458.598
161.979
-304
-709.643
545.385
-106.877
-572.921
967.87
576.464
-268.894
-307.57
454.788
-779.347
-647.054
442.889
-1129.4
-837.827
1183.34
-569.771
454.473
279.958
-452.823
86.5062
1028.46
-315.372
591.686
-276.314
-509.041
1578.59
-689.293
238.734
375.57
-614.305
217.848
482.856
-24.9397
-457.917
-258.972
-199.626
1007.48
1108.9
564.831
-875.073
942.64
-67.5662
-454.246
168.301
-732.385
305.66
-597.677
323.633
367.32
826.083
-1236.03
409.949
777.277
-810.645
-948.913
-550.386
1499.3
-163.42
464.6
-543.376
255.887
1303.04
775.406
-577.531
1315.15
-687.918
487.626
-675.981
-410.728
-422.632
-378.679
801.311
501.998
-843.459
-453.279
90.0749
363.204
-318.846
572.442
728.27
-330.146
-239.452
-175.801
415.253
-492.49
140.478
352.012
1458.99
81.2857
-1540.27
-752.025
1347.66
-1144.77
-466.025
542.152
-166.582
1151.5
-374.22
1083.47
492.711
697.77
-422.249
-884.968
-522.395
-1328.4
-25.2609
985.426
-960.165
597.532
330.002
-927.534
-331.1
-217.425
-682
405.528
1621.21
-179.003
371.945
347.714
-719.659
-1839.77
-2106.69
1519.14
587.545
-2038.97
347.098
363.064
536.787
-899.851
-460.391
1020.13
-395.381
-673.37
1068.75
-2030.54
1391.21
639.33
599.628
-995.009
45.6835
410.736
386.679
194.883
249.38
319.436
962.691
866.79
679.158
-324.448
-354.71
-292.178
620.46
-328.282
572.605
531.25
565.083
514.789
-1079.87
-796.169
-699.331
752.303
399.194
-416.19
705.312
-1193.4
1609.58
420.357
-1093.73
-334.018
539.719
-1384.58
873.83
510.753
-715.644
-349.59
-785.263
356.111
429.151
447.172
718.061
-1165.23
1072.67
-580.403
-407.453
662.621
-255.168
252.792
323.672
-467.568
-432.268
899.837
-236.277
560.269
-953.802
393.533
-464.574
600.599
-1681.27
423.85
670.761
-1094.61
523.075
95.5999
113.409
-2212.79
541.367
-86.8941
1444.33
1777.09
-217.551
-1559.54
-438.466
1789.25
-1987.07
1194.51
792.553
401.492
347.618
-37.2101
872.067
-1283.19
718.568
-869.505
-822.984
797.724
306.572
62.9106
-369.482
226.132
179.995
-406.127
1555.05
-837.085
-1530.93
-325.432
486.021
-209.946
-276.074
393.784
366.584
247.936
362.748
-9.63422
1002.2
-992.564
378.316
279.403
-657.719
-734.091
1817.34
-1083.25
-342.962
736.746
-1219.3
-413.042
-915.166
482.898
575.043
-782.836
207.793
760.975
-379.491
-381.484
-428.335
-446.738
449.484
1080.51
1238.63
-669.988
800.601
-345.813
386.479
317.326
-246.378
-219.805
-208.845
616.076
408.215
-847.221
439.007
217.287
355.263
-572.551
-421.922
830.137
754.412
-1147.19
886.793
-60.7102
-489.718
276.603
776.209
-96.0195
1384.27
1890.5
-62.4944
344.873
-320.5
410.206
-1086.69
1077.05
626.252
376.604
384.371
71.1675
414.853
263.721
497.381
-373.767
-265.172
-562.955
-89.6282
-362.839
366.75
-3.91138
-258.164
-286.78
1010.96
-1540.71
529.749
-192.607
-181.856
-387.799
667.202
-1636.14
1591.01
-963.11
261.363
-672.09
584.321
1224.42
-1808.74
607.423
983.586
307.194
-1122.57
700.553
-288.896
-291.611
1378.08
-1447.55
828.244
619.303
422.876
-628.908
206.032
-371.832
479.334
-107.502
376.096
109.351
1724.12
456.913
-252.871
557.639
-1704.79
1147.15
-94.8497
396.04
343.316
335.842
-448.632
-615.339
1063.97
417.143
-867.281
-640.848
902.753
570.586
-488.728
-237.3
-437.963
-409.258
-307.398
-827.183
1821.1
-1821.1
-104.16
-1591.85
1696.01
295.148
281.437
-917.136
-555.438
1472.57
-408.221
973.303
-596.891
-1040.98
688.583
391.322
-1079.9
475.102
-159.434
573.066
1220.35
-1793.41
-1046.06
2115.48
-1069.42
-376.631
-295.887
-490.993
818.121
-1753.32
1602.41
150.918
1753.32
-1606.96
-146.36
-243.68
522.723
-279.043
-537.294
1620.77
1565.96
-1979.01
1084.86
-291.183
-256.577
547.76
236.339
-570.357
-702.191
286.001
1342.05
636.814
581.896
482.702
-1064.6
277.85
419.919
875.356
500.114
-1375.47
535.286
-1018.98
1574.96
-563.998
-776.872
-366.421
-122.847
489.267
-490.124
1208.19
-742.278
332.054
367.57
368.312
252.173
-620.485
604.651
831.838
-603.163
264.174
678.466
-488.728
-326.779
-232.133
558.912
1168.51
-674.258
609.251
466.807
-1076.06
-1286.71
1286.71
-385.308
761.912
-282.328
-478.985
761.312
491.455
445.288
-936.742
391.904
-674.232
609.804
-869.902
260.098
-367.507
-493.208
1075.1
-661.054
-711.055
1372.11
-376.704
936.972
-1552.73
675.276
33.4705
-415.468
381.998
-511.226
713.02
255.098
325.884
167.569
307.533
-521.552
232.655
1869.82
-1965.84
266.194
-707.056
452.288
-823.615
371.327
-916.007
1416.02
-500.008
-430.092
-485.074
600.773
1124.19
-1724.96
-715.516
338.886
-461.792
1034.4
-781.481
1045.65
-376.902
-626.867
-489.326
729.073
539.444
-357.387
908.598
-308.365
-184.125
1599.03
-1816.58
-346.543
-607.259
-339.745
480.223
262.511
-593.867
-178.222
1064.14
-787.533
208.619
-290.712
-281.308
572.02
393.745
-881.395
487.651
-484.317
-454.386
-921.607
-348.896
578.045
-229.149
-452.173
-429.351
-335.073
-189.052
-392.375
644.548
-448.39
765.716
-1072.51
623.881
-1409.07
544.339
-28.1335
-1836.61
1864.74
569.986
-449.962
1218.73
-692.131
305.067
-305.067
671.805
-441.808
1041.53
-1638.42
-1158.74
-947.954
291.006
329.454
888.266
716.129
-496.934
-302.858
799.792
1658.63
-1686.76
-434.092
344.744
225.754
1135.17
-525.921
-943.336
1550.48
-607.147
444.459
-249.576
379.987
384.965
-764.951
533.919
471.565
-1005.48
-331.802
663.856
-37.9686
1907.79
1593.37
992.706
-1696.95
726.928
-1176.97
450.041
-492.484
1367.84
837.371
-1341.28
-560.256
269.073
800.875
-402.063
551.657
-1190.16
638.501
-636.731
-1215.53
-695.669
1911.2
-196.484
550.857
-354.373
-173.145
303.901
-500.385
330.874
369.223
-700.097
-1485.06
757.3
727.759
884.048
-1434.43
824.463
-432.531
214.352
-362.856
-592.706
265.927
-646.822
-737.761
698.318
506.591
-1204.91
389.704
-205.628
-184.077
555.451
-958.161
-570.164
-427.951
733.612
-831.307
-1155.76
-1437.96
499.676
938.285
11.3213
-637.39
340.589
296.802
-1316.28
1047.31
268.97
-616.221
-456.291
-665.772
921.522
400.786
-198.978
-201.808
508.273
980.586
-1488.86
979.207
-561.814
166.234
395.58
-402.849
676.129
-409.935
-509.064
169.32
234.304
-1519.35
529.639
543.028
-755.538
244.312
150.746
-459.111
368.068
-822.455
1954.16
-1195.39
-758.772
418.084
-676.165
258.081
322.865
330.344
117.337
-447.681
-571.029
191.729
265.184
-691.757
1374.31
-682.549
424.095
465.551
-1181.19
264.56
1866.77
-1013.59
-853.185
784.647
-531.853
182.957
1402.35
-975.162
-427.191
332.872
-774.681
-616.536
1725.44
610.893
627.741
324.854
-18.2824
268.676
-1138.4
1725.72
-587.317
-1763.53
820.197
1758.13
-1688.5
-69.6362
-662.682
261.522
570.345
-716.073
226.747
1402.7
-565.328
388.139
445.474
-1858.63
1420.16
551.732
-432.406
-119.326
206.739
-541.812
-283.953
-183.715
-351.5
694.816
-581.429
215.008
612.019
551.06
-1163.08
1113.59
-1947.52
833.932
159.608
332.694
-1699.4
1661.43
314.285
-736.534
-168.127
382.479
756.224
679.762
-1435.99
1077.6
-1080.5
526.227
-1106.63
-629.246
251.346
377.9
526.299
-289.252
-606.294
-1032.13
294.247
-723.598
-912.32
179.025
160.952
228.752
392.738
292.667
-685.405
-631.834
-834.126
-978.476
490.643
-1061.67
-294.726
484.486
534.97
648.373
-278.684
-121.496
-412.591
719.785
270.246
-1200.54
568.701
1310.15
-553.925
443.882
-1014.05
-385.561
157.125
394.607
1023.3
551.659
-1717.01
1612.85
1632.27
-566.504
-1065.77
1904.23
-1892.93
-11.2951
208.874
-529.374
-348.28
556.899
-767.746
-323.882
-338.799
1025.98
701.24
-1505.45
804.215
333.307
-26.1883
1625.21
-1086.29
412.027
-1240.52
463.652
-60.6355
1519.62
1197.31
-470.378
-487.798
-74.0163
-267.446
736.039
-1951.57
-709.637
354.931
-535.412
180.481
191.051
-506.423
1139.93
671.578
-1811.5
-611.287
178.881
941.908
-1497.35
-210.515
678.852
-468.337
881.926
1118.07
-739.601
1350.49
609.419
-487.005
-122.414
-345.811
1174.06
1044.67
-1981.13
936.463
-1173.96
543.648
1488.78
-586.032
-384.478
-150.41
-1242.86
572.871
1162.43
-109.735
946.152
775.69
-1721.84
-206.878
578.603
-1541.74
963.142
487.005
916.577
-1403.58
622.15
586.853
393.121
-1106.63
590.555
1108.78
1215.65
-452.266
-763.38
-1186.2
-1754.94
-7.08267
-1709.92
-203.969
-424.939
1608.5
-629.98
-978.522
-490.847
1121.5
-1318.96
635.914
683.043
-1362.49
1443.78
-1331.65
592.052
1520.51
-390.696
-572.478
188
-1482.51
233.729
176.384
228.282
381.137
438.798
399.332
-838.13
506.382
-938.96
900.585
-1444.85
-699.703
233.894
465.808
-1045.28
460.047
-477.235
865.374
697.021
24.9009
-527.652
173.279
-886.567
-1318.75
-714.643
348.656
365.986
402.18
-723.28
321.1
-477.371
-189.381
-709.18
720.987
1539.78
-593.628
816.683
738.369
1344.74
-844.63
-971.189
-570.556
-796.438
428.505
367.933
-1036.4
-641.62
302.781
338.839
-1433.69
-296.78
-790.066
397.19
392.876
-652.36
404.359
248.001
-679.694
269.759
412.843
486.994
389.973
440.164
478.476
384.626
596.276
-969.469
682.072
468.258
453.105
356.384
-809.489
1630.75
-1079.87
-550.881
-504.64
-286.356
-1029.93
453.486
347.824
409.721
593.742
-1003.46
-1381.86
751.881
-532.489
1147.33
358.407
-58.6608
412.418
-865.031
452.613
-1896.19
304.342
440.786
-725.686
284.9
-189.21
403.898
-214.688
-662.062
305.593
356.469
-673.405
318.695
371.012
390.9
612.493
-1020.71
752.898
662.581
-1415.48
438.828
625.143
339.007
392.651
-731.658
408.336
328.41
603.514
673.989
406.52
596.312
-1023.42
427.104
-1671.95
1192.51
479.445
1696.58
-539.178
620.353
-1147.37
527.013
-641.978
347.021
437.516
-934.829
497.313
753.871
-450.99
351.166
343.65
571.296
-917.839
652.119
-1253.17
601.053
375.796
734.513
-1224.64
769.311
509.715
-1279.03
486.372
406.379
-892.751
-501.704
-936.258
-300.084
630.958
352.605
541.5
-894.104
331.846
332.01
-502.184
1944.74
436.686
-846.749
410.062
-917.77
-807.518
-748.01
366.526
-1220.18
438.697
-1735.08
1606.96
128.117
1747.4
-1602.41
-144.99
-783.776
-591.719
264.22
327.499
-1758.13
1979.01
538.69
791.316
-1330.01
440.136
716.18
690.155
385.633
-1075.79
-69.5444
1617.15
-593.852
385.744
832.985
-648.402
325.527
322.874
-378.801
-297.294
550.086
-219.053
435.974
279.491
-664.799
385.308
263.021
-577.867
-281.559
442.66
-1033.28
590.616
538.054
1092.7
366.046
596.619
310.827
351.802
-662.629
1625.03
-923.794
1692.09
-1520.75
-171.342
-328.698
-822.797
413.539
857.429
-1067.94
-606.042
277.76
-1090.58
1628.63
-1586.18
-78.3271
1664.51
-341.823
-350.614
-370.624
538.073
597.099
-503.228
-27.1988
-549.848
505.108
-284.076
-221.032
1749.47
-1299.99
-624.085
297.892
326.193
403.929
357.302
734.553
-294.631
-399.354
-1747.4
1686.76
459.651
-1100.8
641.149
-43.2264
1656.07
571.139
476.383
-1047.52
103.888
1144.71
-1452.11
-14.6352
-1881.55
226.065
-597.727
307.401
290.326
-955.22
612.335
-897.938
467.846
-1128.44
673.243
455.202
369.73
268.757
-765.691
-312.677
1216.97
886.624
699.189
-1182.88
456.162
726.714
494.472
700.57
-1195.04
-361.212
-249.167
410.12
-960.411
438.743
521.668
21.2399
-1879.87
1080.94
-471.137
-499.213
558.364
-1378.21
819.844
-428.327
799.653
-405.695
498.55
-713.288
1720.77
410.03
-181.278
214.913
-167.291
-247.181
414.472
1895.33
-504.119
-1693.57
1051.32
-600.22
302.927
-1013.56
553.166
-313.307
544.35
905.201
-1449.55
-1103.6
437.829
-20.8511
-1944.99
1712.77
-668.1
-540.171
460.789
-1190.42
729.634
193.932
206.853
-280.832
770.729
700.08
837.731
817.763
-461.379
1084.79
-478.1
476.902
-191.297
-285.605
-1923.57
-713.825
-318.236
-642.52
-6.56029
649.081
464.971
-273.242
565.486
1059.55
-805.297
924.51
1244.23
-425.607
-189.756
-232.747
422.503
953.942
-888.464
-323.412
-1067.71
611.422
1558.46
-801.164
537.721
934.853
-394.474
736.726
-342.252
1130.29
-275.394
334.046
1349.68
-706.363
-218.588
448.322
-1198.57
750.244
-994.268
-112.478
1106.75
441.278
-955.496
514.218
175.718
732.423
483.222
743.711
-94.1595
852.581
-426.024
1182.39
-796.761
552.244
-1465.47
913.229
-1216.65
1800.97
-431.71
-1510.19
879.565
-1401.96
-310.907
-420.454
1457.21
-1524.59
784.668
1491.47
199.864
277.037
-358.318
-1735.08
-292.665
-1010.6
1576.09
-1768.32
1768.32
1565.96
-1004.46
-633.741
-341.774
368.412
604.891
-371.463
-366.092
-1389.8
897.319
1125.13
600.595
1202.66
1789.48
-1216.42
-613.683
273.674
1659.06
-1916.56
257.493
814.817
-1267.74
1545.22
-561.638
783.737
318.959
-343.005
555.043
794.804
667.737
1360.34
-226.165
-445.325
-363.618
496.278
-340.075
471.855
736.33
-301.554
-146.127
-333.184
570.126
-236.942
30.0298
-372.409
1107.42
-1720.28
-439.855
-489.582
-569.461
864.185
694.279
-1596.46
904.708
-451.931
-622.899
-514.254
1252.07
337.765
1723.74
-1702.5
-1658.63
1892.93
-1560.78
840.232
720.545
-374.728
-1796.84
917.847
583.405
819.295
-395.024
1794.37
-680.785
-414.949
680.572
430.989
-1111.56
-1101.06
444.154
753.151
-1617.17
473.226
901.08
173.759
-399.758
225.999
-1597.37
-384.957
-431.853
990.258
-674.158
1442.92
-972.808
1854.73
242.74
-542.57
495.724
-295.859
474.329
893.511
543.189
977.322
-463.098
-427.97
574.079
883.13
-1392.7
-40.9902
1574.45
-836.085
519.96
971.511
-1475.83
-1115.9
1772.81
-1243.27
-529.542
1206.12
-319.116
-887.007
-189.351
452.815
-263.464
-457.418
-251.433
429.428
-177.994
143.153
-392.32
1731.73
-1738.81
-460.396
-530.862
-903.572
442.222
-203.717
-238.504
633.701
-457.992
-360.461
-314.205
674.666
-931.527
386.767
-1167.21
676.367
416.499
-636.853
-440.828
1577.11
-860.98
530.19
-458.106
-570.538
-462.738
362.13
-351.609
-10.5209
-1104.15
412.021
-664.834
-1033.62
1698.46
-601.397
-1423.96
712.904
562.241
-1596.27
1034.02
-389.521
-478.95
150.72
535.381
-1258.48
744.223
539.24
1005.98
-2133.18
999.987
1133.19
-362.787
410.255
-385.004
-25.2512
1478.04
-371.067
449.592
1205.07
582.342
906.442
567.403
527.682
-1095.09
162.938
-442.287
-1688.5
256.371
1127.55
-615.986
518.538
1013.71
-1532.24
1092.84
-1643.72
190.791
696.002
548.798
-872.21
-1086.45
-169.698
426.275
-256.577
-586.808
-430.931
-636.813
-626.826
345.994
-1619.01
939.674
-476.919
216.158
-397.436
533.828
-307.763
-607.667
1197.15
-1277.12
924.685
352.436
-1027.19
-368.044
-758.781
-825.674
1689.86
-477.097
1794.87
-1583.78
-211.095
-1556.62
1018.7
537.924
-726.906
-257.418
439.852
-182.433
-593.415
384.476
272.726
-657.202
-524.067
989.845
629.518
-351.758
-1620.26
1050.49
571.783
1103.52
-1675.31
-415.159
-290.937
-371.125
-745.947
-472.956
-331.864
499.433
1558
-995.754
-774.964
1497.46
661.203
-316.458
725.882
1152.36
-1878.24
290.282
306.741
-487.296
-1932.7
1720.25
212.456
738.077
-475.206
-262.871
531.844
1060.81
-1592.65
362.13
-1724.56
-233.211
1752.36
-1580.68
1073.76
506.92
-1724.96
0.400675
-521.799
410.255
1699.4
-1720.25
939.603
624.736
-1564.34
378.725
-218.323
-160.401
-412.309
-267.385
69.9117
94.9305
-352.349
-429.856
-440.046
-406.919
217.709
1510.22
378.94
-216.588
-435.772
460.52
-195.336
321.021
1510.75
996.469
-161.088
-835.381
-1104.09
1704.86
-1728.83
1064
-707.266
-1021.57
-1265.08
1844.99
-579.907
1155.07
-1771.18
616.116
270.154
-878.03
1675.77
43.4372
-1719.21
-491.174
-1083.03
-1731.73
-981.841
553.871
1019.58
590.243
1133.02
-1723.26
285.271
-451.853
703.337
-384.642
378.982
924.758
680.994
-381.571
-641.845
582.909
1072.53
-1655.44
-402.413
-367.881
770.293
428.077
-1661.43
1520.75
140.683
582.537
-1044.33
544.752
1083.88
-1555.66
994.025
-236.451
231.379
325.52
1904.23
427.635
-78.256
995.856
722.752
-1718.61
-697.149
1085.32
-1557.5
163.039
-571.047
195.395
265.124
-658.667
-561.51
582.56
1034.59
-711.052
-274.959
-1368.63
675.256
693.375
-412.326
763.521
69.5635
-833.085
561.895
-137.165
1557.33
-212.987
273.345
-772.71
-1932.7
1664.62
1031.22
360.686
301.54
452.331
-930.104
-993.463
-1767.26
635.822
1693.77
508.02
-474.416
1210.75
1087.11
-424.959
1029.85
-978.609
491.842
486.767
700.37
1047.94
-1748.31
484.063
483.806
-1493.97
-746.757
33.33
779.82
-413.294
-887.157
387.945
-539.173
-802.112
619.24
-577.516
1397.36
1055.16
192.393
233.882
-550.637
1618.51
-773.242
1526.14
-1727.84
575.268
1152.57
542.571
-883.423
-1732.87
1916.56
-183.686
1721.74
179.573
-544.497
365.071
-270.141
-481.489
1211.12
568.272
1128.31
-491.266
431.363
858.053
-460.329
-774.325
428.997
345.328
1419.03
1089.59
-518.245
1422.95
-510.596
-533.298
1043.89
-602.774
478.171
-1203.2
1692.09
1839.57
-687.214
1585.78
-646.176
-1241.2
717.131
-562.6
199.614
-388.154
451.914
-240.521
-519.418
-1246.71
1870.94
-624.238
1173.51
-553.16
1120.27
-1659.45
1696.07
-573.955
-546.313
-549.826
1720.07
-316.985
-688.062
-473.354
1223.6
-1685.26
-1860.11
613.401
303.827
-938.271
165.964
211.648
-1719.03
1204.15
514.88
1162.85
558.888
-512.004
-465.407
1192.12
180.912
222.986
588.445
1251.13
-539.179
-1238.58
1777.76
-1025.37
999.988
866.787
-204.101
-1659.06
1702.5
-510.113
1411.19
-1732.87
-357.186
13.7612
343.424
-261.42
586.222
-324.802
77.9921
490.369
781.532
-379.352
1257.52
1270.79
-413.366
851.79
-438.252
1817.48
-662.415
1586.57
-1723.74
-412.801
-747.188
307.348
439.84
-560.159
-563.385
79.7377
-1138.69
-985.419
-669.899
1655.32
-943.704
-1189.47
160.264
-416.841
-648.073
705.654
1167.44
650.036
1410.33
-591.036
1636.74
1318.11
-573.884
-491.004
195.145
-503.296
1396.81
1240.17
-564.909
-999.985
892.905
55.8475
-948.753
603.431
-506.158
1403.48
1495.08
-588.633
-362.344
362.344
-589.478
1623.5
1239.43
-486.28
1134.15
-70.1045
1851.81
-389.494
1489.49
-588.901
-507.685
1347.92
-652.055
1218.71
-566.656
1554.81
-591.67
751.586
574.822
-1326.41
-655.297
279.801
495.605
600.36
-1957.29
-988.83
1586.57
365.966
-365.966
-67.4029
387.011
437.452
384.302
-8.20655
-332.563
898.632
-522.836
-426.957
813.968
-241.903
619.803
-432.233
1547.91
-444.345
-884.06
183.6
226.261
-409.861
601.17
1250.77
-1851.94
926.804
-458.958
-351.609
126.151
-1943.03
1816.88
-451.365
180.717
1181.2
-440.476
-740.72
-303.007
-584.151
-493.52
-385.004
-478.756
257.724
1158.41
-561.309
231.861
-378.864
147.003
-22.8742
-107.679
1376.01
-1268.33
34.5962
-597.552
-586.427
-450.301
450.301
-1262.35
1985.1
-1344.36
-214.285
-1824.79
241.016
-1025.75
-974.242
-183.471
-1638.22
708.121
1229.32
-1924.99
367.83
314.025
-681.854
-1850.02
1234.27
615.746
-560.906
560.906
-959.109
-40.0464
-1866.08
-558.156
1650.85
-676.909
1636.18
-601.595
-176.314
-1705.24
-583.726
-445.648
-594.819
-464.724
464.724
-1537.81
194.526
1343.28
170.078
225.095
-395.173
494.036
502.434
996.858
-475.19
1751.29
769.156
-420.85
395.598
521.458
1702.06
-594.638
-552.972
1636.85
469.069
1812.77
-645.322
-1804.11
-1938.07
-646.995
-477.34
477.34
-590.982
227.364
-692.124
1019.27
-466.106
-1073.37
-289.386
1579.57
1852.3
1635.35
-1635.35
-277.645
740.024
1761.5
595.792
1275.15
170.566
208.159
579.356
592.259
1603.5
-1603.5
220.521
-355.45
-436.038
457.517
951.597
-459.755
-639.409
-1130.99
1706.26
278.904
-1652.89
611.912
-289.503
469.076
1744.65
-592.08
-214.824
-418.933
380.261
728.516
1738.58
-613.449
-511.773
-774.973
1960.54
-870.456
-1090.08
1642.76
-705.125
1223.97
-1824.95
600.981
335.2
-877.77
-185.607
-103.867
1098.14
-486.715
132.382
618.706
-1650.83
437.047
610.39
-1804.11
-583.282
1787.43
884.022
-1162.91
1760.49
-597.582
1783.83
-575.536
-1208.3
437.987
930.578
-1738.81
924.677
-1494
263.565
1230.44
-832.268
-1254.23
-377.083
74.6967
302.386
581.737
268.045
1028.63
-442.789
846.672
-403.883
820.984
739.374
-1560.36
643.998
1066.36
-24.1329
-662.764
686.897
-1744.36
722.795
701.502
150.56
-1122.66
1936.76
-674.554
-1262.21
-537.179
1665.49
831.031
964.918
-1795.95
1227.86
683.338
-405.479
711.072
839.668
1028.18
-586.899
1761.5
626.362
1773.56
-1185.61
-587.951
-381.119
-330.103
711.223
121.449
-1185.66
1660.54
-540.273
-1437.8
1437.8
1250.57
594.418
1351.51
206.482
-564.651
282.417
-188.817
699.101
1113.67
481.04
-300.128
-870.003
-574.845
1738.41
-1738.41
998.806
-998.806
987.333
1025.17
-2012.5
1837.95
-613.98
-581.113
824.709
-947.851
-1052.16
998.316
690.786
-1689.1
-515.067
-349.987
-645.021
-808.428
2042.7
-1246.42
-613.688
1002.97
974.854
1289.77
646.991
324.536
1012.69
230.706
338.743
1186.24
1756.88
-1756.88
671.799
79.7618
-387.332
-997.055
-539.992
1674.14
989.118
1010.88
-1833.29
-221.628
-362.098
608.254
-351.883
1849.52
-1077.86
-771.657
377.638
-37.1905
-813.469
-1662.67
1662.67
912.84
1923.74
-648.59
578.889
-479.058
1708.01
-1228.95
729.257
1837.82
1151.43
-607.781
-576.512
1143.92
-812.998
-485.094
932.475
1106.46
398.16
419.603
368.931
1223.01
-1135.24
-585.039
-644.68
-1212.58
1857.26
-113.038
-259.99
333.996
-523.752
1250.31
991.427
778.915
-588.124
1878.07
-650.21
-382.889
655.615
1877.32
740.745
-550.326
374.126
-448.937
1451.33
-751.251
1172.21
588.284
-91.1966
408.366
-317.169
-1244.29
903.455
405.179
1636.27
-711.516
1046.71
905.035
778.934
766.077
591.531
758.191
999.164
721.601
1835.84
-984.047
-851.789
538.584
-329.805
301.028
-301.028
-387.604
-673.912
289.27
832.815
384.813
351.914
1888.9
-659.577
1097.88
-5.84787
-775.089
1119.02
461.107
-1140.15
1140.15
1758.25
-671.139
739.511
452.609
-193.854
900.181
-642.075
1313.88
1200.55
889.122
1143.76
540.434
1096.42
-557.831
-84.6896
-1090.61
1115.63
636.177
-1669.8
1198.03
-133.302
551.217
-417.915
211.622
-608.694
1859.47
1075.03
-1075.03
997.06
604.754
-1601.81
633.119
651.549
619.246
1115.32
767.83
-667.199
1731.2
396.339
1061.09
129.559
1563.64
527.309
712.856
-1215.45
-717.457
-527.001
1914.1
-1387.1
1852.19
-601.621
1513.37
-1852.27
338.897
984.16
-984.16
1772.61
-683.022
57.0917
-498.54
395.661
-646.971
1353.28
-706.313
674.214
-641.527
67.2549
532.567
614.016
-1146.58
1487.87
-750.878
1026.06
-1026.06
425.766
-330.033
330.033
325.217
1148.46
-694.26
-896.6
1590.86
1233.39
1266.33
661.067
-1927.4
-1313.51
-711.029
1423.93
1313.51
-547.192
-960.172
799.17
161.002
1154.76
-1154.76
1174.12
533.892
1202.81
-1848.13
1206.32
-1061.05
1061.05
1023.46
1046.51
808.222
586.63
-1764.16
1177.53
1092.12
-1735.44
1062.8
-602.749
-504.517
1012.54
-699.421
585.943
1291.37
1688.31
-828.164
-860.149
1048.52
-1048.52
-196.584
365.923
-169.34
-772.595
359.301
-1827.05
624.367
1202.68
-768.752
-760.494
1529.25
-324.526
-316.766
641.292
1123.37
1655.85
-716.174
267.35
201.719
876.162
-876.162
863.975
1679.73
-1035.73
636.094
-1278.17
1260.84
-1909.43
1132.26
-1794.68
-272.338
-401.575
1921.91
1135.7
-1135.7
1236.18
-1850.16
600.271
-600.271
426.463
-253.49
-172.974
612.095
954.206
-470.142
767.092
1769.27
-851.421
474.873
-852.304
852.304
1238.69
-1079
1254.71
-1868.4
1267.24
-1891.47
1125.5
1549.38
-764.717
-367.105
894.145
-1871.81
977.666
-350.66
529.078
-860.148
860.148
171.516
-460.902
1176.26
-1777.97
1190.02
-725.498
-1025.6
1751.09
573.888
-642.195
-179.13
-337.518
516.648
431.097
315.627
540.859
-360.378
636.765
1289.48
-1926.25
844.562
-844.562
1125.84
-1772.83
40.5724
-456.041
1667.01
1205.12
612.673
-1817.79
375.014
-761.75
761.75
639.405
-1851.98
1243.5
1063.24
-625.252
-520.887
520.887
1222.25
619.833
-1842.08
1160.3
-1752.38
1123.21
-1762.95
639.743
573.681
-1381.79
808.11
1237.86
621.607
-1771.15
1173.56
488.261
627.91
1229.35
-693.068
-1368.13
1773.66
727.795
-727.795
1095.08
-1734.38
639.295
-828.835
390.584
-719.148
1717.46
239.921
301.177
198.256
538.751
1224.29
436.732
-852.45
-806.548
1659
-1166.7
-660.344
556.535
-1530.93
-632.216
1073.53
-687.786
666.382
-666.382
1010.71
-1010.71
-605.767
892.861
-722.146
1875.99
-642.592
-207.408
179.386
178.972
-358.358
610.844
1112.2
-1723.05
1813.99
-576.13
-719.365
1895.62
1079.48
-1772.55
554.255
-378.797
-526.254
526.254
165.023
198.627
-363.65
1836.01
210.109
146.696
-356.804
-285.536
606.346
-606.346
-1215.65
1767.92
-552.265
690.802
-422.126
444.451
-226.742
202.894
152.763
-355.657
1802.7
-1817.27
-1745.32
1131.87
556.642
-383.362
198.254
167.352
-365.607
-1685.51
660.134
629.524
-629.524
562.773
534.817
-323.195
-2087.5
-1193.42
-675.809
1878.62
1134.36
-1721.67
-1230.64
621.219
1707.29
-1091.17
-1169.87
199.86
167.617
-367.476
-584.86
584.86
35.9327
680.124
1092.95
-1773.07
1131.19
1089.22
-662.113
305.409
741.996
-741.996
-1456.17
577.348
878.821
1083.34
-1677.98
1810.55
-604.236
408.878
-715.868
-1640.72
1039.13
-598.619
1796.65
275.554
567.467
-567.467
1633.24
-895.608
436.65
-713.766
713.766
-1097.32
-850.197
-438.414
192.88
178.421
-371.3
654.6
-1301.57
-478.259
-1654.13
1069.09
527.357
561.168
140.107
213.997
-354.104
-1204.08
1805.06
-608.626
-1280.4
-780.683
1601.67
269.764
518.932
-284.315
627.068
-627.068
1792.33
1497.74
316.247
-622.811
622.811
706.121
-458.119
577.743
-389.743
-204.027
471.378
-509.979
202.216
712.601
-478.707
-717.062
334.173
-1658.99
1118.71
1091.05
819.464
-555.743
1452.01
-1557.42
965.75
1002.9
-1672.8
610.966
1106.19
-1717.15
-1587.01
1023.02
619.456
-619.456
1223.54
628.763
-1123.06
1090.58
-651.884
716.8
-447.041
-1486.32
897.691
1033.92
-1627.77
-1183.28
-580.88
1957.74
-1000.1
524.907
982.016
-1628.19
-162.755
-554.307
1603.61
-17.0331
-668.843
1209.61
-1885.42
551.727
-1681.12
1101.47
-530.413
313.337
217.076
554.327
-1191.18
1845.14
-1528.76
958.201
-264.446
-243.014
507.46
225.064
-458.189
-384.881
1451.24
-751.119
-823.644
1574.76
740.702
-1839.82
1099.12
-310.561
482.076
-1922.6
1949.5
-1949.5
-1801.14
807.674
1881.19
-649.624
178.193
-418.228
-537.268
-344.09
-880.265
390.329
-592.68
1970.76
851.147
-492.505
-358.642
-1664.57
844.699
-1855.3
1043.28
729.531
1836.09
-282.973
1669.24
1787.52
-586.967
-1627.68
545.689
1081.99
871.624
-1622.74
-606.039
-667.869
-130.548
642.961
-364.057
154.621
409.22
1020.95
432.163
-1453.11
1675.33
-543.456
-562.569
1635.33
-1705.43
920.852
-489.489
-1102.24
615.528
-26.5026
-1419.58
1630.64
-524.454
-1435.36
860.511
608.892
-1679.35
1070.46
1671.43
-588.086
-1286.91
-689.785
1919.13
-1621.21
-14.1434
-367.938
-1799.19
603.325
-1179.84
-1468.12
879.216
-502.181
923.033
772.93
-1695.96
1001.03
-1423.59
422.555
-64.3625
-239.826
-166.301
-1365.96
371.688
257.53
-933.511
529.337
-1517.15
748.399
-1591.22
790.059
-1115.22
2009.37
39.4814
-607.422
1772.83
942.014
151.539
-1819.59
1169.96
-625.625
433.142
-445.385
1071.75
-85.0402
-1090.47
1175.51
-483.546
1235.13
818.072
-1643.75
197.379
1196.7
760.203
-1533.44
149.394
1670.44
604.357
-1528.15
938.411
-1531.09
-552.64
228.113
-1399.2
912.918
450.22
-109.642
1201.95
-574.213
400.656
-716.843
1388.96
-672.117
-363.692
549.406
-334.398
-517.204
797.006
-1372.71
807.384
-480.913
-700.282
-365.873
-462.962
1853.06
-1066.7
-656.346
-631.437
1870.12
-1268.33
463.739
-1239.84
799.361
-941.047
856.006
-1302.81
742.647
-834.233
-259.493
-730.147
309.693
-485.879
1209.68
606.805
1026.43
-6.71304
597.268
-104.602
408.503
-227.898
450.884
954.227
1065.39
183.066
-1414.31
823.272
-749.422
-1128.98
388.256
-1338.37
764.482
-1586.96
750.879
1264.19
459.928
-226.046
-741.503
1316.32
-1082.85
-651.523
463.18
-339.002
22.3222
994.239
-1119.63
125.394
648.347
-715.619
216.553
-1744.74
-760.971
309.981
-235.265
1087.19
552.529
309.237
-861.765
-595.587
-802.531
356.883
-462.564
-23.954
1443.61
944.332
255.305
279.154
-534.46
-686.305
1787.78
-71.3357
-437.925
680.781
180.837
356.608
279.214
-596.282
1676.88
1381.02
1828.99
363.278
1079.65
-1765.95
794.071
680.053
-1474.12
-1504.33
1095.02
-1061.43
1709.78
-651.763
315.952
-792.164
-564.786
-986.173
1550.96
-1034.19
242.666
-350.168
1073.18
-1531.37
701.441
-1507.52
-844.575
569.257
275.318
-582.869
537.747
736.565
1112.95
-1668.23
1668.23
-599.219
807.006
1147.15
928.596
-1527.82
-604.85
-948.977
-418.453
-477.155
-283.774
618.201
649.036
-1416.78
-1583.18
722.203
865.294
-1625.79
637.021
740.302
741.098
-1513.81
-485.238
1390.27
-746.975
-515.566
1262.54
-1252.45
687.54
931.914
-404.736
582.431
-1309.34
-1381.02
-1338.77
614.323
724.448
-574.561
636.333
-1283.39
-682.605
743.444
-418.908
805.385
528.975
681.791
420.445
-1167.42
336.583
481.249
-817.832
-426.742
-108.682
876.063
-1592.24
1663.45
-158.404
-1053.16
-626.191
368.078
287.536
1654.67
-556.789
1476.17
-578.476
496.322
645.898
-1509.94
864.037
-1230.71
664.053
-1217.21
-492.871
1129.2
1168.64
698.153
-1213.72
736.623
-1727.9
841.189
468.96
1010.15
-471.401
-167.692
-1051.66
-256.818
419.756
-474.104
672.815
-1569.42
-1182.7
521.551
1034.86
697.673
-1190.54
-602.542
-1633.13
0.202293
364.869
411.196
-901.601
1526.34
330.236
791.48
-417.354
5.36749
1574.49
881.765
-347.778
318.27
29.5081
-470.348
1238.18
562.813
-1047.09
484.278
-330.236
-21.3731
533.698
-1070.21
536.512
1179.27
-413.198
341.269
-746.748
72.569
941.104
433.786
-226.932
-500.325
-1071.48
-1191.91
638.749
-713.452
-1602.66
-658.453
798.507
607.606
871.167
-1478.77
1037.64
-1085.21
1660.58
-621.456
-483.161
-310.885
1148.66
-294.305
354.056
-386.547
32.4911
-734.906
-593.778
-1406.79
783.892
-975.837
-625.977
-46.5796
-14.2005
-241.263
477.716
-1133.01
254.165
-289.625
35.4604
-1092.1
-589.023
-677.599
588.847
-1150.16
-186.327
352.316
-391.24
38.9238
423.049
382.336
-1097.42
-589.951
813.155
430.899
-495.123
916.96
629.121
-1546.08
894.214
225.406
863.778
-438.012
461.842
522.203
514.769
-1036.97
592.854
489.542
-1082.4
688.396
606.924
803.014
-1409.94
969.483
1113.99
-636.27
943.481
647.379
879.884
-39.314
576.76
-1102.68
308.019
-350.82
42.8006
465.532
385.615
-390.796
335.13
55.6663
1112.45
511.56
-1016.08
-1628.73
864.011
1421.02
-758.442
-428.703
364.577
64.1268
1115.94
-703.922
196.724
-1073.04
1712.33
322.304
-389.688
67.3839
1477.9
-598.687
346.473
-416.091
69.6184
-624.653
260.596
-449.098
385.551
63.5469
378.494
-434.251
55.7562
380.347
-425.753
45.4061
443.678
-464.726
21.0473
-436.386
448.381
-11.9951
444.593
-423.96
-20.6329
422.717
-394.962
-27.7555
419.081
-385.646
-33.4349
404.63
-366.636
-37.9938
-380.472
428.002
-47.5308
405.411
-355.936
-49.4754
382.669
-331.81
-50.8593
-399.48
452.001
-52.5213
-20.7222
-802.076
489.013
-155.845
754.036
-684.71
469.381
514.208
650.455
-1458.45
807.993
-595.719
-648.006
429.036
384.932
408.096
-409.001
340.891
68.1102
374.526
-754.887
380.361
118.196
1571.42
-605.675
-1292.66
199.821
-558.139
446.905
-928.317
481.411
536.742
395.85
-840.835
444.984
1687.49
-743.162
1500.29
-878.104
-1587.78
-792.589
1763.61
-672.557
480.791
-951.928
758.743
-1354.46
1112.08
1577.84
510.366
421.548
431.685
344.924
-414.912
69.9885
-896.332
456.286
-374.803
419.673
-44.8702
-756.948
-572.255
504.342
639.573
-420.243
-578.235
1646.04
-575.581
492.228
535.95
506.769
-1017.71
510.946
-1537.45
1173.76
-682.95
1683.98
1127.47
-600.459
-345.009
-400.455
402.523
-2.06856
-286.955
430.55
546.196
-1039.72
477.035
1178.85
-549.487
-545.598
-320.513
345.414
1057.95
-359.207
-634.649
-535.223
511.141
-1059.12
547.977
1425.27
-602.002
1401.02
-500.838
499.006
-982.167
416.772
-375.03
-41.7415
199.161
-882.488
-670.934
1469.11
351.989
-822.067
485.557
-945.312
1827.46
-955.837
-728.787
286.5
544.046
591.961
653.723
-1245.68
683.32
-1432.23
748.914
1074.22
471.231
-907.269
733.028
620.256
-504.649
1417.49
-1770.22
1503.02
267.198
275.643
1453.47
-1019.38
1504.07
186.211
-697.462
239.471
441.917
-862.16
-643.332
-1108.39
293.812
1119.87
-166.657
1289.81
-602.272
-1600.4
1098.22
1921.12
-1110.49
-810.622
-579.814
844.719
1042
421.827
-825.71
-804.671
-1121.95
-647.931
-500.727
-387.885
-1347.62
-238.561
312.485
-577.657
207.044
428.157
-830.695
218.013
-632.963
856.115
-1808.52
-846.939
195.24
174.226
-369.465
-928.107
456.475
-1098.46
895.034
1017.13
421.862
1416.35
-1528.88
700.466
276.829
782.35
1379
573.396
-1183.89
610.49
465.329
-853.688
-891.612
1880.73
-447.86
183.414
-558.355
1121.17
210.012
623.864
690.016
-201.729
-396.82
598.549
1596.42
-1008.59
-508.594
1148.17
322.683
-270.19
-52.4931
628.288
-1250.94
-841.851
332.646
509.205
-1122.84
-1621.18
781.07
877.929
648.755
723.355
201.983
312.225
144.264
-515.32
371.056
545.733
-298.331
696.961
-1180.51
536.788
403.391
-782.743
-783.432
-626.506
7.51489
1596.18
-984.264
-818.035
968.82
1529.31
-851.467
-677.84
348.073
-691.684
343.611
-540.109
1298.3
1268.89
190.199
209.227
-1053.86
743.863
680.07
-512.015
151.637
-460.782
258.445
202.337
222.14
1469.11
380.635
-736.085
647.292
964.388
-1529.17
191.56
327.839
333.603
-661.442
1189.4
-600.556
364.996
699.862
-365.788
605.709
1282.79
474.081
-935.954
461.874
540.71
533.027
-1073.74
677.847
-1423.79
895.982
-451.505
-597.097
1679.09
-587.585
1773.24
-1185.65
-627.65
261.863
1509.13
-772.506
-355.171
889.435
294.674
-910.432
-385.905
673.441
822.732
-735.426
1277.59
440.332
-896.835
456.503
-1063.16
-756.43
-763.413
-1061.38
-974.823
-714.28
598.678
-598.678
-7.66745
-730.261
534.963
-1521.14
811.372
198.946
402.108
-754.614
352.506
656.042
873.265
-1287.93
1822.89
-881.742
1659.53
-717.519
1267.76
-858.486
461.319
-244.766
1403.42
312.302
-598.187
285.885
-1070.74
608.178
-934.473
1534.83
821.286
-130.574
-461.546
846.478
418.104
448.413
-396.211
-52.2024
-1633.91
780.227
-554.698
164.955
1624.95
-874.072
1122.84
17.3119
1523.67
-648.999
-1128.38
-409.126
-556.485
-852.464
-1678.74
1052.55
505.217
-599.817
94.6006
-263.034
337.886
-751.448
1842.83
1.33693
284.959
-601.725
-1523.67
-138.998
1110.96
-683.995
-426.964
-727.284
-117.277
583.593
271.012
-749.718
-591.153
1768.68
385.74
-740.775
1813.96
349.705
-866.909
273.485
297.213
-570.698
-328.805
363.845
347.227
-1377.21
-420.226
229.482
231.836
830.838
-1105.53
453.642
1075.56
-45.3161
-580.668
1156.78
-553.454
-943.638
-438.153
-484.546
-809.464
1294.01
-612.727
83.221
241.633
-226.593
-941.532
1362.44
-420.904
-496.61
-682.277
1296.6
258.213
-519.418
261.205
618.945
1390.42
612.559
-1540.67
1168.54
-816.106
-465.353
-542.395
287.909
-334.993
47.0837
-535.339
-258.478
-12.7271
-627.405
-1197.63
736.677
460.952
-574.711
1098.46
-667.998
1392.45
-585.96
261.158
1630.14
-907.933
727.284
34.4659
-61.3166
244.913
-487.927
802.884
-525.182
915.593
635.366
1021.44
-447.608
771.352
-1370.55
672.952
-247.972
1051.51
-654.41
1154.09
-376.548
336.501
-567.626
-890.756
1598.88
751.448
1731.03
531.534
-329.318
-525.412
866.268
-491.743
845.143
619.143
375.222
-323.825
-51.3975
710.773
-1592.52
-402.973
969.975
-636.743
-841.363
-743.118
381.703
-331.502
-50.2009
-451.279
-492.55
-604.41
370.527
1087.04
-625.199
861.725
-504.841
577.042
-422.319
1305.74
-1678.95
694.682
-1797.53
609.589
-530.856
500.482
-840.881
340.399
226.627
-544.64
318.013
-763.38
387.284
-349.648
169.493
560.43
-284.442
-463.869
1162.02
1108.41
-676.725
-587.851
-460.474
385.181
-418.73
33.5494
-495.642
197.991
446.297
-198.929
-328.094
-303.633
755.904
-1066.79
474.69
937.935
1032.82
-442.104
367.987
328.805
484.292
1030.01
515.609
852.449
1068.67
815.689
-1465.26
649.572
464.971
-1259.36
681.128
-198.531
-262.25
148.031
-388.012
601.093
787.867
-595.31
-166.083
226.211
234.86
216.024
1648.71
-462.508
-728.672
-320.497
362.485
-41.9878
1157.64
-454.28
-703.362
439.455
-397.578
262.001
410.951
-574.001
494.046
-712.436
1140.59
199.453
645.905
1399.17
-1204.64
693.977
-412.598
149.668
-188.615
-674.976
607.139
514.482
-313.228
1101.48
-654.128
1119.46
-494.258
1191.93
742.324
-627.7
363.988
-39.3684
1511.27
-770.966
1654.02
-993.885
1370.55
-1230.37
258.478
-78.5524
602.528
-781.006
-779.352
-407.871
1249.06
-53.8165
-518.734
-264.499
-1190.81
-590.312
733.173
-274.505
892.331
-455.681
-357.887
176.842
234.208
582.372
-225.468
-276.179
1230.36
-591.289
-541.063
583.206
-656.727
236.437
68.6303
377.138
-328.547
-48.5902
235.947
-1078.49
766.272
281.808
-1010.48
359.333
208.823
-568.156
627.118
-245.017
693.124
-448.108
-760.978
-378.536
-1025.05
509.345
456.271
-1168.71
-865.929
340.746
-106.399
183.933
937.915
-43.2152
496.475
-1150.6
1781.1
-899.331
-53.9038
24.1191
18.984
26.7333
627.891
-475.044
112.987
-710.664
-434.541
-624.577
-497.579
768.591
-449.63
-963.06
-1206.35
-93.6368
-450.481
745.156
902.551
-421.14
165.182
-361.766
-23.4499
783.197
800.758
431.585
-327.952
372.259
-44.307
-484.148
-619.107
259.901
-637.454
296.227
694.068
-228.156
314.965
1153.87
53.1997
-518.777
646.78
-1593.6
946.822
294.327
187.75
-391.211
564.66
-365.714
225.424
-675.905
-416.297
189.364
-254.114
-221.166
921.719
757.447
199.04
317.609
-952.208
526.856
-74.0211
282.559
-742.955
-664.446
-968.727
807.638
-1220.65
-897.241
299.426
-503.473
154.271
-359.899
-428.272
888.893
-340.916
-480.923
694.842
67.1454
397.578
460.998
1154.35
-727.069
50.136
-380.93
642.792
-518.405
-628.797
732.423
-435.331
1209.82
-314.359
287.525
26.8335
1779.07
869.204
515.417
-325.218
862.376
-1428.09
-1840.37
856.321
753.481
-338.243
1603.61
510.216
116.219
-145.95
-183.275
329.224
1695.65
706.411
-1378.53
1687.11
-732.888
1036.62
-42.3768
1217
44.6425
283.796
-714.726
-251.279
-346.766
291.53
-784.08
1020.05
520.188
220.947
-652.8
-701.262
-148.021
1201.9
-244.785
-273.255
-185.842
-147.104
332.946
-1032.37
-219.783
-689.77
-609.114
-1297.34
522.369
-551.954
-1243.3
1096.94
738.164
-340.497
-78.4363
360.597
-313.999
-46.5985
1770.63
-510.03
134.593
-360.639
-76.7972
-444.992
945.807
-634.775
479.224
538.182
-622.226
-63.248
301.411
-111.809
286.591
156.125
209.798
-1154.35
-409.22
-191.398
-146.859
338.257
-757.421
-808.151
-375.735
-77.1984
-891.528
-1113.67
-1464.14
-535.888
-1464.14
1466.55
533.448
1466.55
346.766
-320.534
120.909
1034.71
724.516
1269.36
-1118.44
-463.649
-845.687
-437.011
-841.253
-245.406
659.986
-387.92
301.026
-1752.1
-446.265
24.9483
-371.324
734.873
-576.347
412.19
-657.206
-476.515
634.283
-425.46
-1114.31
-725.513
660.575
-1694.76
-772.198
-686.249
1679.67
-505.358
229.179
1056.35
-561.818
-100.946
-95.2508
-1458.77
576.278
1566.26
390.01
-1419.56
-456.455
-1398.7
256.061
-1018.37
460.095
442.455
1009.53
-863.155
-146.483
-208.278
354.761
-1292.66
-345.6
443.297
-236.253
-780.145
-423.052
-591.864
1486.9
687.638
354.769
-758.849
438.745
1116.73
-694.864
-821.605
-636.439
264.976
-645.695
-28.537
-474.957
1234.43
-862.738
1460.89
-383.841
-366.833
730.677
-392.913
-898.336
-838.933
-428.638
497.215
-349.291
-146.927
496.218
127.101
412.804
-452.768
1417.69
1572.98
-604.16
-620.13
1152.7
-969.315
260.465
-304.973
-439.084
1099.78
-529.816
-216.932
947.004
-434.787
-157.238
370.192
757.421
-1342.43
-21.7396
-456.52
-257.068
257.068
-325.554
-429.06
932.22
-615.851
1296.98
-419.654
-510.855
-1585.99
817.746
-330.095
-354.698
-1193.94
1176.9
-566.413
180.898
415.791
-892.946
-723.381
252.296
494.288
-291.951
-632.433
-474.249
-208.708
-160.129
368.836
-819.736
-156.072
-208.609
364.68
-210.452
-149.7
360.152
-279.512
35.4505
913.53
-1512.47
369.61
-190.638
201.085
-976.173
1044.61
-500.564
-683.694
-390.032
1073.73
940.309
-216.596
-155.89
372.486
-383.957
428.6
1345.69
1660.93
1282.79
-1471.87
713.022
186.11
462.971
96.6185
-353.686
443.439
-301.143
789.152
-436.646
482.956
-694.707
-606.864
-465.794
138.221
501.33
-44.9804
-461.618
-394.313
-654.104
-1576.74
772.072
-217.661
-157.942
375.603
-888.422
-512.152
1610.37
-1512.59
-863.019
1129.92
-1175.24
1599.33
1052.86
-818.797
-899.81
125.802
-613.689
1671.64
893.138
911.601
680.749
-266.655
875.887
-350.171
-285.005
-366.339
713.566
393.432
578.76
601.53
532.935
-341.375
737.251
321.551
1577.92
1388.31
-450.399
316.635
-365.408
-680.741
-20.9886
144.715
-883.075
366.835
-796.516
945.075
828.161
236.437
-261.627
478.704
269.119
-578.733
783.915
212.655
216.98
198.273
1559.71
48.3656
905.705
-954.071
474.842
-402.936
181.686
-1099.57
474.991
55.619
819.978
908.423
-183.384
-187.335
-380.821
-362.139
-503.79
-609.904
252.017
-929.466
461.343
-468.085
-348.746
57.8781
761.353
-456.609
880.544
-92.099
-466.04
574.707
886.185
354.763
-181.316
275.115
932.169
602.663
53.3444
306.072
264.91
-1222.43
465.794
-888.812
586.458
302.354
1688.72
-430.036
-324.295
272.447
-403.85
977.268
118.594
336.655
1220.67
1514.59
-650.555
-679.688
695.12
-298.303
833.578
-535.274
-680.872
660.15
-386.672
822.738
378.969
610.25
-371.654
-1345.83
1038.72
-253.011
1857.44
-681.014
202.491
529.447
-195.111
697.544
-316.571
243.442
-1100.09
424.441
-1356.57
1339.45
406.469
-222.26
-156.03
378.29
-783.949
-1623.47
-912.042
174.042
43.4917
-619.777
1006.54
1190.81
-660.266
-746.411
-668.419
553.929
498.676
515.322
-1215.6
931.468
-252.11
1174.83
-527.674
777.42
-1289.42
1098.67
-90.643
327.08
-601.729
1384.93
224.222
-623.781
-905.392
387.286
1196.72
210.716
211.4
34.5322
-949.185
907.603
-971.966
-246.081
305.916
755.366
709.215
1151.76
351.306
-661.434
-330.652
-314.878
-290.21
-718.601
-453.488
549.229
-389.563
-28.2451
83.4652
-43.9599
-747.934
302.943
-1322.59
287.007
482.053
676.179
-1158.23
-1095.28
-357.728
-391.484
-1009.53
-1135.91
-1515.62
616.508
-315.057
-1103.8
-367.991
-378.295
782.02
390.076
-1084.94
-51.8476
345.389
288.662
272.636
603.485
-1009.81
323.971
-427.071
364.219
-218.971
-400.948
-200.988
-1522.12
287.906
-1508.57
-1457.74
-218.094
1082.77
32.0498
-441.538
1046.14
-530.536
-670.817
1117.11
813.18
366.425
-769.398
670.18
-262.293
-383.402
-410.8
-556.112
1040.4
364.78
-193.422
-171.357
-328.926
-795.718
-403.373
1199.09
1914.42
58.2606
372.636
177.632
-533.974
-306.907
275.408
338.241
-133.902
-204.338
-380.209
165.521
-391.305
441.441
-400.956
767.381
638.688
454.947
-420.414
-353.43
-96.447
-906.442
365.404
-238.049
-772.509
638.49
502.321
1162.19
1019.88
-1149.03
797.906
-542.478
-105.425
1545.24
-573.122
1099.98
-338.502
1648.17
-113.611
-221.382
338.125
921.253
415.903
-1371.74
-328.813
-1424.21
1314.75
-634.004
707.889
-1344.58
675.499
363.809
-441.862
-623.162
-543.936
491.205
-203.774
-984.543
-832.068
298.094
1114.63
1511.09
1003.49
226.092
473.248
37.2947
445.081
522.632
969.981
560.824
-324.877
-294.148
1523.8
-176.143
888.215
-1353.74
955.969
442.137
-606.464
-190.624
-490.247
329.291
-590.599
1131.07
541.629
-315.418
310.251
433.873
-306.772
242.545
-431.291
-125.969
-799.451
343.603
-600.838
-492.863
417.087
-1013.09
197.838
1005.59
507.873
793.738
358.403
-242.589
-407.97
1530.84
-744.826
-477.604
19.0506
-738.371
1157.55
-1708.89
1165.83
-197.622
1323.62
301.158
-356.935
-174.256
585.206
-339.322
464.306
1517.21
-148.152
324.028
-539.649
1391.81
-1184.1
-1316.51
420.205
401.001
-965.895
130.514
-358.309
347.757
-376.725
464.218
1059.58
-562.325
-566.043
1203.64
-1196.37
508.45
320.508
-1189.72
-1271.96
-245.896
84.6554
-482.95
311.619
-752.317
295.862
-49.0596
-608.585
417.961
-373.551
264.403
-154.206
-899.652
-472.146
-359.978
1117.32
-380.601
-296.982
287.014
400.499
428.46
-535.131
267.036
1632.57
-1575.08
-310.615
532.352
-90.4851
-717.117
292.16
59.8349
-1096.05
-425.09
-876.157
248.457
973.665
-331.14
-958.284
-331.626
-13.1199
204.085
-707.154
770.028
-697.986
490.234
-165.647
-234.985
400.633
-326.426
52.7091
-352.837
973.666
998.855
-405.807
187.316
171.087
-651.2
231.262
501.444
-540.758
1080.2
229.081
-380.201
1118.97
-627.766
-274.384
293.886
143.739
-1671.52
366.32
1328.23
188.995
75.8874
8.91336
-427.898
191.381
1473.89
172.452
-801.422
427.202
-1532.94
1544.33
274.872
-158.535
-439.017
-188.982
1107.28
156.107
-289.283
302.226
-327.35
648.901
643.415
294.613
-628.419
-976.813
184.462
-163.571
586.491
-331.206
655.234
331.996
310.797
-765.552
1187.85
51.254
350.095
-480.506
770.093
319.027
718.352
352.184
107.299
-625.522
911.321
315.172
-449.374
278.747
258.04
-945.168
-203.857
24.451
-147.644
1500.75
-289.948
1330.48
-193.19
349.297
328.978
-1136.35
415.683
-809
359.626
-334.496
-676.313
1021.08
655.8
-487.486
-749.833
239.804
387.238
273.918
-325.371
-152.318
343.699
-558.353
-984.876
692.832
181.27
-607.863
-166.837
-760.266
-453.971
-117.98
-847.915
-151.249
1051.06
507.226
1718.11
-621.17
-83.7506
410.062
-655.487
-174.461
-160.035
-497.915
-132.713
-1464.42
424.978
-223.681
-296.466
-451.333
749.427
338.011
544.653
599.669
-302.307
564.671
210.214
996.447
-798.137
1287.71
588.057
387.098
-311.211
-544.392
-35.5479
-430.492
-1009.51
35.704
-370.35
-381.672
58.3348
-345.508
-784.066
97.5862
-1.54479
119.391
1111.57
-539.763
-125.868
804.149
278.408
-355.301
-977.718
626.617
-371.864
281.814
804.013
332.953
33.1994
-427.926
-252.974
1442.5
484.22
247.556
-97.9426
1209.51
-200.113
-173.437
374.347
-847.204
-219.776
200.24
158.069
-329.427
1380.32
-495.783
-169.987
-142.849
61.9912
14.7232
-175.814
161.091
-25.9396
27.1482
-1.20868
-343.284
229.697
113.587
335.315
-47.9513
-287.363
-197.547
241.69
-44.143
-7.11003
187.553
-180.443
-5.74591
-10.8288
16.5747
75.422
-39.2563
-36.1657
224.429
-209.706
42.0811
-239.628
256.566
-148.444
-108.122
388.48
-401.211
12.7307
26.1869
-17.1784
-9.00854
201.179
55.3871
-230.687
306.182
-75.4944
-94.3857
100.339
-5.95376
433.091
-174.37
-258.721
-236.936
123.193
113.744
-53.3057
149.648
-96.3423
371.622
18.3257
-389.948
-482.644
459.622
23.0219
-22.0535
-60.4442
82.4977
-20.7162
-0.645478
21.3617
-143.674
136.564
62.0731
282.414
-344.487
-230.531
-2.24209
232.773
276.801
-409.35
132.549
-51.4502
255.286
-203.836
-5.43457
-7.98384
13.4184
114.46
72.9782
-187.438
-5.97375
6.69063
-0.716882
-5.96892
6.68647
-0.717553
-5.96959
6.68784
-0.718242
-5.92264
6.67928
-0.756635
5.91476
-6.65706
0.742298
-5.92262
6.67886
-0.756234
-275.784
224.334
-32.2181
215.178
-182.96
-39.7184
27.4887
12.2297
181.385
251.706
-347.809
309.027
38.7824
-9.09263
3.65806
-18.1191
-0.944987
19.0641
37.3588
127.247
-164.606
24.079
51.343
379.729
-317.656
90.7481
-294.148
203.4
260.413
-270.86
10.4468
126.805
-162.752
35.9468
-4.15006
34.0166
-29.8665
234.119
-196.76
127.696
64.4948
-192.191
-133.809
-132.032
265.841
-12.9744
-12.9652
144.07
-176.288
56.7712
67.996
-124.767
283.285
59.1898
-342.475
24.4838
-30.2297
52.9165
-73.6206
20.7041
-24.2354
-15.4829
-128.08
33.6946
-6.27278
5.23139
1.04139
291.54
-31.1275
81.2401
-79.6603
-1.57983
4.2449
-155.918
151.674
356.991
14.6304
-13.1078
13.1078
-294.204
-13.2608
307.465
21.4352
14.4778
-35.9129
-13.481
-0.419521
13.9005
-249.896
-126.242
376.138
-266.581
35.8938
333.549
1.76568
13.3008
0.582527
-13.8833
13.4279
0.47918
-13.9071
13.297
0.577336
-13.8743
13.2983
0.576351
-13.8746
13.5321
0.482558
-14.0147
13.428
0.478596
-13.9065
-19.2168
1.09771
-3.68668
-17.0296
31.5825
123.482
-155.065
1.00997
18.0465
-19.0565
-248.844
115.035
177.318
-173.073
-24.7999
-172.489
197.289
-157.306
188.888
384.861
-108.06
12.0015
1.76941
-13.7709
-95.2086
-141.728
4.99433
-4.44343
-0.550902
-444.678
306.472
138.206
-273.921
225.969
285.432
-262.928
-22.5041
-211.978
302.726
-51.9358
371.904
-319.968
-212.441
260.489
-48.0473
-290.058
124.34
165.719
-283.124
-60.16
-6.74081
7.58644
-0.845631
-7.22887
1.25513
6.90524
-0.990482
-7.2283
1.25938
-7.23254
1.26294
-6.97088
1.04823
-6.96851
1.04589
-238.502
306.846
-68.3441
-103.561
231.257
-174.939
326.811
-151.872
186.473
-402.158
215.686
441.069
-172.114
-268.954
3.95487
-3.94015
-0.0147232
42.4094
346.071
-139.596
166.839
-27.2429
51.3667
117.61
-168.976
11.1592
-2.67875
60.2815
-57.6028
-133.61
-29.8928
163.502
14.5723
319.936
-133.464
-69.7609
121.128
15.3401
-16.5376
1.19752
-7.41359
0.672788
208.127
-231.958
23.8312
-5.83146
-0.441315
133.179
-76.4079
4.0167
0.977631
-3.38866
0.551029
2.83763
11.8708
121.308
-217.975
293.145
-75.1701
152.511
-53.0106
-99.5003
20.7565
-5.41646
-196.482
364.859
-168.377
157.748
283.32
40.387
40.8531
78.0074
-131.313
-427.749
375.813
-334.775
170.128
164.646
162.689
-123.901
-38.7889
-144.514
-25.1201
169.634
79.8079
-79.8079
-238.502
205.673
-337.705
-2.4194
120.029
-1.96278
23.398
-6.18061
6.91392
-0.733314
-6.29603
7.0259
-0.729874
-6.18042
6.91385
-0.733434
-6.04818
6.80531
-0.757131
-6.29567
7.0276
-0.731931
-6.29671
7.02856
-0.73185
-7.21531
17.3509
-349.767
332.416
-60.9065
-18.7538
198.002
-252.202
54.2005
-96.6702
74.6167
263.617
-288.417
-28.5903
-27.608
56.1983
0.00504124
-40.9758
40.9708
-327.543
-20.266
259.866
141.059
-400.925
-2.14537
81.9532
304.94
-21.6542
101.122
-297.605
-418.84
168.944
14.7073
12.4409
243.717
75.0288
-318.745
104.645
-394.234
289.589
80.7013
-292.68
-392.365
66.4898
325.876
10.736
-95.7842
339.501
-7.55587
32.0397
-3.57599
0.187332
37.4742
250.922
-288.396
17.1124
9.07453
-16.1171
-279.514
295.631
-11.9899
-1.11796
225.239
-391.303
166.063
-35.3739
-224.022
-130.082
-254.868
42.4265
6.12664
-6.86196
0.735315
-259.739
-109.726
1.25188
2.70299
-57.9888
-119.29
177.279
158.226
-43.7663
-2.74656
72.541
-69.7944
-94.4523
162.448
-30.7706
-26.5494
57.3199
-19.6916
0.280919
19.4107
-146.069
-263.281
142.981
21.4705
-164.452
-325.543
-157.102
-144.529
81.079
63.4501
217.004
-8.87701
-319.928
144.989
-33.6761
236.196
-202.52
-358.231
183.861
-147.314
-10.0049
157.319
-118.355
-50.6209
-48.0643
10.2224
37.8419
-289.037
221.929
67.1086
44.7563
-184.352
38.7105
-41.457
-49.4349
41.879
102.949
22.4159
-125.365
-278.736
-18.3407
297.076
-220.989
163.378
57.6103
54.1866
-152.367
18.7576
-144.867
3.13511
141.732
277.035
-196.334
-226.314
74.752
151.562
219.974
-92.7267
-174.441
-183.79
16.3323
-146.793
130.461
-133.119
-218.948
30.0879
188.86
-184.456
157.463
26.9922
15.8092
136.702
-308.855
45.6025
263.253
-278.198
60.2234
-95.9625
112.295
-10.9673
-37.097
-2.4195
2.4195
-211.531
-37.3128
105.552
-2.60309
-3.66224
-9.31212
52.1921
-63.1594
-235.275
300.259
-64.9835
57.87
-20.6225
5.76548
14.8571
9.70115
56.8993
-66.6005
0.0865022
215.092
66.8592
-317.083
250.224
-13.3266
-36.1083
40.7772
146.776
-12.8803
-171.575
54.3165
-67.6431
24.9298
-154.444
-11.1048
165.548
227.476
7.15218
-234.628
1.63906
-1.65132
0.0122602
-26.9142
59.7833
-63.9333
279.648
9.97158
-289.62
12.97
-20.9538
-238.502
0.522393
3.37305
-3.89545
-31.8709
-80.3637
112.235
-174.995
121.985
32.4439
-36.1305
-7.52924
-27.2189
-229.311
256.53
73.5025
-73.4975
27.1089
-20.8854
-6.22351
309.343
-49.4766
-173.368
197.199
7.15101
-0.773655
-6.37736
71.0579
-18.1414
265.739
-231.855
-33.8836
-7.2484
0.019527
-7.24739
0.019098
-8.18232
8.41537
-0.233049
7.38082
-0.47558
-8.32851
8.54769
-0.219177
-8.325
8.51391
-0.188907
-7.25285
0.0203126
-7.41752
0.44665
-8.18239
8.41542
-0.233024
-7.41649
0.447977
-8.32126
8.53068
-0.209421
8.61303
-8.3434
-0.269634
-8.18495
8.41713
-0.23218
88.5781
50.5808
229.696
-280.277
-14.4778
11.4842
2.99361
174.356
7.22738
-181.584
19.5249
366.683
-262.039
218.311
-57.9991
-160.312
193.701
133.11
-33.9812
-220.356
254.337
-21.906
-286.949
-86.8026
-57.7265
235.935
-1.81672
-40.7592
2.81086
125.522
-31.7371
-26.9043
58.6414
323.664
133.759
-457.423
-319.208
95.1861
-46.5725
15.8019
-24.8236
177.668
-152.845
247.5
-4.50255
44.797
-40.2945
7.85502
43.6132
-51.4682
-244.06
71.5709
89.7288
10.6106
-32.2875
-99.3082
131.596
-152.789
34.4342
-381.425
244.467
136.958
250.866
-52.8648
79.3432
-409.016
329.673
76.6234
-336.363
45.1344
-12.6906
248.136
-226.665
-182.485
37.971
2.33299
-2.33299
88.1035
-112.927
251.431
28.2175
32.8279
245.338
-278.166
203.049
-236.725
125.906
0.899747
325.349
-258.49
0.814965
-17.9933
-0.26258
-192.279
-97.7789
231.079
-258.298
-6.93182
-14.9414
21.8732
-3.34883
64.5748
-61.226
-1.15076
-18.5408
-359.532
376.883
-28.3412
88.1245
3.83133
-6.44462
2.61329
-0.229458
-30.7464
30.9759
-261.97
-18.4001
280.37
2.57234
12.2756
-14.8479
74.8046
384.818
-104.23
312.59
-208.36
221.932
-326.162
31.4081
-28.8358
241.873
-254.754
-59.6465
406.185
-346.538
-100.188
134.185
-33.9972
55.1737
-55.4031
40.3196
-37.1064
-3.21323
-19.6815
11.5392
8.14232
-6.00505
95.7339
-9.51563
-6.83941
16.355
-70.8621
-98.8945
169.757
2.61432
-7.05776
-302.339
381.682
351.903
-97.9072
-253.996
-198.303
-246.375
-118.675
-26.1922
321.858
-34.0685
-287.789
-428.581
15.4273
-172.733
-110.364
240.196
-129.832
219.474
-249.361
29.8873
-8.89052
-279.802
288.692
49.7255
33.4107
-83.1363
28.5788
-183.022
64.5028
-69.0054
-155.067
85.3058
3.51037
-222.458
6.1036
49.1905
-55.2941
142.069
-105.078
-6.08919
5.6331
0.456093
-6.08867
5.61418
0.47449
6.05793
-5.61278
-0.445145
-6.0901
5.61441
0.475696
-7.12523
5.3022
1.82303
-6.08111
5.63089
0.450221
-6.08058
5.6312
0.449377
-2.20295
17.7927
-15.5898
-37.5671
38.5771
-117.821
210.749
-92.9273
-75.5345
43.6636
201.263
-226.383
18.6166
297.203
-315.819
-43.1058
14.5155
8.5583
-4.5416
243.232
-214.168
-29.0635
321.71
-381.356
-121.815
-198.09
319.905
178.207
194.171
24.1399
-29.013
38.7141
310.463
-300.492
255.488
-36.0146
-31.4635
359.332
10.3764
2.73147
-33.02
-9.59829
42.6183
187.785
-198.89
-46.1342
-27.4864
-20.7471
274.766
-254.019
-13.481
414.333
-256.584
-213.325
82.4667
130.858
142.154
-259.975
-206.341
27.6614
-0.55255
-36.0054
-165.444
201.45
15.2467
31.0638
-46.3105
-18.382
6.92353
11.4585
13.3008
13.4279
13.428
13.2983
13.5321
13.297
12.1144
-205.749
179.387
26.3615
228.837
164.946
141.235
76.2198
-26.4943
-148.715
77.8524
326.14
-293.313
337.836
-141.82
335.521
478.827
-356.71
-122.118
0.133982
-44.8375
-181.476
38.7512
1.56838
192.583
-202.587
94.1122
-189.321
-124.563
126.454
-1.89043
319.748
-110.224
-209.523
345.345
10.6498
-355.995
-176.353
2.98537
-108.463
80.1222
312.819
75.5823
179.704
2.58779
-2.58779
306.468
-100.795
-213.925
220.063
-56.6842
-175.186
182.413
-291.603
13.3632
278.239
-0.301786
-18.0802
84.3845
-11.8435
-96.9676
-58.0991
16.5726
-185.467
168.895
82.1977
-25.2983
307.956
-290.624
-17.3312
-250.058
-267.1
14.1585
252.942
22.2029
-284.173
-305.439
375.771
-70.3323
-282.838
3.32442
-62.6982
369.17
324.048
-273.467
-458.678
374.596
84.0815
-201.259
251.908
-50.6491
205.687
103.656
-170.9
186.328
20.2127
364.838
-385.05
190.706
-84.7646
-105.942
0.806864
0.832197
-4.18536
8.01668
277.745
42.0027
-15.9225
49.7113
-33.7889
-41.8689
34.9371
-36.8064
52.0531
-10.8531
-6.25311
17.1062
-6.67061
-13.0109
0.98254
-232.654
231.671
-164.698
6.90416
-1.67277
6.1498
-13.2037
7.05391
44.3664
-8.09841
-36.268
71.6199
-17.3034
-5.13724
350.483
223.506
-150.528
66.6674
-14.4753
-157.331
-224.093
306.302
78.5598
70.819
-342.068
271.249
373.776
-387.037
134.635
-38.0178
-96.6174
288.829
-307.229
-55.6587
-7.03158
62.6903
-94.3043
54.2771
40.0272
35.6922
-1.67565
-265.614
231.633
288.459
19.4964
-417.721
339.027
78.6937
20.561
-4.59996
371.283
-4.83665
-262.264
292.757
40.792
-136.196
-172.919
309.115
-108.654
432.317
-260.474
70.4482
-10.1667
-52.0531
-27.7547
76.025
-20.3686
-155.445
-147.957
21.7326
126.224
-24.7258
-0.0865076
3.11276
5.44554
117.979
159.766
11.3765
50.46
-17.3891
-33.0709
12.6202
-15.5421
2.92194
19.6311
-1.58453
-172.645
-97.0899
178.054
-80.9637
-202.019
-120.004
322.024
7.64852
-0.0620836
202.114
-58.0438
247.465
-306.645
59.1798
-190.701
-267.976
-0.599129
0.598276
0.597732
0.598167
0.597804
0.601436
371.617
-305.128
48.612
-9.90153
425.174
-370.988
139.45
-151.044
11.5943
54.1574
264.899
-35.2033
-297.69
255.507
-254.525
7.26
-251.885
233.544
431.297
-270.033
284.191
187.935
-76.8212
-111.114
11.9899
1.8312
-13.8211
36.5425
-39.8913
-228.515
14.3472
188.3
0.588212
1.49751
-0.10673
-1.39078
268.955
-8.46628
56.3873
-366.318
16.5503
-27.993
-13.0491
41.0421
-299.014
368.137
-69.1237
5.02795
-112.48
48.4862
290.608
-339.094
-10.3307
-429.044
27.833
-226.024
24.7651
315.117
-10.0013
0.48567
4.34331
13.6321
-17.9754
391.048
-370.835
-115.032
35.0521
79.9799
-44.0067
33.2067
10.8001
15.2627
-139.826
-367.429
128.155
239.274
282.152
-5.70143
-5.7135
-5.70182
-5.56563
-5.71931
-5.71938
-50.3362
325.733
-275.397
-97.0313
-65.7208
-12.5823
11.8086
-3.86268
35.2708
7.40168
279.115
-329.451
-18.9699
-39.9743
33.6552
6.31909
-203.723
-24.7922
-13.51
-79.1534
51.5455
-180.074
28.9384
151.135
-29.7169
215.495
-185.779
364.255
-287.73
-76.5249
-8.01572
-1.07691
-78.2789
62.3565
-176.98
236.715
-59.7344
-299.034
0.0208625
-12.6336
12.6336
12.6202
56.068
14.3802
268.471
-164.112
44.8215
-63.1418
55.0434
-246.997
438.167
-393.095
-45.0721
17.5428
27.9939
-37.0024
19.4656
-183.918
5.70712
-483.574
374.92
-28.2533
-267.253
295.507
-163.732
130.63
33.1023
-312.052
190.237
43.5016
-52.657
9.15538
-47.0032
294.468
131.964
-137.969
16.0464
43.4109
-59.4573
-61.5459
51.9476
-25.3303
33.1853
-83.6373
57.088
-237.425
308.244
278.422
-340.421
61.9992
38.7412
11.7188
164.789
249.544
-67.106
49.7169
9.74349
24.2093
-33.9528
-0.202934
-128.286
28.0983
-109.156
-19.1301
-111.848
388.052
-339.566
-95.8564
319.415
-104.77
-100.978
65.9027
-22.2895
-43.2893
-139.196
-235.939
376.998
6.51004
8.81451
45.5432
-54.3577
-389.912
402.642
7.47157
40.4205
-47.892
-282.303
134.284
148.018
296.524
-52.0566
-5.99264
-1.25476
-5.9926
-1.25581
-5.88865
-1.3642
-6.03943
-2.14552
-6.03903
-2.14336
-6.0371
-2.14522
44.0403
-3.43181
-26.4206
341.105
-62.6834
59.821
-28.7572
-349.611
285.296
-184.174
-216.217
93.0623
-151.061
424.027
-6.73304
-6.47067
-14.8359
-29.1708
-94.3043
15.7394
293.287
26.9657
-136.122
6.984
-32.3143
-8.71598
15.7699
-7.48275
14.4668
336.22
-130.533
-61.6915
155.804
-415.72
56.1883
-279.836
231.789
265.631
9.13522
89.7685
-16.266
-232.186
-135.243
50.0378
-19.4297
-30.6081
15.3281
-24.5933
9.26518
1.42133
-22.3067
9.23306
-49.1375
212.405
-163.267
9.90954
39.1194
-49.029
-12.4814
14.0853
-1.60388
2.03444
5.98224
-354.239
-47.6858
-163.845
-77.6151
218.371
-211.219
26.3067
-8.79122
-17.5155
29.8367
125.389
65.3175
119.4
112.394
-348.333
209.171
-258.309
-2.7741
32.883
-30.1089
-209.382
-29.9671
239.349
33.0463
-25.5747
22.7134
-32.4085
-9.26839
26.3808
-0.038961
11.9633
-11.9244
238.144
-285.148
-174.877
35.6808
38.6512
-143.816
338.176
-194.36
66.9472
-10.8792
116.251
-282.724
166.473
-69.9641
92.0345
-22.0704
310.51
41.3927
34.1188
-14.0253
47.6805
-0.22107
35.1244
233.83
-3.6725
-215.265
218.937
-215.923
18.6219
197.302
232.246
13.0919
65.7118
-22.3009
-159.06
-21.0139
212.844
-209.334
10.4643
121.499
-29.5969
52.0446
-8.54296
349.888
33.4534
-383.341
150.313
-87.1708
-63.1418
73.8801
-9.30533
12.23
-13.7856
1.55559
-20.2432
84.746
-170.921
-42.4039
12.8822
-19.6152
36.0046
19.6289
-55.6335
-41.3299
-178.971
220.301
-24.1005
46.5418
-22.4413
-61.3934
-12.1041
-178.801
169.286
9.5154
-325.552
127.461
-14.0392
18.1876
-4.14839
-109.856
15.5513
11.3775
-135.278
-8.23804
46.8151
48.7827
-3.98564
117.276
-100.704
65.0777
-9.90409
63.4924
-44.5545
-18.9379
205.895
11.109
-118.215
59.756
-10.5655
20.0536
58.8363
-13.2931
-74.3445
13.438
306.098
-64.2242
7.08149
10.0247
-32.7933
-18.6749
51.6032
-11.1828
163.499
-164.873
1.37338
-24.8318
16.1158
7.63252
241.785
-38.7353
22.402
-20.9375
-1.4645
-49.2705
-8.33228
-105.217
-245.697
350.914
19.8043
267.735
-213.535
244.968
-271.389
-0.5367
12.4467
-11.91
-8.00475
266.619
-18.4832
-209.935
-26.7905
-76.6413
-31.8221
-9.8892
-208.857
218.746
-2.78656
78.5081
41.612
14.5863
-99.4387
-133.117
232.555
-0.101647
17.8944
-3.28332
5.31776
-20.7702
86.1806
214.078
-205.721
-49.0327
58.4923
-97.2812
196.48
-2.30873
-31.9203
-13.5705
45.4908
-59.8548
-9.93967
-335.894
-67.1887
403.082
-33.9738
275.02
-241.046
-26.4397
-15.8743
42.314
150.728
-352.748
-34.7719
-9.21444
43.9864
-30.4322
-14.3165
44.7487
-110.322
29.9584
-52.0287
-9.19726
258.412
189.538
-290.966
-0.636812
18.3143
-164.756
146.442
-1.91512
-0.417875
151.641
-148.506
178.983
51.8483
-230.831
-250.546
-140.756
-41.8022
-25.3038
-28.3915
0.398491
-117.385
9.01243
20.6877
-29.7001
-60.4747
298.619
5.55379
-45.8486
-9.55447
199.451
-203.123
11.565
-13.5909
2.02587
-390.188
-0.0804003
-0.0872513
0.0943379
-0.0874148
-0.263428
-0.0884283
-0.0881728
-206.012
-3.69397
-178.266
136.936
-42.297
295.239
331.348
-52.233
163.269
10.4956
-173.765
143.832
-79.2933
323.998
-26.7956
-51.518
-11.6239
106.063
-4.51867
-11.0235
225.438
-26.3734
-196.085
-3.98716
-222.037
322.373
-11.9097
4.50331
36.0636
-45.0257
-10.2684
0.989134
0.916669
0.988567
0.921216
0.921326
0.988805
-293.381
-36.07
-276.989
-3.75476
280.744
-4.52438
16.7544
10.2217
-290.058
179.601
-320.361
140.759
-191.221
16.0352
34.9429
189.395
-1.60951
16.029
-142.744
126.715
-294.12
-21.6997
59.8445
-23.84
-190.768
190.675
0.093483
-51.1333
-12.026
296.953
-180.702
15.3945
-41.8341
-226.355
-0.0278062
142.08
21.7693
112.416
-6.11188
-0.750078
-46.4772
-15.0686
-15.6955
-29.3664
-85.6656
-43.9702
-22.6303
-295.143
-5.34831
-19.5029
129.973
-135.142
5.16951
330.83
-4.6892
-11.9414
-56.4973
-22.6561
-49.9219
-19.0835
-18.2547
24.0202
68.7115
-13.6681
-247.35
-153.575
-47.2085
68.131
-20.9224
-65.4983
-12.7807
22.1845
166.305
-188.489
116.322
190.146
-39.232
8.79985
59.4218
164.084
14.4038
34.2082
319.111
-388.234
9.62246
-40.2693
8.34904
-7.70293
-33.0563
363.316
207.921
142.904
8.73741
-5.85461
-24.6877
30.5424
-75.2802
29.9234
61.5251
-19.913
129.876
110.32
46.9318
48.9046
-95.8364
6.5775
-291.301
-2.0116
325.275
-1.22687
-208.114
5.52684
16.969
-47.1178
38.3266
-91.4202
-6.34444
97.7646
-191.244
5.77634
-13.4709
28.799
163.358
5.53656
197.66
-205.22
7.55942
-59.1678
-180.385
9.48491
212.16
-152.739
6.42702
179.901
-125.113
180.726
15.7546
30.6173
63.4954
-65.6408
-207.954
144.363
63.5915
12.7655
-4.16665
87.2813
-83.1146
166.402
-12.2066
23.7458
5.37318
-267.637
-17.2445
-15.0698
57.5259
319.357
245.152
167.137
10.1804
-14.0392
4.77242
169.679
-180.531
10.8519
-10.2444
-28.8448
39.0892
-6.25655
-10.2811
0.67577
-12.4814
18.1876
296.692
-7.86332
-13.4272
-13.4326
-13.4309
13.4553
-13.425
-13.4244
-12.1916
-284.877
-157.731
240.198
188.768
-218.485
62.6475
125.288
17.6177
-292.937
300.928
-7.99042
126.22
213.17
-339.39
35.6863
9.86798
-24.6276
-3.38085
258.888
11.146
-13.1999
2.05396
96.4237
161.6
28.69
155.115
-183.805
-0.153816
-14.472
45.3748
-38.8941
-6.48072
-61.6502
-21.9871
273.535
57.8124
-23.2844
-87.0377
363.649
-117.184
-246.465
-388.637
359.546
29.0914
31.2197
-23.0773
5.96886
-54.3307
127.565
-73.2341
-289.954
-49.1392
93.1045
8.2675
-109.856
363.487
-430.676
-16.4213
17.3461
-0.924863
10.7058
166.963
-15.8228
217.558
-246.621
15.3932
222.573
-339.982
117.409
97.9326
-152.263
-274.479
4.44616
-5.19629
-25.5787
30.775
-35.4787
55.283
-30.4764
13.8661
16.6102
276.016
8.17484
-122.138
-193.436
315.574
18.8004
-12.8316
125.702
-255.535
-28.3484
269.106
3.03649
-272.142
-237.659
304.537
-66.8773
-127.405
307.007
10.5471
-12.1457
4.66297
6.41684
197.13
-338.95
38.0826
-135.172
-12.4164
94.3697
-81.9532
31.17
206.542
-237.712
-264.781
-192.642
163.27
-39.7878
258.355
-233.59
-1.19768
29.0533
53.1444
-289.884
-120.965
-208.457
329.421
394.714
5.09397
-399.808
-397.419
420.441
-202.48
328.7
-148.799
-217.519
54.2771
258.022
-132.319
5.59494
1.45163
100.607
-5.76674
14.9998
192.291
9.15887
56.0591
14.9987
-39.8572
-168.097
-156.617
-6.82601
45.9454
-21.8522
300.291
6.38135
-154.825
64.5321
-8.47294
11.7723
170.076
-244.176
74.0998
-6.8219
311.46
-121.314
-7.33218
-4.81354
-134.517
-9.15751
-349.306
386.296
-36.9903
404.423
-348.303
-56.12
415.705
15.5915
-148.771
139.324
9.44712
-6.41542
0.03806
-165.027
48.0494
-66.7243
-25.7656
-36.8064
-0.484938
-40.4909
0.880515
45.4483
-64.878
22.318
-367.59
188.759
-395.1
177.145
-221.343
44.1971
13.4553
-13.4309
-13.425
-13.4244
-12.1916
-13.4326
-13.4272
131.137
-35.9129
-42.1454
40.1826
223.265
-304.255
80.9904
-73.7132
51.4237
7.75001
218.979
-226.729
184.104
-155.414
305.918
97.1646
427.034
12.4787
59.1412
-232.322
-3.07174
9.05398
-250.019
0.00760986
-41.7155
12.5447
8.78792
-13.2651
-87.8658
63.2381
-121.805
25.831
2.15811
11.0139
-13.172
2.36672
341.424
-118.851
10.0502
56.6172
-23.7197
223.115
41.6042
-264.719
-197.554
11.7758
228.332
18.4488
65.9357
-197.08
91.3934
105.686
54.935
-80.2387
120.858
131.05
180.113
122.43
-141.4
382.719
-218.32
-3.71617
112.207
-231.631
368.588
-324.618
-323.874
130.438
-335.531
391.719
397.398
-339.872
-126.812
-79.2852
97.9524
-120.023
13.301
-78.4407
351.592
-273.151
227.503
-224.865
-2.63838
-75.6286
11.2799
24.6458
-35.9257
141.085
-179.783
38.6973
-11.9497
129.45
159.009
-298.134
-399.291
320.851
-81.1807
58.5504
22.2111
-317.889
295.678
-106.164
-9.5905
392.059
-72.6444
12.3674
27.5039
-39.8713
-80.4504
58.1496
-51.9644
229.11
106.071
-2.30244
-207.031
-80.8906
-116.189
-85.8776
63.2215
-144.846
271.27
-48.1557
256.108
-38.5501
145.622
183.602
81.4654
-93.8819
-139.221
-143.081
-291.953
60.3228
91.7221
-107.988
62.0518
310.688
-372.74
162.723
82.5232
-245.246
290.253
-66.9884
32.3814
30.2054
-121.626
4.09436
-263.828
241.324
24.6586
-12.2912
94.3697
-126.967
202.549
-83.6195
62.6971
-160.723
-26.7152
3.146
224.357
-259.058
30.5377
228.52
-79.9013
60.9634
291.965
-14.3878
-277.578
77.4233
10.7427
23.4424
-34.185
-179.142
20.0826
146.626
188.895
-84.6616
65.5781
-13.5843
104.157
121.232
-225.388
230.877
40.3932
-23.0162
91.8234
-103.927
304.357
-78.5388
63.4702
127.879
45.169
-173.048
-222.224
-83.8228
68.1272
-31.7424
-45.4853
77.2277
75.0793
-271.833
294.044
-76.5395
63.2464
-125.717
130.744
19.6391
-8.07413
88.1183
-98.9975
65.4749
-77.0988
-220.464
-135.855
104.033
-84.2474
70.5793
-177.249
-78.7656
66.7396
65.7084
-76.2739
-71.2294
60.0466
-5.9621
-6.62017
-14.3977
24.9448
-101.562
82.8082
185.326
149.118
-334.445
-91.1178
81.8125
60.8327
243.704
-73.5926
63.3243
-75.0338
65.4793
338.526
-141.396
79.247
-88.4443
-168.264
-29.2902
-13.9112
105.85
-72.4397
-3.39005
-189.51
145.396
44.1146
341.895
-392.096
-156.661
76.9525
-87.1193
-16.0726
291.965
17.7208
-281.002
-90.6244
80.6848
118.139
-79.4459
69.5418
-26.9093
78.4548
-74.6505
66.1076
-49.4393
280.317
-88.8411
63.5428
386.012
-37.7283
237.663
-199.935
167.422
110.667
-249.002
138.335
-93.4011
61.6586
-76.7861
68.4539
-24.7267
280.016
95.7551
49.1237
-10.4096
26.0638
-7.87611
47.1989
-88.301
61.3916
195.995
95.5449
-211.018
162.554
48.4636
-179.785
-88.5695
-96.2703
187.664
168.815
58.7882
-227.603
3.82853
-89.5117
67.5246
-243.381
-168.101
-105.385
-72.4587
177.843
258.432
81.6066
-19.4682
-62.1384
11.7597
-102.703
122.227
207.141
-191.386
-188.684
204.719
-310.131
152.8
-90.6015
70.3583
119.127
138.895
-61.6314
261.82
-3.46456
246.132
-189.597
206.566
-30.4041
225.561
-335.785
-244.023
192.059
-229.594
-3.99578
-144.712
154.16
7.41605
-180.489
-286.22
209.843
154.087
-250.898
96.8116
-86.8477
69.5444
-191.967
201.126
40.7372
188.373
231.899
383.237
-135.723
200.952
-200.952
312.905
-15.2345
10.6929
32.2632
90.5227
-139.078
305.552
-81.6252
67.1499
387.128
-369.407
55.1979
-259.167
203.969
-243.571
201.663
41.9079
207.869
-320.349
-188.733
199.585
-131.879
-115.317
247.196
22.3613
59.2453
-0.84731
126.188
-77.2835
231.16
-223.41
-65.6223
-91.4506
78.67
14.2484
23.8032
-38.0516
-242.954
216.164
52.3285
-257.09
204.761
-253.991
215.441
117.333
-26.0638
10.3764
109.025
-14.6552
-2.0943
-6.2307
-2.04912
-6.27939
-2.51188
-4.90565
2.40293
4.97789
-2.51756
-4.89893
-2.08794
-6.23333
-1.00337
-4.82809
-2.09686
-6.24654
3.86023
4.67045
3.87386
4.67383
1.96944
6.44598
1.96886
6.44651
2.03319
6.48072
1.96884
6.44829
-93.1128
81.2693
214.051
-232.535
-26.1154
-218.687
214.993
343.051
-154.292
56.3059
121.748
-278.404
281.44
49.2778
-271.199
221.921
-215.658
213.842
-265.688
226.952
-70.8176
25.3323
-186.836
197.016
-190.54
200.025
-188.511
196.07
225.216
-245.987
-75.2081
196.016
-188.6
113.853
227.571
-194.272
200.049
-189.558
195.985
208.986
-204.483
-279.107
-309.853
23.3738
-12.0939
-83.0378
315.418
-182.307
-267.741
233.299
34.4422
-203.082
234.157
-31.0757
-281.1
232.945
-224.679
205.176
221.925
-230.802
204.293
-204.206
-270.05
209.576
-209.604
140.952
-76.4577
236.28
-285.719
-220.649
213.119
206.585
-196.962
-138.426
32.0981
229.505
-279.108
283.554
-207.165
207.258
200.589
-195.062
45.2773
235.039
-205.038
203.429
-434.212
326.152
-195.692
201.229
140.561
-122.395
-18.1654
16.3537
-5.20776
200.678
-244.622
43.9441
-293.275
53.3626
239.912
190.995
-174.291
-93.45
-71.0696
202.804
57.7061
18.3153
12.9043
291.862
0.103866
-342.026
315.231
-33.3431
10.9018
-291.23
226.246
212.097
21.4669
-233.564
33.272
15.5106
103.067
292.164
-281.717
-6.95919
-312.412
307.723
-298.979
303.752
-53.1204
13.5536
-3.17722
314.193
-335.893
138.169
199.067
244.083
-443.15
185.14
356.525
297.361
-309.27
-6.51101
-232.81
-26.248
-357.64
321.57
304.275
-306.287
-118.015
343.576
-0.799698
254.979
-254.18
-14.943
-235.115
-36.1989
329.943
-293.744
-47.2953
34.0302
-358.498
306.265
-302.001
296.652
-282.269
290.444
-293.652
301.919
291.862
-66.4373
-289.604
292.928
-56.9949
-82.5661
-17.5039
30.8049
191.18
-3.46909
-192.616
-22.2052
-294.147
8.30121
285.846
-297.167
298.933
-301.957
300.73
-214.712
-76.5173
-52.7743
109.025
-276.863
227.83
-52.1792
41.9348
429.817
-47.0986
-322.216
314.226
203.578
-306.591
298.727
-165.738
307.892
-366.355
318.153
48.2012
54.0394
-300.781
246.741
-305.096
290.624
-303.991
60.6208
243.37
-215.812
0.547363
5.23336
-1.22513
14.8572
210.499
-186.359
-115.068
333.017
-105.446
-277.578
-136.587
380.452
-243.158
309.151
-345.349
344.643
-159.317
-289.882
16.9467
-7.55637
-5.95366
-300.218
229.149
214.271
337.441
-147.771
288.402
110.545
132.72
-243.264
-94.5555
-256.308
350.863
54.8267
275.116
179.879
-183.157
-7.96049
191.117
55.4608
281.516
-272.381
96.188
-8.90671
196.224
184.227
139.527
61.0199
-194.136
25.8958
58.8503
-17.7344
0.704839
-10.3737
-292.742
303.116
-34.2613
-48.3256
318.105
-153.316
293.951
-82.0133
-193.914
-247.041
247.041
259.289
-357.196
336.864
-53.5439
-237.208
-157.891
81.2051
130.955
296.976
-162.691
-273.666
-51.8857
-222.796
-132.86
-368.952
273.096
-288.578
224.354
-297.155
240.16
53.3878
165.015
-358.93
100.413
-44.5914
-55.8216
43.1207
239.906
-77.1824
-15.9098
-172.579
3.27312
296.175
-299.448
-172.809
-352.049
406.875
-145.08
-298.616
219.323
254.853
-100.766
-73.9724
80.5613
-112.563
364.176
-120.093
-309.086
208.291
-225.257
180.419
24.4785
-110.031
85.5521
18.5893
-114.552
-241.694
140.561
333.602
-294.392
6.04464
-25.6638
-208.753
22.8682
-47.9879
25.1197
-116.495
318.516
-372.06
-144.99
-87.0496
-344.131
211.012
312.02
-220.623
-21.276
-32.9308
58.5417
-111.957
157.975
-101.67
301.816
-346.123
-27.7929
312.535
-351.903
-1.16185
-2.7783
-38.3238
-27.306
311.637
-67.9326
-27.728
-48.0334
133.88
-85.8462
167.426
196.75
24.3907
-30.2907
-233.31
264.852
-125.957
-342.552
-5.01228
-4.98901
215.002
105.944
-28.815
-47.7512
-17.1269
204.75
159.93
-68.9853
-53.014
-64.1568
307.527
-25.0778
-199.922
251.77
27.464
130.511
218.281
-218.281
-25.0795
-147.342
15.8465
0.9079
-174.288
239.709
254.133
-175.081
379.832
-22.8133
-23.6981
-192.162
192.162
164.546
-151.853
-12.6925
260.714
34.4397
-295.154
-26.8146
-103.104
-32.0379
11.9281
142.095
-123.337
107.435
193.755
164.546
-181.379
280.208
-19.4942
8.00746
-69.9582
234.645
-164.687
-57.6566
304.398
16.6177
-4.38803
-19.6885
-20.3526
-22.5131
-19.2024
-191.824
385.579
-69.1941
364.872
-25.0234
-232.468
15.8697
-91.7346
247.48
6.82623
-184.423
177.597
32.0663
180.662
-210.702
268.153
-232.466
41.9609
3.98449
-204.713
-175.969
-174.31
350.279
-18.7205
-17.3983
-37.9023
-15.5192
-321.457
56.8628
264.594
-122.395
-300.097
350.382
-50.2855
-15.5029
16.7403
-1.2374
234.754
-329.309
-48.5093
249.187
93.3625
-326.172
229.032
-2.58711
58.7245
-56.1374
22.5424
-139.69
-264.817
264.017
8.63788
271.57
-362.599
217.376
-320.084
102.708
-14.6122
-28.3006
343.748
-58.4523
-68.9728
125.464
-56.4913
-18.7726
-35.0071
49.2555
-102.537
-227.269
329.806
-11.3903
-13.546
256.8
37.1514
-306.711
6.61441
-14.8856
-21.4254
20.9405
18.7197
-12.9496
126.294
83.549
-262.322
-74.5028
336.825
249.87
-23.6588
-124.847
39.3738
-323.813
56.8316
266.981
142.095
-42.6172
7.13855
-220.486
-301.295
281.801
-246.864
-18.3753
265.239
-26.5912
-307.985
241.108
56.6863
261.829
-318.515
226.492
-295.477
245.707
245.922
-313.854
-20.8713
40.0041
-108.977
-232.468
-16.1647
18.4566
53.5639
-87.5611
-12.6773
-180.878
-167.336
17.7599
-151.853
15.1221
-13.8051
95.8559
-82.0508
-13.9666
51.2436
253.154
-54.4928
96.1265
-41.6337
-15.8905
-278.011
293.902
9.5041
211.229
139.153
84.0515
-311.321
-152.068
152.289
-8.81196
-18.9025
14.5995
19.1124
-138.484
235.295
-28.3354
32.3199
217.118
-291.09
-3.3164
-24.3247
27.6411
3.11267
163.866
310.089
-60.2185
-13.1471
-262.25
-348.08
242.634
-256.532
313.218
12.393
59.3841
-70.0566
315.978
269.246
2.33276
-21.5616
-22.0449
231.293
-351.298
-70.0265
53.557
-13.3702
-8.71485
261.484
-258.174
247.8
-86.7028
-138.083
267.533
-10.6786
-12.4281
-72.579
283.808
262.933
127.743
-42.1906
328.069
-66.2399
-111.934
342.474
91.8226
-69.4612
172.382
-97.8199
-53.224
-81.4934
308.044
-0.0675642
-72.7461
73.4862
-18.6654
-270.953
-86.1816
357.134
373.173
264.746
251.442
-321.499
-65.872
-257.941
13.944
-260.808
-1.23658
230.963
-349.814
1.31174
-105.082
9.04472
209.798
-286.315
-210.501
71.8659
1.56869
-78.3596
323.308
319.45
5.1078
-22.6233
-13.1244
11.0301
-13.0633
11.0142
-14.888
12.3762
-11.1555
-11.0301
-11.0142
-13.1243
11.0364
-14.8966
12.3791
-11.0364
-11.1549
-14.8678
13.8644
-12.4649
-13.1203
11.0235
-11.1515
201.16
-283.173
76.8744
-85.3474
81.9064
-0.644959
252.715
-334.208
1.28444
-315.748
194.434
15.8399
188.64
-275.689
65.844
250.134
9.18044
-327.943
100.638
27.1045
10.4669
8.50575
-327.757
313.324
7.38448
239.432
-366.244
-253.105
-65.4101
245.184
-33.0874
1.79785
-306.374
6.89404
299.479
-48.5401
272.089
-358.792
229.658
-143.976
31.3605
112.616
46.0073
0.840168
-286.902
6.89228
17.7663
-0.723449
20.8345
93.4156
32.239
80.7281
-98.8695
4.54507
-35.1531
208.954
-252.514
4.35606
4.75232
276.51
0.525143
-81.2924
-186.509
-5.58998
12.4823
228.038
-364.625
-229.658
1.21118
9.47815
2.37848
3.62678
191.16
124.414
206.277
51.8535
219.71
-315.355
234.062
-85.1552
6.16676
180.207
-273.657
204.201
-345.597
83.2735
-324.876
326.187
-94.5334
-11.2928
234.933
-311.458
-172.605
-229.769
230.317
169.381
-345.35
-6.1632
-342.766
-73.5203
-75.9435
-6.67213
95.4818
-285.69
190.208
0.138093
-117.118
-266.873
166.107
110.848
52.4219
-257.46
314.292
-4.84532
315.983
-65.8483
31.1036
-11.05
5.09291
-15.9668
-23.4888
-180.386
-3.73633
-203.934
-2.34522
2.25384
30.3865
1.7949
-8.13738
-5.55676
123.337
131.238
-28.9027
-109.548
133.939
-5.65561
-33.3615
281.01
-301.918
20.9079
-49.5242
-300.208
-6.16522
-7.31807
-256.179
5.7225
-74.3748
-7.44697
-5.1748
12.6218
-0.157778
41.2703
-319.282
11.9551
-11.9551
-24.0613
102.747
-311.107
-276.183
150.226
384.726
47.6402
-9.31355
-38.5322
-110.383
196.51
-344.281
-17.683
15.4822
107.97
-12.6181
-244.792
291.364
-46.5725
250.572
138.014
-270.333
115.957
-94.188
-274.524
248.276
173.287
78.4828
-61.5013
37.3298
180.386
17.1943
-262.44
245.246
118.884
22.8481
-49.9108
139.699
235.904
-52.3705
10.2251
203.934
258.788
-199.067
-17.2121
-284.083
237.447
-310.194
137.523
-282.513
-114.584
328.052
-76.3456
-36.9276
-271.914
-200.576
-6.27804
6.27804
232.185
-235.649
-56.9292
363.194
-57.4788
-107.551
-45.5525
87.9981
40.406
-128.404
128.165
2.49964
-162.84
57.4559
30.3941
-136.558
-161.358
185.547
-290.624
26.3947
5.33174
-5.33174
89.293
44.5865
118.218
-136.383
193.138
-347.43
132.81
-150.373
28.5674
-168.106
31.4047
-118.442
8.97906
-8.97906
206.23
-380.539
4.26457
-4.26457
-160.424
15.9269
-7.27423
6.15627
94.3004
-30.7576
18.8819
102.369
-121.251
123.785
-292.162
-4.86234
4.86234
-4.03926
27.8424
132.054
-4.52769
4.52769
189.175
-348.492
87.0898
52.5576
-6.01661
6.01661
-6.08877
287.099
321.77
-280.5
-21.9806
12.6685
-280.204
4.80986
-4.80986
5.59607
-5.59607
-5.28044
5.28044
5.20165
-5.20165
-1.14413
-5.43942
5.43942
-4.63879
4.63879
-5.11165
5.11165
127.484
-44.6761
-163.762
19.0494
91.1917
-29.8001
17.0354
-142.752
190.591
-348.483
8.37695
-231.787
245.715
-358.726
-5.46209
5.46209
4.37099
-4.37099
94.3633
-32.7046
280.664
-7.09002
-286.607
293.697
-5.18837
5.18837
134.884
123.562
92.7409
35.6291
-128.37
-60.7473
-239.646
235.651
-4.61923
-149.087
147.17
-57.8765
4.30069
-4.30069
95.2267
-27.702
117.867
-279.225
5.18243
-5.18243
60.3939
-17.7484
14.432
-3.98434
3.98434
5.24179
-5.24179
4.96237
195.54
20.5163
-216.056
4.16946
-4.16946
5.00923
-74.2625
-13.8467
-8.13394
-74.7976
-5.15435
5.15435
143.23
-5.0527
5.0527
-43.6611
131.659
-6.5614
6.5614
0.668774
13.798
29.987
-102.427
-6.2647
6.2647
-89.763
-7.91585
7.91585
-107.458
-5.05602
5.05602
6.79666
-260.816
95.183
-24.8248
-5.78338
22.7301
350.648
5.83645
-240.952
-24.944
28.1305
-3.18656
93.6783
-258.365
-5.88726
5.88726
-29.9645
4.85045
-4.85045
-5.94816
5.94816
1.39085
-11.6719
-124.951
68.46
150.104
-31.886
-5.95577
5.95577
-12.2443
1.41552
-35.3566
128.097
162.471
-243.333
230.185
295.746
-13.9455
108.848
-71.5178
-2.73528
2.73528
-49.1987
20.4415
-182.943
-299.554
317.88
4.69082
-4.69082
51.4059
57.4418
-4.55822
4.55822
-123.816
168.985
-115.205
198.754
-141.423
31.8741
118.878
61.2354
-311.851
294.639
-273.249
0.867667
-4.65644
4.65644
-273.639
-56.9583
140.232
102.514
-32.9699
184.45
-35.0835
-170.454
21.289
149.165
-9.68675
-223.624
3.61862
-253.251
249.632
5.60986
-5.60986
0.566534
-0.566534
-9.13923
280.709
6.17936
-6.17936
166.08
-91.873
129.546
-37.6728
-20.3953
-4.23306
24.6284
-6.17064
6.17064
-7.57291
-7.59197
7.59197
-158.071
307.189
-145.597
44.4682
101.128
-7.03942
7.03942
-151.143
22.8785
-279.007
256.128
-8.72676
8.72676
69.6631
244.629
266.452
-2.43486
2.41515
207.527
-27.108
-4.61751
4.61751
-10.3349
-301.516
-251.646
34.9479
82.6688
-15.5189
-8.73551
8.73551
-323.125
-14.164
60.1927
267.876
-0.625865
0.625865
272.18
-312.253
138.811
6.02378
-6.02378
-20.6495
-236.028
-186.397
26.0849
-11.8086
16.7888
304.982
321.51
-149.128
-6.47159
6.47159
-13.6915
7.35997
-7.35997
-205.579
19.2198
283.773
-57.8035
-10.0874
-270.117
-119.947
-73.5455
-2.68156
-0.611142
0.611142
-2.5844
18.4309
8.0051
-268.813
-302.767
16.8928
-16.8928
-156.839
-306.644
-1.12248
1.12248
191.035
-321.117
-83.1644
-127.538
10.6929
-97.8809
15.8301
-0.582136
0.582136
93.4662
-14.7962
-285.978
0.00154703
0.379202
-0.379202
-158.983
40.0593
234.933
258.5
-258.5
-179.882
-354.543
-6.42795
65.6732
12.6193
-29.2952
-0.539234
0.539234
172.641
163.144
-335.785
170.931
-58.5904
162.623
-216.527
189.419
-159.308
-29.5179
-100.767
130.285
-279.525
282.638
-215.913
177.057
320.235
163.346
-41.4515
5.2858
-43.6076
123.73
-250.504
-28.503
-4.35939
4.35939
-8.58795
8.58795
-134.546
-110.701
-14.3726
-0.98556
15.3581
-27.9713
-1.82644
29.7977
-119.979
-17.717
98.7961
188.475
161.804
179.494
17.0256
-196.519
-135.194
-107.914
366.346
-0.474295
0.474295
-175.689
-105.153
89.6372
-8.36795
-5.05493
9.31844
-4.26351
362.556
-116.424
66.9944
278.274
305.089
-151.405
66.5703
-16.5717
1.0688
-268.951
270.236
-155.702
-115.934
90.855
51.5351
66.1139
196.01
-241.563
-110.362
348.416
-238.054
-160.016
-4.10926
181.4
-162.288
81.4055
-254.324
21.5131
-223.979
258.419
231.303
-228.888
-199.557
214.157
33.4751
-125.348
98.1113
-102.731
199.14
-355.979
-311.826
274.86
-95.3813
294.677
-272.355
74.4703
-157.837
72.4133
-6.04066
-0.506744
0.506744
66.4639
87.5488
-125.873
201.013
-1.22451
-199.788
-232.575
224.136
6.18086
-124.86
79.6116
-104.635
-9.7805
9.7805
-85.1996
111.594
-165.108
-1.64644
199.349
-3.80939
68.5866
118.199
-4.14117
147.589
-123.921
-23.6675
75.4945
-9.6046
4.07933
5.52527
-92.6656
-197.959
12.3791
-12.4649
13.8644
-11.1549
-11.1515
12.3762
12.1732
-12.1732
12.1679
-12.1679
-11.1555
12.1721
-12.1721
-101.395
72.5796
-92.2562
73.5357
-302.172
301.449
3.72846
21.0733
-40.1754
-0.0322394
0.0322394
-7.65072
85.116
145.792
-7.8672
-202.633
211.287
-356.645
196.628
24.9303
-176.335
-242.369
252.836
-9.64796
-114.819
99.9336
12.4926
-13.1375
-61.247
276.759
79.8822
-110.64
274.686
-290.653
1.89626
-98.2343
-27.8684
126.103
-83.9656
-31.5337
115.499
-43.3382
154.885
-317.576
-210.823
220.003
-88.2619
-31.726
119.988
68.0566
-159.958
291.196
103.508
-36.5462
116.428
-273.912
-92.9982
80.0485
44.9151
-317.638
-2.73005
-118.521
-111.668
318.029
-217.71
-4.37124
-17.2294
-89.2271
67.9511
24.697
107.873
-96.5637
139.974
-43.4106
-73.7192
-290.494
98.3791
-119.25
-41.9434
98.3308
-212.361
216.718
216.95
-214.571
-95.1131
-29.2786
124.392
-0.496429
0.496429
0.0513008
-113.087
-110.417
77.7124
-366.084
92.4177
-208.534
218.012
36.5902
91.2887
-62.6328
53.3193
-2.71734
36.7796
80.7889
0.733732
-218.661
25.3346
-190.835
207.86
260.649
0.282171
15.4422
-292.664
-4.06815
5.80115
-1.73299
-0.249304
-88.4554
-0.776756
4.81406
-0.111099
-6.51134
1.90473
223.45
-314.335
308.779
2.44452
20.2856
-215.363
-0.562859
-200.112
-158.614
-95.3104
288.55
32.9994
8.84839
-4.20202
-4.64637
-6.91612
-0.0430729
0.0111205
-7.06888
-215.913
108.267
134.128
100.432
-112.86
-101.559
291.796
155.106
166.404
18.3642
190.417
269.643
-212.78
-274.355
280.077
59.5657
38.448
-230.771
228.426
-179.879
-192.559
211.016
-245.621
240.776
16.5011
57.6469
58.5038
-116.151
112.474
-140.774
-9.44716
11.9881
-2.91355
80.9224
9.65173
2.33636
6.24378
-287.778
40.0765
-392.771
-224.179
-116.763
340.942
28.1891
-148.168
-254.642
379.118
-124.477
1.25745
-5.89844
5.89844
-30.049
2.07766
-121.545
-150.415
-5.52954
7.36074
-0.984886
-224.413
-349.2
-105.023
274.605
-231.653
-112.589
344.243
-1.5087
-0.497617
0.497617
0.296703
163.663
-73.0388
210.692
-234.753
132.259
243.88
231.167
-150.606
118.393
272.126
-15.9977
-268.537
270.87
6.91993
19.4608
-3.99226
-250.187
10.8512
-280.968
-53.4636
-0.343801
0.343801
17.1363
-344.718
99.4105
-5.65625
-93.7543
-55.2651
-93.4494
3.67359
272.631
-271.763
-175.199
-8.54193
-1.23039
0.288581
-18.8294
-257.962
-166.713
119.015
29.3772
0.132595
0.356061
-0.356061
-0.0982143
193.218
-242.742
-247.911
146.352
8.10485
-8.10485
-155.589
255.984
70.2338
-100.524
220.804
-330.53
56.5038
-133.787
-331.636
224.283
-209.161
-32.0389
0.696636
-16.0855
-204.537
75.867
-103.595
-56.8076
299.442
76.0385
-102.853
39.7183
15.8579
0.008723
-153.518
61.4374
-162.204
-284.782
285.622
-1.68734
-249.37
188.623
-26.0399
-158.383
-121.902
15.5908
76.0083
-99.7065
-112.998
98.2022
0.512059
-0.0593306
231.257
-55.0409
61.7847
116.059
-192.295
81.1812
293.275
1.6128
108.531
77.2019
-97.5545
246.264
-295.403
21.3215
-109.777
5.7703
-7.29775
142.182
253.559
357.464
-328.372
217.672
-208.628
2.34726
174.402
-368.084
216.941
-270.968
-9.99945
-0.447809
239.149
-243.749
354.972
95.2881
16.6662
-111.954
350.973
-45.9913
206.431
-187.211
207.352
-205.554
-154.093
-146.312
89.3541
14.1007
-187.535
-0.9169
247.948
-247.031
75.2834
-156.046
80.7628
74.4088
-87.9548
-27.7854
-74.6414
230.386
-246.023
18.6173
9.22516
40.0674
-128.591
88.5233
-16.3924
112.86
4.66297
272.548
-164.578
1.91808
-286.966
-208.483
209.695
-293.444
298.196
0.540344
11.9146
47.8255
236.567
5.41802
-5.41802
-58.9114
-24.2248
-129.439
-11.9836
0.0719081
2.03274
-1.13069
-0.902052
-210.677
216.844
231.259
125.643
73.1106
-1.22798
81.7864
188.049
-347.357
-107.353
4.62275
-18.7792
26.0392
-14.6193
311.714
22.2129
-34.1626
-161.292
173.685
334.195
-0.923771
5.94741
-3.63001
-2.3174
110.035
-99.409
85.4424
-41.9349
-19.5665
61.3033
-14.5459
22.7008
226.243
-189.169
-18.9224
-23.8526
-167.93
-33.9542
2.37066
12.8338
-24.7889
0.0649387
-3.55609
71.5421
-4.20202
73.3301
-23.4694
40.3622
-319.515
311.377
-36.6006
-36.7392
335.99
355.544
-28.6267
-38.1895
30.4367
-117.608
126.618
-4.26351
-173.551
180.936
255.967
-27.2931
-0.0130339
-6.26501
96.5819
-25.0398
110.397
88.2061
-15.0543
79.8277
146.673
22.06
97.9279
-1.51006
-105.701
-24.9038
1.85523
4.07933
-51.149
-74.2159
-1.19255
-0.0324491
172.145
-168.518
1.67629
-48.763
-0.152512
103.972
-94.4679
-4.81354
-25.2177
113.379
-151.281
154.639
-2.23966
-31.4921
-3.31749
3.72846
-189.701
-10.8747
22.6155
20.457
-111.263
3.67359
24.5842
112.117
21.3516
35.508
-56.8596
93.5891
69.9133
218.776
-308.539
68.417
176.767
2.27095
-184.031
-16.4055
-286.454
-17.9625
-4.37124
-26.1745
46.7356
6.26501
1.65084
74.3236
76.8702
-41.6982
-35.172
-53.3335
-19.8982
-92.0667
33.0107
-86.6968
-65.4729
-21.2239
-56.6325
-59.5182
38.6807
0.7907
-3.57726
1.16096
-119.067
-159.1
-29.5589
-12.6495
2.7749
234.991
-31.2905
-3.86266
-5.9253
-12.1549
-128.811
-213.508
3.13441
-16.5549
-217.009
-3.13441
-164.753
0.0103144
190.995
-4.70196
3.15655
96.8935
-66.1597
-4.21861
4.21861
-3.15655
6.16558
251.437
37.2963
-142.449
-395.703
75.7347
-18.6201
128.241
4.88272
-5.98082
1.09811
-218.523
-171.425
-2.68591
2.68591
37.0225
-22.519
18.7885
-188.8
-156.55
-2.72397
2.72397
-31.0591
-348.757
298.847
-30.3012
1.57977
-1.57977
2.11651
-2.11651
1.35803
-1.35803
-2.31673
2.31673
-1.88991
1.88991
-2.32593
2.32593
-2.3135
2.3135
-2.11267
2.11267
-1.99452
1.99452
2.08679
-2.08679
2.3463
-2.3463
-1.88803
1.88803
-2.3409
2.3409
-2.13957
2.13957
-2.33656
2.33656
2.32848
-2.32848
2.11327
-2.11327
2.16719
-2.16719
-2.17809
2.17809
2.00564
-2.00564
2.11498
-2.11498
-1.98772
1.98772
2.09076
-2.09076
2.08966
-2.08966
-1.5712
1.5712
2.34572
-2.34572
-1.35692
1.35692
2.12172
-2.12172
2.08988
-2.08988
-1.34068
1.34068
-2.46139
2.46139
1.55367
-1.55367
2.17033
-2.17033
-2.17805
2.17805
2.33601
-2.33601
2.26311
-2.26311
-2.28264
2.28264
1.35773
-1.35773
1.34178
-1.34178
-2.34716
2.34716
-1.91512
-1.45474
1.45474
-1.57992
1.57992
-2.16263
2.16263
-1.34179
1.34179
2.0471
-2.0471
-2.28314
2.28314
1.34616
-1.34616
-2.26283
2.26283
2.07599
-2.07599
-2.16235
2.16235
2.07522
-2.07522
2.2821
-2.2821
1.56455
-1.56455
-1.61575
1.61575
2.36672
-2.263
2.263
2.0751
-2.0751
1.56575
-1.56575
-2.13383
2.13383
2.10329
-2.10329
1.5649
-1.5649
-1.83792
1.83792
-2.43237
2.43237
98.3016
14.1143
-5.1648
118.644
107.594
68.0036
-43.0862
2.89361
-0.860868
0.90872
-19.3144
18.4057
-70.1143
295.403
-20.7162
295.978
-273.362
-44.7842
38.8078
138.471
-66.9937
22.0916
-3.08103
20.2681
-292.279
218.016
209.422
-4.70196
-8.25174
23.0809
114.75
72.1095
82.5129
-300.991
143.495
197.446
-16.5547
16.4436
3.10306
20.2203
204.137
-3.10306
-2.27119
79.1016
-83.8176
-110.871
186.409
-2.87372
2.75394
-112.568
-2.75394
65.0739
-43.7223
3.08103
1.27835
28.8313
5.56153
68.7621
-374.628
2.40672
2.87372
-0.00118814
142.206
3.14637
51.366
160.269
0.323821
337.929
6.45125
0.0203424
-6.45125
89.8134
-9.76484
1.01558
-32.3061
5.9621
5.52206
69.9074
195.332
-5.46448
31.1089
273.307
4.34749
-29.0563
-15.7279
-4.34749
198.742
2.16872
-2.1584
-229.35
-155.539
0.580158
216.787
-40.3919
-229.658
-240.744
-210.551
249.556
-278.059
95.9528
-221.696
214.378
8.87007
37.4096
-310.772
38.3047
-11.0044
309.269
211.871
-90.7287
3.39237
-53.7631
-89.282
68.4605
-4.18719
-245.014
84.5105
-47.8307
82.2166
88.4482
-2.02928
2.06152
127.643
78.423
-168.775
63.9299
-16.2286
144.393
-117.772
-225.826
-10.5832
84.1189
-102.152
-36.7233
115.238
297.94
-100.493
-212.332
101.631
0.390216
117.38
-107.947
-38.8326
-4.16284
0.532825
-214.287
235.513
189.162
-204.985
276.34
-60.7581
216.964
1.38229
-1.38229
-5.22292
65.3565
8.38238
-8.38238
104.781
-45.5634
49.3283
-177.204
-1.5464
86.6939
-296.358
48.1817
-11.5915
-24.4711
-75.948
-1.5327
15.9789
102.53
-1.76167
2.59386
216.925
-5.54346
73.4945
2.28574
-12.4042
-205.922
-305.911
268.984
67.3416
-115.336
150.247
-18.2828
-3.21449
-0.836972
4.05146
55.4595
185.316
-99.1125
11.6908
24.3162
-25.5442
124.374
-166.677
-226.094
-6.96522
8.57802
-20.6199
-11.8232
-385.932
269.508
36.5371
250.562
41.3646
238.713
97.5885
42.6444
154.349
-352.41
193.797
88.7341
45.3936
-115.05
-6.85224
-2.02565
-3.39237
-6.56118
-1.60506
8.16624
1.15947
168.512
-98.4158
103.039
-126.511
97.8842
93.3888
-3.14637
323.779
40.1594
-6.74287
-161.337
262.525
36.9541
-19.1729
35.5322
141.39
-225.325
24.0395
132.282
-86.8884
52.3384
-26.3048
2.43138
23.8734
-1.05008
276.626
-82.4538
-1.5464
43.85
-235.525
-112.687
258.911
20.9608
1.93792
-3.82971
11.6477
-12.2106
-77.0432
-27.6479
-102.352
30.9554
34.4012
42.6954
-24.0694
-258.119
2.00286
-14.9461
-26.0663
191.922
24.1369
302.368
-41.073
46.6345
6.54649
63.0217
-109.522
0.219981
-217.229
-151.15
148.104
-2.66235
-1.55626
-13.6402
-21.4102
-15.9876
268.197
-223.682
-22.5565
-6.34563
-11.7407
71.4815
98.3888
-34.0064
-5.43868
-84.6891
-112.764
183.876
-181.167
127.833
-223.605
174.961
80.0802
-22.3096
131.501
-246.354
0.228475
0.231818
-0.212652
-0.201748
-0.215808
-0.201328
0.0525755
-0.1498
-250.56
79.5306
-1.10762
168.837
-172.646
-8.64317
-26.5997
24.139
190.239
-86.91
-21.0375
-2.6191
1.39196
0.572228
44.6715
-207.939
5.64956
197.703
0.697394
40.3549
35.6543
-0.611484
64.9576
-54.7104
-57.9768
313.294
-47.5508
276.571
-44.5153
66.6977
-3.87625
-4.14694
179.661
-1.3677
-47.611
317.119
-257.794
259.712
-45.4489
18.8319
286.761
-58.4407
-24.7364
-12.5147
3.3551
232.065
-114.283
76.6101
11.9132
1.40015
0.602709
-9.91671
18.7152
105.552
9.64264
1.30279
-7.75608
-12.3822
-11.0794
-2.71678
-31.2249
-2.97455
10.3904
-12.8757
67.0755
-120.3
66.7033
-20.3414
43.6894
-2.31054
)
;

boundaryField
{
    frontAndBack
    {
        type            empty;
        value           nonuniform 0();
    }
    bottom
    {
        type            calculated;
        value           uniform 0;
    }
    inlet
    {
        type            calculated;
        value           uniform -2000;
    }
    top
    {
        type            calculated;
        value           uniform 0;
    }
    outlet
    {
        type            calculated;
        value           nonuniform List<scalar> 
14
(
1999.98
1999.99
1999.97
1999.98
2000
1999.98
2000.02
2000.03
2000.02
2000.02
1999.97
2000.01
2000.03
2000
)
;
    }
    car
    {
        type            calculated;
        value           uniform 0;
    }
}


// ************************************************************************* //
