/*--------------------------------*- C++ -*----------------------------------*\
  =========                 |
  \\      /  F ield         | OpenFOAM: The Open Source CFD Toolbox
   \\    /   O peration     | Website:  https://openfoam.org
    \\  /    A nd           | Version:  7
     \\/     M anipulation  |
\*---------------------------------------------------------------------------*/
FoamFile
{
    version     2.0;
    format      ascii;
    class       surfaceScalarField;
    location    "27";
    object      phi;
}
// * * * * * * * * * * * * * * * * * * * * * * * * * * * * * * * * * * * * * //

dimensions      [0 3 -1 0 0 0 0];

internalField   nonuniform List<scalar> 
11512
(
143.351
-507.351
364
-771.145
2.35892
768.786
418.645
-372.738
-45.9069
650.083
259.938
-910.021
1510.41
-1069.41
-441.003
1216.26
-1527.1
310.842
-43.0908
471.734
-428.643
169.132
-840.956
671.824
961.969
-1610.74
648.772
-1768.25
1676.12
92.132
-542.947
1759.21
-1141.99
1935.75
-793.757
605.717
181.371
-787.087
-25.5146
-1320.28
1345.79
222.639
-1990.89
1022.53
-385.66
-636.873
-188.908
332.26
482.991
190.651
-673.642
1154.63
-1315.43
160.797
-327.104
379.04
-51.9352
1010.38
-1323.91
313.531
1221.69
800.022
-2021.71
74.6249
-1647.68
1573.05
-490.047
-1160.77
1650.82
473.17
182.001
-655.171
-186.458
-320.894
497.626
1012.78
1655.09
-1813.81
158.719
-96.3996
-1688.95
1785.35
-1560.67
656.372
904.3
-311.543
652.835
-341.292
-192.658
-129.328
321.986
1290.75
-1216.12
355.331
-1407.24
1051.91
-1754.25
1754.25
100.148
1539.51
-1639.66
-1083.78
-476.892
646.221
-689.312
-387.633
942.102
-554.468
1331.76
-1317.16
-14.5949
-1100.43
712.793
622.914
399.619
-409.241
-20.977
430.218
-457.021
795.714
-338.693
-1618.37
1618.37
1253.54
-1437.85
184.308
-489.158
1710.85
1253.37
-311.27
1660.71
-1161.21
-499.503
62.2463
-389.351
2067.3
-1136.63
-930.676
1821.7
-166.612
451.244
156.137
-607.382
-469.953
978.56
-508.606
-1176.64
1276.79
-566.7
969.565
-402.864
397.641
756.994
660.529
-491.397
-438.352
589.967
-151.615
1190.57
-835.234
2308.23
-1080.7
-1227.53
1164.58
-2011.27
846.69
-1609.73
1584.21
440.538
-1582.53
-758.777
1250.34
-491.565
-671.253
359.71
1661.42
-699.456
-1106.93
-870.901
1977.83
694.434
-381.356
-313.078
690.609
562.763
-258.216
1511.75
100.218
-311.507
211.289
-284.761
757.931
-333.201
560.175
-226.974
-324.414
807.405
-320.165
-140.492
460.657
320.641
98.0044
1468.21
-457.833
-995.446
493.65
501.797
265.194
97.8045
-362.998
947.126
-341.41
-1703.69
636.221
1067.47
20.1363
-863.324
843.188
-275.797
589.98
-314.183
158.368
-1093.91
935.543
1050.71
-1066.34
15.626
373.137
517.033
-890.17
-245.345
696.589
-1103.01
-482.619
1585.62
-676.929
949.64
-272.711
1353.84
-1450.24
-652.123
288.415
363.708
-470.207
-1011.48
1481.69
-536.561
-796.725
1333.29
575.244
-995.201
419.958
-262.108
-314.445
576.553
401.789
-301.571
-1045.55
575.592
955.58
-797.213
-110.398
943.678
-833.281
-201.892
409.774
-207.882
-634.881
-360.565
-386.74
961.984
1856.36
-1856.36
-478.037
-174.086
-948.147
1566.41
-618.263
468.142
-904.09
435.948
-922.244
355.544
-941.904
-1058.08
-1498.35
343.505
1154.84
-271.938
922.021
-329.954
627.773
-297.819
-1941.9
999.992
-1148.23
-350.119
563.719
-1511.87
1728.51
-1725.97
-2.53777
201.608
-614.26
412.652
-1468.46
975.948
492.515
277.961
222.16
-500.121
305.316
-638.517
233.916
-407.928
174.013
2017.62
-868.139
-1149.48
-553.94
144.699
615.162
839.901
-1455.06
-183.091
417.007
431.715
876.075
-1307.79
-903.732
388.612
515.12
-1050.46
1448.1
-1068.34
309.561
747.236
-94.4011
567.972
-293.31
-274.662
1020.73
-527.083
593.451
-1403.66
810.206
-1342.09
239.089
-541
265.203
-1189.81
917.875
1943.96
-989.176
-954.781
276.798
1579.56
-2098.96
898.015
1200.94
354.714
-33.7266
-320.987
-222.96
478.472
-255.513
-96.6221
-390.93
487.552
-460.27
140.105
337.216
-131.512
599.654
428.61
377.634
-806.245
-2042.59
1123.86
918.731
461.961
-526.279
64.3175
217.399
-357.965
140.566
1004.75
1012.87
1792.82
-253.313
744.384
-455.969
795.589
-1389
593.414
359.646
334.789
1061.19
-1041.05
-491.637
-249.197
740.834
469.135
-128.114
-341.021
795.427
-614.056
550.611
-734.55
183.938
503.332
1157.38
-1240.36
703.799
1036.05
-1526.09
-3.11791
-1439.42
1442.54
327.415
822.744
-1150.16
622.052
269.913
-891.965
-2270.7
1152.2
1118.5
-1103.68
-1167.03
181.867
368.744
959.098
-631.682
878.167
-897.964
19.7969
-2099.39
992.46
-218.122
-186.375
404.498
-42.0435
1770.55
-840.123
68.9778
-1031.3
-1067.65
-227.805
445.204
-688.702
210.665
-282.497
-426.278
708.775
1103.95
-1574.16
782.592
-1374.22
591.628
698.058
-438.12
1947.83
-1444.5
-378.282
-1375.97
65.9736
405.76
-536.359
538.718
26.8395
-585.053
558.214
568.966
-291.005
-599.259
275.415
323.844
786.813
-358.203
34.958
319.756
1188.47
-1191.59
165.614
236.175
396.276
-678.774
618.477
-1005.22
-2026.77
2026.77
-267.284
-447.337
714.62
698.804
405.845
-1104.65
579.935
167.301
414.763
372.05
-2199.76
1328.86
-925.874
-680.204
1606.08
-479.986
-709.827
-254.278
556.014
-301.736
835.902
-211.66
-624.242
-456.432
658.04
364.335
-694.289
-375.689
-131.411
507.1
-1336.22
-477.59
643.7
-1123.69
-374.138
-1244.23
844.355
1463.87
304.097
-916.903
612.805
966.338
-343.424
1391.21
-797.758
440.984
-275.37
-323.798
-879.3
579.882
299.418
-344.264
-535.036
316.807
-413.43
-191.872
-158.418
350.29
-392.812
1091.62
433.762
-243.112
-384.983
1361.44
-171.892
-1189.55
-479.774
298.862
180.912
224.93
266.308
-491.238
1.79614
-736.346
592.181
-1729.08
1136.89
1485.45
-870.284
-1049.33
-419.131
-1055.98
574.438
481.54
1389.19
-413.24
928.613
-1411.23
-172.961
-186.664
359.625
-467.819
578.64
-1629.1
427.868
903.888
294.095
299.614
-593.709
568.038
1186.22
1102.79
-710.453
-392.333
394.264
-206.474
-187.79
-1419.43
446.594
736.81
-1183.4
1473.24
-544.623
-487.696
938.848
-451.152
426.161
1186.14
-1612.3
47.4184
-724.348
-152.302
417.496
197.619
-390.277
538.493
482.24
-598.531
42.6884
555.843
1024.51
-1307.64
283.131
670.43
-255.666
468.394
-1447.21
978.812
397.024
1688.52
-523.94
894.596
1049.36
-659.06
-1684.86
758.982
563.885
408.074
-971.959
456.602
79.0366
1750.14
-1829.18
1443.63
-379.491
-1064.14
1699.21
-1741.25
-365.369
-536.483
727.803
-191.32
-502.591
174.494
294.64
-373.15
-1225.93
214.443
-764.722
-638.935
-633.777
996.825
-363.048
-651.374
641.211
10.1627
654.807
-923.412
268.604
-712.577
352.723
359.854
-647.317
-698.354
348.675
349.679
-932.133
1400.53
-423.515
891.557
-468.042
-2205.32
5.55667
171.251
-531.466
360.214
143.599
1217.84
-103.612
-585.09
153.602
-591.954
1486.99
-704.403
389.062
-465.757
76.695
-561.512
561.512
1222.97
395.398
1778.24
-1228
589.992
638.008
847.091
-51.6641
1292.45
774.85
-540.917
1336.51
293.944
296.036
269.615
-806.098
245.97
-702.991
226.108
-438.172
212.064
-250.446
587.087
-336.642
116.247
-366.693
-591.275
-564.683
1155.96
-377.014
551.878
-174.864
-1192.15
2032.03
-839.884
1288.44
-329.347
-397.326
135.218
-1982.86
822.089
1543.71
-850.76
-692.947
1987.03
-877.481
-1109.55
714.33
574.114
-239.991
466.099
-675.185
1153.49
-478.305
-769.313
1201.03
551.899
924.562
-1725.76
801.195
-552.077
-80.6969
632.773
307.623
260.349
412.735
-91.562
-321.173
896.36
-83.5522
-812.807
931.747
-573.338
-358.409
1576.15
-472.197
893.688
-1629.55
735.867
1068.45
879.38
747.223
-436.984
-310.239
-1058.85
-258.307
570.09
575.601
-1145.69
-468.02
522.756
-54.7361
573.529
-336.95
-236.579
-988.259
564.744
594.463
890.983
-441.77
1096.58
1423.13
-786.148
-636.981
390.468
-923.241
532.774
-1040.33
405.444
566.868
-1054.56
471.877
-547.597
75.7202
484.439
311.275
-512.695
-48.8163
-793.958
-881.079
1675.04
183.651
210.613
-233.851
415.719
-28.4667
-568.092
596.558
499.021
871.011
-1370.03
-505.414
313.542
985.219
-88.8592
835.484
-1064.32
228.837
405.691
845.172
-1386.09
-458.926
836.561
1981.46
-1287.37
-694.087
269.575
608.592
255.541
795.172
93.5104
-977.203
883.693
1673.72
-1088.94
-584.774
-138.031
1888.17
-1866.12
-160.646
482.554
-620.71
138.155
-1011.95
528.043
483.911
-1730.46
538.316
-955.486
845.088
392.919
197.048
579.022
-274.925
-418.169
707.939
258.399
52.7433
719.943
-772.686
-1131.86
-896.324
2028.18
-543.796
1117.12
-573.323
-480.626
-324.302
106.18
-1657.31
863.347
-850.311
-613.74
1464.05
-329.409
-294.515
623.924
354.336
-656.759
302.423
253.995
-612.198
334.576
198.413
-532.988
361.227
-615.505
627.79
-273.454
315.534
-456.025
680.383
416.176
-191.246
-401.901
-296.453
1226.39
-2.32734
-1224.06
1038.74
-420.259
558.698
410.866
-1782.31
869.809
912.501
489.193
558.597
-1047.79
-532.538
203.129
-264.338
1181.91
-917.576
-1590.82
1212.54
504.61
-1095.88
386.527
2.53481
431.632
313.26
-744.892
368.324
-613.668
-37.169
759.262
-722.093
-524.973
794.887
395.388
320.946
526.146
651.376
100.857
-415.753
314.896
1058.17
-644.634
-413.535
494.045
-1664.27
1170.22
-1140.3
1753.22
-612.921
1715.88
-1123.69
-334.02
609.435
-1183.44
1276.95
424.666
-800.128
1612.1
-811.976
-275.049
-204.725
-900.972
1472.33
1815.82
-610.746
-1205.07
-405.211
670.619
-1304.4
-124.66
-56.0599
468.795
-688.744
-354.182
-1236.64
-215.745
469.74
902.512
-561.318
170.388
-1674.84
-71.3058
1746.15
-1078.82
535.026
566.055
-1186.08
620.03
901.1
914.718
630.481
619.861
698.837
240.011
-1147.06
471.872
-397.286
424.126
615.563
-513.67
237.33
-731.622
494.292
706.791
-347.145
-312.859
183.532
-615.083
249.518
365.565
-886.386
-743.169
1087.67
-2145.74
395.917
-680.678
-342.808
-723.531
837.09
586.04
-342.502
321.525
377.792
234.601
637.653
-872.255
526.844
626.646
-550.832
175.143
358.89
-626.173
-1045.22
-850.519
1895.74
-1805.14
157.461
1106.71
-1371.05
1165.71
-716.234
-449.481
-504.458
1349.63
-1495.44
627.925
867.519
-284.315
-209.287
493.602
1428.44
558.596
357.098
-488.509
-480.332
-573.354
1053.69
-425.243
596.494
1583.19
-1130.83
-452.363
-788.409
341.072
654.515
403.654
-1623.42
416.185
1207.23
-185.546
520.122
797.61
785.582
203.502
-699.777
496.275
199.331
210.443
-278.587
-110.362
388.949
500.975
-3.50703
-497.468
-1645.77
596.444
-1611
1680.09
-69.0875
13.0908
-1624.1
1069.49
778.294
-346.661
-819.766
-220.559
-1134.58
-239.644
-312.143
680.467
-1812.87
-636.895
1212.5
219.816
758.743
-1332.46
-678.817
-466.02
625.246
-331.151
-1013.26
1350.8
-1933.01
582.203
647.235
1288.51
480.818
-2.34576
718.175
711.205
-1429.38
-636.433
329.01
307.423
435.769
-100.683
-335.086
142.749
318.18
153.838
-472.019
-594.35
1158.23
455.888
-642.884
-459.916
-401.876
861.791
-328.283
155.322
-455.984
154.414
-301.707
-710.248
541.419
-105.65
-576.961
967.429
573.345
-267.731
-305.614
452.927
-777.341
-649.21
455.972
-1129.37
-844.688
1188.19
-569.771
448.332
292.502
-463.988
82.6323
1027.37
-314.018
589.562
-275.544
-509.04
1578.53
-698.941
251.74
369.413
-621.153
226.217
496.981
-32.3693
-464.611
-264.609
-191.375
1010.82
1108.85
564.87
-885.845
951.305
-65.4596
-451.971
167.656
-745.068
318.791
-596.735
326.851
379.94
840.06
-1246.92
406.861
776.169
-813.338
-948.846
-550.393
1499.24
-174.105
473.719
-559.923
266.613
1306.84
789.984
-586.482
1325.4
-681.696
487.21
-666.37
-405.019
-421.074
-378.543
799.617
500.474
-841.883
-468.155
99.2247
368.931
-312.313
572.482
726.054
-330.137
-232.059
-175.254
407.312
-492.175
132.15
360.025
1461.5
82.6201
-1544.12
-754.983
1349.45
-1144.78
-465.963
548.164
-178.751
1153.12
-376.953
1083.43
492.719
703.103
-433.488
-884.771
-522.472
-1328.34
-21.4855
985.762
-964.276
596.188
344.1
-940.288
-346.368
-207.572
-683.603
405.54
1621.23
-192.221
382.089
342.011
-724.1
-1839.76
-2106.7
1519.15
587.551
-2038.18
349.227
376.86
534.267
-911.126
-460.532
1019.23
-408.818
-671.177
1079.99
-2030.56
1391.21
639.344
597.196
-1006.01
42.7515
429.125
386.331
187.792
253.192
322.875
974.055
878.367
676.5
-321.818
-354.682
-289.054
617.147
-328.094
570.141
532.644
564.552
514.589
-1079.14
-796.081
-699.363
751.227
401.895
-410.731
713.153
-1193.38
1609.57
433.687
-1104.86
-349.202
547.614
-1384.86
885.804
499.054
-713.37
-342.421
-778.64
344.043
434.597
447.315
717.547
-1164.86
1077.28
-588.089
-420.79
672.009
-251.219
251.082
322.263
-466.213
-432.358
898.571
-230.109
569.038
-965.191
396.152
-462.725
600.598
-1681.29
423.967
670.221
-1094.19
523.51
104.263
113.412
-2212.8
547.795
-99.4631
1444.84
1777.1
-217.549
-1559.55
-438.53
1789.33
-1987.24
1194.58
792.663
397.445
349.778
-42.1192
879.209
-1282.8
718.115
-868.089
-822.269
800.784
299.87
75.0098
-374.88
222.832
175.676
-398.508
1561.25
-843.073
-1530.92
-325.432
507.696
-225.27
-282.426
391.853
366.078
260.483
364.764
-10.9725
1003.23
-992.261
379.684
292.223
-671.907
-734.162
1817.41
-1083.25
-342.766
734.619
-1225.16
-414.5
-913.813
481.455
587.988
-790.431
202.443
758.799
-377.229
-381.569
-435.554
-450.291
450.966
1093.71
1241.2
-675.147
798.808
-345.882
383.841
330.779
-237.368
-228.39
-221.221
618.246
408.249
-845.471
437.222
231.172
352.445
-583.617
-420.265
828.514
754.103
-1146.91
894.327
-54.2664
-486.948
280.285
780.901
-96.4929
1385
1890.51
-50.9409
349.803
-319.565
420.422
-1088.01
1077.04
640.167
376.566
382.232
83.1604
424.536
261.722
507.064
-376.893
-259.54
-561.693
-89.6809
-369.334
363.814
5.52013
-257.707
-283.293
1010.8
-1540.68
529.881
-184.539
-188.199
-388.711
680.934
-1644.82
1590.95
-963.024
274.609
-679.628
584.331
1224.41
-1808.74
607.438
983.511
320.064
-1126.53
708.356
-287.66
-306.049
1385.11
-1453.34
834.864
618.48
437.138
-642.759
205.621
-390.339
488.41
-98.0715
384.561
116.414
1724.58
451.232
-251.901
557.661
-1704.79
1147.13
-98.0176
395.767
343.178
333.322
-448.729
-614.638
1063.37
412.598
-871.524
-640.354
902.377
570.859
-481.293
-231.284
-436.061
-409.41
-307.613
-826.963
1821.1
-1821.1
-101.98
-1597.78
1699.76
297.221
276.308
-916.907
-555.59
1472.5
-408.186
972.738
-606.782
-1038.99
694.962
399.334
-1094.3
470.16
-154.627
573.073
1220.34
-1793.41
-1042.1
2114.33
-1072.23
-379.09
-292.163
-489.044
830.116
-1758.46
1606.39
152.07
1758.46
-1612.36
-146.101
-240.072
518.654
-278.582
-537.308
1620.74
1573.05
-1987.55
1100.41
-294.194
-268.232
562.426
230.138
-579.34
-710.509
299.779
1343.26
638.2
586.184
479.401
-1065.58
271.858
431.244
875.24
500.112
-1375.35
539.77
-1020.1
1574.94
-564.14
-775.049
-363.427
-135.72
499.147
-490.304
1207.85
-742.139
329.891
366.698
382.529
247.239
-629.768
612.667
831.623
-602.786
262.584
688.721
-481.293
-330.862
-242.246
573.108
1168.45
-679.488
607.092
468.675
-1075.77
-1288.3
1288.3
-383.288
759.854
-276.899
-484.013
760.912
500.081
441.576
-941.657
395.738
-672.637
605.788
-870.732
264.944
-367.615
-489.96
1076.14
-659.524
-713.211
1372.74
-379.567
948.605
-1552.77
675.286
34.7868
-431.017
396.23
-521.464
732.13
267.136
319.951
162.846
307.314
-532.889
245.23
1870.43
-1966.92
263.899
-720.331
460.057
-825.809
365.752
-909.472
1423.72
-514.249
-430.284
-483.529
600.858
1124.16
-1725.02
-714.214
335.124
-463.599
1033.74
-792.359
1054.94
-373.314
-623.073
-500.658
746.628
537.812
-355.811
912.679
-317.536
-174.639
1599.03
-1816.58
-349.861
-615.33
-348.479
480.629
275.631
-606.782
-177.945
1071.65
-791.369
201.246
-302.373
-274.71
577.083
392.111
-889.35
497.239
-480.063
-464.234
-916.903
-361.897
597.216
-235.319
-460.595
-441.763
-351.335
-181.654
-405.918
653.157
-447.291
778.07
-1071.87
623.141
-1406.68
556.368
-28.675
-1839.48
1868.15
570.088
-450.546
1233.23
-698.206
296.795
-296.795
673.763
-452.242
1038.86
-1645.64
-1158.74
-947.962
288.087
329.06
894.899
717.204
-507.813
-305.03
812.843
1661.17
-1689.85
-433.423
337.893
231.073
1134.95
-527.859
-943.34
1550.49
-607.153
442.17
-254.378
373.731
400.652
-774.383
542.453
468.481
-1010.93
-331.388
661.279
-38.1194
1908.55
1602.58
992.444
-1696.85
726.583
-1176.67
450.086
-492.505
1367.75
836.658
-1341.12
-574.981
280.786
809.304
-401.23
548.622
-1193.06
644.439
-633.961
-1215.53
-695.696
1911.22
-192.019
563.52
-371.501
-182.132
323.143
-515.162
336.014
364.27
-700.284
-1489.94
756.984
732.959
883.98
-1434.37
822.229
-433.617
206.942
-359.245
-607.638
276.776
-659.36
-725.498
697.359
507.389
-1204.75
383.81
-205.987
-177.822
554.262
-957.127
-579.848
-427.859
746.65
-831.342
-1155.9
-1437.94
499.728
938.217
5.56345
-653.087
352.795
300.293
-1323.37
1049.44
273.931
-615.413
-456.457
-665.566
921.106
397.723
-192.16
-205.562
508.388
980.45
-1488.84
984.029
-559.902
165.43
394.472
-416.7
686.594
-422.695
-509.452
160.973
234.156
-1521.52
526.349
550.933
-774.494
253.03
141.776
-459.312
363.121
-827.354
1954.16
-1195.38
-758.776
426.83
-692.544
265.714
321.04
340.782
107.549
-448.331
-579.31
187.393
263.839
-691.806
1374.2
-682.394
424.098
478.505
-1191.87
260.947
1866.77
-1013.59
-853.181
784.164
-548.613
186.717
1402.31
-975.115
-427.198
327.904
-780.145
-616.581
1725.43
608.278
632.924
328.939
-29.0687
265.804
-1138.35
1725.72
-587.368
-1763.55
820.206
1764.91
-1694.06
-70.8585
-668.15
270.864
579.847
-732.622
231.964
1402.59
-565.935
382.801
453.76
-1858.74
1420.21
570.056
-444.915
-125.141
200.759
-552.093
-288.311
-192.315
-349.079
692.257
-591.527
228.1
619.341
548.527
-1167.87
1113.5
-1947.63
834.137
156.746
350.354
-1700.15
1662.03
309.245
-742.733
-172.011
378.954
761.763
679.266
-1441.03
1083.61
-1085.94
523.835
-1111.92
-625.77
247.815
377.954
540.976
-291.458
-617.366
-1028.27
289.237
-731
-912.321
173.181
154.98
228.83
405.845
288.139
-693.985
-637.463
-834.327
-978.544
488.187
-1067.5
-312.55
493.462
534.481
653.712
-277
-120.326
-413.447
733.511
266.091
-1203.75
566.286
1314.19
-552.427
442.637
-1022.49
-382.65
161.987
408.069
1023.17
551.775
-1720.19
1618.2
1638.78
-579.194
-1059.59
1906.13
-1895.33
-10.7978
221.535
-541.1
-362.157
563.403
-773.804
-332.19
-335.959
1021.42
707.033
-1514.74
807.703
321.991
-26.1845
1625.22
-1099.2
419.711
-1251.55
476.501
-61.3654
1522.87
1197.05
-470.47
-486.318
-73.5837
-276.16
736.069
-1951.6
-707.366
363.114
-535.84
172.726
190.49
-504.508
1139.95
671.611
-1811.56
-630.322
185.407
941.691
-1497.28
-210.531
678.774
-468.243
876.157
1123.84
-744.292
1352.57
626.955
-495.699
-131.256
-342.825
1177.69
1049.14
-1980.15
931.013
-1178.26
541.365
1488.72
-586.348
-399.373
-151.459
-1245.88
570.732
1164.18
-96.706
946.24
775.951
-1722.19
-198.204
578.776
-1541.72
962.945
487.022
916.439
-1403.46
628.317
584.179
406.821
-1106.61
589.547
1112.73
1215.27
-452.148
-763.12
-1186.2
-1754.93
-5.59338
-1714.59
-205.533
-437.226
1611.19
-633.669
-977.517
-490.821
1121.3
-1321.58
634.343
687.242
-1364.53
1447.15
-1334.5
590.211
1520.47
-393.935
-589.313
189.94
-1488.67
225.889
176.385
240.192
386.763
439.788
408.888
-848.676
506.437
-938.818
900.18
-1444.8
-714.746
237.625
477.121
-1052.84
458.494
-485.386
868.187
697.387
17.1932
-540.819
169.318
-886.568
-1318.75
-712.197
346.228
365.97
398.167
-722.062
323.895
-473.997
-189.368
-708.597
724.801
1540.06
-593.823
822.549
738.699
1344.64
-844.526
-970.952
-570.77
-794.057
428.891
365.166
-1035.67
-638.618
299.941
338.678
-1433.69
-296.778
-788.091
395.15
392.941
-665.21
416.225
248.985
-691.14
268.446
412.867
485.704
389.919
438.595
477.303
384.488
595.458
-968.608
692.458
465.776
452.069
356.087
-808.156
1630.73
-1079.83
-550.901
-504.836
-290.582
-1032.79
451.964
347.653
409.759
592.887
-1002.65
-1384.37
750.702
-529.424
1149.45
365.627
-47.4463
412.549
-863.471
450.922
-1898.62
300.843
439.435
-724.09
284.655
-192.147
400.438
-208.291
-660.304
300.827
359.478
-670.61
315.928
370.853
389.002
611.899
-1020.08
751.996
664.275
-1416.27
438.862
624.505
337.758
392.034
-729.793
406.488
328.131
601.69
676.592
417.12
604.299
-1034.48
430.176
-1674.99
1184.34
490.644
1696.56
-539.183
618.83
-1147.05
528.222
-640.026
345.511
437.664
-933.627
495.964
767.58
-454.32
350.86
341.397
579.918
-929.778
653.489
-1252.69
599.197
389.323
733.979
-1224.28
768.768
509.958
-1278.73
495.388
405.455
-900.842
-501.783
-936.162
-295.198
631.212
352.517
540.701
-893.218
329.818
331.461
-502.191
1944.73
435.892
-845.722
409.83
-917.623
-808.134
-745.75
364.181
-1232.07
439.708
-1741.68
1612.36
129.314
1751.22
-1606.39
-144.823
-781.942
-587.971
260.934
327.037
-1764.91
1987.55
539.021
790.749
-1329.77
440.162
715.796
689.804
385.619
-1075.42
-58.6968
1617.14
-593.975
390.807
842.425
-645.782
323.71
322.072
-378.876
-296.308
547.39
-212.958
435.119
277.1
-661.06
383.96
259.581
-573.764
-278.937
442.784
-1032.51
589.726
538.068
1092.66
365.996
595.987
309.283
350.66
-659.942
1634.79
-927.762
1692.47
-1521.19
-171.285
-328.391
-820.999
411.589
857.26
-1067.79
-602.647
274.553
-1090.54
1628.61
-1593.62
-75.665
1669.29
-341.713
-350.531
-370.669
539.893
595.059
-502.062
-24.2169
-549.641
500.9
-283.691
-217.208
1757.84
-1306.88
-620.969
295.284
325.685
403.028
357.317
734.298
-291.909
-399.523
-1751.22
1689.85
459.775
-1100.24
640.465
-42.1961
1660.4
570.813
476.303
-1047.12
103.244
1144.41
-1452.02
-11.541
-1887.08
222.318
-594.626
306.643
287.983
-954.713
611.905
-896.536
466.252
-1127.98
672.608
455.367
382.825
270.411
-778.224
-311.354
1216.25
886.229
699.395
-1182.65
456.161
726.486
494.64
699.984
-1194.62
-361.552
-249.44
404.42
-959.364
438.97
520.394
21.2208
-1879.96
1081.32
-475.535
-508.403
558.751
-1378.07
819.318
-435.534
801.286
-405.859
501.426
-711.698
1722.52
403.953
-175.123
213.087
-161.575
-247.347
408.922
1895.34
-504.129
-1701.65
1050.76
-597.046
300.739
-1012.63
552.095
-312.816
544.438
905.012
-1449.45
-1103.07
437.508
-21.0521
-1945.87
1713.22
-664.088
-539.448
460.874
-1190.11
729.233
197.282
200.441
-279.084
773.496
698.832
836.557
816.557
-460.47
1084.28
-490.451
472.151
-187.122
-285.029
-1924.59
-713.145
-317.526
-640.984
-6.41126
647.395
459.814
-272.421
569.308
1065.49
-810.677
923.368
1243.94
-425.849
-179.178
-240.63
419.808
957.899
-888.331
-318.475
-1067.05
610.595
1562.92
-805.934
537.832
934.665
-400.885
737.403
-336.518
1129.97
-273.948
340.624
1349.5
-708.163
-215.079
448.349
-1198.32
749.972
-984.352
-130.581
1114.93
439.916
-954.536
514.62
178.536
732.21
483.058
743.171
-105.517
851.144
-426.249
1182.02
-796.405
552.441
-1465.4
912.954
-1216.64
1800.97
-431.707
-1510.19
879.362
-1401.83
-322.515
-422.377
1457.09
-1526.98
783.816
1491.42
195.77
276.381
-367.676
-1741.68
-288.444
-1015.8
1585.1
-1776.34
1776.34
1573.05
-1004.37
-631.751
-351.763
368.35
604.387
-376.312
-374.867
-1389.7
897.196
1125.09
600.635
1202.41
1789.49
-1216.41
-619.569
272.691
1659.19
-1916.74
257.549
815.613
-1267.98
1545.18
-561.669
794.41
322.709
-354.766
555.449
794.18
662.12
1366.06
-239.082
-445.614
-378.581
494.241
-338.103
471.991
735.86
-312.569
-135.762
-343.884
573.679
-229.794
33.8488
-370.799
1107.36
-1720.28
-452.873
-499.45
-573.994
864.233
698.686
-1596.35
904.544
-452.172
-629.733
-515.019
1251.83
350.211
1723.83
-1702.61
-1661.17
1895.33
-1560.67
840.146
720.523
-386.626
-1799.11
918.036
583.889
818.705
-393.963
1794.5
-681
-421.699
685.407
441.069
-1126.48
-1102.78
444.218
752.835
-1617.14
473.263
900.937
168.308
-393.557
225.248
-1602.63
-388.26
-439.514
990.199
-679.594
1442.84
-977.75
1853.91
242.378
-539.637
491.283
-295.513
474.338
893.408
543.329
977.138
-463.401
-427.906
574.28
882.807
-1392.69
-40.9922
1580.19
-841.489
519.97
971.449
-1475.79
-1115.89
1777.05
-1242.02
-535.029
1206.04
-319.282
-886.762
-184.483
447.436
-262.953
-457.326
-251.28
423.98
-172.699
137.463
-386.903
1736.25
-1741.85
-470.9
-530.878
-903.496
436.384
-198.396
-237.987
631.355
-466.908
-362.107
-327.089
689.196
-938.66
403.624
-1167
676.18
410.687
-644.033
-435.9
1584.05
-866.851
530.198
-458.364
-569.584
-462.926
358.323
-347.544
-10.7792
-1116.47
418.268
-664.99
-1033.53
1698.52
-610.206
-1424.87
711.661
562.318
-1596.25
1033.93
-402.596
-474.604
160.014
538.823
-1258.37
743.354
539.261
1005.92
-2133.17
999.983
1133.19
-378.912
406.689
-381.337
-25.352
1477.99
-379.978
449.646
1196.8
582.588
906.137
566.486
527.983
-1094.47
157.073
-453.496
-1694.06
250.51
1127.51
-623.737
518.636
1013.59
-1532.23
1092.79
-1643.69
186.629
707.698
557.729
-876.204
-1086.33
-166.434
421.218
-254.784
-586.362
-442.861
-636.711
-623.901
344.816
-1619.57
939.369
-477.099
215.657
-390.78
529.786
-307.469
-617.031
1197.02
-1289.99
927.918
362.076
-1022.25
-384.073
-763.77
-829.886
1694.12
-477.325
1795.03
-1585.57
-209.462
-1556.59
1018.64
537.945
-731.373
-252.86
434.185
-181.324
-601.721
384.903
268.925
-653.828
-524.299
1000.45
626.387
-351.833
-1620.23
1050.46
571.809
1103.48
-1675.29
-427.894
-285.719
-374.586
-750.029
-482.782
-332.131
494.977
1557.98
-995.665
-774.321
1497.45
659.25
-321.357
725.883
1152.35
-1878.23
306.756
318.827
-487.51
-1934.09
1721.21
212.88
735.449
-475.554
-259.895
531.866
1060.76
-1592.62
358.323
-1726.13
-233.214
1752.36
-1580.66
1073.73
506.924
-1728.16
2.02503
-522.016
406.689
1700.15
-1721.21
939.366
625.174
-1564.54
371.716
-216.049
-155.667
-424.061
-267.079
66.8715
94.525
-347.385
-425.805
-444.927
-403.554
211.407
1510.17
379.081
-218.431
-446.778
455.18
-191.341
333.203
1510.71
993.914
-167.117
-826.797
-1104.05
1704.91
-1728.92
1063.93
-707.444
-1021.48
-1265.07
1844.98
-579.914
1155.05
-1771.24
616.187
267.751
-877.739
1675.9
43.4166
-1719.31
-491.188
-1082.97
-1736.25
-980.907
553.001
1019.52
590.274
1132.98
-1723.25
278.768
-457.518
700.772
-384.844
391.025
924.434
681.644
-385.428
-649.047
582.937
1072.49
-1655.42
-407.092
-363.489
770.582
442.856
-1662.03
1521.19
140.846
580.145
-1043.74
544.76
1083.85
-1555.62
993.95
-232.851
225.196
338.207
1906.13
445.757
-73.2838
995.848
722.751
-1718.6
-696.828
1085.27
-1557.47
157.642
-570.041
191.514
263.666
-667.169
-564.897
582.658
1034.48
-710.84
-284.798
-1368.45
674.049
694.398
-406.278
754.417
82.5852
-837.002
562.185
-137.19
1557.4
-206.272
282.424
-776.283
-1934.09
1664.6
1024.48
352.723
310.637
456.943
-929.905
-994.682
-1767.26
632.718
1693.76
504.362
-474.624
1210.48
1087.05
-424.946
1029.33
-977.508
488.767
488.741
700.694
1047.9
-1748.6
480.587
486.842
-1493.9
-745.706
35.2533
777.754
-413.573
-892.332
383.928
-539.833
-801.283
612.805
-577.966
1397.28
1055.17
188.932
232.286
-550.668
1618.49
-774.816
1526.81
-1727.83
575.296
1152.54
539.098
-882.522
-1733.08
1916.74
-183.658
1721.73
175.016
-545.703
360.476
-265.951
-481.616
1210.85
568.273
1128.29
-491.168
427.293
856.319
-456.7
-774.04
434.625
339.415
1419.39
1089.55
-518.328
1422.87
-510.514
-533.071
1043.58
-602.808
494.479
-1210.71
1692.47
1839.57
-687.219
1585.99
-646.626
-1240.84
716.54
-562.834
195.086
-381.462
446.125
-235.682
-518.157
-1246.7
1870.95
-624.249
1173.43
-554.597
1120.25
-1659.43
1702.36
-573.983
-547.854
-549.844
1720.07
-316.609
-688.1
-473.412
1223.38
-1688.95
-1860.11
613.412
320.006
-944.247
161.026
207.591
-1719.02
1204.13
514.89
1162.84
558.889
-512.861
-465.439
1191.93
183.548
216.89
588.448
1251.12
-539.185
-1238.58
1777.76
-1025.27
999.986
866.783
-204.064
-1659.19
1702.61
-510.173
1411.11
-1733.08
-349.281
4.86452
344.416
-254.91
585.167
-330.257
91.8364
488.046
780.2
-382.033
1257.51
1270.63
-413.373
850.175
-438.586
1817.53
-662.481
1586.64
-1723.83
-412.821
-760.463
309.782
450.681
-561.014
-563.546
79.7449
-1138.6
-985.247
-670.275
1655.52
-943.7
-1189.47
159.972
-428.204
-647.425
705.736
1167.44
650.098
1410.29
-591.584
1636.72
1318.02
-574.667
-486.326
190.813
-503.321
1396.73
1240.04
-565.989
-999.981
891.349
58.5743
-949.924
603.416
-506.199
1403.4
1495.05
-588.917
-355.501
355.501
-589.566
1623.5
1239.21
-486.372
1134.13
-65.3071
1850.66
-381.728
1489.47
-589.289
-507.698
1347.84
-650.648
1218.63
-567.981
1554.81
-591.862
758.502
577.405
-1335.91
-658.131
285.246
504.739
600.745
-1957.29
-1000.76
1586.64
360.211
-360.211
-61.1918
384.058
438.171
398.605
-14.0434
-325.067
910.505
-521.182
-428.137
812.195
-238.58
616.534
-427.087
1550.94
-444.348
-883.988
177.899
224.874
-402.774
601.173
1250.76
-1851.94
925.558
-459.306
-347.544
126.148
-1943.04
1816.9
-448.882
173.512
1181.04
-440.5
-740.543
-298.66
-593.671
-495.622
-381.337
-474.326
257.118
1158.15
-563.092
232.54
-372.477
139.937
-23.014
-107.683
1375.97
-1268.29
34.6352
-596.328
-586.485
-446.775
446.775
-1262.34
1985.09
-1344.32
-212.121
-1824.33
238.758
-1025.75
-974.244
-179.012
-1639.25
709.345
1229.32
-1925.02
363.738
316.77
-680.508
-1850.02
1234.27
615.753
-559.558
559.558
-958.958
-40.0858
-1866.12
-558.175
1650.84
-676.014
1636.19
-601.704
-181.549
-1705.53
-580.293
-449.826
-594.855
-461.667
461.667
-1537.81
194.529
1343.28
165.002
223.05
-388.051
499.428
494.487
995.927
-475.533
1751.29
769.51
-417.097
391.745
522.779
1702.07
-594.708
-552.986
1636.83
464.205
1812.81
-645.373
-1804.39
-1938.07
-647.078
-474.748
474.748
-601.528
222.947
-696.763
1018.49
-466.395
-1075.53
-294.469
1579.56
1852.29
1635.37
-1635.37
-274.792
740.982
1761.51
595.8
1275.15
165.929
205.786
591.229
589.206
1603.49
-1603.49
216.97
-358.324
-438.409
452.598
950.738
-461.971
-638.822
-1130.96
1706.26
275.856
-1659.47
620.476
-289.025
464.041
1744.65
-592.111
-212.842
-425.54
379.009
733.717
1738.58
-613.493
-511.788
-773.045
1960.54
-870.46
-1090.08
1642.72
-703.737
1223.96
-1824.96
600.997
351.866
-891.503
-185.193
-101.47
1097.56
-486.967
141.672
628.414
-1656.69
432.653
621.845
-1804.39
-583.293
1787.42
883.48
-1162.89
1760.5
-597.609
1783.83
-575.55
-1208.28
437.912
927.769
-1741.85
924.516
-1487.7
254.48
1233.22
-832.897
-1254.22
-372.744
73.1999
299.544
581.763
264.701
1032.72
-439.041
845.477
-406.437
820.459
741.09
-1561.55
644.389
1066.46
-23.9957
-661.82
685.816
-1744.45
722.973
706.612
150.538
-1122.62
1936.77
-674.563
-1262.21
-537.185
1665.48
835.349
966.912
-1802.26
1227.86
683.363
-408.791
709.618
832.973
1027.33
-587.411
1761.51
625.815
1773.56
-1185.59
-587.969
-383.161
-342.05
725.211
121.453
-1185.59
1660.53
-540.282
-1437.78
1437.78
1250.56
594.424
1351.42
206.561
-559.26
281.114
-183.31
699.146
1113.66
476.944
-293.396
-869.533
-575.27
1739.82
-1739.82
997.978
-997.978
987.337
1025.17
-2012.51
1837.96
-613.995
-581.121
836.606
-947.854
-1052.16
998.207
691.225
-1689.43
-512.695
-362.761
-643.253
-808.435
2042.7
-1246.41
-613.701
1002.97
974.858
1289.78
646.999
321.897
1012.69
228.28
341.159
1186.22
1756.89
-1756.89
671.51
79.5486
-385.163
-997.059
-539.995
1674.12
990.333
1009.67
-1833.3
-218.254
-362.039
615.224
-364.714
1849.56
-1077.87
-771.691
390.079
-32.9807
-813.493
-1662.68
1662.68
912.699
1923.75
-648.598
581.207
-479.063
1708.01
-1228.95
728.867
1837.82
1155.13
-613.76
-576.905
1143.39
-812.159
-483.366
932.22
1106.43
397.369
419.188
368.738
1222.97
-1135.16
-585.118
-644.7
-1212.57
1857.27
-122.76
-256.965
338.572
-517.75
1250.3
991.261
785.058
-598.43
1878.09
-650.233
-383.821
652.747
1877.33
740.379
-546.645
371.895
-443.652
1452.63
-753.795
1172.19
588.306
-83.4264
406.334
-322.907
-1244.23
903.121
400.401
1636.62
-712.189
1046.62
904.911
778.188
765.795
591.544
757.944
1002.61
719.911
1835.87
-984.05
-851.816
538.165
-329.675
294.67
-294.67
-383.523
-671.302
286.458
832.322
390.647
346.755
1888.92
-659.601
1097.85
6.04573
-778.732
1118.99
459.353
-1140.08
1140.08
1758.37
-671.316
739.303
452.622
-188.876
900.074
-640.406
1314.17
1200.54
889.031
1143.72
540.442
1096.39
-556.202
-84.782
-1090.55
1115.58
636.331
-1669.86
1198.01
-128.526
546.292
-417.765
224.355
-608.698
1859.46
1074.93
-1074.93
996.945
604.904
-1601.85
633.129
651.417
619.216
1115.31
767.67
-667.358
1731.29
389.876
1060.96
129.609
1563.64
528.23
711.808
-1215.56
-717.447
-527.002
1914.1
-1387.09
1852.19
-601.627
1513.38
-1852.28
338.901
984.039
-984.039
1772.77
-683.223
60.4372
-497.421
388.979
-646.123
1353.53
-707.404
672.925
-655.657
67.2593
530.523
619.489
-1150.01
1489.54
-753.677
1025.89
-1025.89
423.926
-325.385
325.385
314.527
1148.39
-694.831
-896.289
1591.12
1233.39
1266.33
661.074
-1927.4
-1319.74
-713.243
1424.9
1319.74
-545.915
-969.859
789.669
180.189
1154.67
-1154.67
1174.12
533.896
1202.81
-1848.19
1206.3
-1060.83
1060.83
1033.51
1051.84
802.062
586.638
-1764.16
1177.52
1092.05
-1735.44
1069.46
-610.967
-508.553
1012.91
-699.426
585.948
1291.38
1690.01
-830.012
-860
1048.41
-1048.41
-197.348
359.997
-162.649
-770.438
356.865
-1827.06
624.39
1202.67
-768.322
-761.836
1530.16
-319.498
-319.21
638.708
1123.35
1656.33
-716.959
266.26
197.945
875.931
-875.931
873.651
1680.13
-1035.74
637.825
-1278.23
1260.84
-1909.44
1132.26
-1794.74
-269.455
-401.848
1921.92
1135.54
-1135.54
1236.18
-1850.17
598.153
-598.153
422.09
-252.024
-170.065
610.296
953.941
-473.354
766.107
1771.52
-853.482
473.386
-851.979
851.979
1238.69
-1078.98
1254.71
-1868.41
1267.23
-1891.48
1125.48
1551.63
-767.81
-364.171
894.293
-1871.97
977.675
-358.169
528.557
-859.733
859.733
164.063
-458.532
1176.27
-1777.98
1190.01
-725.876
-1025.57
1751.45
591.098
-642.205
-171.463
-343.997
515.46
428.182
320.18
541.043
-368.317
636.777
1289.48
-1926.26
844.107
-844.107
1125.82
-1772.9
40.4166
-471.433
1673.49
1205.11
612.692
-1817.8
370.003
-761.245
761.245
639.427
-1852
1243.49
1071.65
-633.734
-519.374
519.374
1222.24
619.852
-1842.1
1160.28
-1752.39
1123.19
-1763.03
639.842
580.46
-1390.7
810.235
1237.85
621.609
-1771.15
1173.54
488.336
627.928
1229.34
-693.348
-1368.14
1773.68
727.186
-727.186
1095.05
-1734.46
639.41
-827.186
388.6
-719.562
1717.77
234.008
301.302
193.675
537.563
1224.29
436.72
-852.2
-808.174
1660.37
-1166.69
-660.37
555.564
-1530.92
-632.231
1085
-694.195
665.627
-665.627
1010.27
-1010.27
-605.789
890.317
-723.016
1876
-642.61
-207.129
179.211
171.992
-351.203
610.876
1112.18
-1723.06
1813.99
-576.134
-719.386
1895.65
1079.51
-1772.86
568.825
-393.682
-524.57
524.57
157.996
200.353
-358.349
1836.04
202.517
146.575
-349.092
-279.748
605.521
-605.521
-1215.65
1767.92
-552.272
700.248
-434.444
441.381
-229.974
195.846
151.679
-347.525
1802.7
-1817.27
-1745.33
1131.84
567.788
-398.47
200.716
160.227
-360.943
-1685.75
660.48
628.375
-628.375
562.797
545.609
-321.254
-2087.53
-1193.41
-675.852
1878.66
1134.31
-1721.68
-1230.63
620.463
1707.33
-1091.14
-1169.44
202.771
160.662
-363.434
-583.577
583.577
34.8255
680.156
1092.93
-1773.09
1131.18
1099.82
-669.642
317.405
741.448
-741.448
-1465.42
583.08
882.336
1083.29
-1678
1810.55
-604.245
410.996
-715.928
-1640.74
1039.04
-598.635
1796.65
280.388
565.969
-565.969
1633.28
-894.358
435.052
-713.045
713.045
-1097.52
-850.113
-452.619
196.702
171.797
-368.499
655.628
-1301.75
-471.277
-1654.14
1069.02
527.751
558.405
135.381
210.054
-345.435
-1204.07
1805.06
-608.664
-1280.41
-782.36
1602.82
263.81
519.036
-285.776
626.289
-626.289
1792.34
1497.74
316.25
-621.778
621.778
718.627
-469.642
593.211
-403.271
-200.574
466.834
-505.875
198.407
726.628
-489.003
-713.299
329.477
-1658.97
1118.69
1091.01
827.366
-565.644
1452.13
-1557.44
965.576
1002.78
-1673.05
611.018
1106.16
-1717.17
-1587.02
1022.88
618.212
-618.212
1223.53
628.764
-1123.03
1099.67
-659.961
727.415
-458.969
-1486.34
897.42
1033.81
-1627.78
-1183.27
-580.89
1956.82
-999.114
523.582
981.826
-1628.45
-158.783
-554.516
1603.66
-17.0179
-668.917
1209.63
-1885.48
551.739
-1681.11
1101.46
-526.996
314.234
212.762
552.819
-1196.85
1845.14
-1528.76
957.988
-258.823
-245.777
504.6
219.601
-459.345
-385.166
1451.63
-754.412
-823.835
1578.25
740.738
-1839.85
1099.11
-316.089
480.152
-1922.61
1949.28
-1949.28
-1802.36
807.676
1881.24
-649.712
172.9
-416.78
-537.756
-341.547
-879.957
388.293
-595.054
1980.16
849.647
-493.128
-356.519
-1664.54
849.958
-1865.75
1049.31
727.745
1836.09
-282.625
1669.23
1787.52
-586.979
-1627.67
545.692
1081.97
872.586
-1627
-606.1
-667.978
-129.66
640.124
-364.269
153.848
407.664
1010.7
447.592
-1458.29
1675.34
-543.502
-562.581
1638.66
-1703.97
924.375
-497.081
-1101.64
614.676
-26.5152
-1423.57
1630.67
-524.51
-1435.36
860.095
608.976
-1679.38
1070.4
1671.45
-588.159
-1286.91
-689.802
1919.14
-1621.23
-14.1397
-367.108
-1799.2
602.386
-1179.29
-1468.15
878.865
-502.187
923.05
774.192
-1697.24
1006.3
-1431.17
424.864
-64.3715
-234.419
-164.089
-1372.84
388.484
272.983
-939.353
529.343
-1518.07
749.752
-1596.44
790.501
-1115.22
2009.51
26.9668
-607.518
1772.83
941.791
151.497
-1819.68
1169.97
-625.652
433.138
-445.458
1071.27
-101.168
-1082.05
1183.22
-485.553
1244.06
818.682
-1648.57
194.284
1196.7
759.582
-1534.4
141.724
1670.43
609.073
-1536.84
943.936
-1538.99
-550.426
230.928
-1398.95
912.581
450.974
-109.65
1204.72
-571.793
401.989
-720.563
1397.4
-676.834
-363.696
559.677
-331.577
-525.63
810.876
-1372.68
806.745
-495.154
-696.721
-363.796
-463.39
1853.05
-1066.68
-656.384
-631.456
1870.14
-1268.29
469.113
-1239.67
799.169
-952.204
851.036
-1302.74
741.724
-830.242
-274.622
-742.925
320.548
-484.494
1209.67
606.936
1026.34
-6.59744
596.145
-99.1013
422.244
-230.729
447.619
954.254
1065.35
182.806
-1414.33
822.744
-749.665
-1128.8
388.26
-1338.36
763.692
-1593.41
751.922
1264.2
454.831
-222.544
-747.645
1325.05
-1082.81
-651.655
459.817
-340.483
28.9757
994.17
-1119.49
125.324
648.484
-729.822
210.652
-1745.13
-774.2
319.88
-229.775
1087.16
563.214
311.212
-874.425
-595.757
-816.367
366.541
-458.34
-24.0192
1443.55
944.14
257.749
274.205
-531.954
-686.469
1787.92
-66.9
-450.293
690.304
176.137
357.039
275.679
-596.539
1676.87
1382.19
1829
358.712
1079.66
-1766.13
793.309
681.785
-1475.09
-1505.33
1095.02
-1061.36
1709.85
-651.825
316.516
-792.305
-570.11
-989.041
1559.15
-1031.06
256.35
-354.422
1078.89
-1538.24
703.244
-1515.22
-855.77
579.837
275.932
-583.216
535.557
736.597
1112.96
-1668.23
1668.23
-599.449
807.009
1147.15
928.416
-1527.86
-604.872
-947.895
-416.747
-477.611
-287.247
616.257
650.863
-1424.67
-1590.68
723.829
865.058
-1626.89
637.157
739.384
740.455
-1516.74
-485.3
1390.21
-752.441
-520.233
1272.67
-1252.4
686.412
930.507
-402.464
581.074
-1312.45
-1382.19
-1339.22
615.868
723.356
-573.661
642.63
-1291.84
-682.977
741.07
-419.173
803.337
527.981
679.256
424.144
-1176.58
340.184
490.786
-830.97
-427.307
-104.158
875.859
-1592.82
1663.5
-158.292
-1053.09
-626.289
368.908
283.839
1654.66
-556.807
1476.2
-578.783
492.115
646.139
-1510.03
863.892
-1230.66
662.677
-1217.2
-493.637
1136.27
1168.63
704.152
-1224.38
735.749
-1728.21
846.624
467.566
1009.36
-471.801
-164.808
-1050.99
-257.41
414.483
-474.509
673.349
-1569.64
-1183.63
524.574
1034.79
705.429
-1199.07
-603.042
-1634.56
0.633539
359.842
411.652
-901.299
1526.47
326.019
789.645
-417.75
5.19541
1574.56
881.839
-350.872
312.558
38.3136
-470.372
1238.04
561.573
-1046.39
484.816
-326.019
-21.5256
531.374
-1071.18
539.802
1179.11
-413.319
336.398
-745.189
72.5664
941.506
430.956
-230.516
-500.366
-1065.46
-1191.76
637.159
-713.804
-1609.73
-658.574
797.949
608.059
870.798
-1478.86
1037.64
-1085.18
1660.61
-621.569
-485.339
-315.342
1158.53
-291.191
348.337
-390.515
42.1781
-735.219
-594.492
-1412.96
783.229
-975.697
-626.152
-46.595
-14.2619
-244.279
486.828
-1144.96
248.843
-294.836
45.9933
-1092.08
-589.038
-676.517
586.979
-1150.07
-181.03
346.771
-397.231
50.4592
423.591
379.746
-1097.41
-590.93
815.036
430.92
-495.422
916.652
629.602
-1546.25
899.763
229.212
862.361
-438.435
461.439
526.024
511.902
-1037.93
596.437
486.934
-1083.37
688.842
607.583
802.453
-1410.04
969.085
1125.72
-638.891
943.233
647.888
879.664
-39.3379
574.594
-1102.45
300.947
-356.339
55.3917
466.06
383.587
-404.19
333.033
71.1563
1112.42
508.21
-1016.76
-1631.44
863.628
1421.86
-757.583
-446.879
366.56
80.3185
1127.57
-709.306
191.168
-1072.99
1712.4
324.698
-407.722
83.0236
1477.97
-599.101
352.314
-436.3
83.9865
-621.74
257.471
-468.827
399.14
69.6865
393.106
-451.726
58.6199
395.556
-440.974
45.4181
460.545
-477.766
17.2209
-445.199
463.073
-17.8739
459.242
-432.457
-26.785
435.964
-401.823
-34.1409
431.96
-391.906
-40.0539
417.067
-372.148
-44.9191
-385.441
441.138
-55.6965
417.81
-359.686
-58.1247
395.028
-334.999
-60.0287
-401.638
464.32
-62.6814
-20.768
-801.197
489.927
-158.333
754.917
-685.22
467.74
510.191
651.148
-1458.62
807.471
-596.635
-648.009
429.917
382.278
415.768
-428.481
350.971
77.5104
379.886
-755.793
375.907
112.593
1571.45
-605.877
-1292.65
192.021
-559.696
444.938
-927.223
482.285
534.057
391.683
-841.909
450.226
1687.96
-743.817
1500.4
-879.307
-1587.77
-798.11
1763.72
-672.705
476.992
-952.527
757.89
-1354.53
1112.06
1584.21
511.101
419.406
435.955
353.14
-435.348
82.2083
-897.218
452.291
-379.892
432.462
-52.5706
-758.492
-569.955
504.691
638.7
-422.705
-579.476
1646.07
-575.667
492.739
534.588
507.817
-1016.56
508.738
-1537.46
1173.76
-686.797
1693.1
1127.16
-598.94
-362.139
-408.337
415.866
-7.52946
-284.765
432.648
543.786
-1039.41
477.045
1178.85
-548.497
-545.972
-327.463
344.657
1057.91
-354.017
-633.942
-535.499
511.801
-1058.4
546.6
1425.34
-602.593
1400.95
-500.878
496.424
-981.763
429.461
-380.429
-49.0322
204.471
-884.956
-671.112
1469.11
351.987
-826.925
482.724
-944.695
1831.84
-959.258
-736.018
282.522
542.969
593.498
652.258
-1245.76
684.376
-1432.55
748.177
1074.21
468.147
-906.557
732.277
621.249
-504.734
1417.43
-1770.34
1503.15
267.184
272.354
1453.6
-1020.36
1512.87
184.752
-712.868
245.96
438.609
-861.314
-641.056
-1110.41
294.566
1119.37
-161.385
1289.83
-603.415
-1600.39
1098.2
1921.15
-1110.49
-810.657
-581.459
844.328
1041.93
418.248
-824.685
-808.316
-1121.45
-648.201
-500.99
-383.917
-1350.15
-243.471
315.237
-574.777
200.982
433.379
-830.318
226.443
-648.143
854.661
-1809.98
-852.429
198.583
167.47
-366.052
-931.656
456.78
-1098.65
894.75
1016.32
428.956
1416.65
-1534.67
698.11
279.849
780.456
1379.14
575.477
-1183.54
608.064
465.935
-858.067
-889.592
1879.93
-445.118
186.295
-558.982
1120.56
208.846
625.538
688.63
-198.142
-396.748
594.889
1604.53
-1008.08
-509.057
1147.76
332.337
-269.302
-63.0342
628.353
-1256.68
-852.197
341.418
510.779
-1122.77
-1621.18
782.567
877.807
650.593
722.142
197.602
312.589
140.485
-511.837
371.352
544.519
-298.284
704.39
-1189.94
542.601
399.518
-781.55
-782.769
-627.267
0.423398
1603.11
-982.634
-819.435
968.678
1529.47
-851.008
-678.459
343.734
-690.244
346.51
-540.179
1298.12
1268.51
182.874
209.233
-1053.76
742.905
681.998
-512.143
143.826
-458.433
261.459
196.975
234.255
1469.11
376.48
-734.804
644.587
967.377
-1537.49
184.56
323.28
336.363
-659.643
1189.39
-602.412
362.706
698.897
-370.179
604.187
1282.78
476.548
-935.771
459.222
542.984
530.512
-1073.5
676.836
-1426.87
894.688
-451.469
-597.102
1679.08
-595.026
1781.37
-1186.34
-626.725
256.547
1510.53
-774.781
-356.259
889.333
292.971
-910.314
-387.093
670.931
822.295
-734.486
1277.8
443.066
-895.962
452.896
-1063.15
-756.533
-763.941
-1060.38
-974.668
-714.765
597.782
-597.782
-7.73926
-732.189
539.276
-1528.32
809.663
199.529
405.071
-753.67
348.599
656.562
872.905
-1291.83
1831.11
-887.436
1659.89
-718.096
1267.79
-864.357
458.463
-247.811
1404.14
307.874
-596.349
288.475
-1071.22
612.879
-934.241
1534.99
833.624
-129.708
-462.561
844.839
416.226
458.211
-395.126
-63.0844
-1639.34
781.275
-569.122
165.851
1630.92
-878.996
1122.77
17.3012
1523.68
-652.26
-1129.15
-409.723
-558.667
-860.143
-1678.79
1052.5
507.05
-590.203
83.1534
-270.781
336.754
-751.271
1846.57
-6.29218
280.257
-599.467
-1523.68
-138.997
1121.89
-685.498
-436.391
-726.85
-117.257
583.602
275.189
-764.191
-591.162
1768.69
383.086
-742.798
1821.69
355.873
-881.504
276.221
292.044
-568.265
-326.449
366.964
342.654
-1377.26
-419.082
223.816
234.646
842.178
-1115.13
455.17
1075.84
-45.3211
-584.243
1156.37
-553.989
-945.565
-445.13
-493.462
-811.617
1305.08
-613.569
96.2833
232.656
-222.946
-944.057
1372.46
-428.399
-499.039
-681.036
1296.9
253.028
-516.961
263.933
619.063
1390.45
618.003
-1549.66
1178.96
-816.884
-467.948
-539.561
281.329
-342.104
60.7749
-544.558
-254.031
-9.90559
-626.967
-1197.46
736.599
460.859
-572.965
1098.65
-669.655
1393.01
-585.311
255.054
1637.37
-913.542
726.85
34.3942
-60.8311
239.498
-485.275
803.993
-534.242
918.832
640.319
1020.59
-446.153
781.11
-1370.52
672.341
-247.675
1052.15
-654.335
1154.06
-373.555
333.469
-571.468
-890.544
1599.89
751.271
1731.12
527.816
-329.409
-529.716
866.684
-486.798
848.421
618.377
385.004
-322.526
-62.4782
712.99
-1600.43
-409.037
969.861
-636.859
-845.791
-742.587
390.931
-329.593
-61.3377
-453.652
-496.488
-602.797
370.71
1094.65
-633.21
876.074
-509.532
584.172
-425.167
1305.61
-1684.7
702.067
-1797.53
607.932
-530.855
505.536
-842.268
336.732
220.217
-543.829
323.611
-763.12
382.671
-353.365
172.682
567.305
-287.437
-468.313
1172.46
1119.31
-683.351
-587.864
-466.002
400.558
-431.942
31.3846
-500.236
193.831
449.663
-207.537
-340.06
-303.551
761.155
-1076.5
482.997
943.35
1036.81
-454.113
373.416
326.449
483.682
1029.34
504.818
852.482
1068.67
821.503
-1473.89
652.39
467.318
-1259.44
679.961
-192.905
-265.528
157.769
-391.069
603.164
794.233
-596.761
-160.634
238.423
237.148
210.471
1656.34
-460.724
-736.129
-316.649
368.629
-51.9796
1164.77
-469.744
-695.029
438.799
-395.199
261.815
410.526
-575.8
493.943
-718.284
1151.66
211.154
644.237
1399.17
-1204.64
695.72
-425.394
150.732
-185.606
-682.482
607.145
521.696
-316.092
1101.49
-661.96
1127.89
-494.684
1200.11
749.25
-618.654
369.456
-48.8149
1512.49
-773.103
1654.25
-993.768
1370.52
-1240.02
254.031
-84.7698
602.53
-780.297
-781.251
-405.745
1252.37
-62.8793
-520.738
-264.262
-1190.83
-589.299
732.135
-277.463
891.289
-456.237
-362.915
173.372
231.125
582.376
-218.413
-281.708
1230
-591.995
-542.589
583.228
-656.73
228.645
68.1499
385.653
-326.025
-59.6281
248.27
-1084.46
765.571
280.004
-1016.13
365.094
202.8
-567.894
627.219
-257.474
700.844
-443.37
-774.672
-378.563
-1024.9
515.509
461.538
-1179.82
-878.449
344.207
-122.181
177.524
933.27
-55.408
497.6
-1159.56
1782.73
-900.889
-56.1702
30.1364
25.1614
35.3423
636.077
-472.792
104.179
-700.914
-433.18
-625.221
-507.071
782.26
-444.01
-963.293
-1211.9
-94.9773
-461.699
754.67
901.5
-419.215
158.482
-355.831
-29.3415
784.942
800.798
428.316
-324.45
379.203
-54.7528
-494.822
-625.325
271.308
-629.207
287.351
701.466
-221.568
319.572
1159.21
61.246
-518.685
647.056
-1593.76
946.707
299.28
180.872
-395.683
578.46
-378.931
223.72
-685.419
-413.699
183.183
-259.453
-215.79
924.146
762.847
192.321
323.14
-952.257
523.97
-84.3771
278.342
-749.242
-661.743
-968.308
801.191
-1220.65
-895.592
303.805
-502.942
148.579
-354.566
-428.264
888.329
-341.729
-477.373
697.189
66.4683
395.199
463.981
1154.36
-742.235
57.313
-385.711
642.258
-527.165
-627.381
732.21
-435.077
1209.81
-318.078
283.222
34.8563
1779.07
869.197
515.534
-332.659
863.715
-1428.09
-1840.4
856.351
762.438
-333.998
1603.66
506.421
109.256
-137.37
-179.824
317.194
1695.65
710.044
-1386.88
1687.48
-733.222
1036.5
-42.3336
1217.06
52.0334
280.143
-723.004
-262.958
-345.039
300.021
-796.509
1020.05
535.565
228.354
-667.869
-701.267
-156.695
1209.09
-243.888
-268.021
-184.616
-137.211
321.826
-1032.35
-214.562
-689.762
-616.721
-1306.82
533.779
-548.363
-1246.84
1100.74
737.427
-338.07
-87.4701
368.267
-310.864
-57.4038
1771.06
-519.769
133.801
-356.345
-69.3017
-455.875
953.045
-639.513
482.906
542.953
-633.171
-66.606
299.07
-113.15
286.369
150.015
209.982
-1154.36
-407.664
-191.409
-137.031
328.44
-757.282
-809.801
-373.74
-81.0748
-887.233
-1119.77
-1464.15
-535.889
-1464.15
1466.04
533.964
1466.04
345.039
-318.662
127.287
1034.7
724.508
1272.95
-1120.88
-461.721
-850.726
-437.261
-840.788
-256.615
659.019
-396.678
297.215
-1752.17
-443.219
28.6027
-373.211
732.922
-574.433
408.32
-665.795
-484.513
633.894
-431.094
-1114.3
-725.55
668.786
-1699.84
-771.615
-687.004
1679.72
-504.012
222.304
1056.29
-560.897
-100.923
-88.0171
-1467.24
582.282
1566.45
387.508
-1419.62
-466.72
-1398.88
250.822
-1015.92
460.792
440.707
1009.52
-862.976
-136.004
-212.98
348.984
-1292.65
-351.508
440.716
-239.733
-771.676
-439.037
-592.232
1486.98
686.581
360.869
-763.849
436.375
1127.97
-699.016
-819.909
-651.038
274.727
-648.062
-24.575
-471.79
1241.42
-852.936
1461.85
-384.805
-363.189
742.096
-391.885
-899.932
-830.957
-429.761
494.078
-357.934
-139.586
497.52
117.649
418.667
-455.524
1422.44
1573.04
-604.362
-625.263
1155.79
-968.922
260.286
-300.165
-450.65
1099.58
-533.243
-211.945
946.887
-441.425
-155.122
367.186
757.282
-1342.45
-25.5054
-445.772
-251.168
251.168
-321.432
-432.238
932.407
-617.147
1297.11
-414.171
-511.514
-1585.99
825.265
-328.026
-346.24
-1193.94
1176.84
-568.78
177.011
414.088
-891.699
-722.859
264.944
492.026
-295.051
-633.311
-484.312
-215.649
-150.788
366.437
-819.741
-146.639
-214.694
361.333
-215.682
-139.987
355.669
-276.53
35.2479
903.185
-1516.92
362.759
-190.767
189.404
-968.136
1043.92
-500.949
-675.896
-404.947
1080.84
939.738
-223.499
-147.375
370.874
-389.685
441.718
1350.78
1661.44
1282.78
-1480.52
716.676
185.424
461.971
93.7397
-344.908
454.434
-295.25
788.356
-439.757
497.841
-693.693
-608.059
-465.371
150.959
515.747
-38.274
-471.754
-400.949
-656.491
-1581.4
773.086
-224.495
-150.152
374.647
-887.995
-512.161
1610.37
-1520.85
-868.458
1129.88
-1175.2
1600.77
1057.16
-818.797
-899.802
126.023
-613.763
1671.68
898.306
910.727
679.757
-260.292
874.88
-350.545
-294.848
-369.847
712.501
397.423
577.459
601.574
532.496
-347.935
749
332.373
1579.71
1396.75
-463.483
315.126
-363.942
-671.264
-10.1221
160.902
-883.075
362.288
-800.128
946.076
835.291
228.645
-262.924
475.686
271.099
-582.218
783.342
208.947
215.151
192.161
1560.24
48.3887
905.586
-953.975
475.473
-402.329
174.969
-1098.85
473.63
55.9281
819.523
908.199
-179.662
-180.988
-386.906
-367.201
-511.248
-609.2
246.284
-929.365
462.884
-468.077
-354.146
68.4047
755.223
-457.204
894.366
-83.7973
-475.899
576.003
885.842
352.46
-193.445
271.134
932.009
602.978
53.3506
304.021
262.5
-1225.49
465.371
-902.498
591.158
311.34
1688.74
-429.319
-334.576
273.073
-404.272
977.001
114.373
336.693
1220.71
1514.68
-650.783
-679.532
688.831
-311.576
841.225
-529.65
-680.027
659.259
-398.421
823.264
382.448
612.133
-379.707
-1347.91
1038.6
-249.722
1857.45
-680.909
196.642
528.386
-201.199
695.685
-314.234
240.315
-1100.06
433.404
-1356.59
1339.56
406.586
-229.362
-148.555
377.917
-783.998
-1623.65
-924.124
167.598
52.8064
-611.905
1015.53
1190.83
-668.049
-754.945
-663.109
554.189
499.781
528.334
-1225.05
930.635
-250.057
1175.07
-526.266
777.205
-1290.07
1098.67
-85.9447
314.59
-605.568
1390.51
229.055
-630.316
-907.171
399.784
1200.52
203.647
213.849
44.1788
-966.19
907.492
-971.863
-243.288
319.114
760.011
711.339
1155.05
354.051
-661.755
-328.368
-323.389
-290.031
-730.091
-455.382
540.127
-391.68
-21.7491
83.5298
-43.5018
-756.284
300.409
-1331.93
290.88
496.247
669.447
-1165.69
-1098.47
-356.597
-384.951
-1009.52
-1135.27
-1517.37
617.311
-327.034
-1103.8
-376.301
-381.848
778.49
396.114
-1095.13
-61.5026
346.628
285.808
282.092
607.163
-1016.85
331.096
-430.07
371.049
-215.669
-399.668
-196.235
-1530.25
290.324
-1508.56
-1457.75
-213.196
1087.64
42.2426
-454.133
1052.49
-547.676
-677.478
1127.14
813.273
362.412
-771.45
683.161
-268.119
-379.943
-407.223
-563.132
1046.81
362.288
-183.506
-178.782
-337.897
-800.744
-401.643
1202.39
1914.46
68.3393
384.121
182.481
-539.203
-303.065
287.002
329.002
-123.801
-205.202
-376.329
168.038
-397.582
454.895
-406.655
769.067
631.363
463.326
-419.147
-363.675
-91.3626
-907.459
381.23
-238.324
-759.164
639.614
501.115
1168.17
1019.85
-1154.21
791.157
-543.133
-115.167
1547.57
-577.661
1101.63
-328.62
1648.2
-125.882
-216.222
352.42
921.189
415.999
-1375.26
-329.64
-1429.81
1315.19
-635.428
707.126
-1351.66
668.973
358.836
-452.264
-626.868
-556.876
494.986
-204.551
-978.305
-833.488
294.284
1122.99
1511.18
1003.79
224.02
472.296
44.1365
443.4
511.847
969.976
569.986
-321.716
-292.457
1527.29
-177.84
888.097
-1353.7
955.88
444.659
-606.885
-190.507
-489.52
334.746
-590.412
1131.06
551.793
-313.371
325.434
435.56
-317.911
244.948
-430.093
-137.567
-803.99
334.349
-600.836
-492.285
417.098
-1013.1
197.802
1009.69
507.571
804.949
353.786
-243.812
-403.105
1530.84
-750.04
-475.451
18.19
-745.284
1165.22
-1708.89
1173.22
-205.351
1324.18
309.492
-351.686
-174.177
584.703
-350.238
464.365
1517.22
-148.173
327.363
-539.545
1391.86
-1193.19
-1323.84
418.643
399.78
-967.443
140.646
-354.681
343.437
-374.287
466.538
1060.75
-561.393
-570.726
1203.69
-1205.01
523.317
328.42
-1189.95
-1271.18
-254.919
77.402
-483.246
310.174
-759.705
292.985
-49.1811
-607.744
417.237
-371.87
264.403
-145.088
-899.574
-472.245
-353.416
1115.98
-382.862
-296.03
282.235
413.067
429.596
-535.134
270.026
1632.57
-1575.08
-303.794
530.163
-88.5948
-719.419
290.082
75.8261
-1099.08
-429.235
-880.284
261.63
967.644
-331.914
-958.152
-331.016
-5.22881
204.086
-701.738
777.765
-708.787
498.314
-160.326
-238.884
399.21
-337.496
55.8823
-349.278
973.411
998.814
-406.604
181.24
172.545
-651.201
223.921
500.809
-540.147
1080.08
236.303
-379.514
1128.15
-633.16
-271.248
290.534
143.72
-1671.56
366.299
1330.17
184.504
75.9955
4.06205
-425.854
191.971
1473.98
164.995
-802.302
425.349
-1532.95
1543.63
274.71
-158.377
-437.951
-188.556
1107.27
146.645
-285.139
314.659
-326.63
659.003
642.987
294.616
-628.335
-983.783
191.348
-157.539
591.92
-327.473
654.836
335.71
306.548
-774.247
1188.55
65.8702
366.803
-480.505
769.965
323.639
718.406
350.081
118.714
-625.285
912.611
307.25
-459.295
275.537
267.064
-941.762
-212.443
31.7517
-137.984
1500.9
-293.701
1336.41
-195.532
342.177
325.759
-1136.72
424.035
-817.238
357.943
-329.686
-674.994
1021.07
655.799
-487.488
-756.306
236.537
394.098
265.769
-337.849
-143.239
335.211
-557.818
-983.909
691.948
183.449
-607.867
-177.749
-759.711
-463.321
-123.002
-844.441
-158.171
1052.77
506.755
1723.05
-622.308
-83.7663
418.486
-660.571
-175.402
-154.284
-497.26
-122.631
-1465.21
436.594
-223.538
-302.9
-456.104
750.388
348.8
552.122
602.17
-307.36
565.266
201.516
996.309
-810.048
1290.58
586.531
384.267
-308.272
-544.446
-43.8407
-432.058
-1010.24
41.4405
-376.847
-380.812
67.8227
-338.771
-791.346
107.598
-12.8334
119.112
1112.74
-551.119
-120.673
803.806
288.952
-359.771
-980.969
625.867
-368.369
278.931
803.746
327.356
41.3881
-427.929
-250.094
1443.36
485.208
251.27
-99.2353
1211.98
-205.453
-166.418
379.8
-840.324
-230.406
204.724
149.957
-328.739
1380.31
-498.709
-177.999
-144.324
69.4781
12.2209
-141.653
129.432
-18.7371
19.6079
-0.870794
-329.351
226.197
103.154
341.416
-54.4693
-286.947
-183.89
234.953
-51.063
-14.8884
178.536
-163.648
-4.14873
-7.80955
11.9583
43.9819
-26.0487
-17.9332
186.993
-174.772
54.29
-238.18
200.3
-115.481
-84.8184
388.861
-407.244
18.383
19.1688
-12.6153
-6.5535
159.348
40.9521
-216.048
298.291
-82.2427
-57.0995
66.5163
-9.41677
427.627
-165.587
-262.04
-219.121
106.598
112.523
-41.7961
116.185
-74.3889
386.345
8.21907
-394.564
-494.449
465.472
28.9774
-8.40106
-43.9529
52.354
-14.97
-0.4645
15.4345
-136.125
121.236
68.7003
284.297
-352.997
-232.203
9.06541
223.138
265.267
-409.383
144.116
-42.9146
240.416
-197.502
-1.45119
-1.99843
3.44962
86.1312
61.6852
-147.816
-3.46926
3.89199
-0.422728
-3.46662
3.88972
-0.423097
-3.46702
3.89047
-0.423454
-3.43978
3.88423
-0.444447
3.43554
-3.87218
0.436642
-3.43976
3.88399
-0.444225
-260.776
217.861
-27.3468
182.541
-155.194
-29.1188
20.1632
8.95561
184.835
242.792
-338.6
297.477
41.1229
-1.88747
0.436276
-13.0827
-0.695345
13.778
30.6246
102.544
-133.169
16.8333
27.1486
390.212
-321.512
107.302
-301.405
194.104
249.106
-255.418
6.31112
105.835
-133.168
27.3331
-2.99891
24.9522
-21.9533
195.251
-164.626
94.9257
70.5311
-165.457
-113.256
-104.797
218.054
-9.38288
-9.3542
117.203
-144.55
43.7428
52.7417
-96.4844
284.273
67.1357
-351.409
17.7582
-21.9069
33.6038
-42.3414
8.73762
-17.7998
-11.319
-88.7503
31.6508
-3.65125
3.03898
0.612269
277.47
-28.3638
63.3523
-61.7057
-1.64664
5.1882
-131.884
126.695
360.332
26.0124
-7.21945
7.21945
-303.194
-7.32572
310.52
17.948
9.27787
-27.2259
-7.70508
-0.247231
7.95232
-250.792
-144.099
394.891
-260.691
44.6432
333.525
7.89071
7.60258
0.339847
-7.94243
7.67382
0.281633
-7.95545
7.60081
0.337195
-7.938
7.60141
0.336712
-7.93812
7.73389
0.283161
-8.01705
7.67386
0.281303
-7.95516
-13.8755
0.7928
-2.66687
-12.3031
27.7454
99.5543
-127.3
0.720554
13.0497
-13.7703
-201.616
88.3597
154.469
-149.281
-18.0286
-173.983
192.012
-132.047
159.793
388.283
-123.016
8.65316
1.2753
-9.92846
-94.6032
-124.518
2.90973
-2.58583
-0.323899
-460.09
299.519
160.572
-275.054
220.585
271.048
-245.828
-25.2204
-204.112
311.413
-46.2765
377.261
-330.984
-200.561
244.204
-43.6436
-270.385
133.056
137.329
-273.122
-56.2292
-3.90228
4.42954
-0.527257
-4.18954
0.720286
4.00271
-0.567175
-4.18923
0.722605
-4.19145
0.724434
-4.03839
0.598611
-4.03709
0.59733
-227.316
289.781
-62.4657
-111.203
206.129
-161.677
330.511
-168.835
198.649
-403.459
204.811
440.557
-181.339
-259.218
0.290508
-0.286406
-0.00410192
37.5047
351.356
-114.3
136.457
-22.1564
40.5381
111.27
-151.808
2.75031
-1.94528
44.5711
-42.6258
-123.411
-22.2978
145.709
15.6305
320.929
-122.28
-65.0491
105.587
11.69
-12.5733
0.883253
-4.39317
0.490891
173.474
-193.044
19.5698
-3.39105
-0.260201
101.792
-58.0489
2.33393
0.5758
-0.752858
0.473842
0.279016
9.09799
92.6936
-192.52
281.717
-89.1973
116.992
-41.0397
-75.9525
15.6688
-3.97877
-207.94
362.231
-154.291
165.723
274.834
32.1964
31.1559
61.758
-103.554
-436.205
389.928
-321.027
153.834
167.193
127.916
-97.8861
-30.0296
-116.538
-20.8193
137.357
43.2468
-43.2468
-227.316
180.311
-285.109
2.74695
108.523
0.156192
17.7918
-3.5921
4.02366
-0.431555
-3.65692
4.08661
-0.429696
-3.59199
4.02362
-0.431622
-3.51498
3.96092
-0.445947
-3.6566
4.08738
-0.430776
-3.6571
4.08784
-0.430738
-5.2223
27.4496
-362.3
334.851
-48.0144
-13.6912
184.984
-245.943
60.9596
-64.8384
56.4373
267.042
-285.07
-21.1992
-20.3353
41.5345
-0.0304129
-30.1992
30.2296
-314.313
-24.2878
239.969
139.212
-379.181
-6.17502
49.4218
310.093
-25.8194
88.502
-296.441
-434.956
184.164
10.6336
8.97429
238.075
68.5894
-306.664
101.98
-401.165
299.185
95.0481
-299.16
-406.301
78.6656
327.635
6.89823
-89.652
327.727
-5.49031
23.2485
-0.690234
-0.0626249
44.7874
245.67
-290.457
12.5707
6.5981
-23.0923
-279.333
302.426
-6.84421
-0.375235
225.613
-383.861
158.248
-45.9683
-216.983
-128.452
-238.25
37.6896
3.56076
-3.99363
0.432871
-263.788
-102.264
0.293473
-0.00296514
-45.777
-93.673
139.45
122.044
-35.913
-1.99197
53.8561
-51.8642
-74.9648
127.707
-22.6124
-19.5798
42.1922
-14.3489
0.208725
14.1402
-135.877
-273.506
114.804
17.8749
-132.679
-329.025
-165.425
-113.098
62.8941
50.2035
180.625
-7.15022
-317.592
155.915
-26.934
190.464
-163.53
-353.317
187.73
-121.009
-7.94551
128.954
-100.31
-51.4973
-35.0231
7.42139
27.6018
-271.915
194.591
77.3239
38.287
-152.587
28.4656
-30.4576
-36.1461
30.6558
79.387
17.7102
-97.0972
-283.671
-5.54852
289.22
-176.562
131.21
45.3522
61.1879
-137.67
14.2592
-122.332
5.89374
116.438
283.049
-188.001
-207.817
64.2813
143.535
175.91
-73.3653
-177.544
-175.773
12.8166
-115.954
103.137
-125.59
-200.748
16.7121
184.036
-148.025
127.414
20.6101
12.0842
104.908
-301.389
53.102
248.287
-265.684
73.1641
-73.8568
86.6734
-8.02321
-26.9999
-1.45377
1.45377
-169.667
-31.9493
81.3691
-1.98206
-2.65141
-6.73147
38.4455
-46.4688
-212.177
290.262
-78.0847
69.5401
-15.5952
4.45891
11.1363
6.94341
43.4259
-50.3693
0.528995
182.012
79.6891
-326.83
247.141
-9.766
-26.3802
47.3884
131.148
-8.15782
-139.867
40.2036
-49.9696
18.055
-125.829
-9.07396
134.903
216.076
16.1742
-232.25
-0.259627
0.318863
-0.0592364
-19.7451
44.2384
-47.2373
262.92
13.2075
-276.127
5.20799
-7.20642
-227.316
0.88114
0.627896
-1.50904
-28.2784
-65.8024
94.0808
-136.646
95.6058
23.5992
-26.266
-6.05134
-39.6259
-223.897
263.523
54.7049
-54.7353
19.8145
-15.2415
-4.57304
288.436
-48.467
-139.116
158.686
4.14988
-0.1536
-3.99628
40.9986
-7.39482
250.523
-213.577
-36.9461
-4.20138
0.0118361
-4.20082
0.0115943
-4.73386
4.87064
-0.136782
4.28083
-0.278124
-4.81609
4.94307
-0.126977
-4.8147
4.92531
-0.110609
-4.20376
0.0123016
-4.29997
0.261583
-4.73367
4.87056
-0.136891
-4.29942
0.262322
-4.81221
4.93375
-0.121536
4.98056
-4.82415
-0.156412
-4.73489
4.87143
-0.136543
87.2744
52.032
218.268
-270.3
-9.27787
6.20194
3.07593
148.994
11.2161
-160.21
15.4479
367.376
-265.397
202.421
-59.1136
-143.308
177.456
153.055
-29.1907
-203.962
233.153
-26.7504
-274.639
-68.2299
-44.8678
196.541
-1.29041
-29.6514
4.69518
100.945
-22.7878
-19.8053
42.5931
336.529
133.281
-469.81
-310.364
93.3812
-34.1238
11.5114
-23.3096
152.787
-129.478
243.949
-3.29623
32.7695
-29.4733
5.83562
34.7191
-40.5547
-240.227
66.2436
65.0398
1.47647
-24.5795
-85.9902
110.57
-140.507
40.1971
-371.128
240.572
130.556
240.246
-55.2623
94.3933
-430.802
336.409
71.0022
-334.791
32.8699
-9.27073
206.536
-188.661
-146.799
30.2607
1.36736
-1.36736
71.6629
-94.9725
237.722
25.1985
34.5603
231.854
-266.414
170.271
-197.205
102.917
2.91791
335.227
-255.538
0.579236
-13.1945
-0.243293
-194.671
-75.7142
222.887
-262.513
-5.1046
-10.9262
16.0308
-2.41636
47.7226
-45.3062
-0.854169
-13.4947
-361.083
388.532
-20.583
64.8214
0.600996
-0.648019
0.0470224
-0.211716
-22.4089
22.6206
-262.192
-13.8944
276.087
1.85328
8.90381
-10.7571
70.7569
394.715
-127.411
317.906
-190.495
206.268
-333.679
22.8496
-20.9963
204.738
-212.896
-69.1392
419.109
-349.97
-82.0539
112.229
-30.1748
40.5776
-40.7893
29.5077
-27.1064
-2.40127
-7.20679
4.6475
2.55929
4.00446
61.0354
-4.03606
-1.47179
5.50785
-40.9086
-98.6284
139.537
1.50472
-4.09056
-308.29
402.683
348.686
-104.04
-244.646
-191.383
-268.708
-98.0888
-24.2434
322.914
-28.798
-294.116
-452.389
15.336
-147.383
-83.1401
223.486
-140.346
212.772
-237.481
24.7094
-0.841186
-291.657
292.498
40.1096
29.5269
-69.6364
22.9608
-148.79
47.833
-51.1292
-137.42
72.3708
15.8972
-216.645
4.47847
36.083
-40.5615
124.414
-94.8294
-3.53838
3.26939
0.268988
-3.5381
3.25904
0.279063
3.51958
-3.25788
-0.261699
-3.53889
3.25917
0.279722
-4.12842
3.07678
1.05164
-3.53215
3.26781
0.264345
-3.53186
3.26796
0.263907
-1.58964
12.8399
-11.2503
-27.3295
28.05
-82.9176
162.302
-79.3845
-63.0213
34.7429
168.655
-189.474
14.6633
291.435
-306.099
-31.7829
10.5838
4.94589
-2.61196
226.64
-194.228
-32.4129
323.854
-392.993
-132.862
-188.706
321.569
144.687
172.682
29.7396
-21.8591
28.8025
304.699
-291.492
244.019
-31.2476
-22.851
367.702
5.05762
2.16183
-24.0852
-7.01811
31.1033
158.47
-167.544
-24.3833
-17.9581
-33.6458
284.504
-250.859
-7.70508
412.526
-246.803
-165.606
72.3053
93.3008
126.489
-209.407
-214.437
20.2173
-0.402753
-35.805
-144.993
180.798
9.43651
12.8238
-22.2603
-13.6838
5.20855
8.47521
7.60258
7.67382
7.67386
7.60141
7.73389
7.60081
8.78472
-172.858
151.225
21.6331
231.952
169.163
129.127
62.5458
-22.4362
-116.509
75.6009
320.333
-285.773
348.463
-164.672
342.128
493.472
-360.985
-132.488
0.0735576
-36.0094
-171.807
28.3379
1.16979
164.189
-172.134
77.8757
-172.479
-97.621
98.9636
-1.34254
327.051
-133.724
-193.327
354.89
5.81466
-360.704
-141.379
2.26254
-80.9124
60.3293
323.013
66.9279
173.488
1.53153
-1.53153
262.67
-82.3585
-194.343
177.175
-45.9651
-154.271
165.487
-285.965
9.97306
275.992
-0.238906
-13.4448
62.7716
-8.91543
-82.6618
-54.7581
13.2768
-158.529
145.252
62.1832
-18.7572
315.675
-281.969
-33.7069
-257.543
-272.466
23.0485
249.418
17.9891
-280.181
-300.907
389.406
-88.499
-290.371
11.0371
-82.309
381.828
319.657
-267.625
-467.832
387.357
80.475
-187.288
248.155
-60.8668
197.161
91.2752
-148.606
163.942
27.0918
369.5
-396.592
145.366
-62.6068
-82.7595
-0.614858
0.355231
-0.650893
1.25189
267.277
59.7748
-11.8077
36.5062
-24.6985
-30.8136
25.709
-15.7794
25.2159
-5.616
-1.52001
7.13601
-2.52234
-4.68445
3.9787
-221.566
217.588
-138.859
3.99893
-0.959954
1.15452
-3.98109
2.82657
32.4074
-5.97093
-26.4364
53.0665
-12.8629
0.261038
354.629
185.289
-123.604
49.1787
-10.7332
-155.763
-215.365
295.065
93.2186
88.7283
-353.382
264.654
385.084
-392.409
104.226
-29.8357
-74.3901
293.397
-307.291
-46.3887
-4.51164
50.9003
-78.7682
43.7899
34.9783
26.1801
-1.22792
-250.667
221.476
279.994
35.682
-439.549
348.594
90.9557
16.1571
-9.31199
376.688
-14.1387
-258.328
298.02
35.5052
-124.634
-160.837
285.471
-110.643
447.172
-267.884
52.2206
-7.64948
-25.2159
-18.0309
65.3131
-16.1415
-125.511
-120.599
17.9982
102.601
-29.8675
-0.0864019
1.80519
3.1407
94.0032
173.274
13.0636
38.9097
-13.0558
-25.8538
7.21773
-8.90367
1.68594
14.1916
-1.14186
-187.965
-80.0958
147.008
-66.9124
-206.005
-128.319
334.324
4.47188
-0.0423421
163.785
-46.5825
227.769
-294.285
66.5159
-190.525
-277.307
-0.352597
0.352125
0.351582
0.352072
0.351615
0.35361
383.209
-304.543
35.7085
-7.24287
438.304
-377.116
111.488
-120.439
8.95103
43.1862
252.719
-34.4508
-287.526
249.594
-245.615
5.30091
-241.381
235.832
437.776
-268.979
292.027
138.432
-62.0756
-76.3567
6.84421
1.07258
-7.91679
26.7782
-29.1946
-210.223
15.9959
157.517
2.27573
-0.271121
0.0922885
0.178833
253.245
-9.04081
42.0336
-371.374
9.07392
-20.4211
-9.62767
30.0488
-295.263
383.216
-87.9528
4.18803
-128.355
58.9893
290.613
-349.603
-4.73486
-430.891
23.6475
-226.694
39.4064
309.748
-3.47671
-0.559352
3.17657
9.94828
-13.1248
403.324
-376.232
-97.2955
27.478
69.8175
-27.6213
22.8266
4.79471
11.9469
-109.568
-357.041
132.349
224.692
267.755
-3.31047
-3.31707
-3.31069
-3.23182
-3.31989
-3.31991
-44.4289
307.101
-262.672
-78.2439
-54.9237
-6.76016
6.60656
-2.86516
25.7148
1.44799
274.562
-318.991
-15.5951
-29.2678
24.6389
4.62888
-181.566
-28.6569
-3.99413
-59.2032
38.8679
-137.25
31.1049
106.146
-33.6663
195.325
-161.659
348.476
-276.42
-72.0566
-1.62939
-0.258075
-58.038
46.2303
-164.873
223.075
-58.2027
-308.275
13.0122
-7.21791
7.21791
7.21773
41.5702
10.6503
258.824
-128.245
34.5722
-46.5554
40.5844
-236.003
455.628
-404.813
-50.8156
13.6449
20.7587
-27.3122
15.5733
-148.252
3.31353
-501.046
390.403
-24.1912
-254.672
278.863
-134.231
108.427
25.8035
-317.493
184.631
32.0932
-38.8181
6.72489
-56.8962
284.665
95.6356
-91.6312
11.7241
32.6663
-44.3904
-45.3567
38.3386
-19.9409
25.7765
-62.2717
42.692
-229.672
318.4
278.807
-350.722
71.9155
30.1739
8.73577
170.382
242.144
-52.4627
39.4069
3.29869
11.7894
-15.0881
-0.0623375
-108.89
26.8359
-90.3911
-18.4987
-87.9808
400.08
-341.09
-108.395
320.125
-87.636
-85.2221
51.6897
-16.9706
-34.2279
-112.571
-225.034
364.246
4.72313
6.41995
33.4054
-39.8253
-394.089
412.472
5.43933
29.5368
-34.9761
-234.053
121.801
112.252
288.764
-48.1921
-3.48074
-0.720077
-3.48072
-0.720661
-3.42087
-0.782885
-3.5071
-1.22779
-3.5069
-1.22678
-3.50593
-1.22793
32.4827
-2.48956
-31.1049
348.882
-70.0756
31.652
-18.8281
-362.039
277.767
-189.265
-208.223
78.1246
-137.238
436.635
-1.64883
-2.33226
-7.02126
-20.6
-78.7682
11.747
285.73
26.8356
-117.227
5.37419
-25.3151
-2.3425
5.16907
-5.87028
11.2445
317.21
-120.05
-61.4904
139.366
-427.731
66.6488
-268.943
225.299
264.087
20.4172
66.9057
-12.2008
-232.602
-124.439
39.6388
-15.0692
-24.5696
11.8848
-18.9521
7.06728
1.03979
-16.2813
2.79873
-35.2318
201.845
-166.614
4.12755
21.5323
-25.6598
-7.09745
8.04779
-0.950341
-0.0197232
1.27161
-360.134
-35.2139
-134.453
-73.3891
220.691
-204.516
13.7685
-2.58179
-11.1867
21.6588
99.0197
46.3466
93.6878
114.95
-339.984
212.667
-247.899
-2.05379
24.1223
-22.0686
-195.551
-37.3994
232.95
23.9627
-18.5233
8.50668
-23.5463
-6.72409
19.2948
-0.0132808
8.64024
-8.62696
220.845
-277.741
-142.034
29.4636
28.0788
-161.748
344.196
-182.448
49.7708
-8.20054
88.356
-235.201
146.845
-52.2077
68.6926
-16.4848
302.708
45.9788
15.9169
-10.3917
35.0306
-0.129489
35.0281
218.217
-14.7255
-207.08
221.806
-211.368
23.5568
187.811
220.578
11.2753
49.0907
-16.4244
-113.021
-24.2297
211.046
-195.149
15.7416
79.8941
-33.9099
38.4435
-6.35029
361.433
41.3395
-402.773
117.92
-68.8339
-49.0863
54.7462
-7.02364
8.86567
-9.99473
1.12906
-15.1282
62.9612
-128.553
-37.0527
6.58806
-8.23689
27.5548
14.5846
-42.1395
-49.091
-162.862
211.953
-18.4259
36.0655
-17.6396
-45.6179
-9.11745
-158.468
155.302
3.16641
-326.988
138.282
-5.13116
6.36359
-1.23243
-94.5865
15.8184
8.98716
-106.873
-6.05552
34.1055
35.6658
-2.89628
97.2639
-83.9871
48.0133
-7.43575
46.8842
-32.8652
-14.019
171.599
9.02586
-92.993
43.9366
-7.85356
12.2485
43.209
-9.80361
-57.9127
9.89824
256.417
-51.6787
1.81507
5.32094
-26.2643
-14.2904
37.7698
-8.23299
133.047
-134.285
1.23777
-10.4052
8.06267
2.28891
201.754
-31.4826
17.6635
-16.4896
-1.17391
-36.3897
-6.23616
-96.1716
-237.77
333.942
14.698
267.512
-206.552
236.831
-267.936
-0.388297
8.98157
-8.59328
-15.8715
221.456
-14.92
-175.491
-21.7145
-57.3406
-23.5718
-21.1736
-193.948
215.122
-0.211743
79.1465
30.9005
10.634
-74.9196
-109.612
184.532
-0.0739545
12.9139
-0.0910093
0.0712859
-17.0624
94.2745
195.987
-173.316
-39.5797
45.0075
-75.0371
181.236
-8.55448
-23.3073
-9.95199
33.2593
-44.3545
-7.50965
-349.254
-71.1444
420.398
-30.3924
262.042
-231.649
-19.9766
-11.6665
31.6431
155.017
-361.022
-25.7587
-6.6071
32.3658
-22.3328
-10.4545
32.7873
-94.0457
28.2432
-38.3856
-6.9206
221.203
182.468
-289.172
3.20663
20.1922
-141.086
120.894
-1.12888
-0.238483
131.516
-125.623
134.227
51.7848
-186.012
-241.027
-142.834
-33.2638
-19.1989
-20.7221
0.300963
-91.2933
2.58442
10.1433
-12.7277
-70.3057
291.151
4.15291
-33.641
-7.14825
188.668
-203.393
8.3471
-9.80529
1.45819
-396.331
-0.047681
-0.0514292
0.0556466
-0.051521
-0.155036
-0.0520805
-0.0519497
-171.975
-2.79738
-169.433
120.342
-50.8418
300.26
321.308
-46.7456
140.018
14.5876
-154.605
129.236
-63.9054
313.804
-22.3685
-37.8811
-8.67429
88.6093
-2.60026
-6.30341
216.67
-36.5379
-180.107
-17.0979
-209.596
312.627
-7.92815
4.02915
28.4375
-32.9638
-7.59767
0.580737
0.540055
0.58048
0.542872
0.542937
0.580681
-288.014
-30.9771
-276.386
0.407889
275.978
-3.30584
12.1715
13.1937
-282.136
170.777
-319.42
148.643
-174.817
20.5458
28.8783
159.415
-0.945046
8.87452
-111.168
102.294
-288.436
-17.6627
45.3092
-17.7543
-160.652
160.217
0.43567
-37.5893
-8.87948
239.312
-150.956
11.3792
-31.3558
-189.68
0.205927
111.565
20.7773
91.4513
-3.55177
-0.44186
-34.2071
-11.1496
-11.631
-22.5448
-74.7507
-33.6427
-16.7267
-289.971
-1.52091
-16.3186
111.934
-121.129
9.19447
321.456
-1.12304
-4.622
-42.4836
-16.7196
-36.9322
-14.197
-13.6925
18.1515
50.8115
-10.2271
-233.17
-146.011
-35.1144
50.5938
-15.4794
-48.4102
-9.62778
11.8771
159.298
-171.175
92.0673
170.602
-28.7102
6.37736
45.9917
139.298
10.5529
25.1556
318.936
-406.889
8.99467
-29.3742
6.06693
-5.61971
-24.0316
360.62
165.332
119.637
11.8792
-4.23813
-17.9528
22.1909
-50.9742
24.5664
45.5689
-14.6684
99.7537
123.732
29.2953
39.1484
-68.4436
4.80598
-287.124
1.35147
317.517
2.14061
-177.728
5.59312
20.4942
-27.8656
25.2838
-72.0891
-5.5965
77.6856
-164.821
6.29163
-10.2117
22.0965
139.441
5.81152
169.218
-177.335
8.11731
-43.4778
-160.067
11.4612
184.43
-138.439
8.20865
155.734
-137.118
160.23
21.0068
25.7897
35.6218
-41.7968
-202.56
131.331
71.2288
9.32698
4.33816
53.8054
-58.1436
143.134
-4.27541
8.92291
15.2894
-273.617
-13.3745
-11.9406
67.4546
321.078
235.272
143.694
10.7755
-5.13116
8.36649
148.199
-161.46
13.2609
-7.55503
-22.1612
29.7162
-4.69235
-7.88091
0.618097
-7.09745
6.36359
296.246
-2.84944
-7.67344
-7.67639
-7.67544
7.69062
-7.6741
-7.67378
-6.96541
-277.794
-117.363
189.668
165.108
-198.774
54.2222
84.2102
27.436
-296.654
300.123
-3.46866
150.538
199.644
-350.182
31.4854
7.74138
-18.5058
0.299028
249.295
8.05778
-9.53417
1.47639
97.9182
121.887
33.0315
127.303
-160.334
0.0477415
-9.27112
33.233
-28.5492
-4.68381
-45.91
-16.3617
270.605
50.7029
-21.7875
-72.2581
354.023
-109.827
-244.196
-398.771
373.428
25.3428
13.3055
-10.7462
4.37725
-42.8809
108.733
-65.8517
-290.111
-59.4916
75.5821
15.4791
-94.5865
377.879
-449.023
-11.8615
12.5274
-0.665915
11.8688
140.919
-16.9507
197.926
-230.338
11.352
208.892
-350.005
141.113
89.3584
-132.239
-283.105
14.1262
-3.78596
-18.5454
22.3314
-26.1605
40.8585
-22.2966
10.1295
12.1671
275.181
16.8462
-147.127
-174.093
321.22
13.7419
-9.36464
100.349
-240.694
-21.6789
267.815
13.6134
-281.429
-221.992
298.864
-76.8724
-134.215
304.992
7.66911
-9.49802
3.62774
4.39712
185.1
-349.772
33.6414
-113.737
-12.3949
61.8167
-49.4218
32.8416
192.342
-225.184
-269.527
-200.283
132.057
-32.5023
262.636
-223.229
-0.890781
21.4939
40.6892
-297.625
-110.311
-210.772
321.082
406.981
-0.625634
-406.355
-404.163
433.14
-186.219
336.757
-144.451
-226.924
43.7899
248.614
-148.265
4.04713
0.829878
89.3894
-1.59161
4.39034
168.242
12.5564
34.4093
6.58933
-48.305
-154.255
-146.591
-3.48078
25.013
-21.4491
303.329
7.03826
-122.52
38.1831
-3.77382
13.7587
159.505
-235.429
75.924
-15.1896
272.248
-101.646
-5.7229
-3.77512
-123.089
-13.0359
-354.292
398.518
-44.2262
417.17
-353.599
-63.5714
428.803
8.97327
-130.207
117.015
13.1928
-3.916
-0.0802812
-142.726
39.0016
-53.2921
-18.892
-15.7794
-0.337323
-29.8619
0.582837
36.9763
-52.0455
16.5877
-381.55
181.968
-396.406
151.076
-201.554
50.4772
7.69062
-7.67544
-7.6741
-7.67378
-6.96541
-7.67639
-7.67344
103.755
-27.2259
-33.4192
33.5754
213.761
-303.798
90.0371
-58.6574
41.6868
19.441
208.507
-227.948
159.999
-126.967
317.246
103.152
447.565
9.16949
43.897
-227.626
-0.438341
1.70995
-246.181
0.00774119
-27.571
6.97096
6.37486
-4.94484
-69.6451
51.1393
-103.372
18.7404
1.56316
7.94235
-9.50551
1.40204
349.403
-140.511
7.37437
41.8043
-17.1838
205.899
45.7485
-251.648
-175.766
14.1072
231.866
13.6624
49.1091
-171.49
98.5245
72.9657
44.492
-63.6909
110.254
137.901
148.172
97.1021
-112.697
389.107
-219.657
10.0604
89.332
-229.24
359.796
-333.346
-327.681
153.588
-337.398
404.047
409.999
-342.544
-150.361
-77.9757
74.2941
-90.779
9.78403
-96.5298
373.13
-276.6
212.665
-208.997
-3.66705
-62.5678
8.17895
18.0762
-26.2551
122.696
-153.063
30.3676
-3.81712
111.566
168.427
-292.297
-420.395
323.865
-62.3483
45.6216
23.5856
-308.754
285.169
-88.9835
-2.91595
404.124
-83.9998
8.96054
20.0472
-29.0078
-61.0213
44.5969
-60.6697
211.746
95.838
10.9433
-206.092
-47.0017
-124.488
-65.2832
48.5636
-114.812
259.546
-53.6467
241.592
-43.6661
144.501
172.693
49.5328
-61.9277
-121.949
-112.104
-284.405
55.1656
69.3208
-81.5215
80.0095
306.572
-386.582
132.869
92.3099
-225.179
290.385
-76.6239
25.6333
25.3371
-97.4262
2.3803
-250.394
225.174
17.844
-8.88349
61.8167
-121.684
188.612
-62.9965
47.5171
-120.65
-27.1664
4.3722
208.292
-249.513
16.3607
233.152
-59.7752
45.7562
282.393
-15.0548
-267.338
85.5265
5.89278
8.65604
-14.5488
-136.73
23.7096
169.362
172.767
-63.6101
49.4132
-4.665
116.516
88.8565
-205.372
215.417
44.1292
-13.1808
69.2358
-78.3533
297.179
-58.6161
47.4664
96.0386
50.0825
-146.121
-204.646
-62.7736
51.1426
-23.9596
-35.3838
59.3434
62.4563
-261.902
285.488
-56.8879
47.0843
-99.013
103.201
14.193
-5.84586
66.2691
-74.4697
48.8563
-57.5306
-200.01
-102.908
79.3366
-63.0975
52.8704
-158.319
-58.7066
49.8271
48.9006
-56.7542
-52.6825
44.4495
-3.11003
-3.65012
-10.4114
18.0805
-80.4892
66.7979
180.908
137.73
-318.638
-68.4418
61.4181
69.2121
229.652
-54.5931
46.9955
-55.8446
48.6963
349.925
-164.825
59.3438
-66.2644
-142.295
-33.4706
-5.03903
89.3204
-59.7936
0.00127939
-165.583
114.887
50.6956
341.009
-402.347
-127.157
57.6684
-65.3179
-11.7437
282.393
1.91845
-275.425
-68.2246
60.7149
109.046
-59.3213
51.8856
-20.0375
58.9054
-55.6716
49.3213
-54.1792
269.596
-68.3535
49.5963
397.104
-33.0121
224.012
-191
143.851
128.175
-236.421
108.246
-72.9541
48.9944
-57.398
51.1618
-17.966
273.372
116.034
36.6565
-7.85398
9.88662
-3.52303
44.6817
-67.2975
47.2599
185.37
92.1
-188.461
133.996
54.465
-145.63
-98.9872
-62.2231
160.748
140.688
67.5579
-208.246
0.547071
-67.7206
51.3589
-244.676
-161.056
-72.2088
-79.3391
151.548
257.851
51.8049
-8.60447
-43.2004
6.78211
-82.0097
97.4576
195.948
-174.941
-171.593
192.139
-300.447
144.683
-68.3806
53.2524
136.667
111.947
-69.5445
252.569
10.0669
250.793
-171.885
192.379
-22.8964
208.935
-342.66
-226.49
165.82
-233.076
9.8465
-125.319
138.512
8.72846
-158.009
-276.957
189.482
126.619
-241.677
115.058
-65.2454
52.3825
-173.55
186.107
46.8487
164.898
217.032
399.255
-160.579
184.902
-184.902
310.756
-8.72245
6.11049
24.8916
79.4404
-113.132
259.977
-60.9857
50.2525
380.38
-378.462
62.7709
-243.144
180.373
-227.668
180.63
47.0384
183.313
-311.667
-170.147
183.408
-134.19
-118.589
252.78
8.77556
43.0293
-0.487174
91.201
-52.0526
235.685
-216.244
-73.5733
-68.7814
59.1536
11.8444
19.1248
-30.9691
-209.237
187.523
59.178
-243.457
184.279
-239.808
196.142
84.2323
-9.88662
5.05762
76.5522
-14.7355
-1.20372
-3.61098
-1.17849
-3.6376
-1.45004
-2.84993
1.38549
2.89534
-1.45318
-2.84624
-1.20007
-3.61214
-0.583571
-2.80748
-1.20468
-3.61946
2.2204
2.71334
2.22791
2.71516
1.13498
3.73559
1.13435
3.73629
1.17052
3.7548
1.13507
3.73636
-70.2356
61.3201
185.187
-200.107
-18.9337
-188.803
186.006
350.514
-168.546
45.5094
101.499
-278.052
291.665
55.506
-258.48
202.974
-186.534
185.243
-229.447
197.965
-54.3978
19.014
-166.365
177.14
-171.22
182.681
-167.407
175.524
194.826
-211.889
-85.8016
177.115
-168.387
136.392
213.011
-172.142
178.433
-169.788
177.997
181.325
-177.295
-267.631
-320.343
16.9717
-8.79276
-69.6379
316.211
-163.156
-263.268
205.351
57.9164
-177.943
205.095
-27.1521
-269.49
215.843
-195.947
179.628
191.729
-198.879
179.769
-179.24
-260.638
182.313
-182.107
125.827
-55.2955
221.232
-275.411
-190.247
184.196
182.293
-173.299
-128.342
24.9272
211.957
-279.478
293.605
-180.273
180.708
177.612
-172.019
48.2214
221.375
-178.716
177.771
-441.155
318.139
-173.002
178.814
109.928
-91.1095
-18.8187
11.8228
-3.76505
185.669
-224.158
38.4891
-283.932
57.3172
226.615
167.483
-148.856
-114.412
-81.754
189.345
34.7023
9.14893
4.15658
283.274
-0.880654
-338.322
315.953
-25.9781
8.33852
-284.656
206.572
194.565
22.3162
-216.881
24.37
11.2958
124.579
275.614
-269.303
-4.03895
-309.76
308.637
-297.755
306.121
-63.0838
5.69051
-0.632892
314.674
-332.337
157.892
190.451
246.265
-436.716
178.719
367.022
297.883
-305.811
-17.3415
-235.955
-13.5576
-353.458
322.481
305.535
-304.184
-136.57
345.505
11.515
251.953
-263.468
-27.4622
-230.08
-43.8342
330.733
-286.899
-24.0153
19.0705
-354.605
307.86
-298.846
297.325
-283.317
300.164
-295.533
311.012
283.274
-74.2011
-291.155
302.192
-62.6997
-67.5329
-13.0818
22.8658
181.68
8.89934
-189.006
-16.7712
-284.607
5.98938
278.618
-299.471
307.361
-300.329
302.469
-193.126
-91.5305
-59.5681
76.5522
-239.808
200.228
-40.0721
32.5171
443.734
-54.6271
-324.816
321.347
181.768
-308.955
306.106
-132.863
259.352
-377.728
312.592
65.1368
59.1471
-292.926
233.779
-307.552
298.281
-297.017
67.1827
229.835
-220.415
13.3349
3.78016
-0.89211
10.8404
200.827
-171.087
-81.6404
338.007
-124.996
-267.338
-160.836
375.286
-227.805
303.423
-347.257
337.783
-156.875
-282.323
6.91506
-1.54706
-2.44706
-293.612
211.858
173.125
323.835
-168.092
278.692
88.9788
133.021
-221.999
-108.488
-243.231
351.719
62.5966
268.137
168.097
-177.362
3.12585
174.237
63.3453
291.819
-271.402
64.587
-10.7815
198.736
176.551
109.251
43.5388
-153.151
19.1078
43.8534
-12.8119
0.508801
0.201714
-298.513
298.311
-26.1399
-45.9085
313.549
-143.168
285.762
-99.0108
-195.168
-233.696
233.696
248.986
-353.027
337.947
-63.1135
-232.289
-164.116
61.3226
123.108
255.11
-133.308
-284.183
-42.8051
-220.121
-127.403
-373.531
265.136
-250.939
199.261
-288.443
225.743
41.5891
157.407
-352.575
67.049
-37.4733
-29.5757
51.0481
224.661
-91.7916
-5.91582
-165.259
15.2742
295.17
-310.444
-139.227
-344.702
407.298
-115.936
-261.36
197.454
249.288
-122.669
-87.0404
100.432
-133.432
358.037
-111.772
-273.455
191.096
-209.302
173.292
25.3332
-78.7719
53.4387
14.2095
-88.0663
-225.097
109.928
335.175
-288.7
3.52154
-19.6558
-192.566
13.6043
-23.2631
9.6588
-82.5081
312.401
-375.515
-151.716
-106.316
-335.007
209.417
315.595
-208.713
-16.3158
-25.1531
44.237
-97.1543
127.432
-81.9222
297.667
-352.42
-20.7592
308.923
-357.738
0.0433461
-0.329752
-29.3498
-20.3321
306.193
-76.5405
-20.6863
-37.8218
109.765
-71.9434
159.613
198.424
19.4596
-22.7318
-223.015
258.659
-146.712
-337.201
-0.574569
-2.90214
201.437
74.8661
-22.004
-38.922
-13.1235
211.08
150.252
-80.4394
-40.7577
-71.2865
301.121
-18.7595
-159.441
211.226
21.6078
105.824
200.306
-200.306
-18.7339
-123.812
11.5091
0.662377
-148.297
229.028
262.913
-164.179
375.259
-17.0833
-17.8539
-170.552
170.552
138.742
-123.665
-15.0769
270.415
20.3077
-290.723
-20.2035
-89.5381
-31.5905
3.952
125.772
-111.513
105.494
202.258
138.742
-184.392
278.036
-7.62133
3.21987
-60.5255
205.383
-144.857
-63.4798
297.258
12.1539
-3.19828
-14.7627
-15.3072
-15.8841
-11.6868
-182.946
385.204
-70.3659
355.535
-18.9674
-218.065
5.39988
-91.0493
234.906
17.0987
-181.799
164.7
13.6211
187.928
-189.509
253.811
-222.326
22.7538
2.25923
-183.3
-172.525
-166.203
338.728
-14.1028
-12.9909
-28.6143
-11.6223
-323.203
70.2803
252.923
-91.1095
-287.933
342.903
-54.97
-11.2479
12.1504
-0.902495
224.052
-332.541
-42.8602
228.529
78.7357
-314.691
204.671
-0.0361435
34.6531
-34.617
17.4042
-109.639
-262.38
273.895
-3.49818
281.535
-374.111
205.224
-324.622
119.398
-10.8782
-21.4582
346.198
-68.4306
-40.234
94.9694
-54.7354
-14.2412
-28.2052
40.0495
-113.057
-214.939
327.995
-8.63001
-10.1436
244.852
40.9095
-300.264
12.3308
-11.1586
-15.7002
15.3629
13.76
-9.75871
93.7327
95.749
-249.174
-86.7613
335.936
237.641
-16.2026
-109.42
22.7177
-321.896
64.5661
257.33
125.772
-31.4216
5.26114
-184.13
-299.056
291.435
-239.754
-31.1868
270.94
-15.2777
-303.799
226.926
62.3489
251.377
-313.726
211.138
-291.577
232.786
233.127
-309.667
-15.911
38.0289
-78.2628
-218.065
-12.2857
24.355
42.339
-72.5138
-9.61425
-178.801
-151.28
12.9744
-123.665
20.2538
-5.96464
65.9896
-60.025
-10.625
55.8046
241.454
-44.4353
64.5258
-20.0905
-6.05886
-283.209
289.268
7.32233
203.182
139.722
94.1234
-309.062
-143.025
125.227
-6.80645
-14.3788
18.8285
25.8858
-109.276
224.334
-13.6816
15.9408
200.218
-287.259
-3.62289
-19.2274
22.8503
13.7673
127.398
304.245
-66.6037
-15.4068
-247.266
-355.488
230.492
-245.435
307.784
15.9596
51.5091
-78.8371
311.964
259.437
12.1869
-15.6206
-16.8013
237.746
-366.066
-40.743
58.8104
-14.5574
-6.5624
252.498
-250.988
251.19
-99.1504
-147.884
259.45
-8.07673
-9.52064
-76.6603
279.842
252.814
96.1851
-42.7464
323.368
-71.9912
-127.316
342.536
62.2437
-53.4681
159.116
-77.9087
-42.5307
-92.6606
300.657
-0.0386463
-82.741
77.3138
-14.1561
-261.256
-95.9516
357.208
361.524
279.086
239.726
-318.563
-74.6793
-247.216
26.9836
-266.737
-0.893931
218.866
-359.377
5.57457
-123.185
12.1885
191.115
-282.646
-197.193
80.7789
0.0853354
-91.3593
320.505
329.79
1.54283
-12.7295
-7.509
6.30528
-7.47579
6.2973
-8.52521
7.07517
-6.37465
-6.30528
-6.2973
-7.50961
6.30954
-8.52994
7.07677
-6.30954
-6.37463
-8.50894
7.92536
-7.12344
-7.50809
6.30341
-6.37302
180.518
-279.529
50.5248
-54.2986
66.9439
-0.468377
236.968
-329.629
10.2872
-283.789
182.143
17.7032
166.151
-272.467
73.3956
238.568
10.7506
-323.552
67.8184
28.3667
12.8925
9.73368
-320.712
308.302
9.61019
227.81
-378.171
-241.698
-72.0281
225.426
-30.8616
3.38215
-306.015
-3.69957
309.714
-35.8853
261.846
-360.996
213.37
-113.194
32.8556
80.3384
32.1538
9.00901
-274.212
4.97727
12.8668
6.65891
16.0236
107.756
31.1857
53.9106
-61.3054
3.4777
-28.0473
205.583
-245.723
5.43103
11.5413
272.411
10.638
-96.1433
-168.889
-4.02903
9.00629
217.599
-378.436
-213.37
1.82573
9.14848
3.05342
4.31327
172.413
148.807
205.767
33.5757
201.489
-313.022
216.879
-102.128
6.79498
155.65
-270.062
195.297
-360.122
52.223
-327.162
332.736
-113.377
-13.7364
225.375
-297.432
-169.186
-222.215
235.55
152.873
-325.398
-0.190442
-342.754
-83.3178
-49.165
-5.20907
116.817
-287.717
170.9
0.912543
-136.623
-262.657
139.988
90.7886
41.268
-246.892
311.458
-3.56017
312.181
-73.6128
15.6058
-3.3573
5.01761
-10.6745
-18.7098
-156.445
-2.50182
-184.311
-1.39889
1.99712
26.306
5.79275
-4.22493
-1.71453
111.513
122.246
-24.0497
-85.7513
105.211
-4.24112
-31.7469
278.992
-310.652
31.6608
-41.9248
-310.028
4.01285
-5.28093
-265.878
9.79124
-49.0797
-5.38304
-3.7454
9.12844
-0.201555
31.3092
-314.519
9.59884
-9.59884
-20.1601
126.108
-316.603
-273.43
126.718
393.99
26.8773
-1.59345
-34.4543
-131.567
189.926
-358.018
-14.6832
10.8762
99.9113
-8.48594
-248.13
283.1
-34.9696
240.153
115.538
-263.803
98.7763
-77.9989
-266.046
252.489
139.448
71.7779
-50.6414
17.8084
156.445
3.79446
-254.19
250.395
99.693
16.7454
-41.8429
131.492
243.155
-43.365
9.94578
184.311
250.261
-183.278
-5.95443
-293.102
224.44
-307.181
117.21
-268.926
-137.43
324.959
-82.1673
-32.1243
-280.229
-185.88
-4.94903
4.94903
237.608
-227.541
-51.9763
359.836
-70.2124
-130.074
-35.8135
72.0061
30.9809
-102.987
105.896
1.44509
-133.743
61.5342
30.4128
-119.396
-155.056
174.078
-268.907
12.5215
4.12686
-4.12686
75.1235
34.6417
87.9768
-106.795
189.355
-357.901
146.593
-133.526
30.1542
-142.044
30.1421
-102.4
5.58957
-5.58957
207.458
-373.661
3.24343
-3.24343
-183.139
11.5887
-4.19788
3.82264
72.7355
-23.1393
11.2066
78.7758
-89.9824
132.035
-286.327
-3.62982
3.62982
-3.28748
22.4123
112.374
-3.33587
3.33587
188.647
-345.521
76.7469
64.8541
-4.38532
4.38532
-16.9849
295.976
317.753
-286.443
-15.8738
9.14229
-274.422
3.55979
-3.55979
4.20024
-4.20024
-4.05705
4.05705
3.80608
-3.80608
-0.823719
-3.94183
3.94183
-3.40572
3.40572
-3.79869
3.79869
101.276
-34.4781
-148.055
22.7365
69.8159
-22.556
13.3916
-112.405
189.041
-353.157
20.5344
-236.778
236.947
-374.521
-4.12668
4.12668
3.15302
-3.15302
73.7
-24.7056
280.306
4.04222
-296.615
292.573
-3.73548
3.73548
94.7207
94.6908
73.951
27.4858
-101.437
-50.7113
-231.001
240.848
-0.38802
-170.196
121.239
-46.1157
3.09746
-3.09746
72.3853
-21.0265
101.733
-256.789
3.73194
-3.73194
60.0954
-14.955
11.3321
-2.86935
2.86935
3.77624
-3.77624
3.63945
191.411
10.7137
-202.125
3.00216
-3.00216
2.44569
-62.0991
-10.0073
-5.86643
-69.3785
-3.71015
3.71015
116.422
-3.6362
3.6362
-34.0429
106.049
-4.72345
4.72345
0.499125
10.7454
27.9785
-87.7721
-4.51154
4.51154
-76.0007
-6.31135
6.31135
-92.6925
-3.64075
3.64075
19.0377
-269.896
72.1553
-18.9029
-2.23534
9.15041
355.065
17.943
-248.023
-18.6782
21.1272
-2.44894
82.7108
-227.568
-4.24074
4.24074
-23.2419
3.49351
-3.49351
-4.28631
4.28631
1.04748
-8.92839
-93.8575
39.122
122.535
-34.5582
-4.29405
4.29405
-8.82827
1.01873
-27.8717
101.823
147.874
-224.94
209.533
294.11
-2.67472
78.32
-60.5117
-1.30919
1.30919
-26.4921
7.66399
-161.609
-309.887
318.106
3.38755
-3.38755
27.1097
51.2104
-3.29521
3.29521
-92.8016
142.884
-81.4085
177.157
-110.412
24.6607
105.823
42.349
-309.653
303.698
-283.488
12.0859
-3.36961
3.36961
-276.938
-58.2938
110.517
77.3851
-25.0026
181.482
-19.1065
-157.194
26.2281
130.966
3.87242
-226.888
-9.81789
-245.516
255.334
4.07013
-4.07013
-0.2003
0.2003
2.50557
279.029
4.49278
-4.49278
142.876
-72.7233
102.602
-29.8785
-15.0118
-3.16679
18.1786
-4.491
4.491
-20.6904
-5.53078
5.53078
-150.437
288.166
-113.5
28.4724
85.0277
-5.12803
5.12803
-168.664
11.2045
-271.533
260.328
-6.35871
6.35871
76.4843
234.974
264.45
9.4446
15.3924
190.613
-17.3204
-3.36336
3.36336
1.88107
-311.534
-254.842
25.3534
61.9585
-11.706
-6.36988
6.36988
-317.687
-1.70114
64.8738
258.495
0.251036
-0.251036
259.967
-308.771
108.799
4.39926
-4.39926
-29.6733
-240.819
-175.581
32.2734
-6.60656
5.10776
312.645
288.33
-129.213
-4.72985
4.72985
-10.6136
5.39074
-5.39074
-197.795
26.7081
280.789
-60.2039
1.9798
-276.402
-144.191
-66.7478
3.28157
0.255138
-0.255138
-1.89856
13.4077
-4.8789
-261.858
-297.18
12.3287
-12.3287
-168.86
-305.845
-0.26151
0.26151
184.88
-313.332
-92.1245
-97.3849
6.11049
-68.2723
8.24736
0.0753375
-0.0753375
70.5386
-11.385
-292.072
13.307
-0.137675
0.137675
-115.861
30.9733
225.375
251.527
-251.527
-155.79
-366.295
2.30252
40.7268
2.89178
-33.2454
0.211718
-0.211718
167.1
143.45
-310.549
157.54
-44.1077
123.444
-201.525
184.204
-164.51
-26.3626
-68.026
94.3886
-279.405
293.173
-205.332
170.055
316.637
134.296
-22.5882
4.65495
-31.8917
92.2211
-254.25
-17.2825
-3.13795
3.13795
-6.29759
6.29759
-105.463
-119.716
-4.68874
-0.709511
5.39825
-14.6671
0.215523
14.4516
-103.113
-13.6132
76.5073
187.19
151.538
165.522
25.4547
-190.976
-117.901
-102.107
359.959
0.176992
-0.176992
-167.628
-89.2542
67.7257
-6.40556
-3.64391
6.71347
-3.06956
362.108
-111.315
52.4035
288.474
312.942
-134.457
52.9408
-12.0625
0.814648
-270.295
280.583
-127.36
-89.9914
71.2575
27.0525
51.0564
190.811
-226.625
-102.436
335.167
-232.731
-158.332
-2.99535
177.071
-151.186
71.8369
-232.674
12.6898
-236.105
256.412
238.281
-222.888
-185.451
204.279
25.9351
-98.6584
69.1898
-69.5779
199.084
-367.944
-318.312
272.405
-66.8272
297.497
-268.521
60.5183
-136.755
55.302
-7.59583
0.172144
-0.172144
59.6053
72.6564
-102.006
187.928
-2.12049
-185.807
-227.489
216.913
18.6367
-101.962
61.3583
-80.3257
-7.18171
7.18171
-68.5933
81.1148
-149.353
-1.19204
185.46
5.95101
47.315
87.0232
-3.11803
134.159
-108.295
-25.864
57.3926
-6.93236
2.94366
3.9887
-85.5827
-183.325
7.07677
-7.12344
7.92536
-6.37463
-6.37302
7.07517
6.95378
-6.95378
6.95101
-6.95101
-6.37465
6.95316
-6.95316
-81.9555
59.9515
-70.438
56.3351
-305.135
311.794
2.68445
16.8049
-19.9427
0.352155
-0.352155
-19.865
64.3943
139.675
4.72818
-201.921
201.941
-357.315
198.983
30.5651
-165.022
-224.669
237.561
0.926167
-87.2912
76.1326
9.00872
-9.4771
-66.6539
275.599
63.8244
-86.9637
283.748
-294.423
6.27234
-84.1505
-27.6487
111.799
-65.4317
-24.4732
89.9049
-45.3755
145.218
-278.527
-193.905
204.656
-68.3905
-24.693
93.0835
51.0804
-138.231
260.478
87.1963
-27.9744
91.7988
-281.569
-70.2416
60.4829
29.4511
-311.546
-2.36261
-87.6198
-86.4581
288.668
-197.588
-3.15219
-8.7631
-72.5198
56.204
18.6253
88.5503
-77.3495
111.945
-34.596
-64.454
-291.683
75.2266
-91.1375
-30.0418
72.0753
-194.09
199.521
197.868
-194.814
-78.0746
-22.5913
100.666
0.150386
-0.150386
0.0698159
-87.2934
-87.8514
63.1458
-366.071
81.888
-188.612
197.76
23.52
60.1306
-37.8982
36.3047
0.687487
32.0754
60.9243
0.570411
-214.139
18.4258
-179.759
205.214
266.118
0.223913
26.0076
-293.192
0.0316114
0.9107
-0.942312
-0.168868
-74.4218
0.0483018
3.50598
-0.0698423
-17.4547
1.38103
216.608
-315.929
314.215
0.736742
8.41366
-204.814
-0.400366
-195.22
-179.301
-72.4277
286.713
18.4299
6.39694
-3.03934
-3.35761
-4.01301
-0.025931
0.00623321
-4.09679
-205.332
114.289
103.458
77.0211
-86.5418
-113.016
297.646
130.653
157.677
16.564
190.935
274.116
-203.835
-274.411
284.203
49.0495
54.3657
-207.516
206.117
-168.097
-179.822
204.177
-219.546
215.986
12.9581
39.2459
45.7492
-84.9952
86.7418
-108.2
-6.83588
8.72946
-2.13137
61.1633
7.04158
1.68788
4.28037
-276.369
20.6032
-394.589
-214.024
-106.304
320.329
30.5395
-133.653
-260.001
382.008
-122.007
0.906888
-4.28406
4.28406
-14.5376
-0.129496
-92.7538
-149.857
-3.2117
4.28428
-0.707999
-228.155
-365.416
-73.9399
284.039
-228.863
-106.25
335.112
-1.08725
0.135116
-0.135116
0.211909
161.36
-73.8781
188.798
-208.958
150.832
244.059
225.891
-125.459
88.4972
264.888
-4.5595
-269.128
281.315
5.02094
14.2739
-16.1291
-247.339
-1.32828
-275.073
-32.313
0.0873749
-0.0873749
12.4404
-346.093
87.5021
-7.96037
-79.5417
-30.8726
-85.6369
2.65155
283.105
-271.019
-161.202
-2.25657
-0.885923
0.213927
-13.7087
-263.187
-128.926
91.5526
36.4961
0.092341
-0.146611
0.146611
-0.0744004
174.452
-216.377
-251.672
138.656
5.95379
-5.95379
-139.749
257.523
55.9828
-78.7146
222.867
-325.131
46.2081
-98.2607
-306.717
215.318
-195.064
-21.8059
0.502803
-2.13997
-206.573
59.4778
-80.1641
-75.1411
305.634
58.9723
-79.1758
28.2579
14.348
0.00178651
-142.205
52.4346
-120.461
-287.052
296.061
-1.23068
-223.602
172.891
-33.6549
-148.144
-110.015
11.7067
58.306
-76.16
-86.7705
75.3855
-0.546618
0.0507357
224.147
-35.1648
66.4671
85.0808
-145.735
69.3786
295.479
1.04768
126.083
58.926
-74.2332
245.814
-305.306
21.8331
-96.2548
6.46473
-11.2979
106.019
252.561
364.688
-339.345
206.043
-193.855
0.713803
132.505
-383.248
214.584
-276.111
1.03785
-0.330586
232.627
-241.939
360.903
73.3487
12.7417
-86.0904
350.241
-37.5959
202.249
-175.54
191.644
-188.262
-155.87
-114.723
56.4291
24.0446
-177.027
-13.2992
256.805
-243.506
52.5115
-116.236
63.7244
56.0321
-66.1757
-25.3844
-62.3877
224.981
-239.524
14.8308
7.58144
30.5136
-102.136
71.6228
-13.0119
101.21
3.62774
241.373
-141.461
11.0194
-280.671
-188.827
190.653
-295.922
307.463
0.336847
8.59862
36.5013
243.618
3.947
-3.947
-48.4443
-21.1922
-101.226
-9.18587
-0.0434191
1.0254
0.409315
-1.43472
-191.925
198.72
237.454
95.3089
81.8486
-0.906855
62.1793
189.49
-354
-76.2159
6.63803
-13.6147
18.9156
-11.5439
322.119
12.9731
-16.7902
-149.017
164.977
335.956
-0.526758
3.45018
-2.11579
-1.33439
72.9343
-75.3113
64.6863
-34.0717
-16.5696
57.2252
-6.46915
16.4855
216.88
-166.929
-26.2763
-21.0695
-178.454
-25.7738
14.5663
10.6395
-20.2384
-0.0347265
-0.515007
59.8534
-3.03934
89.1366
-16.3822
28.7109
-321.113
316.888
-27.7606
-28.1194
341.749
357.845
-22.0196
-29.1977
24.5558
-93.3897
119.016
-3.06956
-159.585
169.196
258.099
-20.8579
0.0176881
-4.96672
83.6186
-23.7652
89.4018
69.047
-11.512
64.0382
140.567
16.8405
76.243
-1.09092
-74.2525
-10.5307
9.11229
2.94366
-39.4369
-57.6603
-0.884122
-0.00484842
157.125
-152.811
1.22766
-38.0982
-1.53636
81.0043
-73.682
-3.77512
-20.3296
88.0004
-116.615
162.239
9.46557
-21.4737
-2.42288
2.68445
-186.386
0.505697
11.8674
11.1249
-79.654
2.65155
18.9945
85.9136
19.4808
28.519
-47.9997
86.3717
59.3372
205.507
-281.507
60.6756
164.751
1.40323
-175.63
-12.9942
-286.433
-6.96957
-3.15219
-21.5892
37.7463
4.96672
1.34464
61.8571
55.3263
-29.1154
-26.2109
-40.9257
-15.0954
-102.279
43.5189
-73.8287
-54.388
-19.4407
-42.9599
-42.0352
26.1286
-0.0436172
-0.168126
2.04109
-94.9777
-145.064
-33.8745
-4.10043
-0.0463843
220.258
-24.866
-3.18124
-4.35595
-9.0889
-97.6204
-201.415
2.25909
-16.1935
-200.687
-2.25909
-151.776
-0.0217583
192.741
-3.40775
2.27374
65.1413
-55.2639
-2.94565
2.94565
-2.27374
4.46583
243.259
38.166
-127.42
-403.197
72.2127
-14.387
92.5139
2.79007
-3.34828
0.558214
-228.069
-166.495
-1.81972
1.81972
42.4767
-12.2113
11.2513
-181.193
-144.205
-1.73944
1.73944
-22.8374
-313.912
272.069
-23.1255
0.937771
-0.937771
1.25257
-1.25257
0.807209
-0.807209
-1.3683
1.3683
-1.12072
1.12072
-1.37411
1.37411
-1.36972
1.36972
-1.25057
1.25057
-1.18134
1.18134
1.23636
-1.23636
1.38755
-1.38755
-1.11967
1.11967
-1.38246
1.38246
-1.26527
1.26527
-1.3823
1.3823
1.37588
-1.37588
1.25066
-1.25066
1.28405
-1.28405
-1.28993
1.28993
1.18757
-1.18757
1.2514
-1.2514
-1.17946
1.17946
1.23901
-1.23901
1.23785
-1.23785
-0.933074
0.933074
1.38735
-1.38735
-0.806668
0.806668
1.25549
-1.25549
1.23795
-1.23795
-0.797153
0.797153
-1.49614
1.49614
0.926542
-0.926542
1.28567
-1.28567
-1.2899
1.2899
1.382
-1.382
1.34133
-1.34133
-1.35316
1.35316
0.807071
-0.807071
0.798391
-0.798391
-1.38795
1.38795
-1.12888
-0.863675
0.863675
-0.937856
0.937856
-1.28153
1.28153
-0.798391
0.798391
1.21189
-1.21189
-1.35341
1.35341
0.801051
-0.801051
-1.34111
1.34111
1.23002
-1.23002
-1.28138
1.28138
1.23001
-1.23001
1.35286
-1.35286
0.92976
-0.92976
-0.968884
0.968884
1.40204
-1.34126
1.34126
1.22995
-1.22995
0.930436
-0.930436
-1.26494
1.26494
1.247
-1.247
0.929953
-0.929953
-1.09159
1.09159
-1.43948
1.43948
81.6029
9.84844
-2.11093
114.124
93.8111
57.0411
-47.0215
-0.00539828
1.0308
0.671124
-14.1811
13.51
-58.9323
298.939
-15.1912
291.034
-279.167
-36.8992
29.8729
109.577
-50.7899
17.2301
-2.21821
16.1754
-264.166
202.067
161.893
-3.40775
-5.9602
18.4604
87.8843
57.3595
62.4122
-300.896
128.263
192.066
-12.2051
12.1353
2.25395
17.1328
191.16
-2.25395
-2.11633
64.7915
-68.3453
-95.4867
142.559
-2.19595
1.98343
-118.053
-1.98343
55.174
-35.6932
2.21821
0.919736
24.5668
2.3987
59.4584
-371.646
1.8611
2.19595
-0.0152693
117.564
2.27869
42.8669
146.453
0.205543
310.406
4.71961
0.010234
-4.71961
68.0404
-7.5575
1.17579
-26.0418
3.11003
3.09191
80.8789
190.061
-3.18314
29.2307
274.983
3.1716
-23.3363
-13.5629
-3.1716
182.102
-0.211865
0.190107
-237.197
-139.46
0.338402
195.64
-36.1126
-224.526
-241.876
-190.383
254.199
-271.482
73.6279
-197.011
191.73
7.23717
26.4716
-305.638
30.0233
-8.21263
304.473
189.924
-69.8893
2.47125
-44.6468
-67.8621
49.7452
-1.08232
-247.239
65.661
-39.6165
62.5194
67.8353
-1.56461
1.21245
99.2101
59.4104
-156.186
37.7812
-13.592
119.488
-94.119
-216.861
-8.10436
64.4395
-90.5229
-46.476
88.7771
285.239
-93.1736
-198.085
78.3692
-0.110844
90.5788
-82.0182
-19.8036
-2.42566
0.309876
-192.885
237.388
172.998
-189.949
276.151
-46.13
194.941
0.819004
-0.819004
-3.19203
37.1151
4.79171
-4.79171
82.1439
-37.7769
38.878
-158.871
-0.919257
69.7999
-293.826
26.4432
-2.92326
-23.884
-60.1689
-1.12593
11.6506
79.1159
0.443721
-0.0884893
196.552
-3.0683
59.2723
-2.83875
-9.25776
-184.391
-306.004
273.88
47.5808
-126.748
111.925
-13.5522
-0.365671
-0.0784784
0.44415
51.1594
164.827
-86.2717
8.45452
17.8643
-18.7711
101.508
-164.581
-230.007
-3.31654
4.36422
-14.9702
-7.9348
-389.26
277.945
46.1014
249.875
45.7094
238.493
73.905
41.9629
126.675
-370.143
190.841
77.0172
26.4404
-100.167
-9.84774
-1.47575
-2.47125
-3.7477
0.212675
3.53503
-0.222263
161.64
-70.1056
76.7436
-99.0702
77.0506
72.9
-2.27869
330.006
45.3517
-4.97317
-144.54
262.903
46.811
-15.2396
22.3428
141.034
-217.428
20.6363
105.44
-79.0001
34.858
-19.131
1.77411
17.3569
-0.62047
286.948
-63.1391
-0.919257
35.7333
-241.664
-88.2883
262.601
15.3732
-0.124863
-1.58588
8.5681
-8.96847
-85.3329
-35.7544
-78.2345
21.6408
15.4743
33.2579
-17.4964
-239.554
-0.159589
-10.8315
-33.3385
185.977
17.5351
302.761
-35.6553
38.054
3.7118
35.2619
-85.194
1.74736
-202.435
-145.379
111.305
-2.56449
-0.381154
-10.5438
-15.6713
-11.6524
264.541
-228.891
-9.8169
-4.62643
-8.69912
63.3285
75.9979
-26.801
-3.12509
-98.8747
-103.006
164.08
-142.835
101.909
-199.075
167.506
61.4297
-19.5306
120.538
-255.696
0.132896
0.134765
-0.123447
-0.1169
-0.125315
-0.11719
0.0305506
-0.0878649
-241.79
60.3712
-0.960817
166.823
-160.872
-5.91278
-21.5582
23.1403
168.589
-65.8282
-16.1899
-6.53489
-0.163563
0.413017
34.5919
-201.205
2.83685
204.628
0.501475
30.8705
27.421
-0.443891
37.7497
-43.1051
-45.1833
322.962
-33.3657
276.486
-35.6495
50.8134
-1.90366
-2.41085
160.585
0.14649
-44.3452
322.29
-258.128
269.147
-24.9277
28.8203
293.243
-36.1105
-17.9612
-9.05738
1.17219
233.393
-92.2317
62.3533
9.28743
-0.141641
-0.0179478
-2.58491
13.5892
108.242
6.95368
0.954408
-4.45948
-8.96504
-8.01063
-2.12592
-23.6522
-0.186074
7.62856
-10.9509
55.3235
-97.8542
72.0781
-14.8567
35.5009
-1.31878
)
;

boundaryField
{
    frontAndBack
    {
        type            empty;
        value           nonuniform 0();
    }
    bottom
    {
        type            calculated;
        value           uniform 0;
    }
    inlet
    {
        type            calculated;
        value           uniform -2000;
    }
    top
    {
        type            calculated;
        value           uniform 0;
    }
    outlet
    {
        type            calculated;
        value           nonuniform List<scalar> 
14
(
1999.98
1999.99
1999.97
1999.97
2000
1999.97
2000.02
2000.03
2000.02
2000.03
1999.96
2000.01
2000.04
2000
)
;
    }
    car
    {
        type            calculated;
        value           uniform 0;
    }
}


// ************************************************************************* //
