/*--------------------------------*- C++ -*----------------------------------*\
  =========                 |
  \\      /  F ield         | OpenFOAM: The Open Source CFD Toolbox
   \\    /   O peration     | Website:  https://openfoam.org
    \\  /    A nd           | Version:  7
     \\/     M anipulation  |
\*---------------------------------------------------------------------------*/
FoamFile
{
    version     2.0;
    format      ascii;
    class       volScalarField;
    location    "25.5";
    object      p;
}
// * * * * * * * * * * * * * * * * * * * * * * * * * * * * * * * * * * * * * //

dimensions      [0 2 -2 0 0 0 0];

internalField   nonuniform List<scalar> 
7807
(
0.31086
0.0126804
0.459079
0.303877
-0.00175672
-8.62804e-05
0.462098
-0.0104778
-0.000268767
0.134328
-8.12952e-05
0.00465005
-0.0156542
0.0693804
0.139419
-0.0202611
0.321354
-0.020398
0.002212
-0.0926534
0.0945154
0.00304562
0.0516171
0.246541
-0.0265027
0.32092
-0.00162435
0.0848432
0.209384
0.00500394
-0.027757
0.691401
0.050847
-0.00100178
-0.00022912
0.111444
0.00569977
0.448214
-0.00878203
-0.000707
-0.00799935
-0.0194705
-0.0913906
-0.0238724
-0.000429163
-0.000181401
0.00298906
-0.00906141
-0.000152316
-0.0901381
0.00700917
0.0805041
-0.033421
-0.00287761
0.110507
-0.00934103
0.00238429
-0.0104701
-0.0428509
-0.00104171
6.38963e-05
0.00898005
0.0697285
0.0051372
-0.00197024
-0.0271482
-0.000221259
5.85364e-06
0.128576
-0.00850422
-0.00016752
-0.0746041
-0.0256262
-0.0432743
-0.0197329
-0.0610147
0.452343
0.0923877
0.090108
-0.0823106
-0.0150123
0.415647
0.131845
-0.0452898
-0.0029077
-0.00456998
-0.0111951
-0.0324176
-0.0013463
-0.00885102
0.213966
-0.0277784
-0.00029054
0.00239274
-0.00705559
-0.044748
-0.0705078
0.00126053
-0.00320318
-0.00234058
-0.0746628
0.0996619
-0.0066935
-4.75564e-05
-0.0158853
0.220268
0.601262
-0.00993176
-1.86354e-06
0.0486778
0.288202
-0.0540075
-4.19013e-06
0.0517621
0.220347
0.000866343
-0.060569
0.179641
-0.0522418
-0.0443647
-0.0776707
0.39773
-0.0841606
0.0199788
-0.0756326
-0.00196455
-0.0250356
0.00395955
-0.00207858
-0.0279445
-0.0794725
0.0898325
-0.00124745
-0.0015798
-0.0469067
0.279887
0.488178
-4.11612e-05
0.0156575
-0.097579
-0.0409913
-0.0621064
-0.0615658
-0.0415926
0.607408
-0.022167
0.210941
-0.0416773
-0.0568988
0.396597
0.106485
-0.0182484
-0.0030354
0.107269
0.131041
0.417751
-0.0699829
-0.01559
0.56698
-0.000138588
0.00119216
0.255007
-4.75731e-05
-0.00412707
-0.00794012
0.312221
0.313058
0.587224
-0.00468442
-0.00618612
6.58674e-06
-0.0804142
0.000855896
0.021053
0.0170243
-0.0561486
0.00686575
0.192295
-0.000289198
-0.00104883
0.309528
-0.000137776
-0.000245985
0.464109
0.00737172
-0.0468271
-0.0491151
-0.0409749
-0.0268958
-0.0953539
-5.0933e-05
-0.0679114
0.199231
-0.00675276
0.000125344
0.243064
-0.00253294
-0.0263006
-0.0261658
8.35985e-06
0.00180683
0.286646
0.23066
0.419785
-0.0542799
-0.0472215
-0.107948
0.0920215
0.283029
-0.000459237
5.58368e-05
0.570612
-0.0172716
-0.00129401
-0.0648066
-0.0262181
0.383234
0.391088
-0.0681611
0.656717
-0.00235226
-0.0200219
-0.0766262
0.111435
-0.112596
0.276893
0.56831
0.000102297
0.0208893
0.190404
-0.00830543
0.176244
-0.00114738
0.625248
0.409792
-0.0111222
0.00574962
-0.000657658
0.190948
-0.000210803
-0.0126116
-0.0921237
-0.000167231
-0.00276095
-0.00091707
0.202267
-4.90266e-05
-0.00918853
-0.0799855
0.690422
0.0800618
0.61003
-0.000105207
-0.0299205
-0.000417015
0.435169
0.00862324
0.489502
0.00293912
0.00152248
0.0134102
0.0959192
0.00118874
-0.000498523
0.00104779
-0.00875389
-0.0453552
-9.87843e-05
-0.0677898
-0.00756529
-0.000316843
-0.00133997
0.469215
-0.0156171
-0.00162437
0.657649
-0.00303755
0.30337
-0.000460471
0.00169958
1.17935e-05
-0.0471902
0.107037
0.0173307
-0.0432153
-0.000891756
-0.0804061
-0.0303831
-0.000397622
0.00101742
-0.00451923
-0.0150655
0.00627949
-0.00259882
-0.0433075
-0.0378907
-0.042723
-0.0100842
-0.0537784
0.404279
0.418827
-0.00313633
-0.0140873
-1.86185e-05
-0.00491009
-0.0449888
0.240343
0.146354
0.000177979
-0.00453054
-0.0522563
0.211279
-0.00211272
0.00767493
0.00257727
0.0865926
-0.0963832
0.385084
-0.00334811
0.0126511
-0.000261365
0.00882569
-0.000123822
-0.0335755
-0.000752644
0.0100563
-0.0433497
-0.0535947
0.00458001
0.018853
-0.00157138
0.0431047
-0.0146297
0.11398
0.205493
-0.139648
-0.0329769
-0.0311616
0.0109741
-0.0896536
0.598867
-0.0254854
0.0629336
0.644247
-0.00323066
-0.00366968
-0.030037
-0.00230557
-0.0180259
0.0135263
-0.00584971
-0.00435984
0.200744
-0.000169081
0.00113894
0.000140638
-0.00710337
-0.0143126
-2.21413e-05
-0.00232645
-0.0411311
0.565714
0.00615189
-0.0169288
0.532718
0.354074
0.0981846
-0.00137672
-0.0812497
0.0106024
0.30272
-0.0220389
0.343358
-0.0320571
-0.0947466
0.233485
0.345431
-0.0637836
0.138098
0.274174
0.316207
0.0900243
-0.0063531
-0.00875098
-0.000203531
0.00804645
-0.0224876
0.00203173
-0.000245438
-0.00339732
-0.080694
0.125268
-0.0327673
-0.00546918
-0.00788726
0.00913437
-0.0143588
0.00378408
0.245584
-0.00395115
-6.16284e-05
-0.000144608
7.70584e-05
-0.0394586
0.195254
-0.00833121
0.057542
-0.120964
0.439832
0.00703581
0.0144278
-0.0105729
0.454226
-0.00225051
0.380704
0.215182
-0.000267026
-0.0355339
-0.0068676
-0.0586902
0.00117183
0.107446
0.00736142
0.0133876
-0.00182477
0.187131
0.214601
-0.0545129
-0.0412291
-0.00479515
-0.0295204
0.103745
0.679791
-0.0472137
0.00974261
-2.96323e-06
-0.0258375
-0.00477317
0.039476
-0.0999849
-0.0278217
0.469577
0.197534
-0.0940356
0.253676
0.444147
0.0563714
0.00250678
0.314451
-0.00192938
-0.000416525
-0.0333771
0.000160508
-0.121
-0.000292847
-0.0428028
0.00402781
0.248326
-0.00374532
-6.45205e-05
-0.102803
0.00364775
0.0610717
-0.0720388
-0.09569
0.0303414
0.191993
0.159228
0.163319
-0.000460789
0.116112
0.122822
-0.00114885
-0.0315646
0.00125918
0.012486
-0.00390695
0.0100678
-0.00167699
0.1837
-5.19874e-05
0.00039044
0.00416152
-0.0408823
0.0427986
-0.0405652
-0.0476242
-0.0420817
-0.121071
0.0173618
0.305173
-0.028277
-0.0134171
0.63288
-0.0684201
-0.0149984
-0.0476247
-0.0118783
-0.0385371
-0.0199789
0.0576367
-0.0317881
-6.9507e-05
0.0503955
-0.000222646
0.407536
0.139011
-0.00993735
-0.0268586
-0.000424533
0.417201
0.371596
0.0964485
0.195768
-0.0731545
0.502832
-0.000157674
0.0407665
-0.0340022
0.199047
0.591468
0.0892717
0.189801
-0.00380302
-0.000457792
0.179675
-0.0586256
0.434972
0.0626202
0.268931
-0.0141461
0.44818
0.355804
-0.0178028
-0.0151393
0.15461
-0.0974221
-0.000205418
-0.0247604
-0.0934993
-0.0744259
0.0232947
0.0193595
-0.000294551
0.37433
-0.00216185
-0.000239649
-0.0329333
-0.00106985
-0.000499945
0.00712484
0.268039
-0.0915789
0.553277
0.000111523
0.265361
-0.0270107
-0.000188043
2.91555e-05
0.206536
0.259263
-0.00819496
0.237232
4.11452e-05
0.24909
-0.134176
-0.0186265
0.464768
-0.0619647
0.186409
-0.0456621
0.246844
0.25601
-0.0305261
-0.0385154
-0.0118314
-0.00579327
-0.000451363
-0.00242896
0.326702
-7.06019e-05
0.240216
-0.086527
0.380232
0.229095
-0.0956393
0.538226
-0.00329116
0.0110217
-0.0444974
-0.0368696
-0.0127724
-0.0317868
0.0597703
0.624246
7.31388e-05
-0.00386999
-0.052477
8.94529e-06
0.414422
0.00370821
7.82781e-06
0.000372323
0.00076208
-0.0319568
0.0379102
-0.00312898
-0.00019728
-0.0135315
0.00511151
-0.11033
-0.0877704
0.0433575
-5.39068e-05
-0.139421
-0.0242175
0.161082
0.374667
0.00230339
0.167623
0.000289766
-0.0232151
0.122109
-0.0128013
0.285456
-0.0237741
0.0455474
0.126474
0.194502
0.00928064
-0.0190559
0.225894
-0.0888216
0.442019
-0.0171785
0.314888
-0.0170894
-0.00234816
0.181146
0.00348207
0.121365
0.00382641
6.99204e-06
-0.121111
0.239288
0.00289428
0.15576
-0.0225914
-0.141637
0.0124826
-0.0419906
-0.0033702
-0.0162801
-0.0792708
-0.0487826
-0.0180011
-0.000336999
0.464773
0.16163
0.0572778
-0.000432275
0.353865
-1.60252e-06
-0.000399473
0.172131
0.00350232
0.21277
0.0836206
0.0339696
-0.0297465
-0.116796
0.0268874
0.00262703
-0.0701399
-5.5249e-05
0.00752474
0.276359
-0.0291387
-0.00554807
-0.0123615
-0.00391988
-0.000859355
0.64518
-0.0181324
-0.00114297
-1.46275e-05
0.17472
-0.0508138
-0.00069856
-0.00548992
0.201051
0.121362
-0.0629193
-3.71082e-06
0.21989
-0.0286544
0.237256
0.0324622
0.0397339
-0.0514311
-0.000213899
0.123465
0.112125
0.0617975
-0.0777537
0.326538
0.0121838
0.220805
-0.00492399
-0.032197
-0.000821827
-0.00258237
-0.000249624
0.203463
0.29346
-0.00298248
0.0377806
-0.0308931
-0.0606316
-0.0700089
-0.00371341
0.0374505
0.61738
0.041831
-0.000137894
0.119504
-0.00736304
0.531241
-0.0224214
-0.0208975
-0.00262223
-0.0241602
-0.0125685
-0.0143819
-0.00651821
0.00306659
0.0514438
0.000190698
-0.116637
0.0117982
0.396411
-0.060544
0.219256
0.00407304
-0.0402519
-0.0211056
0.253149
-0.0135644
0.000186448
-0.0279815
-0.0102626
0.04055
-0.0466576
-0.040151
0.00165431
-0.0261855
-0.00833313
-0.0799263
6.98667e-06
0.0693173
-0.0695295
0.193217
-0.0412128
0.120461
-0.0831769
0.361071
0.0139239
-0.0531511
-0.0221332
0.560393
-0.0955308
-0.0234757
-0.111956
-0.0390941
-0.0990424
-0.05347
0.215801
-0.00551798
0.295405
0.0174504
-0.000824031
-0.00247522
0.106086
0.696849
0.00215722
-0.0271701
0.210121
3.53982e-05
-0.036888
0.0526424
0.0137855
0.0176985
-0.00328608
-0.0472582
-0.00597633
4.63652e-05
-0.0589368
0.298314
0.00648874
-0.0296874
0.00375137
0.20998
-0.000803348
-0.00250787
-0.000752464
-0.001603
0.078599
0.00732563
0.00626824
-0.0318589
7.08899e-05
-0.105057
-0.044803
-0.121784
-0.0259112
0.0292061
-0.000455218
-0.0230368
-0.0780636
0.058782
0.382707
-0.00255458
-0.0849967
-0.00931752
0.0172794
0.191294
0.000846753
-0.000346521
0.163848
0.0427541
0.0295174
-0.00588914
-0.00414705
-0.0717162
-0.000387922
0.00105063
-0.0240587
0.33383
0.297227
-0.0331485
-0.0665502
0.0143941
0.00903266
0.027551
-0.0764821
-0.0165113
-4.14272e-06
0.0207407
-0.0438559
-0.083861
0.00980761
-0.0678949
-0.000836457
-0.00594769
0.231232
-0.0494149
-1.02965e-05
-0.00560999
-0.0827026
-0.000358883
-0.0211799
-0.000125914
0.00810937
-0.107043
-0.0342275
-6.88762e-05
4.88591e-05
0.152813
-0.0523187
0.419889
0.304326
0.0147997
-0.00122175
-0.0176005
0.000405977
-0.0823624
-0.0885728
0.0190237
-0.0288784
0.294713
0.016511
0.00050513
0.011721
-0.108915
0.00385782
-0.0264646
-0.0756442
0.00441109
0.0317689
0.0896018
0.0161497
-0.0394226
-0.0589944
0.21891
-0.0319713
-1.11662e-06
-0.101018
-0.0819138
-0.0383814
0.00836338
0.00146918
0.0155222
-0.105188
0.0461429
-0.0463402
0.165266
-0.0447207
0.0116886
0.0280054
0.0244007
-0.0472539
-0.0952029
-0.000241055
0.173041
0.238632
0.0113764
0.244733
-0.0757693
0.0629393
-0.0516244
0.229875
0.124428
0.610623
5.05216e-06
0.128196
0.206743
0.0213336
-0.00229582
-0.025018
0.00588647
6.49166e-05
-0.0249525
-0.0589104
-0.0273715
-0.0301338
0.000231954
-0.0648724
-0.000613384
-0.00137886
0.270114
0.00985069
0.103662
0.0295092
0.235949
0.0168587
-0.000650409
-0.0919405
0.0122149
0.399878
0.00189489
-0.0623418
-0.000382168
-0.000880667
0.0110448
-0.0514235
-6.5295e-05
-0.015114
0.0412667
-0.00299489
4.72141e-05
-9.82271e-05
0.17752
-0.021318
0.0100664
-0.0017249
0.0127637
0.0224479
0.0127197
-0.000485604
0.380869
-0.077644
0.250114
0.334261
-0.000348345
0.0928703
0.138489
-0.00121485
-0.000441981
-0.000699043
0.010961
0.0240483
-0.0136924
-0.0254994
-0.0778126
0.197994
-0.0940629
1.44374e-05
-0.0264367
-0.0249077
-0.0477896
-0.00644469
0.00886851
0.00183318
0.0394212
-0.000818906
-0.000396773
-0.0236594
-0.006348
-0.0337509
-2.89642e-05
-0.0202939
0.0471113
-0.00967673
-0.0227232
-0.0120214
-0.0161728
-0.01269
-0.00764926
0.014572
-0.0131147
-0.000181512
-0.000650702
0.0333663
-0.0168282
-0.00724937
0.0123787
0.00448389
-0.134563
-0.0152773
0.181556
-0.0173274
-0.0684601
-0.0324631
-0.0307784
-0.0212952
-0.00554324
0.00329152
-0.00520019
-0.0191687
-0.0220119
0.223237
0.17841
0.0697612
0.37283
-0.000124955
-0.00481192
-0.0224474
-0.0112767
0.121458
-0.027536
0.0684479
-0.00623711
0.241
-0.00288912
-0.0024301
0.0252297
-0.0220896
-0.000362628
-0.0281879
-0.00859994
-0.0283431
-3.9723e-05
-0.00967027
0.00289088
-0.0238674
0.0493218
0.0482339
0.0266679
-0.0191523
-0.0423688
0.138371
-0.0019197
-0.00292014
-0.00313868
0.527799
-0.000167618
0.095288
-0.0288697
-0.0277472
-0.0357153
-0.0533629
-0.0387342
-0.0459565
-0.0248168
-0.00672585
-0.000167316
-0.00626761
-0.0295317
0.121626
0.00244734
0.186172
-0.0441603
-0.0181396
-0.00139027
-0.0388922
-0.00017462
0.172604
-0.040597
-0.0353189
-0.0322331
-0.0056935
-0.0439422
-0.00250626
-0.0541784
0.123648
-0.0348897
-0.0864211
-0.00218208
-0.0364158
-0.0250871
0.0217007
-0.00475836
0.16626
-0.00355016
-0.0260615
-0.00103476
0.18519
-0.0520598
-0.0357233
-0.00478215
-0.0135187
-0.00406501
0.221075
0.0225997
0.236832
-0.00702112
-0.00124333
-0.00188529
-0.00344185
0.210287
-0.0793147
-0.00985658
0.000468782
-0.010148
-0.0119813
-0.00136546
-0.0177979
-0.0213815
0.0739202
-0.00722649
0.00712081
0.519795
-0.0811621
-0.0388383
-0.0758631
4.00595e-05
0.095023
-0.00519997
-0.0362935
-0.00815205
-0.0477944
0.00627575
-0.000825133
-0.00427343
0.00472152
0.226956
-0.00850435
-0.00265378
-0.00677074
-0.0693626
-0.0119643
-0.0300385
0.00635267
-0.0125309
-0.0129197
-0.00481183
0.231381
-0.0611979
0.00464563
-0.00619503
-0.037213
-0.0198241
-0.0656048
-0.00209694
0.113242
0.0323778
-0.0112999
-0.00257025
-0.0191261
0.541405
0.22839
-0.016052
-0.000884182
-0.00352418
0.00781601
-0.00581641
0.029516
-0.000648355
-0.0210883
-0.00292182
-0.0236012
-0.0550368
-0.00159938
-0.0154005
-0.00201955
0.349529
-0.00929852
-0.0166215
-0.00980545
-0.00285426
-0.0404874
0.093801
0.480778
-0.0152591
-0.016148
-0.00312981
-0.000723908
-7.1306e-06
-8.05268e-06
-0.014422
-0.00101812
0.141948
-0.00102613
-0.00269151
0.0119273
-0.000407964
-0.0590362
-0.0707325
0.0242106
0.0527634
0.036067
0.0763382
-0.0457414
0.111439
0.0879989
0.117036
0.145573
-0.0183045
-0.00129718
-0.0083424
-0.0791549
-0.00516128
-0.021092
0.0580244
0.361004
-0.0615501
-0.000742947
-6.76942e-05
-0.00218194
-6.73442e-06
0.0131106
-0.000860754
-0.00667558
-0.0633156
0.000761513
0.00376781
-0.000350495
0.0880018
-0.021606
-0.0358499
-0.00181601
0.355295
0.310625
-0.0142986
-0.0799286
-0.0378262
-0.0329376
-0.0202015
-0.00277633
-0.0913587
-0.0398576
-0.0560488
-0.0468296
-0.000103442
0.220219
-0.0162234
-0.0137372
-0.0360596
0.0265301
-0.000817615
-0.0119554
-0.00202646
0.01885
-0.00227814
0.198347
0.000482996
0.014335
-0.000640871
-0.0767472
0.0126698
-0.00115984
0.0173013
0.000561019
0.0448942
0.144999
0.00235584
-0.00214267
-0.00020681
-0.00088106
-0.00077693
-0.0797391
0.148154
0.0341916
-0.000423217
0.013547
-0.000710099
0.256351
-0.0783842
0.283217
-0.0570119
-0.00069452
-0.000458654
-0.0104691
-0.00816248
-0.0009664
-3.25725e-05
0.0350157
0.0398242
-0.000375266
-0.000529913
-0.0271968
-3.90242e-05
0.194094
-0.00139757
-0.0689705
-0.0262527
-0.00915594
-0.0723309
-0.079464
0.176504
-0.0211806
-0.0278623
-0.000494911
-0.0738358
-0.0284685
0.0270604
0.132762
0.383443
-0.00174706
-0.0772866
0.0187569
0.339282
0.0528178
-0.000196253
-0.0086801
-0.00591277
-0.00715842
-0.0627255
0.114494
0.000227214
0.0276294
0.00436294
0.100834
-0.000799184
-0.000212283
-0.0719182
0.31187
-0.071366
0.177637
-0.00187835
-0.000324293
-4.6224e-06
-0.0920055
-0.0550167
-0.000537316
0.133054
0.0158986
-0.00771306
0.443391
-0.000617204
-0.00536284
-0.0766626
-0.026433
-0.00334749
0.159129
-0.0674996
-0.000266318
0.0183552
-0.000290295
-0.0001702
0.167945
0.00386299
-0.000697395
-0.0671242
-0.0334233
-0.00509206
-0.0316764
0.00342867
-0.0311833
0.0023552
-0.00507979
-0.0839059
-0.0502816
0.0283824
-0.00134713
0.18445
0.235804
-0.0950775
0.0139352
0.0268145
-0.00619754
0.192708
0.134834
-0.0376411
-0.000264059
0.0141274
-0.071669
0.0178113
-0.0375047
-0.0030934
0.0614924
-0.0372243
-0.000222253
-0.000129831
-0.0379988
-0.0338945
-0.035123
0.0138687
0.0215042
-0.0579407
-0.000256924
-0.0020642
-0.00033855
-0.0441137
-4.32473e-05
-0.00284356
-0.0528744
-0.108806
0.144145
-0.00434249
0.00597118
-0.0289435
-0.0344071
-0.000212825
-0.0604189
0.139217
0.18308
2.62262e-05
-0.000182604
0.186319
-0.00368042
-0.0998844
-0.0531622
0.00483053
0.00065512
-0.0876185
-0.0188399
0.190635
-0.0731603
-0.00216969
-0.012556
-0.0679139
-0.000882941
-0.00038035
-0.00135313
-0.00239513
-0.0667017
0.173804
-0.00033545
0.542114
-0.000549465
0.000138907
-0.00145049
0.000328305
0.000379859
-2.98124e-05
0.000171523
-0.068742
-0.00109072
0.000594288
-0.000316134
0.165498
-0.00823403
-0.000309118
-8.73373e-05
0.390507
-0.0292658
-0.0279147
0.00159795
-0.0010926
0.0784404
-0.00016768
-0.0172728
-0.114093
0.00310615
-0.00917976
-0.000160377
-0.000331195
-0.0410287
-0.0722089
0.0103134
-0.106825
-0.0586978
-4.92316e-05
0.0295612
0.0440346
0.131174
-0.0025237
-0.000253375
-0.0732332
-0.00873949
-0.00076812
-0.0644111
-0.000224594
0.055728
-0.000163636
-0.0018789
0.0242074
-0.00308042
-0.0760407
0.496893
-0.00241957
0.000368008
-0.0702659
-0.0671563
0.0132184
0.006733
-0.000243032
-0.0418345
-0.000144828
0.224344
0.655739
0.105575
0.00433557
0.0051536
-3.6745e-05
-0.0373906
-0.000105499
-0.00960499
-0.00249499
0.000499023
-0.00486689
-0.013362
-0.000199736
0.00121622
-0.0112431
-0.000486656
-0.0139945
-0.0225474
-0.00596499
-0.00170522
0.587993
-0.00104744
0.00347316
0.000323421
0.0195854
-0.0649137
0.0136932
-0.000285322
-0.000164315
0.00380225
-0.000183446
-6.28408e-05
-0.0160705
0.000969544
-4.28325e-05
-0.0665838
-0.00329423
-0.0729862
-0.00241049
-0.0001137
-0.0045307
-0.00870298
-0.0206938
-0.0300649
0.00329841
0.000714995
-0.000711396
-0.00285901
-0.000138825
0.310087
0.00220682
-3.64624e-05
0.000802202
-0.00296068
-0.000558713
-0.082549
-0.0710052
-0.000223423
-0.00992644
1.03512e-05
-0.00377174
-0.000122865
0.0475946
-0.00022963
-0.000305921
-0.00505982
-4.90537e-05
0.0191158
-0.000357612
-0.00185407
0.0263504
7.87642e-06
0.411605
-0.0698233
-0.0548773
-4.90783e-05
-3.73888e-05
0.00266703
-0.00174088
-0.0664172
-3.13857e-05
-8.21976e-06
0.00103034
-5.33359e-06
0.000513529
0.000613993
-0.00069685
0.00109886
-0.0686566
0.51118
-0.0434772
0.372561
0.0128583
-0.0228358
-3.4975e-05
-0.00130229
-0.0170036
0.000179694
0.000379506
0.000218888
0.0894222
-0.00198422
-0.000352601
0.525087
-0.000815966
0.000804154
0.000690983
-8.75914e-06
0.0659969
-0.00316709
0.00159777
0.000153608
-0.000810253
-0.000113355
-0.00138179
-0.0577483
-0.00063219
-0.00232428
-2.71667e-06
-0.000526957
-0.000400312
0.220303
-0.000668873
-0.000435603
-0.090159
0.00536515
-0.000155328
-0.00195032
-0.000102172
0.202241
-0.0949578
-0.000470236
-0.000588703
-0.00271261
-0.000264417
0.0765473
0.141641
0.0516875
0.000692812
-1.24197e-05
-1.91115e-06
0.0771667
0.000336452
-0.0795559
-0.0304397
-0.0218593
0.00612272
0.591788
0.00277443
0.229555
-0.0202046
-0.0391055
0.205493
-0.000543627
-0.0854599
-2.4888e-05
-0.0125794
-0.0644895
6.45776e-05
-0.0629659
-0.00139587
-0.00531293
-0.00769456
-0.0564866
-0.0560124
-0.00447529
-0.0796837
-0.058047
-0.000291827
-0.0169554
-0.000101835
-0.0499514
-4.81878e-05
-0.000290551
0.0287503
0.195677
-4.22567e-07
-0.0598293
0.00507175
8.93623e-05
-0.0283175
2.11545e-06
-0.0190194
-0.000408495
-0.0510734
0.000159525
-0.000145355
-0.00293375
-0.00010202
0.191148
-0.0409001
0.10343
-6.49998e-05
0.000867694
-0.0436712
-7.98987e-08
-0.0747266
-0.0865835
-0.0729268
0.54725
-0.00910568
-3.16232e-05
0.0361655
-0.0553113
-0.00360834
-6.45464e-05
-0.000141363
-0.0623132
0.000157556
0.00122057
-1.64625e-06
0.000200116
-0.0378871
0.149545
-0.0696786
0.125778
-0.00752404
-2.20454e-06
0.00912311
-0.0653926
-3.59053e-05
-2.59741e-05
0.000430937
7.69099e-05
0.000550481
0.265655
0.0482514
6.63261e-05
7.84974e-06
-0.0862816
0.236308
0.211093
-7.50677e-05
-0.048318
-0.0260943
-0.0143356
-0.0631546
-0.011767
-0.00413712
0.171049
-7.9135e-05
-0.0355934
0.201448
-0.0643844
-4.4678e-05
-0.0803215
-0.000275589
0.326581
0.0395466
-4.36153e-05
-5.30154e-05
0.220899
2.95445e-06
-0.000287776
-0.0163491
5.0502e-06
0.287201
0.00482115
-0.010308
-0.083895
-0.00531903
-0.0943694
0.217936
-0.0135653
-0.0209256
0.0013882
-3.98073e-05
-0.00149152
-2.95551e-05
-3.62888e-05
0.0363075
0.214707
0.180938
-0.000662169
0.284484
-0.0151641
3.41739e-06
-0.0603309
-4.41298e-05
-0.0374624
0.040794
-0.0197126
0.00630435
0.00261987
-0.0129428
0.000321846
-0.00239773
0.0278732
-0.00406863
-9.17824e-05
3.22237e-05
-0.000101736
0.0429718
6.09524e-05
-0.0296567
0.298834
-0.00838852
5.9292e-05
-0.00489008
-2.92917e-05
0.107592
-0.000535951
-0.00010878
-0.000135948
-2.64825e-05
0.246825
-0.000247538
0.276259
-0.0801898
0.00013612
-0.0680406
-0.000727782
0.188505
0.538304
-0.0020117
2.43215e-06
1.01792e-05
-4.05682e-05
0.172614
3.99691e-07
0.00145329
-0.032899
0.26235
3.97551e-06
1.0689e-05
3.09053e-06
2.66808e-05
-0.027901
1.52915e-06
0.304672
-0.0217297
-0.000193424
3.33933e-05
-0.0029207
-0.0386484
1.46998e-06
-9.30447e-05
0.198488
3.76635e-05
-0.0426364
-0.0605803
0.000166036
6.20667e-07
-0.137065
1.22646e-06
0.198328
1.62366e-05
-0.000664393
9.31767e-06
-0.000269259
0.116469
3.71349e-07
-0.00233734
2.25788e-06
0.0187413
-0.00477134
-0.00892897
0.00123684
0.185206
-0.00042014
-0.000134613
-0.0122877
-0.0118651
-0.000368809
-0.000105523
-0.00129406
4.15364e-05
0.212836
-0.0141067
0.530891
-6.13814e-06
-0.0105918
-0.000258808
0.166262
6.37236e-05
-0.0353441
2.52486e-05
-0.00224996
-0.0445349
-0.00035149
-0.0214131
-0.065201
0.00716316
-2.9778e-05
-0.0717116
-0.000498056
-0.000456936
-0.00771544
-0.0173433
0.00177957
-0.000102594
-0.000646319
-0.00131545
-0.00182294
7.08558e-06
-0.0017276
0.520986
0.000117908
-0.00458202
-0.0463842
-0.0949528
-0.0826527
-0.0631133
-0.029329
-0.000778848
-0.020087
9.03006e-05
-0.000134268
0.521964
-0.000150502
0.214894
-0.000665219
0.000531015
-0.00162163
-0.0722517
-0.000620171
0.000918802
-3.39427e-05
-0.000583655
-4.41635e-05
-0.00012995
-0.0203388
-0.000179855
-6.58364e-05
-0.000134288
0.00017128
-2.82717e-05
-0.0562053
0.272233
-1.98017e-05
-0.000879355
6.67975e-06
3.32911e-05
-0.00120411
7.08353e-06
-0.00130142
0.000367337
-0.000545393
-0.0836997
-0.00100461
-0.00258978
2.54404e-06
-0.00221141
0.000445812
-2.6498e-05
-2.09677e-05
1.35467e-05
-0.00114939
0.000727747
-0.0584064
-0.0359715
-0.0844353
0.000796769
-0.0026011
-0.00996329
-0.0850748
-0.000149134
0.0221144
0.00963379
-0.00150075
-0.0161021
-0.0731577
0.4755
-0.000620777
-2.87562e-05
0.00121183
5.39681e-05
1.78564e-05
0.0948939
0.00513126
0.108925
-0.046869
0.462902
-0.000766963
9.44263e-08
0.000188786
-3.65631e-05
-0.00194076
0.187587
0.256174
-1.64446e-05
-0.000267213
-3.99518e-05
0.243563
0.0269099
-0.00738128
1.20018e-05
2.05412e-05
0.01009
-0.00100986
-0.0929144
-0.02253
1.76872e-05
0.00487337
-0.0410412
-9.93679e-05
0.00250556
-0.000118707
-0.0602054
-0.00245796
0.178208
1.6992e-05
0.00232357
-9.37566e-05
1.36633e-05
0.000216858
-0.0307463
1.39605e-05
-0.00131321
1.90774e-05
-0.0264588
-0.0596233
-0.00422254
-0.00929544
-0.01174
0.0126354
-0.0118728
-0.00345225
7.79729e-05
0.00012289
1.78383e-05
1.59773e-05
-9.24884e-05
0.0126159
-0.0744461
0.00066296
-0.0548766
-0.00429944
-0.0640217
0.000104292
-1.89443e-05
0.00180438
-0.0502006
1.70025e-05
-0.0549943
-0.019734
0.0406235
-0.0545133
2.68602e-05
-0.00479713
0.000245686
-0.11855
0.161193
1.1181e-06
-0.0774343
-0.029404
-0.00588043
3.76127e-05
-1.82148e-05
0.0391215
-0.0222881
1.9262e-05
-0.00929172
-2.68132e-05
0.000274649
0.150804
-1.66253e-05
-1.42299e-05
-0.000151101
3.45778e-05
0.00123049
0.000105741
-0.00722361
0.000298696
-0.016907
0.00151849
-0.000323064
-0.0415199
-0.0560453
-0.00856825
-2.68146e-05
1.98883e-05
-0.0757852
0.00799381
-0.0620694
2.29671e-05
-0.00707389
-6.05083e-05
2.22706e-05
0.0955767
-0.00955638
-0.00386594
-1.8189e-05
-0.0235239
5.48412e-05
-0.0868365
2.39757e-05
-0.0977712
6.51872e-06
-1.25142e-05
0.000101434
0.00140268
-0.0809642
-0.0241488
-0.0897349
8.20312e-06
0.000109254
-0.100134
-0.0313532
-0.0114391
-1.34536e-05
-0.0278277
-0.064957
-0.100091
-9.81681e-06
-1.8223e-05
-1.7544e-05
-0.0835641
-0.0866741
0.000980763
-0.0148922
-9.93304e-05
0.262026
0.000114052
4.19859e-06
0.00018737
-3.81374e-05
-2.03686e-05
-0.00498859
0.00013268
-0.00355491
-0.0831951
-0.0175594
-0.0752754
3.64198e-05
-8.37649e-05
0.0709252
-0.0590922
-0.00650151
0.137417
-2.25502e-05
-2.89662e-05
-2.63164e-05
0.147356
0.000217904
-3.57139e-05
-1.967e-05
-0.0763193
-0.0206993
-1.17254e-05
7.50833e-05
-0.0124333
-0.00874018
0.000565401
0.258875
-0.0758108
0.000208661
0.662826
-5.65408e-05
-0.000995091
-0.0112817
-0.099599
-3.91989e-06
-2.50417e-05
2.19875e-05
0.00666532
-0.0416209
-0.000505739
-0.063984
-0.0104721
1.87759e-05
-9.56541e-06
-0.0136636
-0.00171724
-0.00299772
-0.0631514
-0.0592194
-0.0508297
0.0177979
-0.0354306
-0.000104414
0.000463796
0.0167879
0.000717969
-0.000148647
0.00103768
1.80833e-05
-0.000164054
-0.0162441
-2.1999e-05
-5.80154e-05
0.0517411
-0.0158032
-0.000265308
-9.13004e-05
-1.76503e-05
0.280287
-0.00895053
0.00106725
-0.0367515
0.000294756
0.000251465
0.00021581
-8.4038e-05
0.000643141
-0.0494039
0.0240953
-1.73082e-05
-0.000266929
-0.0540231
-0.0408916
0.0627518
-0.000713717
0.00253581
0.0243075
-1.09611e-05
6.36223e-05
-0.0601848
2.22573e-05
0.192784
-1.31726e-05
0.00579501
0.000209486
0.000284722
-0.0910683
-0.00987581
-0.0237066
-0.00332128
2.71057e-05
0.00922915
0.0780089
-0.0163901
-0.000212893
0.116401
0.18893
-9.60297e-07
-0.0677283
-0.000113222
-2.58939e-05
-7.40978e-05
-0.000819157
0.0267893
-3.48664e-05
0.000316455
-0.0326916
-0.0339447
-0.0292479
0.34495
1.71083e-06
-0.000113558
0.19811
-0.00510529
-0.00518849
-0.000939325
0.195432
3.74393e-05
-0.000475318
3.40301e-05
9.14683e-06
3.24277e-05
3.69907e-05
8.71502e-05
-0.0236163
-5.13247e-06
-0.00454625
-0.0581958
0.27562
-0.000237442
-8.19377e-05
0.00649848
0.105269
-0.0588463
-0.00107605
-0.0914915
0.343729
4.65195e-05
0.438408
-1.18099e-05
0.0046144
0.0328803
0.000578101
0.471233
-5.19702e-05
-1.38376e-05
0.00158451
3.09832e-05
-0.00122883
0.000338306
-2.24321e-06
-0.00272206
-1.58976e-05
-0.000228717
-0.0045399
0.275109
0.0687518
0.0297817
-0.0573261
-1.14917e-05
-4.17726e-05
0.00470763
-0.0705366
-2.414e-05
-0.0610997
-9.03691e-05
0.126795
0.0786287
-0.0432374
-0.0018918
-0.0158711
-0.00139381
-0.0198259
0.00572597
-0.00985499
0.0824493
7.76417e-07
0.283599
0.0556085
-0.000851786
0.244139
-0.0178439
-2.21371e-05
1.15562e-05
7.67913e-05
-0.000315929
-0.000199154
0.277681
-0.00138709
0.284915
-0.00151187
0.193316
0.256279
0.150649
-0.00950315
-1.92086e-05
5.44185e-05
-0.0142715
-0.135226
-0.063511
0.00204756
8.68476e-07
-0.0502468
-0.000477911
-2.59813e-05
0.00137843
-0.00150731
-0.000928927
0.0440652
8.85131e-05
-0.0635683
0.076407
6.57234e-05
0.00034388
-0.0189071
-0.0752817
-0.00104516
-0.000751787
-3.81545e-06
0.00031727
0.119992
-0.0226194
-0.0627508
0.00179241
0.13055
-0.0512247
2.64874e-05
1.36181e-05
0.0367062
-0.000162482
0.113191
0.00275641
-0.0182237
-0.000566246
0.00223519
-0.0475876
-8.53071e-05
0.000654002
0.00498934
-0.09727
0.187553
-0.0818803
-0.0358033
-0.000269592
-7.50698e-05
0.00921881
4.60587e-05
-0.0978798
-0.0864791
0.000754536
0.00472209
0.00520907
-0.11523
0.000858014
0.000234091
2.66794e-05
-0.0545366
2.44589e-05
0.000748941
0.147172
0.209305
-0.127354
0.0635775
0.0631004
0.0342832
-0.000262197
0.0167845
0.000150265
9.40586e-06
-0.000141117
-3.06337e-06
-2.34671e-06
-0.000525896
-0.0103467
-0.0612985
-0.0131636
-0.0380563
0.0690958
0.0576807
0.00562014
-0.0836689
0.000192243
0.00647797
0.0156194
-0.000570945
0.0981051
-0.00172673
-0.0147216
0.0167851
0.00756283
0.00142553
-0.00552636
0.0586175
0.00111582
-0.0263864
-0.0220601
0.551065
-0.0329752
0.104521
0.0406306
-0.0489691
0.00302631
0.000108968
-0.00355878
4.76477e-05
-0.00364285
-0.0337771
-0.00011556
-0.000104314
0.31437
-0.00455458
-0.0555069
-0.0253101
0.000247009
-0.00196657
-4.60709e-05
-1.06471e-07
0.0528588
3.86323e-05
-0.00406333
0.099395
0.0087039
0.00152936
0.0254512
-0.00785561
0.00575422
-0.120926
0.00117497
-0.00608637
-0.074267
-0.00122547
-0.0109766
0.00101731
0.00148687
0.00134559
0.0516072
-0.000480246
0.00780515
-0.0718852
-0.0277233
0.000397588
-0.0713745
-0.0201417
-0.0231667
0.000109003
0.00910654
-0.0889813
-0.00119602
-0.00663865
-0.0661071
0.000426004
-0.00164812
0.256237
-0.028132
-6.75037e-05
0.011333
-0.0662977
-0.0014854
0.226142
-0.00300063
0.00138031
0.0759884
-0.00200347
0.0115087
0.153732
4.85996e-05
0.00159761
0.000218652
1.74167e-05
-0.00618469
-0.00967348
-0.000224182
-0.0323816
0.124135
-0.049732
-0.0924901
0.00158574
-0.00451137
-0.000882367
-0.0522608
5.35223e-06
0.0240844
2.475e-05
-0.0214833
-0.00271558
-0.00682852
-0.00483454
0.147652
-0.100223
-9.07756e-05
0.232953
-0.00271126
-0.00343893
-0.0785673
-0.104069
-0.0209772
-5.37796e-05
-0.00158028
0.00996942
-0.00427031
-0.00647889
0.000570326
0.110055
-0.0566506
-0.0150344
-0.00913129
0.0347068
-0.003032
-0.0011704
0.00233863
-7.83851e-05
-0.00426989
0.144192
0.00106922
-0.134622
-0.000118499
-0.0100211
-0.00489371
-0.112786
-0.0155205
-0.129945
-0.000106892
-0.000105615
-0.00510637
0.0146456
0.00251558
-0.147973
0.113061
-0.0641647
0.00023024
-0.163109
-2.74493e-05
-0.17024
-0.0340817
-0.179898
-0.177072
-0.16627
-0.122757
-0.0353045
-0.000727274
0.0312392
0.063476
0.0958173
0.188303
0.218493
0.246557
0.295385
-0.0109748
-0.00999567
0.0857231
-0.0227275
0.0012162
0.023825
-0.0538234
0.000697114
-0.00095774
-6.30704e-06
-0.0191216
0.0242791
4.50595e-05
-0.000476044
-0.014247
-0.00605561
-0.184422
-0.0166042
-0.0743447
-4.44675e-05
0.000760578
-8.37381e-05
-0.066769
-0.0118557
-0.0484232
-0.0131699
0.00236379
0.000273608
0.00648643
-5.41886e-05
-0.0102168
-5.89243e-05
0.00048359
-0.00756129
-0.0155794
-0.000409027
0.000422217
0.0630123
-0.0139361
0.0866276
-0.177661
-0.0101885
0.158612
-0.025152
0.00509548
-0.028762
-0.00448009
-0.0169317
-0.0168611
0.375762
-0.00181538
6.65237e-05
-0.00789991
-0.0120165
1.9462e-06
0.101331
-0.00553254
0.35341
-0.07144
-0.059028
-0.0356909
0.0638325
-0.00658559
-8.29008e-05
-1.31217e-05
-0.00571005
-0.0744245
5.0839e-05
0.381136
-0.00379615
-0.00673808
-0.000159149
-0.000555501
-0.00850892
0.127119
-0.0599325
0.146498
0.000850764
-0.0190895
-1.07483e-05
0.0362931
-0.010604
0.0263168
-0.0191833
-0.00738847
-0.00113355
0.00172327
0.0162504
-2.0892e-05
-0.0130067
0.000694387
-0.000574934
0.000619283
-0.0292717
0.000271482
0.173344
-0.0141978
0.00520996
-0.082386
0.0403197
-0.0818519
-0.0156542
0.0537073
-0.0243632
0.207935
-0.00806324
-0.00466814
-0.0664862
-0.0010481
-7.94605e-05
0.000575635
0.000103199
-0.00315153
0.00602049
8.65712e-05
-0.0184815
0.0295187
-0.00423053
1.81038e-05
-0.00452301
-0.0560242
0.178979
-0.0452275
-0.0640626
0.0110237
0.103274
-0.00173169
0.0592691
-0.0157199
0.00724007
0.048253
-0.0794534
0.133864
-8.71908e-05
-0.0392111
0.0015611
-0.00213216
-5.62831e-05
-0.00815036
0.132981
0.00116095
0.270655
-0.0276923
0.00946792
-0.0211218
0.000113186
-0.00248423
0.0830589
-0.127195
0.267534
0.0465226
0.0328728
0.200368
-0.0563302
-0.0058567
-0.0808655
0.000793089
-0.044728
0.184728
-0.00395295
0.328902
-0.00205478
0.113778
0.000111424
0.123818
0.159146
8.18177e-05
-0.0263452
-0.000536384
-1.03184e-05
0.00718449
0.00273767
-0.0517018
-0.0470599
-0.00766223
-0.0529121
0.191496
0.0676346
-0.0661352
-0.0215957
-3.973e-05
0.00574336
0.255998
0.00625493
0.194307
-0.0799542
0.00725676
7.93647e-05
0.000492072
-0.0285137
-0.00156431
-0.00361058
-0.0519083
-0.000876112
0.00461937
-0.0513018
-0.0540209
0.244734
-5.28455e-06
-0.024917
0.00021609
-0.033847
-0.000513328
-0.077113
0.150575
-0.0522017
-0.0323568
-0.00227269
-0.02005
-0.00101051
-0.00706997
0.103386
-0.0384874
-3.08195e-05
-0.00992434
-0.00586156
-0.000530438
-0.00364181
0.016305
-0.0142362
-0.0448589
-6.48302e-05
0.180064
-0.0365987
0.00928638
-0.000537697
-0.0108127
-0.00053254
-0.0183505
0.00036216
-0.0318049
-0.000184192
-0.0493121
0.00372026
-0.000214676
-0.0150504
0.000386379
-0.0125116
0.00162717
0.197032
0.00163503
-0.0124814
-0.0119233
0.00523261
0.150845
-0.0194728
-0.0675087
-0.0211836
0.000417919
0.146966
0.0627806
0.00172743
0.000139398
0.0688553
-0.0599305
0.00347045
-0.035642
0.000178935
0.000471007
0.0274195
-0.0355775
-0.0176167
-0.01488
0.345069
0.0360427
-0.0496531
0.043826
-0.000619273
2.80515e-05
0.00188082
0.00373556
0.167515
-0.00510318
0.0266226
0.000107002
0.510207
0.473003
-0.00205092
0.229066
0.633534
-0.0399329
1.999e-05
0.137403
0.163002
-0.00504139
-0.0314396
0.000204409
8.20313e-07
0.170379
0.0298684
-1.1332e-05
-0.0728263
8.7779e-05
0.0597785
0.0674147
-0.0442125
-0.0449013
-0.0283983
-0.00045192
0.0015365
-0.0170738
0.103485
-0.0577462
0.210687
-0.0130208
0.0590318
-0.00305363
-0.000343097
0.000598944
-0.00392536
0.160521
-0.00699707
0.162192
-0.000446511
-0.104445
-0.0551981
0.161344
-0.0088914
0.000506761
-0.0485639
0.000510999
0.0171823
0.138363
-0.0112478
0.178959
-0.0136735
-0.00497602
-0.119385
0.0406311
-0.0813469
-0.022353
-0.00128566
-0.0365356
0.00195451
-0.0126089
0.00214144
-0.041266
-0.0164413
0.0571702
-0.0055638
-0.0910581
-0.0531804
0.039868
0.0442763
0.139737
0.00573232
1.26301e-05
-0.00864636
0.222997
-0.000148992
-0.00805311
0.000225524
-0.000370401
-0.0507169
-0.00108745
0.00450312
-0.00152869
-0.00229714
0.000433278
-0.0487579
-0.0029814
-0.0195518
-0.0103276
-0.00438165
0.372489
0.0676054
-0.0449855
-0.0171571
0.00210783
0.000129407
0.0179496
-0.00146305
0.0114869
0.391119
0.145598
0.127267
-0.000398277
-0.0215248
-0.00199461
0.0371533
0.110982
0.135177
0.175971
0.186324
-0.019378
-0.00125068
-0.00303024
0.0484864
-0.00524374
0.194781
-1.23462e-05
-0.00218536
-2.31946e-06
-0.00780202
-0.0465692
-0.00308655
-0.0185154
-0.0381566
-0.0727408
0.184001
0.164016
0.0303168
0.165651
0.0929968
0.0866034
-1.23419e-05
-0.0104024
-0.0136569
-0.146813
-0.00771663
-0.0534043
0.078657
-0.132313
-0.00175376
-0.0792562
0.124942
0.150861
0.0719273
0.0897213
-0.0479864
-0.022627
0.0333147
-0.00692745
0.400492
9.40599e-05
-0.0905212
0.0809749
0.0237216
-0.0011011
-0.0561991
0.501664
-0.026099
0.0756425
-0.00111985
-0.0984837
0.000381433
0.266285
-0.0610719
-0.0297896
0.0668279
0.0264387
0.0753581
0.448722
0.301135
0.00353954
0.000665118
-0.00369784
0.000199554
-0.0387947
-0.00760635
0.0698122
-5.35387e-06
-0.0026867
0.102458
0.402629
-0.0333472
-2.63027e-07
0.507083
-0.0921777
-0.0812813
-0.00528857
0.115445
-0.0996635
0.065221
0.16791
-1.32759e-06
0.151035
-0.0372672
0.000251428
0.0484536
0.0455956
0.0696975
0.393531
0.455677
0.00708159
0.0704517
0.000797231
-0.0468286
-0.0415909
-0.000180052
0.166701
-0.102242
-0.0866235
-0.0777044
-0.00115824
3.97953e-05
0.00694338
0.0226204
0.326663
-0.0459476
-0.00365396
0.000183083
-0.00483368
9.83685e-05
-0.0256093
-0.0503151
-0.0114625
-0.0384028
-0.0795471
-0.0550689
-6.85254e-06
-0.0541261
-0.00378282
-0.106785
0.0636349
-7.50673e-05
-2.75351e-07
0.715877
0.409226
0.475219
0.28737
0.0237952
6.05229e-05
0.03106
-0.0403185
0.000197057
0.348738
0.00807886
-0.000945007
0.098923
0.109478
0.0540828
-0.147213
-0.0703348
0.242836
-0.155924
0.0552304
0.0091062
-0.163121
-0.159438
-0.0130786
0.0148185
0.0482696
0.0792541
0.199539
0.232457
0.0852481
-0.0574468
0.587181
-0.00713154
0.0347028
-0.0687548
0.00805591
0.129059
-0.0123219
-0.0122355
-0.0932776
-0.165318
0.052428
0.00016655
-0.0615601
0.436154
0.015269
0.378487
0.294951
0.553152
0.063119
-0.159065
0.445103
0.0339323
0.174202
-0.00136653
-0.00646714
0.000451053
-0.0578924
0.114024
-0.057722
-0.0672908
-0.00470911
-0.0650486
0.0394712
-0.000172392
0.115098
-0.0523391
0.00172126
-0.000611956
-0.169412
0.00644829
-0.014733
-0.0308225
0.552771
1.08474e-05
-0.0484185
0.00311219
-0.0161567
0.00815078
0.0459966
0.00165234
-0.084976
-0.000117749
-0.0060296
0.108158
-0.00842463
-0.0417762
-0.00886
5.09426e-05
0.0350062
0.111677
-0.0583592
-0.0333163
0.0493708
-0.00426525
-0.00270939
0.172257
-7.3121e-06
0.0565631
0.0395194
-0.0837249
-8.06766e-06
-0.00215904
-4.25133e-05
-0.0485279
0.181758
-3.17472e-05
-0.0107973
0.000118041
0.00223569
-0.0296261
0.000262198
-0.0512874
-0.0734251
0.735424
-8.71726e-05
0.088253
0.00200969
-0.0010141
0.000979769
0.141646
-0.023881
-0.0595745
-0.0610972
0.291628
-0.0339772
0.135194
5.10366e-06
0.290803
0.0472563
7.84338e-06
-0.100548
0.107189
-0.000575453
-8.17436e-05
-0.0556547
-0.0495067
0.725123
4.36414e-05
-0.0470918
-0.0568772
-4.93664e-05
0.026427
0.000660075
-0.032186
0.222419
-0.0449497
0.0395482
0.00849634
-0.000272869
0.338458
0.425067
0.00219492
-0.00975737
-0.0645754
0.305043
-0.0182193
-0.000286706
0.0886161
-0.114837
-0.079778
-0.00162091
-0.00382591
0.0694139
0.0314485
-0.0444326
-0.0718042
-0.0902999
-0.0428475
0.0614086
3.89503e-05
-0.0273734
0.704227
-0.00160239
-0.00264436
-0.00553146
0.544007
0.13608
1.38453e-06
3.19621e-06
0.195198
0.194297
-0.0362673
-0.0772788
-0.0672398
-7.33505e-05
0.0316913
0.0182564
0.160589
-0.00505948
0.249127
-0.0257668
0.0437675
0.426189
0.000295031
-0.0145455
-0.144603
-0.119148
-0.0255487
-0.000119509
0.360928
0.081865
0.0512078
-0.0364175
-0.0858168
7.26459e-05
0.208447
0.000800236
0.000139966
-0.0521775
0.0938131
0.00197205
-0.0133908
-0.0536839
0.150495
-0.00358874
-0.052375
0.00101409
-0.0411968
0.00049163
-0.0140244
0.000428126
0.046236
-0.0368609
0.201477
-0.0115535
-0.000123399
0.000288921
0.624078
-9.23065e-05
-0.0485951
-0.0612255
0.320764
0.0606315
0.000114421
-0.018148
-0.0241443
-0.0685836
0.0871674
-0.062088
0.130379
-0.0177222
0.0699791
-0.0248422
-0.0103695
0.325894
0.00312489
-0.0158154
0.190369
0.15902
0.501761
-0.0541933
-0.0390254
-0.00117728
-0.0417005
-0.0864792
0.120228
-0.00177487
0.0418015
0.000162947
0.0233363
-0.00364993
0.019903
-0.0337406
-0.0228121
-0.00210253
-0.0290282
0.000130544
0.0617006
-0.0527497
-0.00181018
7.36001e-05
-0.00131214
0.64782
-0.0975969
-0.0222144
-0.00427228
-0.000365995
0.388221
0.0471225
1.46304e-05
0.00754426
-0.105899
-1.01313e-05
-0.00126775
-0.0491056
-0.0129746
-0.00679556
0.146486
0.338274
0.328037
-0.0508113
0.000494543
-0.0589637
0.000116065
0.218762
0.546136
0.000129965
-0.00119563
0.0259303
0.570448
-3.38354e-06
0.315773
0.595618
-0.0569733
-0.0139482
-0.00395142
0.318693
-0.00813853
-0.0957216
0.525478
-0.00673021
0.342383
-0.0284753
-0.0128638
0.522314
0.143312
0.326988
0.295551
0.00315152
-2.50904e-05
0.21462
0.0924006
-0.0190555
-0.105813
0.00832941
-0.0899843
-0.018784
0.319403
0.000243574
-0.00755293
-0.100021
-0.0502651
-0.0345633
-0.0755284
-0.07398
0.341054
0.0733652
0.0320356
0.501309
0.0011568
-6.84092e-05
0.0740655
0.0565931
0.0801194
-0.000338549
0.00903332
-1.04909e-05
-0.0622718
0.025086
-5.5365e-05
-0.00156048
0.000906058
7.57336e-05
0.104316
-0.0107616
0.000404336
-0.0122873
-0.0950776
-0.0118737
-0.00396399
0.336798
-0.0259611
-0.0198783
0.00176132
-0.018526
6.31611e-05
-0.0484574
0.150923
-0.00197105
0.174128
0.011136
0.1184
0.195357
0.243664
-0.0306176
0.419754
-0.0179779
0.353506
-0.131929
-1.69608e-05
-0.0156413
-0.0243449
0.0354179
0.172841
-0.0710203
0.000328673
0.726312
0.0101302
0.1559
-0.0473909
0.092132
0.0992915
0.00104255
-0.0391771
-0.0911175
0.00303671
-0.000989568
-0.0134657
-0.04929
-0.00633275
-0.00944601
-0.0929514
0.205126
-0.00678736
-0.0430665
-2.03573e-05
0.604848
0.680954
0.00824955
7.50832e-05
-0.0364813
0.000281253
-0.0423199
0.000116016
0.0620261
-0.0363319
0.000203156
-0.000873633
-0.0629607
-0.00112713
-0.0247274
-0.0380219
0.375166
-0.0890909
0.365418
-0.000925552
-0.013728
-0.0186836
0.0862399
0.0690028
-0.0676301
0.00275127
-0.0184627
0.299612
-0.0470901
0.000398886
5.58377e-05
-0.00374952
2.76472e-06
-0.0141417
-0.00263129
0.0167253
-0.00826923
0.154967
4.00545e-05
0.00188717
0.256196
0.281973
-0.0323326
-0.00265039
0.224921
0.000325042
0.000336789
0.0597917
-0.00150098
0.539582
-0.0468873
0.332001
-0.11042
-6.46716e-05
-0.011003
0.455716
0.326347
0.0221961
0.00488259
-0.000386299
0.152575
0.0777789
0.0186775
-0.00168763
-0.0251105
-0.0643181
-3.49619e-06
-0.0311715
-0.0600936
-0.0462421
-0.00652591
0.558419
-0.00609598
-0.0323343
-0.0488057
0.000711939
2.41709e-05
0.00201612
-0.00715747
0.39385
0.0138697
8.46542e-05
0.00103698
-0.0856448
0.481493
0.000243213
0.000851489
0.0498508
-0.0457031
0.446836
-0.0389332
0.365731
0.337252
0.000230407
0.31283
0.346868
-0.0363198
0.0572327
-0.000316515
0.35984
0.000706934
-0.000163673
-0.00525484
0.244476
-0.0103855
0.238814
0.00270341
0.563042
0.00319758
-2.90296e-06
0.759354
0.0515513
0.610835
0.15832
-0.153205
0.0263159
-0.0757246
0.436208
0.000284775
-0.00018365
0.0752575
-0.00106866
0.547842
-0.131359
-0.140613
0.00281589
0.0968793
0.140283
-0.0881583
0.0184396
-0.0325343
-0.00652151
0.036985
0.000515669
0.00387689
-0.0368541
-0.0353874
-0.0579034
0.0788127
-0.00117501
0.120236
0.0843314
0.600047
-0.0696008
0.0434842
0.000544848
-0.0986731
0.362714
-0.0105383
0.136431
0.275224
-0.0382377
0.0215323
-0.0879257
-0.000103129
-0.00549166
-0.00337829
0.0109478
-0.00665949
-0.111361
0.000129966
0.176742
0.120168
0.233103
0.136841
0.277857
0.0160197
0.0882303
0.0268924
0.0337971
-0.024623
-0.128593
0.094239
0.3593
0.0545213
-0.00716512
-0.0792814
0.133505
-0.0107519
-0.124288
0.23352
-0.0223519
-0.0477207
0.162532
0.047298
0.531704
-5.57108e-05
1.93535e-05
-0.0753482
0.381915
0.41164
0.311906
0.415327
0.0789942
-0.00818428
-0.0140662
0.0964237
-0.0245803
-0.00252974
0.0353555
0.556437
0.00836145
0.373299
0.153124
0.0218737
0.000140029
-0.0453859
0.424173
-0.00328498
-0.0102802
0.175582
-0.0870507
0.000338887
-0.00808039
-0.0593214
0.671575
-0.0710638
0.200922
0.116183
-0.0112507
0.102579
0.333066
0.421365
0.166715
-0.0828031
0.146748
0.134058
0.718331
0.000942942
-0.00504842
0.410173
-0.0821279
0.309338
0.446047
0.00439477
-0.0436921
0.167888
6.11726e-05
0.483553
-0.0169769
0.392627
0.0150592
0.00141414
-0.00634087
-0.00160981
0.70653
8.09539e-05
-0.118472
0.355209
-0.000612912
0.0285411
-0.0306787
-0.0306651
0.1825
-0.0258585
0.00109805
0.170466
-0.026974
0.000943188
7.31941e-05
0.129086
-0.00350825
0.263257
-0.0895129
-0.00851629
0.0952946
-0.00193257
-0.0471226
0.0855079
-0.0871647
0.278816
-0.0277699
-0.00554267
0.212841
0.00021224
0.00240737
0.156291
-0.0169711
0.00860129
0.174897
0.488218
0.130912
0.0225559
0.296822
0.433985
-0.016649
-1.80344e-05
0.276144
-0.100317
0.0184549
-0.00120575
-0.0735489
-0.000434425
-0.000994808
0.0723643
-0.00580886
-0.0114114
-0.0344183
-5.99509e-06
0.256742
-0.000930571
0.0416553
-0.132764
6.51608e-05
-0.0818752
-0.0308094
-0.0813814
0.000709478
0.0337986
0.402026
0.49287
0.653087
3.10378e-08
-0.034244
9.3163e-05
4.45099e-05
1.14456e-05
0.000946024
-0.00168254
-0.00533597
0.305368
0.0287059
-0.00399236
0.0802816
0.0317131
0.0107112
-0.0757317
-0.059711
0.147439
0.325586
-9.73116e-06
0.0182185
-0.0739566
-3.55977e-06
-0.052818
0.0732718
0.265381
5.38406e-07
0.501223
-0.0400278
0.133236
0.147151
0.00216207
0.201371
0.00335539
-0.0907878
0.609447
0.000171394
-0.00739244
0.208055
-0.000434701
-0.0326879
5.19199e-05
-0.000949263
0.00334539
-0.0167133
-0.00376598
0.000305337
4.58704e-05
-0.0143999
-0.0808143
-0.0682747
0.182515
0.0848465
-0.0112239
0.558367
0.0237249
0.527795
-0.0224382
0.582954
0.51891
0.53616
0.0168167
-0.0133155
0.0138372
-0.00503494
0.000287777
0.267265
-0.0443081
0.00127278
0.262342
0.615968
0.193965
0.124266
-0.0419064
-0.0232134
0.000141956
-0.00725616
-0.0501358
-0.0114123
0.513227
-0.000580621
0.690867
0.321841
-0.00100734
0.241919
-0.0457581
-0.0965356
0.200197
0.0817636
-0.00553268
0.194365
-0.0203467
0.351127
0.13501
0.00219882
3.1426e-05
0.0260242
-0.0751711
1.87993e-06
0.00380723
-0.153406
-0.000946791
-0.0407793
-1.0937e-06
-4.41858e-07
-0.0992022
-5.20988e-06
-0.00762043
0.00101819
-0.0343395
0.117496
-0.0665995
0.0119651
0.028318
-0.055005
-0.150005
0.157664
0.0239838
0.0211628
0.386846
0.341202
-0.000111835
0.260745
-0.0757952
0.565758
0.278262
0.00354327
0.35037
0.572477
6.62092e-06
0.256275
0.0267529
0.0456297
-0.0524151
-3.71071e-05
0.0399211
-0.0709713
-0.00574371
-0.000380255
8.42015e-05
0.0207844
0.00137153
-0.0737723
0.0907892
-1.42176e-05
-0.117826
0.0733611
-0.00999453
0.00190164
-0.00764189
-0.00118727
-6.26377e-05
0.545414
0.492851
0.0852874
-0.0652101
-0.00846718
-0.00254915
-0.000466461
0.00013255
-0.00406437
0.0148547
-0.0598115
-0.0516077
-0.0975904
0.393704
-0.0551768
0.688382
0.000643738
-0.0446389
0.433165
0.000494385
-0.0764671
9.57654e-05
-0.00119185
3.3806e-06
0.000210284
0.196136
0.000201958
0.00190738
0.200695
0.0242305
-0.0112805
-0.0176537
-0.0119454
-6.6216e-05
0.633438
-0.068942
0.296922
0.168246
-0.00552084
0.368326
3.13337e-06
0.080007
2.1909e-05
0.0040716
0.013815
0.551521
-0.00137542
0.327914
0.0722239
-0.000578978
9.98785e-05
-0.0374805
0.393555
4.53298e-06
0.0166432
-0.000830611
-0.0899465
-0.0511609
-0.146088
-0.018596
-0.0322863
0.0333642
0.00399418
-0.132613
-0.140957
-0.00775077
0.000127651
-6.13088e-05
0.000440781
-0.00113704
4.48856e-05
0.104293
0.00220985
0.00173488
0.367678
-0.00142607
-0.0573182
0.254872
1.89944e-05
0.00258033
-0.112005
0.639976
-0.00560444
0.264406
-0.0625363
0.337916
-0.0277587
0.485388
-0.0711951
-0.0802142
-0.0177523
0.533858
-0.0223464
-1.43816e-05
0.000538783
0.196395
0.0755681
0.168399
0.655016
-0.0575257
-0.0978737
0.411916
0.00136457
0.0708903
0.00558214
-0.00553926
0.00234681
0.0024899
-0.000337667
-0.0819851
0.189565
0.167468
-0.0145428
-6.88056e-05
-6.10074e-05
6.14312e-06
-0.00409852
0.000189171
-0.0732943
0.41267
-0.0561975
0.713957
-0.146758
-0.00256117
0.68562
-0.0273035
-0.00964737
0.00048507
-0.00148668
-0.0110704
0.682013
0.65838
-0.0361233
-0.0180869
0.000262873
0.369999
0.232417
0.00507133
0.137194
-0.0207579
-0.0228972
-0.00282366
0.524854
0.502192
0.162115
-0.0105231
0.00145417
-0.0216951
0.0370159
-0.00113561
0.364547
-0.00159209
-0.000818647
-0.00566186
-0.0853697
0.0914317
-0.0694036
-0.0118311
0.601596
0.198308
0.173263
-0.0853088
0.0246828
-0.00972985
-5.96637e-05
0.425158
-0.00310821
-0.00532401
-0.0691535
0.0872399
0.000126934
0.291416
0.0336928
-0.0722884
0.0589548
0.202115
-0.0479202
-0.00984384
0.0377788
0.672519
0.151677
0.484678
-0.00113091
0.140502
0.0202571
-0.000138336
0.350379
0.00217488
0.0218458
-0.0343207
0.161246
-0.0516176
-0.0401454
-0.0644422
-0.0984063
-0.000180296
-0.0324039
0.534166
0.0736735
-0.0415775
-0.0110073
-0.0200031
-0.121728
0.664783
-0.0123777
-0.0101715
-0.164051
-0.00711791
-0.0173334
0.0314882
0.00377576
0.724772
0.512047
0.0243167
0.474011
0.495605
-0.0105175
0.0197745
0.0378726
0.100771
-0.00106102
0.0590891
-0.000358274
-0.0346773
-0.0875803
-0.0494567
-0.00402603
-0.111368
0.358322
0.0752945
0.457902
0.475679
0.515605
0.00014638
-0.0102394
0.528084
-0.0214498
0.628712
0.400937
0.00359782
0.577151
-1.63442e-06
-0.0026583
0.0708344
0.0834951
0.438338
0.00380616
0.00617619
0.00343974
0.385135
-0.0274153
0.0190808
0.512359
-0.0503126
0.524066
-0.0159277
-0.0622257
0.403851
0.514704
0.266974
0.275039
0.0152963
-0.00975924
-0.115043
0.000267333
0.526864
0.278323
0.348618
0.284853
0.591096
0.0202454
-0.133881
0.564625
-6.78087e-05
0.579307
0.151399
0.654742
0.626908
-6.20495e-05
-0.0517923
0.493865
0.00291468
-0.00379732
-8.5845e-07
-0.0629706
0.0159658
0.434273
-0.0137827
0.0170392
0.158799
-0.0719887
-0.00104816
-0.0299401
0.503119
-0.0384131
0.504112
0.568515
0.425202
-0.0505227
0.0696707
-0.43424
0.278175
0.501653
0.735548
0.199544
-0.734627
-0.0853032
0.509593
-0.554319
-0.0825449
0.308575
-0.658233
0.739563
-1.04463
-0.0964759
0.900797
-0.170962
0.413109
-0.0134003
-1.38644
0.282622
0.738045
0.045217
0.459703
-0.13636
0.808982
-1.00589
-0.72305
0.820288
1.06527
1.31022
0.317037
1.71957
-0.100319
0.798848
0.128016
-0.159705
-0.0961309
-0.126203
-1.05086
0.0838895
-0.0138288
-0.713496
0.046928
0.567146
-0.155952
0.388594
-0.139811
-0.0438266
-0.517795
-0.64894
0.243832
0.151488
-0.092986
0.12667
0.206557
-0.978887
-0.146165
-1.01092
1.56282
-0.154307
0.431146
0.293002
0.403077
-0.787403
0.0858839
1.73682
1.8306
-0.260098
0.7304
0.264189
0.708996
0.953301
-0.211994
0.205332
1.44357
1.19818
0.0730556
0.289472
0.314799
0.110974
-0.680845
0.282043
0.333956
0.291029
-0.132745
0.0361512
0.896217
-0.515633
-0.199591
0.287694
-0.170674
0.551746
-0.121597
0.160375
-0.239383
-0.455881
2.05012
0.833195
1.70689
1.07815
1.3231
0.330752
-0.0866443
0.838941
-0.485949
-0.374181
-0.113235
-0.1006
-1.22514
-0.102707
0.243844
0.85207
0.461566
-0.198386
1.02968
-0.164433
-0.116712
0.899946
0.369759
2.0813
-0.132281
1.60517
-0.0267652
-0.560281
-1.41714
-0.0742978
-0.206394
-0.195364
0.408044
-0.127271
-0.0983899
0.392907
-0.148823
-0.107997
-0.437663
0.00710912
0.0148295
-0.600522
0.810616
-0.57973
0.784857
1.69426
0.93914
0.691958
1.18402
1.42919
0.188348
-0.229003
0.116716
0.298745
0.453599
0.387995
-1.31032
0.329745
0.311956
-0.139379
-0.132473
-0.293174
-0.557118
0.104567
-0.122559
-0.25915
0.0284741
-0.128297
-0.307991
0.547436
0.379615
0.0940756
-0.125082
0.203967
-1.46238
-0.213188
0.372182
0.309941
-0.769749
-0.100365
0.391805
-0.102245
0.153925
1.84683
-0.0803687
-1.19974
-0.395575
-0.696619
-0.134319
-0.0926312
0.264596
0.0403501
-0.136495
-0.179706
0.0108873
0.123805
-0.155247
-0.39991
-0.34888
-0.101411
0.170549
0.939241
0.141314
-0.222049
0.216916
-0.0653329
0.19133
0.220786
0.62072
-0.247929
0.0321487
0.986923
0.513662
0.538117
0.943307
-0.019699
-0.10563
0.0873918
-0.0986101
0.850171
-0.415775
-0.259064
0.76568
-0.211414
0.0955223
0.146713
-0.732697
-0.6803
0.239309
0.256077
0.153374
-0.187933
-0.193618
0.319133
0.341489
0.124593
0.442692
0.199324
0.693082
-0.436253
0.194732
0.108343
0.0906229
0.420342
-0.95842
-0.0990897
-0.33345
-0.00520424
-1.006
0.789611
-1.5797
0.65383
-0.182966
0.212194
-0.110005
0.465306
-0.271688
-0.0025178
-0.323693
-0.18787
2.15298
-0.942489
-0.178572
0.858224
1.10311
0.603773
1.66714
0.43758
0.522602
1.34848
0.371121
0.100228
-0.0462664
0.0196827
-0.399792
-0.317182
0.776323
0.12499
1.99534
0.433746
0.13915
-0.338632
0.531349
-0.347231
1.93198
-0.138774
0.756802
0.11463
-0.0348291
0.169109
-0.175762
-0.0367985
-0.614128
-0.248326
-0.106878
0.224899
0.322925
0.315466
0.26169
0.449341
0.333236
-1.1699
0.366596
0.934468
-0.113823
0.382283
-0.200687
-0.0782745
0.213114
-0.193571
-0.228078
-0.00955005
-0.695419
0.343695
-0.0180239
0.0635506
-0.322334
0.366733
0.434507
0.284772
2.10429
-0.244452
0.470602
-0.143076
-0.0668681
0.063373
0.292328
-0.538727
-0.999518
0.0739112
0.219971
0.0315642
-0.0341624
-0.219202
-0.210189
-0.00774004
-0.455887
0.235833
0.546182
-0.0229048
0.11845
-0.81263
-1.11862
-0.825875
-0.444919
-0.501109
-0.214167
-0.105732
-0.201172
0.485878
-0.178263
-0.245653
0.314274
-0.427084
0.269554
0.235811
0.918488
0.114782
0.20017
0.911344
0.822204
0.0893735
0.42821
-0.455306
0.750717
0.995839
1.78785
1.24079
1.48847
0.248302
-0.169046
0.19905
0.0518451
-0.812005
0.671782
0.033981
-0.0972601
0.260349
-0.573548
-0.194215
0.238858
0.482307
-0.351255
0.52196
0.399565
-0.0104554
0.263484
0.0907011
-0.192932
-0.799877
0.197628
0.0867688
-0.981034
0.471171
1.85383
-0.101832
-0.876745
-0.79426
-0.426724
-0.114813
0.373167
-0.676826
0.309928
0.6852
0.930146
1.17503
0.181891
1.42062
-0.235434
0.245958
0.112984
0.455752
0.737527
0.9163
-0.467753
0.0516195
-0.157163
-0.326505
0.207959
0.377355
0.922558
0.187508
0.184795
1.0019
-0.0776736
-0.190962
0.166346
-0.214836
-0.499807
0.229557
0.839955
1.52624
-0.579827
-0.457369
-0.265354
0.423958
0.151357
0.360977
-0.103908
0.946792
0.236407
0.349371
-0.151718
0.478838
0.37812
0.231271
-0.173626
0.326541
-0.19834
0.112837
0.180355
0.691835
-0.345434
0.311095
0.139028
-0.734323
-0.947878
-0.970227
-0.178954
0.0106401
-0.170187
-0.676758
-1.4779
-0.836386
0.219492
-0.231143
1.5452
-1.17453
0.0738267
0.187629
0.153092
-0.680481
0.137365
-0.118824
-0.128195
-0.158159
0.0858009
0.0697738
0.221174
0.743346
1.36325
-0.116023
-0.126711
-0.14667
-0.212379
0.769165
-0.339992
0.39561
0.250426
-0.237957
-0.239813
-0.285632
-0.171551
-0.625486
0.62717
-0.0846655
0.0918629
0.40045
-0.723324
-0.585896
-0.197711
-0.187698
0.407049
-0.444953
0.120276
-0.190082
0.292084
-0.313259
1.99109
0.152338
-0.172986
0.18746
1.76334
-0.144126
1.265
0.27322
1.02001
0.775099
0.374398
-0.124274
0.0390293
0.184325
0.0966115
0.120441
0.791709
0.215865
0.0981127
0.611974
0.187391
0.372564
-1.01624
-0.695563
0.00225547
-0.202216
0.300354
-0.973691
0.128847
-0.542185
0.310384
-0.0193136
-0.191624
-0.000206415
-0.219547
0.330933
-1.5694
-0.068324
0.699856
-0.425795
-0.833771
-0.0344024
0.141786
1.33468
-1.54669
-0.0614275
0.732512
-0.215159
0.961076
0.71461
1.20598
1.45366
0.211131
-0.206229
-0.200992
0.451964
2.10629
0.023973
-1.14915
-0.178933
0.158306
-0.119444
-0.211446
-0.850603
0.336967
-0.844945
-0.227558
-0.149841
-1.05904
0.0386016
0.289456
-0.201629
1.91851
-0.479224
-0.148428
-0.147353
-0.412266
0.0619661
-0.10508
-0.18628
-0.307046
0.306489
-0.172113
1.82386
-0.218874
-0.0802135
0.294457
0.488352
-0.116752
-0.167374
-0.986377
0.324094
0.182239
0.473457
0.288945
-0.165987
0.267112
0.408221
-0.0972012
0.439397
-0.953421
-1.49411
0.612603
0.646644
-0.217672
0.324092
-0.123012
0.357119
0.14685
0.459631
0.0582588
-0.281017
0.178371
0.186762
-0.0689385
0.109854
-0.724308
-0.106268
1.12588
0.88098
1.37257
-0.285801
0.131609
0.635137
0.328215
0.0584557
0.29523
0.25421
-0.651976
-0.198615
-0.127872
0.498233
0.555159
0.124062
-1.24505
-1.64882
1.31715
-0.124297
0.675615
0.477289
-1.12683
0.440485
-0.336629
1.02702
0.300265
-0.190097
0.171857
0.449295
-0.298882
0.71234
0.49373
0.457876
-0.02854
-0.980212
0.746316
-0.887017
0.219784
1.9845
-0.955374
-0.0481489
-0.546583
0.965772
0.419004
-1.52036
0.174376
-0.831257
0.000494405
-0.258479
0.725823
-0.123254
0.776189
0.0933963
-0.964137
0.0707815
0.327428
0.288297
-0.161928
0.0625839
0.190009
-0.152253
-0.204673
-0.69169
-0.365459
-0.103928
-0.914256
-0.037653
1.50776
0.123522
0.597732
0.343666
-0.187164
0.0622341
0.324757
-0.884067
0.784574
-0.932729
0.934603
-0.139954
-0.254545
0.138678
-0.0434194
-0.112305
0.220154
-0.870752
-1.23605
0.400432
0.775219
0.418468
-0.217354
1.03168
0.476989
-0.804347
1.2349
0.0648719
0.0844908
0.263953
0.223595
-0.00227832
0.242904
-0.174383
0.0968274
0.0929726
-1.42036
0.183015
0.435667
-0.487312
-1.35443
0.506086
0.104149
0.0775396
-1.12353
-1.33844
-0.359719
0.52889
-0.143403
-0.358817
-0.269839
0.380663
0.29499
0.250978
0.284712
-0.242057
-0.293695
-0.482326
0.758331
-1.0251
0.294595
0.285427
-0.74206
0.220302
-0.949241
-0.182652
-0.175416
-0.41321
0.0378844
0.500973
0.275173
-0.067234
-0.237166
0.0825136
0.371981
-0.309137
0.355243
0.319788
0.718348
-0.011363
-0.525031
-0.209733
0.161929
0.459349
-0.677022
0.487901
-0.78592
-0.10571
0.457446
-0.156926
-0.221639
-1.03877
-0.15804
-0.225326
0.00493682
-0.226782
0.606826
0.486682
0.0636461
0.153942
0.733733
0.97919
1.80535
1.22411
1.47148
0.230419
-0.186925
-0.054864
0.812616
0.358783
-0.191874
0.460499
0.87875
-0.539536
-0.113762
0.0728039
0.38744
-0.438399
0.367236
0.82838
0.72728
-0.0340456
0.000430124
-0.387199
0.0986781
-0.262742
1.39203
0.154626
1.14723
0.902363
0.658175
-0.152712
0.192234
-0.0517191
0.175949
0.511817
0.442397
0.78804
-0.156879
0.348131
0.0752927
-0.677891
-0.0749871
0.374381
0.0569147
0.151663
-0.754494
0.39443
0.0289747
-0.0163378
-0.0225124
0.573889
1.88568
0.184718
0.191584
1.33189
0.369034
0.00756388
0.1001
1.15075
0.332663
0.037303
-1.04884
0.297993
0.252304
0.369968
0.066595
-0.285909
0.0218277
0.297912
0.0335765
0.362998
0.930416
-0.613649
0.311988
-0.595434
-0.175567
-0.178568
0.158895
0.262495
0.176247
-0.254565
-0.0114589
-0.79399
0.476008
-0.23258
0.297106
0.262383
0.75263
0.0859011
-1.45519
-0.02106
0.287901
-0.386999
-1.28892
0.0969361
0.072998
0.100229
0.296908
0.188318
0.167042
0.407567
0.253772
-1.40922
0.367063
0.231822
0.434465
0.212405
0.255204
0.199848
0.404267
0.328557
-0.564963
0.311852
0.322933
0.481541
-0.134683
-0.521898
0.68392
0.233974
-0.977725
-0.688207
-0.798064
0.40929
0.476275
0.272157
0.156144
-0.0578059
0.269761
-0.819346
0.136417
0.071868
0.354758
0.352569
0.388135
0.0759053
2.01573
-0.787053
0.208121
0.761244
1.00588
1.25076
1.77817
-0.159892
0.257433
1.48663
0.758714
-0.825788
-0.225634
0.436277
-0.945783
0.434453
0.179421
-0.236215
0.0260302
0.0485905
-0.0147249
0.443017
0.206729
0.109979
-0.261825
-0.864732
0.0665648
-0.270807
-0.959964
0.236536
0.31223
0.260278
-0.203286
0.789911
-0.30451
-0.168409
-0.799305
0.0208369
-0.0746386
0.573199
0.34815
0.671165
0.297044
1.17084
0.456665
-0.217835
0.405745
0.0886337
0.332241
-0.0765116
-0.192189
-0.370085
-0.211366
0.584313
0.387403
0.219312
0.20423
-0.28012
-0.0305266
0.356013
-0.277454
-0.149552
-0.41038
-1.3818
0.418991
-0.150159
0.518931
0.109106
0.460321
0.249185
0.192505
0.542165
-0.303433
0.177897
0.262756
-0.496542
0.200499
-0.243069
0.327133
0.334796
0.671859
0.322028
0.372709
-0.147277
0.239427
0.681206
-0.03338
0.00245295
-0.249678
0.321812
1.42351
-0.391326
0.19228
0.174007
-0.725404
1.95169
1.21069
-0.946102
0.382736
-0.88543
0.71852
1.0056
-0.85091
0.451905
0.163695
-0.475054
-0.852454
-0.664854
-0.22016
0.325167
0.341869
-0.58553
0.416263
0.73123
0.109302
0.0753582
0.172295
0.642984
2.19984
0.470326
0.551662
-0.164976
0.0461275
-0.697071
-0.225279
0.40482
0.374554
0.596972
0.40414
-0.144027
-0.380042
-0.237101
1.7489
1.27973
-0.130947
0.286398
1.52017
1.03484
0.789738
0.072173
1.68225
1.64671
-0.111259
0.506771
0.542238
-0.27218
-0.259956
0.241421
0.442679
-0.200181
-0.191292
0.182278
0.231959
-0.921108
0.425704
0.0893027
-1.64288
-0.348298
-0.988324
0.454586
0.656624
0.12901
0.238049
1.50797
-0.201779
0.284006
0.11445
0.733401
0.171846
-0.171041
-0.237106
0.660003
-0.0812957
-0.39111
0.486497
0.658488
0.0230105
-0.603073
0.176907
-0.0480777
0.420483
0.72247
0.168325
-0.106921
-0.263611
-0.288449
0.296529
0.267906
-0.224161
0.311439
-0.390553
0.24962
0.375587
-0.203149
0.0668688
0.336925
0.317913
0.361296
-1.17679
-0.164416
-0.154279
-0.191636
0.125688
0.0593414
0.373821
-0.121852
0.699652
-1.29467
0.349626
0.278568
-0.0484526
0.335471
-0.22802
0.713313
0.778654
0.71927
-0.42388
-0.643816
0.320032
0.140138
-0.165477
-0.184674
0.756794
-0.492432
0.157721
-0.727929
-0.106192
-0.313833
-0.152323
-0.264666
-0.107895
0.312733
-0.181807
0.360421
-0.423453
-0.166962
0.256919
-0.466376
0.863733
0.297066
-0.746223
0.0584375
0.686146
-0.815891
0.250503
-0.125785
-0.219557
-0.730838
-0.865528
-0.294434
0.254063
-1.07471
-0.363999
-0.158595
0.931045
0.248933
-0.240371
0.305046
0.649161
0.196763
-0.322853
-0.171377
0.19299
0.390258
1.32393
-0.121536
0.181873
-0.0304017
0.0911405
-0.234596
0.33366
0.0754838
-0.179605
-0.48182
0.0611523
-0.310345
0.147984
0.0863204
0.105689
2.09758
0.0725359
0.414021
-0.487701
-0.0478929
-0.143434
0.351656
0.0930725
0.00906742
-0.285543
-0.0309896
-0.247905
-1.45094
0.876356
-0.975956
-0.286608
0.399391
0.112928
-0.185856
-0.0386248
-0.122524
-0.143914
-0.0641699
-0.0978062
-0.00472599
0.315319
-0.150317
-0.153948
0.360472
-0.292071
0.239433
0.610888
-0.334857
0.38993
-0.157862
0.24654
-0.170566
0.362791
-0.170194
-0.769721
-0.198309
-0.734492
0.332579
-0.155886
-0.260671
-0.47608
-0.114092
-0.38902
-0.248648
-1.0951
0.27472
0.248042
0.889425
0.261339
-0.3633
-0.332857
-0.710324
0.373838
0.202991
0.472874
0.436041
-0.116877
-0.175157
0.234084
-0.355365
-0.302452
-0.5218
0.638586
-0.267908
0.405889
0.351763
-0.0124912
-0.187798
-0.228093
0.672418
0.692257
0.615058
0.287684
-0.125588
-0.367317
-0.295275
0.184947
0.380332
-0.215902
-0.344343
-0.160834
-0.282488
0.961215
-0.162587
0.093634
-0.540904
-0.214931
-0.363399
-0.659211
0.145748
-0.135645
-0.208628
-0.199973
-0.209215
0.347741
-0.363578
-0.654937
1.88913
-1.22243
0.533615
-0.274556
-0.158328
0.0323474
0.959646
-0.284042
-0.191022
-0.183898
-0.909761
-0.726567
-0.81631
-0.439747
0.554082
0.469597
0.389743
1.65099
-0.0276769
0.0513981
1.62709
-0.366237
-0.00515272
0.412992
0.0797341
0.583304
0.500081
-0.337702
-0.0931456
-0.224967
0.207162
-0.0603424
-0.361933
0.292231
0.412987
-0.177628
-0.0327304
-0.338949
0.423621
0.271442
0.325295
0.251466
-0.1772
-0.237719
0.287939
-0.191242
0.225933
-0.249384
0.309716
-0.000710855
-0.12627
-0.217185
0.292516
0.120286
-0.369055
-0.24342
0.279675
0.0918727
-0.164653
0.10528
-0.155018
0.137016
0.243983
0.0287117
-0.482165
-0.153025
-0.106539
0.156493
0.707456
0.0788067
-0.216562
0.382688
0.0539205
0.187959
-0.148354
0.0726933
-0.120445
0.0430542
0.208941
0.187484
-0.351526
-0.208829
-0.369751
0.118436
-0.221116
-0.0995512
-0.142934
0.557758
0.19114
-0.192516
-0.252986
-0.169328
-0.26655
-0.819389
-0.775243
-0.119033
-0.0982812
-0.171914
0.353113
-0.18051
0.0226661
0.186022
-0.203743
-0.17896
-0.155928
1.90508
0.0434759
0.136393
-0.202065
-0.823825
-0.0632666
-0.330171
-0.0996228
0.67945
0.397936
-0.0243368
0.436696
0.678415
0.114003
-0.137525
0.0761132
-0.18182
0.509809
0.501874
-0.0894545
-0.964081
-0.174004
0.0123144
0.352047
0.294347
-0.115534
-0.185081
0.323115
-0.148404
0.796936
0.302307
-0.34415
0.830216
0.349596
-0.113153
0.264696
0.105628
-0.172481
-0.191671
-0.15963
-0.415901
0.849274
-0.380154
-0.199655
0.510972
0.372079
-0.0679156
0.180052
-0.258421
0.208055
-0.711051
-0.14079
-0.136991
0.236526
-0.140213
0.613146
0.0217577
0.0456226
0.513859
-0.401966
-0.1851
-0.130134
-0.251882
-0.0961075
-0.14666
-0.0849605
-0.452015
-0.162727
-0.197544
-0.940088
-0.872183
-0.166225
-0.129746
0.306236
-0.402795
-0.152843
-0.520241
-0.321156
-0.144122
-0.140584
-0.479636
-0.153606
-0.0227668
-0.0878761
0.878121
0.895774
-0.150675
0.44242
-0.984805
-0.0926557
-0.255299
-0.766014
0.252163
0.293141
0.252059
0.546293
0.375717
-0.750037
-0.124258
0.192494
-0.103123
-0.137935
-0.209624
-0.0982341
-0.160982
-0.085677
-0.10616
-0.0962389
-0.403426
-0.153655
-0.516242
-0.667703
0.473818
-0.102865
-0.114109
-0.435912
-0.146962
0.379442
-0.098924
-0.560298
-0.0929545
-0.24873
0.924836
0.456867
-0.175719
-0.0891732
-0.261811
-0.746796
-0.118669
-0.495347
0.227299
-0.282359
-0.176007
-0.261243
-0.321311
-0.0974892
-0.534072
0.883464
-0.467624
0.0976392
-0.153841
-0.335263
-0.0820911
-0.135236
-0.11758
1.98042
0.539667
-0.222961
-0.733227
-0.925454
-0.0898595
-0.450791
-0.232829
-0.117926
-0.105488
-0.111268
0.746653
0.561372
0.481564
0.293818
-0.790474
0.271347
0.44688
0.372524
0.465308
-1.26656
0.45089
0.34279
-0.13946
0.328186
0.398372
-0.142494
-0.0955711
-0.171879
-0.0925208
0.371136
-0.0870236
0.697775
-0.338975
-0.0914786
-0.853131
-0.173477
-0.462075
0.487679
0.629755
0.345146
0.575412
-0.162053
-0.0952491
-0.710741
0.414471
-0.136334
0.289534
-0.489238
-0.728522
0.242835
-0.195949
0.310274
0.355236
-0.128577
-0.236661
0.707907
-0.332581
-0.160665
0.561321
0.257617
0.249479
-0.228572
-0.285042
0.529492
0.286588
1.08183
-0.922928
1.0444
-0.457676
0.549606
-0.27226
-0.0891134
0.504383
0.138945
-0.415365
-0.608852
-0.133197
-0.0756986
0.208291
0.200831
-1.64601
0.52993
-0.117501
0.24876
-0.163938
-0.776326
-0.138619
-0.133664
0.172609
0.620579
-0.6085
0.5231
-0.27258
0.0165626
-0.158467
0.827208
-0.115416
-0.820322
-0.0186489
-0.201335
-0.454443
0.178093
0.182978
-0.235681
-0.464695
0.16557
-0.141671
-0.37054
-0.119935
0.426713
-0.147269
-0.101375
0.701053
-0.20281
-0.745719
0.384503
-0.284077
0.501524
0.498164
0.3561
-0.158683
0.111131
-0.380409
-0.115467
-0.471237
0.07421
0.910074
-0.125601
0.072988
0.0977609
-0.133042
-0.121333
0.136439
-0.221328
0.3006
0.0919704
-0.341225
0.399449
-0.121002
-0.131096
0.517817
-0.125204
-0.777474
-0.11534
1.0954
-0.370872
-0.651766
0.494088
0.593637
-1.00018
-0.145696
-0.117445
-0.156858
-0.143434
-0.758095
0.0648995
-0.135788
0.0454941
-0.49836
-0.169493
-0.299752
0.456082
0.54481
0.0169371
0.744944
0.503006
-0.21146
-0.30092
0.425943
-0.681725
0.00760527
-0.128402
-0.59029
0.513103
0.212492
-0.113973
-0.0459647
-0.130552
0.759099
-0.309747
-0.0650697
-0.00769007
0.400522
0.4973
-0.242479
-0.302952
-0.854523
-0.169248
1.67323
0.423381
-0.765204
-0.127374
-0.177958
-0.176038
0.184222
-0.11939
0.367129
-0.0948628
-0.132239
-0.113089
0.394566
0.136948
-0.199364
-0.305825
-0.497473
-0.122476
-0.39267
-0.153887
-0.115736
0.539448
-0.143996
-0.163038
0.44284
-0.161437
-0.0713427
-0.105852
-0.115981
-0.442645
-0.11426
-0.151619
-0.113297
-0.626449
0.358043
-0.605119
0.228272
-0.15292
-0.129081
-0.735488
0.438813
-0.141637
-0.416953
-0.159041
-0.108535
-0.115952
-0.124551
-0.283597
-0.12896
-0.118368
-0.114439
0.59318
0.316426
-0.192372
0.150554
-0.168892
0.339454
-0.185267
0.79483
-0.121042
-0.782425
-0.163972
-0.12498
-0.149187
-1.62157
0.561843
0.475383
0.386499
0.584375
0.495565
0.399223
0.059007
-0.0306444
-0.0180933
0.0807511
1.61453
1.64595
-0.357926
-0.336409
-0.200928
-0.807385
-0.551706
0.0490257
-0.15011
0.365692
-0.538084
-0.260087
-0.222212
-0.127021
0.280262
0.497745
-0.420427
0.321062
0.26704
-0.108658
-0.13005
0.300073
-0.21217
-0.121705
0.0112305
0.23927
0.418887
-0.33818
-0.13517
-0.1887
-0.377109
0.646226
-0.237186
0.336396
-0.185115
0.295205
0.307879
0.43192
-0.31751
1.1146
-0.125011
-0.817721
-0.868229
0.44044
0.285801
-0.136401
0.21771
0.279745
0.514627
-0.180729
0.986523
0.326698
-0.237374
-0.176761
0.124265
0.102252
0.149212
0.172896
-0.916907
-0.255151
0.60491
0.000509995
-0.816912
-0.327667
-0.175552
-0.196072
0.202813
-0.245192
-0.267545
-0.442494
0.747652
0.150909
-0.21635
-0.318399
-0.145827
0.315588
0.60035
-0.489636
0.251759
-0.106572
-0.111108
-0.108398
-0.719149
-0.00855669
-0.22436
0.0843772
-0.183834
-0.274481
0.280927
-0.118034
-0.182772
-0.0522018
-0.123549
-1.34476
0.0127178
0.221734
0.19485
-0.237682
0.0631617
-0.202614
0.0453087
-0.0208113
-0.532577
0.122311
0.0611071
0.0922749
0.974279
0.165923
-0.654703
-0.238284
-0.256897
-0.197933
-0.0814313
-0.111759
0.463146
-0.314843
0.424611
-0.206885
0.506989
0.0285803
-0.74323
0.38012
0.48339
0.527621
0.576925
-0.208644
-0.0777814
-0.162735
-0.228905
-0.323219
-0.110271
-1.34767
-0.0439356
-0.204636
-0.301764
-0.129726
-0.696293
-0.671118
-0.00422743
0.653185
-0.118646
-0.372842
0.554153
0.65685
-0.670309
-0.114516
0.956845
-0.603592
-0.259989
0.64791
0.524261
-0.360247
0.499759
1.55353
-0.22013
-0.189933
0.8878
0.496314
-0.138465
-0.429891
-0.298734
-0.197134
-0.13475
-0.0936104
-0.152262
0.178966
0.844444
0.390206
0.629248
-0.192169
-0.145841
-0.265672
0.860646
-0.222138
0.378592
0.25093
-0.771791
-0.38438
-0.247047
0.727819
-0.520022
-0.512238
-0.644232
0.381997
0.397617
-0.34905
-0.342122
-0.389223
0.681483
-0.285421
0.811104
-3.1078
-0.412408
0.362503
-0.248082
0.349194
-0.788414
0.346058
-0.675472
-0.140158
0.375387
0.662763
0.0708392
0.175769
0.343713
-0.422598
-0.249447
0.55947
-0.193259
0.328368
0.459763
0.537373
0.140167
0.576251
0.366676
0.378827
0.390374
0.312256
0.266988
0.298203
0.353539
0.355983
0.429066
0.63672
0.320574
-0.00804644
-0.379612
0.542293
-0.352262
-0.120574
0.666604
-0.233506
0.354326
0.297401
0.372139
-0.308694
0.450949
0.235118
-0.413424
-0.804556
-0.0740835
0.284073
-0.402241
0.655609
-0.84185
-0.280097
0.400356
0.253957
0.265534
-0.110653
-0.500213
0.202891
-0.132471
1.80908
0.21931
0.253459
-0.0868131
0.815236
0.178163
0.22507
-0.461383
0.155425
-0.225017
0.188784
0.280749
0.205026
0.364736
0.181986
0.367853
0.903807
0.128092
-0.496839
0.451137
-0.512435
0.160218
0.480323
0.221479
-0.211077
-0.905764
-0.129338
0.510338
0.480497
-0.582621
-0.18411
0.25396
0.450009
0.0877585
0.089701
0.340359
-0.480737
-0.330318
0.0782752
0.121597
0.273982
-0.671583
-0.181522
0.474961
-0.565999
-2.31422
-0.65216
-0.242167
0.424261
0.0836019
-0.534272
0.0529053
-0.31882
-0.343591
-0.467624
-0.218018
-0.561807
0.485199
0.452235
0.0489769
-0.162493
-0.422109
0.198612
0.67602
-0.750819
0.608618
0.69258
0.632167
0.00379819
-1.38814
0.478858
0.0217081
-0.283623
0.238515
0.434448
-0.0247649
0.515618
-0.0645472
-0.521314
-0.602562
-0.0522142
-0.312006
0.629551
-0.0590773
-0.112814
0.480959
0.602341
0.898452
-0.0712281
-0.691065
0.487155
0.64749
0.917847
0.130992
-0.0866986
-0.106359
0.641246
-0.111297
-1.29075
0.782213
0.480313
-0.316723
-0.148735
0.52865
0.650204
0.566333
2.05579
0.538071
-0.568645
-0.141084
0.403249
-0.124608
-0.639265
0.538364
0.274121
0.573691
-0.244431
-0.50975
-0.907456
-1.20378
-0.185412
0.611585
0.558211
0.0430915
2.09413
-0.351418
0.443619
-1.94681
-0.10642
-0.287531
-0.565665
-0.701269
-1.69465
0.0175298
0.556178
0.629902
-0.538775
-1.52792
-0.927775
0.432792
-0.694456
-0.133997
-0.105633
-0.627671
-0.17123
-0.618695
-0.995676
-0.300645
0.469924
-1.13642
-0.533933
-0.166519
-0.55883
0.862012
0.629017
-0.383287
-1.08386
0.418198
-0.150533
0.664225
-0.11513
-0.545494
-0.795164
0.473118
-0.619741
-0.179891
0.405189
0.0342771
0.623117
-0.0136144
0.142014
-0.0904741
-0.278222
-0.876769
-0.526868
-0.788717
0.500947
0.7133
0.151572
-0.460176
0.5748
0.657815
-0.32254
-1.08482
-0.486378
0.77326
-0.142524
0.72123
0.273242
-0.260676
0.346985
0.472771
0.451115
0.626845
0.375313
0.528951
0.459609
0.111897
0.363041
-0.33455
0.313742
-0.559387
-0.111006
0.671327
0.296606
0.235414
0.834327
-0.375282
-0.426983
-0.120642
0.492609
-0.517721
-0.237916
-1.26447
0.538062
0.590985
0.395099
0.252062
-0.796056
-0.329887
0.472214
-0.730898
-0.0772799
0.449847
-0.239477
-0.0769297
0.261739
0.208515
-1.04299
0.478387
0.46453
0.509782
0.0999222
0.532294
0.573713
0.295855
0.249357
-0.0207098
-0.610357
0.59141
-0.0792296
0.819749
-1.2852
0.556421
-0.660668
-0.812958
-0.496854
0.071274
0.98023
0.214351
0.155336
0.301751
-0.550809
-0.0641554
1.68495
1.58652
-0.392052
0.0254429
0.116148
-0.301242
0.353221
1.10574
0.443499
1.35055
0.527494
0.61984
0.860882
0.507838
0.178727
0.305073
0.336374
0.885001
-1.06074
-1.0047
0.566092
0.515311
0.173573
-0.10615
0.783886
0.576333
-0.399853
0.646817
0.316681
0.844149
0.868641
0.128929
-0.524132
0.194258
-0.0865536
0.419059
0.35277
0.222753
0.590001
1.04854
0.261828
-0.399557
-0.619596
0.277044
0.222968
0.114462
0.964427
-0.616374
0.381529
0.339429
0.336038
0.0905228
-0.672592
-0.127371
-0.700463
0.270862
-0.576925
-0.888165
-0.28803
0.081031
0.815927
0.58587
0.331173
0.281114
0.265417
-0.108436
0.398639
-0.250205
0.021541
-0.726515
0.215988
0.144824
0.329645
-1.00755
0.375068
0.227827
0.393647
1.71823
-0.10004
1.55742
0.317295
1.31283
1.06803
0.823188
0.486893
0.102438
-1.26825
-0.435987
0.452779
0.10438
-1.26037
0.548453
0.243516
0.0127887
0.357458
0.459436
0.381423
0.254665
0.563241
0.469719
0.386392
0.347879
0.580218
-0.0962279
-0.8991
0.377523
0.866104
-0.982914
0.47666
0.298211
0.350084
0.444157
0.29686
0.331167
0.566902
-0.106975
0.0960002
-0.88315
-0.133442
0.351104
-1.12077
0.35375
-0.242484
-0.011671
0.468419
0.368977
-0.626899
0.524846
0.304262
1.92788
-0.471247
-0.144014
0.606143
-0.59398
-0.301697
-0.0815388
0.49515
-0.577342
0.10395
1.51674
-0.103949
-0.139897
0.0343981
0.660163
-0.145267
0.0405166
-0.367437
0.454578
0.918751
0.447128
-0.052995
0.305731
-1.0022
-0.56442
-0.3862
0.26371
0.374116
-0.158499
0.255569
-2.59527
-0.120609
0.350864
-0.579489
-0.0355497
-0.444164
0.74102
0.270512
-0.284963
0.195684
0.0496656
-0.808001
-0.207053
0.257391
-0.406832
-0.709063
-0.112558
0.20543
0.216983
-0.098726
-0.263698
0.239715
0.227567
-0.370101
0.467127
0.864701
0.191908
-0.380916
0.24074
-0.982858
0.14734
-0.106572
0.107071
-0.141882
-0.150572
-0.254538
-0.265072
-0.412458
0.616463
-0.27091
0.390617
0.311109
-0.89486
-0.388756
0.528982
0.590061
-1.16249
-0.970146
-0.137853
0.431194
0.115376
-0.17038
1.15496
-0.495013
0.0894194
0.954411
0.37574
0.446366
-0.154046
-0.881472
0.292521
0.389527
0.11769
0.606916
-0.512006
-0.616466
-0.10549
0.242916
-1.23625
0.0592157
-0.0515035
-0.964702
0.0595731
-0.292923
-0.287479
0.508657
0.0834859
-0.179772
-0.34422
0.623181
0.375953
-0.0867511
-1.06522
-0.468305
0.419645
0.449745
0.143596
0.738499
0.427153
0.32774
-0.172747
0.284732
0.660137
1.54477
-0.0116889
-0.624605
-0.00129626
0.943205
-1.00743
0.714923
0.334074
-0.0871496
-1.14208
-0.749367
0.000200649
-0.368631
0.638301
-0.181057
1.04713
0.364543
0.252302
0.0141126
-0.905647
-1.34264
0.610547
-1.03917
-0.343785
-0.903028
-0.215947
-2.12693
-0.216627
0.209507
0.369582
0.634884
0.453096
-0.973124
0.356227
0.889187
0.3102
-0.794045
-0.173347
-0.194825
0.475488
0.335135
-0.850042
-0.686786
-0.289843
-1.30689
-1.45395
0.585282
-0.137169
0.279123
-0.392992
-0.397732
-0.165629
-0.172103
0.518608
-1.25025
0.528363
0.180202
0.236597
-0.248979
-0.43286
0.400357
-0.134404
0.553676
0.468707
-0.940972
0.0967094
0.99069
0.566508
0.799238
0.610208
0.305401
0.583534
0.510061
-0.384411
0.521219
-0.636594
0.373513
0.599264
0.128282
0.277127
-1.83272
0.187403
-0.0915261
0.119202
0.562669
-0.126236
1.0417
-0.232928
-1.61256
-0.0734476
-1.17065
-0.903254
-0.59112
0.751874
0.198643
0.616501
-0.321243
-0.0898638
-0.682577
-0.359493
-0.819094
0.0518446
0.0750522
0.0253833
0.417379
-1.15349
0.0407212
0.365442
0.137493
0.495706
-0.653245
-0.856312
-0.00507425
1.09057
0.243069
-0.29383
0.408945
0.347432
-0.304788
0.238107
0.322563
-0.852482
-0.144589
-0.300302
0.540138
0.598372
0.0863962
-0.338392
0.37334
0.593714
-0.273925
1.43665
-1.11
-0.904567
1.11686
0.264901
-0.244616
-1.1311
0.0650173
0.341741
0.291061
0.316918
0.121263
0.789768
0.127307
-0.0875296
0.246301
-1.12641
0.797182
-0.354865
0.152288
-0.593832
0.223725
0.298411
0.322197
-0.301704
0.255954
0.41808
0.542586
1.14642
0.442799
-0.144309
0.260081
0.188232
0.345734
0.238603
0.381724
-0.0874493
0.209372
-0.928936
0.0812371
-1.02341
-0.805154
0.439143
0.197292
0.142877
-0.0293972
-0.287068
-1.06303
0.172985
-0.208417
-0.108897
0.337767
0.291018
0.335195
-0.875469
0.207464
-0.986358
0.208313
0.299952
1.13937
-0.442136
0.52406
0.534852
-1.95258
-0.0286741
0.361351
0.833223
-0.103978
0.550647
0.465594
-0.341581
0.394606
-0.384459
1.3205
0.829617
1.09475
-0.45877
-0.044745
-0.832674
0.611085
0.078316
0.0785854
0.228824
0.525726
0.685078
-1.1001
0.0329619
0.767609
0.409098
1.2368
-0.948418
0.0996883
0.265724
0.302001
-0.504866
0.106065
-0.307652
0.13366
-0.122778
1.04662
1.13235
-0.894807
-1.11784
0.434148
-1.05146
-0.531169
0.12232
-0.215647
0.290753
-0.864808
0.208958
-0.852363
0.83777
0.63172
-0.902103
0.672747
-1.21253
-1.15485
0.121448
0.708155
0.412999
0.293932
-0.522123
0.794686
0.236396
0.0447489
0.129266
0.2608
-0.522211
0.166353
0.683318
-1.0238
0.695111
0.466509
-0.0140914
0.192355
-0.398734
1.10495
3.03149
0.223093
0.107932
-0.0407632
0.120083
-0.163351
0.793406
-0.325539
0.0804882
-0.111415
0.0109248
-0.805675
-1.32931
2.18631
0.419672
2.30342
0.0548372
-0.135293
-2.05827
-0.489002
2.14382
-0.163865
-0.327106
-0.457441
-0.0213474
-0.108581
0.415928
-0.120643
0.00340653
-0.247908
-0.372712
0.38048
0.0449963
1.69042
0.591438
-0.45467
0.719309
0.127044
-0.0368835
0.462963
0.50652
0.346285
0.549032
0.0876718
0.757384
0.254021
-0.492588
-0.329734
1.61957
1.90785
0.215728
1.73943
0.630731
0.673121
0.4208
-0.201611
1.86535
2.07798
1.98257
1.78186
-0.163318
-0.0710273
0.879357
0.844363
0.169428
0.918161
-0.290299
-0.662173
-0.543872
0.29668
1.24722
1.16302
-0.41288
1.33422
1.40811
1.36893
1.82014
1.00231
1.20926
1.0892
1.0442
2.02467
1.49242
1.12421
0.96436
0.799406
1.94666
1.45445
1.28913
1.65869
-0.578558
0.57619
-0.860566
0.356804
-0.301149
1.01911
1.00035
0.41995
-0.355855
-0.897043
-0.162184
1.13304
0.21215
0.56552
-0.320746
1.16395
-0.422102
0.170764
-0.204517
0.150987
0.557814
-0.43093
0.568479
-0.432657
-0.85028
-0.044181
0.264639
-0.0810383
0.231053
0.794118
0.197889
-0.126393
-0.0679541
-0.40858
0.500648
0.137885
0.496931
-0.457202
0.0799743
0.347181
0.318378
0.261176
0.0442291
0.363339
0.112291
-0.874099
-0.671561
0.17928
0.375458
0.706431
0.79958
-0.827378
0.425527
0.184416
-0.109409
0.216046
1.24442
0.105385
-0.125508
0.650652
1.29922
-0.349729
0.344517
-0.993751
0.375358
-0.443168
1.06695
-0.0091646
-0.681366
-0.08616
1.388
-0.164245
0.917439
0.26944
-0.971693
0.165882
-0.503404
-0.138663
-0.0988955
0.0785955
0.732436
2.09825
0.573025
1.95504
1.10535
0.566019
-0.211133
-0.941258
1.34996
-0.0749999
-0.203582
-1.01933
0.96172
0.235731
0.814955
0.479108
-0.296685
1.98109
0.0935609
0.253185
0.508345
-0.345026
-0.185547
0.0533522
0.608341
-0.114673
-0.313741
-0.198618
-1.45438
0.578393
-0.140647
0.2638
-0.973506
-0.170517
-0.10978
0.0308611
-0.331943
0.654265
0.89359
0.150672
-0.266653
1.38425
1.13845
-0.900414
-0.0906698
-0.400269
0.503762
-0.200325
-0.689614
-1.08613
-0.134637
0.235289
-0.157699
-0.202864
-0.966737
0.267583
0.187591
0.556911
0.0796016
-0.148092
0.37165
-0.908577
-0.304271
0.071574
0.254982
-1.20933
0.262326
-0.0307907
0.385776
-0.131753
0.150753
0.253822
-0.523908
1.12255
0.3698
0.399415
2.08648
-0.431326
0.00423137
-0.430614
-0.266194
-0.269199
0.616592
0.299206
-0.0854115
-0.863914
-0.189324
0.357054
-0.184356
-0.498871
-0.641364
0.0600374
0.263535
-0.0237931
0.402574
0.435811
0.0767288
0.0127769
-0.614614
-1.6642
0.262501
-0.675709
-0.639471
0.0612991
0.654201
0.547802
-0.0292555
0.131495
1.56713
0.489587
-0.106266
-1.22539
0.962051
0.292429
2.27276
-0.113984
-0.0271301
0.0887925
-0.93772
0.0810449
-0.729902
0.562635
0.974269
0.380592
-0.129327
0.747846
-0.133117
0.2206
-0.826828
-0.162023
0.413127
-0.746694
-0.131623
0.322977
-1.11041
-0.0694409
-1.12612
1.00279
0.478669
-0.0412298
-0.131511
0.156106
-0.195119
0.259548
0.0247258
-0.0216156
-1.85628
0.261449
-1.74097
-0.240781
-0.198383
0.444183
0.0193163
-0.16773
-0.846461
-0.134832
-0.103312
-0.133331
-0.376432
1.0505
0.525616
-0.0958636
-0.230814
-0.564971
1.07446
-0.0702351
-0.842256
0.255035
-0.896544
-0.10326
-0.0582067
-0.551598
-0.787141
0.248576
0.560437
0.200271
0.0243203
0.010193
0.0205343
0.0933516
-0.114887
-0.159826
-0.261551
0.401703
0.144136
-1.16925
-0.102869
-0.461413
0.637891
0.0166148
0.49564
-0.623917
-0.539711
-1.1388
0.0738275
-0.600121
0.395201
0.108139
1.57631
1.20012
0.205148
-0.767724
0.499285
0.293014
0.0700381
-0.232034
-0.103941
-0.0795455
-0.194498
-1.1336
0.460913
-0.83129
0.261011
0.350588
0.580898
-0.113361
-0.356371
0.463478
0.472402
0.346076
-0.103416
-0.409155
0.163205
0.0962094
-0.655331
-0.180948
-0.417461
0.285918
0.195678
0.0583512
-0.528804
-1.10273
0.06763
0.616522
-1.8601
1.0468
-0.10169
0.226754
0.255717
0.487835
-0.0987335
-0.936889
1.34825
-0.154912
-0.813193
0.595377
-0.617462
0.204294
0.0634567
-0.210115
-0.158068
0.261759
-0.934965
-0.292771
0.325231
2.64582
0.334308
0.325201
0.00014469
0.236228
0.589973
-0.745389
0.574747
-0.834756
-0.848868
0.364398
0.0422311
-0.49716
0.170778
0.395941
0.511691
0.0838077
0.515572
1.40941
-0.665693
-0.293334
0.188325
-0.281136
-0.137767
-0.701397
1.06919
2.50118
-0.00692212
-0.142089
0.643117
-0.0986356
-0.490642
-0.900432
-0.119708
-0.255336
2.20813
-0.137388
1.22444
-0.229538
-0.495177
-0.208513
2.10487
-0.0210314
0.396335
0.0709048
-0.134447
0.0211272
-0.108435
-0.346531
0.606479
0.52416
-0.254242
-0.237422
0.683544
0.574791
0.488787
-0.43378
0.368748
0.735882
-0.0485675
1.87524
1.7531
0.438661
0.102802
0.785876
1.72757
0.163109
0.179908
-0.527342
-0.185062
-0.397504
0.308898
0.666785
0.282876
0.232273
-0.473871
2.04449
1.66807
1.97594
1.80355
0.859846
1.85516
0.910966
-0.314538
1.92567
0.928859
1.27563
1.99917
1.0307
1.40051
1.17373
1.15581
1.34971
1.64386
1.22564
0.811681
1.0565
1.10469
1.41906
1.47152
0.980742
1.30142
-0.549774
0.36058
0.408487
0.60769
-0.470324
0.681059
0.265731
0.0405993
-0.00961318
0.790691
0.597901
2.22834
-0.566432
-0.209921
-0.225681
-0.181754
-0.579966
-1.00763
0.251796
0.750692
0.0130076
1.21087
0.57297
0.226298
-0.204417
-0.116069
1.83554
0.344911
0.586554
0.303833
-0.36553
0.313106
0.0202947
0.408528
-0.630296
-0.610043
-0.323391
0.0920948
0.149168
0.664697
-0.140195
1.15258
-1.05924
0.11121
0.321459
0.394183
-0.0920164
1.30985
-1.47428
0.378515
0.602037
1.59178
0.137718
-0.858387
0.682018
0.296313
-0.443848
0.508877
0.525679
-1.2262
0.492394
-0.07207
0.213898
-0.164439
-0.391643
-1.03584
-0.840818
0.311328
-0.226145
0.369743
-1.07886
-0.177606
-0.143197
-0.0971555
0.0772711
-0.34702
1.64734
-0.0188413
0.0705835
0.39873
0.489918
0.574318
0.379665
-0.522276
0.0115818
0.438352
0.359041
-0.607176
0.0910118
-0.218024
-0.73726
0.508051
0.559657
0.0759861
0.0942324
0.195804
0.358087
0.336191
-1.76296
0.306534
-0.562022
0.352898
0.247924
1.50935
-0.211856
-0.184523
-1.08372
-0.966831
0.280003
0.373118
0.00669995
-0.61201
-0.154469
-0.228457
-0.188812
0.583315
-0.26419
-1.13813
-0.0274071
0.16872
0.445096
-0.990623
1.06012
-0.402606
0.104308
-0.7975
0.207938
0.814592
0.0461679
-0.641466
0.245032
-0.16788
1.42583
0.0417434
0.305368
-0.303062
0.0500715
-1.02114
0.34779
0.796449
-0.219699
-0.868388
-1.06189
-1.73036
-0.825535
0.274932
-0.150001
0.159989
-0.430358
0.343423
2.06808
-1.05729
0.40211
1.70731
0.130382
0.182326
0.298208
-1.07775
0.217838
2.15411
0.429173
0.177956
0.776224
0.193058
2.12613
0.0259754
-0.665977
0.0630931
1.35569
0.284447
0.762679
0.195647
0.290332
0.404094
-0.616763
0.207929
-0.601839
)
;

boundaryField
{
    frontAndBack
    {
        type            empty;
    }
    bottom
    {
        type            zeroGradient;
    }
    inlet
    {
        type            zeroGradient;
    }
    top
    {
        type            zeroGradient;
    }
    outlet
    {
        type            fixedValue;
        value           uniform 0;
    }
    car
    {
        type            zeroGradient;
    }
}


// ************************************************************************* //
