/*--------------------------------*- C++ -*----------------------------------*\
  =========                 |
  \\      /  F ield         | OpenFOAM: The Open Source CFD Toolbox
   \\    /   O peration     | Website:  https://openfoam.org
    \\  /    A nd           | Version:  7
     \\/     M anipulation  |
\*---------------------------------------------------------------------------*/
FoamFile
{
    version     2.0;
    format      ascii;
    class       volScalarField;
    location    "7.5";
    object      p;
}
// * * * * * * * * * * * * * * * * * * * * * * * * * * * * * * * * * * * * * //

dimensions      [0 2 -2 0 0 0 0];

internalField   nonuniform List<scalar> 
7807
(
2.99818
2.45381
3.21836
2.99961
1.36039
0.365718
3.26651
1.77966
0.846694
2.58168
0.342094
1.5647
1.8875
2.3323
2.5961
2.06835
3.00537
1.97259
1.95005
2.34692
2.50643
1.4432
2.24478
2.88716
2.04103
3.00944
1.34006
2.40543
2.79055
1.98264
2.10684
3.34162
2.24619
1.13894
0.637643
2.50324
2.00723
3.24918
1.9045
0.944368
1.90766
2.05738
2.36626
2.55163
0.787821
0.563923
1.4277
1.88758
0.536287
2.3499
1.65962
2.38538
2.10186
2.25813
2.50301
1.76462
1.93266
1.77743
2.17513
1.13233
0.44079
1.72941
2.33136
1.58041
1.22047
2.10861
0.833382
0.0709227
2.77216
1.87143
0.546443
2.2948
2.02937
2.16121
1.96037
2.23967
3.2041
2.4937
2.63045
2.2901
1.87687
3.33222
2.62209
2.17069
1.59675
1.53824
1.80412
2.09098
1.37085
1.66587
2.80387
2.57593
0.718609
1.88519
1.67383
2.08995
2.29418
2.26248
1.596
1.29967
2.25737
2.64696
1.66296
0.220261
2.5945
2.82989
3.63481
1.77426
0.0201357
2.3424
2.97251
2.37648
0.0322033
2.36261
2.82761
1.2006
2.43579
2.72708
2.26515
2.17206
2.27699
3.31678
2.37311
2.05735
2.24897
1.4358
2.06311
1.92573
1.26435
2.09545
2.5418
2.61999
1.21677
1.38874
2.17907
2.95904
3.72818
0.24857
1.90784
2.36314
2.1433
2.30868
2.24288
2.16371
3.6156
2.31258
2.79682
2.18009
2.21563
3.30184
2.48398
2.57471
1.55237
2.74805
2.6158
3.19141
2.25903
1.88162
3.41083
0.504676
1.89534
2.90767
0.300326
1.77317
1.7036
3.05543
3.06055
3.387
1.76989
1.65417
0.0845213
2.17864
1.17972
2.4652
1.93039
2.18098
2.61513
2.83382
0.728796
1.21319
3.00692
0.487476
0.598405
3.25269
2.45498
2.34432
2.26066
2.14645
2.30662
2.38823
0.298547
2.28645
2.8467
1.66787
0.566724
2.89972
1.35941
2.08324
2.29268
0.0840607
1.52051
2.97234
2.8873
3.22376
2.43539
2.38174
2.44141
2.43525
2.9644
0.753384
0.411126
3.65681
2.04372
1.20649
2.28424
2.07449
3.14067
3.16144
2.30883
3.37467
1.33761
1.97094
2.2646
2.54322
2.37482
2.95577
3.44395
0.710545
2.05173
2.75263
1.84507
2.72147
1.38299
3.35733
3.19262
1.79874
1.9411
0.927966
2.8534
0.702311
1.98484
2.29477
0.554531
1.62933
1.3674
2.82281
0.337786
1.7031
2.28654
3.32919
2.60195
3.42477
0.402491
2.28873
0.996417
3.21523
1.71385
3.68566
1.97152
1.53408
2.37059
2.44733
1.18767
0.848972
1.19431
1.85972
2.35951
0.389169
2.25326
1.69163
0.730682
1.24236
3.46508
1.86129
1.19086
3.61603
1.62485
2.98692
0.987589
2.19273
0.115911
2.23438
2.5267
2.63215
2.17944
1.20082
2.33479
2.12777
0.828035
1.17414
1.70447
1.86445
1.62834
1.53968
2.16108
2.36781
2.15702
2.56322
2.21731
3.1387
3.15457
1.45125
2.61318
0.100021
1.75348
2.14595
2.87182
2.66119
0.665918
1.73487
2.20347
2.82654
1.42784
1.67656
1.43928
2.68751
2.5221
3.08878
1.45612
2.48144
0.711791
1.9382
0.470089
2.15706
0.971547
2.22624
2.59728
2.22388
2.19655
2.01834
1.15585
2.35851
2.11253
2.66231
2.82396
2.44418
2.53619
2.11844
1.84704
2.29048
3.3822
2.52677
2.39136
3.40879
1.4612
1.50337
2.55692
1.54999
2.30602
1.84362
1.63336
1.53109
2.78368
0.783916
1.1673
0.603159
1.67993
1.97162
0.123645
1.31698
2.16581
3.53559
2.2186
2.03194
3.4563
3.17195
2.61551
2.62457
2.22429
1.85983
3.025
1.97053
3.04617
2.31353
2.39087
2.88865
3.04507
2.24315
2.64332
2.95417
3.00486
2.43603
1.6566
1.74554
0.61857
2.28836
1.99222
1.57958
0.67218
1.46491
2.33268
2.73102
2.09658
2.01457
1.70567
2.46955
1.86495
1.89946
2.92006
1.47932
0.472923
0.827957
0.701348
2.13936
2.76943
1.75729
2.34099
2.37571
3.25606
1.9265
1.92543
1.79385
3.44
1.27138
3.0808
2.80757
0.683029
2.31112
1.66439
2.31422
1.15629
2.62408
2.13121
1.90314
1.24552
2.79954
2.83002
2.3427
2.17425
1.72155
2.26837
2.73639
3.4023
2.46361
1.96383
0.0349484
2.0347
1.55188
2.34119
2.36384
2.59307
3.32837
2.80142
2.45494
2.91633
3.49146
2.2688
1.58312
3.02923
1.53463
0.890226
2.00778
0.638749
2.43744
2.1264
2.23154
1.56673
2.90584
1.50777
0.431375
2.38361
1.53224
2.61978
2.25557
2.2732
2.68321
2.75442
2.65661
2.66773
0.84559
2.72331
2.68022
1.24009
2.0888
1.17982
2.21563
2.24236
1.76109
1.41879
2.84028
0.331105
0.887278
1.53239
2.13364
2.27462
2.20763
2.18985
2.35098
2.38888
2.36092
3.00822
2.61092
1.85001
3.36422
2.29862
1.98605
2.17771
2.1054
2.07685
1.96554
2.38376
2.52612
0.464411
2.33727
0.636222
3.16697
2.78696
1.76667
1.95735
0.810161
3.35706
3.0868
2.69717
2.87028
2.30416
3.93714
0.752857
2.46889
2.08757
2.84065
3.45648
2.71812
2.77795
2.01249
0.843161
2.84534
2.55715
3.37468
2.61369
2.9375
1.85854
3.2923
3.06653
1.93317
1.88592
2.81207
2.29807
0.800719
2.02607
2.29313
2.33481
2.00497
2.01106
0.873624
3.0848
1.99143
0.682224
2.36246
1.16434
0.857604
2.04742
2.93621
2.37691
3.47454
0.536769
2.93068
2.33262
0.847083
0.252634
2.78497
2.91959
1.73571
2.87704
0.368035
2.90081
2.43997
1.94409
3.61119
2.27693
2.85604
2.18161
2.89772
2.91514
2.08419
2.13689
1.96875
1.62394
0.916144
1.97837
3.0238
0.423071
2.8806
2.39047
3.19722
2.85768
2.30021
3.39566
1.49175
2.27818
2.42494
2.18296
1.84872
2.32742
2.52022
3.42146
0.456102
1.53196
2.36954
0.111391
3.16355
1.5202
0.128351
0.86613
1.04074
2.14705
2.32279
1.45972
0.587287
1.85812
2.05023
2.35944
2.3451
2.2623
0.201067
2.41198
2.01298
2.81387
3.24113
1.68459
2.81194
0.820162
2.00431
2.53992
1.85627
2.96382
2.02168
2.48082
2.5561
2.79977
2.11856
1.95611
2.87447
2.33673
3.21332
1.93534
2.99983
1.92911
1.34666
2.75768
2.28146
2.58667
1.50489
0.107709
2.36896
2.9123
1.68214
2.80193
2.00685
2.40551
2.43938
2.217
1.48465
1.87732
2.32332
2.18638
1.93909
1.07444
3.23288
2.79868
2.35274
0.877395
3.06862
0.298695
0.850857
2.80766
2.22973
2.87807
2.40547
2.23478
2.49101
2.39706
2.67406
1.42446
2.25017
0.514104
2.02348
2.94658
2.07163
1.62445
2.31409
1.52655
1.33816
3.43469
1.95157
1.25721
0.0390753
2.69866
2.21683
1.15581
1.60802
2.77601
2.66154
2.23994
0.20275
2.8196
2.12313
2.88699
2.09329
2.15377
2.19888
0.664913
2.54366
2.65118
2.70378
2.3988
3.02624
1.81455
2.86928
2.05581
2.35092
1.01968
2.13633
1.05691
2.8049
2.97111
1.47565
2.26121
2.08485
2.40712
2.39782
1.50163
2.45349
3.41932
2.67289
0.79701
2.64872
1.93306
4.63996
2.00136
2.18427
2.31548
2.18963
2.14052
1.8769
2.0506
1.84827
2.51082
0.677804
2.48136
2.61055
3.123
2.23252
2.88387
1.50553
2.44964
2.27168
2.90386
1.87392
0.858656
2.12584
1.9571
2.44701
2.1699
2.14345
2.56247
2.03782
2.30695
2.33916
0.131609
2.54606
2.33223
2.84827
2.48013
2.57909
2.38446
3.06336
2.39691
2.20576
2.32667
3.79483
2.47778
2.00999
2.38302
2.37778
2.39585
2.40533
2.85699
1.63089
3.00773
1.91546
1.17107
1.57643
2.61112
3.32339
1.86095
2.34553
2.8002
0.287717
2.12614
2.31527
2.50493
1.9141
1.57616
2.25123
1.91961
0.341257
2.27404
2.98138
2.31567
2.07306
1.47219
2.80157
1.21455
1.38202
1.00438
1.54487
2.71724
2.36521
2.16408
2.09222
0.555779
2.41626
2.5784
2.41098
2.23274
2.15534
0.854025
2.05544
2.289
2.68618
3.21466
1.66253
2.28649
1.77266
2.38857
2.82522
1.06798
0.917603
2.82605
2.65577
2.24857
1.65073
1.51337
2.28456
1.03436
2.30732
1.9988
3.11917
2.98042
2.44763
2.33666
1.85983
2.25799
2.62525
2.34376
2.33422
0.0981671
2.59958
2.18705
2.35198
2.30653
2.24881
1.08105
1.63724
2.86063
2.18937
0.0496683
1.61338
2.49198
0.770588
2.353
0.735129
2.0949
2.35683
2.43595
0.729614
0.354025
2.63454
2.35228
3.40054
2.98545
2.57548
1.52987
2.29206
0.872541
2.51764
2.4056
2.64793
2.06762
2.97457
2.25706
1.14711
2.24756
2.43145
1.47417
2.36998
2.28584
2.2502
2.19618
2.43832
2.28724
2.15216
2.45513
2.82069
2.38598
0.0161529
2.41083
2.28126
2.40071
2.1526
1.21815
2.31572
2.37345
2.31014
2.23475
2.79316
2.41446
2.16159
2.18435
2.39806
2.30301
2.49875
1.0268
2.69295
2.86869
1.78721
2.91759
2.38308
2.37875
2.35849
2.84839
2.57543
3.39601
0.112265
2.65924
2.80905
1.97426
1.36618
1.99595
2.58642
0.575667
2.03065
2.32669
2.05806
2.07662
0.731571
2.53523
1.16768
1.15895
2.94816
2.08227
2.75892
2.22239
2.86018
2.22596
1.32206
2.46581
2.12766
3.28204
1.28802
2.32151
1.16255
1.05688
2.19444
2.42641
0.504268
1.84608
2.32176
1.21694
0.398279
0.748048
2.70518
2.51071
2.00616
1.21767
2.05605
2.0037
2.0932
1.15082
3.08444
2.48006
2.89649
3.02719
0.755966
2.74326
2.70121
1.18265
1.02516
1.37881
2.55269
2.37088
2.28539
2.26468
2.32638
2.77457
2.42766
0.142424
2.04975
2.11891
2.19037
1.65477
1.98081
1.27511
2.23569
1.00872
1.19137
2.04307
1.66296
2.10793
0.147874
1.98267
2.30075
2.50193
2.45875
1.83035
1.9118
1.83259
1.69691
2.34318
1.83265
0.6586
1.19702
2.26558
1.9146
1.69301
2.01631
2.12309
2.3789
1.90839
2.71793
1.91993
2.26801
2.19044
2.08826
1.9864
1.61258
1.73994
1.60446
1.95368
1.98913
2.85207
2.77294
2.52087
3.21347
0.486824
1.83681
1.99131
1.8283
2.71704
2.0545
2.55427
1.87029
2.89153
1.48425
1.47807
2.42409
2.28503
0.941377
2.22829
1.71938
2.06083
0.276023
1.74638
1.47098
2.02682
2.45899
2.2138
2.03313
1.96152
2.15762
2.59118
1.47174
1.42402
1.43055
3.41763
1.00921
2.58805
2.07528
2.06309
2.11766
2.26269
2.13594
2.17386
2.05596
1.68873
0.62925
1.64462
2.13873
2.56157
1.34644
2.83518
2.16746
1.95761
1.16238
2.14063
0.618204
2.69577
2.15112
2.11908
2.10024
1.89924
2.18901
1.35881
2.20934
2.54926
2.1121
2.34812
1.30492
2.12224
2.04086
1.97354
1.59711
2.6739
1.47514
2.04676
1.26195
2.72762
2.20117
2.11828
1.56529
1.88113
1.5611
2.86249
2.51412
2.905
1.86096
1.34249
1.26262
1.52334
2.86998
2.27799
1.79971
0.904296
2.12975
2.32803
1.46689
2.26484
1.99772
2.35707
1.68663
2.18474
4.1064
2.27862
2.12832
2.26916
0.347046
2.45184
1.5986
2.13145
1.7439
2.18301
1.96887
1.13167
1.52859
1.53909
2.83781
1.71087
1.4167
1.68182
2.27866
1.82296
2.07426
1.89918
1.82534
1.80339
1.59041
2.85299
2.23172
1.58444
1.63864
2.1246
1.95859
2.24292
1.4621
2.53606
2.18284
1.82058
1.46892
1.97315
3.34968
2.84261
1.90488
1.04584
1.51566
2.33319
1.65754
2.14096
1.12665
2.24492
1.4157
2.00073
2.57769
1.4564
2.1261
1.30242
3.11985
1.82273
1.90798
2.54298
1.63039
2.13497
2.73736
3.32406
1.90178
1.92521
1.41956
1.25413
0.288154
0.0621655
1.88403
1.1748
2.75456
1.32611
1.40779
1.97566
0.838597
2.22478
2.34231
2.00352
2.24201
2.1233
2.70828
2.39316
2.52398
2.41269
2.52057
2.61299
1.938
1.25162
1.92738
2.35032
1.58696
1.98049
2.67704
3.0649
2.33406
1.0156
0.698955
1.29335
0.193277
2.18348
1.24191
1.89157
2.23651
1.02746
1.57477
0.834836
2.59701
1.98321
2.46349
1.50841
3.17177
2.99395
1.89829
2.4057
2.12943
2.10639
1.97715
1.45061
2.35529
2.32969
2.23021
2.55886
0.840744
2.8497
2.3476
1.84702
2.33349
2.11244
1.09359
1.84607
1.29098
2.24682
1.61336
2.83201
0.904958
1.85343
0.936185
2.50581
1.86482
1.50359
2.41342
1.1308
2.64818
2.69794
2.1345
1.34013
0.67607
1.12044
1.05295
2.27248
2.62243
2.62088
0.817377
2.14979
1.11521
2.9131
2.27224
2.95943
2.2197
0.976881
1.12142
1.81794
1.71175
1.29871
0.169512
2.22259
2.22264
0.811594
1.20834
2.05049
0.204071
2.7526
1.29991
2.25072
2.0454
1.73965
2.25987
2.28071
2.70218
2.36524
2.05617
0.881254
2.2597
2.05354
2.59556
2.76663
3.15885
1.22806
2.26933
2.2774
3.04826
2.30252
0.636281
1.76265
1.63176
1.70705
2.24304
2.62183
1.04058
2.38963
1.86008
2.63037
1.04176
0.93807
2.49346
3.00476
2.25443
2.77814
1.62205
0.807061
0.0260886
2.41158
2.21224
1.11006
2.698
1.8823
1.71768
3.45982
1.29383
1.6797
2.27189
2.38176
1.4555
2.65273
2.39091
0.689041
2.3064
0.985423
0.669898
2.73447
2.33937
0.963656
2.25013
2.10436
1.57916
2.3973
1.47616
2.10333
1.53325
1.61762
2.28166
2.19535
2.41687
1.33034
2.75952
2.86186
2.43541
2.11533
2.09756
1.67686
2.74733
2.68603
2.11546
0.762384
2.08061
2.21585
2.33388
2.15016
1.50817
2.51049
2.13389
0.643874
0.663249
2.4118
2.20084
2.11068
2.04213
2.5719
2.2284
0.92762
1.49789
0.975996
2.24583
0.249184
1.44219
2.36124
2.39437
2.77562
1.58305
1.60365
2.09433
2.10875
0.716559
2.2414
2.78044
2.72079
0.231031
0.598781
2.72967
1.54619
2.37775
2.19026
1.53802
1.3613
2.26756
2.47272
2.74156
2.24353
1.33029
2.15724
2.2702
1.15835
0.80064
1.28096
2.51969
2.24546
2.80089
0.795622
3.67245
2.59095
0.847912
1.49292
1.05393
1.08462
0.26528
0.80654
2.29791
1.28791
0.966185
0.757577
2.6711
1.71976
0.76809
0.656469
3.10277
2.08026
2.51221
1.4893
1.20061
2.54428
0.710792
2.1621
2.48019
1.41109
1.96396
0.589267
0.846923
2.16156
2.37738
1.7553
2.46145
2.44679
0.251266
2.06307
2.18395
2.56839
1.37271
0.722179
2.26273
1.73777
1.282
2.24078
0.705279
2.47868
0.979408
1.249
2.64268
1.73375
2.26344
3.40533
1.51271
0.842214
2.27636
2.32484
2.00181
1.63373
0.67189
2.15402
0.651713
2.83053
3.57139
2.69388
1.50566
1.61723
0.285921
2.14573
0.644687
2.11338
1.43488
1.099
1.5729
2.01985
0.625831
1.24896
2.08881
0.893
1.99472
2.01788
2.3367
1.57147
3.64317
1.45073
1.44218
0.830417
1.94241
2.24665
1.89143
0.790697
0.578613
1.72421
0.698963
0.607066
2.04722
1.09209
0.236127
2.24526
1.75641
2.28897
1.40082
0.457715
1.54651
2.29291
2.05292
2.25073
1.43752
1.14444
1.07637
1.37543
0.692796
3.02315
1.31527
0.233264
1.34286
1.51719
1.23736
2.27625
2.24525
0.967502
1.79197
0.268191
1.82293
0.499036
2.21344
0.745366
1.01576
1.8568
0.451627
1.94604
0.87439
1.28819
2.03372
0.288761
3.22459
2.25358
2.21172
0.378269
0.209689
1.56369
1.25073
2.26147
0.20049
0.151598
1.23659
0.0048434
0.935516
0.96649
1.03796
1.12604
2.26121
3.31495
2.26021
3.11851
1.82012
2.11035
0.244566
1.14865
1.94788
0.784281
0.843899
0.714834
2.65876
1.64743
1.10428
4.9545
1.00328
1.29445
0.997982
0.0541408
2.71323
1.54039
1.23295
0.753018
1.48776
0.4461
1.60719
2.22218
0.961867
1.71863
-0.023788
1.95902
0.80025
2.81942
1.0002
1.27715
2.30946
1.56876
0.919895
1.32476
0.406562
2.7738
2.29951
1.36223
0.922683
1.78724
1.14514
2.46368
2.68545
2.59328
1.31371
0.067963
0.0141339
2.55522
0.813172
2.25399
2.27891
2.0413
2.65278
3.56979
1.37947
2.87111
2.03282
2.14817
2.782
0.883195
2.28284
0.192228
1.87097
2.24382
0.412559
2.2884
1.17927
2.35041
1.95176
2.21295
2.2148
1.88639
2.27978
2.2448
0.662999
1.90316
0.778893
2.21961
0.239404
0.701251
2.44092
2.75563
0.012486
2.22966
1.63607
0.569051
2.14095
0.19131
1.94478
1.06378
2.22077
0.631524
0.610993
1.65552
0.961556
2.74326
2.15467
2.68119
0.637598
1.06096
2.13667
0.0352807
2.26302
2.28864
2.25988
3.60896
1.78904
0.189672
2.19557
2.20041
1.80187
0.822033
0.570488
2.23393
0.731319
1.15904
0.0306652
0.837398
2.14666
2.80415
2.41592
2.64587
1.73319
0.00668762
2.02347
2.29544
0.219142
0.180893
0.874373
0.44407
0.936406
2.94081
2.27632
0.411296
0.235663
2.30254
2.86215
2.81055
0.276121
2.18615
2.13248
2.03689
2.23245
2.00998
1.55443
2.68673
0.595657
2.12298
2.77529
2.24092
0.587379
2.24858
0.751285
3.01202
2.30075
0.680011
0.409697
2.8379
0.0650309
0.831187
1.89662
0.394438
2.96665
1.88751
1.7653
2.31114
1.64474
2.33894
2.81684
2.27163
2.49029
1.1902
0.357537
1.42814
0.536713
0.400006
2.42795
2.80664
2.71461
1.08734
2.97882
2.16684
0.224515
2.22293
0.556749
2.13785
2.2955
2.08707
1.77617
1.38857
1.86754
1.10194
1.44348
2.22914
1.54106
0.686705
0.294147
0.438576
2.19604
0.525274
2.1843
3.02168
1.81214
0.382759
1.57852
0.442981
2.72835
0.866728
0.480622
0.495615
0.234444
2.88941
0.898778
2.94776
2.29088
0.700789
2.25877
1.40711
2.73546
4.06218
1.25591
0.0326251
0.373972
0.316622
2.76584
0.0161595
1.34962
2.07604
2.92526
0.168912
0.321273
0.0331983
0.261029
2.06757
0.0321634
2.9834
2.09617
0.609975
0.265225
1.39039
2.1762
0.0159243
0.392557
2.76392
0.306876
2.16464
2.38889
0.675229
0.015008
2.42295
0.0164422
2.78794
0.146877
1.04913
0.215078
0.633871
2.52768
0.127023
1.41
0.27787
2.21521
1.66731
1.71987
1.91607
2.72645
1.24877
0.622229
1.81371
1.81093
0.782415
0.871157
1.3061
0.460947
2.86722
2.01271
3.34815
0.160482
1.80157
1.11584
2.73614
0.505241
2.14386
0.24077
1.37601
2.1708
0.776365
2.00332
2.24369
1.88416
0.505571
2.315
0.785307
1.33383
1.71
2.25134
1.47304
0.931736
1.01115
1.58153
1.2994
0.341895
1.26245
4.00435
0.589651
1.55317
2.18043
2.29695
2.27851
2.23893
2.0848
1.46129
2.23118
0.548786
0.581541
3.48377
0.547816
2.84725
0.914101
1.08023
1.22666
2.42313
0.973268
1.84918
0.368752
0.934579
0.649298
0.540618
1.96942
0.740478
0.791303
0.529276
1.05843
0.411421
2.22737
2.94685
0.172564
1.00065
1.06347
0.314316
1.12636
0.181019
1.15711
1.03545
0.895696
2.27687
1.11307
1.50207
0.135369
1.69497
0.919652
0.148611
0.214417
0.165315
1.10424
1.12539
2.23156
2.16533
2.27275
1.67185
1.76481
2.52213
2.26874
0.514558
2.19236
1.92286
1.11142
1.93174
2.26475
3.29637
0.91954
0.223638
1.43072
0.473015
0.21738
2.44017
1.84597
2.49322
2.26476
3.38156
0.960155
0.0944896
0.743216
0.327007
1.2167
2.77874
2.91021
0.267226
0.803263
0.4623
2.88049
2.36218
2.10304
0.140673
0.207314
1.80446
1.0442
2.30195
2.02344
0.489334
1.67531
2.19069
0.450399
1.51631
0.705097
2.22914
1.31199
2.74963
0.196426
1.37443
1.86079
0.226924
0.795861
2.0971
0.205872
1.13615
0.385304
2.00504
2.23046
1.86514
2.07962
1.80353
1.84937
1.85356
1.50348
0.517384
0.742848
0.332564
0.279532
0.40655
1.96089
2.28788
1.0356
2.31078
1.4879
2.29916
0.560721
0.45439
1.32704
2.53872
0.258639
2.29789
2.03879
2.67955
2.32375
0.323501
1.54461
0.848775
2.48837
2.6599
0.446158
2.27744
2.13791
1.62315
0.481152
0.183567
2.4192
1.98806
0.437666
1.74741
0.598897
0.901418
2.65629
0.142975
0.548244
0.889672
0.428956
1.22988
0.531108
1.67421
0.953065
1.95425
1.33159
0.948876
2.23652
2.22029
1.77053
0.159655
0.311821
2.33178
1.75993
2.23407
0.520421
1.71454
0.254785
0.364741
2.57653
1.71339
1.50427
0.485772
2.07727
0.452308
2.28696
0.417312
2.30824
0.591003
0.122632
0.540379
1.24275
2.45814
2.01972
2.30179
0.426097
0.688742
2.31041
2.26061
1.7976
0.2052
2.43319
2.26647
2.32424
0.434596
0.225415
0.692019
2.42963
2.29975
1.25665
1.83556
0.614944
2.933
0.553357
0.477478
0.723125
0.741707
0.256593
1.62474
0.796061
1.55445
2.29827
1.92012
2.23068
0.582973
0.359866
2.51079
2.3813
1.67675
2.61691
0.833945
0.307124
0.276221
2.76897
0.775422
0.973634
0.391907
2.31672
1.97426
0.579473
1.04575
1.8782
1.71928
1.17171
2.91749
2.29561
1.68627
3.36535
0.883174
1.42352
1.99242
2.41404
0.383182
0.630028
0.249364
1.76111
2.25066
1.08178
2.25046
1.75502
0.571276
0.0902182
1.83805
2.33009
2.49902
2.48379
2.22542
2.19816
2.54927
2.14913
0.492107
1.04821
2.43509
1.0226
1.15695
1.30665
0.734648
1.06875
1.87371
0.152267
0.545849
2.44931
2.45618
1.28863
1.02146
0.298537
2.9759
1.79687
1.35457
2.15991
0.78244
0.828927
0.736413
0.484591
1.09325
2.20545
2.28758
0.132256
1.20309
2.23393
2.2217
2.30194
0.941427
1.37195
2.0553
0.403302
0.623453
2.29648
0.270178
2.74833
0.722753
1.63225
0.717136
0.881179
2.29966
1.84027
2.03725
1.44823
0.302653
2.06003
2.38546
1.96686
0.757609
2.53528
2.73926
0.181043
2.25009
0.603609
0.349395
0.359773
0.977503
2.06874
0.772497
0.932991
2.08101
2.11595
2.02482
3.13293
0.672795
0.52197
2.76166
2.28498
1.65221
1.0253
2.75481
0.715155
1.41787
0.87645
0.815234
0.35565
0.40821
0.474085
1.98807
0.497379
1.67601
2.22286
2.94861
1.37342
0.389918
1.6825
2.49375
2.30078
1.07036
2.23999
3.11464
0.420114
3.29679
0.17297
1.69245
2.15399
1.01974
3.43148
0.913381
0.163653
1.4439
0.376483
1.12912
0.893353
0.528576
1.38899
0.864544
0.78726
1.5636
2.95559
2.45068
2.1115
2.22301
0.132268
0.49444
1.73635
2.30797
0.318349
2.23927
0.473492
2.57295
2.3958
2.19762
1.33473
2.01783
1.1268
1.95461
2.08796
1.94156
2.4537
0.0722981
2.95923
2.58743
1.54044
2.88615
1.96994
0.140489
0.621725
0.496681
0.693538
0.877868
2.9651
1.18892
2.97722
1.65645
2.74895
2.91062
2.76218
1.81489
0.360654
1.01577
1.79679
2.40028
2.25761
1.34084
0.784313
2.19473
1.49852
1.00363
1.22331
1.19065
1.61698
2.23675
0.508381
2.2037
2.45387
0.464247
0.984396
2.07303
2.30233
1.09358
0.979828
0.6414
1.00386
2.73718
2.0621
2.25998
1.34531
2.72502
2.21435
0.683048
0.540394
2.51726
1.09842
2.6898
2.15488
1.94132
1.07096
1.48677
2.21278
1.05127
1.0735
2.35432
2.3037
2.80263
2.27751
2.13552
1.23173
0.346952
1.72369
0.562654
2.30488
2.29836
1.08665
1.77883
1.57157
2.38799
1.13833
0.991465
0.765302
2.21884
0.469119
1.068
2.62839
2.79432
2.39256
2.31195
2.35448
2.49282
1.31706
2.19271
0.64854
0.0888198
1.18584
0.0717173
1.19754
0.91949
1.82543
2.41534
1.89536
2.20192
2.39269
2.31608
1.68701
2.29654
1.01014
1.85752
2.0139
0.995278
2.53418
1.72743
1.9641
2.09098
1.66623
1.78794
1.67173
2.39852
1.28783
2.05913
2.03476
3.39155
2.14306
2.54489
2.5428
2.24167
1.52964
0.997632
1.45834
0.906689
1.50042
2.13336
0.56289
1.27166
3.00441
1.51847
2.21745
1.98988
1.19181
1.79605
0.419575
0.331057
2.38888
0.532467
1.49619
2.54758
1.89599
1.23705
2.15882
1.75954
1.60244
2.41957
1.33667
1.68403
2.26856
1.41279
1.84326
1.4472
1.98564
1.3005
2.39948
1.44497
1.77522
2.2748
2.08225
1.35016
2.27077
1.99433
2.00156
1.18012
1.77485
2.32776
1.14307
1.76362
2.27791
2.01901
1.28438
2.91166
2.19007
0.284674
1.81903
2.27509
1.21319
2.83651
1.83112
1.28168
2.35955
1.35932
1.93515
2.63819
1.41238
1.29475
0.890022
0.955308
1.6505
1.98167
1.40118
2.10446
2.60747
2.18545
2.33617
1.27578
1.5695
1.56643
2.39692
0.925302
2.25693
1.09283
1.99665
1.37978
1.67564
2.63733
2.69228
2.34265
0.514496
2.87453
1.68657
1.89523
2.26832
2.34965
2.02073
0.369184
1.68045
1.81888
1.54312
1.70301
1.40737
2.54746
2.26639
1.92198
1.71874
2.3999
2.08173
2.05177
1.39108
1.53564
1.53813
2.67843
1.40201
2.41516
1.24311
1.7454
1.92748
2.35483
1.95135
2.37135
0.533281
0.574098
2.11053
1.97342
1.73155
2.37784
2.60935
2.25317
0.94117
2.37788
1.35649
2.38298
2.12016
2.40994
2.42469
2.44751
2.5103
2.62029
2.66064
2.69724
2.73384
2.76942
2.86813
2.89952
2.92938
2.98148
1.78022
1.89493
2.57646
2.22586
1.38467
2.34351
2.21555
1.53173
1.64172
0.0687717
2.01821
2.06902
0.512446
1.52488
1.8231
2.26962
2.39454
2.20976
2.27165
1.1395
1.39011
0.268919
2.34752
1.92189
2.21043
2.18726
1.46985
1.39577
1.66473
0.257907
2.35602
1.1104
1.02861
2.13726
1.86061
1.65191
0.996569
2.29907
1.94884
2.55436
2.3878
2.16289
2.83659
2.0459
1.72058
2.09997
1.64741
1.90393
2.0632
3.23331
1.75079
0.857638
1.79389
1.94561
0.0790412
2.48384
1.82926
3.14798
2.57861
2.25653
2.13132
2.48998
1.95926
0.442561
0.0738745
1.69873
2.32365
0.826498
3.10439
1.57689
1.79103
1.4825
0.957986
1.98859
2.80324
2.52193
2.64051
1.11876
1.97913
0.080109
2.18175
2.01711
2.0528
2.3903
1.74071
1.82789
1.6431
1.99995
0.11275
2.04339
1.64735
1.03262
0.993555
2.42112
1.51991
2.70837
1.90522
1.76351
2.44828
2.60838
2.42202
2.06878
2.48846
2.00687
2.79057
2.48398
1.63946
2.24985
1.71349
0.400993
1.04131
0.64015
1.85275
1.7329
0.967409
2.09261
2.09687
1.59062
1.22587
1.61126
2.23204
2.71254
2.22193
2.26891
1.78762
2.58638
1.38362
2.66102
1.9448
1.67973
2.26323
2.29697
2.60186
0.432083
2.16496
1.22255
1.58556
1.32812
1.786
2.65514
1.63249
2.94665
2.07709
2.53148
2.01474
1.63722
1.92622
2.46531
2.44184
2.93261
2.42966
2.13977
2.76933
2.23905
1.7518
2.27284
1.82543
2.17737
2.73391
1.63442
3.01406
1.81828
2.52246
0.765013
2.55885
2.73313
2.29238
2.06409
0.820405
0.0710933
1.73018
1.82298
2.20748
2.19375
1.76714
2.20665
2.74407
2.46027
2.37492
2.11533
1.56141
1.66953
2.93473
1.71684
2.75566
2.29515
1.71368
1.1514
1.47737
2.15697
1.24812
1.72408
2.3158
1.02396
1.81992
2.32946
2.24697
2.91207
0.00238307
2.13681
1.36755
2.12898
0.931375
2.29342
2.64086
2.30282
2.17524
1.88311
2.00017
1.69004
1.7827
2.48124
2.23122
0.214361
2.04013
1.98541
1.0428
1.91596
2.05294
1.94174
2.18841
0.343374
2.7183
2.23588
1.88238
1.00528
1.91257
0.968663
2.44345
1.12984
2.1267
1.45572
2.20245
1.76806
1.81497
2.09024
0.924985
1.93869
1.81216
2.75935
1.37966
1.83035
1.81305
1.80519
2.63673
2.01195
2.47163
2.13423
1.45112
2.62308
2.34183
1.42671
0.606728
2.38071
2.25566
1.80892
2.17818
2.16299
1.30319
2.50712
2.14273
2.00946
1.92863
3.0343
2.15383
2.4977
2.22311
0.890233
0.235339
2.00687
2.01704
2.78617
1.94792
2.27621
0.918633
3.34886
3.26017
1.20985
2.84274
3.38279
2.19437
0.175409
2.76068
2.7123
1.57859
2.13128
1.49352
0.245333
2.68764
2.56161
0.246533
2.29261
1.43936
2.29833
2.59962
2.20955
2.23422
2.17333
1.57684
1.39739
1.90662
2.53444
2.24876
2.84308
1.8429
2.45957
2.04378
0.729533
2.04003
1.66315
2.68011
1.97771
2.70176
1.60186
2.35335
2.21196
2.69061
2.00692
1.77817
2.22365
0.988761
2.03963
2.61046
2.03371
2.74289
2.05937
2.07514
2.36029
2.51056
2.34879
2.08048
1.13471
2.20616
1.28427
1.96106
1.77315
2.26469
2.08374
2.30247
1.59964
2.35125
2.23658
2.19521
2.53585
2.60684
1.6154
0.118079
1.83683
2.82798
0.499516
1.67738
1.94582
0.910747
2.19906
2.07028
1.6265
1.25825
1.27365
0.976822
2.19278
2.10029
2.20404
2.26363
1.61907
3.063
2.35488
2.20676
2.22431
1.44017
0.948649
2.07775
1.22349
1.88464
3.0863
2.748
2.71202
1.67578
1.99141
1.40266
2.39066
2.67731
2.59698
2.7124
2.73614
2.10685
1.17366
1.48258
2.36895
2.12815
2.75548
0.308994
1.86191
-0.315491
2.18485
2.2782
1.31754
2.19035
2.21666
2.27976
2.72483
2.68567
2.53213
2.69716
2.53891
2.54259
0.340572
2.17846
2.20173
2.47604
2.15391
2.20945
2.5211
2.45724
1.18617
2.26334
2.61747
2.68705
2.3579
2.69616
2.13321
2.12888
2.37209
1.75572
3.26485
0.616126
2.33087
2.4307
2.02395
1.75988
2.25399
3.31904
2.14941
2.42959
1.78267
2.31828
0.94511
2.93801
2.25095
2.16853
2.34196
2.30647
2.41801
3.17623
3.01134
1.69756
1.02134
1.64207
0.960721
2.19211
1.7105
2.41802
0.35131
1.40397
2.57418
3.14292
2.17121
0.0327018
3.39237
2.34049
2.54657
1.58691
2.74518
2.29255
2.47997
2.71912
0.14862
2.6666
2.18826
0.787407
2.41979
2.38968
2.42964
3.191
3.19746
1.84319
2.34608
1.24601
2.18348
2.20363
0.527411
2.70763
2.34458
2.20836
2.55873
1.84965
0.303583
1.80297
2.14831
3.01716
2.21815
1.48663
0.664802
1.69473
0.50453
2.18376
2.23166
1.8682
2.24548
2.27632
2.24414
0.120553
2.27407
1.69168
2.3527
2.41902
0.565635
0.0142168
3.25339
3.10954
3.36889
2.96407
2.3162
1.61234
2.31652
2.27892
0.910295
3.07208
2.51022
1.07962
2.65702
2.58373
2.54682
2.38237
2.28694
2.8806
2.38598
2.43002
1.7591
2.42921
2.44553
2.6419
2.67593
2.71307
2.74812
2.87834
2.91195
2.58469
2.27763
3.50096
1.80931
2.55655
2.25321
1.7119
2.56814
2.43959
1.9151
2.30371
2.41394
2.27609
0.694722
2.24873
3.1539
2.52713
3.1065
2.99169
3.36679
2.43037
2.39442
3.19532
2.3085
2.85006
1.1213
1.65566
1.23034
2.28931
2.57198
2.47208
2.30529
2.44874
2.27765
2.58055
2.22184
2.58203
2.29017
1.2715
2.10748
2.39872
1.81738
2.37343
2.10177
3.71794
0.157693
2.59964
1.78345
1.97363
1.72832
2.56841
1.55892
2.289
0.423388
1.78085
2.57106
2.23972
2.09696
2.06271
0.351448
2.58547
2.78335
2.24651
2.23013
2.56184
1.79541
1.46524
2.75551
0.256433
2.41974
2.18154
2.31995
0.111303
1.22308
0.223907
2.31244
2.73755
0.1719
1.85045
0.609665
2.4459
2.15302
0.751101
2.20449
2.32574
3.25523
0.554756
2.46488
1.32356
1.08013
1.13192
2.81603
2.40618
2.28535
2.26928
2.9731
2.16489
2.72003
0.0792628
2.98524
2.63302
0.16366
2.35135
2.52309
0.854268
0.525504
2.21368
2.22093
3.32589
0.612008
2.22975
2.21816
0.27707
2.33446
1.43434
2.16055
2.83936
2.1809
2.15645
1.85673
1.79208
3.02871
3.13264
1.42287
2.36847
2.23802
2.99152
2.40217
0.894232
2.49951
2.35785
2.3706
1.21613
2.22743
2.637
2.28778
2.51129
2.26256
2.29725
2.27399
2.31538
0.295234
2.10431
3.34364
1.14268
1.94626
1.76104
3.79586
2.58911
0.014025
0.0327106
2.75593
2.75394
2.0629
2.30658
2.2837
0.324906
2.09162
2.11391
2.71689
1.60979
2.91167
2.11583
2.40046
3.17686
0.840841
2.13799
2.47167
2.50447
2.09855
1.88275
3.0903
2.38809
2.62746
2.27483
2.32263
0.648674
2.79126
1.55763
0.899033
2.27778
2.55204
1.39378
1.90539
2.33737
2.64734
1.67145
2.22636
1.51743
2.11668
0.939298
2.38568
1.57252
2.60475
2.22118
2.77241
1.89832
0.519831
1.21955
3.33726
0.312383
2.28651
2.26487
3.05079
2.44973
1.31078
2.02983
2.25072
2.27458
2.45346
2.27403
2.64219
1.97615
2.68688
2.20209
2.05621
3.07264
1.65471
2.10423
2.81578
2.66911
3.45052
2.286
2.17751
1.15143
2.31464
2.36064
2.61917
1.95952
2.1821
1.13401
2.18334
1.58608
2.48852
2.18569
2.4178
1.39496
2.20103
1.105
2.65453
2.2103
1.22204
0.445283
2.54082
3.38105
2.41641
2.14677
1.97456
1.74593
3.12458
2.22435
0.15298
2.38933
2.34435
0.0846785
1.91617
2.19578
1.9022
1.68695
2.63264
3.05122
3.01562
2.24259
1.59725
2.25828
0.868475
2.87812
3.2997
0.585574
1.89336
2.53817
3.31372
0.235317
3.04413
3.32648
2.23267
1.74199
1.95601
3.06721
1.82019
2.30328
3.53769
1.72927
3.09101
2.08786
2.08146
3.28384
2.81248
3.08494
3.01312
1.51521
0.12791
2.80645
2.46479
1.95123
2.44354
2.49023
2.30382
2.1264
3.06125
1.70913
1.73183
2.37026
2.52207
2.12546
2.31471
2.44068
3.0329
2.38108
2.11018
3.26731
1.47544
0.381868
2.39337
2.26654
2.41849
0.736892
1.84393
0.214566
2.50444
2.24525
0.275972
1.32
1.49057
0.806832
2.50041
1.93523
1.75535
2.06594
2.26814
1.89186
1.60717
3.02928
2.16642
2.17008
1.28876
1.9366
0.672041
2.29935
2.63268
2.48004
2.7923
1.80292
2.6065
2.81987
2.88345
2.12906
3.26005
2.11235
3.04308
2.37367
0.0969473
2.18173
2.17178
2.13938
2.69977
2.25944
1.32155
3.20535
1.77502
2.71967
2.20003
2.70955
2.48871
1.60818
2.18183
2.29508
1.40932
1.06129
1.92539
2.23465
1.71053
1.73406
2.29832
2.78114
1.81745
2.16806
-0.00299076
3.5379
3.36352
1.81718
1.28247
2.16675
2.17935
2.2874
0.817424
2.56478
2.25015
1.08771
1.01632
2.34454
1.11405
2.15425
2.25993
3.06883
2.28395
3.1544
1.0914
1.91872
1.99118
2.70632
2.59095
2.35476
1.63274
1.99731
2.99
2.20263
1.27539
0.386663
1.61403
0.113373
2.42734
2.02352
2.12543
1.653
2.74819
0.66237
1.66835
2.93893
2.9648
2.11322
1.30462
2.89297
0.813131
1.17502
2.57293
1.18135
3.55614
2.19036
3.0513
2.47195
0.390774
1.7848
3.23148
3.09004
2.02855
2.06943
1.72312
2.68084
2.61836
1.95055
1.31693
2.4748
2.26851
0.139142
2.23469
2.26752
2.29114
1.73692
3.57117
2.00338
2.11781
2.27381
1.1958
0.205518
1.37656
2.08692
3.09282
2.4198
0.473979
1.12145
2.34044
3.25029
0.765889
1.08376
2.52114
2.30432
3.18256
2.15994
3.12852
3.08568
0.721341
3.00876
3.07497
2.19187
2.53998
0.718989
3.1
1.22014
0.514197
1.81059
2.88603
1.88745
2.90107
1.37827
3.59886
1.5733
0.108725
3.23393
2.26214
3.36404
2.66157
2.42055
2.14579
2.28094
3.1602
1.14608
0.59132
2.62638
1.08525
3.87736
2.37423
2.37626
1.48502
2.50172
2.60359
2.28616
2.18207
2.24484
2.03325
2.27158
1.25601
2.03746
2.34579
2.26533
2.33937
2.65169
2.46132
2.68714
2.42046
3.49789
2.31543
2.18747
0.97052
2.37467
3.08626
2.41098
2.62609
2.95315
2.31877
2.08002
2.28978
0.32567
1.70711
1.70091
1.89656
1.8429
2.52589
0.635224
2.72987
2.56827
2.86018
2.65166
2.96059
1.89336
2.64706
2.19451
2.28219
2.10242
2.36639
2.45927
3.12505
2.27061
1.83417
2.56337
2.70862
2.24892
2.39172
2.86239
1.98715
2.24958
2.67553
2.23645
4.23005
0.288471
0.175863
2.30736
3.22965
3.1165
3.01864
3.28978
2.50951
2.02957
2.22974
2.68613
2.21011
2.15288
2.36274
3.32917
1.6955
3.19709
2.72719
2.11212
0.680281
2.17336
3.1382
1.4385
1.91864
2.84665
2.51803
0.874102
2.19873
2.46212
3.35892
2.27127
2.77051
2.78166
2.22117
2.46949
3.06667
3.14815
2.76664
2.28443
2.65046
2.63933
3.35029
1.0937
2.16123
3.25774
2.28565
2.99181
3.34381
1.64814
2.19632
2.68429
0.776644
3.53328
1.98805
3.10118
1.88994
2.09577
2.46636
1.18866
3.36214
0.755357
2.36475
3.10228
0.895554
2.06806
2.11147
2.11573
2.72343
2.0112
1.74038
2.69564
2.24487
1.71811
0.602088
2.57232
1.47338
2.92633
2.30029
2.42308
2.48877
1.37033
2.48277
2.51809
2.29383
2.96758
2.04462
2.20559
2.81633
1.26479
1.34823
2.82496
2.01601
1.80325
2.75718
3.29867
2.79552
2.2246
3.00848
3.19352
1.99519
0.111961
2.9485
2.35343
1.98604
1.09635
2.27758
0.926805
1.05948
2.49004
1.72483
1.78874
2.29437
0.0800232
2.9242
1.03769
2.37191
2.4039
0.724306
2.35914
2.04706
2.31428
1.26691
2.33407
3.1215
3.46992
3.32009
0.0111779
2.28073
0.498138
0.337979
0.17778
1.11306
1.18465
1.59757
3.0275
2.06152
1.50039
2.59197
2.34349
2.04797
2.27847
2.23925
2.67474
3.03154
0.0510228
2.14794
2.4487
0.0598624
2.19103
2.47944
2.93159
0.0309405
3.35709
2.14145
2.61049
2.73988
1.62735
2.79295
1.55803
2.29163
3.33851
1.23717
1.61471
2.88289
0.961242
2.11961
0.386922
1.04914
1.48814
2.14876
1.48857
0.808404
0.356474
2.24385
2.27086
2.32298
2.74713
2.43074
1.87475
3.31337
2.11944
3.7109
2.21252
3.32682
3.32385
3.29925
1.96729
1.83323
1.86261
2.17673
0.783501
2.93428
2.33344
1.56996
2.92548
3.43779
2.75211
2.5869
2.49777
2.08433
2.43309
2.39382
2.12297
1.79551
3.2825
0.893665
3.36142
3.03071
1.09324
2.90473
2.31747
2.30554
2.7675
2.48224
1.73344
2.77347
1.94829
3.04977
2.79416
1.70876
0.632735
2.48278
2.35525
0.0641303
2.10272
2.3874
1.05823
2.12947
0.0866886
0.0269572
2.2686
0.0233898
1.70191
2.07743
2.10316
2.77358
2.27852
1.92116
2.65555
2.22955
2.36873
2.65596
2.10326
2.15825
3.18839
3.13407
0.421978
2.92855
2.25113
3.68864
2.95904
1.59746
3.03724
3.52989
0.0639951
2.91097
2.46119
2.49419
2.25266
0.202517
2.69477
2.26234
1.80488
0.75821
0.488976
2.12425
1.594
2.27151
2.45255
0.0966127
2.36459
2.68097
1.75796
1.74936
2.01329
1.11706
0.353622
3.33079
3.26571
2.50588
2.27755
2.22618
1.32291
0.952396
0.603277
1.51975
1.96007
2.2419
2.19389
2.54403
3.22017
2.25674
3.35742
0.990873
2.19267
3.33518
0.968103
2.36469
0.660784
1.99374
0.0301072
1.92578
2.75823
0.691487
1.60138
2.77016
2.44532
1.7898
1.91934
1.80542
0.290895
3.34606
2.26391
3.00413
2.77786
1.59683
3.15252
0.0800239
2.49035
0.197978
1.60146
1.93582
3.5173
1.16711
3.04921
2.66461
0.876904
0.595805
2.28879
3.1463
0.0612006
2.15901
2.01351
2.29493
2.25479
2.45242
2.14451
2.22082
2.47083
1.68319
2.36205
2.42226
1.67166
1.97957
0.273849
0.936951
1.12437
0.324811
2.76545
1.33639
1.25356
3.06385
1.27592
2.24384
2.90827
0.189411
2.0653
2.36349
3.38213
2.40609
2.93011
2.37035
3.07103
2.06615
3.58053
2.26925
2.31129
1.92646
3.31425
2.09286
0.107756
1.21163
2.75716
2.57042
2.68623
3.3447
2.26364
2.44552
3.13337
1.68132
2.57501
2.37633
1.78659
2.04702
2.41569
0.885034
2.28825
2.74113
2.72503
1.99497
0.323802
0.308885
0.060132
2.37621
0.689205
2.24468
3.12754
2.23798
3.32897
2.38304
1.34693
3.34766
2.20642
1.84773
1.18749
1.18874
1.77751
3.30645
3.36939
2.17573
1.9513
0.761814
3.10848
2.90838
2.42858
2.59643
2.15213
1.99595
2.38842
3.81517
3.7509
2.66653
1.78104
1.70306
2.16474
2.13741
1.0896
3.05806
1.29169
2.35762
2.21912
2.29169
2.51428
2.31865
1.81675
3.35172
2.76303
2.78171
2.29331
2.6663
1.71824
0.319682
3.15794
2.19898
1.58814
2.2434
2.75026
0.654567
2.96908
2.11036
2.26946
2.71735
2.77238
2.32728
1.87057
2.48608
3.36645
2.75387
3.27899
1.09609
2.71599
2.08842
2.37025
3.15267
1.32297
2.01489
2.21605
2.66796
2.20265
2.29225
2.36025
2.36106
2.20529
2.20603
3.8732
2.73142
2.30118
2.20701
1.98357
2.40193
3.35412
1.83487
1.86392
2.40173
1.6956
2.13202
2.09819
2.39634
3.23034
3.8669
2.21545
3.58515
3.52227
1.76924
1.9896
2.15177
2.5001
1.08119
2.63615
0.745746
2.30339
2.29548
2.24581
1.51512
2.50498
3.05209
2.65852
3.49591
3.24852
3.57249
0.629961
1.76585
3.97466
1.987
3.39839
3.11194
1.65912
3.36605
0.0522741
2.18455
2.7247
2.66579
3.17392
1.63964
2.41023
1.61656
3.12743
2.21862
1.97338
3.29498
2.19963
3.36338
2.00937
2.36477
3.10839
3.64383
2.936
2.95613
2.6518
1.74934
2.49971
0.777604
3.31289
2.95161
3.04047
2.97744
3.35304
1.97598
2.39475
3.34007
0.311338
3.34001
2.73491
3.3618
3.57835
0.287836
2.20918
3.28025
1.61052
1.49709
0.0597657
2.35884
1.9451
3.17871
1.84135
1.94738
2.74257
2.36274
1.11095
2.21481
3.29405
2.30641
3.65888
3.359
3.16942
2.68599
2.79203
2.21821
2.99569
3.17906
3.32013
2.97613
2.05744
2.65633
3.18387
1.99885
2.6059
3.07833
1.9414
3.32437
1.37371
2.31918
3.36544
2.54697
3.10356
2.66971
0.834558
3.09119
3.30949
2.73954
3.15241
2.3542
3.2365
1.53177
1.94589
3.1051
3.30219
3.49924
2.70873
3.8453
2.37902
3.31008
2.89296
2.5828
2.31349
2.35512
1.44664
2.84082
2.74198
2.09841
2.73685
3.22731
2.43972
3.1306
2.6409
2.71002
2.17673
1.99247
3.06579
2.913
2.66949
2.82415
2.98775
1.58228
2.59321
1.42271
3.71576
2.48198
3.18519
3.04074
3.09271
1.83826
2.78309
3.63555
3.9068
2.33257
3.32855
2.97724
3.04337
3.23997
2.31777
2.64749
3.63313
3.43709
2.82118
3.09979
3.06985
2.8922
1.97738
3.02951
3.053
3.04745
2.3522
2.75413
3.34316
2.05293
2.35235
3.00466
2.45419
3.2179
2.54248
2.89799
2.3739
2.20254
4.08774
3.12202
3.83003
3.31913
3.51618
2.72436
2.39467
2.95777
2.20156
2.2541
2.34844
2.33444
1.13709
2.58601
2.97285
3.371
3.15888
2.51836
3.23822
2.4657
2.34739
3.41267
3.14351
4.11116
2.60322
3.73397
2.71759
2.03162
0.810357
2.67355
2.37637
2.51354
3.20142
2.34982
2.33033
3.15392
2.57976
2.54843
2.22188
2.75936
2.76058
2.30797
2.84894
2.06338
3.3088
3.78931
3.20256
3.00564
3.39971
3.59669
2.60966
2.27995
2.88481
2.99334
3.21232
3.10136
0.958858
3.04478
3.08279
2.61856
2.3545
2.39492
2.33429
2.80537
2.35182
2.33719
2.73303
2.46571
2.33498
3.2233
3.06866
2.79628
2.42257
2.98499
0.721468
2.46358
3.18366
3.02271
1.85528
2.31647
3.08057
2.21406
2.90546
3.94384
2.30347
1.17792
2.28505
1.96885
2.58755
2.65211
3.02672
2.83731
2.35766
2.54902
2.70152
2.89744
2.58027
2.2396
2.35016
2.32261
2.92941
3.42991
2.91379
2.39153
2.96654
2.69006
2.96659
2.98383
3.31368
2.48039
2.71672
3.22358
3.21831
3.21639
3.35264
2.70801
2.32561
2.84306
2.31484
3.37099
2.16484
2.45219
3.3177
2.38029
2.84897
2.91291
1.89738
1.955
3.0029
3.0873
2.92657
2.3788
2.38286
3.07946
3.11275
2.88022
3.14002
2.96847
3.29454
2.20199
2.96542
2.85859
2.84151
3.12332
1.65931
2.66587
2.35152
2.70239
1.5411
3.71872
0.559551
3.31129
2.535
2.97672
2.62725
3.14958
2.43369
2.78172
2.36232
2.55801
4.168
1.63546
2.43497
3.14452
3.34166
2.94938
3.80549
2.81709
2.88131
3.53877
2.74866
2.55343
2.41897
2.48739
2.15769
2.2237
3.60534
2.85247
3.99455
3.15262
2.91385
2.31764
3.21778
2.27485
3.94993
2.58072
3.31145
2.86908
2.70605
2.94925
2.42905
2.71335
1.91673
2.39157
2.19458
2.97972
3.08402
3.02865
3.04052
3.1839
3.0557
1.24767
3.11923
3.42434
2.34467
3.09519
2.36855
2.30592
2.97524
2.50567
2.50483
2.75278
1.91909
3.10704
2.67885
2.78311
2.3891
3.11316
3.13336
3.04318
4.12835
2.36905
3.15387
2.60495
2.67374
2.87139
2.9853
2.03095
1.55053
2.87397
2.94239
2.79323
2.6496
2.34565
2.34771
2.73096
2.22769
2.92386
3.23559
2.7222
2.91685
1.90544
1.33223
1.88009
2.27289
2.07315
2.35989
2.32844
2.35503
3.19691
2.4936
2.34517
3.06745
2.23658
3.02526
2.93057
3.49003
2.86296
2.95186
3.37267
3.33891
2.85397
3.1483
2.20063
3.06308
3.26008
3.88729
3.45718
3.65685
2.66668
2.33696
2.98363
2.79785
1.75887
3.34228
2.76802
2.62151
3.0176
2.01562
2.43914
2.93119
3.19163
2.33833
3.20352
3.20021
2.7081
3.01633
2.8533
2.4814
1.82314
2.96077
2.83588
1.56945
3.14998
3.92924
2.32955
1.67533
1.81267
2.21057
2.61137
3.11876
2.15354
3.07172
3.02113
3.21754
3.41466
2.62511
3.61061
2.29538
3.03722
2.8574
3.1491
3.32241
3.51847
2.2644
2.77913
2.50722
2.2839
2.8946
3.15452
3.25875
3.02483
2.93177
3.44303
2.66191
2.35742
2.87016
2.54776
2.11092
2.92439
3.35599
3.6858
2.0983
2.22665
2.44227
3.14658
2.87565
3.1414
2.63342
3.38413
2.97741
3.11449
2.36592
3.1565
3.08065
2.9571
2.36001
3.03313
2.34902
2.84443
2.87682
3.28481
2.37037
3.06174
2.82991
1.77947
1.67424
1.60212
2.36365
2.75633
2.56874
2.24575
0.709953
1.86775
2.95255
2.38525
3.69798
1.23801
2.84113
2.95341
2.85271
1.99488
2.89961
2.31949
2.35064
2.35958
2.778
2.81661
2.93878
3.39105
3.29641
2.68458
2.59176
2.36912
2.37098
3.38325
2.31429
3.09759
2.96719
2.47514
2.39143
2.36607
2.55911
2.33096
3.3236
2.65971
2.87577
3.11331
1.90012
2.00085
2.35043
2.43322
3.16083
2.11995
2.90953
2.35096
3.02299
2.31193
4.06779
2.89742
2.39107
2.88488
3.8644
2.35992
3.48005
2.68964
3.28296
3.08593
3.06285
2.5975
2.71732
2.94336
2.87544
2.83753
3.32475
2.94765
2.88588
3.31069
2.87245
3.07522
1.46553
1.92045
2.77881
2.44049
3.04738
1.60214
2.87701
2.0413
3.00784
2.73109
2.35416
2.74528
2.37704
3.02005
0.549264
2.62745
3.28774
2.22264
1.84002
2.75478
2.82735
3.52146
0.562593
2.67916
3.33987
2.38643
3.2236
3.0267
3.42074
3.61846
2.63067
2.30095
2.50423
3.16273
4.14513
2.78473
1.28036
2.52309
2.91613
2.59836
2.44161
1.83314
3.12043
1.76092
2.44884
2.27832
1.44464
2.80519
3.00285
2.35005
4.00539
2.0907
2.60304
2.3242
2.29112
2.82679
2.61808
2.44391
2.40738
3.07328
2.54974
3.92259
2.40302
2.66637
3.06019
3.19869
2.62638
2.38431
1.53294
3.09741
2.9409
3.2457
3.06847
2.35626
2.96405
3.17013
2.32704
3.18716
1.63702
0.706014
3.28107
3.30839
2.51341
3.0115
2.34778
3.04571
2.86726
3.19236
2.79245
2.40362
2.9366
2.96672
2.6117
2.87202
1.9033
2.32871
3.36245
3.16531
3.56014
2.24183
2.57151
2.96742
3.10106
2.86642
3.0154
2.95522
2.20036
2.38631
2.34456
3.17503
3.23838
2.81777
1.10517
0.389787
3.34396
2.339
3.31607
3.23847
1.32024
3.226
2.37449
3.44945
2.99189
2.38
2.89576
3.13208
2.39239
3.33318
3.22738
3.24754
2.74013
1.59001
3.31046
1.74917
2.90488
4.03741
1.64347
2.64536
2.10543
3.3332
3.12063
0.641789
2.94441
1.6774
2.764
2.4059
3.30805
2.62041
3.32502
2.84264
1.6103
2.81972
3.11142
3.06655
2.38084
2.81579
2.96893
2.35645
2.51785
1.9393
2.29778
2.32463
1.69807
2.7191
3.67399
2.86832
3.23688
3.07285
2.35578
2.76516
3.09186
1.6799
3.32531
1.63428
3.39728
2.59336
2.34522
2.87747
2.7085
2.57049
2.97566
1.65996
1.12596
3.17928
3.32575
3.17456
2.50313
3.38879
3.19227
1.95571
3.31918
2.8209
2.85013
3.04486
2.97662
2.75531
3.00063
2.55525
2.84917
2.85885
0.806656
2.9568
3.19019
2.18185
0.9319
3.24569
2.8612
2.82521
1.32935
0.966496
2.33983
3.28789
2.59475
2.3381
2.44294
3.09397
3.01796
3.02536
2.98305
2.47664
2.41902
2.12216
3.31791
1.49308
3.00716
3.05412
1.84508
3.02081
1.64497
2.53815
2.38476
2.2646
2.80329
3.19965
3.05452
2.67871
2.38029
2.81826
3.15212
2.32162
3.1486
3.10484
3.3422
2.75181
2.14912
2.47603
2.88554
3.18335
1.93231
3.19732
1.86794
2.32084
3.2006
2.52011
2.47974
1.48161
2.37445
2.49267
2.75706
2.36285
3.24078
3.23801
2.73012
2.84882
3.04588
3.24291
3.90397
3.44004
3.63808
2.64976
2.32004
2.68158
3.3431
3.07094
2.50452
3.17399
3.37244
2.14418
2.59765
2.83385
3.13342
2.12286
3.07748
3.33222
3.30101
2.68325
2.74345
2.30777
2.8598
2.26407
3.58015
2.59379
3.38334
3.18618
2.98979
2.54851
2.91447
2.66872
2.90477
3.24638
3.15661
3.32996
2.5729
3.07828
2.82429
2.00616
2.64225
3.13826
2.80022
2.91835
1.86477
3.18845
2.76959
2.75711
2.72457
3.26477
3.96073
2.93512
2.95211
3.52339
3.13826
2.72366
2.8476
3.39925
3.11531
2.75701
1.45869
3.05732
3.0175
3.14532
2.83224
2.42989
2.80237
3.068
2.78998
3.13264
3.33865
2.04223
3.09733
2.10673
2.53177
2.36471
2.91324
3.03861
2.95462
2.42641
2.73254
1.83292
3.18986
2.47677
3.06259
3.02573
3.30965
2.85579
0.696543
2.71175
3.05179
2.27641
0.943769
2.85777
2.79383
2.82268
3.07292
2.93358
2.94262
3.13454
3.02566
0.812224
3.12179
2.9782
3.21285
2.95985
2.99831
2.9617
3.10515
3.07379
2.11245
3.05562
3.01244
3.18159
2.57506
2.30172
3.28199
2.99225
1.55364
1.9412
1.95457
3.10565
3.24325
2.96331
2.88105
2.66696
3.01771
1.89407
2.85751
2.81863
3.09474
3.10649
3.1698
2.82696
4.06293
1.98829
2.92348
3.04961
3.24654
3.44362
3.90039
2.32404
2.65376
3.63937
3.32973
1.73408
2.43907
3.16287
1.58019
3.12921
2.89461
2.33437
2.74614
2.80262
2.76679
3.19006
2.93372
2.78726
2.36502
1.72929
2.81218
2.43064
1.64062
2.95102
3.09921
3.0172
2.49048
3.39078
2.39242
2.47236
1.94422
2.7744
2.70291
3.26535
3.03739
3.33399
3.00695
3.31101
3.16931
2.39049
3.26135
2.81282
3.08383
2.68507
2.43337
2.29932
2.34509
3.26818
3.08418
2.97727
2.93033
2.41509
2.75663
3.05874
2.31677
2.58234
2.24903
0.784514
3.10888
2.36552
3.24733
2.89767
3.25234
2.99399
2.91129
3.28645
2.30071
2.93641
3.02134
2.41913
2.93094
2.40654
3.06807
3.08203
3.27466
3.1145
3.15795
2.3586
2.99904
3.33399
2.63698
2.67728
2.32763
3.01841
3.44404
2.25423
2.98101
2.90176
1.89409
4.03235
3.50844
1.64514
3.11295
1.74233
3.29987
3.34421
1.80346
3.17672
2.88276
2.08992
1.79469
1.98611
2.44144
3.04123
3.05021
2.09323
3.19438
3.29251
2.79291
2.75661
2.86
3.29173
4.19098
3.18399
3.27289
2.55039
2.81055
2.18486
2.49121
3.10053
3.17672
3.30537
3.2087
2.49773
2.25679
2.42372
3.87459
3.46944
2.34964
2.67935
3.66669
3.2724
3.07534
2.82905
3.63319
3.76798
2.33852
3.23602
3.20226
2.44762
2.35492
3.01058
3.19673
2.39772
2.43372
2.95577
2.95907
1.69393
3.12158
2.85451
0.386388
2.34909
1.56899
3.19768
3.30133
2.90669
3.02936
3.67183
2.34648
3.05727
2.87503
3.30147
2.92406
2.42196
2.44096
3.33498
2.6776
2.30334
3.2235
3.2663
2.69564
2.08
2.93827
2.61507
3.17811
3.29844
2.93244
2.32089
2.32308
2.31366
2.98426
2.95537
2.33797
3.03628
2.27516
3.00809
3.16137
2.36006
2.81375
3.07794
3.1024
3.10739
1.23318
2.35416
2.37121
2.36593
2.80694
2.73551
3.1453
2.32511
3.32498
1.03141
3.03726
3.05946
2.62932
3.11109
2.41546
3.34683
3.32144
3.2972
2.26899
2.25398
3.09194
2.90546
2.40627
2.42533
3.42638
2.3553
2.84084
1.90504
2.33061
2.38031
2.36459
2.38489
2.33612
3.05668
2.37563
3.1199
2.14922
2.42555
3.02334
2.42241
3.29428
3.07265
1.89403
2.80311
3.29387
1.90413
3.01697
2.37331
2.3767
2.06985
1.71141
2.30587
3.02466
1.41569
2.30363
2.41212
3.3321
2.93506
2.47298
2.99248
3.32587
2.9575
2.39667
2.42952
2.95843
3.14551
3.46715
2.35399
2.95736
2.72566
2.77267
2.48255
3.02074
2.8412
2.38875
2.14481
2.83255
2.29747
2.91804
2.85166
2.86861
4.14448
2.83446
3.15739
2.17148
2.70711
2.3657
3.06612
2.85563
2.76925
2.30788
2.72819
2.44925
0.731262
3.43695
1.59981
2.4084
3.09471
2.85645
2.54444
2.73495
2.35858
2.3558
2.68506
2.33599
2.75561
3.08255
2.58515
2.40098
3.13265
2.34567
2.97667
3.27248
2.31014
3.14747
2.57951
3.00068
2.35942
3.13913
2.4625
2.05821
2.41266
1.92283
3.10581
2.36612
2.42149
2.23505
2.34278
2.31342
2.40519
1.37045
3.04362
2.97284
3.35713
2.95491
2.35076
2.35113
2.02411
3.10922
2.95441
3.17479
3.15089
2.33479
2.43568
3.00065
2.28688
2.3968
2.38089
3.25702
2.41629
3.12939
3.12837
2.65657
2.35589
2.40723
3.2763
3.34199
3.2752
3.03485
2.35768
2.30865
2.33309
2.95393
3.10904
2.42463
2.30896
2.37049
2.31019
3.31457
2.36689
2.77244
2.05268
2.51326
2.33562
1.99853
2.91403
2.35741
2.41142
2.42472
2.37446
3.08846
2.27409
2.10426
3.9722
1.06922
3.19616
2.40867
2.57806
2.79389
3.57402
2.43803
2.41067
2.41944
1.66487
2.15647
1.83746
2.44747
2.89616
2.83032
2.7611
3.79238
2.43142
2.50065
3.7528
2.17119
2.47773
2.80733
2.54102
2.93694
2.86993
2.2113
2.652
2.49867
2.95621
2.67555
2.2647
3.02884
3.10324
2.40727
2.70707
2.37338
3.195
3.01443
3.06855
2.99472
2.54596
2.39985
3.03143
2.35176
2.97181
2.4138
3.05112
2.74032
2.31269
2.42233
3.06339
2.88902
2.26088
2.36007
2.96556
2.85609
2.40118
2.84696
2.58092
2.88438
2.97147
2.76791
2.21773
2.3937
2.63012
2.909
3.32552
2.84146
2.43158
3.07874
2.79655
2.93134
2.39749
2.8199
2.35767
2.82334
2.95308
2.92266
2.48247
2.41812
2.27998
2.79909
2.40087
2.65094
2.382
3.22709
2.96577
2.41446
2.35113
2.37896
2.31975
1.85722
1.98053
2.34414
2.60676
2.37235
3.09207
2.37602
2.73735
2.94045
2.35508
2.41236
2.35996
3.97883
2.75856
2.85434
2.40266
1.84878
2.64842
2.28978
2.31706
3.28923
3.0888
2.68859
3.12431
3.29753
2.87141
2.55902
2.79321
2.35299
3.17767
3.17355
2.3166
1.61544
2.51459
2.726
3.05328
3.00236
2.33105
2.40302
3.02813
2.38316
3.44534
3.05817
2.27823
3.3338
3.11416
2.36283
2.97507
2.82378
2.39707
2.3707
2.39141
2.44009
3.34624
2.30872
2.3493
3.18013
3.12514
2.59672
2.89134
2.43237
2.92021
1.95231
2.36323
2.37012
2.94828
2.36832
3.24296
2.75563
2.884
3.19893
2.26896
2.35054
2.39497
2.32499
2.31279
2.36874
2.31713
2.20339
2.35926
2.37384
1.66507
1.80559
2.37485
2.59467
3.08108
2.27468
2.37494
2.05875
2.28871
2.38392
2.36613
2.19648
2.35389
2.71761
2.31273
3.2727
3.35432
2.37541
3.12633
1.56066
2.30842
2.44817
1.82169
3.03348
3.10499
3.01539
3.26255
3.1434
1.84532
2.35867
2.91557
2.32439
2.37329
2.36769
2.3114
2.43287
2.57272
2.32674
2.32459
2.24264
2.36678
2.17214
1.98973
3.20186
2.30559
2.35146
2.24626
2.37973
3.14399
2.31259
2.26939
2.32151
2.38335
3.32659
3.1624
2.55425
2.31381
2.39408
2.08922
2.34695
2.18923
2.99065
2.33548
2.37132
2.3516
2.31184
2.31683
2.14123
3.32457
2.32658
2.85721
2.37923
2.4616
2.31179
2.36116
2.3445
4.05631
3.26377
2.34023
2.04556
1.62203
2.32599
2.20797
2.35964
2.35332
2.31755
2.34759
3.30932
3.26115
3.21694
3.06477
1.82149
3.01077
3.16338
3.13203
3.20628
1.06922
3.18403
3.11051
2.35969
3.09466
3.1349
2.37181
2.31065
2.5638
2.30706
3.13365
2.32011
3.28901
2.29068
2.32849
1.82469
2.35561
2.3707
3.20821
3.3172
3.05378
3.30307
2.36958
2.30903
2.11886
3.16783
2.3613
3.05277
2.1859
1.91454
2.99775
2.45033
3.07207
3.11509
2.55232
2.43309
3.30024
2.29848
2.40118
3.28864
3.01801
3.00861
2.46016
2.475
3.19739
3.0511
3.28844
1.70147
3.31879
2.19075
3.28682
2.46559
2.30498
3.17938
2.84101
2.27213
2.06161
2.36194
2.70555
2.96563
2.95721
0.360352
3.27081
2.32986
3.01036
2.45511
1.98943
2.38958
2.35864
2.86455
3.25078
2.2228
3.27176
2.40192
2.75086
2.38703
3.41403
2.35008
1.86984
2.694
2.42861
2.21954
2.93671
2.9508
2.39432
2.16115
2.93114
2.35065
2.45508
2.33673
3.27534
2.35544
2.63492
3.30994
2.39378
1.97698
3.14954
2.42437
3.17187
3.17207
3.04501
2.35754
2.86877
2.28025
2.34457
2.30294
2.8375
3.53614
2.34685
2.83124
2.85435
2.37571
2.34413
2.89785
2.49443
3.06329
2.85084
2.3343
3.1585
2.34088
2.35938
3.21395
2.3449
1.92925
2.33673
3.281
2.28347
2.03383
3.17296
3.24157
1.54697
2.36339
2.34039
2.36758
2.40729
2.0422
2.79699
2.35766
2.80402
2.28031
2.4388
2.3923
3.16018
3.25154
2.77221
3.33776
3.20433
2.46391
2.4622
3.13899
2.04688
2.76525
2.36042
2.19017
3.22212
2.9682
2.33415
2.70645
2.3507
3.31943
2.31466
2.67771
2.74776
3.11843
3.18426
2.46555
2.33499
1.80903
2.36982
3.88155
3.11055
1.87364
2.35202
2.54524
2.35384
2.93926
2.34198
3.09831
2.32188
2.35194
2.34285
3.08666
2.86571
2.51996
2.31586
2.31006
2.34929
2.45932
2.57439
2.34266
3.25742
2.35188
2.35081
3.13004
2.56859
2.67403
2.32947
2.33708
2.35457
2.33438
2.35563
2.3385
2.134
3.1052
2.04896
2.9738
2.3624
2.36551
1.98629
3.31286
2.35821
2.30224
2.57513
2.33521
2.30721
2.35069
2.32447
2.35036
2.3395
2.33916
3.24598
3.11258
2.3504
2.86575
2.35382
3.07757
2.36858
3.32609
2.34474
1.91465
2.3662
2.34537
2.35984
0.46941
2.91281
2.84577
2.78027
2.91789
2.85186
2.78397
2.51573
2.45057
2.45429
2.5214
3.76621
3.77086
2.18574
2.19147
2.36643
1.86473
2.13243
2.77076
2.35958
3.06237
2.1315
2.44856
2.35936
2.35045
3.01997
3.21288
2.36953
3.05871
3.00593
2.32561
2.35222
3.04123
2.34402
2.34358
2.72189
2.9814
3.10557
2.33474
2.35415
2.4566
2.39907
3.26402
2.36578
3.0371
2.39654
3.09123
3.01166
3.22178
2.3332
3.25562
2.35005
1.87678
1.75783
3.15424
3.01159
2.346
2.96105
2.98527
3.20051
2.36466
3.31357
3.14079
2.33351
2.43823
2.87304
2.84986
2.89606
2.91913
1.68929
2.33191
3.24351
2.72891
1.76725
2.33456
2.36201
2.36364
2.94203
2.34962
2.32012
2.32972
3.32938
2.862
2.35735
2.46893
2.45696
3.04941
3.23684
2.1743
2.9598
2.33431
2.33696
2.33669
2.00121
2.72714
2.35213
2.83052
2.35123
2.33464
3.04652
2.33781
2.44586
2.68449
2.34469
0.939541
2.75069
2.93094
2.90336
2.47053
2.80697
2.46498
2.78211
2.72133
2.29854
2.83571
2.77296
2.80606
3.20678
2.87383
2.00027
2.34882
2.46209
2.53738
2.65234
2.36532
3.15923
2.39512
3.11163
2.51798
3.17771
2.74001
1.96534
3.20779
3.24548
3.23729
3.48844
2.43222
2.62599
2.56172
2.34431
2.29876
2.53834
0.92417
2.66361
2.34459
2.30301
2.60285
1.99616
1.99829
2.70587
3.31079
2.34246
2.26807
3.24699
3.2904
2.0069
2.58179
3.52734
2.15798
2.48189
3.27696
3.23759
2.33811
3.25507
3.66711
2.46766
2.35266
3.34877
3.17928
2.35627
2.22971
2.31628
2.38903
2.35125
2.30944
2.53741
2.88067
3.34161
3.18712
3.25353
2.48911
2.35609
2.33515
3.30761
2.33906
3.13522
3.0025
1.91865
2.34618
2.43587
3.32854
2.148
2.16483
2.09866
3.16604
3.14256
2.43745
2.27957
2.25224
3.30572
2.43785
3.38725
-1.88719
2.24989
3.14615
2.32838
3.15873
1.85278
3.10739
2.03693
2.34827
3.17368
3.41537
2.75727
2.89764
3.13423
2.22398
2.46453
3.27741
2.36476
3.11861
3.1514
3.24212
2.90249
3.23793
3.1652
3.17474
3.17993
3.09176
3.05259
3.07495
3.15225
3.14645
3.16111
3.27528
3.08347
2.747
2.25671
3.20015
2.27454
2.34338
3.28365
2.33866
3.13727
3.08168
3.12254
2.3027
3.13488
2.98869
2.23289
1.82966
2.67022
3.04454
2.28369
3.26949
1.80561
2.31254
3.13629
3.02934
3.02315
2.32784
2.17762
2.95698
2.35005
3.95549
2.99773
3.04717
2.61285
3.33318
2.94356
2.96339
2.23006
2.91806
2.46595
2.96721
3.04029
2.99762
3.11461
2.96653
3.12256
3.43561
2.88618
2.19847
3.29126
2.17865
2.94176
3.15614
2.97693
2.45546
1.71689
2.35213
3.17837
3.30293
2.10441
2.54872
3.04454
3.21174
2.84268
2.85163
3.10191
2.27388
2.4407
2.83922
2.84769
3.02747
1.97032
2.53425
3.15762
2.19125
-0.643592
2.16928
2.34037
3.11252
2.86156
2.22986
2.81826
2.418
2.34051
2.1918
2.52573
2.13942
3.17234
3.13363
2.81935
2.35478
2.34037
2.96325
3.27995
2.03973
3.25682
3.28895
3.26238
2.76743
0.856299
3.15703
2.80732
2.32185
2.98656
3.26376
2.73973
3.19467
2.68439
2.14648
2.12126
2.70839
2.29689
3.28933
2.70596
2.33582
3.1566
3.23784
3.30447
2.69257
1.96611
3.17972
3.29495
3.33896
2.89251
2.68675
2.32779
3.28074
2.33017
1.01561
3.48345
3.17506
2.42662
2.59629
3.19768
3.26995
3.22933
4.10372
3.23389
2.10837
2.61324
3.1649
2.64764
2.06921
3.20572
2.99334
3.24368
2.33413
2.24621
1.69297
1.16083
2.46166
3.25843
3.23635
3.0139
4.13789
2.27497
3.12871
-0.0516977
2.34033
2.38712
2.03124
2.01444
0.348972
2.77091
3.24276
3.25553
2.13294
0.631184
1.61265
3.17129
2.0937
2.48175
2.23338
2.04294
2.35781
2.15469
1.51461
2.44111
3.1506
1.27482
2.12866
2.36
2.02393
3.33562
3.2658
2.25946
1.30526
3.10506
2.27922
3.27031
2.33677
2.16629
1.91885
3.15012
1.92944
2.35459
3.17892
2.7868
3.29604
2.75128
2.91903
2.7061
2.37236
1.78682
2.15493
1.94182
3.17141
3.32334
2.91201
2.19997
3.22725
3.29051
2.35832
1.36296
2.16612
3.35369
2.58829
3.31101
3.05251
2.41202
3.11822
3.15042
3.15829
3.27188
3.137
3.2599
3.3269
2.87629
3.05833
2.41565
3.08048
2.23541
2.33373
3.28113
3.0666
2.99302
3.34239
2.30616
2.23035
2.6115
3.18395
2.35976
2.50372
1.08021
3.20058
3.23167
3.11243
3.00842
1.8654
2.29044
3.22772
1.9704
2.30345
3.20259
2.37102
2.3014
3.02772
2.94115
1.44172
3.23821
3.19368
3.2572
2.83987
3.1938
3.22025
3.05057
3.01388
2.82334
2.12932
3.24556
2.71752
3.32683
0.994446
3.22274
2.0583
1.82415
2.17308
2.82521
3.39716
2.97809
2.97319
3.04647
2.12006
2.425
3.79863
3.74253
2.15501
2.48509
2.54985
2.22017
2.75468
3.34325
2.81464
3.5403
2.88319
2.94572
3.14615
3.2147
2.94482
3.00684
3.15806
3.23823
1.4422
1.71414
3.21667
3.20759
2.94606
2.3217
3.32059
3.22266
2.24781
3.27443
3.05011
3.32187
3.32764
2.89306
2.25654
3.00416
2.30711
3.11788
3.1177
2.92882
3.24913
3.43023
3.01799
2.3856
2.0376
3.01235
2.97641
2.87978
3.31395
2.04978
3.13107
3.09746
3.02617
2.85239
2.08942
2.34545
2.00166
3.03504
2.09564
1.75963
2.37918
2.84829
3.30845
3.25345
3.06592
3.03953
3.01968
2.20621
3.12351
2.3398
2.78007
1.75163
2.95644
2.89114
3.08887
1.51569
3.1662
2.98919
3.14446
3.83527
2.38899
3.70535
2.71868
3.50828
3.31125
3.11417
3.21509
2.84861
1.06188
2.39023
3.15192
2.86726
1.06803
3.23698
2.98563
2.76862
3.14704
3.17887
3.07188
3.01744
3.22104
3.2
3.18522
3.14099
3.2262
2.31735
1.7528
3.18024
3.41117
1.57399
3.3391
3.05578
3.14618
3.12773
3.10847
3.12397
3.22004
2.34602
2.80513
1.7724
2.37389
3.14112
1.23771
3.15592
2.33343
2.74676
3.15774
3.16258
2.10571
3.20078
3.0861
3.99827
2.0891
2.29213
3.3179
2.12989
2.42144
2.66679
3.19528
2.08237
2.79303
3.49229
2.31844
2.35457
2.74199
3.31806
2.35968
2.77606
2.33608
3.17666
3.36632
3.15473
2.67955
3.04155
1.36195
2.09992
2.28795
3.06265
3.18967
2.57245
3.00554
-1.09129
2.35064
3.11234
2.16712
2.6663
2.24264
3.33017
3.03041
2.37925
2.95684
2.84703
1.90735
2.51689
3.04802
2.24967
1.90823
2.3314
2.99161
2.90683
2.33122
2.32412
3.0232
2.98524
2.43114
3.15188
3.4199
2.97449
2.28647
3.05917
1.5784
2.91391
2.3166
2.85342
2.35523
2.57559
2.33317
2.35609
2.40711
3.27909
2.32529
3.08179
3.08813
1.74126
2.40901
3.19122
3.25564
1.20195
1.62807
2.50968
3.25724
2.88998
2.50647
3.45176
2.23824
2.85385
3.39868
3.20344
3.1282
2.36051
1.76571
3.11899
3.13481
2.95647
3.26282
2.11506
1.9678
2.33291
2.9955
1.09091
2.82476
2.72231
1.68335
2.83271
2.3748
2.42815
3.20462
3.00243
2.36164
2.3255
3.27397
3.14019
2.30456
1.30497
2.21104
3.13276
3.13684
2.91849
3.30639
3.11243
3.09894
2.35168
3.0535
3.30415
3.75967
2.75616
2.0461
2.78085
3.34103
1.43083
3.29952
3.03281
2.65058
1.27338
1.94036
2.79575
2.31768
3.26321
2.51459
3.42645
3.14326
3.01756
2.77254
1.73714
0.932718
3.24961
1.46392
2.37269
1.62915
2.35212
-0.341398
2.35556
2.97316
3.12326
3.30641
3.13467
1.5179
3.04628
3.41982
3.07298
1.84384
2.35796
2.45552
3.20575
3.07183
1.82327
1.85564
2.31257
0.990848
0.754598
3.26125
2.61626
3.0354
2.26628
2.26941
2.49169
2.55895
3.21924
1.08056
3.1998
2.95052
2.97678
2.35103
2.31244
3.08915
2.35241
3.20976
3.16448
1.49256
2.85793
3.47573
3.21691
3.32192
3.34534
3.08034
3.36728
3.18526
2.29387
3.34456
2.03412
3.0659
3.27268
2.87158
2.98064
0.134066
2.94446
2.63945
2.88926
3.21366
2.61745
3.53333
2.33816
0.493766
2.65037
1.21069
1.74982
2.08895
3.31021
2.93564
3.24897
2.36281
2.70326
1.84053
2.27564
1.83085
2.84751
2.84584
2.77921
3.10487
1.27496
2.83469
3.09729
2.84412
3.32495
1.94995
1.75873
2.75442
3.59307
2.94095
2.3129
3.12046
3.04285
2.39042
3.01271
3.08399
1.76938
2.3576
2.38944
3.19855
3.24445
2.82521
2.28881
3.12649
3.23528
2.31905
3.96916
1.31439
1.7238
3.44756
3.02321
2.37192
1.14782
2.77286
3.10288
3.05078
3.01556
2.83074
3.32477
2.86436
2.58384
3.00244
1.15822
3.18358
2.28959
2.90257
2.07635
2.97146
3.03859
3.07427
2.34865
3.01332
3.23899
3.2047
3.49486
3.17527
2.56852
3.02306
2.94569
3.11306
2.97564
3.10184
2.30693
2.97106
1.56924
2.87675
1.3812
1.91136
3.14186
3.04285
2.89417
2.80263
2.33842
1.39859
2.92007
2.5017
2.32247
3.09334
2.99114
3.06342
1.77032
2.96385
1.40677
2.96665
3.06757
3.68274
2.21317
3.21632
3.19667
-0.0862583
2.77471
3.19986
3.33218
2.32097
3.25497
3.17287
2.38411
3.23538
2.31071
3.57488
3.33028
3.36822
2.22913
2.7212
1.86264
3.25072
3.016
2.82861
2.9666
3.30116
3.31173
1.36916
2.76825
3.44043
3.23955
3.46552
1.41727
2.85577
3.02485
3.03973
2.12973
2.86364
2.36052
2.88033
2.35269
3.51435
3.54268
1.5099
1.17477
3.13661
1.43441
2.14501
2.8594
2.47005
3.02411
1.55904
2.94569
1.66064
3.37965
3.26623
1.50144
3.2939
1.17237
1.25618
2.85536
3.45476
3.22059
3.04191
2.22329
3.32614
2.98589
2.75683
2.96407
3.03005
2.1934
2.90279
3.29493
1.47644
3.33233
3.20508
2.7343
2.93212
2.36177
3.57425
4.71958
2.98812
2.81333
2.79746
2.91857
2.35576
3.34811
2.35334
2.78629
2.56004
2.76456
1.78802
0.96054
4.18737
3.11415
4.23691
2.75897
2.35532
-0.251722
2.19281
4.14553
2.60198
2.37782
2.28707
2.72893
2.29431
3.18569
2.37024
2.4697
2.27362
2.17498
2.76738
2.50471
3.81938
2.93174
2.10888
3.0336
2.56953
2.43768
2.83444
2.86546
2.73477
2.90008
2.5359
3.06376
2.66783
2.07535
2.20613
3.75595
3.98422
2.63762
3.85407
2.96555
2.99933
2.79946
2.30791
3.94959
4.10941
4.04531
3.88604
2.33811
2.40507
3.16227
3.1309
2.60334
3.19646
2.23977
1.94584
2.0409
2.69995
3.45792
3.39364
2.14015
3.52498
3.59035
3.55606
3.91616
3.2608
3.42783
3.32803
3.29289
4.0778
3.65616
3.35943
3.23067
3.09582
4.01546
3.62524
3.48994
3.78843
2.0098
3.28535
1.80445
3.07985
2.35383
3.3443
3.40789
3.24022
2.40259
1.76366
2.59154
3.34667
2.91509
3.2613
2.37115
3.65481
2.25499
2.92811
2.53216
2.94235
3.31546
2.26112
3.25404
2.21592
1.70827
2.68292
3.04114
2.65299
3.0406
3.41917
2.90279
2.36133
2.67898
2.32107
3.22827
2.89965
3.18996
2.20832
2.84185
3.13044
3.10836
3.01567
2.79532
3.17913
2.85704
1.7786
1.87485
2.92282
3.12142
3.30266
3.37554
1.70773
3.23691
2.94374
2.33067
3.00227
3.55072
2.86143
2.60357
3.2685
3.5553
2.30726
3.12197
1.5455
3.11605
2.24854
3.36958
2.72807
1.93292
2.30254
3.66293
2.35693
3.3794
3.00571
1.70316
2.93562
2.18022
2.61735
2.68389
2.83542
3.47468
4.05705
3.22827
4.0175
3.49743
3.22422
2.48993
1.71699
3.72975
2.70862
2.35957
1.50837
3.2817
2.93912
3.33392
3.2947
2.38655
4.03874
2.83715
2.97683
3.21405
2.37568
2.36579
2.79009
3.29138
2.29324
2.38496
2.52989
0.661696
3.2735
2.39327
3.02424
1.6036
2.5557
2.32448
2.76371
2.33571
2.97826
3.17464
2.58231
2.2526
3.56912
3.37176
1.54848
2.66466
2.29161
3.21235
2.5184
1.83469
1.38288
2.35943
2.98637
2.36584
2.35516
1.65451
3.03192
2.92715
3.25143
2.84215
2.58873
3.11678
1.77777
2.35557
2.83366
2.98585
1.17081
2.99666
2.74779
3.13935
2.4061
2.9124
2.98162
2.14206
3.3176
3.05891
3.13997
4.14803
2.26679
2.75703
2.24901
2.42572
2.37326
3.28915
3.02866
2.31192
1.81714
2.53577
3.11625
2.54942
2.21843
1.96436
2.80356
2.96485
2.66624
3.09042
3.14137
2.82605
2.74738
1.97872
0.414649
3.00319
2.14642
1.95343
2.81666
3.30731
3.20846
2.69679
2.90751
3.70802
3.20505
2.33122
1.14395
3.46015
3.04396
4.19977
2.33155
2.73237
2.84649
1.69352
2.82718
1.89188
3.24936
3.36046
3.17453
2.59564
3.38165
2.5499
2.99678
1.69596
2.35611
3.10824
1.73293
2.63193
3.09076
1.3348
2.66565
1.31579
3.47648
3.18126
2.652
2.61645
2.97428
2.5482
3.01863
2.78079
2.67902
0.0869859
3.04524
0.268589
2.42052
2.52703
3.13731
2.72322
2.55921
1.60854
2.46388
2.31077
2.50428
2.36611
3.31736
3.19075
2.32179
2.34176
2.16871
3.43372
2.704
1.81936
2.96003
1.77382
2.32242
2.7116
2.18658
1.86701
3.01133
3.31709
2.96515
2.7899
2.76323
2.71858
2.86036
2.56737
2.60259
2.45279
3.08977
2.90474
1.24562
2.66224
2.20034
3.3305
2.71112
3.23113
2.12242
2.17944
1.28491
2.85429
1.98681
3.08364
2.86239
3.72119
3.58201
3.02369
1.90788
3.2206
3.06074
2.81471
2.3435
2.34208
2.30933
2.53999
1.28972
3.18556
1.81581
3.01432
3.14354
3.25024
2.26916
2.38208
3.27495
3.21888
3.03894
2.31629
2.26853
3.02666
2.8581
2.1561
2.5614
2.25116
3.06095
2.96557
2.75857
2.14049
1.34524
2.84681
3.2472
0.0698587
3.47705
2.33893
2.9748
3.0286
3.24186
2.64534
1.68702
3.58636
2.35553
1.83462
3.27969
2.18221
2.96263
2.75742
2.46838
2.34381
2.99563
1.5325
2.40706
3.11812
4.61242
3.08347
3.10463
2.78042
2.98823
3.30444
1.99495
3.28163
1.86308
1.82258
3.16294
2.78601
2.23123
2.96247
3.20469
3.23574
2.8433
3.21801
3.57227
1.92955
2.35323
2.94527
2.35269
2.35523
1.99584
3.41844
4.37301
2.73016
2.35833
3.25987
2.33491
2.17725
1.74002
2.61239
2.37182
4.18004
2.5988
3.61963
2.3893
2.16983
2.3541
4.12591
2.45325
2.78298
2.52056
2.35513
2.48714
2.38398
2.19079
2.94821
2.88219
2.25956
2.28762
3.01331
2.91638
2.85032
2.12437
2.75036
3.04742
2.42066
3.96427
3.86911
2.81692
2.55222
3.08074
3.84046
2.5893
2.61734
2.05556
2.32175
2.15728
2.71369
2.98529
2.68484
2.65146
2.09134
4.09256
3.80395
4.03247
3.90237
3.14539
3.93606
3.18181
2.22245
3.99976
3.21044
3.47488
4.06139
3.27778
3.57554
3.4076
3.37897
3.53942
3.77335
3.44158
3.10977
3.30686
3.34253
3.60459
3.6403
3.24444
3.50386
2.02817
3.1394
3.21314
3.33553
2.19316
3.31215
3.02436
2.79802
2.7284
3.32467
3.25548
4.20845
2.10511
2.45671
2.50231
2.54316
2.28342
1.5279
3.02363
3.31239
2.76277
3.5262
3.29469
2.97473
2.49333
2.55875
3.89236
3.09681
3.23095
3.08837
2.30161
3.04896
2.78017
3.1467
1.9641
1.99114
2.30026
2.85364
2.96632
3.35188
2.34609
3.43653
1.41473
2.84596
3.07627
3.08257
2.66537
3.67105
0.651917
3.0682
3.29886
3.73773
2.90442
1.79782
3.32121
3.0728
2.10183
3.24477
3.24305
1.00414
3.23287
2.66177
2.91351
2.5583
2.2639
1.47201
1.83018
3.12099
2.42972
3.06139
1.4032
2.55182
2.35507
2.62968
2.84453
2.19278
3.77499
2.45234
2.52247
2.78201
2.85188
2.91811
3.0691
2.20239
2.73164
3.13249
3.17999
2.16637
2.85139
2.4316
2.03405
3.20303
3.21628
2.8525
2.88542
2.969
3.14771
3.10584
0.237975
3.07078
2.08306
3.04499
3.00235
3.85524
2.49032
2.54575
1.37984
1.46226
3.03661
3.06271
2.71274
2.17981
2.52383
2.4912
2.46833
3.29205
2.38789
1.30143
2.73366
2.90451
3.13271
1.56377
3.41212
2.23657
2.8391
1.79577
3.00603
3.37631
2.80385
1.95967
3.00258
2.58604
3.51589
2.79755
3.07131
2.33559
2.80788
1.48889
3.04116
3.33016
2.34345
1.79099
1.41484
0.296873
1.82737
3.0029
2.5778
2.92988
2.12485
3.10578
4.11431
1.43593
3.18008
4.02226
2.88513
2.92412
3.06268
1.39971
2.97673
4.15555
3.12068
2.93586
3.32356
2.9624
4.25657
2.78102
1.91369
2.82712
3.53898
3.04819
3.32241
2.9616
3.05784
3.19218
1.98105
2.963
1.98782
)
;

boundaryField
{
    frontAndBack
    {
        type            empty;
    }
    bottom
    {
        type            zeroGradient;
    }
    inlet
    {
        type            zeroGradient;
    }
    top
    {
        type            zeroGradient;
    }
    outlet
    {
        type            fixedValue;
        value           uniform 0;
    }
    car
    {
        type            zeroGradient;
    }
}


// ************************************************************************* //
