/*--------------------------------*- C++ -*----------------------------------*\
  =========                 |
  \\      /  F ield         | OpenFOAM: The Open Source CFD Toolbox
   \\    /   O peration     | Website:  https://openfoam.org
    \\  /    A nd           | Version:  7
     \\/     M anipulation  |
\*---------------------------------------------------------------------------*/
FoamFile
{
    version     2.0;
    format      ascii;
    class       surfaceScalarField;
    location    "2";
    object      phi;
}
// * * * * * * * * * * * * * * * * * * * * * * * * * * * * * * * * * * * * * //

dimensions      [0 3 -1 0 0 0 0];

internalField   nonuniform List<scalar> 
11512
(
159.155
-495.23
336.075
-737.522
-14.1984
751.721
399.274
-377.082
-22.1925
609.261
286.956
-896.217
1511.25
-1069.47
-441.78
1216.3
-1527.14
310.842
-81.1257
483.556
-402.431
168.611
-843.134
674.522
962.172
-1610.86
648.688
-1749.82
1657.33
92.4911
-542.946
1759.24
-1139.54
1933.49
-793.953
609.529
181.114
-790.644
-23.411
-1307.09
1330.5
218.586
-1968.4
1025.25
-380.893
-644.357
-161.041
320.195
487.094
190.747
-677.841
1156.69
-1312.45
155.76
-303.279
379.944
-76.6654
995.154
-1301.81
306.658
1221.46
798.772
-2020.23
69.9292
-1630.71
1560.78
-449.345
-1184.93
1634.27
478.584
182.126
-660.71
-201.566
-293.663
498.386
1012.86
1637.27
-1792.53
155.254
-77.6341
-1696.09
1773.72
-1558.38
648.397
909.983
-305.485
654.651
-349.166
-196.394
-154.521
350.916
1276.84
-1206.92
355.138
-1407.53
1052.39
-1754.35
1754.35
100.551
1520.22
-1620.77
-1075.44
-482.941
633.591
-714.717
-382.332
941.571
-559.24
1332
-1317.37
-14.625
-1100.61
718.275
629.809
395.441
-377.382
-51.4543
428.837
-423.392
742.618
-319.226
-1618.54
1618.54
1253.6
-1437.91
184.306
-488.23
1709.69
1257.17
-315.598
1660.76
-1161.27
-499.491
88.7789
-392.058
2063.82
-1133.74
-930.085
1801.65
-164.379
458.044
156.237
-614.281
-446.692
966.217
-519.525
-1161.16
1261.71
-569.355
971.858
-402.504
403.97
752.72
661.933
-493.322
-438.736
598.293
-159.557
1190.75
-835.609
2308.18
-1080.65
-1227.53
1162.93
-2006.71
843.779
-1591.78
1568.37
440.834
-1580.37
-759.287
1250.94
-491.652
-674.069
368.584
1661.49
-699.317
-1106.93
-870.891
1977.82
650.191
-343.483
-306.708
689.599
567.57
-258.202
1511.81
121.108
-323.753
202.645
-285.017
763.601
-336.055
568.204
-232.149
-324.764
811.858
-319.043
-152.045
471.088
330.824
68.4502
1444.64
-449.485
-955.347
472.17
483.177
284.285
88.6677
-372.953
951.039
-341.51
-1699.81
668.882
1030.93
14.9185
-843.516
828.598
-283.177
599.056
-315.879
156.221
-1093.72
937.501
1052.05
-1067.58
15.5314
373.039
519.835
-892.874
-245.629
703.673
-1104.2
-481.874
1586.07
-678.89
951.849
-272.959
1361.56
-1439.19
-604.887
268.328
336.558
-470.184
-1011.6
1481.78
-540.97
-791.34
1332.31
576.83
-997.127
420.297
-266.989
-318.354
585.343
411.988
-290.88
-1032.58
585.891
955.328
-799.107
-110.279
944.152
-833.873
-212.991
422.621
-209.63
-613.406
-341.94
-386.743
963.573
1856.38
-1856.38
-446.044
-158.843
-955.794
1544.87
-589.078
499.961
-938.005
438.044
-924.766
355.411
-941.912
-1058.08
-1482.66
349.001
1133.66
-292.372
901.633
-296.305
608.307
-312.002
-1941.91
999.994
-1129.68
-352.982
534.889
-1490.68
1728.52
-1725.44
-3.08475
220.636
-595.709
375.073
-1445.41
971.683
473.729
293.906
210.336
-504.242
312.446
-648.501
245.248
-422.642
177.395
2013.14
-864.924
-1148.21
-544.586
167.203
619.777
830.702
-1450.48
-185.244
430.492
430.993
877.295
-1308.29
-911.174
396.391
514.784
-1043.25
1447.22
-1068.95
309.659
755.273
-100.622
521.046
-270.268
-250.778
982.123
-509.953
593.271
-1404.03
810.759
-1342.46
238.259
-550.132
266.955
-1176.21
883.841
1946.49
-987.392
-959.1
276.804
1579.58
-2090.77
892.488
1198.28
369.246
-31.0015
-338.244
-224.531
484.587
-260.056
-119.208
-374.235
493.443
-470.894
151.85
343.673
-128.669
628.63
405.056
392.585
-797.641
-2031.06
1102.76
928.293
461.99
-535.971
73.9802
223.987
-366.365
142.378
1032.71
980.426
1771.28
-251.063
692.992
-424.664
797.611
-1390.36
592.747
326.552
323.639
1040.98
-1026.06
-513.778
-209.803
723.581
483.058
-139.503
-343.555
798.589
-617.474
579.519
-733.774
154.255
503.329
1157.43
-1240.18
699.208
1053.5
-1502.84
-3.13973
-1439.43
1442.57
324.34
826.013
-1150.35
623.884
269.982
-893.866
-2270.62
1128.85
1141.76
-1105.24
-1165.38
217.745
361.774
958.55
-634.209
879.643
-899.359
19.7161
-2099.38
992.451
-227.931
-191.31
419.241
-41.6262
1770.15
-816.186
78.6636
-1025.35
-1065.42
-230.785
454.771
-639.479
193.436
-247.004
-424.775
671.779
1104.07
-1574.26
783.241
-1374.62
591.374
692.586
-405.63
1947.89
-1444.56
-378.29
-1376.06
89.2845
394.272
-526.292
512.094
0.0211521
-557.797
557.776
573.216
-279.31
-607.79
281.694
326.097
778.61
-373.554
33.972
335.274
1188.47
-1191.61
184.063
227.925
391.026
-638.03
620.324
-1007.07
-2026.69
2026.69
-234.976
-450.6
685.577
699.441
405.888
-1105.33
580.149
175.124
391.628
386.982
-2199.74
1328.85
-927.099
-678.213
1605.31
-499.18
-677.033
-269.121
539.446
-270.325
822.043
-171.552
-650.491
-418.032
638.667
378.813
-675.118
-333.413
-141.812
475.225
-1318.75
-473.773
602.797
-1101.98
-374.16
-1244.38
844.318
1463.86
301.624
-934.076
632.452
967.351
-337.542
1391.54
-798.272
449.118
-265.055
-331.026
-867.385
550.36
317.025
-308.265
-559.121
305.267
-424.476
-222.42
-152.153
374.573
-392.729
1092.17
435.893
-245.146
-398.235
1339.45
-167.729
-1171.72
-466.105
262.544
203.561
237.264
228.325
-465.589
34.1372
-767.911
592.053
-1728.98
1136.92
1480.44
-860.661
-1048.74
-396.674
-1058.2
573.122
485.079
1364.62
-392.941
929.713
-1411.59
-158.089
-214.842
372.931
-470.095
582.761
-1626.02
427.984
904.012
256.38
300.79
-557.17
568.078
1186.27
1105.48
-717.602
-387.88
410.919
-222.522
-188.397
-1419.48
444.346
739.234
-1183.58
1473.49
-543.775
-494.686
911.99
-417.303
426.14
1186.17
-1612.31
47.2922
-726.182
-144.075
428.36
220.333
-416.728
516.738
465.385
-635.229
68.0919
567.137
1024.55
-1307.68
283.133
661.181
-269.553
468.203
-1447.27
979.067
423.788
1685.18
-522.249
915.367
1031.12
-664.053
-1684.43
757.332
568.228
385.194
-953.422
452.526
78.7003
1749.82
-1828.52
1443.79
-379.492
-1064.3
1699.06
-1740.68
-368.602
-506.184
717.18
-210.996
-502.593
188.152
294.906
-373.243
-1226.02
214.428
-764.554
-639.476
-673.649
1006.3
-332.652
-654.197
644.285
9.91179
655.145
-923.814
268.669
-753.018
376.462
376.557
-649.376
-674.936
358.207
316.729
-932.411
1400.61
-407.778
881.828
-474.051
-2205.3
5.55804
185.792
-541.019
355.227
140.845
1198.6
-92.1179
-547.361
162.2
-600.936
1487.29
-704.052
373.008
-468.233
95.2251
-566.913
566.913
1223.08
395.459
1777.76
-1229.47
588.946
640.528
850.993
-52.4043
1291.08
772.737
-539.725
1337.34
295.344
303.712
284.978
-791.162
235.784
-659.176
233.183
-447.306
214.123
-220.747
570.32
-349.573
135.999
-356.746
-592.237
-564.548
1156.79
-353.823
510.747
-156.925
-1192.16
2032.05
-839.886
1290.75
-332.203
-403.852
136.863
-1980.13
795.206
1512.06
-841.452
-670.613
1986.92
-877.407
-1109.52
713.408
577.345
-241.558
474.741
-676.589
1122.74
-446.152
-770.493
1201.49
551.443
924.725
-1724.64
799.916
-529.778
-67.8991
597.677
283.421
237.625
414.37
-112.819
-301.551
897.03
-83.4365
-813.593
896.406
-540.24
-356.166
1576.23
-472.158
885.968
-1624.57
738.601
1068.49
879.396
751.736
-447.262
-304.474
-1059.09
-258.281
552.893
583.751
-1136.64
-437.362
480.961
-43.5994
580.802
-349.347
-231.455
-980.886
573.108
597.437
883.001
-441.855
1097
1400.88
-766.028
-634.856
400.996
-927.534
526.537
-998.022
384.616
529.854
-1024.54
441.793
-496.634
54.84
458.925
283.694
-518.217
-48.696
-794.874
-876.044
1670.92
197.864
213.055
-212.671
430.416
-37.7147
-528.227
565.941
484.661
865.758
-1350.42
-537.09
314.67
986.033
-89.0032
836.744
-1065.2
228.455
373.766
846.949
-1386.67
-438.378
830.962
1975.21
-1281.74
-693.469
270.22
609.423
256.04
796.012
69.9372
-950.386
880.449
1673.76
-1089.1
-584.653
-137.786
1887.61
-1866.03
-160.661
483.852
-622.035
138.183
-1015.92
526.126
489.793
-1730.48
538.319
-955.999
845.72
392.843
205.45
590.962
-289.338
-427.993
713.306
254.045
86.1844
710.614
-796.798
-1135.08
-894.762
2029.84
-529.678
1080.69
-551.012
-445.941
-337.089
109.158
-1653.04
858.163
-885.984
-575.696
1461.68
-332.447
-295.53
627.977
368.489
-636.583
268.094
230.23
-603.784
297.894
218.215
-516.109
322.452
-591.572
609.241
-240.752
316.119
-468.164
668.548
397.976
-160.712
-364.427
-310.508
1211.92
-4.02702
-1207.9
1040.4
-420.076
561.154
410.705
-1782.39
869.832
912.56
497.401
538.617
-1036.02
-536.358
203.912
-262.074
1180.23
-918.156
-1590.91
1212.62
504.693
-1096.93
390.343
-17.3351
419.836
289.283
-709.119
374.618
-620.247
-28.2322
754.325
-726.093
-526.424
796.405
370.114
323.103
527.89
655.885
72.7005
-379.933
307.233
1059.23
-645.412
-413.814
494.001
-1664.27
1170.27
-1140.48
1753.25
-612.771
1715.8
-1123.74
-335.697
617.39
-1181.5
1251.44
425.426
-796.165
1593.24
-797.073
-237.571
-228.535
-886.269
1468.73
1810.38
-611.763
-1198.62
-404.931
629.343
-1302.99
-124.794
-29.0905
443.461
-669.499
-354.171
-1236.74
-228.469
458.699
904.149
-563.762
189.528
-1674.44
-71.1611
1745.61
-1045.92
516.242
572.507
-1180.14
607.637
901.229
909.153
630.874
620.065
666.698
245.292
-1117.88
441.293
-408.006
408.027
624.19
-516.065
255.036
-737.059
482.023
663.072
-336.519
-340.183
185.662
-582.9
216.344
366.557
-889.055
-735.515
1087.67
-2145.75
401.07
-686.087
-343.016
-724.567
832.36
568.524
-353.641
302.187
351.904
195.023
669.512
-864.535
528.811
593.93
-515.686
182.273
363.36
-598.337
-1040.9
-851.787
1892.69
-1787.64
156.932
1107.44
-1369.51
1150.46
-737.02
-413.443
-503.19
1350.14
-1495.58
627.865
867.713
-288.095
-210.955
499.05
1428.38
558.54
314.77
-456.582
-488.368
-562.156
1050.52
-416.556
602.348
1581.93
-1128.27
-453.661
-756.513
305.913
655.035
404.192
-1623.43
416.151
1207.28
-207.356
505.25
798.012
783.915
193.428
-665.447
472.019
209.935
212.686
-295.93
-110.023
405.952
459.818
5.58527
-465.403
-1624.24
575.501
-1598.56
1661.1
-62.5486
8.28373
-1606.84
1069.63
737.918
-318.082
-793.24
-204.782
-1134.58
-240.03
-312.462
687.08
-1812.23
-620.981
1204.73
205.52
760.697
-1328.41
-678.295
-465.163
585.422
-329.042
-1013.29
1350.75
-1932.78
582.032
645.609
1287.88
487.698
-3.11132
718.101
696.568
-1414.67
-642.689
341.711
300.978
442.083
-100.247
-341.836
159.383
276.696
175.952
-452.648
-571.985
1140.21
473.43
-594.286
-462.837
-402.033
864.87
-338.933
180.843
-462.731
171.851
-307.126
-708.793
550.503
-108.42
-567.755
968.752
580.587
-270.47
-310.117
457.305
-782.07
-645.019
421.21
-1129.43
-828.098
1177.1
-569.77
463.473
260.107
-433.625
90.1423
1029.93
-317.124
594.521
-277.397
-509.044
1578.68
-667.099
217.864
384.342
-602.205
208.139
458.832
-14.0157
-444.816
-252.356
-210.374
1012.61
1108.98
564.779
-859.598
931.706
-72.1077
-457.272
169.177
-711.014
286.239
-601.092
314.145
348.927
805.885
-1218.12
412.237
778.724
-806.956
-949.005
-550.377
1499.38
-147.073
447.863
-516.355
246.087
1298.22
754.34
-560.912
1298.2
-695.403
488.202
-691.245
-418.719
-424.688
-378.901
803.588
504.077
-845.587
-429.051
77.4878
351.563
-326.931
572.385
731.219
-330.149
-248.49
-176.737
425.227
-494.598
151.798
342.8
1455.52
79.4148
-1534.93
-747.819
1345.26
-1144.75
-466.108
531.57
-147.228
1149.12
-370.394
1083.53
492.699
692.008
-407.03
-885.235
-522.291
-1328.5
-30.5694
985.116
-954.547
596.987
308.9
-905.887
-311.609
-232.977
-681.727
405.513
1621.18
-159.526
358.192
356.723
-714.915
-1839.8
-2106.67
1519.14
587.536
-2036.87
340.787
342.439
538.505
-880.944
-460.227
1021.38
-375.262
-674.713
1049.97
-2030.52
1391.21
639.313
601.081
-976.343
58.9909
382.803
387.171
204.212
244.906
311.759
943.52
847.405
682.701
-327.911
-354.79
-296.255
624.872
-328.617
575.936
529.546
565.79
515.067
-1080.86
-796.289
-699.289
753.651
395.468
-423.407
691.501
-1193.43
1609.58
401.021
-1075.73
-314.127
532.343
-1384.44
856.482
527.963
-716.861
-358.513
-797.682
376.836
420.846
446.974
718.76
-1165.73
1066.85
-569.449
-388.555
652.504
-263.949
255.034
325.553
-469.392
-432.176
901.568
-245.591
545.315
-937.486
392.171
-468.998
600.599
-1681.25
423.692
671.487
-1095.18
524.581
83.7262
113.406
-2212.78
530.345
-66.8715
1443.62
1777.09
-217.554
-1559.54
-438.386
1789.13
-1986.82
1194.42
792.402
406.8
344.936
-29.6043
861.964
-1283.72
719.171
-871.424
-824.094
793.524
317.195
47.6663
-364.861
230.27
185.301
-415.571
1546.28
-828.184
-1530.95
-325.432
458.292
-185.095
-273.197
396.376
367.225
229.284
356.137
-7.8024
1000.8
-992.996
372.893
260.717
-633.61
-733.999
1817.25
-1083.25
-343.227
739.603
-1210.14
-410.628
-917.028
484.852
554.249
-769.083
214.834
763.917
-382.507
-381.409
-416.773
-442.825
447.185
1058.66
1235.25
-662.746
803.02
-345.715
388.563
297.014
-258.662
-209.571
-188.558
612.346
408.214
-849.62
441.406
195.587
358.192
-553.779
-424.119
832.334
754.833
-1147.56
873.936
-68.051
-493.966
272.65
768.33
-95.3891
1383.27
1890.5
-78.569
341.113
-319.8
392.5
-1084.9
1077.09
602.177
376.696
387.22
50.0719
408.22
268.332
483.389
-370.108
-272.582
-564.671
-89.5266
-355.658
371.412
-15.7539
-258.861
-291.27
1011.17
-1540.74
529.571
-205.714
-171.368
-383.219
643.935
-1624.26
1591.09
-963.227
240.199
-658.918
584.306
1224.43
-1808.73
607.403
983.689
288.56
-1117.75
689.758
-288.34
-268.83
1367.18
-1439.81
818.859
620.946
399.175
-611.03
211.854
-347.032
471.429
-124.396
358.896
100.922
1723.5
464.207
-254.272
557.611
-1704.8
1147.18
-90.3222
394.723
343.538
339.163
-448.507
-616.299
1064.81
424.2
-862.578
-641.507
903.266
570.222
-503.783
-249.235
-440.528
-409.092
-307.103
-827.482
1821.11
-1821.11
-106.83
-1581.7
1688.53
292.677
288.125
-917.448
-555.231
1472.68
-408.281
974.071
-582.419
-1041.82
676.35
381.857
-1058.21
481.557
-165.437
573.056
1220.35
-1793.41
-1044.19
2116.43
-1072.24
-373.355
-300.714
-491.744
797.657
-1746.06
1596.74
149.321
1746.06
-1599.1
-146.97
-248.304
528.076
-279.772
-537.275
1620.81
1554.69
-1965.32
1060.97
-282.025
-240.307
522.333
247.71
-561.837
-687.565
264.159
1340.36
634.853
575.8
487.384
-1063.18
287.284
404.725
875.514
500.116
-1375.63
529.381
-1017.75
1574.97
-563.805
-776.829
-369.354
-102.931
472.285
-489.883
1208.64
-743.237
334.88
368.793
349.359
261.741
-611.1
597.069
832.118
-603.663
268.414
663.291
-503.783
-315.66
-218.536
534.196
1168.6
-664.063
612.181
464.257
-1076.44
-1287.84
1287.84
-387.992
764.688
-289.758
-472.408
762.166
479.764
451.08
-930.844
386.861
-676.619
615.397
-869.013
253.616
-367.347
-497.825
1073.62
-663.165
-708.122
1371.29
-374.522
919.837
-1552.67
675.263
41.7082
-398.764
357.055
-489.753
683.189
235.696
334.624
173.519
308.038
-501.577
213.237
1869.01
-1964.4
273.419
-691.451
442.299
-821.702
379.403
-923.563
1402.87
-479.302
-429.856
-487.171
600.657
1124.22
-1724.87
-717.225
343.87
-459.394
1035.33
-765.009
1033.42
-381.546
-631.951
-468.61
704.394
541.587
-359.461
903.964
-297.383
-197.215
1599.02
-1816.57
-343.965
-593.521
-329.321
481.119
242.584
-571.626
-183.725
1052.73
-780.08
220.734
-271.822
-290.817
562.639
397.682
-871.197
473.514
-489.862
-440.918
-934.076
-325.132
553.853
-228.721
-444.927
-412.35
-313.656
-202.453
-373.699
635.44
-447.621
744.634
-1073.4
624.898
-1410.68
524.701
-27.346
-1832.72
1860.06
569.845
-449.174
1197.33
-681.09
321.16
-321.16
669.144
-427.632
1043.29
-1625.71
-1158.73
-947.943
294.816
330.055
878.188
715.049
-479.036
-302.968
782.004
1655.08
-1682.43
-435.029
354.006
219.21
1135.45
-523.269
-943.331
1550.47
-607.138
447.956
-243.744
388.09
360.566
-748.656
522.216
476.712
-998.928
-332.379
667.259
-37.7535
1906.76
1578.18
993.053
-1697.11
727.393
-1177.37
449.977
-492.454
1367.97
838.345
-1341.54
-534.928
252.903
789.723
-404.529
556.1
-1186.74
630.643
-640.373
-1215.54
-695.631
1911.17
-208.469
538.316
-329.847
-164.45
276.014
-484.483
324.27
376.234
-700.504
-1478.2
758.099
720.105
884.141
-1434.52
827.543
-431.152
223.749
-367.824
-567.048
251.388
-627.886
-756.559
699.633
505.472
-1205.1
397.278
-205.488
-191.79
557.087
-959.591
-555.74
-425.388
711.627
-831.261
-1155.56
-1437.98
499.606
938.378
18.8119
-610.468
324.498
285.969
-1306.71
1044.78
261.924
-617.333
-456.071
-666.064
922.104
405.086
-207.684
-197.402
508.116
980.77
-1488.89
973.296
-564.392
167.362
397.03
-380.992
664.371
-390.952
-510.275
180.954
234.605
-1516.35
534.991
531.86
-724.636
234.882
163.299
-460.682
376.027
-816.945
1954.16
-1195.39
-758.767
400.651
-651.321
250.67
325.287
318.007
130.808
-448.816
-559.306
197.154
267.053
-691.688
1374.44
-682.756
424.1
446.831
-1163.69
269.214
1866.78
-1013.59
-853.19
785.287
-509.483
184.351
1402.41
-975.226
-427.184
341.065
-768.697
-616.476
1725.45
614.822
620.431
321.468
-4.27299
275.816
-1138.47
1725.72
-587.249
-1763.52
820.184
1746.73
-1678.76
-67.9743
-657.453
249.447
553.794
-691.839
223.229
1402.85
-564.504
396.243
434.72
-1858.48
1420.1
525.347
-406.621
-118.726
218.29
-531.945
-272.804
-173.137
-354.7
698.238
-563.889
194.535
601.653
555.187
-1156.84
1113.71
-1947.37
833.662
169.755
305.47
-1698.35
1660.59
322.809
-729.84
-163.552
387.302
748.053
680.834
-1428.89
1068.74
-1072.77
530.353
-1099.8
-633.927
255.915
378.012
506.842
-290.499
-590.108
-1035.6
303.083
-715.433
-912.319
191.284
168.352
228.926
374.498
301.274
-675.772
-624.044
-833.841
-978.389
495.017
-1054.32
-272.273
475.834
536.48
640.618
-280.827
-123.025
-408.203
696.764
278.805
-1196.44
572.393
1304.73
-556.674
447.271
-1003.01
-389.247
157.498
367.849
1023.47
551.5
-1710.22
1603.39
1620.5
-548.142
-1072.36
1901.63
-1889.69
-11.9448
189.03
-508.829
-330.254
550.987
-758.505
-313.585
-343.868
1030.4
693.861
-1490.98
797.123
354.466
-26.1926
1625.21
-1066.73
402.668
-1222.49
445.658
-59.5249
1515.04
1197.65
-470.253
-489.774
-74.6172
-258.525
735.997
-1951.54
-712.657
344.972
-536.391
191.419
191.853
-508.977
1139.9
671.533
-1811.43
-582.645
176.024
942.202
-1497.43
-210.49
678.959
-468.468
879.816
1120.18
-733.066
1347.89
579.431
-469.731
-109.701
-350.643
1169.5
1031.99
-1980.86
948.866
-1168.52
547.537
1488.87
-585.604
-359.424
-156.262
-1238.9
576.15
1159.34
-128.412
946.022
775.34
-1721.36
-218.79
578.367
-1541.78
963.41
486.982
916.772
-1403.75
613.635
591.098
374.719
-1106.66
591.881
1104.06
1216.18
-452.44
-763.741
-1186.2
-1754.95
-9.05046
-1701.17
-207.151
-403.878
1605.09
-624.992
-980.095
-490.885
1121.76
-1315.4
638.32
677.076
-1359.84
1439.25
-1327.89
594.822
1520.57
-384.641
-550.682
191.258
-1471.71
244.814
176.386
211.289
368.142
434.012
387.583
-821.595
506.308
-939.154
901.142
-1444.92
-678.58
232.35
446.23
-1035.56
463.571
-466.356
862.598
697.335
34.6849
-513.453
183.606
-886.565
-1318.74
-717.919
351.867
366.052
407.698
-725.001
317.304
-481.793
-189.389
-709.97
716.033
1539.4
-593.374
807.941
738.343
1344.89
-844.772
-971.51
-570.267
-799.733
428.072
371.66
-1037.41
-645.617
306.518
339.099
-1433.7
-296.783
-792.743
399.911
392.832
-635.746
385.057
250.689
-665.927
274.975
412.829
488.739
390.086
442.248
480.045
384.825
597.397
-970.64
667.461
472.752
454.49
356.815
-811.305
1630.78
-1079.93
-550.853
-504.379
-280.252
-1026.45
455.501
348.087
409.67
594.909
-1004.58
-1378.56
753.563
-536.933
1144.57
352.466
-75.7698
412.271
-867.165
454.894
-1890.28
308.582
442.556
-727.814
285.258
-185.767
408.607
-222.84
-664.74
311.997
352.743
-677.139
322.349
371.277
393.412
613.296
-1021.58
754.153
660.261
-1414.41
438.797
626.01
340.643
393.496
-734.139
410.793
328.81
603.823
666.847
391.818
583.156
-1007.73
424.57
-1665.12
1204.77
460.347
1696.61
-539.172
622.369
-1147.77
525.404
-644.562
349.031
437.341
-936.483
499.142
731.701
-442.419
351.634
346.604
556.817
-900.781
650.374
-1253.86
603.488
355.661
735.241
-1225.12
770.05
509.381
-1279.43
473.3
409.175
-882.475
-501.596
-936.387
-306.787
631.057
352.7
542.567
-895.267
334.453
332.806
-502.176
1944.74
437.733
-848.095
410.362
-917.979
-806.662
-751.056
369.647
-1203.71
438.703
-1725.3
1599.1
126.202
1741.95
-1596.74
-145.211
-786.243
-596.708
268.469
328.239
-1746.73
1965.32
538.238
792.092
-1330.33
440.083
716.702
690.643
385.643
-1076.29
-87.0682
1617.16
-593.684
380.21
817.121
-651.898
327.904
323.994
-378.756
-298.641
553.675
-227.127
437.462
282.55
-669.77
387.22
267.452
-583.332
-284.949
442.5
-1034.33
591.833
538.035
1092.75
366.096
597.477
312.864
353.343
-666.207
1610.56
-916.696
1691.56
-1520.14
-171.423
-329.256
-825.245
416.153
857.661
-1068.15
-610.567
281.95
-1090.63
1628.66
-1573.69
-81.6917
1655.38
-342.098
-350.801
-370.621
535.588
599.862
-505.056
-30.9147
-550.111
510.618
-284.732
-225.886
1735.86
-1288.68
-628.206
301.274
326.932
406.786
357.271
734.899
-298.151
-399.19
-1741.95
1682.43
459.491
-1101.57
642.082
-44.4307
1647.82
571.592
476.497
-1048.09
104.746
1145.13
-1452.23
-18.7997
-1871.48
230.847
-601.789
308.475
293.314
-955.906
612.89
-899.86
470.003
-1129.09
674.108
454.978
350.037
269.264
-748.3
-312.547
1217.94
887.149
698.924
-1183.19
456.163
727.022
494.246
701.364
-1195.61
-358.389
-249.149
417.501
-961.847
438.442
523.405
21.2669
-1879.75
1080.75
-465.352
-486.551
557.839
-1378.4
820.562
-418.928
798.331
-405.522
494.565
-712.157
1724.77
417.826
-188.901
217.227
-174.401
-247.23
421.63
1895.31
-504.106
-1681.67
1052.09
-604.447
305.806
-1014.85
554.626
-314.117
544.23
905.458
-1449.69
-1104.32
438.251
-20.5997
-1943.8
1709.23
-677.238
-541.166
460.667
-1190.84
730.176
189.999
215.087
-283.105
766.876
701.853
839.315
819.424
-462.609
1085.5
-460.287
483.074
-196.531
-286.543
-1922.22
-714.761
-319.24
-644.607
-6.72742
651.334
471.636
-274.482
560.334
1050.22
-797.37
926.08
1244.62
-425.334
-208.253
-219.25
427.503
955.814
-888.648
-331.467
-1068.63
612.558
1552.27
-794.173
537.57
935.109
-386.118
736.535
-350.417
1130.73
-277.336
316.511
1349.93
-704.193
-223.34
448.286
-1198.9
750.614
-1007.37
-86.4585
1093.82
443.104
-956.809
513.705
176.167
732.724
483.457
745.63
-76.1182
854.519
-425.759
1182.9
-797.252
551.977
-1465.58
913.605
-1216.66
1800.97
-431.713
-1510.19
879.842
-1402.13
-294.84
-414.278
1457.37
-1521.41
785.891
1491.54
205.025
278.048
-346.976
-1725.3
-300.62
-1002.14
1562.47
-1756.16
1756.16
1554.69
-1004.58
-636.349
-329.873
368.506
605.565
-359.08
-355.438
-1389.94
897.487
1125.18
600.542
1202.99
1789.48
-1216.43
-605.339
275.105
1658.89
-1916.31
257.421
813.754
-1267.41
1545.28
-561.594
769.33
311.36
-324.894
554.489
795.651
684.696
1345.14
-205.696
-444.965
-343.548
498.958
-342.721
471.673
736.97
-288.428
-160.387
-318.517
566.093
-247.576
25.3209
-374.668
1107.51
-1720.28
-420.717
-475.88
-564.108
864.56
687.712
-1596.62
904.928
-451.631
-613.331
-513.197
1252.43
319.247
1723.62
-1702.35
-1655.08
1889.69
-1560.92
840.347
720.575
-351.985
-1793.72
917.672
582.75
820.099
-397.897
1794.21
-680.502
-400.137
670.623
417.777
-1088.4
-1099.09
444.068
753.578
-1617.2
473.17
901.274
180.511
-407.634
227.123
-1588.13
-380.27
-416.439
990.337
-666.503
1443.03
-974.956
1854.77
243.426
-545.322
501.532
-296.506
474.316
893.653
542.998
977.571
-462.705
-428.073
573.799
883.572
-1392.71
-40.9878
1566.34
-827.993
519.948
971.596
-1475.89
-1115.9
1764.24
-1243.25
-520.99
1206.23
-318.878
-887.351
-195.439
459.753
-264.314
-457.534
-251.829
436.434
-184.606
150.218
-399.367
1723.19
-1732.24
-445.887
-530.84
-903.677
449.711
-210.38
-239.331
636.858
-441.169
-354.206
-295.469
649.676
-919.716
360.595
-1167.5
676.617
423.937
-626.487
-447.367
1567.18
-852.134
530.18
-457.766
-571.833
-462.5
366.977
-356.761
-10.2164
-1085.69
404.6
-664.619
-1033.75
1698.37
-588.285
-1422.76
714.638
562.136
-1596.29
1034.15
-366.331
-484.497
139.006
527.691
-1258.62
745.42
539.212
1006.07
-2133.18
999.992
1133.19
-340.661
414.82
-389.705
-25.1145
1478.11
-359.228
449.547
1225.59
582.01
906.86
568.65
527.296
-1095.95
170.271
-426.756
-1678.76
266.815
1127.61
-604.786
518.406
1013.86
-1532.27
1092.89
-1643.74
195.028
678.909
536.503
-867.97
-1086.61
-173.752
432.704
-258.951
-587.401
-414.158
-636.959
-630.759
347.654
-1618.28
940.063
-476.676
217.008
-405.908
539.161
-308.315
-593.836
1197.31
-1257.05
917.595
339.452
-1025.04
-343.697
-751.737
-819.615
1684.18
-476.797
1792.25
-1578.96
-213.298
-1556.67
1018.77
537.894
-720.574
-263.117
447.013
-183.896
-581.571
384.101
277.639
-661.74
-523.76
975.327
633.711
-351.761
-1620.31
1050.54
571.748
1103.58
-1675.33
-396.968
-297.971
-366.769
-740.236
-455.351
-331.733
505.252
1558.01
-995.876
-775.841
1497.47
664.389
-310.383
725.881
1152.37
-1878.25
268.975
289.729
-487.003
-1930.83
1718.95
211.881
741.64
-474.766
-266.874
531.815
1060.87
-1592.69
366.977
-1719.97
-233.208
1752.34
-1580.72
1073.8
506.916
-1718.12
-1.85021
-521.503
414.82
1698.35
-1718.95
939.929
624.138
-1564.07
387.489
-221.323
-166.166
-393.91
-272.017
74.1329
95.4618
-358.579
-435.522
-433.491
-411.564
225.797
1510.29
378.747
-218.519
-417.227
467.383
-200.33
303.424
1510.81
1005.62
-152.539
-853.084
-1104.14
1704.8
-1728.71
1064.1
-707.017
-1021.7
-1265.09
1844.99
-579.897
1155.08
-1771.1
616.02
273.26
-878.432
1675.59
43.4638
-1719.06
-491.155
-1083.1
-1723.19
-983.104
555.032
1019.65
590.2
1133.07
-1723.27
294.677
-441.905
706.769
-384.419
358.79
925.213
680.098
-377.988
-629.737
582.872
1072.6
-1655.47
-396.13
-373.982
770.112
409.557
-1660.59
1520.14
140.454
585.777
-1045.17
544.741
1083.92
-1555.72
994.127
-241.084
241.545
309.442
1901.63
397.591
-88.8663
995.867
722.753
-1718.62
-697.585
1085.39
-1557.55
169.802
-572.4
200.251
267.132
-645.158
-558.554
582.425
1034.73
-711.339
-261.392
-1368.89
676.851
692.038
-420.009
780.089
49.3314
-829.42
561.495
-137.133
1557.23
-221.564
262.329
-767.842
-1930.83
1664.64
1039.73
376.462
290.109
441.593
-930.385
-991.835
-1767.27
640.016
1693.78
512.993
-474.129
1211.1
1087.19
-424.993
1030.56
-980.229
496.054
484.175
699.929
1048
-1747.93
488.802
479.95
-1494.07
-748.399
30.7965
782.62
-412.973
-880.892
394.341
-538.278
-803.258
632.452
-576.905
1397.47
1055.14
196.679
236.025
-550.596
1618.54
-771.093
1525.25
-1727.84
575.231
1152.61
547.268
-884.81
-1732.58
1916.31
-183.728
1721.75
185.272
-542.875
370.831
-275.369
-481.311
1211.49
568.27
1128.34
-491.425
437.608
860.455
-465.013
-775.46
421.874
353.586
1418.53
1089.65
-518.133
1423.06
-510.707
-533.594
1044.3
-602.728
453.551
-1190.57
1691.56
1839.58
-687.209
1585.49
-645.564
-1241.7
717.936
-562.284
205.206
-396.516
459.282
-246.596
-521.149
-1246.71
1870.94
-624.225
1173.6
-551.227
1120.3
-1659.47
1686.99
-573.915
-544.284
-549.803
1720.07
-317.677
-688.008
-473.279
1223.89
-1680.14
-1860.1
613.386
278.431
-928.922
172.12
216.799
-1719.03
1204.16
514.865
1162.86
558.888
-510.836
-465.365
1192.39
177.848
230.759
588.443
1251.14
-539.172
-1238.59
1777.76
-1025.51
999.991
866.791
-204.155
-1658.89
1702.35
-510.03
1411.3
-1732.58
-370.933
28.9552
341.978
-270.208
588.143
-317.936
57.4202
492.94
783.578
-375.88
1257.54
1271.01
-413.354
853.998
-437.845
1817.41
-662.325
1586.49
-1723.62
-412.774
-726.193
300.237
425.956
-558.985
-563.168
79.7293
-1138.82
-985.656
-669.388
1655.04
-943.71
-1189.47
156.994
-397.302
-648.949
705.554
1167.46
649.952
1410.39
-590.293
1636.76
1318.23
-572.814
-497.112
200.606
-503.263
1396.92
1240.32
-563.467
-999.991
895.017
52.2262
-947.243
603.45
-506.102
1403.59
1495.11
-588.248
-370.839
370.839
-589.358
1623.51
1239.74
-486.166
1134.17
-76.7776
1850.5
-399.259
1489.52
-588.375
-507.669
1348.02
-653.96
1218.84
-564.883
1554.82
-591.411
740.98
572.076
-1313.06
-648.955
274.856
479.484
599.837
-1957.3
-971.51
1586.49
373.178
-373.178
-75.8782
390.993
436.55
362.705
-3.80941
-347.044
878.464
-522.803
-425.443
816.436
-246.181
624.193
-438.446
1541.21
-444.338
-884.158
190.626
228.191
-418.817
601.166
1250.78
-1851.95
928.516
-458.513
-356.761
126.154
-1943.01
1816.85
-455.244
190.189
1181.41
-440.443
-740.963
-310.25
-570.641
-490.661
-389.705
-484.515
258.629
1158.81
-558.943
231.283
-387.125
155.842
-22.7278
-107.673
1376.06
-1268.39
34.5185
-599.189
-586.349
-454.861
454.861
-1262.36
1985.12
-1344.41
-219.183
-1823.47
244.508
-1025.76
-974.241
-189.074
-1636.83
706.44
1229.32
-1924.95
373.312
310.425
-683.737
-1850.01
1234.27
615.736
-562.707
562.707
-959.315
-40.0415
-1866.03
-558.129
1650.88
-678.107
1636.18
-601.447
-168.806
-1702.68
-588.279
-436.084
-594.77
-468.7
468.7
-1537.81
194.523
1343.28
176.298
227.795
-404.094
487.875
517.748
998.141
-474.736
1751.3
768.966
-425.667
400.552
519.636
1702.05
-594.543
-552.954
1636.87
475.356
1812.71
-645.252
-1803.74
-1938.08
-646.885
-480.759
480.759
-579.929
236.381
-683.022
1020.35
-465.725
-1070.42
-283.394
1579.58
1852.31
1635.33
-1635.33
-280.505
739
1761.48
595.781
1275.16
176.273
211.216
561.91
594.486
1603.52
-1603.52
225.044
-351.689
-432.961
463.811
952.862
-456.808
-640.202
-1131.04
1706.27
282.91
-1641.17
599.347
-290.346
475.617
1744.64
-592.038
-217.436
-407.263
382.871
721.186
1738.57
-613.391
-511.754
-775.655
1960.53
-870.45
-1090.08
1642.82
-707.001
1223.98
-1824.94
600.959
309.631
-854.952
-186.162
-106.819
1098.94
-486.378
121.282
604.426
-1640.02
443.67
596.911
-1803.74
-583.268
1787.43
884.768
-1162.94
1760.49
-597.547
1783.84
-575.516
-1208.32
439.587
927.755
-1732.24
924.895
-1506.11
281.832
1224.28
-831.652
-1254.23
-382.565
76.5482
306.016
581.703
272.432
1023.49
-447.938
848.562
-400.624
821.735
737.015
-1558.75
643.471
1066.22
-24.2961
-664.048
688.344
-1744.25
722.554
694.138
150.6
-1122.73
1936.75
-674.542
-1262.21
-537.173
1665.51
824.762
962.164
-1786.93
1227.87
683.304
-401.31
713.306
834.62
1029.36
-586.261
1761.48
627.099
1773.56
-1185.64
-587.926
-373.571
-313.156
686.727
121.443
-1185.74
1660.56
-540.262
-1437.83
1437.83
1250.58
594.412
1351.64
206.374
-571.313
284.4
-195.732
699.038
1113.67
486.541
-308.694
-870.648
-574.268
1734.09
-1734.09
1005.08
-1005.08
987.329
1025.17
-2012.5
1837.94
-613.959
-581.101
805.853
-947.847
-1052.16
998.467
690.19
-1688.66
-518.217
-330.32
-646.023
-808.418
2042.69
-1246.43
-613.671
1002.97
974.849
1289.77
646.98
328.013
1012.69
233.144
335.64
1186.27
1756.87
-1756.87
672.188
80.0573
-390.174
-997.049
-539.989
1674.16
989.366
1010.63
-1833.27
-225.927
-362.352
601.635
-334.819
1849.46
-1077.85
-771.61
364.108
-49.3387
-811.39
-1662.66
1662.66
913.032
1923.74
-648.579
574.709
-479.051
1708.01
-1228.96
729.788
1837.81
1146.64
-599.106
-576.008
1144.66
-814.125
-487.458
932.824
1106.51
399.218
420.206
369.22
1223.08
-1135.35
-584.931
-644.652
-1212.58
1857.24
-98.584
-264.224
326.553
-534.806
1250.31
991.653
768.136
-573.108
1878.05
-650.179
-381.845
659.484
1877.3
741.234
-555.183
377.098
-455.783
1449.6
-747.744
1172.23
588.254
-101.249
411.812
-310.563
-1244.38
903.912
412.214
1635.8
-710.589
1046.82
905.202
779.956
766.465
591.513
758.528
994.713
730.052
1835.8
-984.044
-851.752
539.133
-330.139
308.86
-308.86
-392.781
-677.386
292.966
833.487
377.121
359.414
1888.86
-659.544
1097.92
-24.6231
-772.175
1119.05
461.16
-1140.26
1140.26
1758.08
-670.889
739.795
452.592
-204.856
900.327
-644.388
1313.53
1200.57
889.247
1143.8
540.422
1096.45
-560.022
-84.5846
-1090.69
1115.7
635.967
-1669.72
1198.05
-139.355
557.793
-418.438
191.78
-608.689
1859.47
1075.16
-1075.16
997.217
604.55
-1601.77
633.106
651.721
619.294
1115.32
768.051
-666.98
1731.08
404.49
1061.25
129.5
1563.64
526.039
714.279
-1215.31
-717.473
-527
1914.11
-1387.11
1852.19
-601.614
1513.37
-1852.26
338.891
984.321
-984.321
1772.39
-682.745
52.8894
-500.152
404.068
-648.149
1352.92
-704.774
675.968
-622.397
67.2491
535.935
606.189
-1142.12
1485.62
-747.016
1026.28
-1026.28
428.239
-335.865
335.865
343.199
1148.56
-693.48
-897.027
1590.51
1233.4
1266.33
661.058
-1927.38
-1303.63
-708
1422.64
1303.63
-549.518
-947.087
815.204
131.883
1154.89
-1154.89
1174.12
533.888
1202.81
-1848.06
1206.33
-1061.36
1061.36
1006.17
1031.27
823.506
586.619
-1764.16
1177.54
1092.22
-1735.44
1054.23
-590.654
-499.231
1012.22
-699.414
585.935
1291.37
1686.01
-825.63
-860.38
1048.68
-1048.68
-196.084
373.528
-177.444
-775.527
362.554
-1827.03
624.337
1202.69
-769.374
-758.639
1528.01
-331.076
-313.826
644.902
1123.39
1655.19
-715.124
268.89
206.466
876.497
-876.497
849.544
1679.18
-1035.71
633.805
-1278.19
1260.84
-1909.42
1132.27
-1794.6
-276.134
-401.252
1921.9
1135.92
-1135.92
1236.19
-1850.15
603.132
-603.132
432.055
-255.432
-176.623
614.521
954.853
-466.051
768.438
1766.2
-848.524
476.885
-852.745
852.745
1238.68
-1079.03
1254.71
-1868.38
1267.24
-1891.46
1125.52
1546.38
-760.489
-371.237
893.944
-1871.6
977.656
-341.227
530.754
-860.703
860.703
181.329
-464.723
1176.25
-1777.97
1190.04
-724.98
-1025.63
1750.61
549.791
-642.183
-189.44
-329.569
519.009
435.011
303.796
541.82
-350.401
636.749
1289.48
-1926.23
845.172
-845.172
1125.85
-1772.74
31.2196
-429.983
1656.11
1205.13
612.648
-1817.78
381.5
-762.43
762.43
639.375
-1851.96
1243.5
1052.02
-612.428
-522.896
522.896
1222.26
619.807
-1842.07
1160.34
-1752.37
1123.23
-1762.84
639.609
564.195
-1367.78
803.58
1237.87
621.604
-1771.14
1173.59
488.16
627.885
1229.35
-692.688
-1368.11
1773.63
728.608
-728.608
1095.12
-1734.26
639.138
-831.073
393.228
-718.584
1717.05
247.833
301.22
204.032
540.375
1224.3
438.025
-852.83
-804.28
1657.11
-1166.72
-660.307
557.85
-1530.95
-632.197
1056.78
-676.565
667.412
-667.412
1011.3
-1011.3
-605.737
896.165
-721.041
1875.96
-642.567
-208.044
179.956
187.419
-367.375
610.801
1112.23
-1723.03
1813.99
-576.126
-719.336
1895.59
1079.44
-1772.12
537.127
-354.854
-528.515
528.515
173.675
196.989
-370.664
1835.96
219.303
147.078
-366.381
-293.437
607.46
-607.46
-1215.66
1767.92
-552.256
679.698
-403.881
448.753
-222.956
211.434
154.29
-365.724
1802.69
-1817.28
-1745.31
1131.92
545.517
-361.912
195.721
176.199
-371.92
-1685.18
659.666
631.035
-631.035
562.741
516.042
-324.262
-2087.45
-1193.44
-675.752
1878.56
1134.41
-1721.66
-1230.66
622.261
1707.23
-1091.21
-1170.45
196.754
176.269
-373.023
-586.605
586.605
37.3124
680.081
1092.97
-1773.05
1131.21
1074.32
-649.747
289.633
742.713
-742.713
-1441.48
569.564
871.912
1083.42
-1677.96
1810.55
-604.224
401.924
-715.787
-1640.7
1039.25
-598.599
1796.64
270.163
569.435
-569.435
1633.18
-897.305
438.792
-714.704
714.704
-1097.05
-850.319
-418.208
188.452
186.908
-375.36
653.196
-1301.34
-492.336
-1654.11
1069.18
526.818
564.983
145.861
218.961
-364.822
-1204.09
1805.05
-608.575
-1280.4
-778.36
1600.09
277.76
518.792
-282.741
628.125
-628.125
1792.31
1497.75
316.244
-624.149
624.149
689.902
-439.213
558.338
-367.08
-208.379
477.269
-515.37
207.056
693.386
-461.036
-722.216
340.371
-1659
1118.74
1091.1
809.482
-541.15
1451.84
-1557.4
965.986
1003.08
-1672.46
610.894
1106.23
-1717.13
-1587.01
1023.21
621.124
-621.124
1223.54
628.762
-1123.09
1078.13
-639.429
703.525
-428.55
-1486.31
898.061
1034.07
-1627.76
-1183.3
-580.866
1954.8
-1001.46
526.726
982.275
-1627.84
-167.9
-554.316
1603.54
-17.0535
-668.743
1209.59
-1885.34
551.71
-1681.14
1101.5
-535.022
312.424
222.598
556.967
-1183.45
1845.15
-1528.76
958.491
-271.749
-239.727
511.476
232.241
-457.147
-384.492
1450.71
-746.33
-823.514
1569.84
740.653
-1839.79
1099.13
-304.003
485.332
-1922.59
1947.39
-1947.39
-1799.47
807.634
1881.13
-649.504
184.629
-420.145
-536.664
-347.454
-880.689
393.341
-589.707
1956.88
853.181
-491.748
-361.433
-1664.61
837.303
-1839.44
1033.7
730.532
1836.09
-283.663
1669.25
1787.52
-586.951
-1627.69
545.686
1082.01
870.539
-1616.87
-605.957
-667.72
-131.801
646.755
-363.845
155.633
411.279
1034.72
408.706
-1443.43
1675.31
-543.395
-562.552
1628.55
-1705.32
916.938
-479.329
-1103.08
616.704
-26.4832
-1412.05
1630.61
-524.378
-1435.35
861.081
608.779
-1679.32
1070.54
1671.41
-587.988
-1286.92
-689.762
1919.11
-1621.18
-14.149
-368.997
-1799.18
604.608
-1180.62
-1468.07
879.696
-502.173
923.029
771.19
-1694.22
992.051
-1412.01
419.961
-64.3549
-246.463
-169.108
-1354.52
347.159
233.815
-925.06
529.331
-1515.88
746.508
-1583.9
789.73
-1115.23
2009.17
59.2142
-607.292
1772.83
942.322
151.594
-1819.47
1169.96
-625.588
433.141
-445.299
1072.4
-63.0961
-1100.13
1163.22
-481.474
1222.45
817.371
-1636.99
201.271
1196.71
761.062
-1532.16
159.456
1670.45
597.997
-1514.69
929.819
-1519.53
-555.816
224.74
-1399.52
913.35
449.082
-109.633
1198.21
-577.775
398.98
-712.508
1376.66
-664.151
-363.687
531.519
-336.984
-502.241
777.097
-1372.76
808.258
-460.284
-703.409
-368.622
-462.452
1853.06
-1066.74
-656.296
-631.411
1870.09
-1268.39
448.692
-1240.07
799.623
-924.875
861.779
-1302.9
743.913
-837.916
-237.818
-708.904
294.625
-487.756
1209.69
606.625
1026.56
-6.88679
598.768
-117.144
393.158
-224.598
455.357
954.2
1065.45
183.471
-1414.28
823.99
-749.087
-1129.21
388.246
-1338.38
765.563
-1577.86
749.863
1264.18
466.44
-230.415
-732.131
1304.21
-1082.92
-651.343
467.668
-337.876
14.1228
994.332
-1119.82
125.49
648.159
-691.652
224.155
-1744.22
-739.184
296.765
-242.345
1087.22
534.853
309.024
-843.876
-595.358
-779.862
343.778
-468.446
-23.8979
1443.69
944.598
252.362
285.604
-537.966
-686.078
1787.58
-78.2468
-419.19
664.482
186.632
356.138
283.878
-595.934
1676.9
1379.38
1828.96
369.396
1079.63
-1765.71
795.14
677.681
-1472.82
-1502.97
1095.01
-1061.53
1709.69
-651.679
315.448
-791.971
-557.337
-980.457
1537.79
-1036.74
224.979
-349.376
1064.36
-1521.5
699.292
-1496.37
-829.075
552.309
276.766
-582.397
541.304
736.523
1112.94
-1668.22
1668.22
-598.906
807.003
1147.16
928.844
-1527.75
-604.82
-950.461
-420.74
-476.565
-279.366
621.077
646.949
-1405.45
-1572.4
720.264
865.635
-1624.27
636.836
741.597
742.13
-1509.97
-485.154
1390.36
-737.182
-509.938
1247.12
-1252.54
689.071
933.851
-407.726
584.551
-1305.13
-1379.38
-1338.18
612.231
725.95
-575.787
626.298
-1271.32
-682.099
746.644
-418.631
808.21
531.091
685.307
416.811
-1153.99
334.094
464.93
-799.024
-426.486
-114.533
876.33
-1591.45
1663.39
-158.559
-1053.26
-626.058
367.101
292.383
1654.69
-556.765
1476.12
-578.059
501.825
645.569
-1509.81
864.24
-1230.81
665.932
-1217.22
-492.712
1119.01
1168.66
687.679
-1197.62
737.874
-1727.48
833.315
471.412
1011.23
-470.855
-179.014
-1052.58
-256.351
426.622
-473.576
672.085
-1569.11
-1181.54
517.488
1034.95
685.846
-1178.56
-601.862
-1631.19
-0.344151
371.175
410.614
-902.016
1526.15
335.521
793.956
-416.858
5.61894
1574.41
881.73
-345.083
326.353
18.7299
-470.322
1238.37
564.522
-1048.05
483.526
-335.521
-21.2399
537.016
-1068.85
531.829
1179.49
-413.026
347.956
-749.265
72.5723
940.566
437.821
-222.735
-500.271
-1078.11
-1192.14
640.909
-712.973
-1591.78
-658.281
799.364
606.99
871.675
-1478.66
1037.64
-1085.27
1660.55
-621.3
-480.188
-304.997
1133.59
-298.322
362.418
-383.057
20.6389
-734.483
-592.806
-1398.5
785.168
-976.028
-625.739
-46.5385
-14.1055
-231.581
465.585
-1114.54
261.774
-284.392
22.6174
-1092.14
-589.001
-679.066
591.351
-1150.29
-192.887
361.057
-385.767
24.7094
422.35
385.86
-1097.44
-588.618
810.539
430.891
-494.734
917.381
628.464
-1545.85
885
220.829
865.705
-437.466
463.73
517.011
518.801
-1035.81
587.893
493.287
-1081.18
687.789
606.026
803.779
-1409.8
970.025
1095.97
-630.382
943.822
646.685
880.186
-39.2869
579.71
-1102.98
318.83
-346.015
27.1851
464.87
388.312
-376.833
341.249
35.5839
1112.49
516.259
-1015.49
-1625.13
864.642
1419.89
-759.633
-408.667
367.271
41.3961
1098.62
-694.021
203.8
-1073.11
1712.24
324.916
-368.858
43.9419
1477.82
-598.123
345.419
-391.385
45.9661
-628.57
264.725
-418.849
374.365
44.4849
364.009
-404.453
40.4432
363.195
-397.233
34.0389
419.661
-437.361
17.7004
-415.534
423.421
-7.88743
419.343
-404.893
-14.4497
399.308
-378.922
-20.3864
396.212
-371.244
-24.9679
382.774
-354.225
-28.5495
-370.068
405.288
-35.2199
384.084
-347.739
-36.3453
361.652
-325.009
-36.6431
-394.099
430.7
-36.6008
-20.6656
-803.285
487.687
-154.389
753.354
-684.017
472.654
519.48
649.511
-1458.2
808.689
-594.465
-648.003
427.806
388.63
397.413
-381.264
334.761
46.5033
367.393
-754.139
386.746
125.149
1571.39
-605.4
-1292.68
211.241
-558.217
449.644
-929.838
480.194
540.486
401.737
-839.662
437.925
1686.86
-742.266
1500.14
-876.441
-1587.8
-786.131
1763.45
-672.353
486.109
-951.46
759.913
-1354.38
1112.11
1568.37
509.451
424.4
427.038
341.313
-388.128
46.8152
-895.406
461.915
-363.715
397.244
-33.5288
-754.82
-575.388
503.874
640.784
-417.142
-576.57
1646
-575.463
491.523
537.842
505.438
-1019.34
513.901
-1537.45
1173.76
-677.984
1670.03
1127.86
-602.452
-319.804
-379.822
380.177
-0.355745
-289.817
429.16
549.545
-1040.21
477.022
1178.86
-550.825
-545.12
-312.487
347.172
1058.01
-366.509
-635.62
-534.832
510.206
-1060.13
549.922
1425.19
-601.2
1401.11
-500.783
502.554
-982.742
394.481
-363.17
-31.3106
197.805
-877.281
-670.693
1469.12
351.991
-814.937
489.49
-946.298
1821.4
-950.86
-720.382
293.626
545.506
589.905
655.724
-1245.63
681.906
-1431.83
749.923
1074.23
475.452
-908.413
734.032
618.891
-504.533
1417.56
-1770.06
1502.84
267.217
282.73
1453.29
-1016.01
1489.74
193.43
-674.299
233.13
446.372
-863.514
-646.333
-1109.12
295.993
1120.58
-173.258
1289.8
-600.73
-1600.41
1098.24
1921.08
-1110.5
-810.574
-577.616
845.275
1042.09
426.646
-827.271
-799.497
-1122.62
-647.564
-500.362
-393.117
-1342.29
-231.399
309.226
-581.808
214.865
422.057
-831.212
208.538
-608.675
858.097
-1806.53
-838.856
191.555
182.785
-374.339
-921.42
456.29
-1098.19
895.423
1018.25
412.945
1415.94
-1518.34
703.581
276.159
784.904
1378.8
570.585
-1184.34
613.754
465.703
-847.257
-890.882
1880.25
-451.7
179.951
-557.468
1121.99
211.603
621.604
691.928
-206.285
-397.151
603.436
1582.8
-1007.3
-507.967
1148.75
306.349
-270.216
-36.1328
628.2
-1241.45
-824.877
320.264
504.612
-1122.93
-1621.19
778.999
878.111
646.253
725.034
207.529
311.951
149.082
-519.953
370.871
547.394
-298.571
685.423
-1166.9
531.178
408.661
-784.542
-784.338
-625.467
18.0425
1584.32
-984.974
-816.107
969.013
1529.1
-852.09
-677.007
353.924
-693.818
339.894
-540.015
1298.54
1269.38
200.593
209.218
-1053.99
745.198
677.44
-513.278
162.877
-464.188
254.852
209.336
203.495
1469.12
386.314
-738.003
650.979
958.544
-1515.88
201.185
333.946
330.17
-664.116
1189.44
-598.09
368.046
701.183
-360.351
608.184
1282.79
470.846
-936.322
465.476
537.652
536.428
-1074.08
679.27
-1419.51
897.763
-451.854
-597.092
1679.1
-577.019
1759.77
-1182.76
-629.368
269.017
1507.27
-769.392
-353.642
889.573
299.644
-910.59
-384.593
676.976
823.328
-736.732
1277.33
436.867
-898.251
461.384
-1063.18
-756.291
-760.22
-1063.24
-975.037
-713.62
599.853
-599.853
-7.60709
-727.624
528.706
-1509.16
813.666
203.484
398.228
-756.087
357.859
655.336
873.76
-1280.84
1809.54
-873.106
1659.05
-716.732
1267.72
-849.416
465.366
-241.211
1402.47
318.147
-600.842
282.695
-1070.48
602.035
-934.789
1534.63
804.117
-131.719
-460.142
848.773
420.631
431.257
-396.102
-35.1543
-1626.25
778.996
-536.378
169.298
1616.43
-866.564
1122.93
17.3293
1523.66
-644.525
-1127.47
-405.48
-553.433
-841.533
-1678.68
1052.62
502.943
-616.902
113.96
-250.327
339.611
-751.703
1834.94
15.5335
291.138
-604.964
-1523.66
-138.998
1093.92
-680.009
-413.914
-727.859
-117.313
583.581
268.246
-729.282
-591.141
1768.68
389.554
-738.387
1802.75
342.969
-845.21
270.212
303.985
-574.198
-331.836
359.872
353.434
-1377.14
-421.743
236.839
228.527
811.197
-1092.11
452.68
1075.28
-45.3093
-575.558
1157.34
-552.736
-938.94
-428.835
-472.147
-804.232
1276.38
-611.58
66.937
254.531
-231.233
-935.789
1346.7
-410.909
-493.252
-683.972
1296.2
264.971
-522.916
257.945
618.785
1390.39
604.992
-1526.41
1152.16
-812.704
-462.04
-546.173
298.348
-328.293
29.9451
-520.051
-264.02
-16.3081
-628.049
-1197.86
736.787
461.07
-577.337
1098.19
-665.742
1391.69
-587.381
269.445
1619.67
-899.409
727.859
34.5706
-61.9787
251.965
-491.692
801.49
-509.782
909.701
628.093
1022.64
-449.515
756.823
-1370.58
673.795
-248.369
1050.78
-654.511
1154.12
-380.414
340.373
-562.378
-891.066
1597.51
751.703
1730.9
536.424
-329.369
-519.553
866.135
-498.742
841.083
620.217
358.52
-324.541
-33.9798
707.852
-1580.96
-394.724
970.133
-636.585
-834.955
-743.884
365.914
-333.397
-32.5168
-444.558
-483.097
-606.561
370.274
1076.91
-613.179
838.929
-495.151
566.795
-418.609
1305.93
-1668.6
683.622
-1797.53
611.825
-530.858
493.67
-839.207
345.538
235.32
-546.382
311.062
-763.741
393.727
-345.097
165.737
550.796
-283.37
-458.697
1146.38
1092.5
-665.457
-587.833
-452.916
366.014
-391.998
25.9841
-489.545
203.254
442.748
-180.836
-315.797
-303.749
746.193
-1051.19
463.541
929.944
1026.94
-424.57
356.671
331.836
486.255
1030.92
531.453
852.406
1068.67
806.453
-1452.58
646.125
461.564
-1259.29
682.718
-205.807
-258.381
132.01
-384.079
599.001
777.658
-593.356
-172.642
207.257
232.183
223.174
1637.8
-465.87
-717.584
-326.157
351.927
-25.7699
1145.75
-431.47
-714.278
440.349
-400.701
262.272
411.522
-572.76
494.189
-702.097
1124.15
180.772
648.317
1399.16
-1204.64
693.021
-390.759
139.981
-192.383
-662.949
607.132
505.246
-309.705
1101.46
-642.128
1107.83
-494.652
1180.5
731.447
-641.285
354.633
-23.8091
1509.64
-768.041
1653.71
-994.046
1370.58
-1215.14
264.02
-74.2485
602.525
-782.015
-776.735
-411.344
1244.66
-39.843
-513.936
-264.813
-1190.77
-591.67
734.817
-270.951
893.722
-454.929
-351.608
181.184
238.057
582.367
-234.906
-269.336
1230.84
-590.316
-539.87
583.176
-656.725
251.763
69.3974
362.488
-331.416
-31.0715
216.81
-1070.66
767.224
284.836
-1002.42
352.06
217.067
-569.128
626.98
-225.418
679.82
-454.403
-742.181
-378.492
-1025.26
496.989
449.685
-1151.78
-847.539
337.757
-83.7505
192.152
942.578
-23.4392
495.975
-1138.1
1778.85
-897.124
-41.258
17.2902
11.5302
13.9131
614.942
-478.649
128.764
-729.855
-436.377
-623.752
-481.146
749.392
-456.921
-962.747
-1196.95
-91.7345
-433.578
733.222
903.957
-423.763
173.35
-369.434
-6.89967
780.816
800.704
435.983
-332.955
360.282
-27.3266
-466.022
-608.215
241.706
-648.426
311.842
682.583
-238.737
307.187
1146.8
41.5733
-518.899
646.407
-1593.39
946.98
288.46
196.872
-385.663
547.847
-344.362
229.815
-663.393
-420.077
197.342
-249.798
-228.957
918.714
747.931
208.09
310.919
-952.136
530.97
-53.3675
289.803
-735.69
-668.126
-974.601
822.062
-1220.64
-899.474
295.951
-504.201
161.303
-366.792
-428.282
889.671
-339.748
-486.33
691.85
67.9984
400.701
457.028
1154.34
-705.149
40.2563
-374.88
643.897
-503.073
-630.718
732.724
-433.059
1209.83
-310.599
293.581
17.0181
1779.08
869.212
516.167
-315.574
858.498
-1428.1
-1840.32
856.279
741.909
-343.843
1603.54
515.205
125.538
-163.012
-189.84
352.851
1695.66
701.657
-1365.81
1686.62
-732.419
1036.76
-42.4255
1216.92
34.0735
290.85
-705.008
-232.445
-349.04
280.248
-763.344
1020.05
497.322
212.878
-629.316
-701.254
-137.526
1191.07
-246.035
-280.021
-187.904
-166.482
354.386
-1032.39
-226.582
-689.781
-598.001
-1281.46
505.801
-556.708
-1238.2
1091.23
739.224
-342.877
-64.3861
347.446
-318.141
-29.3049
1770.05
-496.328
135.682
-366.097
-87.7507
-429.533
935.39
-628.732
476.645
531.741
-604.421
-61.0256
305.267
-115.168
287.119
163.577
209.951
-1154.34
-411.279
-191.038
-165.827
356.865
-757.613
-805.877
-378.462
-71.0059
-903.595
-1104.45
-1464.13
-535.886
-1464.13
1466.38
533.619
1466.38
349.04
-323.598
113.223
1034.72
724.527
1264.3
-1114.98
-466.672
-838.453
-435.63
-841.88
-228.212
661.173
-373.61
306.738
-1751.99
-450.578
27.663
-368.765
737.349
-578.984
417.212
-642.629
-461.421
635.394
-418.326
-1114.32
-725.462
648.376
-1685.12
-772.999
-685.201
1679.6
-507.791
238.456
1056.43
-563.037
-101.011
-105.251
-1445.15
567.868
1566.02
393.285
-1419.46
-442.064
-1398.47
263.088
-1020.22
459.127
444.83
1009.55
-863.401
-165.511
-199.367
364.879
-1292.68
-338.292
447.018
-232.153
-791.309
-399.263
-591.365
1486.79
689.056
346.917
-750.921
442.248
1099.61
-686.666
-823.884
-611.084
252.004
-642.87
-33.7494
-479.293
1222.78
-875.62
1459.56
-382.469
-371.714
711.254
-392.007
-894.352
-854.043
-427.446
501.426
-337.623
-157.503
495.126
140.408
405.59
-448.782
1410.95
1572.9
-603.888
-612.828
1148.76
-969.862
263.877
-311.373
-422.278
1100.06
-525.55
-223.715
947.163
-420.779
-159.923
374.046
757.613
-1342.41
-15.1302
-477.205
-264.312
264.312
-331.127
-424.96
931.896
-614.108
1296.83
-427.443
-510.082
-1585.98
807.906
-334.391
-365.024
-1193.95
1177.07
-563.32
185.837
418.066
-894.631
-724.076
232.453
497.533
-288.197
-631.242
-456.973
-196.469
-176.367
372.837
-819.728
-172.719
-197.55
370.268
-200.806
-167.112
367.918
-283.289
35.7308
928.133
-1503.83
378.279
-190.86
220.279
-992.455
1045.56
-500.054
-694.561
-367.228
1061.79
941.334
-204.616
-170.5
375.116
-372.144
406.217
1336.84
1660.24
1282.79
-1458.87
707.949
187.008
464.326
100.057
-364.369
425.837
-308.441
790.323
-432.464
461.218
-696.096
-605.249
-466.336
122.193
481.499
-53.4347
-450.778
-382.72
-651.139
-1570.17
770.676
-206.005
-171.051
377.057
-889.014
-512.141
1610.38
-1500.56
-854.43
1129.99
-1175.3
1597.39
1047.09
-818.799
-899.822
125.514
-613.588
1671.6
884.49
912.881
682.096
-274.469
877.193
-349.645
-269.122
-361.772
715.206
388.185
580.504
601.472
534.294
-333.109
721.83
305.774
1575.42
1374.09
-431.51
318.552
-367.248
-695.108
-37.5819
123.931
-883.077
373.045
-791.177
941.979
817.795
251.763
-260.171
482.769
262.157
-574.38
784.696
217.456
219.464
205.763
1558.99
48.3291
905.88
-954.209
474
-403.763
189.882
-1100.57
476.82
55.3014
820.652
908.729
-188.653
-196.002
-373.126
-356.634
-490.905
-611.401
259.794
-929.602
460.688
-468.101
-341.957
41.3734
770.023
-455.839
859.707
-103.644
-454.573
572.939
886.624
357.828
-162.366
280.316
932.389
602.237
53.3363
310.944
268.321
-1218.41
466.336
-865.625
575.581
290.044
1688.69
-431.031
-306.966
269.988
-403.401
977.647
123.67
336.604
1220.63
1514.48
-650.238
-679.905
708.154
-277.82
820.04
-542.22
-682.025
661.359
-362.064
822.025
374.112
605.766
-362.033
-1343.02
1038.86
-257.099
1857.44
-681.667
210.095
530.866
-185.681
703.428
-319.755
247.578
-1100.13
411.585
-1356.55
1339.29
406.316
-210.353
-168.243
378.596
-783.881
-1623.23
-894.574
183.058
28.4761
-630.867
991.463
1190.77
-646.863
-732.223
-674.802
553.578
497.138
496.447
-1199.86
932.518
-253.478
1174.5
-532.724
777.7
-1288.54
1098.68
-99.8908
351.654
-595.83
1376.65
215.574
-614.422
-901.46
375.903
1191.52
219.729
208.631
18.9715
-922.945
907.756
-972.111
-252.902
291.501
749.119
705.087
1147.49
347.532
-660.998
-333.942
-304.184
-293.28
-699.933
-450.787
566.808
-387.867
-36.6083
83.3784
-44.5481
-737.561
308.028
-1308.83
282.765
460.94
684.584
-1145.52
-1091.21
-359.27
-399.834
-1009.55
-1136.79
-1513.28
615.492
-297.38
-1103.8
-356.643
-374.597
785.01
382.641
-1069.31
-36.978
343.715
292.408
262.68
597.268
-998.095
305.929
-419.686
354.754
-227.668
-402.649
-207.276
-1508.77
282.76
-1508.58
-1457.74
-224.653
1076.36
16.0301
-422.787
1036.5
-505.048
-659.859
1102.61
813.008
372.243
-766.967
649.732
-254.612
-388.258
-415.714
-545.642
1031.9
369.188
-210.978
-158.21
-316.983
-788.02
-406.205
1194.23
1914.37
42.1407
353.332
164.695
-526.766
-312.442
257.348
355.839
-153.125
-202.714
-385.466
162.627
-378.192
418.449
-393.114
765.358
648.347
440.625
-421.654
-337.934
-102.725
-905.259
341.394
-238.064
-793.177
636.946
502.697
1152.68
1019.92
-1143.16
810.512
-541.646
-89.9641
1541.99
-566.795
1097.77
-357.52
1648.12
-98.4447
-229.849
316.66
921.342
415.84
-1366.7
-327.81
-1414.15
1314.15
-632.059
708.906
-1333.18
683.922
370.339
-426.616
-616.689
-528.088
486.516
-203.215
-993.635
-830.476
303.71
1100.29
1510.97
1003.07
228.914
475.209
28.0249
447.987
536.805
969.987
544.758
-327.948
-297.914
1518.96
-173.707
888.381
-1353.8
956.085
439.659
-605.925
-190.815
-491.209
322.268
-591.821
1131.07
523.803
-316.546
291.075
433.518
-293.109
240.146
-433.895
-107.281
-794.829
361.426
-600.839
-494.205
417.072
-1013.09
197.886
998.023
508.29
776.744
364.472
-241.267
-414.41
1530.85
-737.42
-480.99
20.138
-727.238
1144.86
-1708.89
1154.68
-187.763
1322.86
288.898
-366.317
-174.371
585.893
-321.146
464.226
1517.19
-148.11
319.535
-539.8
1391.74
-1169.35
-1305.22
422.264
403.497
-967.378
114.294
-364.662
355.508
-380.983
461.033
1057.93
-563.62
-559.721
1203.57
-1181.91
486.503
310.199
-1189.4
-1272.2
-230.644
97.8103
-481.008
315.293
-743.239
301.175
-48.8743
-609.734
418.919
-376.506
264.401
-171.858
-899.772
-473.076
-368.304
1120.03
-377.666
-298.247
293.517
379.588
426.899
-535.127
267.636
1632.56
-1575.08
-319.018
535.387
-92.8364
-713.912
294.849
38.599
-1090.13
-419.033
-869.357
228.072
983.078
-330.092
-958.445
-331.245
-26.4272
204.083
-713.353
760.334
-681.67
477.012
-172.543
-230.186
402.73
-308.409
48.9369
-357.63
973.958
998.909
-404.706
195.004
169.469
-651.2
242.668
502.308
-541.595
1080.36
216.525
-381.404
1104.9
-618.387
-278.339
298.735
143.774
-1671.48
366.362
1325.68
194.716
75.7235
8.54862
-430.925
190.012
1473.76
183.536
-800.149
429.755
-1532.94
1544.25
275.117
-158.761
-440.428
-189.528
1107.29
173.564
-294.618
283.745
-326.548
632.322
643.994
294.609
-628.532
-965.007
176.898
-171.937
577.132
-336.27
655.804
327.396
316.501
-753.778
1186.86
32.8313
326.564
-480.508
770.272
308.748
718.29
354.258
89.203
-625.838
909.499
330.203
-435.211
284.504
246.674
-953.721
-189.443
15.4933
-164.458
1500.56
-285.839
1320.49
-188.528
362.092
333.345
-1135.8
403.377
-798.681
363.471
-340.788
-677.996
1021.09
655.802
-487.485
-741.839
245.511
375.485
289.731
-311.419
-169.394
359.406
-559.3
-986.179
694.035
177.078
-607.858
-149.689
-761.229
-440.665
-109.218
-858.16
-136.553
1051.92
507.873
1711
-619.77
-83.7301
395.631
-648.888
-173.664
-167.124
-498.817
-150.744
-1460.82
404.718
-223.874
-285.655
-444.664
748.374
320.278
531.562
596.024
-291.118
563.915
224.882
996.634
-778.914
1283.59
590.484
390.71
-314.987
-545.062
-24.3625
-430.21
-1012.81
29.1597
-362.004
-382.831
43.7828
-357.922
-775.056
77.4037
15.6828
119.764
1109.88
-522.446
-133.122
804.613
265.288
-345.548
-976.772
627.637
-379.395
285.521
804.388
342.937
18.837
-427.924
-257.179
1441.33
482.89
242.799
-96.2274
1206.11
-191.05
-185.456
368.23
-862.477
-203.614
192.194
172.468
-330.679
1380.33
-488.87
-156.522
-140.689
50.0082
12.2324
-209.45
197.218
-57.3207
60.0766
-2.75594
-334.393
185.625
148.767
311.516
-34.0327
-277.484
-204.164
228.923
-24.7592
26.788
168.414
-195.202
-12.7458
-24.4148
37.1606
120.877
-27.083
-93.7941
244.31
-232.078
16.5913
-220.755
343.766
-194.482
-149.284
369.458
-376.174
6.71634
56.3588
-37.2098
-19.1489
261.318
82.4483
-258.122
319.131
-61.0093
-167.158
168.736
-1.57832
440.689
-185.103
-255.586
-258.018
164.189
93.8284
-73.4394
211.662
-138.223
346.471
34.2338
-380.705
-454.072
438.052
16.0201
-64.744
-110.683
175.427
-45.6857
-1.46737
47.1531
-121.266
148.054
51.4635
271.39
-322.853
-202.899
-22.6777
225.577
292.877
-412.513
119.635
-69.7764
285.404
-215.628
-22.1278
-9.81738
31.9452
77.7946
130.542
-208.337
-56.7741
63.3192
-6.54512
-56.7261
63.2775
-6.55149
-56.7347
63.2955
-6.56082
-56.2848
63.2793
-6.9945
56.2171
-63.0198
6.80265
-56.2846
63.2745
-6.98998
-305.609
235.833
-31.2477
226.511
-195.263
-84.9098
58.3532
26.5567
177.772
262.917
-359.144
322.789
36.3551
-30.6024
8.47458
-40.4414
-1.96845
42.4099
38.8166
153.904
-192.721
10.9964
109.881
357.142
-305.678
61.8938
-279.382
217.488
273.622
-288.556
14.934
145.467
-196.052
50.5847
-7.20688
69.4264
-62.2195
254.843
-216.026
190.31
19.4832
-209.793
-147.721
-145.823
293.544
-28.3388
-28.9818
167.205
-198.453
83.3885
91.1657
-174.554
275.522
46.4408
-321.963
52.0353
-64.7811
106.477
-124.068
17.5905
-51.0822
-33.8276
-212.032
44.8741
-59.2888
49.7183
9.5705
307.805
-34.1831
130.137
-128.776
-1.36129
-0.150611
-165.347
165.497
349.783
-3.31148
-129.263
129.263
-273.592
-21.6158
295.208
21.245
107.633
-128.878
-133.467
-3.85805
137.325
-260.776
-91.5081
352.285
-276.689
18.5673
320.249
-8.73262
131.715
5.46778
-137.183
132.978
4.43991
-137.418
131.668
5.38789
-137.056
131.681
5.37729
-137.059
133.972
4.48855
-138.461
132.977
4.43268
-137.41
-42.9297
2.48823
-8.11116
-37.5746
30.6484
146.17
-176.819
2.2208
40.1832
-42.404
-293.072
145.351
179.749
-179.9
-35.3272
-154.237
189.564
-170.122
200.77
383.178
-90.3007
27.1007
4.04481
-31.1455
-77.746
-180.272
47.062
-41.9792
-5.08286
-431.933
321.682
110.251
-254.73
220.697
302.107
-282.329
-19.7783
-224.134
286.028
-50.9097
349.076
-298.167
-199.938
252.382
-52.4436
-313.013
115.918
197.095
-245.396
-88.9973
-64.5647
71.2929
-6.72823
-69.1142
12.3401
65.9427
-9.72557
-69.1089
12.3828
-69.1651
12.4304
-66.7423
10.4575
-66.7141
10.4295
-260.865
341.546
-80.6809
-58.6422
248.952
-204.068
313.714
-109.646
172.862
-402.812
229.95
443.26
-161.566
-281.693
21.6144
-21.1094
-0.505066
45.4849
323.973
-159.294
189.709
-30.4143
87.6724
93.1383
-180.811
26.0235
-5.70197
118.74
-113.038
-152.574
-55.7959
208.37
13.5515
320.212
-147.35
-49.7342
137.407
31.9535
-34.6606
2.7071
-67.5985
3.03379
226.611
-256.876
30.2647
-55.265
-4.02375
200.935
-117.547
38.1895
8.87254
-18.3226
2.33391
15.9887
19.2313
181.704
-246.489
307.448
-60.9584
231.423
-77.2222
-154.201
43.7055
-11.7519
-184.286
369.717
-185.431
148.737
294.523
60.726
69.4115
98.5667
-172.006
-403.572
352.662
-322.845
204.6
118.246
209.273
-158.16
-51.113
-169.453
-31.0289
200.482
144.862
-144.862
-260.865
205.593
-351.416
-27.8119
120.95
-59.6369
80.8819
-58.6692
65.3882
-6.71893
-59.8188
66.5003
-6.68154
-58.668
65.3887
-6.72067
-57.4293
64.3536
-6.92424
-59.8152
66.5238
-6.70862
-59.8265
66.5341
-6.70763
-15.829
1.51194
-327.094
325.582
-96.4111
-32.3651
197.787
-234.788
37.0011
-181.205
116.461
242.519
-277.846
-54.995
-50.5827
105.578
0.82949
-84.203
83.3735
-343.2
-15.9439
250.364
126.949
-377.313
13.4167
131.446
289.986
-14.4642
116.291
-300.577
-397.091
136.314
32.1491
27.9275
250.849
82.3341
-333.183
84.8957
-359.253
274.357
56.1248
-280.259
-368.42
47.1692
321.251
16.3942
-102.78
353.629
-15.6451
67.6804
-19.8941
1.57154
32.1555
235.277
-267.432
36.3141
20.0447
-3.39077
-270.15
273.541
-119.577
-9.68538
225.337
-400.791
175.454
-18.6374
-232.549
-132.273
-245.928
45.9895
58.1441
-64.8845
6.74044
-255.373
-118.966
7.53636
14.0781
-75.4273
-159.762
235.189
161.591
-83.7965
-5.39556
135.585
-130.189
-120.791
211.957
-59.2073
-48.2957
107.503
-43.1881
0.563317
42.6247
-159.556
-252.956
176.263
20.0881
-196.351
-312.609
-141.463
-188.424
110.05
78.3745
240.555
-13.9432
-305.544
101.476
-43.4632
284.557
-241.094
-364.965
179.862
-164.586
-14.2247
178.811
-164.265
-16.5462
-97.581
21.6025
75.9785
-309.005
252.182
56.8232
44.6187
-203.913
79.4623
-84.8579
-97.2573
81.6122
142.991
27.3399
-170.331
-269.028
-41.7247
310.752
-274.83
197.123
77.707
44.5325
-187.209
34.6355
-161.331
-7.14577
168.477
265.666
-209.542
-266.834
102.539
164.295
269.305
-115.4
-171.406
-193.558
22.8578
-186.065
163.207
-142.038
-247.74
73.4303
174.31
-221.942
186.564
35.378
24.9926
206.431
-322.319
29.6584
292.66
-293.575
47.0857
-134.044
156.902
-21.5782
-76.0028
-21.3959
21.3959
-250.274
-42.798
146.582
-3.59149
-7.94657
-20.3923
96.1437
-117.722
-261.403
312.925
-51.522
46.0445
-43.2825
11.5465
31.736
19.1252
96.8916
-116.017
-3.42796
229.939
46.1625
-300.312
254.149
-25.6315
-71.6258
9.69737
158.717
-22.2854
-199.657
96.5904
-122.222
53.7516
-176.489
-15.0765
191.566
222.95
-9.40676
-213.544
5.72643
-5.56677
-0.15966
-56.7842
117.221
-124.428
273.359
1.81404
-275.173
39.2831
-49.1005
-260.865
-1.87633
18.7309
-16.8545
-26.8011
-107.517
134.318
-241.074
163.852
66.995
-75.1062
-12.566
-4.43064
-229.115
233.546
138.872
-138.042
58.6307
-45.5269
-13.1038
291.972
-41.6086
-208.645
238.91
68.2238
-17.5897
-50.6341
98.2193
8.25806
283.136
-252.252
-30.884
-69.2662
0.15193
-69.2564
0.147516
-78.5235
80.6713
-2.14782
70.365
-4.42228
-80.0569
82.137
-2.08017
-79.9937
81.7393
-1.74566
-69.323
0.157948
-70.8977
4.15546
-78.5277
80.6721
-2.14435
-70.8852
4.17113
-79.9692
81.9389
-1.96962
82.7495
-80.2017
-2.54782
-78.5563
80.6891
-2.13282
90.789
41.3152
224.528
-265.843
-107.633
125.59
-17.9574
184.042
-3.76284
-180.279
25.1227
328.703
-243.807
204.105
-37.7813
-166.324
223.128
90.5862
-39.4823
-210.065
249.548
-11.6391
-310.68
-111.795
-76.6289
260.942
-6.09977
-83.9494
0.807005
148.513
-62.7361
-55.393
118.129
306.535
115.747
-422.281
-329.945
97.3962
-91.2852
32.0779
-21.0017
183.913
-162.912
239.128
-8.83952
88.0632
-79.2236
16.4689
73.0166
-89.4855
-228.155
73.9175
146.492
22.2443
-40.9935
-102.423
143.416
-160.157
-4.10735
-393.933
249.371
144.562
238.326
-40.5392
52.9427
-381.5
328.557
83.6226
-338.996
92.3258
-25.3308
271.558
-251.47
-218.322
48.8684
20.6564
-20.6564
101.801
-122.802
241.377
31.9812
24.6456
239.84
-264.486
218.001
-261.464
150.047
-4.57914
308.493
-262.33
1.8762
-39.086
0.625343
-190.813
-122.2
229.762
-234.192
-14.525
-32.7486
47.2736
-6.95324
123.682
-116.729
-2.33918
-40.8489
-354.816
356.328
-51.5818
168.803
15.0223
-20.8816
5.85935
-0.309849
-65.5317
65.8415
-243.484
-25.9172
269.402
5.65247
27.5683
-33.2207
76.7165
361.336
-78.615
309.959
-231.344
242.711
-321.326
67.4471
-61.7946
254.67
-276.955
-44.5949
383.52
-338.925
-126.476
157.817
-31.3407
108.295
-108.605
82.0243
-75.3223
-6.70202
-59.4263
2.30756
57.1187
-0.480234
146.972
-78.5378
12.4948
66.043
-123.771
-78.3736
202.145
25.4775
-67.4567
-303.484
356.426
356.569
-91.1362
-265.433
-213.013
-218.92
-140.145
-21.186
301.366
-33.5564
-267.81
-394.992
10.9584
-181.08
-160.931
249.444
-88.5135
201.932
-237.316
35.3842
-21.5004
-258.182
279.682
79.5548
22.7278
-102.283
36.2527
-212.742
113.576
-122.415
-162.377
112.643
-31.9253
-215.815
12.3408
94.5688
-106.91
143.049
-137.22
-57.791
53.6226
4.16844
-57.7843
53.4335
4.35079
57.5224
-53.4374
-4.08499
-57.8032
53.4372
4.36605
-68.1342
50.5309
17.6033
-57.8013
53.6163
4.18493
-57.7953
53.6197
4.17564
-4.84807
39.7259
-34.8778
-78.5902
80.811
-108.568
221.946
-113.377
-93.9744
67.1733
216.809
-247.838
24.7471
277.701
-302.449
-84.5978
29.6028
82.33
-44.1405
261.948
-236.168
-25.7793
315.828
-360.423
-103.285
-212.967
316.252
209.13
198.948
5.15733
-55.0689
74.1941
291.19
-289.376
243.757
-41.8257
-66.2494
333.522
94.0203
35.2422
-66.4686
-18.9678
85.4364
199.697
-214.773
-64.7167
-59.3512
1.36567
251.688
-253.053
-133.467
417.852
-269.115
-274.6
97.5096
177.091
162.078
-270.646
-156.777
59.8019
-1.17117
-26.991
-169.021
196.012
16.5206
82.9566
-99.4772
-39.4285
14.566
24.8625
131.715
132.978
132.977
131.681
133.972
131.668
25.8572
-222.614
190.646
31.968
207.084
154.597
164.533
107.303
-27.748
-186.041
62.2699
307.296
-282.65
315.52
-102.874
326.002
452.558
-347.174
-105.384
0.422912
-66.793
-200.041
78.8421
3.18224
201.34
-215.564
143.965
-221.711
-167.157
169.062
-1.90469
314.715
-84.7416
-229.973
324.307
18.4193
-342.726
-215.266
6.62044
-192.348
140.767
294.328
94.8091
190.595
23.3637
-23.3637
306.59
-100.997
-219.573
267.1
-69.9771
-178.57
174.807
-281.061
19.9467
261.114
-0.642106
-38.7864
156.594
-21.0091
-132.24
-30.1376
20.8923
-195.279
174.387
139.3
-42.4086
301.619
-302.66
1.0412
-227.75
-244.768
-0.864584
245.632
28.7718
-272.256
-316.785
363.2
-46.4149
-260.838
-9.3116
-36.8277
358.51
305.171
-263.855
-439.344
350.757
88.5874
-219.151
237.496
-18.3458
188.586
103.386
-175.473
186.432
10.3002
352.484
-362.784
273.557
-121.509
-152.048
-1.7514
7.47783
-1.95205
16.9743
291.916
22.7987
-30.4098
98.6974
-68.2877
-86.9732
72.4482
-92.7204
109.241
-35.289
-25.5564
60.8454
-55.1598
-4.26645
-6.09676
-219.358
225.455
-193.087
66.079
-16.3608
21.8667
-47.9613
26.0946
90.7317
-16.1202
-74.6115
126.24
-29.6498
-13.1656
337.473
240.121
-109.579
121.785
-25.641
-159.521
-234.412
321.77
61.4078
49.0901
-331.667
282.576
350.875
-372.491
189.151
-52.6265
-136.525
268.793
-294.71
-70.6652
-21.0706
91.7358
-163.189
122.237
40.9521
73.3052
-3.87876
-256.341
216.859
299.97
1.64924
-386.826
334.685
52.1409
36.6377
-15.9805
344.684
11.0834
-255.851
271.658
48.5912
-136.5
-161.017
297.516
-89.3605
395.895
-243.506
137.013
-18.273
-109.241
-35.6214
95.8509
-23.4058
-186.045
-168.137
21.7404
146.396
-11.8376
-0.739449
29.3961
52.9339
145.685
146.231
9.69587
92.067
-32.4774
-59.5896
124.755
-153.024
28.2689
43.7893
-3.60612
-156.975
-108.914
198.769
-89.8554
-206.465
-87.6698
294.135
71.6509
-0.358013
235.197
-67.9917
269.851
-321.681
51.8295
-188.944
-250.4
-5.49739
5.47923
5.49231
5.47803
5.49326
5.52823
351.756
-304.587
100.539
-21.0763
400.252
-355.719
168.054
-184.219
16.1643
67.0605
254.182
-29.654
-317.249
239.378
-245.474
15.4094
-270.621
228.897
417.338
-263.286
262.422
258.411
-105.043
-153.368
119.577
17.4402
-137.017
76.4366
-83.3898
-248.903
12.7344
204.842
-4.07124
4.72889
1.02707
-5.75597
256.097
-3.71527
106.067
-355.18
28.0866
-59.6506
-26.0784
85.729
-311.198
353.613
-42.4149
7.7614
-96.4802
32.1724
288.748
-320.921
-37.1653
-408.183
32.0089
-209.973
-9.17724
306.076
-59.0575
-19.4803
9.3113
30.2048
-39.5161
368.916
-358.616
-181.893
89.0238
92.8692
-107.423
68.9883
38.4344
18.0479
-185.205
-386.68
119.221
267.46
299.268
-54.2293
-54.351
-54.2353
-52.9408
-54.4379
-54.4386
-54.1531
311.994
-257.841
-119.193
-76.8589
-139.444
121.854
-7.8804
75.3275
29.403
259.171
-313.324
-19.6424
-84.0274
70.494
13.5334
-227.974
-20.9292
-42.665
-137.438
86.8552
-219.73
59.5336
160.196
-25.7218
237.738
-212.016
382.722
-301.125
-81.597
-24.5341
-6.06832
-142.685
112.275
-175.913
227.467
-51.5545
-291.957
-19.2411
-125.155
125.155
124.755
108.393
28.62
279.942
-225.127
65.3657
-118.587
102.467
-231.594
412.438
-364.379
-48.0589
26.0062
56.2135
-75.3625
25.9179
-222.269
54.286
-446.477
357.116
-34.176
-251.307
285.483
-187.721
145.826
41.8959
-302.297
199.012
86.6273
-105.886
19.2583
-36.6936
306.545
182.199
-182.679
31.4317
78.0456
-109.477
-113.579
94.6114
-47.1099
63.5788
-144.413
96.1174
-249.908
298.998
275.042
-321.125
46.0835
68.6056
23.4614
158.76
259.092
-112.065
79.5872
0.763972
59.4405
-60.2045
-1.16327
-143.617
17.1406
-135.489
-8.12831
-146.088
367.396
-335.224
-81.0423
316.602
-112.942
-109.673
113.212
-40.195
-52.7543
-165.567
-224.051
351.001
13.8106
17.8384
87.1324
-104.971
-371.303
378.02
15.5454
79.8953
-95.4407
-287.737
145.341
142.396
305.965
-56.594
-56.9636
-12.2928
-56.9619
-12.3042
-55.9643
-13.3588
-57.4177
-21.1386
-57.4141
-21.1136
-57.3883
-21.1353
87.6452
-7.59078
-15.6014
325.196
-50.1545
113.883
-30.9259
-340.322
295.437
-179.147
-217.601
107.192
-144.973
398.925
-21.5313
-26.43
-47.9648
-59.4579
-163.189
20.2123
302.577
10.1279
-145.616
14.1878
-61.2977
-19.752
45.8466
-14.8006
28.9883
313.876
-125.29
-43.6779
187.643
-394.578
39.7614
-269.889
217.445
260.873
-9.18493
166.817
-27.9454
-230.655
-156.025
87.9547
-35.7447
-52.21
30.2032
-49.6231
19.4199
3.11109
-48.638
29.9931
-77.3639
230.19
-152.826
-11.9508
81.3093
-69.3585
-124.888
139.488
-14.6003
-2.57944
19.5538
-331.467
-60.9224
-189.352
-84.6704
197.791
-207.198
75.6561
-33.4231
-42.233
62.8323
168.888
104.669
156.519
101.964
-326.015
198.681
-276.045
-5.7428
69.5958
-63.853
-236.109
-13.4234
249.532
70.5767
-55.0312
40.0471
-68.2178
-19.3607
55.6748
-0.133773
26.6655
-26.5318
258.046
-294.739
-202.214
36.6468
80.6707
-123.449
333.738
-210.289
127.483
-19.0907
124.868
-295.625
170.757
-129.632
166.852
-37.22
320.295
36.2744
47.4898
-27.4676
97.9616
-2.05516
28.4513
227.646
20.4833
-218.348
197.865
-197.107
7.03284
190.074
223.325
16.5158
117.231
-39.185
-181.89
-37.8395
199.596
-231.522
36.9185
145.28
4.03219
103.207
-16.5797
342.851
7.99311
-350.844
194.523
-111.057
-83.4657
140.167
-16.485
27.4732
-31.0178
3.54459
-33.6969
147.273
-224.3
-50.3004
39.1572
-60.6886
64.6615
38.3689
-103.03
-0.418665
-200.206
200.624
-45.1555
86.4917
-41.3362
-117.121
-20.9216
-229.286
188.85
40.4354
-322.51
109.543
-84.803
78.77
6.03309
-161.11
-2.07916
12.0043
-170.165
-16.4891
97.3001
96.2922
-8.229
130.029
-109.137
126.284
-17.9888
115.761
-82.3848
-33.376
224.551
16.0037
-149.812
113.999
-19.4303
50.0997
111.372
-24.2398
-121.394
24.9824
327.422
-72.7527
29.5755
31.2699
-54.8702
-34.6153
101.168
-21.273
190.21
-188.848
-1.36185
-65.7549
46.0029
31.9094
265.209
-47.2086
42.8686
-40.0711
-2.7975
-97.4642
-15.5733
-98.5595
-225.911
324.471
37.1847
245.876
-208.875
236.841
-252.442
-1.23362
27.7694
-26.5358
4.45659
296.835
-25.2764
-226.857
-34.6063
-139.227
-53.1211
25.8956
-228.571
202.675
-12.407
67.8446
76.7462
28.8315
-117.779
-157.029
274.808
-0.221274
39.9471
-11.1242
8.5448
-26.9192
78.2733
234.652
-218.876
-58.0789
84.5285
-135.642
183.842
15.1056
-63.8381
-26.014
89.852
-112.699
-17.4902
-320.947
-47.763
368.71
-39.3628
266.174
-226.811
-51.3187
-30.6131
81.9318
120.798
-327.263
-68.2845
-18.252
86.5364
-60.6287
-27.547
88.1757
-122.903
15.3867
-100.206
-16.5229
266.5
175.494
-272.862
-8.19814
7.71487
-174.161
166.446
-17.0272
-3.62919
156.06
-163.206
170.447
87.4823
-257.929
-262.009
-138.782
-68.0561
-44.0085
-60.4492
0.798592
-163.367
10.1929
54.6766
-64.8695
-50.1831
308.229
10.3627
-90.817
-17.788
202.872
-182.389
25.6971
-30.3607
4.66359
-375.95
-0.728452
-0.795851
0.84865
-0.798176
-2.40987
-0.821524
-0.818886
-223.411
-8.66677
-163.151
162.733
-24.7541
270.386
313.284
-54.113
172.564
-2.36123
-170.203
167.259
-84.916
309.335
-31.6333
-97.51
-21.0773
116.057
-43.9383
-109.086
221.122
9.35643
-225.171
28.9747
-238.948
309.398
-18.2075
0.782992
46.333
-87.6982
-19.2114
9.11637
8.3893
9.10963
8.42513
8.42624
9.11208
-273.314
-40.0107
-258.616
-11.5735
270.19
-9.79583
37.269
2.6726
-272.561
194.16
-321.586
127.426
-181.276
2.70579
41.2197
205.133
-5.43618
81.162
-186.454
105.292
-275.222
-27.2268
107.187
-42.5255
-203.771
207.366
-3.59509
-95.976
-21.746
328.166
-203.298
31.8386
-83.1573
-244.013
-3.8247
188.551
14.3039
143.513
-58.0162
-6.86829
-86.586
-26.9931
-27.6105
-69.9454
-111.948
-76.5738
-39.443
-277.398
-11.9788
-24.1269
185.558
-159.947
-25.6114
318.559
-11.2628
-38.9076
-98.9786
-38.4593
-89.7469
-32.6683
-36.7554
48.3019
126.96
-24.4931
-236.337
-140.976
-84.4993
120.492
-35.9925
-120.258
-22.427
58.4258
167.593
-226.018
119.86
186.73
-79.0095
18.3808
115.738
124.384
30.7087
69.8299
325.363
-367.778
6.07673
-81.2375
17.3994
-15.3962
-68.5531
337.24
229.981
159.065
-3.00491
-12.0394
-52.4169
64.4564
-158.648
37.5314
112.046
-35.3001
175.356
74.0879
110.069
72.2406
-182.309
13.4701
-273.939
-8.71108
313.302
-8.13142
-217.386
1.82195
5.78628
-114.98
81.5574
-116.032
-6.79791
122.83
-196.824
1.54414
-26.9021
57.1053
172.768
1.6194
207.546
-210.591
3.04478
-111.917
-178.235
2.76103
224.199
-108.461
0.524428
185.907
-105.83
183.637
0.205229
36.0212
111.311
-97.8941
-189.752
156.303
33.4487
25.1181
16.5024
116.925
-133.427
175.765
-72.0761
74.3836
-10.9222
-244.929
-33.0845
-28.2132
41.9889
314.34
237.392
174.632
5.11784
-84.8031
-2.74142
173.19
-176.387
3.1964
-20.2753
-55.5774
75.8526
-13.2374
-21.4233
2.71757
-124.888
78.77
285.24
-16.4472
-133.014
-133.067
-133.044
133.24
-132.88
-132.874
-120.858
-297.118
-177.884
275.394
214.556
-240.278
82.7668
175.644
-0.114085
-273.666
289.42
-15.7534
96.6696
233.7
-330.369
41.161
14.5972
-41.8064
-10.7854
250.163
24.7367
-29.4656
4.72884
74.9482
197.115
23.6154
185.57
-209.185
-0.837874
-23.052
88.8109
-76.1363
-12.6746
-107.817
-36.5959
252.442
60.8426
-8.95034
-113.953
336.205
-110.494
-225.711
-363.083
338.395
24.6883
79.3667
-22.248
12.8116
-72.0878
138.989
-66.9008
-287.968
-32.9527
126.189
-3.9431
-161.11
349.797
-397.56
-36.2567
38.4017
-2.14502
5.04412
178.869
-9.9299
239.326
-265.106
27.625
242.105
-332.438
90.3337
88.9711
-161.059
-252.296
-10.9902
-10.6284
-54.3986
65.027
-72.692
109.877
-65.6341
30.3507
35.2834
268.298
-5.87618
-89.9428
-220.841
310.784
41.2034
-28.3919
169.178
-257.691
-48.5795
263.218
-13.8428
-249.376
-255.976
312.239
-56.2622
-115.708
309.868
22.6886
-24.4355
9.63495
10.7225
219.756
-322.63
35.9593
-144.873
-7.16205
138.608
-131.446
22.3984
203.35
-225.748
-241.381
-180.901
192.894
-46.724
236.852
-246.029
-2.47432
52.5482
86.7521
-283.005
-140.99
-203.38
344.371
371.468
9.96763
-381.436
-379.865
395.885
-226.18
322.85
-154.247
-200.933
122.237
261.041
-91.8638
12.1176
14.3332
115.613
5.43097
24.5622
196.009
0.00229907
103.746
-5.5271
-5.42236
-184.33
-170.86
29.0439
52.2654
-15.0959
281.221
2.78782
-197.27
74.844
28.9024
9.76396
168.374
-231.251
62.8776
7.4598
300.376
-113.645
-14.6554
-9.78011
-134.921
13.6553
-337.606
364.04
-26.4343
380.687
-335.49
-45.1967
392.145
25.1933
-151.268
161.759
-10.4911
-54.3904
3.75623
-173.208
71.2038
-105.819
-54.5417
-92.7204
-1.39206
-82.8109
1.93863
67.9518
-103.696
46.4046
-345.383
208.603
-365.38
205.535
-243.253
37.7175
133.24
-133.044
-132.88
-132.874
-120.858
-133.067
-133.014
165.925
-128.878
-107.245
47.608
235.71
-306.264
70.5537
-115.02
74.8255
-14.7236
220.787
-206.064
210.279
-186.664
296.885
71.8252
394.281
23.3586
102.882
-216.703
10.3622
9.19159
-245.043
0.0059384
-98.1792
38.7213
17.9122
-5.52796
-129.955
88.1486
-141.14
54.7477
4.60323
24.8624
-29.4657
21.3086
336.198
-94.093
19.4622
102.323
-50.9705
242.485
37.5415
-280.026
-221.348
9.33255
221.101
36.0557
120.538
-221.615
69.3898
152.225
78.2749
-122.283
134.228
103.268
205.546
152.447
-172.09
363.581
-205.505
-33.4434
137.64
-234.872
379.434
-316.123
-318.091
97.2496
-330.795
370.557
375.568
-333.579
-98.7386
-68.9423
161.286
-198.506
26.8629
-50.6876
326.478
-275.79
217.264
-219.516
2.25158
-85.9208
24.1113
50.178
-74.2893
143.289
-190.287
46.9983
-26.5976
150.332
149.638
-306.16
-374.523
323.836
-129.113
89.6702
20.8063
-329.051
308.245
-130.23
-29.4186
371.357
-54.7549
26.4207
56.1194
-82.54
-130.779
91.5942
-43.0881
248.623
126.21
-33.7307
-197.791
-141.498
-80.1168
-134.884
96.4252
-179.787
285.151
-42.6657
272.797
-33.4707
147.332
205.52
129.769
-136.931
-150.281
-137.455
-301.184
66.3125
154.087
-182.032
39.1924
319.751
-358.943
195.924
71.6739
-267.598
291.205
-55.4947
39.4949
33.2044
-149.236
38.8112
-279.455
259.676
53.4683
-27.0476
138.608
-136.956
231.765
-134.725
98.7324
-140.04
-68.2969
-1.68835
218.953
-274.666
58.1657
216.5
-132.875
99.4985
303.42
-13.6595
-289.76
53.9592
9.61817
77.9228
-87.541
-217.874
35.9837
111.476
214.525
-136.513
103.844
-18.8666
77.114
165.809
-242.923
248.445
36.7057
-54.1182
156.284
-177.205
316.952
-131.893
104.9
164.694
37.3815
-202.075
-241.913
-137.297
109.687
-52.0808
-74.8911
126.972
129.976
-283.584
304.391
-131.813
107.574
-160.265
168.027
43.1613
-17.4642
152.213
-171.303
110.535
-131.612
-243.407
-219.508
166.387
-140.989
116.496
-206.614
-132.985
111.239
112.709
-132.139
-127.764
106.491
-69.1632
-70.2807
-31.9337
54.6223
-145.566
113.201
191.271
111.55
-302.821
-154.919
138.434
51.9873
260.251
-129.645
110.434
-133.863
116.075
326.551
-106.795
135.688
-152.211
-196.515
-24.8333
-45.9922
123.995
-101.268
-10.0972
-215.237
179.368
35.8693
341.878
-374.395
-180.774
135.579
-153.852
-34.9254
303.42
37.5179
-290.474
-152.462
134.971
129.638
-139.27
121.281
-43.7178
130.573
-136.148
119.568
-44.6533
293.098
-136.36
93.9513
349.305
-43.1887
229.931
-186.743
178.899
80.1483
-258.456
178.307
-140.607
88.526
-138.125
122.552
-52.5507
292.474
70.7258
94.5544
-20.3603
83.1022
-4.33225
89.9409
-134.529
90.8109
208.186
99.6186
-235.622
193.798
41.8238
-219.872
-76.3133
-146.232
215.622
199.626
49.4549
-249.081
6.939
-139.59
102.994
-223.665
-170.915
-148.873
-56.7764
205.65
237.645
129.637
-76.6603
-52.9768
19.6226
-124.001
149.124
190.81
-190.605
-187.613
190.318
-321.796
162.275
-141.806
108.109
83.0994
177.942
-50.5437
267.228
-30.3766
226.747
-188.074
193.86
-56.9291
246.832
-331.573
-263.875
220.787
-214.495
-31.5339
-157.858
147.367
1.93625
-181.836
-297.244
229.339
187.7
-259.957
72.2567
-139.051
109.401
-190.245
190.247
34.6089
214.014
245.957
366.759
-101.597
236.313
-236.313
320.344
-150.233
106.092
48.2952
87.9647
-131.904
302.661
-135.508
109.867
398.66
-361.142
47.6893
-277.61
229.921
-261.704
224.834
36.8701
235.889
-332.369
-187.272
190.468
-104.072
-115.951
220.024
76.6435
52.9936
-8.31211
216.754
-144.514
210.067
-224.791
-56.2535
-149.693
127.266
18.2652
41.3094
-59.5746
-252.975
218.368
45.5706
-273.026
227.455
-270.404
236.933
161.783
-83.1022
94.0203
149.519
-10.9118
-20.4669
-59.5268
-19.9823
-60.0745
-24.2897
-46.608
23.2253
47.1396
-24.3565
-46.5287
-20.411
-59.5582
-9.52152
-45.7435
-20.5123
-59.6895
37.5647
44.3742
37.7223
44.4147
19.0854
61.5867
19.0898
61.5815
19.7635
61.9758
19.0688
61.6203
-155.017
134.008
217.739
-243.016
-55.6322
-228.39
219.723
322.584
-113.98
66.2531
132.516
-273.965
260.122
43.093
-286.256
243.163
-224.674
218.574
-274.404
227.195
-121.235
46.3437
-187.636
192.754
-189.616
192.377
-189.814
192.859
229.828
-256.748
-64.2494
190.823
-188.887
88.8628
247.335
-196.138
197.682
-189.228
189.752
213.313
-212.53
-292.696
-289.44
50.6309
-26.5196
-91.2014
307.054
-216.468
-274.471
265.528
8.9432
-207.951
237.016
-29.0646
-294.992
252.327
-231.507
207.38
227.158
-241.101
205.19
-208.618
-259.891
213.37
-217.195
137.536
-118.053
253.503
-298.157
-230.599
218.033
206.753
-200.676
-157.468
44.7104
249.165
-273.22
262.229
-214.088
210.493
199.974
-198.152
42.3781
250.72
-211.468
206.032
-428.605
338.305
-198.13
199.749
175.086
-159.094
-15.9925
36.012
-11.2753
190.339
-238.458
48.1185
-304.621
49.3148
255.307
196.163
-204.119
-70.352
-60.0873
224.953
103.888
17.4896
61.8771
302.224
1.19521
-325.608
293.975
-63.3971
22.0609
-300.44
248.918
210.843
14.5222
-225.365
64.52
31.7722
79.9863
311.316
-296.382
-66.3284
-299.837
288.574
-287.545
284.804
-43.1043
104.283
-10.2631
293.6
-320.826
100.44
209.646
242.196
-451.842
166.001
338.567
278.062
-296.27
11.4971
-224.635
-50.0311
-339.46
299.449
285.408
-294.119
-97.7679
344.6
-21.1489
254.508
-233.36
7.53376
-235.283
-27.0376
329.777
-302.739
-80.4136
74.8856
-338.481
284.368
-289.74
277.761
-275.025
269.149
-284.384
280.441
302.224
-58.8007
-281.187
271.875
-51.1183
-115.045
-35.932
62.7949
212.938
-35.5196
-189.652
-44.7884
-305.586
10.8929
294.693
-286.744
278.012
-290.172
282.04
-239.405
-61.0343
-45.83
149.519
-283.273
225.194
-93.588
73.3128
403.927
-40.3466
-309.718
293.964
227.394
-295.205
278.758
-139.262
301.339
-355.335
328.311
27.0234
48.7355
-310.608
261.872
-293.81
270.758
-312.973
53.7682
259.205
-193.556
-24.7925
11.8556
-2.76211
32.967
192.087
-186.93
-168.835
330.709
-83.3737
-289.76
-105.416
387.418
-260.986
316.925
-343.963
311.763
-120.492
-300.364
45.4781
3.76597
-46.431
-309.282
249.195
255.463
353.694
-109.692
300.035
157.749
87.4906
-245.239
-79.1483
-273.111
352.259
45.5845
284.193
204.59
-186.331
-38.7027
225.034
47.243
260.265
-269.45
150.454
-33.5294
193.732
193.686
189.858
85.3335
-242.363
47.3968
99.8757
-39.1611
1.5865
-28.4383
-282.313
310.751
-67.3293
-42.5776
324.404
-165.643
304.042
-64.4749
-192.85
-262.291
262.291
271.98
-363.117
336.551
-42.0286
-248.546
-116.834
132.082
92.1163
285.716
-140.375
-255.771
-66.7391
-226.348
-139.375
-365.49
284.448
-291.162
218.409
-307.958
256.84
84.4464
174.168
-367.018
145.14
-36.854
-108.286
33.8119
257.336
-61.4128
-44.8533
-181.165
-16.1402
296.81
-280.67
-206.265
-361.721
407.306
-177.407
-295.647
210.731
261.592
-73.8919
-60.3643
57.4726
-81.6492
372.198
-130.002
-299.049
198.052
-258.427
191.634
14.4913
-147.627
133.136
28.3636
-162.408
-260.715
175.086
332.418
-301.584
57.0507
-43.8167
-230.992
21.5544
-103.188
81.6332
-135.107
326.945
-368.973
-99.9423
-66.8412
-355.334
213.296
309.157
-239.235
-37.8673
-51.6801
95.2729
-128.25
186.652
-120.399
307.775
-335.102
-44.6667
318.067
-341.877
-5.4794
-15.63
-57.4174
-44.027
319.003
-58.7518
-43.2903
-59.4445
156.253
-96.8083
176.932
195.266
32.6449
-46.6898
-247.938
269.214
-91.2719
-350.243
-4.68729
-54.3702
232.941
144.26
-47.4579
-71.8242
-31.8723
193.373
176.896
-56.9648
-79.8808
-56.6063
315.811
-39.452
-167.175
254.657
35.0563
151.596
238.236
-238.236
-38.1035
-161.867
35.2345
2.0345
-202.56
256.847
245.233
-194.022
387.395
-36.7571
-37.0143
-215.738
215.738
192.642
-182.892
-9.74948
242.595
57.7842
-300.379
-40.8573
-143.089
-16.8573
34.9243
186.279
-151.643
63.2179
178.814
192.642
-178.234
281.322
-38.7274
15.5099
-118.863
239.382
-120.52
-51.5211
313.393
36.4112
-9.85454
-32.0176
-32.3972
-47.4721
-50.7071
-206.976
385.79
-68.1645
376.41
-37.9615
-248.739
70.0514
-92.9392
262.397
-18.5844
-162.668
181.252
78.2611
168.141
-233.66
260.65
-219.489
80.3914
-28.1261
-228.236
-171.708
-145.218
316.926
-29.3644
-28.9317
-58.2225
-25.4117
-321.453
41.7965
279.656
-159.094
-314.603
359.763
-45.1597
-34.16
36.9657
-2.80569
248.798
-327.946
-53.8896
244.229
121.447
-346.082
256.164
-47.9689
103.743
-55.7744
43.868
-173.316
-265.322
244.174
28.4004
252.922
-342.723
233.236
-317.681
84.4447
-25.4414
-44.4188
342.38
-46.9429
-118.016
160.027
-42.0111
-30.4541
-57.6971
75.9623
-90.8578
-242.391
333.249
-18.9038
-23.1544
270.784
33.2587
-314.873
0.269542
-24.2683
-46.3267
44.9346
37.6253
-21.705
167.346
61.9927
-278.86
-60.4041
339.264
264.29
-38.0606
-125.145
32.4225
-327.194
48.2101
278.984
186.279
-87.2709
14.5789
-228.442
-303.085
264.358
-256.909
4.85585
252.053
-62.823
-314.237
257.974
50.5187
274.423
-324.942
244.611
-301.575
260.755
261.251
-320.003
-33.197
28.1079
-146.123
-248.739
-25.7485
3.19791
78.4544
-109.795
-21.588
-184.47
-158.102
38.7255
-182.892
2.24472
-66.8027
137.597
-70.7947
-23.1943
46.4748
266.919
-42.6798
139.339
-96.6592
-32.3474
-268.573
300.92
13.6388
220.854
138.909
73.0382
-315.429
-169.917
187.565
-14.0273
-30.93
3.61531
1.48224
-174.578
246.835
-63.1435
35.0174
236.912
-297.277
26.2159
-61.818
35.6022
-13.6997
218.52
317.662
-53.3716
-4.96078
-252.88
-343.285
259.911
-269.708
320.226
2.97499
68.8174
-60.5179
321.769
281.976
-13.0972
-46.3673
-35.7242
229.389
-317.058
-119.52
47.954
-9.57403
-15.6096
273.269
-270.082
241.644
-72.6548
-127.947
278.279
-18.5569
-20.0459
-68.1677
289.022
275.066
163.942
-30.806
334.343
-59.9197
-94.71
343.822
133.538
-56.8945
168.472
-119.321
-64.8979
-69.626
317.258
-0.244689
-62.0285
55.9129
-31.3003
-283.317
-74.9899
358.307
387.302
237.382
265.723
-326.241
-55.9469
-271.248
-8.98097
-247.928
-2.80004
248.823
-342.916
-6.324
-84.7403
0.852743
231.613
-292.647
-233.31
62.0013
48.1135
-64.6633
327.724
309.6
22.9698
-65.2028
-129.669
109.203
-128.966
108.984
-146.706
122.416
-110.58
-109.203
-108.984
-129.653
109.242
-146.807
122.45
-109.242
-110.568
-146.74
137.218
-123.515
-129.598
109.086
-110.529
225.158
-289.632
121.919
-93.0166
130.921
-1.27965
271.704
-341.33
-12.7955
-298.104
184.459
13.7639
214.812
-281.653
57.7065
264.063
3.18683
-334.644
144.121
19.8211
3.1487
2.94042
-337.05
320.103
0.865339
258.05
-356.789
-266.732
-58.2101
239.247
-28.4047
-3.2794
-304.548
23.4702
281.078
-96.8028
286.009
-358.664
247.932
-178.218
25.9875
152.231
73.6725
-12.0384
-302.208
15.2355
38.2328
-12.5083
39.0972
71.3793
25.1682
129.139
-120.88
9.31622
-61.5262
195.015
-260.866
-0.447549
-6.30365
281.891
-16.2247
-65.6638
-226.656
-12.5853
27.8208
246.538
-351.954
-247.932
-2.76112
5.5088
-1.86519
-0.701868
216.059
94.7251
184.288
71.5104
238.726
-320.37
254.706
-67.4895
1.59659
209.256
-279.608
222.101
-328.896
129.221
-312.384
306.06
-74.8205
-7.80624
246.129
-327.726
-157.334
-235.698
210.906
143.13
-314.838
-15.7983
-344.105
-62.1291
-119.78
-11.3609
72.3974
-286.062
213.665
-4.08768
-94.4616
-271.987
198.096
126.682
66.2127
-270.381
318.591
-9.81534
321.405
-57.3426
83.1833
-33.0836
0.84018
-24.4474
-30.9593
-206.406
-8.05655
-225.502
-6.70206
3.34629
25.6202
-5.36756
-14.4286
-12.0793
151.643
146.454
-35.2353
-145.377
178.021
-10.8756
-35.252
283.175
-286.677
3.50148
-56.0352
-282.425
-22.1233
-13.1875
-236.922
-1.16548
-71.666
-16.461
-11.6383
28.0993
0.181702
58.0883
-326.661
22.7735
-22.7735
-29.5895
76.5721
-307.916
-274.722
183.45
361.211
110.732
-29.1749
-42.7641
-84.8664
213.125
-322.818
-23.0687
-24.8632
134.165
-18.5088
-237.623
305.574
-67.9503
263.195
174.282
-266.146
126.302
-111.998
-288.53
238.499
138.501
116.156
-85.4452
90.8581
206.406
42.2209
-275.278
233.057
134.289
34.1882
-56.0776
153.446
223.611
-84.97
-22.2749
225.502
273.643
-231.184
-35.5455
-267.54
253.202
-315.231
176.538
-276.48
-84.4228
332.455
-69.5384
-39.0313
-254.139
-228.355
-12.5776
12.5776
214.066
-244.443
-56.6382
341.006
-43.5268
-81.5122
-67.8324
105.29
55.4203
-160.711
143.239
50.253
-194.063
45.19
9.84986
-140.08
-114.318
139.349
-276.569
80.7029
11.1596
-11.1596
98.693
57.5598
153.591
-169.583
207.245
-321.226
89.6076
-148.394
7.25461
-196.413
11.857
-125.81
24.0888
-24.0888
201.372
-346.59
9.23944
-9.23944
-129.852
34.1699
-69.3274
59.6421
139.745
-45.7939
72.1663
86.0551
-158.221
115.017
-300.448
-10.8157
10.8157
-7.15625
48.4656
138.737
-10.1369
10.1369
194.795
-315.287
105.082
34.5207
-13.552
13.552
11.5009
271.674
327.72
-269.632
-48.6467
28.2544
-288.363
10.7293
-10.7293
12.3694
-12.3694
-11.2428
11.2428
11.6758
-11.6758
-2.59125
-12.3636
12.3636
-10.4087
10.4087
-11.3714
11.3714
176.504
-63.3026
-156.392
-1.4658
134.219
-43.4078
24.3538
-184.619
201.051
-317.886
-13.6086
-211.182
258.721
-342.865
-11.9465
11.9465
9.93322
-9.93322
137.204
-48.6778
280.7
-24.7333
-268.59
293.323
-11.862
11.862
128.818
185.05
114.644
48.4348
-163.079
-65.9681
-251.077
219.543
36.1219
-115.771
167.879
-69.1862
9.7708
-9.7708
143.855
-40.8615
158.235
-272.553
11.8431
-11.8431
60.9325
-11.4476
37.6634
-9.13958
9.13958
11.9623
-11.9623
10.5544
200.462
43.0612
-243.523
9.58723
-9.58723
10.5732
-77.2381
-30.39
-18.2567
-73.5739
-11.87
11.87
166.177
-11.6488
11.6488
-55.0251
160.316
-15.0668
15.0668
1.52465
27.4637
11.1551
-112.423
-14.3394
14.3394
-88.3174
-15.6172
15.6172
-100.052
-11.5834
11.5834
-13.2691
-239.784
144.874
-36.7648
15.6537
29.8244
347.417
-14.7242
-220.559
-50.8407
57.4794
-6.63867
133.203
-253.723
-13.4296
13.4296
-51.8232
11.1306
-11.1306
-13.6188
13.6188
3.04785
-24.4711
-161.749
119.738
180.328
-26.7376
-13.6248
13.6248
-27.6801
3.26534
-44.1286
158.773
165.206
-232.388
227.427
296.36
-32.0018
146.63
-55.7716
-10.365
10.365
-92.6296
61.7037
-209.49
-281.471
315.704
10.742
-10.742
102.991
43.6383
-10.4232
10.4232
-159.825
197.207
-158.845
220.838
-192.077
46.7008
87.8691
117.677
-314.106
278.56
-252.453
-16.9974
-10.6272
10.6272
-272.07
-43.8579
173.078
159.238
-49.8369
167.677
-41.3105
-159.14
0.474815
158.665
-36.4003
-211.538
28.7565
-264.267
235.51
12.7568
-12.7568
5.39995
-5.39995
-27.7699
280.692
13.8966
-13.8966
196.277
-114.742
161.658
-46.9159
-42.4345
-9.01037
51.4449
-13.8259
13.8259
14.3512
-16.937
16.937
-167.326
278.876
-177.459
97.0192
80.4394
-15.7658
15.7658
-115.573
44.2401
-291.484
247.244
-19.566
19.566
62.1578
256.434
265.722
-21.5486
-21.6321
243.526
-51.8911
-10.4005
10.4005
-30.333
-283.773
-244.29
62.3605
134.673
-24.8068
-19.5893
19.5893
-330.176
-36.7785
55.11
279.233
-5.75867
5.75867
296.309
-317.01
172.522
13.3974
-13.3974
0.0324742
-222.321
-170.978
4.65442
-121.854
36.6847
291.035
300.154
-131.683
-14.3443
14.3443
-27.5622
16.0944
-16.0944
-186.373
-0.557433
268.673
-47.9759
-30.8125
-257.55
-91.8579
-58.758
29.5738
-5.2536
5.2536
-5.39229
40.6268
31.2098
-279.137
-311.071
34.8482
-34.8482
-120.174
-306.204
-6.46478
6.46478
198.435
-330.708
-71.6119
-162.049
106.092
-139.668
68.8735
-4.99168
4.99168
150.375
-23.1087
-274.387
-24.8997
3.82841
-3.82841
-220.519
53.2382
246.129
266.972
-266.972
-137.567
-344.369
-54.1417
107.135
13.5451
-23.8911
-4.1786
4.1786
174.973
132.517
-307.49
187.625
-87.9556
254.343
-246.776
194.885
-123.091
-35.5496
-165.065
200.615
-276.514
262.815
-228.108
176.94
325.353
184.888
-71.0283
-22.7658
-72.7
213.467
-242.802
-48.6816
-10.0325
10.0325
-18.6055
18.6055
-167.608
-99.9891
-14.4949
-29.4304
43.9253
-25.8512
-38.2251
64.0763
-138.544
-24.3762
134.426
189.078
127.849
181.718
-4.93942
-176.779
-149.138
-98.406
336.051
-3.35533
3.35533
-182.178
-128.223
147.918
-13.9095
-11.3541
21.0711
-9.71699
334.148
-107.401
95.7182
259.143
291.635
-160.606
92.5371
-36.2497
2.0897
-263.423
250.627
-186.563
-160.623
122.519
102.485
94.7666
203.715
-271.547
-99.3681
318.951
-219.583
-126.21
-9.16543
163.781
-162.299
84.8444
-245.861
53.7646
-201.022
258.806
213.142
-234.774
-195.443
199.058
45.4812
-160.223
139.16
-103.038
208.614
-328.788
-300.792
278.599
-89.4152
291.738
-277.615
96.6227
-181.87
107.098
-0.293454
-3.22689
3.22689
77.8046
105.973
-163.391
192.146
2.97062
-195.116
-234.168
227.616
-16.7099
-143.614
111.182
-149.143
-20.8147
20.8147
-68.3886
149.092
-170.503
-3.89742
226.5
-26.0383
129.435
154.929
-4.23965
148.786
-158.478
9.69205
112.856
-21.8742
9.3563
12.5179
-123.386
-153.183
122.45
-123.515
137.218
-110.568
-110.529
122.416
120.685
-120.685
120.614
-120.614
-110.58
120.674
-120.674
-140.201
92.7436
-134.586
105.222
-293.557
281.049
8.4858
31.7238
-81.6896
1.27289
-1.27289
16.4335
130.307
153.085
-36.2628
-197.048
214.299
-322.865
196.655
0.468564
-161.074
-236.307
239.455
-36.2995
-171.257
146.988
28.1988
-29.4784
-54.8034
277.421
104.09
-149.884
255.816
-280.264
-13.692
-135.999
5.56014
130.439
-113.036
-41.858
154.894
-34.097
160.625
-301
-206.763
209.949
-119.898
-42.3372
162.235
109.232
-125.817
272.271
112.854
-49.0821
153.173
-260.077
-145.51
123.805
55.7391
-326.496
-49.7452
-108.476
-153.897
293.142
-239.22
-10.0187
-35.714
-127.037
89.1695
32.74
122.048
-116.915
169.732
-52.8167
-74.2299
-291.002
142.799
-175.996
-77.034
183.101
-209.354
208.906
211.054
-212.919
-111.233
-37.0499
148.283
-2.90887
2.90887
-0.0832206
-156.663
-147.207
98.5295
-365.564
109.793
-207.453
212.962
77.6487
133.349
-127.857
98.6819
-13.8431
40.7245
128.787
1.55378
-225.558
53.1811
-192.523
187.583
251.328
0.5924
-8.23463
-292.904
4.7295
12.5568
-17.2863
-0.555772
-114.655
-4.23782
10.4726
-0.271798
10.8984
4.00024
232.844
-301.738
289.658
-20.4295
50.2539
-227.607
-1.26712
-213.775
-129.09
-148.477
290.061
86.54
20.004
-9.55791
-10.4461
-65.9415
-0.386895
0.121812
-67.5785
-228.108
97.2968
166.979
149.073
-169.118
-82.4161
281.428
135.794
164.36
-6.64019
190.293
266.109
-224.312
-263.979
262.813
79.3288
19.1256
-230.889
224.187
-204.59
-189.805
193.003
-246.735
236.92
20.6242
115.951
91.1469
-207.098
166.36
-210.779
-20.5101
26.5577
-6.51303
132.308
21.2331
5.32457
13.7238
-301.314
93.32
-374.231
-208.754
-104.063
312.817
3.44183
-141.986
-235.742
347.558
-111.816
2.8227
-13.3333
13.3333
-64.457
38.6058
-189.925
-121.493
-52.6267
70.0669
-2.2828
-220.605
-329.546
-143.596
258.059
-214.888
-96.9277
311.815
-3.41804
-2.67051
2.67051
0.727413
166.59
-72.4276
206.125
-235.715
100.19
252.094
237.474
-180.001
153.17
283.602
-36.3582
-264.333
251.235
15.0166
40.6582
16.953
-250.313
32.3141
-289.864
-95.5716
-1.83263
1.83263
15.8276
-324.448
107.502
34.5613
-142.063
-106.875
-79.1658
8.36572
253.044
-270.042
-191.692
-25.6644
-2.81769
0.576503
-41.4254
-246.823
-237.24
181.643
21.2568
0.318856
1.67297
-1.67297
-0.203972
185.237
-241.273
-240.981
158.565
16.9359
-16.9359
-174.139
236.683
94.464
-141.154
218.801
-337.767
77.4459
-221.959
-308.806
207.281
-205.036
-48.1445
1.5509
-45.3085
-193.927
104.836
-148.127
-35.1178
295.029
105.462
-146.32
61.2834
-14.21
0.0706805
-154.446
77.6184
-242.684
-277.509
265.471
-3.80015
-244.091
178.123
-0.439223
-162.228
-126.307
33.2898
109.187
-146.202
-163.567
140.458
-16.4728
-0.358723
240.366
-98.2461
52.2362
153.414
-254.709
101.341
293.651
3.90026
80.6364
112.659
-145.057
245.106
-278.058
-1.80326
-112.852
2.21114
-43.0789
171.897
256.356
331.475
-306.787
203.567
-202.714
39.6588
264.091
-344.928
229.355
-260.686
-29.1781
-0.946893
210.132
-226.113
331.348
138.798
26.6706
-165.469
350.974
-59.9385
187.058
-187.616
198.78
-202.06
-159.709
-182.008
138.15
-1.51805
-200.412
20.7828
228.429
-249.212
130.812
-244.919
114.107
117.146
-140.3
-8.59418
-103.829
233.925
-256.946
34.0534
14.4122
55.7865
-163.127
107.34
-30.7549
104.888
9.63495
260.954
-126.789
-12.1874
-297.044
-207.339
204.578
-285.506
279.202
1.4731
26.643
69.9532
217.215
12.2135
-12.2135
-88.9401
-13.3425
-175.682
-16.395
1.075
17.594
-1.19446
-16.3995
-208.613
210.209
215.466
161.659
59.1787
-2.51109
136.433
194.363
-317.453
-148.278
45.2392
-40.8575
56.2668
-20.7681
293.581
54.5913
-81.1889
-158.519
161.494
321.569
-2.5388
56.2558
-34.2472
-22.0086
118.704
-157.074
133.88
-68.7855
-16.6597
67.0147
-26.8817
47.5628
239.028
-212.592
4.4733
-27.3705
-134.426
-48.6168
-19.3075
14.8185
-37.5919
0.823272
-11.7433
113.062
-9.55791
55.6041
-50.3187
85.1668
-306.053
291.624
-52.4084
-51.5531
316.202
337.673
-39.9559
-66.3578
34.3779
-145.435
145.482
-9.71699
-170.513
171.378
228.732
-39.1034
-0.099133
-12.4785
103.75
9.31257
140.162
115.79
-21.927
100.764
154.221
32.2002
130.035
-3.44948
-165.238
-60.4731
-12.0333
9.3563
-70.687
-99.6436
-2.2092
0.12844
166.93
-167.632
3.66259
-62.3626
-33.8741
137.911
-124.272
-9.78011
-44.7561
163.185
-221.407
141.432
-21.8838
-71.5609
-7.37583
8.4858
-190.201
-38.154
41.1197
35.5814
-149.839
8.36572
35.269
171.162
-7.82181
77.8133
-69.9914
102.654
105.716
203.918
-292.236
72.3836
166.864
-29.4396
-166.03
-30.854
-284.799
-27.0983
-10.0187
-36.7269
73.3646
12.4785
3.13874
127.43
152.039
-84.2282
-67.8104
-74.0549
-31.0685
-77.5609
20.9202
-97.5343
-100.014
2.4798
-98.8725
-108.226
85.6808
2.41405
-14.8211
-2.87573
-152.79
-165.561
-2.35781
-27.4243
15.1531
224.77
-55.188
-6.33818
-12.691
-26.0954
-165.633
-235.202
7.13318
-10.9104
-214.455
-7.13318
-151.495
0.318017
186.903
-10.7223
7.17955
138.981
-82.128
-23.1017
23.1017
-7.17955
13.7648
263.88
7.38083
-135.603
-371.871
73.7045
-28.2874
147.143
47.7549
-61.6088
13.8539
-202.353
-178.352
-16.4662
16.4662
27.6454
-34.3395
52.4451
-180.486
-134.353
-20.2225
20.2225
-64.4287
-341.777
285.7
-56.6867
14.1459
-14.1459
19.1193
-19.1193
12.0986
-12.0986
-21.013
21.013
-16.9864
16.9864
-21.0889
21.0889
-20.8431
20.8431
-19.0496
19.0496
-17.9669
17.9669
18.7668
-18.7668
21.2049
-21.2049
-16.9648
16.9648
-21.2598
21.2598
-19.3586
19.3586
-21.1418
21.1418
21.1043
-21.1043
19.0605
-19.0605
19.4953
-19.4953
-19.6254
19.6254
18.0887
-18.0887
19.0822
-19.0822
-17.817
17.817
18.8171
-18.8171
18.8038
-18.8038
-14.0405
14.0405
21.1974
-21.1974
-12.0853
12.0853
19.1797
-19.1797
18.8063
-18.8063
-11.9488
11.9488
-20.8478
20.8478
13.7616
-13.7616
19.5379
-19.5379
-19.6252
19.6252
21.1359
-21.1359
20.3603
-20.3603
-20.5122
20.5122
12.0952
-12.0952
11.934
-11.934
-21.215
21.215
-17.0272
-13.0058
13.0058
-14.1473
14.1473
-19.4532
19.4532
-11.9344
11.9344
18.4652
-18.4652
-20.5217
20.5217
11.9745
-11.9745
-20.3638
20.3638
18.6892
-18.6892
-19.4488
19.4488
18.655
-18.655
20.507
-20.507
13.9555
-13.9555
-14.1196
14.1196
21.3086
-20.3595
20.3595
18.6529
-18.6529
13.9671
-13.9671
-19.204
19.204
18.8987
-18.8987
13.9609
-13.9609
-16.4209
16.4209
-21.8784
21.8784
118.018
25.4953
-38.5614
104.052
145.172
100.302
-34.3325
4.58693
13.007
1.87445
-41.1615
39.2871
-114.027
285.098
-29.282
303.565
-262.445
-61.4158
55.0475
180.141
-101.303
31.9333
-7.08581
37.1922
-281.509
204.271
248.485
-10.7223
-18.2724
39.2354
171.023
96.8319
126.715
-299.997
127.71
185.108
-35.9275
35.6557
7.03902
24.8491
194.104
-7.03902
-33.9745
97.0111
-103.151
-134.605
254.221
-6.19159
6.32189
-106.683
-6.32189
75.0206
-82.8425
7.08581
2.94673
34.1633
53.9006
73.5299
-340.735
5.05123
6.19159
0.23836
159.852
7.17767
63.6032
158.395
2.94586
312.168
14.2199
0.124334
-14.2199
138.765
-14.9607
-1.54043
-53.6476
69.1632
56.4268
50.1127
201.94
-51.6083
3.73538
267.601
9.73479
-58.9757
-2.44009
-9.73479
218.83
9.75542
-9.43741
-213.249
-156.54
5.44242
215.933
-45.0077
-214.884
-241.629
-206.04
240.424
-289.106
145.413
-223.285
210.098
13.6059
56.6199
-319.065
49.3325
-17.1599
315.507
213.277
-140.25
7.63844
-66.5588
-141.63
112.043
-17.5951
-243.939
115.721
-61.7471
122.612
132.678
-19.7452
18.4723
161.165
119.862
-161.335
120.926
-16.8421
160.081
-151.768
-236.311
-15.302
120.524
-130.884
-21.4718
164.812
270.81
-85.7024
-227.998
128.009
1.6507
170.732
-172.93
-82.3355
-39.0003
4.75307
-214.097
229.047
188.915
-198.845
274.944
-91.4676
214.117
12.2742
-12.2742
-14.1956
117.443
83.3777
-83.3777
135.751
-59.8635
66.579
-174.351
-13.7932
118.239
-300.241
102.137
-24.4887
-0.20837
-96.8662
-6.63545
35.034
141.941
3.19853
4.2793
211.845
-16.3942
105.564
33.1968
-26.6511
-201.551
-289.775
250.744
101.431
-96.974
248.476
-37.7371
-11.808
-5.28932
17.0973
49.5425
187.377
-104.037
26.2827
51.3549
-53.8659
142.672
-163.469
-210.761
-25.6767
29.577
-43.334
-26.7684
-358.082
250.681
21.1769
250.497
33.5429
229.27
158.979
43.6307
184.171
-332.731
203.641
72.3134
94.666
-152.758
26.4506
-4.57507
-7.63844
-65.2912
0.657933
64.6333
2.07278
176.725
-88.1002
133.339
-165.123
125.167
122.609
-7.17767
304.933
34.198
-13.0739
-156.428
259.728
21.3503
-22.9655
74.7131
136.457
-238.138
10.476
161.501
-66.8354
96.4376
-56.6085
5.36829
51.2402
-9.60418
258.21
-117.697
-13.7932
77.5004
-224.851
-148.419
255.461
45.059
9.86376
-30.049
25.3782
-26.6453
-63.2775
-14.9714
-148.766
34.8345
82.6083
55.8057
-50.4621
-242.18
10.687
-33.4247
-5.44873
199.966
50.7068
301.416
-38.3657
92.2663
61.2928
113.096
-146.199
-3.8352
-210.619
-147.039
215.538
10.1319
-33.2336
-27.6454
-44.6866
-35.1046
274.193
-213.983
-20.8142
-13.7078
-25.4549
85.0169
137.702
-91.6102
-53.6396
-66.8335
-119.561
185.712
-235.947
161.892
-224.62
183.613
118.768
-4.62754
96.6982
-238.162
2.15454
2.19331
-2.02844
-1.93084
-2.05468
-1.90126
0.498353
-1.39613
-266.231
121.922
-2.06011
169.337
-195.375
-51.4769
-24.5604
18.4341
191.664
-140.422
-32.5084
15.2015
5.51761
1.285
65.8647
-218.691
69.4343
182.633
1.5675
71.9515
50.9603
-1.38575
109.983
-72.3137
-76.1057
296.294
-99.2867
274.822
-60.2093
97.8055
-33.3166
-39.3096
176.502
-7.02335
-42.0357
292.717
-254.973
242.786
-86.4496
3.23618
275.326
-93.0843
-53.4262
-28.0564
15.3814
227.815
-134.754
87.8378
33.1621
6.89491
3.79212
-11.7365
39.3338
107.239
21.6747
2.8406
-75.6483
-27.7376
-24.897
-31.2438
-59.2255
-11.029
20.1282
-4.42985
73.8836
-138.782
54.157
-42.5969
50.9437
-22.7144
)
;

boundaryField
{
    frontAndBack
    {
        type            empty;
        value           nonuniform 0();
    }
    bottom
    {
        type            calculated;
        value           uniform 0;
    }
    inlet
    {
        type            calculated;
        value           uniform -2000;
    }
    top
    {
        type            calculated;
        value           uniform 0;
    }
    outlet
    {
        type            calculated;
        value           nonuniform List<scalar> 
14
(
1999.99
1999.99
1999.98
1999.99
2000
1999.98
2000.01
2000.02
2000.01
2000.02
1999.98
2000.01
2000.02
2000
)
;
    }
    car
    {
        type            calculated;
        value           uniform 0;
    }
}


// ************************************************************************* //
