/*--------------------------------*- C++ -*----------------------------------*\
  =========                 |
  \\      /  F ield         | OpenFOAM: The Open Source CFD Toolbox
   \\    /   O peration     | Website:  https://openfoam.org
    \\  /    A nd           | Version:  7
     \\/     M anipulation  |
\*---------------------------------------------------------------------------*/
FoamFile
{
    version     2.0;
    format      ascii;
    class       surfaceScalarField;
    location    "4";
    object      phi;
}
// * * * * * * * * * * * * * * * * * * * * * * * * * * * * * * * * * * * * * //

dimensions      [0 3 -1 0 0 0 0];

internalField   nonuniform List<scalar> 
11512
(
156.125
-498.027
341.901
-743.915
-10.5557
754.47
403.217
-376.172
-27.0447
617.35
281.769
-899.12
1511.1
-1069.46
-441.639
1216.29
-1527.13
310.842
-73.6049
481.143
-407.538
168.709
-842.756
674.047
962.136
-1610.84
648.703
-1753.72
1661.18
92.5468
-542.946
1759.24
-1139.98
1933.9
-793.921
608.85
181.17
-790.019
-23.8874
-1309.67
1333.55
219.297
-1973.02
1024.73
-381.64
-643.087
-166.737
322.862
486.372
190.723
-677.095
1156.31
-1312.94
156.632
-307.074
379.461
-72.3861
997.699
-1305.93
308.228
1221.5
798.998
-2020.5
70.8932
-1634
1563.1
-456.962
-1181.04
1638
477.622
182.114
-659.736
-198.745
-299.281
498.253
1012.84
1640.72
-1796.71
155.99
-81.6258
-1694.95
1776.57
-1558.77
649.802
908.964
-306.602
654.341
-347.74
-195.529
-148.963
344.492
1279.51
-1208.62
355.173
-1407.47
1052.3
-1754.33
1754.33
100.688
1523.94
-1624.63
-1076.94
-481.827
635.958
-709.562
-383.305
941.664
-558.359
1331.95
-1317.33
-14.6199
-1100.59
717.282
628.626
396.101
-382.547
-46.0376
428.584
-431.125
752.948
-321.823
-1618.51
1618.51
1253.59
-1437.9
184.306
-488.4
1709.9
1256.47
-314.807
1660.75
-1161.26
-499.493
84.0423
-391.117
2064.45
-1134.26
-930.19
1805.57
-164.847
456.811
156.245
-613.057
-451.046
968.378
-517.332
-1164.19
1264.87
-568.877
971.443
-402.566
402.835
753.474
661.692
-492.983
-438.578
596.822
-158.244
1190.71
-835.542
2308.18
-1080.66
-1227.53
1163.22
-2007.53
844.31
-1595.29
1571.41
440.779
-1580.76
-759.195
1250.83
-491.64
-673.643
367.041
1661.48
-699.341
-1106.93
-870.893
1977.82
659.726
-350.809
-308.917
689.728
566.743
-258.204
1511.8
117.493
-321.549
204.055
-284.994
762.616
-335.512
566.831
-231.319
-324.702
811.074
-319.172
-150.112
469.284
328.749
74.4677
1449.01
-451.306
-963.29
475.999
487.291
281.017
90.1489
-371.166
950.348
-341.498
-1700.12
662.486
1037.64
15.5071
-847.127
831.62
-281.929
597.459
-315.53
156.608
-1093.75
937.146
1051.81
-1067.36
15.5489
373.059
519.332
-892.391
-245.618
702.429
-1103.99
-482.007
1585.99
-678.53
951.453
-272.923
1360.51
-1442.14
-614.145
270.971
343.174
-470.188
-1011.58
1481.76
-540.166
-792.312
1332.48
576.548
-996.789
420.241
-266.166
-317.635
583.801
410.078
-292.584
-1034.87
583.825
955.376
-798.767
-110.302
944.069
-833.767
-211.117
420.443
-209.326
-618.208
-345.082
-386.741
963.289
1856.38
-1856.38
-453.682
-160.462
-954.949
1549.51
-594.565
492.632
-929.927
437.295
-924.312
355.435
-941.911
-1058.08
-1485.37
347.83
1137.54
-288.702
906.052
-302.42
611.327
-308.907
-1941.9
999.993
-1133.15
-352.22
540.261
-1495.21
1728.51
-1725.53
-2.97999
216.016
-597.934
381.918
-1450.19
972.998
477.193
291.023
212.365
-503.388
311.23
-646.743
243.306
-420.152
176.846
2014.13
-860.876
-1153.25
-545.481
162.935
618.946
832.336
-1451.28
-184.892
428.198
431.12
877.078
-1308.2
-909.767
394.988
514.779
-1044.53
1447.37
-1068.84
309.644
753.857
-99.5161
530.434
-276.66
-253.774
989.758
-513.759
593.304
-1403.96
810.66
-1342.39
238.406
-548.536
266.607
-1179.22
890.52
1944.48
-990.643
-953.841
276.803
1579.57
-2092.24
893.487
1198.75
366.819
-31.4475
-335.372
-224.265
483.531
-259.266
-115.21
-376.99
492.199
-469.028
149.856
342.566
-129.257
621.889
409.272
389.611
-798.884
-2033.86
1106.91
926.949
461.908
-534.263
72.3545
222.874
-364.935
142.061
1025.78
988.346
1775.52
-251.577
702.878
-431.907
797.26
-1390.12
592.857
332.92
326.806
1044.79
-1029.28
-509.446
-217.715
727.16
480.625
-137.579
-343.047
798.034
-616.864
573.305
-733.52
160.215
503.33
1157.42
-1240.18
700.016
1050.9
-1507.86
-3.13604
-1439.43
1442.56
324.894
825.425
-1150.32
623.561
269.967
-893.527
-2271.18
1134.67
1136.51
-1109.87
-1161.31
210.111
363.194
958.651
-633.758
879.388
-899.113
19.7247
-2099.38
992.452
-226.296
-190.475
416.772
-41.708
1770.22
-820.174
76.2596
-1026.48
-1065.77
-230.269
453.143
-649.148
195.466
-253.795
-425.671
679.466
1104.05
-1574.24
783.127
-1374.55
591.418
693.906
-412.136
1947.88
-1444.55
-378.289
-1376.04
84.5281
396.615
-527.738
517.182
4.79417
-562.4
557.605
572.288
-281.266
-606.312
280.639
325.673
779.854
-370.581
34.1179
332.701
1188.47
-1191.61
180.837
229.241
392.648
-646.443
619.992
-1006.73
-2026.7
2026.7
-241.328
-450.288
691.616
699.327
405.88
-1105.21
580.03
173.828
395.659
384.194
-2199.75
1328.85
-926.885
-678.562
1605.45
-495.947
-683.275
-266.558
543.183
-276.624
824.711
-179.444
-645.267
-425.122
641.138
375.755
-678.176
-341.775
-138.345
480.12
-1322.2
-474.513
610.54
-1106.49
-374.156
-1244.35
844.324
1463.86
301.581
-929.534
627.953
967.167
-338.541
1391.48
-798.178
447.558
-266.721
-329.738
-869.804
556.097
313.707
-315.265
-554.539
307.132
-422.341
-215.776
-153.362
369.138
-392.743
1092.07
435.516
-244.793
-396.009
1343.62
-168.359
-1175.26
-467.583
268.418
199.166
235.001
236.135
-471.136
27.4057
-760.926
592.076
-1728.99
1136.92
1481.37
-862.426
-1049.4
-400.795
-1057.78
573.336
484.444
1369.57
-396.571
929.517
-1411.52
-161.265
-208.778
370.043
-469.697
581.998
-1626.53
427.964
903.99
263.896
301.194
-565.091
568.071
1186.26
1104.95
-716.285
-388.669
408.086
-219.854
-188.232
-1419.47
444.747
738.8
-1183.55
1473.44
-543.926
-493.879
917.629
-423.75
426.143
1186.16
-1612.31
47.3269
-725.857
-145.409
426.427
215.292
-410.821
521.495
468.263
-627.131
62.6966
564.434
1024.54
-1307.67
283.133
662.61
-266.951
468.237
-1447.26
979.02
418.243
1685.77
-522.556
909.857
1034.63
-663.139
-1684.51
757.62
567.035
389.564
-956.599
453.321
78.7689
1749.87
-1828.64
1443.76
-379.492
-1064.27
1699.08
-1740.79
-368.052
-511.415
718.714
-207.299
-502.593
185.826
294.799
-373.228
-1226.01
214.43
-764.585
-639.379
-665.614
1003.91
-338.298
-653.698
643.732
9.96561
655.083
-923.742
268.659
-743.792
371.106
372.686
-649.007
-679.975
356.706
323.268
-932.361
1400.6
-410.691
883.52
-472.829
-2205.31
5.55781
183.288
-539.258
355.97
141.293
1202.33
-93.4799
-555.668
160.744
-599.322
1487.24
-704.114
375.455
-467.496
92.0405
-565.982
565.982
1223.06
395.449
1777.85
-1229.2
589.126
640.07
850.293
-52.2588
1291.34
773.107
-539.93
1337.19
295.082
302.377
281.937
-793.351
236.391
-667.517
231.967
-445.741
213.774
-226.701
573.788
-347.086
132.059
-358.761
-592.07
-564.571
1156.64
-359.616
519.012
-159.396
-1192.16
2032.04
-839.886
1290.34
-331.687
-402.737
136.571
-1981.48
800.436
1518.42
-843.742
-674.681
1986.94
-877.421
-1109.52
713.554
576.784
-241.27
473.237
-676.914
1129.14
-452.227
-770.283
1201.4
551.519
924.696
-1724.84
800.148
-535.26
-69.3582
604.618
287.28
243.154
414.197
-108.61
-305.587
896.905
-83.4551
-813.45
903.013
-547.067
-355.946
1576.21
-472.165
887.356
-1625.44
738.081
1068.48
879.393
750.922
-445.507
-305.415
-1059.05
-258.285
556.045
582.108
-1138.15
-445.42
489.463
-44.0431
579.49
-347.24
-232.251
-982.122
571.43
596.872
884.5
-441.841
1096.92
1404.96
-769.954
-635.006
399.16
-926.71
527.55
-1006.3
388.09
536.865
-1030.74
445.396
-505.923
60.5269
462.776
290.172
-517.257
-48.7246
-794.694
-876.972
1671.67
195.496
212.59
-217.076
427.187
-34.4506
-536.412
570.862
487.575
866.478
-1354.05
-530.079
314.303
985.887
-88.982
836.521
-1065.04
228.521
381.055
846.635
-1386.57
-441.997
831.608
1976.35
-1282.76
-693.588
270.111
609.277
255.95
795.86
74.1261
-955.575
881.449
1673.75
-1089.07
-584.675
-137.838
1887.71
-1866.05
-160.659
483.616
-621.801
138.186
-1015.23
526.431
488.796
-1730.48
538.319
-955.91
845.608
392.796
204.026
587.812
-286.231
-426.076
712.358
254.808
79.4026
711.989
-791.392
-1139.12
-890.13
2029.25
-532.957
1087.76
-554.801
-453.096
-334.954
108.658
-1653.8
859.106
-879.72
-582.953
1462.67
-331.9
-295.364
627.264
365.926
-640.851
274.925
234.497
-605.079
304.053
214.144
-518.196
330.036
-596.594
613.244
-247.318
315.954
-466.066
671.296
402.047
-167.046
-371.945
-308.03
1214.72
-3.61089
-1211.11
1040.1
-420.107
560.716
410.728
-1782.38
869.828
912.549
495.702
542.286
-1037.99
-535.674
203.774
-262.486
1180.53
-918.047
-1590.9
1212.61
504.679
-1096.75
389.474
-14.0183
423.034
293.384
-716.417
373.492
-619.11
-29.8454
755.213
-725.367
-526.169
796.136
375.275
322.723
527.569
655.058
78.2596
-387.416
309.157
1059.03
-645.27
-413.761
494.009
-1664.27
1170.26
-1140.45
1753.25
-612.798
1715.81
-1123.73
-335.361
616
-1182.46
1256.58
425.284
-796.707
1596.72
-800.011
-243.8
-223.783
-889.006
1469.35
1811.37
-611.525
-1199.85
-404.98
637.006
-1302.62
-124.77
-34.5586
448.755
-673.352
-354.173
-1236.72
-225.987
460.485
903.856
-563.058
186.068
-1674.51
-71.1896
1745.7
-1052.19
519.238
571.277
-1181.16
609.879
901.204
910.166
630.805
620.03
672.857
244.773
-1123.85
446.937
-405.752
410.547
622.652
-515.642
251.866
-735.874
484.008
672.605
-339.685
-334.165
185.202
-588.381
223.073
365.309
-888.528
-736.909
1087.67
-2145.75
400.152
-685.145
-342.974
-724.385
833.054
571.905
-351.189
305.152
358.55
202.83
662.876
-865.706
528.97
600.171
-521.251
179.476
362.843
-604.171
-1046.16
-846.749
1892.91
-1790.98
156.986
1107.3
-1369.79
1153.67
-733.388
-420.277
-503.414
1350.05
-1495.55
627.876
867.678
-287.426
-210.671
498.097
1428.39
558.55
322.851
-461.197
-486.886
-564.15
1051.04
-417.933
601.221
1582.16
-1128.72
-453.439
-763.099
312.811
654.938
404.093
-1623.43
416.157
1207.27
-202.963
507.015
797.945
784.214
194.407
-671.568
477.161
208.146
212.297
-293.045
-110.056
403.101
468.171
4.63281
-472.804
-1628.78
579.379
-1601.35
1665.01
-63.6551
9.05595
-1610.41
1069.61
746.061
-323.027
-798.72
-207.578
-1134.59
-239.959
-312.415
685.908
-1812.35
-623.904
1206.01
208.145
760.233
-1329.16
-678.366
-465.315
593.947
-330.051
-1013.28
1350.76
-1932.82
582.063
645.898
1288.01
486.503
-2.97243
718.01
699.336
-1417.35
-641.473
339.442
302.031
440.981
-100.296
-340.684
156.314
283.573
171.383
-454.956
-576.168
1143.2
470.39
-604.816
-462.325
-401.998
864.323
-336.539
175.274
-461.409
168.824
-306.173
-709.053
548.954
-107.973
-569.294
968.454
579.307
-269.97
-309.336
456.518
-781.22
-645.575
428.326
-1129.42
-831.278
1179.11
-569.771
460.601
266.56
-440.06
89.2515
1029.48
-316.594
593.639
-277.045
-509.044
1578.65
-674.339
224.68
381.505
-606.186
210.801
466.954
-17.5352
-449.419
-254.328
-207.081
1009.36
1108.95
564.795
-864.495
934.977
-70.4828
-456.333
168.907
-718.045
292.373
-599.725
317.832
354.773
812.293
-1224.09
411.794
778.246
-808.091
-948.976
-550.38
1499.36
-152.398
453.593
-525.083
248.423
1299.49
760.895
-566.487
1303.76
-693.218
488.023
-686.177
-416.17
-424.064
-378.822
802.886
503.428
-844.926
-437.02
81.3288
355.692
-324.493
572.403
730.307
-330.155
-245.757
-176.441
422.198
-493.774
148.303
345.472
1456.63
80.0187
-1536.65
-749.146
1346.02
-1144.76
-466.081
535.046
-153.541
1149.85
-371.599
1083.51
492.702
693.665
-411.728
-885.15
-522.324
-1328.47
-28.8697
985.149
-956.279
597.422
315.65
-913.072
-317.492
-227.99
-681.523
405.517
1621.19
-165.677
362.483
353.773
-716.255
-1839.79
-2106.68
1519.14
587.539
-2037.91
342.965
348.995
538.126
-887.12
-460.275
1020.99
-381.69
-674.462
1056.15
-2030.53
1391.21
639.318
600.858
-982.549
53.8666
391.529
387.011
201.324
246.234
314.556
949.853
853.776
681.606
-326.844
-354.762
-295.004
623.508
-328.505
574.907
530.047
565.575
514.98
-1080.55
-796.252
-699.302
753.25
396.595
-421.164
696.089
-1193.42
1609.58
407.177
-1081.64
-320.16
534.304
-1384.5
861.91
522.592
-716.673
-355.813
-793.466
370.09
423.375
447.034
718.542
-1165.58
1068.59
-572.893
-394.455
655.338
-260.883
254.341
324.966
-468.828
-432.201
901.029
-242.596
550.338
-942.672
392.335
-467.382
600.599
-1681.26
423.741
671.261
-1095
523.905
87.4219
113.407
-2212.79
533.955
-73.3548
1443.84
1777.09
-217.553
-1559.54
-438.41
1789.17
-1986.9
1194.45
792.449
405.194
345.728
-32.0828
865.137
-1283.56
718.984
-870.826
-823.708
794.839
313.794
52.2554
-366.049
229.028
183.707
-412.736
1549.01
-831.002
-1530.94
-325.432
466.573
-193.084
-273.489
395.578
367.037
235.215
358.732
-8.39178
1001.24
-992.852
375.073
266.639
-641.712
-734.026
1817.28
-1083.25
-343.142
738.721
-1213.19
-411.445
-916.447
484.246
560.979
-773.694
212.715
763.002
-381.573
-381.429
-420.616
-443.879
447.99
1065.83
1236.27
-664.993
802.266
-345.748
388.009
303.607
-254.9
-212.596
-195.237
613.48
408.208
-848.871
440.663
202.663
357.337
-560.001
-423.443
831.651
754.702
-1147.45
878.197
-65.9045
-492.585
273.808
770.979
-95.5831
1383.59
1890.5
-73.5918
342.009
-320.245
398.505
-1085.45
1077.06
610.288
376.662
386.341
56.955
409.618
266.693
487.777
-371.171
-270.302
-564.14
-89.5581
-357.728
369.902
-12.1741
-258.639
-289.897
1011.1
-1540.73
529.626
-201.378
-174.794
-385.041
651.68
-1627.99
1591.07
-963.191
247.126
-663.297
584.311
1224.42
-1808.73
607.409
983.657
294.426
-1119.16
693.082
-288.791
-276.3
1370.71
-1442.21
821.81
620.395
406.999
-616.357
209.358
-354.563
473.455
-118.892
364.893
103.278
1723.69
461.975
-253.829
557.62
-1704.79
1147.17
-91.7903
395.302
343.464
338.141
-448.544
-616.002
1064.55
421.927
-863.925
-641.302
903.108
570.335
-498.696
-245.097
-439.731
-409.139
-307.196
-827.39
1821.11
-1821.11
-106.001
-1585.11
1691.11
293.418
286.072
-917.351
-555.295
1472.65
-408.258
973.833
-587.005
-1041.77
680.47
384.605
-1065.08
479.579
-163.624
573.059
1220.35
-1793.41
-1046.13
2116.45
-1070.32
-374.39
-299.252
-491.665
804.475
-1748.37
1598.55
149.822
1748.37
-1601.6
-146.772
-246.893
526.429
-279.536
-537.281
1620.79
1558.4
-1969.84
1068.56
-285.587
-245.272
530.858
243.924
-564.084
-692.434
271.27
1340.9
635.455
577.674
485.928
-1063.6
284.21
409.455
875.465
500.116
-1375.58
531.183
-1018.07
1574.97
-563.865
-777.15
-368.518
-109.416
477.934
-489.957
1208.5
-742.87
334.022
368.407
355.146
258.498
-613.644
599.07
832.032
-603.511
266.926
668.051
-498.696
-319.836
-222.654
542.49
1168.57
-667.59
611.267
465.046
-1076.31
-1286.76
1286.76
-387.165
763.826
-287.487
-474.387
761.874
483.373
449.194
-932.567
388.398
-675.885
613.639
-869.26
255.621
-367.398
-496.382
1074.06
-662.503
-709.035
1371.54
-374.978
925.315
-1552.69
675.267
37.9011
-403.016
365.115
-497.339
692.805
241.993
331.795
171.716
307.862
-508.37
219.58
1869.27
-1964.85
270.759
-695.881
445.28
-822.162
376.883
-921.457
1407.31
-485.85
-429.927
-486.52
600.693
1124.21
-1724.9
-716.729
342.339
-460.127
1035.03
-770.207
1037.13
-380.136
-630.364
-475.541
711.932
540.939
-358.825
905.301
-300.63
-193.144
1599.02
-1816.57
-344.664
-598.008
-332.4
480.703
249.064
-579.115
-181.382
1056.47
-782.664
216.813
-278.021
-287.728
565.749
396.247
-874.28
478.033
-488.163
-445.111
-929.534
-333.048
560.956
-227.908
-446.763
-417.596
-320.121
-198.076
-379.498
637.996
-448.089
751.696
-1073.13
624.583
-1410.62
530.896
-27.5945
-1833.93
1861.52
569.89
-449.419
1204.03
-684.797
315.75
-315.75
669.975
-432.046
1042.99
-1630
-1158.73
-947.947
293.65
329.858
881.401
715.317
-484.942
-302.593
787.535
1656.2
-1683.8
-434.741
351.123
221.165
1135.36
-524.089
-943.332
1550.47
-607.14
446.83
-245.506
385.635
368.419
-754.054
525.867
474.979
-1000.85
-332.194
666.216
-37.8245
1907.09
1583.25
992.945
-1697.06
727.248
-1177.24
449.996
-492.464
1367.93
838.044
-1341.46
-543.409
257.823
793.143
-403.579
554.695
-1187.72
633.021
-639.26
-1215.54
-695.643
1911.18
-204.246
541.7
-337.454
-166.532
284.678
-488.924
326.28
374.028
-700.308
-1480.33
757.859
722.472
884.112
-1434.49
826.57
-431.582
220.883
-366.293
-575.655
255.818
-633.925
-750.577
699.224
505.816
-1205.04
394.97
-205.513
-189.458
556.578
-959.145
-560.352
-426.536
718.91
-831.274
-1155.62
-1437.98
499.627
938.349
16.5721
-619.551
329.391
290.159
-1309.72
1045.57
264.144
-616.989
-456.138
-665.974
921.925
403.753
-205.031
-198.722
508.164
980.713
-1488.88
975.061
-563.588
166.994
396.594
-388.059
667.704
-396.946
-509.716
177.315
234.511
-1517.27
533.261
535.334
-734.784
237.445
159.383
-460.013
373.421
-818.532
1954.16
-1195.39
-758.769
406.619
-659.196
252.578
324.536
321.698
126.612
-448.31
-563.009
195.515
266.46
-691.709
1374.4
-682.692
424.097
452.768
-1169.44
267.79
1866.78
-1013.59
-853.188
785.091
-516.199
183.151
1402.39
-975.206
-427.187
338.359
-770.405
-616.495
1725.45
613.589
622.681
322.306
-8.51205
273.249
-1138.45
1725.72
-587.27
-1763.52
820.188
1750.55
-1682.06
-68.4927
-658.849
253.097
559.37
-699.449
223.908
1402.8
-564.759
393.64
437.968
-1858.53
1420.12
533.453
-415.511
-117.942
214.449
-534.57
-276.981
-176.115
-353.714
697.178
-569.752
201.234
604.892
553.849
-1158.74
1113.67
-1947.41
833.747
165.948
314.173
-1698.68
1660.85
319.991
-731.719
-164.935
385.818
750.627
680.481
-1431.11
1071.6
-1075.21
528.98
-1101.87
-632.474
254.524
377.95
512.721
-289.648
-595.252
-1034.74
300.138
-717.734
-912.319
187.137
166.11
228.861
380.205
298.338
-678.543
-626.461
-833.934
-978.417
493.543
-1056.55
-279.025
478.191
535.945
643.164
-280.179
-122.558
-409.957
704.383
275.84
-1197.67
571.209
1306.4
-555.769
446.031
-1006.38
-388.152
156.516
376.938
1023.42
551.549
-1712.62
1606.62
1624.52
-553.911
-1070.6
1902.45
-1890.71
-11.7348
195.565
-515.81
-335.718
552.531
-761.508
-316.606
-342.243
1029.26
696.077
-1495.68
799.607
347.358
-26.1913
1625.21
-1073.01
405.424
-1228.36
451.21
-59.8588
1516.49
1197.54
-470.29
-489.165
-74.4233
-260.898
736.01
-1951.55
-711.728
347.97
-535.914
187.943
191.591
-508.186
1139.91
671.548
-1811.45
-591.597
176.085
942.11
-1497.41
-210.498
678.924
-468.427
882.45
1117.55
-735.089
1348.68
589.544
-475.826
-113.718
-349.082
1170.89
1036.31
-1981.27
944.963
-1170.16
546.254
1488.84
-585.737
-367.625
-153.626
-1240.09
575.101
1160.25
-122.617
946.066
775.451
-1721.52
-215.088
578.44
-1541.77
963.326
486.988
916.712
-1403.7
616.286
589.726
380.255
-1106.65
591.474
1105.46
1216.01
-452.385
-763.627
-1186.2
-1754.95
-8.45574
-1704.17
-205.529
-410.827
1606.1
-626.547
-979.549
-490.873
1121.68
-1316.49
637.545
678.942
-1360.66
1440.67
-1329.03
593.938
1520.55
-386.63
-557.256
189.631
-1475.37
241.299
176.386
216.603
372.941
435.89
390.971
-826.861
506.332
-939.093
900.969
-1444.9
-685.098
232.413
452.685
-1038.5
462.33
-469.7
863.34
697.145
31.7457
-517.41
179.956
-886.565
-1318.74
-716.906
350.878
366.028
405.974
-724.465
318.491
-480.432
-189.382
-709.732
717.568
1539.52
-593.451
810.713
738.3
1344.84
-844.727
-971.41
-570.357
-798.699
428.199
370.5
-1037.1
-644.385
305.371
339.014
-1433.69
-296.782
-791.911
399.07
392.841
-640.7
391.32
249.38
-669.92
272.975
412.833
488.196
390.046
441.605
479.558
384.765
597.048
-970.276
671.958
471.245
454.06
356.686
-810.746
1630.77
-1079.91
-550.861
-504.461
-282.239
-1027.48
454.88
348.006
409.685
594.547
-1004.23
-1379.56
753.011
-535.514
1145.39
353.964
-70.3904
412.313
-866.5
454.187
-1892.42
307.317
442.013
-727.161
285.147
-186.794
407.147
-220.354
-663.873
310.018
353.855
-675.985
321.223
371.188
392.638
613.048
-1021.31
753.769
660.974
-1414.74
438.804
625.742
340.15
393.229
-733.379
410.032
328.688
603.925
669.465
396.37
587.482
-1012.64
425.159
-1667.27
1200.88
466.387
1696.6
-539.174
621.736
-1147.64
525.906
-643.771
348.407
437.394
-935.968
498.574
738.957
-445.573
351.478
345.7
561.596
-906.26
650.902
-1253.64
602.733
362.111
735.014
-1224.97
769.82
509.485
-1279.3
477.423
408.124
-885.547
-501.63
-936.346
-304.712
630.992
352.675
542.236
-894.911
333.667
332.549
-502.178
1944.74
437.413
-847.686
410.273
-917.911
-806.933
-750.112
368.683
-1208.74
438.532
-1728.39
1601.6
126.792
1743.66
-1598.55
-145.105
-785.479
-595.16
267.173
327.987
-1750.55
1969.84
538.378
791.852
-1330.23
440.1
716.54
690.49
385.641
-1076.13
-81.4762
1617.15
-593.737
381.742
822.293
-650.82
327.187
323.633
-378.765
-298.217
552.558
-224.628
436.993
281.633
-668.239
386.607
266.1
-581.63
-283.92
442.549
-1034
591.456
538.041
1092.73
366.08
597.209
312.238
352.855
-665.092
1615.19
-919.116
1691.73
-1520.33
-171.398
-329.06
-824.483
415.343
857.589
-1068.09
-609.169
280.665
-1090.61
1628.65
-1577.79
-80.698
1658.49
-341.997
-350.735
-370.614
536.353
599.002
-504.457
-29.8058
-550.03
508.929
-284.518
-224.411
1740.31
-1292.32
-626.939
300.245
326.693
405.741
357.281
734.79
-297.081
-399.235
-1743.66
1683.8
459.539
-1101.33
641.794
-44.0645
1650.68
571.451
476.462
-1047.91
104.475
1145
-1452.19
-17.5297
-1874.89
229.393
-600.552
308.135
292.417
-955.695
612.721
-899.26
469.334
-1128.88
673.839
455.045
356.386
268.748
-753.69
-312.806
1217.65
886.988
699.006
-1183.09
456.163
726.925
494.315
701.117
-1195.43
-359.535
-249.135
415.245
-961.399
438.534
522.865
21.2583
-1879.79
1080.75
-467.116
-490.504
558.003
-1378.34
820.338
-421.784
798.667
-405.57
495.905
-713.242
1722.6
415.448
-186.588
216.533
-172.244
-247.205
419.448
1895.32
-504.11
-1685.62
1051.85
-603.14
304.922
-1014.45
554.173
-313.84
544.267
905.377
-1449.64
-1104.1
438.122
-20.6773
-1944.17
1710.62
-674.313
-540.853
460.704
-1190.71
730.008
191.176
212.578
-282.413
768.067
701.287
838.825
818.905
-462.218
1085.28
-465.946
481.187
-194.951
-286.236
-1922.64
-714.475
-318.919
-643.963
-6.67939
650.643
469.597
-274.082
561.922
1053.27
-799.85
925.59
1244.5
-425.413
-201.988
-223.73
425.719
953.868
-888.592
-328.889
-1068.34
612.206
1554.23
-796.366
537.617
935.029
-388.684
736.512
-347.828
1130.59
-276.734
322.931
1349.85
-704.836
-221.874
448.298
-1198.8
750.498
-1003.36
-94.6693
1098.03
442.536
-956.399
513.863
175.521
732.631
483.381
744.791
-81.9149
853.918
-425.837
1182.74
-797.1
552.062
-1465.55
913.487
-1216.66
1800.97
-431.712
-1510.19
879.754
-1402.08
-299.79
-416.628
1457.32
-1522.39
785.479
1491.52
203.463
277.723
-350.333
-1728.39
-297.971
-1004.87
1566.79
-1760.14
1760.14
1558.4
-1004.54
-635.541
-333.401
368.477
605.356
-363.732
-358.599
-1389.9
897.435
1125.16
600.559
1202.89
1789.48
-1216.42
-607.944
274.646
1658.94
-1916.39
257.444
814.083
-1267.52
1545.26
-561.607
773.751
314.007
-330.572
554.662
795.387
678.919
1350.33
-212.415
-445.073
-349.635
498.133
-341.888
471.727
736.772
-292.313
-155.997
-323.174
567.351
-244.178
26.7366
-373.977
1107.48
-1720.28
-426.818
-480.173
-565.769
864.42
689.806
-1596.57
904.859
-451.722
-616.309
-513.522
1252.32
325.159
1723.66
-1702.4
-1656.2
1890.71
-1560.88
840.311
720.566
-359.683
-1794.69
917.719
582.954
819.849
-396.857
1794.26
-680.594
-405.393
674.105
421.751
-1095.86
-1099.66
444.094
753.444
-1617.19
473.187
901.214
178.469
-405.241
226.772
-1591.25
-381.771
-421.751
990.312
-668.884
1442.99
-972.594
1855.04
243.205
-544.653
499.751
-296.287
474.32
893.608
543.057
977.493
-462.825
-428.04
573.888
883.435
-1392.71
-40.9885
1568.85
-830.552
519.952
971.569
-1475.87
-1115.9
1767.26
-1243.52
-523.734
1206.2
-318.954
-887.241
-193.594
457.632
-264.038
-457.498
-251.701
434.301
-182.6
148.079
-397.214
1726.12
-1734.58
-450.414
-530.847
-903.644
447.423
-208.35
-239.073
635.87
-446.871
-356.692
-301.371
658.063
-923.425
368.886
-1167.41
676.539
421.674
-629.761
-445.308
1570.28
-854.959
530.183
-457.87
-571.432
-462.573
365.508
-355.198
-10.3099
-1091.57
406.77
-664.686
-1033.71
1698.4
-592.468
-1423.12
714.089
562.17
-1596.28
1034.11
-374.106
-482.784
142.42
530.437
-1258.57
745.049
539.221
1006.04
-2133.18
999.99
1133.19
-347.434
413.445
-388.277
-25.1678
1478.09
-362.831
449.559
1218.57
582.114
906.73
568.262
527.416
-1095.68
168.04
-431.581
-1682.06
263.351
1127.59
-608.329
518.447
1013.82
-1532.26
1092.87
-1643.74
193.878
684.32
540.261
-869.15
-1086.56
-172.545
430.763
-258.217
-587.218
-419.396
-636.91
-629.513
347.1
-1618.5
939.941
-476.75
216.737
-403.325
537.517
-308.124
-598.259
1197.26
-1263.46
920.092
343.369
-1027.41
-351.462
-753.925
-821.523
1685.94
-476.889
1793.36
-1580.74
-212.622
-1556.65
1018.75
537.903
-722.549
-261.399
444.853
-183.454
-585.307
384.188
276.146
-660.334
-523.853
979.816
632.415
-351.751
-1620.29
1050.52
571.759
1103.56
-1675.32
-402.703
-295.787
-368.087
-742.013
-461.19
-331.766
503.482
1558.01
-995.837
-775.568
1497.47
663.338
-312.215
725.881
1152.37
-1878.25
275.38
294.988
-487.091
-1931.41
1719.36
212.054
740.533
-474.892
-265.64
531.824
1060.85
-1592.68
365.508
-1721.69
-233.209
1752.35
-1580.71
1073.79
506.917
-1720.54
-1.15445
-521.593
413.445
1698.68
-1719.36
939.826
624.323
-1564.15
384.843
-220.395
-164.448
-399.815
-270.106
72.8214
95.3053
-356.704
-433.747
-435.513
-410.121
223.328
1510.26
378.806
-217.378
-423.321
465.284
-198.824
308.953
1510.79
1002.13
-155.069
-847.063
-1104.12
1704.81
-1728.75
1064.07
-707.096
-1021.66
-1265.09
1844.99
-579.9
1155.08
-1771.13
616.049
272.307
-878.305
1675.65
43.4553
-1719.1
-491.16
-1083.08
-1726.12
-982.712
554.672
1019.63
590.214
1133.05
-1723.26
291.631
-445.171
705.708
-384.485
365.333
925.068
680.379
-378.883
-633.758
582.884
1072.58
-1655.46
-398.078
-372.072
770.15
414.839
-1660.85
1520.33
140.525
584.775
-1044.9
544.744
1083.91
-1555.7
994.096
-239.678
238.246
314.285
1902.45
407.33
-85.2134
995.863
722.753
-1718.62
-697.449
1085.37
-1557.53
167.747
-571.985
198.789
266.496
-649.539
-559.2
582.467
1034.69
-711.249
-265.509
-1368.8
676.356
692.446
-417.676
774.456
55.8348
-830.291
561.622
-137.142
1557.26
-218.946
265.616
-769.377
-1931.41
1664.63
1037.27
371.106
293.416
445.541
-930.308
-992.332
-1767.27
638.712
1693.77
511.46
-474.216
1210.99
1087.16
-424.982
1030.34
-979.726
494.76
484.966
700.065
1047.98
-1748.05
487.321
481.134
-1494.04
-747.866
31.5811
781.751
-413.067
-882.809
392.305
-538.555
-802.903
627.953
-577.095
1397.43
1055.14
195.406
235.356
-550.608
1618.53
-771.761
1525.53
-1727.84
575.243
1152.59
545.827
-884.368
-1732.67
1916.39
-183.715
1721.74
183.55
-543.377
369.107
-273.801
-481.366
1211.37
568.271
1128.33
-491.375
435.601
859.721
-463.62
-775.018
424.027
350.99
1418.69
1089.63
-518.168
1423.03
-510.674
-533.503
1044.18
-602.743
461.349
-1194.74
1691.73
1839.58
-687.21
1585.58
-645.753
-1241.54
717.683
-562.383
203.52
-393.995
457.042
-244.744
-520.611
-1246.71
1870.94
-624.229
1173.56
-551.827
1120.29
-1659.47
1689.9
-573.928
-544.909
-549.81
1720.07
-317.436
-688.024
-473.303
1223.8
-1681.76
-1860.1
613.391
286.544
-931.811
170.263
215.233
-1719.03
1204.16
514.87
1162.86
558.888
-511.198
-465.379
1192.3
178.752
228.395
588.444
1251.14
-539.174
-1238.59
1777.76
-1025.47
999.99
866.79
-204.139
-1658.94
1702.4
-510.056
1411.27
-1732.67
-366.296
23.9008
342.395
-267.477
587.507
-320.03
63.9031
492.194
782.917
-376.942
1257.53
1270.95
-413.358
853.31
-437.967
1817.43
-662.353
1586.51
-1723.66
-412.782
-732.943
302.872
430.071
-559.347
-563.235
79.7318
-1138.78
-985.581
-669.547
1655.13
-943.708
-1189.47
158.534
-403.806
-648.679
705.583
1167.45
649.977
1410.37
-590.524
1636.75
1318.19
-573.145
-495.24
198.953
-503.273
1396.88
1240.27
-563.914
-999.989
894.338
53.3498
-947.688
603.444
-506.119
1403.55
1495.1
-588.368
-368.273
368.273
-589.396
1623.51
1239.65
-486.201
1134.16
-74.7147
1851.29
-396.295
1489.51
-588.538
-507.674
1347.98
-653.362
1218.8
-565.435
1554.82
-591.491
744.414
572.822
-1317.24
-651.263
276.083
484.811
599.998
-1957.3
-976.891
1586.51
371.005
-371.005
-73.2635
389.741
436.829
369.449
-4.55659
-342.115
885.146
-523.034
-425.925
815.666
-244.883
622.833
-436.622
1543.53
-444.34
-884.128
188.504
227.588
-416.092
601.167
1250.78
-1851.95
927.982
-458.648
-355.198
126.153
-1943.01
1816.86
-453.997
187.276
1181.34
-440.454
-740.886
-307.845
-574.964
-491.538
-388.277
-482.757
258.345
1158.67
-559.672
231.454
-384.6
153.146
-22.7695
-107.674
1376.04
-1268.37
34.5443
-598.684
-586.374
-453.478
453.478
-1262.36
1985.11
-1344.4
-217.496
-1824.16
243.419
-1025.76
-974.241
-187.378
-1637.27
706.959
1229.32
-1924.96
371.624
311.535
-683.158
-1850.01
1234.27
615.739
-562.152
562.152
-959.25
-40.0324
-1866.05
-558.138
1650.87
-677.731
1636.18
-601.494
-171.145
-1703.75
-586.879
-439.527
-594.785
-467.49
467.49
-1537.81
194.524
1343.28
174.433
226.969
-401.402
489.536
512.596
997.74
-474.875
1751.3
769.002
-424.212
399.044
520.202
1702.06
-594.573
-552.96
1636.87
473.435
1812.73
-645.273
-1803.86
-1938.08
-646.919
-479.717
479.717
-583.024
233.389
-686.143
1020.01
-465.842
-1071.34
-285.172
1579.57
1852.3
1635.33
-1635.33
-279.675
739.274
1761.49
595.784
1275.15
174.555
210.288
567.397
593.939
1603.52
-1603.52
223.677
-352.842
-433.899
461.902
952.466
-457.706
-639.956
-1131.02
1706.27
281.681
-1645.08
603.312
-290.064
473.614
1744.64
-592.051
-216.632
-411.16
381.945
723.511
1738.57
-613.409
-511.76
-775.592
1960.53
-870.452
-1090.08
1642.8
-706.422
1223.98
-1824.94
600.966
317.786
-862.439
-185.995
-105.925
1098.69
-486.482
124.561
608.95
-1643.69
441.556
600.678
-1803.86
-583.272
1787.43
884.539
-1162.93
1760.49
-597.558
1783.83
-575.522
-1208.31
438.875
929.684
-1734.58
924.826
-1502.48
275.944
1226.53
-831.824
-1254.23
-380.913
75.9924
304.921
581.714
271.083
1025.11
-446.326
847.933
-401.607
821.499
737.753
-1559.25
643.637
1066.27
-24.2619
-663.642
687.904
-1744.29
722.63
696.491
150.59
-1122.71
1936.75
-674.546
-1262.21
-537.175
1665.5
826.751
963.038
-1789.79
1227.87
683.315
-402.57
712.588
838.685
1028.99
-586.458
1761.49
626.87
1773.56
-1185.63
-587.934
-376.553
-318.378
694.931
121.445
-1185.72
1660.56
-540.265
-1437.82
1437.82
1250.58
594.414
1351.6
206.408
-569.334
283.779
-193.63
699.058
1113.67
484.847
-306.095
-870.448
-574.447
1735.73
-1735.73
1002.45
-1002.45
987.33
1025.17
-2012.5
1837.94
-613.965
-581.105
811.885
-947.848
-1052.16
998.419
690.375
-1688.79
-517.257
-336.718
-645.83
-808.421
2042.69
-1246.42
-613.677
1002.97
974.851
1289.77
646.984
326.943
1012.69
232.485
336.59
1186.26
1756.87
-1756.87
672.067
79.9629
-389.299
-997.051
-539.99
1674.15
988.899
1011.1
-1833.28
-224.632
-362.248
603.377
-340.025
1849.48
-1077.85
-771.625
367.836
-44.9843
-812.251
-1662.66
1662.66
912.972
1923.74
-648.583
576.125
-479.053
1708.01
-1228.95
729.622
1837.81
1148.1
-601.849
-576.167
1144.43
-813.776
-486.708
932.715
1106.5
398.893
420.011
369.128
1223.06
-1135.32
-584.965
-644.661
-1212.58
1857.24
-103.261
-262.9
328.927
-530.915
1250.31
991.583
771.701
-577.824
1878.06
-650.189
-382.134
658.28
1877.31
741.083
-553.692
376.18
-453.688
1450.13
-748.844
1172.23
588.264
-98.164
410.696
-312.532
-1244.35
903.77
409.983
1635.95
-710.879
1046.79
905.15
779.639
766.343
591.518
758.422
995.757
726.842
1835.81
-984.044
-851.763
538.962
-330.015
306.51
-306.51
-391.223
-676.32
291.835
833.278
379.494
357.018
1888.87
-659.554
1097.91
-18.5885
-772.803
1119.04
461.395
-1140.23
1140.23
1758.13
-670.968
739.706
452.598
-201.106
900.281
-643.663
1313.64
1200.56
889.208
1143.79
540.426
1096.44
-559.356
-84.6075
-1090.67
1115.68
636.033
-1669.74
1198.04
-137.518
555.767
-418.249
198.259
-608.69
1859.47
1075.12
-1075.12
997.168
604.614
-1601.78
633.11
651.668
619.279
1115.32
767.982
-667.049
1731.12
402.021
1061.2
129.517
1563.64
526.433
713.836
-1215.35
-717.469
-527
1914.11
-1387.11
1852.19
-601.616
1513.37
-1852.26
338.893
984.272
-984.272
1772.46
-682.833
54.1486
-499.656
401.524
-647.78
1353.04
-705.256
675.42
-628.206
67.2506
534.861
608.63
-1143.49
1486.32
-748.235
1026.21
-1026.21
427.473
-334.117
334.117
337.253
1148.53
-693.724
-896.892
1590.62
1233.4
1266.33
661.06
-1927.39
-1306.82
-708.948
1423.04
1306.82
-548.742
-950.993
809.871
141.122
1154.85
-1154.85
1174.12
533.889
1202.81
-1848.08
1206.33
-1061.27
1061.27
1011.96
1036.51
818.532
586.623
-1764.16
1177.54
1092.19
-1735.44
1056.83
-594.499
-500.842
1012.3
-699.416
585.937
1291.37
1686.72
-826.411
-860.309
1048.63
-1048.63
-196.191
371.209
-175.018
-774.618
361.55
-1827.04
624.346
1202.69
-769.185
-759.213
1528.4
-329.088
-314.693
643.781
1123.38
1655.39
-715.448
268.402
205.033
876.392
-876.392
854.188
1679.35
-1035.71
634.516
-1278.18
1260.84
-1909.42
1132.27
-1794.62
-274.974
-401.346
1921.9
1135.85
-1135.85
1236.19
-1850.15
602.242
-602.242
430.362
-254.839
-175.524
613.764
954.63
-467.31
768.021
1767.13
-849.415
476.26
-852.609
852.609
1238.68
-1079.02
1254.71
-1868.39
1267.24
-1891.47
1125.51
1547.3
-761.824
-369.966
894.007
-1871.67
977.659
-344.097
530.165
-860.532
860.532
178.327
-463.5
1176.25
-1777.97
1190.04
-725.142
-1025.62
1750.76
557.14
-642.187
-186.262
-331.962
518.224
433.796
308.204
541.405
-353.461
636.754
1289.48
-1926.23
844.983
-844.983
1125.85
-1772.77
35.2731
-438.289
1659.74
1205.13
612.656
-1817.78
379.533
-762.218
762.218
639.385
-1851.97
1243.5
1055.45
-616.573
-522.284
522.284
1222.26
619.815
-1842.07
1160.33
-1752.38
1123.22
-1762.88
639.651
567.184
-1372.39
805.21
1237.86
621.605
-1771.14
1173.58
488.192
627.893
1229.35
-692.807
-1368.12
1773.64
728.363
-728.363
1095.11
-1734.3
639.187
-830.377
392.41
-718.76
1717.18
245.405
301.189
202.293
539.871
1224.3
437.512
-852.71
-804.988
1657.7
-1166.72
-660.319
557.442
-1530.94
-632.203
1062.08
-680.336
667.094
-667.094
1011.12
-1011.12
-605.746
895.202
-721.374
1875.97
-642.575
-207.829
179.752
184.89
-364.641
610.814
1112.22
-1723.04
1813.99
-576.127
-719.345
1895.6
1079.45
-1772.26
542.116
-362.64
-527.819
527.819
171.058
197.44
-368.498
1835.98
216.543
146.956
-363.499
-291.01
607.115
-607.115
-1215.66
1767.92
-552.259
682.958
-409.709
447.41
-224.083
208.857
153.809
-362.666
1802.69
-1817.28
-1745.31
1131.9
548.539
-368.584
196.444
173.514
-369.958
-1685.28
659.808
630.575
-630.575
562.751
522.382
-324.123
-2087.46
-1193.44
-675.77
1878.58
1134.39
-1721.66
-1230.65
621.939
1707.24
-1091.2
-1170.27
197.652
173.666
-371.319
-586.065
586.065
36.8882
680.094
1092.96
-1773.05
1131.2
1078.96
-653.8
294.47
742.494
-742.494
-1446.29
571.994
874.3
1083.4
-1677.97
1810.55
-604.227
404.593
-715.812
-1640.71
1039.21
-598.605
1796.64
271.738
568.832
-568.832
1633.2
-896.776
438.128
-714.421
714.421
-1097.14
-850.275
-424.469
189.781
184.326
-374.107
653.632
-1301.41
-487.527
-1654.12
1069.15
526.985
563.797
144.117
217.453
-361.57
-1204.09
1805.05
-608.591
-1280.4
-779.086
1600.59
275.292
518.836
-283.202
627.798
-627.798
1792.32
1497.75
316.245
-623.757
623.757
694.794
-445.414
564.152
-374.52
-207.063
475.465
-513.716
205.592
699.298
-466.885
-720.625
338.491
-1659
1118.73
1091.08
812.458
-545.765
1451.89
-1557.4
965.912
1003.02
-1672.57
610.916
1106.22
-1717.14
-1587.01
1023.15
620.609
-620.609
1223.54
628.762
-1123.08
1082
-643.468
707.515
-434.54
-1486.31
897.946
1034.02
-1627.76
-1183.29
-580.87
1956.24
-1001.04
526.16
982.194
-1627.95
-166.344
-554.281
1603.56
-17.0478
-668.774
1209.6
-1885.37
551.716
-1681.13
1101.49
-533.605
312.682
220.923
556.065
-1185.83
1845.15
-1528.76
958.401
-269.5
-240.711
510.211
230.05
-457.43
-384.608
1450.87
-747.863
-823.517
1571.38
740.668
-1839.8
1099.13
-305.937
484.265
-1922.59
1948.35
-1948.35
-1799.99
807.656
1881.15
-649.541
182.706
-419.551
-536.848
-346.419
-880.555
392.398
-590.523
1961.23
852.548
-491.974
-360.574
-1664.59
839.589
-1844.46
1036.85
730.403
1836.09
-283.425
1669.25
1787.52
-586.956
-1627.69
545.687
1082
870.838
-1618.7
-605.983
-667.766
-131.38
645.588
-363.907
155.331
410.651
1030.52
416.042
-1446.57
1675.32
-543.414
-562.557
1630.93
-1705.64
918.077
-482.476
-1102.82
616.34
-26.4893
-1414.67
1630.62
-524.401
-1435.35
860.903
608.814
-1679.33
1070.51
1671.41
-588.019
-1286.92
-689.769
1919.12
-1621.19
-14.1472
-368.68
-1799.18
604.207
-1180.37
-1468.08
879.547
-502.175
923.031
771.732
-1694.76
994.963
-1415.71
420.751
-64.3567
-244.482
-168.253
-1358.21
354.85
241.439
-927.615
529.333
-1516.28
747.093
-1586.18
789.817
-1115.23
2009.23
52.9202
-607.333
1772.83
942.223
151.577
-1819.5
1169.96
-625.6
433.141
-445.324
1072.19
-69.9822
-1097.39
1167.37
-481.989
1226.4
817.573
-1639.1
200.094
1196.71
760.797
-1532.56
156.368
1670.45
599.927
-1519.04
932.63
-1523.15
-554.82
225.732
-1399.42
913.216
449.458
-109.636
1199.33
-576.644
399.493
-713.777
1380.59
-666.815
-363.688
537.56
-336.326
-507.252
783.335
-1372.74
807.986
-466.807
-702.634
-367.775
-462.603
1853.06
-1066.73
-656.311
-631.419
1870.1
-1268.37
453.756
-1239.99
799.541
-930.095
860.113
-1302.87
743.52
-836.95
-244.689
-715.902
299.274
-487.173
1209.69
606.681
1026.52
-6.81774
598.291
-112.834
397.511
-225.577
453.973
954.209
1065.43
183.34
-1414.29
823.765
-749.193
-1129.14
388.25
-1338.37
765.228
-1580.67
750.12
1264.18
464.466
-229.11
-735.228
1308.05
-1082.9
-651.4
466.293
-338.151
16.6024
994.304
-1119.76
125.461
648.218
-699.581
221.833
-1744.38
-746.352
300.779
-240.187
1087.21
540.697
308.761
-849.458
-595.429
-787.299
347.772
-466.642
-23.9127
1443.66
944.51
253.236
283.638
-536.874
-686.149
1787.64
-76.0068
-425.257
670.03
184.892
356.278
282.434
-596.043
1676.89
1379.89
1828.97
367.502
1079.63
-1765.78
794.805
678.421
-1473.23
-1503.39
1095.02
-1061.5
1709.72
-651.705
315.58
-792.032
-559.657
-982.404
1542.06
-1036.13
230.281
-349.173
1067.19
-1524.62
699.891
-1499.9
-833.844
557.797
276.047
-582.543
540.159
736.536
1112.94
-1668.22
1668.22
-599.003
807.004
1147.16
928.766
-1527.77
-604.83
-949.998
-420.032
-476.744
-280.72
620.162
647.556
-1409.06
-1575.78
720.824
865.535
-1624.75
636.894
741.182
741.751
-1511.13
-485.18
1390.33
-740.466
-511.556
1252.02
-1252.51
688.595
933.236
-406.805
583.851
-1306.4
-1379.89
-1338.36
612.884
725.478
-575.407
629.527
-1275.1
-682.255
745.654
-418.71
807.329
530.306
684.219
417.814
-1158.28
334.573
470.35
-804.923
-426.504
-112.754
876.244
-1591.69
1663.41
-158.512
-1053.23
-626.1
367.394
290.886
1654.68
-556.773
1476.13
-578.188
500.142
645.671
-1509.85
864.175
-1230.78
665.345
-1217.22
-492.646
1122.17
1168.65
691.143
-1202.7
737.472
-1727.61
835.751
470.644
1010.89
-471.023
-174.751
-1052.3
-256.483
424.523
-473.738
672.314
-1569.21
-1181.88
518.736
1034.92
689.612
-1182.26
-602.073
-1631.8
-0.178677
369.285
410.795
-901.886
1526.21
333.938
793.188
-417.007
5.53501
1574.44
881.732
-345.76
323.817
21.9426
-470.331
1238.31
563.994
-1047.75
483.757
-333.938
-21.2598
535.981
-1069.28
533.296
1179.42
-413.08
345.879
-748.449
72.5712
940.722
436.563
-223.985
-500.288
-1076.3
-1192.06
640.235
-713.122
-1595.29
-658.334
799.068
607.181
871.516
-1478.7
1037.64
-1085.25
1660.56
-621.349
-481.105
-306.794
1138.41
-297.092
359.778
-383.972
24.1936
-734.615
-593.106
-1401.01
784.705
-975.968
-625.814
-46.5477
-14.1306
-235.367
469.228
-1120.49
259.411
-285.86
26.4497
-1092.12
-589.008
-678.606
590.563
-1150.23
-190.904
358.247
-387.221
28.974
422.563
384.766
-1097.44
-589.032
811.357
430.893
-494.854
917.249
628.668
-1545.92
888.113
222.202
865.106
-437.632
462.98
518.61
517.538
-1036.15
589.418
492.105
-1081.52
687.98
606.303
803.54
-1409.84
969.855
1101.77
-632.544
943.715
646.9
880.091
-39.2966
578.802
-1102.89
315.389
-347.244
31.8554
465.071
387.477
-380.772
339.077
41.6949
1112.47
514.787
-1015.63
-1626.25
864.427
1420.23
-759.261
-414.365
365.986
48.3788
1104.14
-697.366
201.644
-1073.09
1712.27
323.641
-374.884
51.2431
1477.84
-598.298
345.16
-398.621
53.4607
-627.361
263.453
-428.089
376.815
51.2731
367.562
-413.805
46.2438
367.683
-406.489
38.8063
426.736
-446.623
19.8876
-423
431.365
-8.36528
427.556
-411.683
-15.8729
407.051
-384.757
-22.2938
403.868
-376.516
-27.3516
390.09
-358.738
-31.3519
-373.794
412.992
-39.1981
391.329
-350.728
-40.6009
368.785
-327.427
-41.3579
-396.033
437.978
-41.9449
-20.6821
-802.904
488.097
-154.598
753.521
-684.232
471.522
517.873
649.801
-1458.27
808.472
-594.853
-648.004
428.193
387.473
400.745
-389.621
335.811
53.8097
369.574
-754.306
384.732
123.05
1571.4
-605.485
-1292.67
207.652
-557.984
448.784
-929.362
480.578
539.309
399.9
-839.994
440.094
1687.06
-742.547
1500.18
-876.956
-1587.79
-788.018
1763.5
-672.417
484.446
-951.562
759.552
-1354.4
1112.1
1571.41
509.729
423.506
428.32
341.666
-396.062
54.3954
-895.657
460.144
-367.765
404.887
-37.1221
-755.481
-574.409
504.019
640.41
-418.075
-577.088
1646.01
-575.499
491.741
537.253
505.855
-1018.84
512.987
-1537.45
1173.76
-679.526
1674.49
1127.73
-601.825
-327.684
-387.322
387.166
0.155985
-288.943
429.421
548.5
-1040.04
477.026
1178.86
-550.409
-545.268
-314.849
346.594
1057.99
-364.193
-635.322
-534.949
510.497
-1059.81
549.316
1425.21
-601.448
1401.08
-500.8
501.464
-982.569
402.005
-367.458
-34.5468
197.457
-879.11
-670.768
1469.12
351.991
-817.181
488.266
-945.972
1823.3
-952.46
-722.821
291.239
545.052
590.545
655.096
-1245.64
682.335
-1431.96
749.623
1074.22
474.142
-908.041
733.726
619.311
-504.569
1417.54
-1770.11
1502.9
267.21
280.255
1453.34
-1017.25
1494.44
190.655
-681.734
234.863
444.993
-863.068
-645.414
-1108.23
294.979
1120.36
-171.267
1289.8
-601.209
-1600.41
1098.23
1921.09
-1110.5
-810.589
-578.299
845.105
1042.06
425.162
-826.769
-801.128
-1122.41
-647.678
-500.474
-391.512
-1344.17
-233.622
310.181
-580.483
212.48
423.801
-831.052
211.222
-616.614
857.481
-1807.15
-841.397
192.626
180.185
-372.811
-923.691
456.308
-1098.28
895.301
1017.9
415.629
1416.06
-1521.86
702.63
275.976
784.114
1378.86
571.433
-1184.19
612.761
465.427
-849.279
-891.77
1880.67
-450.499
180.999
-557.74
1121.73
211.117
622.308
691.329
-204.915
-397.011
601.926
1587.3
-1007.92
-508.163
1148.57
311.822
-270.268
-41.5536
628.227
-1244.53
-830.511
324.154
506.357
-1122.91
-1621.19
779.642
878.056
647.032
724.506
205.85
312.023
147.621
-518.532
370.911
546.878
-298.483
689.151
-1171.14
532.716
407.023
-783.965
-784.055
-625.787
14.6309
1588.25
-984.938
-816.708
968.952
1529.16
-851.893
-677.266
352.116
-693.14
341.025
-540.044
1298.47
1269.23
197.307
209.22
-1053.95
744.775
678.262
-512.696
159.235
-463.122
255.936
207.186
209.576
1469.12
384.55
-737.391
649.828
960.516
-1520.17
198.203
332.064
331.192
-663.256
1189.42
-598.861
367.107
700.772
-361.973
607.378
1282.79
471.83
-936.194
464.364
538.573
535.389
-1073.96
678.793
-1420.81
897.206
-451.701
-597.094
1679.09
-580.328
1764.2
-1183.87
-628.791
266.817
1507.85
-770.383
-354.121
889.53
297.806
-910.539
-384.966
675.852
823.141
-736.322
1277.4
437.906
-897.766
459.86
-1063.17
-756.334
-761.41
-1062.75
-974.968
-713.826
599.495
-599.495
-7.62041
-728.451
530.714
-1513.12
812.959
201.511
399.416
-755.613
356.197
655.556
873.603
-1283.24
1813.95
-875.892
1659.2
-716.977
1267.73
-852.346
464.1
-242.267
1402.77
316.356
-600.009
283.653
-1070.52
603.879
-934.689
1534.69
809.444
-131.367
-460.59
848.063
419.849
437.005
-396.191
-40.8136
-1628.64
779.362
-541.849
167.329
1619.07
-868.951
1122.91
17.3235
1523.66
-645.894
-1127.72
-406.949
-554.391
-844.949
-1678.7
1052.6
503.525
-611.065
107.539
-254.493
339.021
-751.622
1837.71
10.8198
289.248
-603.942
-1523.66
-138.998
1099.49
-681.469
-418.017
-727.684
-117.299
583.585
268.76
-735.644
-591.145
1768.68
388.381
-739.124
1806.31
344.89
-852.142
271.182
301.91
-573.092
-330.919
361.076
351.512
-1377.16
-421.275
234.584
229.515
817.782
-1096.3
452.828
1075.35
-45.3114
-577.172
1157.17
-552.963
-940.615
-431.778
-476.001
-806.098
1282.1
-611.934
71.8318
250.474
-229.818
-937.791
1351.83
-414.04
-494.303
-683.441
1296.32
262.911
-521.825
258.914
618.835
1390.4
607.337
-1531.03
1157.47
-814.1
-463.048
-544.993
294.989
-330.097
35.1078
-525.083
-262.348
-15.245
-627.842
-1197.79
736.752
461.034
-576.507
1098.28
-666.447
1391.92
-586.915
266.885
1622.93
-902.108
727.684
34.534
-61.7627
249.809
-490.52
801.89
-514.885
911.706
630.355
1022.26
-448.926
761.411
-1370.57
673.532
-248.247
1050.97
-654.479
1154.11
-379.243
339.211
-563.986
-890.977
1597.94
751.622
1730.94
534.93
-329.337
-521.361
866.117
-496.544
842.301
619.885
364.055
-324.351
-39.7038
708.711
-1584.6
-397.288
970.079
-636.634
-836.955
-743.633
371.126
-332.766
-38.3607
-447.078
-486.52
-605.903
370.351
1080
-617.025
846.348
-498.576
570.053
-419.745
1305.87
-1672.03
687.089
-1797.53
611.125
-530.857
495.757
-839.687
343.931
232.632
-545.806
313.174
-763.627
391.731
-346.457
166.872
553.827
-283.339
-460.16
1151.3
1097.5
-669.178
-587.838
-455.262
371.216
-400.939
29.7229
-491.418
201.659
443.697
-186.93
-318.992
-303.712
749.438
-1056.23
466.941
932.521
1028.71
-429.939
360.581
330.919
485.505
1030.64
526.327
852.419
1068.67
809.446
-1456.55
647.107
462.643
-1259.31
682.221
-203.587
-259.535
137.23
-385.276
599.618
780.973
-593.964
-170.684
213.437
232.989
220.984
1641.23
-464.696
-721.131
-324.309
355.349
-31.0402
1149.62
-438.616
-711.005
440.076
-399.754
262.189
411.342
-573.079
494.147
-705.537
1129.34
186.869
647.549
1399.16
-1204.64
692.98
-397.761
143.987
-191.255
-666.875
607.134
508.089
-310.761
1101.47
-645.993
1111.42
-494.395
1184.01
734.971
-636.882
357.67
-28.9207
1510.15
-768.964
1653.8
-993.995
1370.57
-1220.14
262.348
-74.8305
602.526
-781.695
-777.557
-410.25
1246
-44.3902
-515.61
-264.717
-1190.78
-591.248
734.277
-272.016
893.29
-455.161
-353.498
179.858
236.913
582.368
-231.964
-271.424
1230.69
-590.624
-540.131
583.185
-656.725
246.601
69.1489
367.324
-330.496
-36.8277
223.043
-1073.03
766.929
283.778
-1004.91
354.283
214.522
-568.805
627.023
-231.841
684.237
-452.397
-748.007
-378.506
-1025.19
501.267
451.587
-1157.12
-853.35
338.464
-90.7238
189.659
941.36
-29.7239
495.985
-1141.98
1779.54
-897.812
-46.1226
19.1108
13.5734
18.0573
619.153
-477.47
123.6
-723.325
-435.803
-624.01
-486.61
755.37
-454.692
-962.836
-1199.99
-92.3285
-439.045
736.851
903.525
-422.947
170.895
-367.086
-12.8051
781.534
800.721
434.633
-331.291
364.191
-32.8998
-472.03
-611.782
247.589
-645.137
306.575
686.272
-235.246
309.714
1148.92
45.2272
-518.862
646.523
-1593.45
946.928
290.195
194.07
-387.302
552.791
-351.279
228.258
-667.303
-418.9
194.915
-250.833
-226.506
919.588
751.113
205.302
312.923
-952.159
529.674
-60.2507
287.387
-737.801
-666.986
-972.092
817.023
-1220.64
-898.779
296.725
-503.972
159.176
-364.688
-428.279
889.427
-340.111
-484.607
692.752
67.7359
399.754
458.248
1154.35
-712.024
43.2669
-376.713
643.53
-508.198
-630.117
732.631
-434.141
1209.82
-311.643
291.688
19.9554
1779.08
869.209
515.865
-318.557
860.012
-1428.1
-1840.34
856.292
745.44
-342.134
1603.56
513.681
122.663
-157.319
-187.603
344.923
1695.66
703.086
-1369.9
1686.77
-732.565
1036.71
-42.4108
1216.94
37.4289
288.458
-707.854
-238.651
-348.35
283.718
-770.239
1020.05
504.484
215.142
-636.893
-701.256
-140.643
1194.56
-245.647
-277.96
-187.173
-160.019
347.192
-1032.39
-224.513
-689.777
-601.503
-1286.68
511.089
-555.255
-1239.87
1093.1
738.891
-342.201
-68.9587
351.755
-316.796
-34.9588
1770.23
-500.631
135.335
-364.444
-84.2113
-434.362
938.751
-630.523
477.219
533.727
-610.17
-61.3977
303.967
-113.523
286.944
161.34
209.869
-1154.35
-410.651
-191.117
-159.464
350.58
-757.554
-806.6
-377.593
-72.9138
-899.178
-1107.44
-1464.14
-535.887
-1464.14
1466.61
533.395
1466.61
348.35
-322.607
115.526
1034.71
724.524
1265.92
-1116.1
-465.713
-840.687
-436.171
-841.684
-233.751
660.83
-378.234
304.879
-1752.03
-449.215
25.7969
-369.578
736.619
-578.163
415.708
-647.549
-466.592
635.02
-420.499
-1114.32
-725.478
652.227
-1688.36
-772.748
-685.525
1679.62
-506.993
235.569
1056.4
-562.662
-100.981
-102.15
-1449.62
570.512
1566.09
392.272
-1419.49
-446.561
-1398.54
260.921
-1019.8
459.425
444.1
1009.54
-863.324
-159.167
-202.296
361.463
-1292.67
-340.504
445.854
-233.374
-787.945
-406.792
-591.519
1486.82
688.604
349.318
-753.466
441.149
1105.05
-689.423
-823.177
-619.766
256.033
-643.72
-32.1653
-477.946
1226.56
-871.71
1459.96
-382.901
-370.216
717.684
-392.525
-895.795
-848.879
-427.778
500.133
-341.364
-154.105
495.47
136.271
407.686
-450.028
1413.07
1572.93
-603.974
-615.123
1149.98
-969.69
262.377
-309.401
-427.599
1099.97
-526.848
-221.601
947.112
-425.672
-159.106
372.88
757.554
-1342.41
-17.2219
-470.305
-262.141
262.141
-329.405
-426.209
931.984
-614.652
1296.87
-424.913
-510.277
-1585.98
810.945
-332.911
-361.939
-1193.95
1177.02
-564.262
184.344
417.364
-894.108
-723.862
238.93
496.529
-289.343
-631.607
-462.796
-200.463
-170.962
371.424
-819.73
-167.16
-201.187
368.347
-203.961
-161.284
365.245
-282.151
35.6298
923.716
-1506.67
375.649
-190.759
214.04
-986.843
1045.26
-500.211
-691.235
-374.444
1065.68
940.994
-208.534
-165.634
374.168
-376.355
413.784
1339.76
1660.46
1282.79
-1462.95
709.488
186.733
463.91
99.0431
-361.184
431.589
-306.245
789.961
-433.764
468.047
-695.664
-605.749
-466.174
127.002
487.629
-50.869
-453.797
-386.592
-651.973
-1572.23
771.106
-209.817
-166.696
376.512
-888.826
-512.144
1610.38
-1504.32
-857.212
1129.97
-1175.28
1598
1048.85
-818.798
-899.818
125.602
-613.619
1671.61
887.269
912.48
681.672
-272.127
876.79
-349.806
-274.311
-363.168
714.68
389.802
579.962
601.49
533.829
-335.625
726.568
310.735
1576.18
1378.83
-437.467
317.993
-366.717
-690.372
-32.1364
130.181
-883.076
371.109
-792.871
943.078
821.12
246.601
-260.584
481.507
264.992
-575.685
784.454
216.003
218.696
203.502
1559.21
48.3406
905.825
-954.165
474.26
-403.503
187.417
-1100.26
476.254
55.3566
820.439
908.632
-187.002
-193.324
-375.48
-358.187
-495.163
-610.896
257.397
-929.56
460.748
-468.096
-344.011
46.7751
767.241
-456.07
866.385
-100.063
-457.921
573.468
886.495
356.888
-168.533
278.725
932.318
602.369
53.3389
309.252
267.255
-1219.64
466.174
-873.525
579.64
293.885
1688.7
-430.714
-312.796
270.932
-403.533
977.528
122.205
336.619
1220.64
1514.51
-650.338
-679.837
703.576
-284.408
824.524
-540.117
-681.671
660.989
-370.156
822.234
375.617
607.418
-364.851
-1343.91
1038.82
-255.888
1857.44
-681.425
207.775
530.424
-188.677
701.273
-318.75
246.296
-1100.12
415.601
-1356.56
1339.34
406.363
-214.244
-164.227
378.471
-783.902
-1623.31
-900.06
180.239
33.361
-627.46
996.346
1190.78
-651.318
-736.804
-672.901
553.685
497.615
502.419
-1205.05
932.197
-253.22
1174.61
-530.792
777.609
-1288.81
1098.67
-96.8375
343.438
-597.694
1379.23
218.409
-617.337
-902.836
378.724
1193.12
216.96
209.466
24.0574
-931.338
907.709
-972.065
-250.592
295.596
751.023
706.509
1148.79
348.688
-661.133
-332.882
-307.298
-292.029
-706.154
-451.552
560.895
-388.279
-34.0624
83.4061
-44.369
-740.68
306.318
-1313.3
284.019
467.566
682.167
-1149.73
-1092.52
-358.759
-397.286
-1009.54
-1136.52
-1514.02
615.82
-302.636
-1103.8
-360.126
-375.655
784.262
384.936
-1074.36
-41.8642
344.249
291.252
265.486
599.276
-1001.9
312.335
-422.435
357.694
-224.675
-402.129
-205.34
-1513.13
284.31
-1508.58
-1457.74
-222.625
1078.26
21.2584
-428.73
1039.32
-512.998
-663.432
1107.13
813.052
370.389
-767.677
656.342
-256.978
-386.742
-414.189
-549.001
1034.51
367.623
-205.044
-162.578
-320.504
-790.4
-405.314
1195.71
1914.39
47.3952
359.783
169.338
-528.978
-310.71
263.142
349.87
-146.667
-203.204
-383.833
163.479
-382.901
426.168
-395.582
765.971
645.401
445.31
-421.252
-343.089
-100.821
-905.607
348.952
-238.038
-786.494
637.421
502.69
1155.8
1019.91
-1144.54
806.245
-541.89
-94.9995
1543
-568.749
1098.42
-351.136
1648.14
-102.962
-227.134
323.445
921.313
415.835
-1368.3
-328.113
-1417.49
1314.34
-632.664
708.587
-1336.86
681.521
368.335
-431.428
-618.879
-532.662
487.872
-203.348
-990.962
-830.896
301.918
1105.03
1511
1003.21
228.014
474.483
30.8826
447
532.578
969.985
550.158
-327.114
-296.64
1520.48
-174.463
888.329
-1353.78
956.049
440.254
-606.092
-190.758
-490.913
324.423
-591.374
1131.07
529.844
-316.407
296.785
433.465
-297.194
240.818
-433.004
-113.377
-795.959
355.464
-600.839
-493.762
417.077
-1013.09
197.873
1000.62
508.163
782.27
362.612
-241.656
-412.388
1530.85
-739.734
-479.904
19.8009
-730.886
1149.09
-1708.89
1158.32
-190.598
1323.09
292.777
-363.128
-174.334
585.676
-327.214
464.251
1517.2
-148.122
320.935
-539.75
1391.76
-1174.23
-1308.76
421.628
402.717
-966.378
119.315
-362.471
352.828
-379.496
462.046
1058.43
-563.199
-561.677
1203.59
-1186.65
493.433
313.427
-1189.5
-1272.29
-235.573
93.5124
-481.747
314.013
-745.951
299.39
-48.941
-609.382
418.624
-375.451
264.402
-165.934
-899.733
-472.663
-365.778
1119.26
-378.485
-297.863
291.437
386.574
427.383
-535.128
267.061
1632.56
-1575.08
-316.496
534.437
-92.1374
-714.948
294.036
45.0043
-1092.14
-420.974
-871.544
234.663
980.178
-330.413
-958.394
-331.418
-22.0521
204.084
-711.621
763.261
-687.001
481.437
-170.443
-231.654
402.097
-314.269
50.0445
-356.139
973.869
998.892
-405.044
192.66
169.952
-651.2
239.047
502.037
-541.334
1080.31
220.674
-380.94
1109.37
-621.5
-277.148
297.17
143.761
-1671.49
366.344
1326.47
192.978
75.7882
9.69911
-429.977
190.407
1473.8
180.026
-800.551
428.952
-1532.94
1544.5
275.038
-158.687
-439.997
-189.371
1107.28
167.747
-293.002
289.62
-326.941
637.676
643.811
294.61
-628.497
-968.846
178.946
-169.339
580.267
-334.703
655.638
328.766
314.764
-757.484
1187.17
38.3511
333.74
-480.507
770.216
312.45
718.309
353.601
95.1541
-625.738
910.054
325.123
-439.634
282.602
250.114
-950.576
-193.968
18.1939
-158.821
1500.61
-287.107
1323.81
-190.038
357.785
331.933
-1135.97
407.366
-801.79
362.157
-338.859
-677.472
1021.09
655.801
-487.485
-744.236
243.605
379.328
284.441
-315.399
-163.692
354.099
-559.014
-985.773
693.662
178.456
-607.86
-155.354
-760.911
-444.846
-111.974
-854.404
-141.353
1051.21
507.668
1713.29
-620.195
-83.7367
400.376
-650.971
-173.872
-164.987
-498.534
-144.719
-1462.22
411.482
-223.82
-289.193
-446.76
748.678
326.023
535.984
597.189
-295.158
564.145
219.99
996.576
-785.266
1284.88
589.688
389.625
-313.837
-544.819
-27.7811
-430.14
-1011.15
30.8649
-364.58
-382.471
48.3384
-353.73
-777.757
84.0521
10.2865
119.655
1110.41
-527.99
-130.889
804.466
268.951
-349.044
-976.557
627.323
-376.793
284.329
804.268
339.563
23.6304
-427.924
-255.832
1441.69
483.296
244.25
-96.7629
1207.18
-194.006
-181.444
370.024
-857.242
-208.869
194.844
167.627
-330.206
1380.33
-491.381
-160.95
-141.41
53.8815
14.5217
-208.156
193.634
-42.7051
44.7215
-2.01634
-336.532
199.331
137.201
319.897
-38.8914
-281.005
-202.298
233.924
-31.6257
13.4953
178.034
-191.53
-9.4683
-17.9994
27.4677
108.135
-34.7656
-73.3698
248.174
-233.652
25.3171
-227.615
327.723
-187.225
-140.498
376.881
-384.739
7.85793
42.749
-28.1131
-14.6359
252.09
75.6326
-248.974
314.753
-65.7794
-152.467
152.167
0.299482
438.305
-181.886
-256.418
-251.566
149.89
101.676
-68.7549
197.251
-128.496
354.916
28.9244
-383.84
-463.805
446.067
17.7383
-50.5244
-90.8925
141.417
-34.1143
-1.08056
35.1949
-133.052
146.547
54.6422
275.584
-330.226
-213.029
-15.6145
228.643
287.885
-411.255
123.37
-63.6945
275.371
-211.676
-15.0371
-14.8232
29.8603
98.9932
109.506
-208.499
-30.9747
34.5628
-3.5881
-30.9466
34.5384
-3.59181
-30.9509
34.5475
-3.59666
-30.7104
34.5374
-3.82698
30.6664
-34.4
3.73355
-30.7102
34.5348
-3.82458
-295.655
231.961
-33.4437
230.965
-197.522
-64.014
44.1905
19.8235
178.793
259.511
-355.739
318.693
37.0463
-24.4024
9.36534
-29.9539
-1.52572
31.4796
40.8135
151.637
-192.45
17.1942
90.9413
364.782
-310.14
71.4756
-284.254
212.779
269.709
-283.335
13.6255
147.349
-194.754
47.4053
-6.09639
53.4013
-47.3049
258.45
-217.637
172.219
33.2186
-205.438
-149.914
-150.216
300.131
-21.2495
-21.4556
166.672
-200.116
76.504
87.5469
-164.051
278.57
50.4813
-329.051
39.663
-49.1313
87.4947
-115.494
27.9991
-38.7983
-25.2158
-189.535
37.0681
-32.3668
27.121
5.24582
303.009
-33.2996
114.5
-112.93
-1.57022
1.85538
-169.154
167.299
352.269
2.64753
-71.2276
71.2276
-280.547
-19.2023
299.749
25.2714
61.8129
-87.0843
-72.4641
-2.10921
74.5733
-256.13
-102.529
358.659
-273.266
24.2926
325.047
-5.1506
71.5009
2.98967
-74.4905
72.2023
2.42352
-74.6259
71.4724
2.95009
-74.4225
71.4809
2.9435
-74.4244
72.7474
2.44843
-75.1959
72.2024
2.4196
-74.622
-31.7832
1.82929
-6.05219
-28.0621
32.9815
145.318
-178.299
1.65194
29.8162
-31.4682
-293.141
143.226
184.478
-182.623
-31.6198
-160.99
192.61
-172.36
205.342
383.43
-95.5448
19.9387
2.95714
-22.8958
-84.3625
-167.203
25.7073
-22.9225
-2.78484
-434.942
316.546
118.397
-261.68
222.789
297.161
-276.621
-20.5402
-220.064
291.54
-52.6675
357.37
-304.702
-206.037
257.159
-51.1218
-306.229
118.191
188.038
-257.691
-78.841
-35.183
38.9521
-3.76903
-37.6673
6.69262
35.9607
-5.29431
-37.6639
6.71736
-37.6926
6.74171
-36.3698
5.65941
-36.3551
5.64492
-253.409
329.995
-76.5868
-71.8784
244.098
-194.764
316.531
-121.768
176.811
-402.38
225.569
442.441
-164.653
-277.788
14.2624
-14.1117
-0.150667
45.5036
331.378
-159.364
190.573
-31.2087
73.5752
106.018
-179.593
20.8953
-4.3829
93.8173
-89.4344
-146.375
-46.9506
193.326
13.8265
320.005
-143.193
-61.2715
134.847
24.4707
-26.4687
1.99798
-37.0664
1.88332
230.247
-258.893
28.6464
-30.1583
-2.20856
182.521
-106.017
20.8339
4.87346
-11.2542
0.99389
10.2603
16.7151
165.806
-238.189
303.127
-64.9382
208.748
-70.53
-138.218
33.3479
-8.87712
-187.754
368.091
-180.337
151.351
291.09
54.9807
59.5193
96.6146
-165.369
-412.273
359.605
-326.098
193.863
132.235
203.119
-153.584
-49.5343
-169.415
-29.6717
199.086
125.166
-125.166
-253.409
213.036
-363.253
-17.5486
123.567
-29.4604
54.7319
-32.0023
35.6868
-3.68449
-32.638
36.3024
-3.66435
-32.0013
35.6867
-3.68534
-31.3233
35.1204
-3.79715
-32.6378
36.3164
-3.67862
-32.6449
36.3229
-3.678
-11.8445
6.83947
-334.829
327.989
-85.1359
-27.7939
198.496
-241.677
43.1811
-153.323
102.799
250.034
-281.654
-44.363
-41.877
86.24
0.457367
-64.7406
64.2832
-338.555
-17.1842
257.383
131.302
-388.685
8.36306
116.803
295.278
-16.7075
111.791
-299.545
-402.354
146.224
24.1043
20.6172
248.679
80.1876
-328.866
93.0387
-370.594
277.555
64.2564
-284.321
-376.467
53.5962
322.87
14.7307
-100.722
349.401
-12.0869
51.7499
-12.2341
0.979923
32.2685
242.009
-274.277
27.7509
14.9982
-7.80883
-273.436
281.245
-64.9388
-6.28876
225.254
-397.893
172.639
-24.198
-229.978
-131.591
-251.167
45.1299
31.7231
-35.4174
3.6943
-256.631
-116.18
4.30724
9.95512
-71.9068
-152.931
224.838
167.369
-68.3755
-4.36366
110.468
-106.104
-116.931
204.478
-47.7841
-40.1045
87.8886
-32.2319
0.438793
31.7931
-155.451
-255.804
172.546
22.5204
-195.067
-317.544
-146.261
-182.127
104.71
77.4171
242.369
-12.1223
-308.866
114.103
-41.0163
281.431
-240.415
-362.884
180.997
-166.5
-12.7442
179.245
-147.948
-31.645
-76.2816
16.5007
59.781
-303.102
243.404
59.698
46.8127
-206.177
61.3946
-65.7582
-77.4088
65.322
134.894
27.3367
-162.231
-272.203
-33.9582
306.161
-269.161
195.856
73.3043
47.2375
-175.596
29.2206
-164.816
-2.76926
167.585
269.415
-205.159
-253.332
93.2457
160.086
265.193
-113.557
-172.229
-190.654
21.2536
-181.313
160.059
-139.387
-238.238
57.997
180.241
-219.874
186.073
33.8013
21.7477
187.001
-317.745
34.9492
282.796
-288.958
50.7688
-126.343
147.597
-17.1537
-59.1279
-11.6613
11.6613
-250.264
-42.8768
138.413
-3.51949
-5.96891
-15.2806
79.3526
-96.5063
-253.75
309.092
-55.3416
49.3768
-33.0717
9.00319
24.0685
15.2979
83.0368
-98.3347
-1.89054
232.856
52.9879
-305.859
252.871
-20.6358
-56.7731
21.5549
156.479
-19.4162
-200.458
81.2471
-101.883
40.6049
-177.377
-13.8355
191.213
225.136
-3.63914
-221.497
6.0463
-6.21433
0.168028
-43.1812
92.138
-98.2344
277.631
4.18322
-281.814
29.0268
-43.85
-253.409
-0.919713
11.5801
-10.6604
-33.2682
-100.712
133.98
-226.98
156.45
51.9332
-57.9854
-10.7197
-12.2015
-229.165
241.366
111.866
-111.408
44.016
-34.0631
-9.9529
301.467
-44.0842
-207.103
235.749
37.1915
-8.92782
-28.2637
99.1291
-11.6343
278.018
-246.3
-31.7175
-37.7558
0.0885075
-37.7499
0.085983
-42.7939
43.9728
-1.17887
38.3845
-2.42381
-43.6209
44.759
-1.13811
-43.5853
44.5431
-0.957806
-37.7846
0.0919924
-38.6435
2.2737
-42.7987
43.975
-1.17631
-38.6369
2.28174
-43.5747
44.6558
-1.0811
45.1022
-43.7071
-1.39516
-42.8167
43.9859
-1.16919
90.0297
44.5805
227.485
-272.065
-61.8129
67.7492
-5.9363
187.214
0.615755
-187.829
24.0725
341.593
-248.555
213.376
-46.645
-166.731
213.97
102.561
-38.4402
-216.143
254.583
-15.0183
-302.727
-108.301
-73.8256
262.775
-4.32484
-65.0968
1.39663
148.262
-49.6213
-42.3412
91.9625
310.413
122.966
-433.379
-326.728
96.7495
-72.8925
25.1084
-23.9821
189.475
-165.493
242.225
-6.99853
70.1322
-63.1337
12.5272
62.5045
-75.0318
-234.219
73.2295
128.172
23.9953
-38.9655
-106.875
145.84
-158.985
11.0367
-390.2
247.916
142.284
243.817
-45.3211
61.2972
-389.434
328.137
81.5149
-338.145
71.9047
-19.9715
275.866
-253.346
-216.396
46.9812
11.4081
-11.4081
101.671
-125.653
246.575
31.0564
27.3503
243.305
-270.655
223.1
-264.116
149.562
-2.21359
314.076
-261.088
1.37848
-29.4916
0.125135
-191.007
-115.222
230.327
-242.528
-10.9993
-24.3423
35.3416
-5.41871
99.5603
-94.1416
-1.80858
-30.4233
-356.46
363.3
-42.5416
134.68
11.0346
-18.385
7.35041
-0.269049
-49.7726
50.0417
-250.231
-23.3965
273.628
4.23548
20.33
-24.5655
76.8945
369.172
-85.872
310.334
-224.462
236.423
-322.295
51.0389
-46.8034
262.277
-281.694
-49.6181
391.268
-341.65
-122.261
158.316
-36.0555
86.1168
-86.3859
63.9881
-58.8794
-5.1087
-45.7793
9.25904
36.5202
-12.4283
140.6
-47.0621
-1.45626
48.5183
-108.54
-84.6065
193.146
13.8589
-36.7813
-302.13
363.428
355.097
-93.1052
-261.992
-208.132
-226.811
-139.303
-25.5131
309.102
-35.0607
-274.041
-404.66
13.457
-185.817
-146.386
246.666
-100.28
209.356
-242.974
33.6186
-17.3196
-265.523
282.842
68.521
32.7045
-101.225
34.8387
-212.216
96.025
-103.023
-165.06
103.789
-19.7698
-218.468
9.68194
76.2255
-85.9074
148.248
-126.767
-31.533
29.2503
2.28271
-31.529
29.1422
2.38686
31.3877
-29.1449
-2.24275
-31.5387
29.1438
2.39489
-37.1468
27.5521
9.59475
-31.5329
29.247
2.28591
-31.5296
29.249
2.28058
-3.61664
29.4311
-25.8145
-60.4156
62.0675
-127.621
235.054
-107.433
-92.4875
59.2194
220.224
-249.895
23.3706
284.991
-308.362
-67.4933
23.1303
44.8522
-24.0184
256.462
-229.774
-26.6881
317.952
-367.571
-109.375
-208.087
317.462
209.524
201.057
12.3197
-44.5731
59.871
298.533
-294.35
249.165
-39.8093
-50.7337
341.37
54.438
16.7896
-52.2579
-15.0288
67.2867
203.191
-217.026
-69.0309
-46.4629
-6.11173
259.449
-253.337
-72.4641
416.666
-265.315
-267.4
92.9667
174.434
155.767
-283.387
-171.666
44.9138
-0.89784
-31.6696
-171.717
203.387
16.6516
66.0957
-82.7473
-29.8824
11.1374
18.745
71.5009
72.2023
72.2024
71.4809
72.7474
71.4724
19.6468
-225.118
194.186
30.9314
214.712
157.987
156.767
99.6798
-31.1588
-175.745
67.205
314.617
-287.267
322.309
-113.904
327.874
461.562
-350.667
-110.895
0.276138
-59.478
-193.854
61.5238
2.46432
205.418
-218.162
126.533
-210.896
-159.237
161.625
-2.38755
315.866
-92.0329
-223.833
331.544
15.9229
-347.467
-212.124
5.02093
-159.86
117.319
300.633
88.4325
186.938
12.8353
-12.8353
319.672
-106.636
-218.264
263.401
-67.5441
-181.388
182.003
-285.3
17.7806
267.52
-0.483804
-29.3986
127.952
-17.4838
-119.864
-45.196
19.7478
-197.987
178.24
119.804
-36.7668
303.258
-298.947
-4.31141
-235.276
-252.501
4.29554
248.205
26.5492
-276.781
-312.908
366.494
-53.5854
-268.447
-4.98863
-44.6113
361.157
312.412
-267.831
-446.106
358.88
87.2265
-213.333
242.912
-29.5787
195.059
106.408
-178.593
192.05
13.3183
357.037
-370.355
254.04
-114.122
-139.918
2.25149
3.79481
-7.51285
18.5475
287.581
28.2851
-24.487
78.0076
-53.5206
-66.5146
55.5153
-74.8581
91.5097
-24.0299
-18.1315
42.1614
-32.7131
-13.0662
-3.60492
-225.541
229.146
-184.911
36.021
-8.90002
17.3544
-35.0204
17.666
70.6119
-12.7199
-57.892
106.634
-25.3871
-10.6991
342.243
238.739
-129.233
100.943
-21.5901
-158.841
-231.359
316.984
66.4459
55.5461
-334.423
278.877
358.634
-377.837
177.223
-49.262
-127.961
275.876
-299.273
-69.7978
-13.5516
83.3495
-138.082
95.0187
43.0636
56.1897
-2.78842
-261.581
223.141
296.41
6.84761
-395.946
335.039
60.9077
29.882
-10.2458
351.839
5.58806
-258.089
279.107
45.9404
-138.537
-167.04
305.576
-96.9535
407.367
-247.628
108.789
-14.9713
-91.5097
-33.6566
89.2599
-24.062
-184.094
-169.477
23.2779
146.199
-16.5412
-0.253175
16.0625
28.7897
137.577
150.004
10.1621
75.632
-26.4901
-49.1419
67.7354
-83.1215
15.386
32.4585
-2.64233
-161.37
-109.132
200.394
-91.2621
-203.325
-98.6159
301.941
39.1713
-0.219178
235.053
-68.3812
263.276
-317.17
53.8942
-189.738
-256.369
-3.01231
3.00518
3.00879
3.00449
3.00934
3.02973
358.437
-304.841
77.3789
-15.9844
408.549
-361.312
166.769
-181.834
15.065
65.5769
259.308
-31.8233
-310.674
245.798
-249.403
11.7325
-264.344
230.386
422.364
-265.572
269.868
248.121
-96.2795
-151.842
64.9388
9.40929
-74.3481
58.5297
-63.9484
-242.951
13.1769
207.41
-2.06824
5.53358
-0.348276
-5.1853
262.714
-5.55553
85.0582
-359.009
24.1799
-45.2878
-20.4692
65.757
-306.876
357.52
-50.644
6.63605
-100.92
37.6174
289.432
-327.05
-24.9496
-416.101
31.362
-215.58
2.24737
307.966
-39.2989
-7.76314
7.02469
22.3518
-29.3765
376.386
-363.068
-157.726
66.7561
90.9696
-80.2035
54.0658
26.1377
18.4894
-177.727
-380.141
122.135
258.007
294.172
-29.5788
-29.6483
-29.5817
-28.8748
-29.6943
-29.6948
-54.0983
319.567
-265.468
-117.249
-77.5051
-74.75
65.8222
-6.09241
57.1313
21.6617
266.383
-320.481
-20.8714
-64.1868
53.9839
10.2029
-220.945
-22.0067
-34.1693
-116.958
75.0807
-217.639
42.5056
175.133
-26.8307
231.269
-204.438
377.252
-297.134
-80.1183
-20.9028
-3.49968
-118.182
93.6945
-177.281
232.367
-55.0858
-293.545
-13.3305
-67.9545
67.9545
67.7354
86.4645
22.3241
276.53
-212.57
59.6395
-96.7508
84.0309
-238.211
419.709
-374.143
-45.5669
22.9858
44.2351
-58.871
24.2744
-219.341
29.6139
-458.516
361.562
-32.7646
-258.348
291.113
-188.817
148.214
40.6029
-305.476
196.101
68.0951
-82.7536
14.6585
-39.6429
302.919
173.613
-186.041
25.1319
65.1324
-90.2643
-93.5994
78.5707
-38.2106
50.7379
-123.289
83.1841
-245.934
301.48
276.299
-327.702
51.403
57.1721
18.4599
160.466
256.2
-96.2582
69.7681
11.3204
46.7863
-58.1067
-0.65403
-146.554
24.2937
-131.033
-15.5209
-141.095
374.416
-336.799
-85.3966
317.624
-114.827
-110.291
95.6532
-33.1486
-52.4669
-163.929
-230.315
361.617
10.5136
13.9652
70.4469
-84.4121
-378.348
386.205
11.9911
63.4153
-75.4063
-300.966
142.205
158.761
303.138
-55.222
-31.0691
-6.68078
-31.0686
-6.68716
-30.5225
-7.26201
-31.3255
-11.4912
-31.3232
-11.4754
-31.3087
-11.4851
69.367
-5.6571
-19.4551
330.678
-54.379
97.3227
-31.227
-342.137
292.326
-180.535
-217.211
104.7
-151.345
407.518
-17.5837
-17.4367
-33.6866
-46.517
-138.082
18.9051
299.788
19.6801
-150.713
10.9665
-49.1771
-19.4274
37.0934
-11.6494
22.6159
324.487
-129.428
-50.6503
177.184
-401.729
45.2685
-274.409
223.287
262.457
-3.00772
135.288
-23.4225
-231.061
-149.08
73.357
-28.8859
-44.4711
23.7619
-38.5799
14.8181
2.31425
-36.3774
22.3475
-67.9516
224.232
-156.28
3.46069
67.3727
-70.8334
-67.7055
75.7263
-8.02076
3.11299
15.4345
-339.207
-59.6401
-190.624
-82.3498
205.112
-208.752
55.2645
-23.9003
-31.3642
48.1332
159.853
94.1868
150.652
104.66
-334.974
202.123
-270.075
-4.37607
52.8093
-48.4332
-227.176
-18.9065
246.083
53.6115
-41.6204
40.3472
-52.2594
-14.9472
42.6981
-0.0715467
19.8418
-19.7702
252.189
-291.832
-202.478
38.5495
62.0985
-129.398
334.807
-205.408
102.257
-15.793
132.899
-306.929
174.03
-105.421
137.029
-31.608
317.333
37.7638
50.247
-21.7272
75.7111
-1.12583
30.9975
231.717
12.2952
-217.496
205.2
-204.707
11.2911
193.416
227.81
15.4951
98.333
-33.2006
-192.83
-24.809
204.395
-224.164
19.1401
154.473
-9.09545
81.2572
-13.1621
343.752
16.6484
-360.4
188.42
-107.908
-80.5116
113.262
-13.7017
20.2627
-22.8528
2.59016
-29.2247
125.25
-219.367
-48.033
27.6855
-45.2692
53.7751
30.6336
-84.4087
-15.9746
-193.578
209.552
-36.5544
70.2328
-33.6784
-93.9868
-17.4217
-212.224
182.867
29.3575
-323.489
115.402
-56.5207
57.0758
-0.555094
-143.415
5.33254
12.9174
-166.502
-12.99
75.0576
76.5314
-6.39919
130.9
-111.153
100.936
-14.8194
96.0566
-67.9129
-28.1437
228.123
14.2465
-146.474
92.2546
-16.0291
37.133
90.5297
-20.0828
-105.697
20.5606
335.395
-73.1175
20.6402
21.5212
-47.0603
-27.9715
80.6772
-17.262
189.561
-189.608
0.0473512
-53.2151
33.7877
21.6341
268.684
-45.5847
34.3347
-32.068
-2.26669
-76.8811
-12.5533
-103.079
-232.882
335.961
29.867
253.882
-210.7
240.224
-259.679
-0.885577
20.619
-19.7334
0.287716
299.101
-23.2344
-231.556
-32.5595
-114.266
-45.5941
13.3368
-222.205
208.868
-9.01969
71.8839
63.333
22.907
-120.429
-156.031
276.46
-0.168795
29.5999
-9.87694
12.9899
-25.2229
80.4616
228.63
-224.636
-57.0578
78.2611
-127.795
192.566
8.49086
-50.4204
-20.9735
71.3939
-91.5348
-14.5693
-324.166
-54.9224
379.088
-37.7607
270.714
-232.953
-40.9957
-24.6752
65.6709
130.754
-334.079
-54.4197
-14.5339
68.9536
-48.0019
-22.2035
70.2054
-125.937
25.2253
-80.467
-13.6746
275.755
181.03
-279.59
-5.70999
12.6542
-179.742
167.088
-9.39286
-2.01524
162.45
-165.22
189.394
70.3973
-259.791
-258.581
-139.312
-59.0988
-37.1593
-45.9076
0.619812
-153.676
15.6342
41.7805
-57.4147
-53.1198
305.309
8.27068
-71.9152
-14.4707
202.226
-189.931
19.1306
-22.5313
3.40072
-381.054
-0.398029
-0.436648
0.469032
-0.437887
-1.32273
-0.447337
-0.44576
-226.943
-6.7092
-170.71
154.735
-30.9534
279.159
321.124
-54.7407
175.175
2.74297
-177.918
159.673
-87.498
315.858
-30.867
-79.2646
-17.4863
116.579
-23.9144
-59.2071
222.928
-3.02467
-215.443
17.8106
-233.391
315.125
-16.5915
2.58698
44.0487
-70.1848
-15.7226
4.99738
4.59786
4.99319
4.61753
4.61822
4.99362
-280.715
-39.7662
-265.362
-8.96155
274.323
-7.35868
27.6213
5.26715
-279.676
189.374
-321.146
131.772
-189.236
7.84862
39.1101
207.089
-3.89812
58.3897
-174.864
116.474
-282.36
-26.0015
89.4647
-35.6896
-207.136
209.166
-2.02993
-78.3987
-18.1076
337.427
-204.528
24.6518
-65.6475
-247.716
-2.1796
180.416
19.3961
138.92
-31.6529
-3.76451
-71.0413
-22.5582
-23.3122
-54.0578
-103.668
-64.7895
-33.5451
-284.193
-10.1571
-22.84
166.102
-152.378
-13.7244
323.968
-9.35084
-28.2158
-83.7991
-33.1585
-75.0831
-27.9404
-28.8068
37.81
104.45
-20.4186
-242.471
-146.214
-70.8519
101.618
-30.766
-99.3408
-18.8407
45.9422
167.47
-213.412
127.228
192.444
-62.1652
14.1633
97.4401
141.299
23.2191
54.1598
322.926
-373.57
7.89591
-63.8204
13.4001
-12.131
-52.9659
346.669
231.9
160.537
1.9134
-9.35345
-40.0692
49.4226
-124.579
35.8322
93.0554
-29.7224
162.392
84.2743
84.2156
63.899
-148.115
10.4924
-280.6
-6.66681
318.361
-5.94875
-221.689
3.52762
10.286
-88.1612
64.261
-113.036
-7.27875
120.315
-201.359
3.37151
-21.0909
44.8528
174.877
3.36294
210.536
-215.545
5.00959
-91.0128
-184.273
5.68035
221.895
-124.455
3.05418
188.996
-112.296
186.493
6.07246
35.1428
96.9933
-88.6302
-197.312
153.027
44.2855
19.9757
-1.05708
120.314
-119.257
179.702
-47.9632
57.2223
-5.37516
-252.714
-26.2968
-22.8804
47.1324
316.168
241.068
177.09
7.38786
-56.5207
-0.311586
176.455
-182.89
6.43488
-16.1202
-44.3527
60.4729
-10.0829
-16.3859
1.60471
-67.7055
57.0758
289.456
-13.5792
-72.2078
-72.239
-72.2271
72.3305
-72.1419
-72.1385
-65.6011
-292.956
-187.495
280.462
207.103
-233.934
74.3394
173.782
5.96067
-280.494
293.709
-13.2149
105.059
227.324
-332.384
39.7751
13.1718
-35.9284
-8.26609
254.064
18.4547
-21.9108
3.4561
83.2009
194.273
25.0351
176.83
-201.865
-0.680746
-20.1661
70.961
-60.8519
-10.1091
-91.5088
-31.7798
259.682
61.4414
-19.0153
-106.922
346.887
-114.698
-232.189
-371.77
344.42
27.3507
63.1371
-26.6169
9.62814
-67.3534
141.148
-73.7944
-288.686
-38.3637
118.459
0.239562
-143.415
352.884
-407.806
-27.1097
28.6734
-1.56363
7.8188
181.657
-11.7733
232.992
-259.68
22.7632
236.093
-334.149
98.0556
96.2743
-163.628
-259.828
-5.74445
-8.26025
-41.5088
49.7691
-55.9126
85.7796
-49.3671
22.6171
26.7501
270.943
-1.07455
-98.9673
-212.621
311.588
30.6552
-21.0271
156.627
-256.908
-40.3634
265.203
-8.13329
-257.07
-250.558
309.868
-59.3098
-119.526
308.901
17.1656
-19.0583
7.40891
9.17689
212.522
-326.426
38.4552
-147.587
-8.9188
125.722
-116.803
25.6122
205.97
-231.582
-249.788
-183.591
192.413
-47.0955
244.162
-241.914
-1.93148
43.8115
75.9921
-284.849
-134.319
-205.019
339.338
378.946
9.17518
-388.121
-386.256
403.994
-218.939
323.998
-152.462
-206.547
95.0187
259.773
-103.146
9.1326
7.77178
112.044
-5.09597
27.4434
199.685
3.70189
88.9139
10.2151
-18.0226
-179.29
-166.282
9.88679
57.4859
-19.2051
287.999
4.55068
-191.775
79.9795
8.93441
10.3246
169.664
-236.734
67.0698
2.49526
314.631
-122.186
-11.4543
-7.60401
-137.187
4.13476
-341.839
371.521
-29.6817
388.664
-340.169
-48.4946
400.19
22.1745
-158.375
160.019
-1.64433
-30.0856
1.82189
-176.005
64.8288
-92.8003
-41.4086
-74.8581
-0.954616
-63.786
1.46036
61.68
-90.5659
35.7892
-351.883
201.55
-373.216
197.351
-236.868
39.5172
72.3305
-72.2271
-72.1419
-72.1385
-65.6011
-72.239
-72.2078
161.664
-87.0843
-79.1482
49.6878
231.896
-305.503
73.6078
-101.837
68.6881
-7.12023
220.507
-213.386
202.724
-177.689
298.38
80.7082
404.157
19.0901
87.5441
-222.854
-0.466763
15.9012
-246.753
0.0114581
-73.068
26.551
13.8485
-16.3263
-118.548
82.6191
-138.695
41.767
3.51167
18.3135
-21.8252
11.7095
337.308
-101.215
15.6254
85.3174
-38.6177
236.83
38.6642
-275.494
-214.457
10.0186
223.466
28.5937
99.3579
-214.746
75.6631
139.083
72.5873
-109.747
129.956
112.956
199.688
149.345
-170.217
370.581
-209.863
-23.5283
135.56
-233.878
376.161
-317.907
-319.026
106.405
-332.471
377.74
383.008
-335.875
-106.824
-73.3102
139.691
-171.299
21.0978
-59.2708
333.53
-274.259
222.897
-223.421
0.523681
-87.1466
18.3575
39.2582
-57.6157
148.698
-194.406
45.7081
-25.5296
144.19
152.22
-303.678
-381.597
322.327
-114.447
80.9022
21.1983
-325.685
304.487
-125.488
-23.748
378.352
-60.7284
20.0996
43.8448
-63.9444
-114.89
81.6894
-45.5629
242.914
119.519
-23.1729
-200.991
-124.189
-90.5572
-120.547
87.388
-176.682
281.033
-44.2035
267.884
-34.8922
146.69
198.233
115.559
-124.478
-149.932
-151.034
-298.422
64.5442
132.249
-155.672
46.0598
316.664
-362.723
186.397
74.6423
-261.039
290.81
-58.9143
38.2555
34.245
-147.281
21.1878
-274.831
254.29
40.365
-20.2654
125.722
-133.627
222.06
-119.043
88.2768
-160.023
-48.4761
-0.0587855
222.956
-269.452
48.9904
220.461
-115.589
87.445
299.99
-13.8922
-286.098
62.0201
10.7627
59.3325
-70.0952
-217.567
24.7373
121.224
206.651
-120.547
92.6068
-23.627
84.6397
153.175
-237.815
243.31
37.7228
-43.4257
133.337
-150.759
312.726
-114.152
91.5941
154.196
39.5683
-193.764
-236.166
-120.337
97.0247
-45.5676
-65.0384
110.606
109.82
-280.094
301.293
-112.685
92.6024
-156.183
162.819
32.314
-13.1835
129.011
-144.804
95.4517
-112.938
-236.708
-191.603
146.009
-122.138
101.72
-197.802
-114.838
96.7299
96.5489
-112.578
-106.948
89.686
-36.9726
-37.7774
-23.7454
40.911
-134.935
107.141
188.007
126.232
-314.239
-132.714
119.012
54.5171
255.351
-109.539
93.8161
-112.071
97.6008
329.259
-116.737
115.998
-129.673
-188.382
-26.0748
-34.0955
125.054
-92.3499
-10.2252
-207.824
169.652
38.1725
341.897
-380.258
-181.285
113.876
-128.847
-26.148
299.99
31.5778
-287.382
-131.231
116.662
126.157
-117.598
102.779
-38.4628
113.543
-112.273
99.1111
-46
289.31
-122.997
86.23
360.756
-41.3939
234.141
-192.747
184.313
88.5571
-255.454
166.896
-127.679
82.1112
-114.671
102.118
-40.1407
288.363
78.1309
76.0803
-16.2093
64.0953
-7.01953
71.8766
-122.006
83.5432
204.6
98.4093
-228.487
184.825
43.6617
-208.796
-79.9344
-132.056
207.719
190.762
52.0432
-242.805
8.87761
-125.262
93.4825
-230.84
-170.228
-136.511
-61.2202
197.731
243.808
115.759
-55.3775
-60.3818
16.7956
-123.059
147.131
199.067
-192.994
-190.292
198.141
-318.323
159.481
-126.994
97.769
93.0616
166.712
-53.6284
265.558
-21.3959
231.97
-191.102
201.388
-46.4528
240.412
-332.445
-258.043
212.48
-219.544
-22.3702
-157.782
156.138
4.30501
-186.928
-293.987
223.723
178.041
-257.037
78.9959
-123.27
97.8826
-193.578
197.28
36.3161
206.598
241.732
371.304
-111.256
224.574
-224.574
317.719
-81.5943
57.5759
43.575
91.6052
-143.11
317.14
-118.037
96.447
394.882
-363.304
49.7781
-272.178
222.4
-256.376
218.109
38.2671
227.692
-328.611
-190.632
197.067
-114.147
-114.418
228.565
58.1886
57.5708
-4.50957
185.988
-122.089
217.283
-224.403
-58.835
-131.032
112.191
18.5995
34.9039
-53.5034
-257.678
225.118
47.4533
-268.315
220.861
-265.562
230.67
153.416
-64.0953
54.438
137.837
-12.1154
-11.1254
-32.4599
-10.8694
-32.7515
-13.2159
-25.4277
12.6556
25.7289
-13.2503
-25.3866
-11.0946
-32.4802
-5.19071
-24.9675
-11.1522
-32.5548
20.4468
24.209
20.5287
24.2303
10.3896
33.5854
10.3931
33.5796
10.7522
33.7909
10.3781
33.6078
-134.112
116.628
223.838
-247.072
-42.3944
-231.615
224.906
327.486
-125.935
65.6387
134.756
-275.444
267.31
44.8238
-281.788
236.964
-227.849
223.525
-280.388
234.804
-103.348
38.3099
-190.862
198.25
-192.983
198.663
-193.083
198.093
235.741
-260.964
-67.2811
196.466
-192.161
96.0214
241.287
-199.439
202.81
-192.564
195.619
218.065
-215.478
-288.639
-295.355
38.2819
-19.9243
-91.5494
308.665
-206.104
-272.211
256.137
16.0731
-211.071
242.087
-31.016
-290.858
246.655
-234.845
212.005
232.708
-244.83
209.923
-211.813
-264.248
218.063
-220.243
139.209
-105.99
248.451
-294.451
-233.987
223.267
211.661
-203.765
-151.131
41.9452
243.419
-275.197
269.452
-217.144
215.114
204.812
-201.285
43.1795
246.131
-214.501
210.603
-429.99
334.445
-201.371
204.734
165.176
-148.554
-16.6218
26.9737
-8.51901
196.245
-243.773
47.5283
-301.239
50.4693
250.77
200.974
-195.489
-76.7217
-63.2018
218.003
89.8663
19.8925
43.2447
299.119
0.87101
-332.136
301.269
-50.8131
17.1347
-297.583
242.242
213.724
16.832
-230.556
51.8149
24.7165
86.5011
305.639
-292.013
-36.1625
-304.784
295.433
-291.873
291.561
-45.9144
64.2838
-9.84587
300.774
-326.776
110.863
206.467
242.67
-449.137
174.582
344.545
284.863
-301.455
5.38687
-227.297
-42.155
-346.773
307.006
292.192
-298.859
-103.596
344.007
-14.3392
254.629
-240.29
-0.0715582
-235.205
-29.7569
329.767
-300.01
-76.9445
60.6183
-346.391
291.65
-294.631
284.474
-277.481
276.406
-287.599
287.839
299.119
-60.9264
-284.077
279.089
-52.7877
-106.039
-27.8851
48.9829
205.718
-24.6971
-190.746
-35.014
-302.164
10.1203
292.043
-290.413
285.263
-294.692
288.744
-232.168
-65.4152
-47.7966
137.837
-290.521
233.463
-77.7327
61.6125
412.117
-41.5362
-314.241
301.026
220.492
-299.298
285.719
-159.046
314.813
-358.358
324.953
33.4056
50.2365
-307.637
257.4
-297.841
277.674
-310.24
55.716
254.524
-201.186
-16.3093
8.71313
-2.02474
24.3766
200.819
-188.499
-153.541
331.058
-89.7715
-286.098
-114.381
385.26
-255.723
314.518
-344.275
321.812
-133.805
-297.106
35.2513
-7.37444
-26.7949
-306.489
243.287
253.573
348.818
-120.708
296.6
143.807
101.381
-245.188
-83.6133
-268.015
351.628
48.3439
281.423
196.368
-185.347
-28.3066
213.654
49.5862
267.402
-270.41
137.323
-17.0098
194.417
190.844
179.436
82.2871
-238.318
39.1979
86.0518
-29.2316
1.16945
-22.4911
-285.673
308.164
-53.2298
-45.1969
322.444
-161.978
301.006
-69.4146
-193.138
-257.801
257.801
268.14
-361.245
336.543
-45.4524
-243.521
-129.695
116.884
105.011
299.511
-157.307
-261.631
-61.8582
-225.244
-137.422
-366.3
280.904
-300.122
227.004
-304.708
251.921
74.9164
171.441
-364.579
132.342
-40.0337
-92.3082
36.5321
252.192
-65.795
-35.0705
-178.342
-9.76094
296.611
-286.85
-205.094
-358.758
407.102
-168.163
-306.446
218.948
259.345
-81.3047
-64.2472
63.8564
-90.1401
369.727
-127.056
-311.508
204.873
-247.364
187.886
17.7126
-136.988
119.275
25.6123
-151.955
-255.122
165.176
332.712
-299.418
31.1505
-37.008
-224.24
23.4148
-85.4644
62.0496
-143.228
324.319
-369.772
-113.1
-72.4739
-351.969
212.582
309.878
-233.036
-31.1203
-45.9603
83.8211
-124.626
185.839
-120.201
305.808
-338.707
-39.5309
316.203
-345.124
-4.19743
-9.91427
-52.3162
-38.898
316.73
-61.3787
-38.8571
-57.9995
156.631
-98.6315
174.081
195.645
30.6547
-42.0946
-243.073
267.516
-100.804
-347.829
-10.1421
-29.1568
227.463
133.271
-41.0585
-65.132
-25.4339
197.071
171.276
-60.3907
-72.6981
-58.7616
313.286
-35.2218
-190.798
261.195
33.8587
151.981
232.416
-232.416
-34.618
-164.874
26.1234
1.49797
-194.417
251.114
246.609
-187.714
384.786
-32.4045
-33.1023
-208.915
208.915
184.554
-173.975
-10.5797
248.589
50.0023
-298.591
-36.9855
-129.345
-23.0333
26.9767
171.445
-142.224
78.2906
183.71
184.554
-179.114
280.929
-32.3403
13.1913
-101.821
240.031
-138.21
-53.2679
310.668
27.0619
-7.23834
-28.1004
-28.7429
-36.4638
-36.6042
-201.926
385.636
-68.4294
372.916
-34.3869
-243.975
50.2027
-92.5339
257.968
-9.77094
-171.323
181.094
63.6661
172.242
-226.998
264.982
-225.207
68.5771
-11.0912
-221.413
-171.957
-156.566
328.523
-26.2449
-25.1412
-51.9112
-22.2351
-321.26
46.1594
275.1
-148.554
-310.276
356.93
-46.6534
-25.5953
27.6665
-2.07115
244.526
-328.14
-52.9019
249.146
112.088
-339.385
248.258
-28.155
90.1431
-61.9881
34.7699
-163.692
-265.11
250.771
21.821
259.108
-349.415
228.424
-318.113
89.689
-21.6306
-39.0502
342.654
-50.328
-103.617
150.341
-46.7238
-26.6865
-49.486
68.0855
-94.2628
-237.856
332.119
-16.389
-19.8527
266.657
34.3495
-312.399
2.12269
-21.3072
-34.6366
33.682
29.6275
-18.7619
155.727
67.9958
-273.828
-64.5738
338.402
260.018
-33.46
-131.76
40.4221
-326.09
50.7083
275.382
171.445
-67.0931
11.1805
-231.054
-302.485
270.145
-253.544
-2.86299
256.407
-48.9455
-312.277
252.967
52.3045
270.661
-322.966
239.244
-299.635
256.284
256.685
-318.064
-29.312
32.13
-135.747
-243.975
-22.3347
8.77482
71.3824
-107.438
-18.3769
-183.208
-167.514
28.9295
-173.975
7.03833
-47.1315
126.343
-79.2119
-19.9972
47.8227
262.845
-47.8371
127.094
-79.2565
-26.8967
-271.659
298.555
12.5016
217.989
138.94
76.2291
-314.085
-163.984
177.376
-12.2195
-26.8945
7.80978
7.82438
-164.3
243.296
-51.5991
40.5079
231.074
-295.321
9.45098
-45.309
35.858
-8.04153
209.214
315.354
-55.3366
-7.18457
-258.284
-344.299
254.528
-265.801
318.105
6.64807
66.026
-63.2683
319.953
278.081
-7.88629
-35.106
-30.9284
228.701
-327.317
-104.858
49.5537
-10.7166
-12.9153
269.677
-266.109
243.618
-76.7333
-130.8
274.99
-15.5597
-17.4497
-69.4358
287.425
271.452
153.663
-34.3878
332.416
-61.7543
-99.7156
343.285
121.869
-63.6802
171.521
-118.12
-63.714
-73.0324
314.479
-0.136075
-65.0967
61.0901
-26.7295
-279.569
-78.2615
357.831
383.036
245.349
261.452
-324.72
-58.8331
-267.257
-1.37434
-252.17
-2.06901
243.252
-344.467
-3.87391
-90.6503
4.0843
225.171
-290.586
-225.689
64.862
27.8782
-68.5608
326.314
312.282
14.9334
-46.2977
-70.4088
59.2834
-70.0356
59.1662
-79.6949
66.4791
-60.0157
-59.2834
-59.1662
-70.395
59.3005
-79.7473
66.497
-59.3005
-60.0055
-79.6918
74.5011
-67.0362
-70.3593
59.2071
-59.9812
218.112
-287.527
109.569
-100.635
115.576
-1.01549
266.033
-339.065
-8.02878
-311.439
189.253
14.3416
207.171
-279.645
60.0453
259.908
5.60406
-332.372
131.598
22.0652
6.09874
5.16658
-334.208
318.013
3.45759
252.16
-358.984
-262.677
-60.2891
244.233
-30.5085
-1.34573
-305.15
17.9157
287.234
-75.4712
281.728
-358.461
242.578
-168.457
27.573
140.884
64.3716
-7.6709
-297.635
11.3707
28.9943
-8.51088
31.6661
77.4322
28.03
115.959
-127.593
7.11601
-51.5871
200.415
-258.368
1.43881
-2.57427
280.089
-10.6739
-70.1502
-213.233
-9.31151
20.6822
240.588
-354.968
-242.578
-1.14793
7.24145
-0.151926
1.04684
208.62
102.968
192.455
71.9316
233.159
-318.708
248.558
-72.4744
3.44958
200.8
-277.522
216.246
-332.983
115.954
-316.949
313.075
-80.3557
-8.79886
242.793
-322.911
-163.504
-233.747
217.438
155.658
-327.615
-12.5779
-343.577
-65.4961
-107.513
-9.78407
78.8449
-285.592
206.748
-2.49574
-101.047
-270.108
188.804
127.971
64.4424
-266.515
317.223
-8.09037
319.707
-59.7988
64.1321
-26.9991
2.58495
-21.6234
-28.5227
-198.896
-6.54069
-219.239
-5.12942
2.68958
27.4843
-3.13098
-12.5914
-10.1154
142.224
140.465
-33.8399
-139.658
170.313
-9.08128
-34.6843
282.455
-291.703
9.24746
-55.2701
-288.348
-16.8014
-11.3316
-243.289
0.801527
-79.6351
-12.3044
-8.62627
20.9307
-0.0752406
52.5395
-324.198
18.6704
-18.6704
-28.2557
83.9161
-308.378
-274.558
173.753
369.304
88.8879
-24.627
-41.9125
-92.3074
207.472
-328.18
-21.5629
-7.49536
124.015
-16.9804
-239.955
300.809
-60.854
259.418
163.695
-266.84
129.915
-110.519
-283.857
241.702
159.177
102.018
-80.6448
74.0317
198.896
33.9238
-270.996
237.072
136.454
31.1312
-55.7175
148.903
227.609
-74.6671
-4.48115
219.239
268.849
-220.418
-29.4471
-273.038
248.491
-313.588
164.978
-278.079
-92.7325
331.08
-71.5688
-39.3842
-260.24
-219.053
-9.8707
9.8707
220.124
-241.52
-57.9196
349.569
-47.5549
-88.718
-60.4259
105.177
52.4215
-157.598
143.932
29.9339
-185.267
48.7562
20.8969
-146.385
-129.612
155.307
-282.074
62.6633
8.51588
-8.51588
101.083
55.5481
143.456
-160.077
202.054
-327.99
101.862
-156.131
17.4366
-188.268
23.5543
-130.476
17.0888
-17.0888
201.191
-357.757
6.93653
-6.93653
-138.722
25.9774
-37.8573
31.5685
128.155
-41.9252
53.4013
96.0528
-149.454
117.531
-297.868
-8.03621
8.03621
-6.18931
41.0933
141.306
-7.52279
7.52279
191.549
-325.354
99.1132
39.9849
-10.0396
10.0396
5.668
276.787
325.692
-273.153
-36.2231
20.9425
-285.629
7.97348
-7.97348
9.21065
-9.21065
-8.50434
8.50434
8.66111
-8.66111
-1.91234
-9.11547
9.11547
-7.71852
7.71852
-8.45728
8.45728
166.25
-59.1085
-164.952
7.16969
123.636
-40.0926
22.3789
-178.561
196.622
-326.317
-6.22925
-218.174
254.385
-346.853
-8.93451
8.93451
7.32071
-7.32071
126.718
-44.607
280.158
-18.858
-274.577
293.435
-8.7078
8.7078
145.797
168.496
113.123
45.9248
-159.048
-66.6583
-247.26
224.889
15.3242
-125.511
169.096
-68.0129
7.18946
-7.18946
130.978
-37.4955
145.844
-275.456
8.67784
-8.67784
60.7619
-18.2277
27.6787
-6.67718
6.67718
8.76674
-8.76674
8.00319
198.773
35.5492
-234.323
6.99128
-6.99128
8.59971
-79.442
-22.7356
-13.4875
-75.2921
-8.64454
8.64454
166.226
-8.47574
8.47574
-53.4053
158.582
-10.9852
10.9852
1.10696
21.5089
23.3
-115.65
-10.4721
10.4721
-92.5602
-12.4811
12.4811
-106.567
-8.45571
8.45571
-6.52453
-246.813
131.437
-33.6684
1.35211
33.8992
348.173
-7.81654
-227.388
-39.5906
44.6638
-5.0732
120.148
-258.358
-9.84729
9.84729
-43.8289
8.11875
-8.11875
-9.94803
9.94803
2.27813
-18.664
-151.54
104.816
171.659
-28.2029
-9.95949
9.95949
-20.3748
2.37537
-42.9141
156.038
166.107
-239.084
231.9
296.143
-25.9984
136.239
-62.207
-6.66979
6.66979
-79.2437
48.0167
-201.676
-287.5
316.425
7.84614
-7.84614
87.5511
48.6876
-7.61673
7.61673
-149.533
189.101
-146.499
214.495
-182.419
42.761
99.2617
100.427
-313.328
283.881
-259.404
-11.0055
-7.77245
7.77245
-272.326
-47.8439
163.797
143.21
-45.3271
174.241
-42.2197
-167.433
8.59792
158.835
-27.5303
-215.542
20.4048
-260.587
240.182
9.33774
-9.33774
3.12921
-3.12921
-21.5657
280.674
10.2305
-10.2305
187.426
-112.756
158.526
-45.7701
-32.7736
-6.85363
39.6272
-10.192
10.192
7.05101
-12.5062
12.5062
-163.307
289.539
-169.876
80.5807
89.295
-11.6084
11.6084
-126.126
37.1641
-287.312
250.148
-14.3898
14.3898
64.3285
252.895
265.929
-15.1575
-13.6234
231.489
-43.6027
-7.63036
7.63036
-23.6869
-289.641
-246.693
53.1467
118.418
-21.9706
-14.3946
14.3946
-328.017
-29.2933
56.5651
275.85
-3.47526
3.47526
288.263
-315.389
162.86
9.87578
-9.87578
-7.10878
-226.855
-179.369
12.6375
-65.8222
30.0969
295.596
314.498
-142.978
-10.5808
10.5808
-21.4452
11.9327
-11.9327
-194.985
6.48566
274.329
-51.5398
-23.9445
-261.684
-99.7586
-63.989
9.73027
-3.32459
3.32459
-4.13406
30.2574
23.5147
-275.684
-308.265
26.6971
-26.6971
-131.368
-306.358
-3.81174
3.81174
196.223
-327.814
-74.7695
-152.228
57.5759
-128.876
49.6644
-2.80332
2.80332
132.694
-20.5033
-278.168
-16.6304
2.14929
-2.14929
-210.85
50.9307
242.793
264.435
-264.435
-156.34
-346.98
-37.3317
94.9025
21.3435
-25.4086
-2.80453
2.80453
173.012
147.576
-320.588
182.637
-79.69
225.699
-236.651
193.049
-134.767
-32.6651
-150.35
183.015
-277.513
269.472
-224.502
177.328
323.746
179.842
-62.7626
-10.6073
-62.9295
180.248
-245.307
-42.0046
-7.3045
7.3045
-13.8521
13.8521
-158.195
-102.845
-20.779
-13.4668
34.2458
-30.8764
-21.9506
52.827
-135.234
-23.2424
127.952
187.296
141.227
182.347
2.79193
-185.139
-147.515
-103.316
347.125
-2.38325
2.38325
-179.4
-122.831
128.535
-11.907
-8.40799
15.5522
-7.14417
344.192
-112.222
89.2573
265.516
296.047
-160.263
87.1872
-27.2691
1.67377
-265.296
257.267
-177.736
-151.723
117.105
87.0598
88.414
201.102
-261.528
-105.118
330.651
-225.533
-138.058
-6.75947
170.957
-163.133
85.4956
-252.535
40.3841
-208.623
258.626
219.176
-232.799
-198.271
206.08
43.1266
-155.882
129.1
-113.775
204.595
-335.963
-304.394
277.349
-98.9424
292.592
-275.99
93.5517
-174.934
98.5735
-2.43556
-2.45041
2.45041
74.0776
105.482
-157.799
197.066
1.44509
-198.511
-233.618
226.494
-9.05588
-144.054
104.864
-139.251
-15.637
15.637
-76.4472
139.11
-170.771
-2.80989
217.403
-18.6292
107.321
145.717
-4.83764
151.509
-146.779
-4.72979
103.337
-16.0303
6.82986
9.20043
-112.447
-169.628
66.497
-67.0362
74.5011
-60.0055
-59.9812
66.4791
65.5216
-65.5216
65.4854
-65.4854
-60.0157
65.5152
-65.5152
-131.41
90.3519
-124.458
98.2131
-296.512
288.001
6.24065
28.2061
-72.5725
-0.357809
0.357809
8.32022
118.069
150.917
-26.7676
-198.921
213.521
-333.098
195.04
9.91978
-170.183
-240.513
246.612
-27.3689
-156.902
135.595
20.7529
-21.7684
-56.7219
277.248
100.82
-142.745
262.289
-283.912
-7.49005
-122.697
-10.9315
133.629
-108.205
-39.97
148.174
-36.8598
158.368
-315.675
-210.378
215.982
-114.322
-40.4058
154.728
96.787
-142.637
283.102
115.691
-46.7382
147.558
-264.759
-130.358
111.597
53.6096
-323.729
-30.1572
-119.297
-145.7
305.944
-232.964
-7.31716
-29.5673
-117.135
86.0147
29.9117
123.312
-116.068
167.829
-51.7617
-77.8272
-290.394
132.434
-161.746
-63.7114
148.77
-212.937
214.376
216.217
-216.369
-111.844
-35.7457
147.59
-2.35237
2.35237
0.0115397
-147.99
-140.957
96.3501
-365.683
104.052
-210.896
218.138
61.8888
121.156
-107.621
82.9939
-9.38823
39.6196
114.317
1.17444
-223.305
40.9036
-192.59
195.382
254.345
0.450685
-0.134233
-292.732
-5.0576
13.8104
-8.75283
-0.421073
-107.176
-2.87481
7.90415
-0.195728
5.08687
3.08247
229.943
-306.428
296.313
-6.19764
40.0968
-224.018
-0.942586
-209.054
-137.8
-132.912
289.549
69.27
14.7865
-7.04433
-7.74215
-35.9511
-0.211362
0.0634709
-36.8448
-224.502
100.901
158.565
136.439
-153.889
-88.6773
284.778
149.568
164.93
7.93441
190.277
266.988
-220.828
-267.975
268.777
72.7708
24.9003
-234.646
229.517
-196.368
-191.853
200.627
-250.911
242.821
19.7117
93.2746
79.5433
-172.818
152.121
-191.171
-15.4592
19.8413
-4.84315
115.62
15.9223
3.91904
10.419
-297.295
76.9034
-381.119
-214.707
-110.92
325.627
14.6712
-149.906
-240.875
358.159
-117.284
2.08955
-9.7917
9.7917
-53.2168
22.3404
-169.147
-131.908
-28.7012
38.1105
-1.65326
-221.672
-334.565
-132.504
263.551
-219.732
-103.983
323.715
-2.50941
-2.33674
2.33674
0.513104
165.716
-72.5821
212.015
-240.271
109.871
248.788
235.434
-171.577
143.221
279.772
-29.624
-265.742
257.856
11.3468
31.3513
9.94731
-250.237
25.2058
-286.89
-86.7358
-1.65599
1.65599
17.4218
-331.961
108.283
16.1359
-124.419
-91.6584
-84.0862
6.1602
259.598
-270.603
-186.845
-20.8413
-2.06127
0.45396
-30.8772
-250.479
-220.188
162.769
23.6229
0.229412
1.82402
-1.82402
-0.155724
191.932
-247.203
-243.223
154.546
12.8486
-12.8486
-168.704
242.006
90.3233
-132.418
219.353
-335.534
70.8686
-192.958
-321.274
214.812
-207.774
-42.8074
1.15121
-35.5714
-197.464
99.1843
-138.041
-41.5309
296.058
99.7753
-136.761
54.1154
4.37876
0.0385126
-155.875
72.2338
-222.584
-280.003
272.332
-2.78145
-251.493
184.835
-9.68593
-161.637
-127.427
25.243
101.77
-134.872
-151.505
131.002
-4.94
-0.346043
237.319
-86.0407
54.9216
142.81
-246.667
94.8257
293.249
2.85805
89.1685
104.276
-133.019
245.546
-283.91
10.1883
-117.365
4.16047
-23.3474
169.145
255.405
340.433
-313.082
210.602
-206.517
21.1797
238.402
-350.819
224.693
-264.048
-22.8421
-0.705036
220.938
-231.183
339.731
128.145
23.374
-151.519
350.928
-55.3326
194.759
-188.273
204.337
-205.683
-157.004
-172.021
124.177
3.72955
-196.555
13.5504
234.901
-248.451
113.415
-218.459
105.044
104.746
-124.599
-21.3801
-94.2699
232.726
-253.229
27.98
13.1132
52.5385
-159.216
106.678
-24.952
110.428
7.40891
268.787
-144.772
-7.43986
-293.672
-210.662
209.514
-288.289
285.714
1.00842
19.7357
64.5879
223.67
8.95512
-8.95512
-78.5277
-22.6977
-166.646
-15.7736
0.520058
9.6705
-3.7177
-5.9528
-211.94
215.39
220.688
151.448
63.047
-1.9194
116.537
191.027
-325.794
-139.798
26.0231
-30.7159
42.4485
-19.0715
299.623
41.492
-67.0216
-160.759
167.407
326.267
-1.7806
30.7164
-18.6989
-12.0175
130.068
-139.737
119.74
-59.0117
-21.6331
65.155
-22.7358
36.5856
235.091
-205.857
-4.04482
-26.355
-144.936
-45.2307
-12.1108
16.1105
-34.7809
0.421283
-9.9976
97.3512
-7.04433
60.5
-38.4824
65.1794
-311.044
298.452
-48.7841
-48.3468
323.136
344.669
-37.4804
-54.84
35.086
-142.994
138.33
-7.14417
-173.302
176.76
237.421
-36.2989
-0.00590704
-9.86479
106.913
-9.562
136.614
111.876
-20.1815
98.7735
151.966
29.6824
125.045
-2.52284
-151.715
-48.5676
-7.14611
6.82986
-66.9956
-95.2351
-1.78491
-0.0671626
171.239
-170.193
2.71954
-60.4429
-12.9845
132.43
-119.929
-7.60401
-37.3929
150.942
-202.853
145.77
-15.3363
-53.5526
-5.43947
6.24065
-190.034
-29.0191
35.0108
30.6115
-138.842
6.1602
33.1341
153.867
9.77943
59.6435
-69.4229
99.987
93.3386
210.846
-303.406
72.1809
172.052
-12.7089
-174.816
-24.9579
-285.27
-31.0805
-7.31716
-34.8709
64.7529
9.86479
2.61633
107.105
120.181
-66.7007
-53.4801
-69.2463
-27.8118
-81.5163
24.4449
-99.9078
-87.4998
-12.408
-82.069
-90.749
65.3408
2.63115
-11.6508
-1.38244
-147.436
-164.896
-13.7036
-26.6375
10.4752
230.334
-45.9486
-5.6385
-9.64987
-19.7487
-155.647
-227.94
5.2517
-13.0791
-217.477
-5.2517
-161.219
0.0980404
188.206
-7.83976
5.27712
126.938
-81.7095
-13.7329
13.7329
-5.27712
10.195
259.949
22.2042
-145.035
-380.037
75.3349
-25.42
155.835
25.9745
-32.9754
7.00087
-207.735
-176.105
-9.62181
9.62181
30.4772
-30.8801
36.97
-183.068
-144.546
-11.4437
11.4437
-49.0898
-351.295
295.577
-46.0988
7.7807
-7.7807
10.5011
-10.5011
6.66212
-6.66212
-11.5433
11.5433
-9.3348
9.3348
-11.5822
11.5822
-11.4605
11.4605
-10.469
10.469
-9.87717
9.87717
10.3185
-10.3185
11.6532
-11.6532
-9.32354
9.32354
-11.6703
11.6703
-10.6309
10.6309
-11.6085
11.6085
11.5887
-11.5887
10.4769
-10.4769
10.7166
-10.7166
-10.786
10.786
9.94064
-9.94064
10.4903
-10.4903
-9.79802
9.79802
10.3404
-10.3404
10.3387
-10.3387
-7.72692
7.72692
11.6478
-11.6478
-6.6542
6.6542
10.5322
-10.5322
10.3401
-10.3401
-6.57589
6.57589
-11.5688
11.5688
7.58064
-7.58064
10.7392
-10.7392
-10.7859
10.7859
11.6053
-11.6053
11.1864
-11.1864
-11.2749
11.2749
6.66006
-6.66006
6.56823
-6.56823
-11.6595
11.6595
-9.39286
-7.1558
7.1558
-7.78153
7.78153
-10.6916
10.6916
-6.56832
6.56832
10.1481
-10.1481
-11.2794
11.2794
6.58957
-6.58957
-11.1874
11.1874
10.2702
-10.2702
-10.6894
10.6894
10.2537
-10.2537
11.2718
-11.2718
7.68002
-7.68002
-7.79982
7.79982
11.7095
-11.1859
11.1859
10.2527
-10.2527
7.68684
-7.68684
-10.5518
10.5518
10.3867
-10.3867
7.68276
-7.68276
-9.03666
9.03666
-12.0293
12.0293
117.565
21.355
-23.1266
110.532
132.216
88.4326
-36.8513
7.70482
1.96568
1.42474
-30.945
29.5202
-98.3353
288.763
-26.4736
301.011
-266
-59.026
50.7321
174.105
-92.3139
29.2181
-5.16161
30.5964
-291.243
211.801
250.661
-7.83976
-13.603
33.2146
156.276
92.0519
114.549
-300.315
136.793
188.834
-27.0998
26.9041
5.19644
23.5762
199.38
-5.19644
-15.4217
95.0915
-102.05
-127.701
242.14
-4.65841
4.61591
-108.351
-4.61591
76.5059
-66.7264
5.16161
2.14289
33.0039
30.817
76.2884
-352.538
3.84594
4.65841
0.0156334
161.399
5.24961
64.0222
160.896
1.46621
326.046
10.5079
0.0728891
-10.5079
124.988
-13.392
0.379171
-46.3278
36.9726
30.7765
56.6782
199.729
-28.1794
19.4134
269.457
7.15625
-46.4106
-12.6154
-7.15625
212.893
8.04448
-7.94644
-218.757
-159.362
2.97113
219.583
-43.4885
-220.759
-241.178
-211.07
243.413
-285.417
131.532
-227.514
216.182
11.6268
50.2588
-316.259
47.6286
-15.4983
313.614
216.438
-124.272
5.60562
-65.7466
-125.572
98.4841
-12.0251
-244.11
109.826
-60.028
112.352
120.665
-9.64763
10.0054
151.643
108.599
-166.063
106.989
-17.7816
161.714
-147.281
-233.225
-14.1097
112.323
-121.369
-26.5442
153.381
281.366
-92.5319
-223.362
120.517
2.01364
157.363
-152.301
-69.5866
-21.3257
2.62676
-217.611
231.335
191.335
-203.108
275.425
-83.4846
219.023
6.7661
-6.7661
-10.0162
101.626
45.2228
-45.2228
131.58
-57.9156
60.8333
-178.73
-7.58946
111.707
-299.005
86.9385
-25.0497
-13.5761
-94.6059
-4.11105
26.136
134.205
-2.99233
6.78715
217.087
-11.0213
97.036
21.3091
-20.1698
-207.267
-296.01
256.626
94.7045
-103.01
215.021
-29.2435
-9.63651
-3.13733
12.7738
52.4376
190.383
-107.846
19.3955
38.7814
-40.7008
143.024
-165.169
-215.95
-16.8101
19.6682
-33.2689
-20.1599
-368.019
255.797
26.2444
250.543
35.8457
232.931
138.994
43.3054
175.694
-337.956
200.156
78.744
79.821
-139.801
12.3742
-3.3495
-5.60562
-35.3735
-3.6292
39.0027
4.05264
174.302
-100.769
126.792
-159.504
122.024
118.321
-5.24961
311.43
35.3677
-10.3084
-161.707
260.674
26.5605
-23.0856
60.3011
136.82
-233.911
15.646
153.673
-73.8519
81.9395
-42.7895
3.98926
38.8002
-5.26316
264.403
-110.01
-7.58946
64.0979
-228.32
-142.953
256.393
33.7548
7.33785
-18.5839
19.1079
-20.0504
-67.775
-19.2128
-137.822
34.3261
67.3002
53.1148
-38.8361
-248.468
7.75913
-24.7212
-12.6036
197.479
38.9721
301.686
-43.087
73.9041
33.5822
97.9922
-140.11
-2.60252
-214.875
-148.875
199.748
2.40752
-16.1404
-21.4337
-34.4854
-26.1745
272.177
-217.145
-27.3879
-10.3838
-19.1956
80.5802
129.367
-66.7326
-29.1253
-71.7188
-118.492
188.514
-227.22
157.974
-228.83
181.017
108.758
-17.6116
110.139
-240.141
1.17757
1.19737
-1.10528
-1.05297
-1.11974
-1.03939
0.270944
-0.761366
-260.977
110.171
-1.57164
169.141
-187.771
-30.5679
-26.6485
20.6353
195.547
-123.434
-28.8673
9.36204
5.16967
0.94881
58.7986
-215.079
36.5042
187.618
1.1605
60.0422
47.4403
-1.01628
103.283
-69.7335
-73.2192
301.986
-76.9676
275.441
-55.0313
90.3816
-19.0509
-21.4588
181.302
-5.31529
-45.0778
300.875
-255.935
248.495
-77.5434
8.46819
279.115
-82.9461
-40.3251
-20.7319
9.65197
229.282
-134.199
88.429
23.2426
5.38246
2.37668
-17.2423
30.1864
105.514
15.9969
2.12332
-41.1428
-20.5025
-18.3792
-14.9983
-47.8794
-9.27416
16.2133
-11.5383
75.2764
-138.99
58.3122
-32.8116
50.5615
-12.3531
)
;

boundaryField
{
    frontAndBack
    {
        type            empty;
        value           nonuniform 0();
    }
    bottom
    {
        type            calculated;
        value           uniform 0;
    }
    inlet
    {
        type            calculated;
        value           uniform -2000;
    }
    top
    {
        type            calculated;
        value           uniform 0;
    }
    outlet
    {
        type            calculated;
        value           nonuniform List<scalar> 
14
(
1999.99
1999.99
1999.98
1999.98
2000
1999.98
2000.01
2000.02
2000.02
2000.02
1999.98
2000.01
2000.02
2000
)
;
    }
    car
    {
        type            calculated;
        value           uniform 0;
    }
}


// ************************************************************************* //
