/*--------------------------------*- C++ -*----------------------------------*\
  =========                 |
  \\      /  F ield         | OpenFOAM: The Open Source CFD Toolbox
   \\    /   O peration     | Website:  https://openfoam.org
    \\  /    A nd           | Version:  7
     \\/     M anipulation  |
\*---------------------------------------------------------------------------*/
FoamFile
{
    version     2.0;
    format      ascii;
    class       surfaceScalarField;
    location    "29.5";
    object      phi;
}
// * * * * * * * * * * * * * * * * * * * * * * * * * * * * * * * * * * * * * //

dimensions      [0 3 -1 0 0 0 0];

internalField   nonuniform List<scalar> 
11512
(
154.159
-514.342
360.182
-767.99
-16.9242
784.914
435.264
-396.197
-39.0672
665.183
262.79
-927.972
1561.98
-1106.63
-455.355
1174.15
-1449.85
275.701
-46.9693
503.332
-456.363
169.424
-858.984
689.56
989.589
-1661.68
672.091
-1785.45
1697.44
88.0042
-569.353
1743.5
-1177.73
1997.73
-819.996
604.46
172.156
-776.617
-22.7326
-1348.39
1371.12
228.465
-2013.91
1059.62
-393.16
-666.458
-179.968
334.127
476.931
173.181
-650.112
1195.66
-1356.55
160.885
-319.181
391.779
-72.598
1038.67
-1344.57
305.893
1261.16
825.515
-2086.68
70.6139
-1681.43
1610.82
-520.347
-1144.93
1665.28
456.136
155.51
-611.646
-197.875
-316.466
513.735
1048.25
1687.74
-1843.95
156.217
-111.708
-1684.37
1796.08
-1610.46
670.026
940.43
-315.203
676.191
-360.988
-96.7712
-93.0517
189.823
1316.74
-1246.12
370.028
-1454.11
1084.08
-1011.54
1011.54
95.2211
1566.03
-1661.25
-1111.29
-499.171
680.431
-727.401
-395.645
973.604
-577.96
1198.31
-1191.98
-6.3349
-1138.04
742.392
651.275
408.344
-399.807
-44.4155
444.222
-441.372
789.603
-348.231
-879.145
879.145
1175.7
-1301.19
125.485
-504.519
1765.68
1299.49
-325.887
1708.85
-1190.14
-518.709
84.7036
-403.885
2131.79
-1171.09
-960.702
1854.79
-167.054
414.795
124.357
-539.151
-463.757
1000.59
-536.837
-1197.03
1292.26
-587.116
1004.3
-417.187
417.771
777.892
648.215
-478.791
-451.864
617.001
-165.137
1230.74
-860.713
2376.99
-1113.51
-1263.48
1201.49
-2073.42
871.93
-1640.19
1617.46
455.458
-1633.19
-615.26
1101.24
-485.976
-696.54
381.337
1713.77
-724.186
-1138.82
-896.229
2035.05
687.78
-378.075
-309.705
713.013
586.479
-267.368
1443.07
121.628
-332.054
210.426
-282.543
738.679
-278.22
445.135
-166.915
-327.252
804.183
-328.268
-155.448
483.716
342.474
92.7899
1491.45
-452.775
-1002.71
506.767
495.94
290.648
91.9642
-382.613
954.516
-350.056
-1749.76
607.479
1142.29
33.467
-879.774
846.307
-274.11
586.4
-312.29
162.602
-1130.93
968.332
826.004
-837.936
11.9322
384.047
535.195
-919.242
-235.697
650.492
-1139.51
-499.439
1638.95
-457.814
692.618
-234.804
1349.02
-1460.73
-646.838
296.788
350.049
-488.413
-1025.59
1514
-559.343
-817.635
1376.98
581.601
-990.694
409.093
-113.888
-188.958
302.846
423.594
-301.966
-1070.05
606.296
987.871
-825.269
-91.9268
721.153
-629.226
-179.352
368.945
-189.593
-632.208
-370.499
-396.757
978.358
1146.54
-1146.54
-465.727
-181.111
-944.076
1580.78
-636.708
324.551
-728.475
403.924
-954.768
367.652
-964.828
-1088.74
-1535.24
365.229
1170.01
-272.051
937.233
-314.085
634.709
-320.624
-1995.92
1031.09
-1165.63
-369.616
583.723
-1527.8
1783.06
-1781.43
-1.63305
227.669
-627.314
399.645
-1484.53
976.313
508.213
301.399
218.913
-520.312
287.199
-565.42
170.003
-275.086
105.082
2038.6
-845.6
-1193
-567.037
167.23
640.649
857.868
-1498.52
-145.466
315.469
446.778
905.679
-1352.46
-941.703
410.175
531.528
-1077.4
1495.17
-783.005
167.745
780.597
-104.407
557.569
-277.66
-279.909
1028.6
-521.835
616.18
-1451.37
835.186
-1387.69
248.181
-517.586
243.476
-1207.93
935.882
2014.88
-1144.41
-870.476
252.746
893.796
-2159.99
921.668
1238.32
193.444
-14.3609
-179.083
-159.92
312.072
-152.152
-118.897
-389.948
508.845
-483.801
155.533
285.215
-51.7371
376.288
422.342
405.012
-827.354
-2052.93
1140.93
911.999
476.312
-552.817
76.5055
139.097
-208.198
69.1009
965.671
1072.93
1820.88
-254.844
740.205
-443.416
823.379
-1436.77
613.39
358.574
329.206
1078.42
-1044.95
-514.068
-257.983
772.05
495.012
-141.995
-353.017
696.303
-524.147
615.433
-812.655
197.222
522.836
1186.01
-1282.02
722.673
1026.42
-1546.77
1.62108
-1483.6
1481.98
335.734
853.454
-1189.19
611.646
243.789
-855.435
-2275.91
1179.14
1096.77
-1122.26
-1153.64
215.953
399.48
991.075
-655.341
636.971
-647.389
10.4173
-2160.73
1021.91
-81.5065
-94.5866
176.093
-44.3572
1827.42
-852.801
84.8109
-1058.94
-1101.05
-167.212
306.309
-684.764
219.037
-280.431
-427.642
708.073
1134.39
-1622.8
806.659
-1420.31
613.656
711.067
-448.277
1917.4
-1394.56
-324.082
-687.454
75.3839
427.948
-551.446
534.522
5.06614
-582.786
577.72
591.468
-290.07
-569.762
272.824
296.938
807.228
-384.885
16.0881
177.356
1225.27
-1223.65
187.175
236.419
396.729
-677.159
638.685
-1035.44
-2088.72
2088.72
-266.013
-452.945
718.958
719.666
401.65
-1121.32
599.09
181.507
408.122
399.106
-2264.15
1367.92
-956.75
-701.322
1658.07
-479.331
-728.602
-259.267
557.856
-298.589
875.195
-229.35
-645.845
-442.564
670.233
391.065
-705.151
-358.715
-149.398
508.113
-1354.22
-489.735
664.632
-1143.96
-311.545
-567.6
869.516
1507.47
214.024
-385.414
171.39
999.991
-348.716
1438.27
-822.093
462.445
-275.27
-342.613
-911.946
600.155
311.79
-361.127
-550.818
317.478
-436.374
-188.146
-120.339
308.485
-405.417
1125.08
383.856
-210.675
-324.818
1388.75
-186.041
-1202.71
-487.142
283.84
203.301
233.308
256.506
-489.815
3.58643
-816.241
612.227
-1783.13
1170.91
1529.06
-888.414
-1048.52
-436.001
-1094.22
592.761
501.454
1405.29
-428.975
959.366
-1458.8
-167.772
-217.625
385.397
-474.937
602.73
-1680.13
409.564
788.748
288.535
299.815
-588.349
462.189
549.347
1142.73
-741.855
-400.87
388.685
-206.901
-181.784
-1457.51
460.141
763.341
-1223.48
1522.62
-563.253
-487.122
944.812
-457.69
442.694
1218.77
-1661.46
17.2046
-475.018
-149.312
439.96
72.4208
-169.192
532.569
496.033
-643.756
53.3238
590.432
935.783
-1142.64
206.86
685.088
-276.966
486.077
-1494.66
1008.59
422.449
1740.73
-539.247
825.658
1189.22
-686.521
-1739.91
783.162
591.343
398.924
-990.266
466.659
82.9052
1804.77
-1887.68
1337.31
-382.874
-954.436
1752.62
-1796.98
-381.203
-530.35
745.587
-215.237
-514.064
192.273
302.739
-379.048
-1242.11
216.516
-792.742
-658.625
-601.954
1058.95
-456.993
-398.888
393.478
5.41057
516.392
-666.261
149.868
-235.688
68.8483
166.84
-670.793
-707.851
359.515
348.335
-960.269
1446.35
-421.548
911.958
-490.41
-2270.22
6.07292
190.475
-557.684
367.209
155.853
1232.9
-108.625
-576.139
167.66
-619.524
1536.12
-729.465
388.467
-482.797
94.3295
-112.534
112.534
563.122
316.022
1835.52
-1270.66
609.051
661.611
729.761
-33.4579
1333.63
798.163
-558.695
1382.07
282.563
303.837
293.493
-823.842
258.398
-699.77
204.659
-376.77
172.111
-251.205
605.721
-354.517
129.142
-380.347
-611.968
-584.223
1196.19
-366.365
545.54
-179.175
-1175.88
2045.54
-869.661
1333.86
-342.784
-149.303
35.4148
-1988.13
843.204
1559.64
-849.857
-709.785
2048.61
-905.402
-1143.21
737.593
596.267
-222.474
427.133
-675.729
1164.89
-489.161
-795.697
1242.47
569.644
954.71
-1781.27
826.561
-544.806
-86.7288
631.535
308.144
249.425
428.359
-104.804
-323.555
677.39
-64.8955
-612.495
938.038
-562.43
-375.608
1624.7
-490.306
915.392
-1678.94
763.549
1089.79
827.61
776.286
-461.947
-314.339
-934.053
-257.923
571.915
604.194
-1176.11
-453.192
515.382
-62.1899
598.467
-359.504
-238.963
-1014.68
593.129
617.677
911.386
-422.148
938.541
1450.54
-789.478
-661.063
414.406
-958.623
544.217
-1050.9
418.696
577.459
-1064.58
477.573
-536.049
58.4761
491.915
297.688
-94.7244
-17.8094
-821.345
-904.861
1726.21
190.004
198.681
-238.271
454.224
-46.1209
-555.151
601.271
495.23
899.858
-1395.09
-490.618
302.472
711.414
-34.0238
865.025
-1101.27
236.245
391.973
874.415
-1433.11
-455.703
860.714
2041.06
-1324.41
-716.65
219.885
417.087
221.62
604.384
109.821
-994.905
885.084
1726.26
-1120.48
-605.788
-143.696
1948.47
-1923.61
-165.102
424.533
-528.731
104.198
-1050.52
543.958
506.564
-1637.83
461.952
-923.933
832.006
404.451
212.55
443.507
-229.483
-442.762
737.461
262.53
48.1698
803.234
-851.404
-1154.4
-877.737
2032.14
-537.119
1125.18
-588.061
-474.99
-103.538
22.0319
-1707.87
886.529
-826.603
-648.215
1474.82
-254.748
-258.722
513.471
369.047
-671.011
301.964
241.633
-626.518
320.315
221.292
-541.607
359.35
-618.617
639.508
-270.461
323.573
-479.021
679.868
414.993
-181.684
-400.499
-307.352
1249.85
-9.80821
-1240.04
1072.74
-434.057
578.654
425.649
-1775.93
838.996
936.935
515.645
557.798
-1073.44
-382.177
127.429
-271.349
1219.59
-948.245
-1514.76
1190.68
518.708
-1130.68
402.107
-13.6402
426.75
317.969
-744.719
373.822
-609.519
-28.8765
779.648
-750.772
-421.084
664.872
386.591
294.174
435.587
677.533
92.7075
-407.856
315.148
893.501
-515.662
-377.839
512.556
-1715.95
1203.4
-1173.85
1808.39
-634.542
1769.49
-1157.26
-332.621
605.445
-1183.77
1293.59
271.534
-827.031
1646.34
-819.312
-258.806
-228.336
-956.75
1518.12
1870.38
-632.113
-1238.27
-419.573
769.736
-1371.69
-61.8523
-43.9192
472.278
-703.904
-360.618
-1154.15
-234.538
476.171
833.626
-582.326
192.377
-1727.69
-74.2067
1801.9
-1089.59
552.473
592.277
-1220.28
627.998
931.194
939.188
593.874
507.362
706.02
238.792
-1160.94
485.207
-420.247
425.313
643.972
-533.07
261.878
-761.703
499.825
700.802
-342.228
-227.015
133.963
-616.214
229.901
386.313
-919.279
-759.663
1117.33
-2206.07
408.163
-690.707
-305.447
-532.489
863.364
587.176
-362.51
318.094
364.43
262.809
679.545
-942.354
525.83
639.061
-551.623
192.908
364.542
-630.555
-1129.52
-807
1936.52
-1844.44
163.011
1143.56
-1414.9
1188.45
-719.68
-468.774
-520.935
1395.35
-1543.27
651.03
892.241
-136.444
-130.042
266.486
1472.4
576.209
341.085
-490.483
-505.293
-581.026
1086.32
-431.083
621.558
1634.09
-1165.38
-468.705
-795.74
342.795
521.104
372.398
-1673.87
432.855
1241.02
-208.263
528.578
824.258
809.831
215.54
-704.294
488.754
188.066
180.88
-208.326
-84.7356
293.061
495.052
-7.19907
-487.853
-1661.46
612.936
-1621.47
1698.19
-76.7207
18.4255
-1639.9
1025.77
776.693
-349.943
-821.76
-229.144
-1173.85
-246.462
-316.665
690.487
-1871.39
-641.754
1245.95
213.56
787.035
-1372.68
-700.74
-482.015
619.941
-331.406
-1040.9
1392.55
-1994.1
601.552
667.255
1330.47
313.269
-1.19689
744.454
717.535
-1461.99
-663.069
351.949
311.121
295.039
-71.6512
-223.388
162.8
302.056
175.305
-477.361
-591.846
1183.19
459.852
-632.368
-469.681
-415.065
884.746
-343.396
175.624
-476.571
174.604
-317.649
-732.873
355.873
-60.8336
-586.877
1001.28
304.497
-159.53
-144.967
468.901
-796.153
-670.397
445.795
-1161.32
-851.365
1216.59
-585.249
471.098
300.952
-459.221
81.1462
1057.21
-166.509
353.805
-187.296
-521.066
1546.83
-784.094
250.24
387.332
-637.572
231.887
489.114
-27.7454
-461.368
-262.685
-213.885
855.595
1141.05
585.211
-892.525
971.405
-78.8803
-182.035
45.5911
-746.808
319.166
-640.17
320.463
380.338
856.063
-1259.16
403.097
805.31
-834.187
-964.356
-571.519
1535.88
-168.928
468.742
-552.646
274.986
1377.21
794.429
-578.889
1345.59
-680.957
484.835
-693.941
-420.772
-429.23
-386.949
816.179
518.582
-868.638
-461.614
97.07
364.544
-222.686
593.298
746.708
-338.544
-208.097
-157.926
366.023
-510.434
152.646
357.788
1503.39
81.7915
-1585.18
-772.337
1390.01
-1182.9
-478.777
560.393
-173.06
1188.28
-382.967
1114.05
510.642
719.474
-425.981
-911.872
-542.24
-1347.23
-32.0843
1018.39
-986.307
605.181
347.553
-952.734
-333.042
-233.995
-768.071
417.967
1670.75
-190.559
374.329
367.921
-742.25
-1898.03
-2169.35
1563.66
605.689
-2041.34
356.969
383.514
540.505
-924.019
-476.696
1055.35
-418.614
-674.315
1092.93
-2090.9
1431.64
659.266
602.05
-1020.66
62.446
415.127
374.953
208.494
253.951
320.186
985.564
888.058
701.972
-337.279
-364.693
-302.079
637.064
-334.985
595.479
547.246
565.528
479.982
-1045.51
-819.236
-724.035
779.279
408.998
-423.712
725.676
-1226.5
1659.36
446.343
-1120.66
-335.81
557.102
-1420.64
926.48
494.16
-714.593
-292.833
-860.591
384.452
476.139
462.55
742.872
-1205.42
1104.62
-588.973
-409.526
683.335
-273.81
156.951
147.545
-484.017
-447.88
931.897
-252.19
561.863
-977.414
415.55
-437.294
618.712
-1732.22
437.984
694.149
-1132.13
543.628
91.0811
117.024
-2277.75
567.002
-95.9039
1491.51
1829.1
-223.134
-1605.97
-452.431
1844.98
-2050.83
1232.43
818.394
420.294
355.992
-27.2226
890.587
-1327.57
743.352
-899.082
-852.124
820.039
322.346
57.6736
-380.02
81.5101
90.7335
-172.244
1597.78
-853.328
-848.961
-297.581
496.089
-205.382
-290.707
391.868
346.811
257.79
362.151
-7.82595
1033.9
-1026.08
377.935
290.957
-668.892
-756.587
1873.46
-1116.88
-348.403
740.271
-1244.6
-416.652
-948.788
500.907
592.59
-801.871
209.28
788.922
-395.248
-393.674
-427.333
-465.192
452.842
1103.29
1277.09
-684.816
824.996
-356.095
387.458
331.5
-261.948
-220.849
-226.367
648.816
421.401
-878.308
456.907
224.256
363.068
-587.324
-438.047
859.448
780.72
-1186.14
901.066
-45.0027
-512.256
296.505
781.912
-98.5789
1429.05
1946.12
-71.536
355.376
-323.261
415.968
-1120.79
1112.96
635.725
388.365
400.557
63.2346
432.854
281.809
503.105
-382.647
-280.422
-331.058
-67.8303
-369.747
381.763
-12.0158
-248.549
-269.037
1041.75
-1590.99
549.247
-201.581
-194.616
-387.51
678.468
-1678.4
1641.38
-990.35
276.296
-697.068
603.366
1259.46
-1862.83
630.057
1011.32
320.562
-1156.88
714.121
-289.891
-298.458
1406.07
-1488.1
844.68
643.418
421.247
-646.147
224.9
-374.907
496.31
-121.403
376.376
118.677
1780.23
428.619
-240.553
577.5
-1757.42
1179.92
-92.8946
402.031
351.268
350.703
-463.355
-635.881
1099.24
438.895
-894.598
-663.286
931.781
590.837
-119.653
-116.035
-455.491
-422.817
-319.652
-854.201
1106.07
-1106.07
-97.1161
-1612.44
1709.56
301.917
296.55
-945.173
-575.914
1521.09
-415.178
980.706
-624.817
-1036.64
691.2
413.033
-1104.23
491.583
-168.01
591.399
1255.26
-1846.66
-1047.74
2114.24
-1066.5
-385.538
-311.002
-493.841
836.637
-1802.55
1648.7
153.841
1802.55
-1650.67
-151.878
-240.619
516.761
-276.142
-556.659
1670.71
1595.43
-2012.08
1109.9
-287.512
-267.872
555.384
253.456
-589.266
-725.31
301.598
1384.9
656.152
595.55
503.893
-1099.44
295.839
423.635
900.442
515.848
-1416.29
547.338
-1052.63
1625.99
-584.24
-773.952
-373.127
-125.213
498.34
-507.084
1249.96
-770.564
322.428
328.064
370.763
269.791
-640.554
624.219
859.365
-623.12
283.759
687.647
-119.653
-322.65
-243.466
566.115
1202.6
-676.559
632.862
480.084
-1112.95
-977.952
977.952
-398.304
786.669
-298.753
-489.01
787.763
498.007
467.677
-965.685
400.522
-699.276
636.102
-898.476
262.375
-380.5
-514.531
1110.08
-685.352
-731.837
1417.19
-396.974
958.837
-1601.1
695.695
51.512
-434.854
383.342
-509.321
728.358
267.301
338.421
177.53
314.054
-529.851
239.961
1930.05
-2028.63
285.621
-728.185
459.328
-850.704
391.377
-902.862
1441.05
-538.187
-445.23
-503.557
621.145
1158.37
-1779.52
-741.027
355.489
-474.913
1070.39
-790.773
1074.53
-321.944
-634.7
-488.976
747.374
439.129
-283.619
936.903
-312.11
-198.325
1647
-1870.13
-368.264
-609.149
-344.459
497.106
272.163
-603.57
-194.967
1088.6
-792.093
224.06
-299.391
-289.932
589.323
414.577
-906.297
491.72
-463.093
-459.432
-385.414
-346.226
595.969
-249.744
-467.069
-432.777
-337.061
-204.546
-394.669
664.459
-450.31
781.81
-1108.63
645.28
-1409.39
582.786
-28.2344
-1893.04
1921.28
590.95
-464.779
1247.74
-695.263
44.2348
-44.2348
691.626
-446.411
1036.05
-1660.87
-1192.59
-976.756
303.512
333.552
904.593
741.75
-498.575
-321.706
820.281
1709.69
-1737.92
-448.898
363.799
227.669
1173.97
-541.108
-971.57
1596.92
-625.351
461.778
-253.284
383.546
403.829
-787.375
541.065
494.72
-1035.79
-328.824
651.251
-39.2678
1969.31
1619.77
1023.55
-1753.01
751.406
-1218.01
466.599
-511.238
1411.68
865.525
-1386.46
-568.815
281.303
819.453
-420.529
575.391
-1227.26
651.866
-653.944
-1251.28
-717.827
1969.11
-214.013
569.839
-355.825
-188.216
302.872
-516.885
336.187
388.05
-724.237
-1527.37
783.847
743.525
908.34
-1479.86
855.577
-445.402
228.626
-377.938
-601.766
279.116
-706.907
-713.734
722.614
522.992
-1245.61
399.198
-208.059
-191.139
574.906
-992.093
-575.689
-428.982
748.147
-857.272
-1193.55
-1484.84
517.996
966.848
7.12893
-647.517
357.167
290.35
-1350.03
1080.71
269.321
-637.041
-471.594
-651.309
872.929
416.963
-212.194
-204.769
527.382
1010.28
-1537.66
1008.74
-303.682
104.569
199.113
-418.325
696.788
-411.167
-527.477
183.017
242.065
-1566.47
554.031
550.587
-770.117
260.796
163.862
-475.972
388.775
-848.208
2010
-1229.06
-780.948
414.828
-690.72
275.892
150.694
334.47
129.421
-463.891
-578.722
186.924
241.695
-716.83
1419.17
-702.34
436.86
493.783
-1208.38
268.212
1928.65
-1047.2
-881.443
699.867
-547.02
200.794
1419.64
-978.428
-441.214
352.527
-798.938
-638.14
1779.19
635.787
641.306
334.007
-11.6606
287.262
-1171.65
1779.54
-607.883
-1816.47
844.904
1783.62
-1709.15
-74.4716
-683.129
262.882
583.772
-733.057
244.082
1449.67
-584.15
409.116
451.599
-1916.93
1464.5
565.712
-428.817
-136.895
223.014
-560.075
-280.327
-194.664
-361.663
712.931
-594.105
220.978
622.078
575.342
-1197.42
1148.01
-2009.94
861.932
176.3
331.813
-1754.84
1715.57
333.554
-759.535
-169.696
398.322
772.002
704.639
-1476.64
1098.13
-1107.94
550.111
-1139.08
-653.788
264.902
388.886
536.386
-306.485
-637.18
-1023.69
313.116
-745.893
-938.697
194.931
169.414
229.784
394.55
311.608
-706.158
-644.884
-861.555
-1009.83
513.923
-1092.64
-294.582
497.884
557.396
659.197
-120.831
-28.4723
-412.507
733.069
288.667
-1237.24
592.357
1348.28
-576.279
466.723
-1042.41
-181.664
175.126
390.586
1054.33
571.653
-1729.68
1632.57
1654.11
-601.913
-1052.2
1963.98
-1951.75
-12.2282
214.458
-537.719
-350.721
574.781
-778.538
-328.391
-354.738
1016.93
726.573
-1534.26
807.682
352.161
-25.984
1672.98
-1110.93
434.373
-1266.61
492.653
-61.2519
1564.64
1239.34
-487.934
-278.265
-25.417
-284.942
759.533
-2010.81
-733.792
360.202
-554.614
194.412
60.6489
-227.158
1175.24
693.002
-1868.24
-625.036
196.218
970.976
-1546.89
-209.32
635.032
-425.712
884.285
1115.72
-757.357
1393.14
619.165
-488.847
-130.318
-363.98
1208.66
1064.24
-1981.4
917.151
-1208.89
567.135
1538.23
-606.447
-383.69
-167.933
-1280.96
596.14
1200.63
-58.347
977.182
800.83
-1778.01
-222.124
599.45
-1592.42
992.972
505.837
943.973
-1449.81
634.128
611.82
396.423
-1138.45
360.02
1142.79
509.748
-279.053
-230.695
-1221.39
-1809.79
-2.52082
-1727.16
-223.276
-422.871
1658.98
-645.473
-1013.5
-499.895
1093.77
-1359.6
660.043
699.561
-1404.37
1486.16
-1372.63
615.272
1570.43
-404.195
-589
205.31
-1504.78
239.009
177.536
239.609
379.557
433.715
420.648
-854.363
526.401
-967.281
929.861
-1493.11
-716.919
251.507
465.412
-1074.62
482.773
-484.041
893.157
721.206
32.3601
-545.423
189.597
-912.116
-1358.11
-741.021
364.527
376.494
421.174
-749.145
327.971
-393.595
-155.903
-491.486
739.698
1589.52
-612.341
833.222
764.56
1364.82
-848.974
-1001.52
-590.9
-826.908
442.086
384.822
-1071.1
-663.384
316.944
346.44
-1388.15
-249.676
-819.606
413.844
405.763
-669.924
403.528
266.396
-699.381
288.214
427.775
504.123
401.901
457.547
491.467
393.279
611.997
-991.046
691.844
491.344
444.424
334.585
-779.009
1681.42
-1110.78
-570.643
-523.344
-287.124
-1062.91
466.737
349.442
423.445
613.233
-1036.68
-1424.79
779.32
-555.435
1183.43
370.034
-67.9784
426.51
-897.202
470.691
-1906.46
294.016
427.174
-684.651
257.476
-192.301
420.431
-228.13
-686.415
321.75
364.665
-698.454
333.761
380.846
405.823
632.254
-1047.43
779.248
682.494
-1461.74
452.369
646.867
309.698
315.982
-625.68
415.307
324.964
603.768
676.71
426.579
599.301
-1048.59
449.293
-1706.38
1177.37
529.007
1746.94
-560.927
643.294
-1186.65
543.355
-583.871
325.148
453.277
-968.733
515.455
767.953
-449.984
355.634
357.298
574.856
-943.12
672.475
-1296.25
623.771
394.216
759.585
-1266.67
795.303
527.296
-1322.6
490.17
428.438
-918.608
-520.418
-964.426
-316.196
652.384
354.23
548.629
-902.859
335.073
316.179
-519.67
2001.65
433.487
-823.302
389.815
-947.381
-833.89
-776.532
382.858
-1251.77
460.994
-1780.47
1650.67
129.804
1799.18
-1648.7
-150.471
-811.585
-606.909
276.046
330.863
-1783.62
2012.08
557.155
817.821
-1374.98
455.735
740.456
709.642
390.669
-1100.31
-57.3569
1669.12
-614.786
407.15
840.586
-552.598
295.467
257.131
-390.318
-218.714
375.665
-232.685
451.598
259.15
-582.153
323.003
271.942
-584.232
-295.38
457.865
-1068.56
610.698
557.22
1124.2
367.787
610.572
213.783
180.34
-394.123
1658.84
-932.27
1746.65
-1569.92
-176.725
-334.967
-853.534
430.716
866.797
-1076.12
-626.351
291.366
-1121.79
1679.01
-1610.9
-69.6601
1680.56
-350.305
-359.871
-381.51
553.855
620.115
-520.784
-32.0333
-522.283
509.79
-285.643
-224.147
1780.37
-1327.52
-632.224
307.504
324.72
419.174
367.756
757.327
-298.673
-412.005
-1799.18
1737.92
474.741
-1138.02
663.28
-39.6529
1672.22
581.603
463.43
-1045.03
75.5396
1181.09
-1500.74
-5.4231
-1901.03
233.648
-565.923
281.124
284.799
-903.571
598.124
-931.15
485.92
-1166.87
696.437
470.429
386.326
286.102
-784.677
-315.394
1258.95
915.002
723.951
-1224.19
476.963
747.231
511.273
724.651
-1235.92
-363.609
-254.224
423.638
-994.696
454.266
540.429
21.5663
-1938.49
1117.26
-481.157
-505.822
577.382
-1424.54
847.159
-434.616
825.993
-419.05
506.398
-1022.05
1877.64
415.37
-185.586
153.739
-174.116
-251.05
425.166
1951.43
-519.791
-1729.78
1084.62
-476.742
258.028
-1049.03
572.339
-316.02
564.709
932.843
-1497.55
-1096.42
445.116
-20.8312
-2007.79
1717.75
-653.507
-501.204
477.549
-1231.91
754.361
196.893
220.07
-224.534
792.734
725.389
837.704
718.218
-383.634
1121.61
-510.871
479.593
-193.288
-286.305
-1985.38
-677.723
-306.773
-372.354
-1.70005
374.054
455.117
-268.193
585.643
1073.2
-822.734
957.4
1286.88
-439.69
-205.005
-255.921
460.926
952.265
-910.453
-343.941
-1103.98
632.388
1603.33
-819.481
557.641
963.446
-400.407
761.602
-361.195
1165.38
-237.059
327.166
1395.2
-727.887
-230.737
466.866
-1241.68
774.817
-986.268
-159.914
1146.18
457.823
-989.49
531.668
192.224
216.442
293.306
797.226
-117.681
884.058
-440.295
1161.6
-770.932
571.925
-1514.23
942.306
-1251.23
1854.6
-441.3
-1554.62
906.601
-1448.84
-325.11
-419.608
1505.84
-1572.32
812.657
1538.4
206.264
273.33
-363.615
-1780.47
-310.601
-1023.17
1608.81
-1807.25
1807.25
1595.43
-1039.2
-657.953
-346.551
364.389
616.317
-368.401
-371.597
-1435.27
924.031
1158.01
621.523
1199.76
1842.22
-1250.83
-625.421
261.829
1711.18
-1977.06
265.879
840.842
-1309.55
1594.08
-582.761
809.328
315.852
-341.872
573.844
821.506
633.449
1398.69
-231.037
-460.459
-366.252
369.98
-245.624
488.558
761.398
-304.756
-159.135
-334.245
587.564
-253.319
26.5574
-386.062
1140.36
-1774.9
-460.813
-495.681
-586.435
893.742
709.587
-1648.79
931.963
-467.826
-633.547
-531.005
1294.35
352.828
1777.71
-1756.14
-1709.69
1951.75
-1599.02
862.699
736.32
-371.894
-1852.86
948
603.034
846.641
-416.128
1851.77
-703.759
-412.951
683.584
455.79
-1139.37
-1136.46
460.962
778.379
-1667.43
491.295
927.876
173.94
-387.569
213.628
-1616.17
-397.738
-429.924
1014.81
-688.599
1490.48
-970.869
1855.15
241.254
-548.905
506.61
-300.347
492.12
919.559
563.15
1007.28
-479.24
-442.417
594.434
911.405
-1350.63
-37.5253
1618.28
-853.719
539.819
998.578
-1524.87
-1097.88
1788.54
-1241.98
-546.556
1247.83
-331.383
-916.443
-189.433
452.646
-263.213
-469.372
-253.829
435.892
-182.063
152.702
-406.926
1748.8
-1751.32
-465.384
-551.811
-928.047
429.986
-196.855
-233.131
470.915
-457.165
-358.9
-326.02
684.919
-976.481
425.663
-1190.75
690.854
415.194
-647.309
-449.013
1618.98
-877.232
548.928
-474.129
-589.744
-478.818
49.7531
-47.2831
-2.46997
-1129.15
433.888
-687.417
-1065.48
1752.9
-607.895
-1470.27
738.429
582.121
-1647.42
1065.3
-388.206
-485.777
166.794
539.226
-1300.82
769.814
559.495
1034.59
-2193.16
1019.98
1173.19
-365.144
62.6399
-56.0325
-6.60739
1526.6
-388.045
465.606
1152.43
602.825
935.403
587.232
545.353
-1132.58
172.588
-446.419
-1709.15
273.498
1153.39
-625.162
537.698
1044.24
-1581.94
1124.33
-1694.97
179.037
722.029
556.865
-900.806
-1106.9
-120.45
320.212
-199.762
-539.183
-434.285
-657.622
-452.72
228.186
-1671.67
970.352
-492.741
209.632
-395.218
546.632
-312.984
-613.974
1237.69
-1306.38
930.373
376.01
-1029.13
-369.123
-776.489
-845.812
1739.55
-493.284
1798.75
-1592.37
-206.38
-1605.69
1047.96
557.73
-744.332
-151.036
276.786
-125.751
-601.3
395.798
287.161
-682.958
-542.018
1014.85
652.875
-361.509
-1664.03
1078.78
592.066
1135.45
-1727.52
-417.492
-306.907
-379.508
-764.751
-472.837
-340.833
518.363
1607.99
-1025.87
-801.132
1546.28
685.748
-321.949
749.378
1182.09
-1931.47
291.764
319.568
-503.586
-1994.38
1775.67
218.709
766.523
-490.132
-276.391
551.327
1091.33
-1642.65
49.7531
-1732.59
-240.455
1804.11
-1627.71
1107.14
520.571
-1737.81
5.22729
-539.487
62.6399
1754.84
-1775.67
969.882
645.757
-1615.64
247.919
-151.171
-96.7484
-412.824
-286.557
60.9372
41.4288
-192.465
-449.89
-448.586
-423.546
231.245
1554.63
393.624
-234.765
-435.159
412.532
-170.837
335.64
1558.07
1103.89
-227.722
-876.168
-1137.58
1758.72
-1784.31
1096.89
-730.998
-1053.31
-1300.09
1899.29
-599.205
1189.96
-1826.73
636.774
156.336
-906.304
1728.4
44.9594
-1773.36
-509.388
-1113.41
-1748.8
-1013.49
571.072
1048.68
610.928
1165.86
-1776.78
296.11
-469.171
730.219
-396.458
377.996
954.775
703.297
-403.256
-645.337
603.645
1103.59
-1707.23
-410.062
-386.062
796.124
442.098
-1715.57
1569.92
145.651
605.558
-1080.47
563.234
1115.77
-1605.19
1022.42
-249.337
246.582
328.199
1963.98
428.037
-90.9282
1019.45
743.84
-1763.29
-719.539
1116.11
-1606.41
171.337
-587.84
183.784
228.748
-664.248
-587.519
603.179
1065.94
-713.787
-285.789
-1414.82
699.256
715.561
-386.448
817.324
108.545
-925.868
580.943
-141.736
1606.23
-226.653
274.982
-793
-1994.38
1716.39
1013.85
68.8483
317.183
450.77
-961.291
-1024.09
-1819.76
660.7
1746.38
530.382
-491.185
1252.58
1120.77
-436.867
1053.18
-1013.16
512.756
500.4
723.361
1081.25
-1804.61
505.386
495.896
-1542.16
-773.455
31.5993
809.488
-426.63
-914.642
408.819
-556.893
-829.567
171.39
-597.084
1444.24
1088.4
155.737
164.474
-571.103
1670.37
-796.747
1575.99
-1781.34
595.4
1185.94
565.835
-914.552
-1788.07
1977.06
-188.997
1768.83
184.452
-561.363
138.458
-97.029
-498.826
1253.19
585.84
1161.1
-498.3
452.862
889.346
-481.003
-801.787
437.561
364.226
1464.8
1123.66
-537.726
1469.69
-486.123
-432.361
918.484
-623.932
516.864
-1236.54
1746.65
1892.2
-710.115
1637.61
-667.731
-1283.68
741.657
-582.561
122.116
-216.702
370.598
-189.719
-537.827
-1282.53
1926.42
-643.889
1213.3
-570.003
1151.21
-1712.13
1740.62
-594.691
-562.878
-569.167
1772.57
-328.403
-712.944
-492.134
1266.95
-1735.65
-1915.52
632.993
346.441
-992.286
172.679
220.968
-1771.34
1237.72
533.618
1195.98
572.85
-528.119
-485.612
1232.84
183.897
236.534
606.909
1285.3
-556.524
-1273.25
1829.78
-1058.07
1056.53
872.112
-210.097
-1711.18
1756.14
-529.388
1457.26
-1788.07
-382.823
12.1452
370.678
-277.271
607.507
-330.236
95.6941
504.461
809.551
-388.377
1291.53
1295.14
-428.342
883.455
-452.739
1874.06
-684.1
1635.97
-1777.71
-425.862
-761.588
300.994
460.594
-578.204
-583.717
57.9447
-991.998
-1016.95
-692.063
1709.02
-966.793
-1226.37
154.53
-422.402
-670.285
727.967
1202.44
671.613
1457.47
-610.83
1675.63
1362.28
-592.466
-505.498
205.151
-522.663
1442.22
1282
-582.745
-947.997
925.579
53.8894
-979.468
568.403
-525.314
1449.34
1544.54
-609.139
-50.2186
50.2186
-610.141
1675.44
1282.93
-504.556
1161.57
-56.1411
1852.22
-364.827
1538.97
-609.11
-527.303
1390
-675.873
1259.91
-584.038
1605.61
-612.634
761.18
599.99
-1361.17
-655.142
298.146
496.283
620.661
-2014
-1012.41
1635.97
50.2222
-50.2222
-76.6153
404.655
450.922
396.437
-20.0609
-284.968
918.967
-524.751
-439.408
844.063
-254.791
643.676
-418.281
1559.21
-461.955
-885.275
177.937
203.869
-381.806
620.837
1284.97
-1905.8
960.591
-474.671
-47.2831
129.914
-2001.99
1872.08
-469.137
193.867
1217.49
-459.077
-758.41
-321.415
-593.227
-507.387
-56.0325
-472.331
248.184
1198.05
-577.935
237.648
-396.309
158.661
-6.27944
-93.4265
687.454
-594.028
14.5064
-345.565
-607.19
-72.15
72.15
-1245.78
1989.62
-1247.57
-230.961
-1826.51
234.142
-1054.38
-1002.65
-191.444
-1691.19
729.899
1265.66
-1983.49
385.647
320.733
-706.38
-1904.78
1269.82
634.962
-114.408
114.408
-988.418
-9.51007
-1923.61
-578.004
1702.2
-700.49
1688.55
-622.609
-191.951
-1709.08
-605.096
-444.405
-615.488
-79.0924
79.0924
-1583.5
201.176
1382.32
148.443
176.345
-324.788
584.635
519.255
1031.98
-491.553
1802.89
795.545
-178.249
171.642
537.424
1755.8
-615.447
-572.597
1688.37
445.613
1868.8
-666.351
-1862.27
-1993.07
-668.361
-83.6229
83.6229
-610.383
244.131
-694.778
1054.55
-482.215
-1106.4
-294.533
893.796
1906.13
1685.11
-1685.11
-281.212
765.653
1815.02
614.696
1311.72
121.95
125.969
613.081
585.88
890.865
-890.865
230.612
-363.499
-447.32
384.485
984.932
-472.176
-661.704
-1163.7
1759.1
293.004
-1673.61
636.965
-293.297
477.749
1798.46
-612.518
-152.97
-428.913
398.49
744.301
1792.53
-634.519
-530.321
-772.823
2017.12
-896.172
-1120.95
1694.52
-591.977
1259.2
-1879.96
620.76
358.123
-907.028
-175.087
-22.0283
1135.36
-502.975
129.832
646.613
-1670.3
458.54
628.428
-1862.27
-603.161
1840.88
913.187
-1196.47
1814.44
-617.973
1837.46
-595.213
-1242.24
460.557
933.497
-1751.32
952.758
-1474.31
230.251
1244.05
-859.952
-1290.08
-150.637
35.2094
115.427
601.994
282.167
1057.69
-462.993
876.853
-413.86
848.922
761.62
-1610.54
664.507
1101.17
-3.65208
-419.588
423.24
-1800.59
747.278
716.729
88.7221
-1155.26
1994.37
-695.595
-1298.78
-557.039
1718.14
850.48
994.539
-1845.02
1263.88
705.23
-415.053
736.803
846.356
1064.24
-606.413
1815.02
647.756
1827.24
-1219.31
-607.93
-377.584
-342.691
720.276
100.764
-1055.2
1711.77
-560.561
-723.336
723.336
1285.02
614.272
1391.93
216.055
-565.896
291.904
-199.94
721.606
1147.19
500.411
-316.513
-898.625
-594.489
1746.09
-1746.09
524.779
-524.779
1016.62
1055.24
-2071.86
1893.06
-633.86
-600.99
843.504
-975.139
-1083.09
1030.32
713.536
-1743.85
-94.7244
-371.338
-649.327
-832.709
2102.53
-1282.22
-633.304
1031.85
1003.2
1327.53
666.842
339.902
1041.98
234.969
346.558
549.347
1809.84
-1809.84
675.478
22.9973
-167.964
-1026.37
-562.376
1723.94
988.955
1011.05
-1888.19
-233.16
-371.935
627.357
-353.859
1906.33
-1110.52
-795.816
390.453
-49.3687
-813.729
-1711.76
1711.76
940.301
1980.34
-668.624
583.332
-493.922
1758.42
-1264.5
753.756
1892.46
1185.88
-618.748
-595.613
1182.84
-736.008
-504.124
961.981
1138.39
369.472
348.747
362.766
563.122
-1169.34
-605.562
-665.393
-1247.98
1913.38
-119.303
-273.055
364.521
-569.526
1285.7
1021.89
788.092
-609.055
1934.91
-671.028
-393.829
680.99
1933.22
765.253
-568.128
390.439
-461.307
1498.14
-772.749
1205.89
608.554
-101.147
424.232
-323.085
-567.6
932.525
425.586
1689.55
-734.773
1078.41
931.949
805.386
790.801
610.845
781.339
1262.25
615.392
1892.12
-1013.69
-878.428
554.884
-337.515
36.8265
-36.8265
-153.107
-700.046
303.587
860.387
390.871
370.731
1946.27
-680.609
1129.61
33.2748
-884.679
1151.66
461.277
-472.68
472.68
1814.53
-693.755
760.791
472.052
-210.738
926.682
-665.98
1357.61
1234.3
914.919
1177.04
560.473
1127.89
-311.382
-60.9719
-1122.02
1148.61
658.138
-1723.62
1232.03
-142.882
573.806
-430.924
217.127
-628.347
1913.31
421.07
-421.07
1027.71
625.954
-1653.67
652.649
668.291
626.848
1147.63
789.145
-689.676
1786.57
352.312
1095.24
135.498
1608.6
544.223
737.777
-1254.12
-739.987
-544.053
1971.11
-1427.06
1906.18
-621.16
1556.68
-1906.83
350.155
358.549
-358.549
1829.46
-705.806
54.391
-516.338
298.295
-669.536
1398.08
-728.545
698.548
-657.636
48.5047
554.953
626.108
-1181.06
1535.32
-771.768
373.585
-373.585
443.16
-41.904
41.904
340.863
1145.88
-717.067
-925.802
1642.87
1269.51
1303.18
681.109
-1984.29
-1340.59
-731.77
1470.2
1340.59
-567.341
-1069.58
833.81
235.772
479.015
-479.015
1208.36
550.058
1238.85
-1905.2
1239.89
-382.616
382.616
1042.16
1070.98
784.172
605.866
-1816.74
1210.88
1123.41
-1788.48
1092.9
-610.125
-516.063
1046.45
-721.076
603.653
1329.57
1741.57
-852.712
-888.858
401.112
-401.112
-197.83
374.688
-176.858
-802.1
375.47
-1882.6
644.98
1237.62
-794.883
-783.83
1578.71
-341.364
-324.073
665.437
1154.73
1709.7
-739.349
246.612
199.002
276.723
-276.723
885.37
1733.86
-1069.35
655.135
-1321.11
1297.2
-1965.82
1166.55
-1850.65
-286.2
-413.845
1978.31
456.689
-456.689
1271.97
-1905.83
126.364
-126.364
329.974
-202.18
-127.794
635.172
986.823
-481.437
732.238
1824.47
-876.473
492.766
-264.719
264.719
1275.25
-1111.52
1290.97
-1924.27
1303.79
-1947.68
1155.76
1597.9
-785.243
-381.889
923.007
-1931.04
1008.03
-356.024
548.402
-267.388
267.388
184.491
-479.024
1211.51
-1832.05
1224.12
-749.044
-1058.42
1807.46
588.192
-662.029
-192.745
-343.132
535.877
449.939
311.918
560.359
-365.946
656.712
1326.83
-1983.54
255.456
-255.456
1160.16
-1828.52
25.8872
-460.741
1690.65
1239.84
633.014
-1872.86
390.35
-210.174
210.174
660.177
-1908.16
1277.83
1092.16
-631.606
-98.5441
98.5441
1257.68
640.117
-1897.79
1193.98
-1806.49
1157.58
-1818.7
661.124
596.897
-1406.78
809.878
1271.69
641.62
-1825.52
1207.54
506.101
648.157
1265.22
-715.728
-1409.8
1827.77
188.393
-188.393
1128.77
-1789.56
660.799
-859.692
406.953
-742.635
1772.95
254.665
308.655
209.708
557.854
1258.84
452.118
-880.953
-831.032
1711.99
-1200.72
-681.879
575.736
-848.961
-652.298
1098.94
-691.787
162.164
-162.164
356.11
-356.11
-626.16
926.404
-744.897
1932.74
-663.228
-205.214
168.561
180.153
-348.713
631.539
1144.81
-1776.35
1866.25
-594.56
-742.038
1953.55
1113.77
-1829.5
571.914
-379.006
-100.947
100.947
176.797
201.253
-378.05
1892.51
196.267
124.491
-320.757
-301.962
135.734
-135.734
-1249.65
1820.02
-570.367
711.336
-424.074
462.125
-230.88
168.342
110.155
-278.497
1857.13
-1870.81
-1799.62
1165.1
575.882
-386.285
201.198
179.663
-380.861
-1740.06
681.997
144.296
-144.296
582.684
544.478
-327.35
-2151.84
-1227.88
-697.381
1936.23
1167.74
-1775.62
-1264.94
642.621
1760.98
-1124.21
-1209.77
202.949
179.834
-382.783
-124.379
124.379
8.31821
702.404
1125.28
-1827.68
1154.59
1116.51
-667.219
306.733
199.757
-199.757
-1483.38
599.516
883.863
1115.78
-1731.23
1864.15
-624.256
407.959
-738.649
-1693.38
1070.77
-618.589
1850.62
280.617
116.108
-116.108
1685.85
-928.283
453.612
-179.369
179.369
-1133.77
-876.177
-478.354
195.458
190.637
-386.096
675.23
-1344.77
-347.354
-1706.89
1101.33
545.617
584.062
70.8177
73.3569
-144.175
-1238.54
1859.3
-629.451
-1317.45
-804.236
1653.16
285.558
538.177
-291.527
144.238
-144.238
1847.21
1538
328.249
-136.681
136.681
725.18
-458.784
594.815
-389.505
-182.305
428.917
-525.78
212.796
730.821
-479.314
-745.451
351.621
-1710.73
1150.17
1124.85
843.47
-561.661
1498.31
-1608.32
995.689
1034.97
-1727.04
631.889
1139.01
-1770.9
-1638.5
1054.26
138.885
-138.885
1256.95
649.178
-1155.43
1119.25
-658.255
737.406
-449.192
-1535.51
926.366
1065.43
-1680.21
-1216.66
-600.082
1962.07
-1035.49
543.937
1013.5
-1681.23
-173.564
-571.887
1653.78
-17.8064
-690.493
1246.02
-1943.4
571.739
-1733.06
1135.71
-551.111
321.731
229.38
578.276
-1225.58
1898.57
-1579.05
988.147
-279.211
-247.867
527.079
238.911
-473.317
-397.152
1498.33
-770.664
-851.139
1621.8
764.608
-1896.41
1131.81
-316.1
500.592
-1979.48
1952.47
-1952.47
-1859.12
835.028
1939.02
-670.938
141.89
-434.21
-555.28
-360.013
-835.828
406.836
-612.733
2018.8
882.486
-508.391
-374.095
-1716.71
868.81
-1891.98
1062.93
725.614
1890.22
-288.627
1721.07
1840.92
-606.619
-1677.83
568.582
1109.24
899.441
-1670.1
-627.006
-689.937
-82.7391
667.71
-374.707
46.8182
65.7156
1002.4
485.392
-1487.8
1727.58
-562.472
-582.833
1648.14
-1704.29
949.348
-496.487
-1139.77
636.799
-19.9583
-1433.93
1681.9
-542.892
-1483.21
888.721
629.896
-1732.72
1102.83
1724.21
-608.434
-1324.27
-711.354
1976.57
-1670.75
-14.3593
-277.609
-1854.04
624.486
-1220.1
-1516.88
907.767
-522.064
953.499
796.88
-1750.38
1014.62
-1452.14
437.524
-42.5625
-91.636
-80.6077
-1407.69
421.427
307.858
-1001.8
546.763
-1566.35
771.466
-1636.12
816.64
-1149.83
2072.84
-10.6348
-628.485
1824.6
972.481
98.14
-1876.76
1205.82
-646.496
445.838
-459.905
1107.66
-127.953
-1073.66
1201.61
-505.242
1266.42
845.068
-1690.88
162.762
1230.04
786.402
-1583.15
161.547
1721.91
624.769
-1557.04
955.155
-1567.89
-573.258
231.894
-1447.68
943.127
464.407
-83.1037
1238.82
-597.509
412.439
-743.016
1421.72
-678.709
-375.138
560.77
-339.791
-518.649
816.795
-1418.57
834.424
-511.486
-696.89
-381.608
-478.084
1908.02
-1098.13
-678.222
-651.466
1926.71
-594.028
487.766
-1281.56
822.487
-977.201
849.249
-1346.47
768.269
-834.104
-286.555
-744.424
324.815
-503.822
1244
627.954
1057.9
-7.61452
367.635
-117
419.872
-232.332
468.866
984.818
1097.21
158.096
-1461.42
850.593
-773.911
-1162.91
404.496
-1383.02
790.554
-1629.84
776.118
1302.08
300.783
-136.308
-748.432
1348.42
-1116.28
-673.283
483.693
-348.899
16.8447
1024.2
-1151.95
127.749
670.285
-727.527
229.793
-1801.05
-776.172
326.187
-249.194
1119.43
555.535
328.331
-883.866
-616.611
-819.379
374.974
-484.595
-9.97045
1490.94
974.928
260.602
294.113
-554.715
-709.223
1844.93
-81.3537
-455.295
694.087
145.326
366.855
293.844
-617.065
1723.17
1424.74
1884.81
377.995
1113.22
-1822.44
821.529
700.416
-1521.94
-1552.34
1129.72
-1094.05
1764.34
-673.692
324.612
-817.819
-584.031
-994.105
1578.14
-1027
244.764
-366.166
1095.89
-1569.21
725.846
-1545.16
-866.64
573.593
293.047
-602.981
560.463
759.572
1146.76
-1717.84
1717.84
-620.176
830.38
1179.62
957.616
-1577.79
-627.243
-983.062
-435.205
-493.078
-289.163
641.112
672.748
-1451.29
-1623.61
746.376
894.31
-1678.14
658.848
766.368
767.48
-1560.48
-503.688
1435.64
-752.479
-538.324
1290.8
-1294.66
711.913
965.757
-421.799
604.691
-1349.02
-1424.74
-1383.04
632.863
750.173
-594.421
644.853
-1315.25
-705.091
772.018
-432.117
835.744
581.674
707.613
442.009
-1194.49
356.538
481.637
-838.175
-440.48
-117.203
904.907
-1644.26
1716.75
-91.3911
-1085.15
-647.571
378.503
302.487
1706.18
-576.575
1524.85
-598.486
513.806
668.086
-1559.05
890.96
-1272.22
688.186
-1251.98
-514.241
1159.09
1202.93
702.721
-1241.05
762.568
-1783.74
860.543
487.737
1045.36
-487.502
-185.072
-1087.7
-262.98
435.568
-490.297
695.043
-1620.85
-1221.43
534.911
1067.86
706.984
-1221.22
-622.823
-1685.19
0.103324
138.354
423.909
-930.77
1576.53
42.0073
821.298
-430.859
2.4033
1625.7
910.538
-356.89
333.661
23.2288
-488.176
1277.32
582.873
-1083.4
500.523
-42.0073
-5.27574
555.065
-1105.1
550.031
1220.15
-429.351
358.854
-773.906
41.904
971.762
450.945
-230.875
-520.773
-1057.22
-1232.36
662.356
-736.749
-1640.19
-682.43
826.133
628.156
899.607
-1527.76
1070.71
-1118.39
1713.64
-642.862
-496.409
-329.097
1175.4
-235.499
370.53
-396.584
26.0538
-758.785
-613.188
-1447.31
813.76
-1005.95
-647.717
-17.5641
-11.3637
-235.931
501.462
-1156.6
266.752
-295.726
28.9739
-1123.35
-609.71
-701.383
611.391
-1189.33
-172.82
368.324
-400.809
32.4852
436.39
399.354
-1127.84
-608.696
837.347
444.375
-511.969
946.706
650.218
-1596.92
902.557
229.093
895.664
-452.504
484.269
534.434
536.568
-1071
607.786
510.039
-1117.83
710.87
626.999
829.697
-1456.7
999.258
1138.65
-637.191
973.937
668.932
907.787
-17.9263
599.191
-1140.3
323.389
-359.893
36.5042
480.7
401.786
-399.628
349.471
50.1568
1144.5
533.881
-1049.94
-1678.87
893.623
1467.42
-784.929
-438.978
380.36
58.6188
1141.61
-707.724
208.883
-1105.96
1766.75
337.801
-399.022
61.2201
1526.82
-619.055
363.236
-425.505
62.2691
-649.023
274.316
-455.134
405.005
50.1293
396.658
-437.223
40.5652
397.576
-426.771
29.1957
458.143
-463.289
5.14566
-432.769
456.764
-23.9943
452.83
-421.727
-31.1031
428.926
-392.118
-36.8078
424.502
-383.321
-41.1808
409.524
-364.962
-44.5627
-381.723
432.367
-50.6437
409.468
-357.989
-51.4791
386.7
-334.885
-51.8146
-406.247
457.675
-51.4276
-8.50382
-830.681
504.793
-171.819
778.921
-707.294
491.597
534.32
671.918
-1506.56
834.645
-614.75
-668.066
442.112
401.951
412.511
-415.746
358.857
56.8896
380.561
-779.953
399.393
127.37
1622.56
-626.871
-615.163
214.39
-578.004
464.879
-961.495
496.616
557.152
415.012
-868.507
453.495
1742.28
-767.357
1549.82
-905.618
-1543.36
-817.096
1819.96
-695.104
502.606
-983.764
784.745
-1399.5
1146.68
1617.46
526.749
439.008
453.6
362.271
-423.167
60.8962
-926.005
477.419
-374.901
424.061
-49.1595
-779.947
-594.538
521.068
661.777
-430.859
-596.109
1698.3
-595.478
508.755
555.482
522.487
-1053.81
531.323
-1582.62
1207.48
-704.257
1718.87
1166.03
-622.678
-405.291
-394.574
410.108
-15.5346
-172.988
452.264
567.98
-1075.37
495.406
1164.09
-568.7
-563.884
-325.738
358.098
1089.87
-370.271
-656.358
-553.414
527.915
-1095.9
567.983
1472.7
-622.103
1446.48
-519.797
519.562
-1015.97
421.394
-374.216
-47.1777
216.298
-886.482
-692.728
822.869
283.203
-840.576
505.998
-978.174
1881.26
-981.822
-750.883
304.465
563.14
609.869
677.689
-1287.56
704.748
-1479.37
774.62
1101.45
491.677
-938.997
758.174
639.906
-523.655
1463.96
-1826.43
1551.38
275.044
293.845
1501.62
-1021.04
1529.26
202.791
-713.501
256.336
461.68
-892.539
-514.668
-1107.84
312.356
1157.87
-176.282
1332.96
-621.049
-1650.13
1128.07
1979.64
-1143.72
-835.913
-597.186
873.211
1073.88
441.105
-854.964
-825.037
-1159.94
-670.006
-517.322
-404.367
-1356.94
-253.962
319.652
-600.075
220.065
449.824
-858.446
232.534
-645.485
887.653
-1866.32
-864.184
198.104
186.431
-384.536
-934.739
470.409
-1134.31
923.841
1052.69
443.876
1462.92
-1552.01
727.497
295.662
811.86
1424.65
590.136
-1224.46
634.32
487.642
-874.24
-892.162
1881.12
-465.304
186.092
-576.945
1159.82
179.493
642.573
715.033
-213
-408.272
621.272
1620.54
-1007.6
-525.26
1187.04
326.965
-276.391
-50.5741
649.463
-1267.21
-859.681
351.283
508.398
-466.836
-1667.67
804.929
907.056
668.004
749.186
213.83
320.49
153.916
-535.561
381.645
565.189
-304.812
705.043
-1210.28
553.315
422.28
-810.657
-809.767
-646.929
7.13673
1617.6
-980.638
-843.323
998.831
1579.77
-879.512
-700.259
365.431
-716.679
351.247
-561.527
1342.87
1311.83
204.334
203.747
-1052.72
770.029
700.171
-530.988
165.041
-478.527
263.732
214.796
229.084
822.869
398.976
-762.474
672.348
971.058
-1555.09
205.27
344.603
341.133
-685.736
1229.61
-618.217
381.001
724.266
-373.333
627.998
644.12
486.497
-967.925
481.428
555.806
554.608
-1110.41
702.613
-1467.36
928.535
-465.609
-618.679
1727.92
-609.998
1798.5
-1188.5
-650.241
276.908
1557.4
-794.835
-365.802
915.84
313.332
-938.656
-396.612
699.098
849.873
-761.326
1320.26
451.434
-928.488
477.055
-1096.02
-780.737
-767.942
-1058.57
-1006.21
-737.641
133.029
-133.029
-2.70523
-751.916
551.264
-1545.37
841.466
215.809
411.681
-781.334
369.653
677.89
901.881
-1300.45
1851.72
-897.763
1713.51
-741.024
1307.3
-872.41
479.424
-249.631
1449.36
328.339
-620.23
291.891
-1107.14
622.549
-964.457
1585.12
841.637
-34.4897
-475.601
877.551
435.149
456.359
-406.781
-49.5782
-1679.63
805.387
-571.574
182.069
1669.72
-893.605
466.836
5.84368
1569.38
-666.368
-1165.54
-408.783
-572.319
-869.031
-1732.26
1084.69
548.899
-642.286
93.3869
-284.197
359.581
-214.871
1857.05
8.76487
300.189
-624.263
-1569.38
-142.382
1135.18
-684.381
-450.795
-194
-61.4562
602.374
289.221
-768.535
-610.316
1821.19
401.064
-763.912
1859.8
368.939
-887.589
279.145
313.142
-592.287
-43.6776
372.075
364.728
-1422.95
-334.501
243.066
236.358
847.604
-1133.56
475.305
1111.68
-30.9054
-595.057
1196.05
-571.566
-946.566
-460.209
-508.485
-811.739
1320.22
-632.401
77.4199
256.587
-214.908
-945.078
1388.19
-443.108
-509.973
-706.837
1339.7
272.634
-539.233
266.599
639.279
1433.56
633.913
-1568.65
1192.87
-816.856
-477.318
-565.009
302.22
-343.228
41.0082
-538.31
-28.1903
-17.3427
-649.116
-1064.76
628.063
436.694
-596.07
1134.31
-688.03
1438.2
-607.035
276.799
1672.39
-926.016
194
16.1745
-13.3921
258.93
-506.798
829.147
-527.328
923.126
655.01
1057.4
-464.638
799.835
-674.832
361.204
-89.67
1086.46
-673.725
1191.72
-162.231
152.721
-581.257
-920.727
1650.63
214.871
1785.96
550.515
-337.719
-537.121
895.467
-514.906
871.051
640.544
382.452
-334.135
-48.3176
733.933
-1631.7
-409.222
1001.26
-658.381
-862.673
-768.686
390.556
-343.639
-46.9176
-451.357
-493.192
-328.946
384.029
1116.77
-632.498
880.442
-505.468
599.498
-432.685
1348.89
-1697.49
716.853
-1851.31
632.423
-499.299
510.994
-868.353
357.359
241.158
-564.458
323.299
-230.695
406.457
-357.159
171.669
582.691
-303.04
-485.706
1188.43
1134.85
-681.247
-607.317
-469.114
400.884
-418.076
17.1916
-506.344
208.993
467.628
-192.355
-343.695
-158.898
761.39
-1090.49
497.985
955.995
1062.81
-454.457
367.728
43.6776
506.642
1065.71
493.727
879.008
1100.63
827.247
-1499.56
672.314
476.895
-1301.61
705.502
-210.989
-267.538
166.075
-397.043
624.039
797.686
-613.425
-112.532
233.419
239.92
228.946
1689.93
-484.14
-741.445
-337.42
378.579
-41.1589
1185.65
-496.034
-689.619
455.204
-60.6257
98.6941
262.51
-597.402
396.201
-717.129
1166.95
212.485
669.472
1440.73
-1239.56
759.967
-418.072
138.163
-108.266
-681.296
625.722
538.329
-320.041
1134.81
-661.316
1148.96
-516.461
1223.44
751.019
-630.04
382.495
-40.0213
1559.93
-793.557
1707.65
-1025.65
674.832
-1254.85
28.1903
-90.906
620.166
-808.009
-802.533
-425.802
1286.35
-55.0111
-532.313
-271.312
-1227.92
-611.048
759.376
-280.302
924.507
-470.895
-364.683
87.3823
88.7108
600.723
-240.201
-280.111
1272.06
-610.445
-564.23
603.666
-676.418
28.2414
15.9934
387.558
-342.141
-45.4173
243.98
-1109.3
792.251
297.05
-1038.49
365.877
222.583
-588.46
648.363
-262.35
718.244
-455.894
-780.49
-392.903
-1056.91
509.943
478.217
-1195.35
-887.755
360.427
-101.177
196.295
930.178
-35.7854
519.032
-1180.35
1837.71
-927.174
-39.6476
32.3838
26.2029
28.7102
637.508
-493.485
98.2104
-738.38
-450.985
-644.913
-498.647
787.868
-464.91
-994.389
-1225.07
-102.45
-453.494
766.825
934.893
-438.277
175.499
-373.329
-10.7414
808.209
825.708
448.803
-344.181
386.646
-42.4657
-484.828
-644.519
274.247
-627.099
325.753
702.192
-238.618
331.408
1187.64
57.4653
-429.725
668.474
-1645.33
976.854
299.618
200.973
-412.576
580.907
-365.097
240.934
-694.428
-432.714
201.838
-272.252
-236.522
950.643
762.828
212.698
323.179
-982.915
549.198
-64.3104
300.249
-765.633
-690.236
-968.03
740.308
-1255.81
-930.19
318.148
-520.318
163.323
-371.382
-315.033
919.729
-351.746
-502.747
716.307
18.4668
60.6257
472.292
1189.67
-745.089
56.4323
-388.545
665.452
-520.027
-651.764
216.442
-433.102
1244.28
-321.645
300.86
20.7846
1830.76
891.735
533.873
-329.539
864.616
-1464.58
-1896.56
882.862
775.457
-355.133
1653.78
529.483
126.38
-77.8317
-67.4133
145.245
1748.16
730.75
-1409.46
1741.7
-756.882
1063.44
-39.2356
1255.74
49.8448
301.891
-736.176
-254.845
-49.1332
307.077
-800.269
1049.95
558.553
236.537
-666.462
-722.495
-147.298
1229.05
-214.008
-288.116
-111.991
-115.172
227.163
-1063.07
-232.866
-706.199
-617.705
-1322.67
549.852
-573.409
-1278.25
1126.37
763.846
-349.808
-79.1046
372.38
-328.467
-43.9132
1827.82
-516.846
60.8351
-197.143
-79.2821
-448.992
962.271
-656.378
495.43
550.513
-630.247
-74.0472
318.606
-125.78
293.573
164.583
210.105
-1189.67
-65.7156
-150.756
-139.534
290.289
-223.717
-833.168
-391.287
-139.365
-828.666
-1137.07
-1507.13
-552.259
-1507.13
1466.71
533.286
1466.71
49.1332
-333.02
119.134
1009.96
733.538
1305.52
-1151.68
-483.017
-866.006
-434.575
-593.946
-254.075
683.46
-410.198
314.294
-1807.37
-465.512
40.0671
-380.902
762.24
-598.442
422.821
-685.171
-476.963
657.026
-434.443
-1147.62
-748.789
684.838
-1711.83
-797.877
-708.687
1733.06
-524.152
244.042
1090.18
-351.662
-67.9255
-105.675
-1484.08
597.594
1617.81
169.161
-1464.21
-461.169
-1444.81
270.839
-1012.65
475.088
459.805
408.303
-890.572
-167.446
-212.613
380.058
-615.163
-351.76
460.62
-240.555
-771.406
-465.138
-612.07
1535.91
712.468
360.011
-768.811
455.789
1141.68
-697.804
-852.179
-646.157
277.757
-664.811
-34.4641
-495.633
1267.44
-846.013
1508.27
-395.302
-384.271
745.137
-392.309
-901.386
-892.593
-440.991
517.496
-353.026
-159.904
512.93
139.467
433.956
-462.372
1456.91
1624.06
-625.229
-632.382
1187.33
-1002.31
279.207
-321.071
-442.332
1137.79
-543.626
-230.28
976.344
-433.928
-116.665
288.776
223.717
-1383.28
-22.2614
-325.092
-29.1045
29.1045
-341.98
-439.354
963.606
-634.758
1340.26
-432.033
-528.282
-1633.19
840.051
-348.331
-220.797
-1226.37
1216.66
-582.34
191.764
432.329
-925.407
-502.849
269.23
513.169
-298.373
-652.555
-482.912
-221.54
-177.277
398.817
-844.544
-175.342
-220.489
395.83
-220.259
-170.296
390.555
-109.148
15.9722
888.453
-1536.67
368.031
-187.879
176.703
-1061.38
1080.67
-517.529
-681.043
-428.31
1109.35
972.951
-230.858
-169.806
400.664
-384.78
434.625
1373.84
1714.74
644.12
-1504.27
735.459
124.469
249.585
23.3052
-52.4097
444.673
-105.028
816.956
-447.303
527.832
-719.211
-625.555
-89.699
135.374
513.986
-52.4033
-477.213
-404.819
-676.541
-1621.75
796.71
-232.472
-169.398
401.87
-917.548
-531.512
1659.58
-1548.95
-876.637
1031.06
-1061.96
1650.38
1083.08
-845.136
-918.157
131.803
-634.513
1724.38
904.551
943.762
704.943
-88.9401
907.417
-361.768
-293.303
-374.296
739.023
401.701
440.451
621.864
552.24
-346.971
757.028
336.353
1627.91
1413.44
-483.261
165.937
-183.747
-684.428
-24.329
141.699
-912.544
385.08
-816.359
947.268
851.235
28.2414
-268.261
497.642
265.819
-599.718
810.366
224.447
182.898
183.126
1610.45
46.3932
899.737
-946.131
490.258
-346.193
186.248
-1137.73
492.817
24.6135
847.843
937.425
-195.186
-200.481
-387.979
-381.482
-506.273
-631.863
267.18
-788.251
477.272
-483.659
-355.064
56.4214
766.567
-471.178
901.509
-102.631
-475.373
592.263
916.004
370.287
-195.961
288.89
961.965
623.153
55.6005
324.494
277.493
-1259.51
89.699
-908.195
590.153
318.042
1741.29
-445.463
-327.748
275.991
-415.92
689.507
117.51
347.15
1259.08
1563.88
-672.925
-671.621
761.338
-320.56
860.785
-540.225
-416.833
408.33
-439.899
849.466
386.691
610.439
-391.648
-1387.34
1074.93
-92.2717
1911.42
-704.741
215.234
548.183
-225.858
745.113
-330.765
256.428
-1135.4
427.342
-1397.64
1382.55
419.349
-237.663
-164.965
402.627
-808.585
-1675.09
-935.283
186.902
45.0752
-622.862
1048.52
1227.92
-681.738
-776.454
-680.76
572.247
514.27
545.944
-1242.83
964.599
-253.828
1213.29
-510.826
803.414
-1331.53
1130.47
-21.0008
49.2423
-613.678
1421.89
236.599
-645.38
-909.708
404.386
1231.26
224.575
215.385
34.3982
-970.537
761.817
-804.379
-257.93
312.381
780.123
714.647
1186.57
359.31
-683.364
-345.499
-329.253
-307.837
-734.612
-469.761
502.134
-401.362
-35.0125
87.1685
-7.72197
-769.942
320.95
-1348.21
303.258
518.956
666.123
-1185.08
-1126.42
-372.096
-396.352
-408.303
-1174.93
-1563.52
636.276
-325.126
-1136.98
-390.231
-395.028
776.731
410.62
-1108.42
-51.7576
354.806
302.558
277.935
610.94
-1051.17
319.202
-427.535
368.304
-232.597
-201.517
-212.811
-1546.77
453.173
-1551.34
-1500.49
-229.764
1119.02
30.2395
-468.12
1104.91
-611.188
-676.692
1144.32
840.738
384.668
-793.89
682.657
-264.015
-400.797
-430.082
-562.382
1069.02
396.882
-213.539
-183.343
-345.965
-814.429
-420.34
1234.77
1972.9
58.1794
377.651
171.249
-545.438
-322.914
274.422
313.897
-137.377
-176.52
-396.244
168.114
-391.467
447.9
-407.361
792.028
640.58
473.971
-439.573
-368.968
-104.405
-936.426
420.487
-243.603
-766.027
657.986
498.199
1182.36
1050.69
-1289.97
832.979
-559.903
-108.085
1593.12
-585.924
1135.12
-265.928
1700.15
-110.73
-232.497
367.765
794.592
430.132
-1411.95
-338.111
-1442.47
1358.22
-653.275
732.663
-1369.66
663.421
376.752
-445.448
-629.336
-560.065
511.735
-206.799
-969.223
-859.459
314.021
1135.73
1560.58
1036.57
236.867
506.939
43.1575
464.333
497.617
995.471
573.072
-329.092
-306.434
1569.12
-179.103
726.203
-1397.76
808.21
463.024
-626.749
-131.426
-285.408
335.212
-612.178
1162.69
552.417
-318.998
315.854
449.182
-309.715
248.457
-451.319
-130.75
-903.228
144.579
-617.946
-511.058
430.133
-1043.28
160.684
1025.45
495.09
811.885
374.046
-248.834
-412.508
1447.3
-761.533
-497.973
9.41043
-747.261
1182.38
-1759.51
1187.12
-210.116
1366.88
322.003
-387.705
-136.141
398.651
-343.859
481.921
1563.07
-152.983
330.612
-549.943
1435.55
-1207.09
-1346.4
436.522
416.834
-1132.52
256.348
-390.785
376.666
-408.135
475.878
1093.24
-451.559
-579.067
1241.28
-1224.68
543.719
324.401
-1229
-1271.94
-274.831
64.8396
-485.761
330.008
-774.516
313.347
-28.9434
-483.874
352.448
-402.278
260.608
-131.964
-929.159
-489.443
-364.737
1113.17
-398.899
-241.824
296.02
407.701
441.345
-552.03
280.068
1680.53
-1620.6
-96.662
553.865
-40.807
-737.389
189.644
54.4517
-1105.64
-439.725
-914.646
284.606
958.789
-341.079
-990.454
-340.795
6.73306
210.707
-699.116
792.622
-707.811
493.644
-176.789
-238.787
415.576
-333.323
50.9415
-367.455
1007.09
884.426
-418.638
199.341
174.705
-672.2
244.646
306.711
-324.637
1063.54
247.387
-407.06
1146.16
-634.425
-97.5474
308.946
60.2807
-1722.97
376.139
1369.5
199.969
53.2769
-5.92392
-444.327
174.363
1520.72
185.715
-827.524
444.557
-1578.63
1544.33
253.447
-105.95
-239.614
-135.127
1051.87
172.784
-302.075
335.83
-325.119
661.472
433.261
303.624
-512.829
-1008.35
197.607
-175.846
612.743
-347.427
678.039
338.949
326.503
-786.691
1226.67
45.438
355.017
-491.492
793.661
317.582
741.444
363.478
108.8
-645.579
940.556
311.237
-453.566
293.001
260.314
-969.963
-320.009
18.6926
-160.748
1549.1
-305.612
1349.43
-189.829
362.614
343.221
-1174.01
419.522
-833.113
379.547
-348.007
-701.274
1047.06
676.111
-504.276
-771.906
255.059
401.4
88.4142
-333.774
-159.654
334.018
-578.09
-1019.92
605.895
173.86
-626.961
-180.71
-786.781
-458.559
-239.899
-892.617
-369.634
1195.29
430.808
1766.92
-640.552
-78.1759
419.9
-674.581
-178.055
-169.953
-288.113
-151.105
-1470.14
430.595
-168.308
-310.43
-460.233
774.254
343.785
557.615
615.245
-300.94
583.396
222.742
985.366
-815.58
1326.36
609.788
252.331
-199.054
-563.825
-29.3443
-446.029
-1068.56
42.8449
-376.923
-302.796
53.7059
-349.484
-806.89
219.261
-70.2495
83.6925
1147.26
-551.01
-136.007
821.255
289.492
-353.404
-1131.63
514.5
-260.253
293.315
831.368
365.446
34.0335
-440.974
-265.355
1489.35
498.9
251.587
-98.8214
1246.08
-215.918
-186.36
384.082
-875.284
-228.523
214.341
176.444
-359.786
1409.65
-497.539
-184.318
-145.03
66.0533
12.247
-131.328
119.081
-17.111
17.9056
-0.794527
-312.145
189.98
122.165
323.064
-43.8146
-279.25
-190.942
218.441
-27.4996
19.561
133.067
-152.628
-3.79147
-7.11527
10.9067
12.3574
-8.01727
-4.34009
174.38
-162.133
23.5016
-214.443
177.73
-100.372
-77.3584
372.363
-395.508
23.1451
16.9116
-11.0514
-5.86022
144.052
33.6781
-236.306
289.873
-53.5675
-36.0861
48.893
-12.8069
450.57
-187.728
-262.842
-166.514
101.341
65.1726
-37.419
105.648
-68.229
374.674
25.9134
-400.587
-482.176
450.2
31.9764
0.0452826
-37.1688
37.1235
-13.6314
-0.419957
14.0513
-86.4926
106.054
68.4536
274.828
-343.282
-198.867
-14.8752
213.742
291.754
-422.128
130.374
-36.2098
108.863
-72.6536
1.14363
1.41989
-2.56351
49.8195
71.0992
-120.919
-0.615917
0.710343
-0.0944254
-0.615738
0.710224
-0.0944863
-0.615964
0.710307
-0.0943425
-0.610146
0.702941
-0.0927951
0.610176
-0.701734
0.0915582
-0.610166
0.702948
-0.0927829
-168.486
132.277
-24.9175
169.904
-144.987
-26.1492
18.1397
8.00949
182.729
267.841
-244.362
222.113
22.2488
2.44634
-1.30271
-11.9457
-0.632335
12.578
28.9957
94.7258
-123.721
4.36146
7.9959
380.879
-312.426
74.2419
-296.224
221.983
80.0643
-87.3168
7.25254
85.7094
-112.442
26.7326
-2.38314
21.7485
-19.3654
182.165
-153.17
104.166
33.9408
-138.107
-107.684
-87.6214
195.305
-8.57203
-8.53899
108.984
-133.902
39.9854
48.9297
-88.915
276.586
64.0943
-340.681
16.2003
-19.9918
22.6203
-22.6614
0.0411264
-15.9708
-10.1784
-69.612
33.5259
-0.668244
0.541284
0.12696
84.6654
-4.60111
52.0465
-51.6795
-0.366958
2.27165
-119.421
117.15
365.92
8.75349
-0.604207
0.604207
-294.36
-6.74276
301.103
2.3467
-0.194483
-2.15222
-0.725984
-0.0762367
0.802221
-266.852
-116.485
383.337
-256.295
19.9894
322.652
0.411751
0.704682
0.0913763
-0.796059
0.711014
0.0860631
-0.797077
0.705244
0.0929013
-0.798145
0.705225
0.0929156
-0.798141
0.720179
0.0821713
-0.80235
0.711006
0.0860389
-0.797045
-12.6684
0.7227
-2.44328
-11.1881
22.6018
91.4578
-114.06
0.663742
11.9082
-12.572
-182.283
74.5989
141.364
-139.093
-27.4531
-156.178
183.631
-121.399
144.001
394.939
-103.186
7.89866
1.16307
-9.06173
-48.2617
-118.252
0.541305
-0.47699
-0.0643148
-456.423
319.68
136.743
-258.364
214.55
90.192
-83.4132
-6.77876
-230.694
304.936
-34.4924
361.731
-327.239
-188.308
231.395
-43.0866
-252.807
98.5804
154.227
-241.253
-70.8914
-0.679961
0.788808
-0.108847
-0.733113
0.117196
0.684873
-0.0746974
-0.733105
0.117367
-0.733198
0.117233
-0.689289
0.0791436
-0.689313
0.0791476
-21.9383
44.7797
-22.8414
-69.2053
173.371
-177.604
314.338
-136.734
183.837
-413.857
230.02
455.046
-170.19
-284.856
-1.98284
1.96333
0.019507
30.9477
341.416
-106.362
126.331
-19.9694
51.0443
60.9118
-111.956
19.5743
-1.83502
40.2603
-38.4252
-33.0295
-16.8844
49.9139
2.87519
328.767
-144.931
-28.1533
79.1976
9.40381
-10.1753
0.77152
-0.772408
0.0924466
161.738
-178.862
17.1233
-0.613059
-0.0551845
93.3799
-53.3945
0.412092
0.129212
0.911372
0.398074
-1.30945
8.16525
85.2146
-204.642
265.816
-61.1745
105.612
-36.4555
-69.1562
12.9464
-3.54263
-193.062
375.182
-182.12
155.723
299.323
25.2488
26.7977
57.2868
-94.7058
-421.063
386.571
-297.215
167.689
129.526
118.366
-90.5379
-27.8283
-108.331
-19.0197
127.35
0.62736
-0.62736
-21.9383
170.287
-257.908
-18.7334
79.6452
-1.50279
3.84949
-0.655893
0.742417
-0.0865237
-0.661712
0.748716
-0.0870039
-0.655894
0.742424
-0.0865303
-0.64041
0.732147
-0.0917373
-0.661515
0.748264
-0.0867485
-0.661491
0.748238
-0.086747
-4.76971
14.9737
-348.688
333.714
-37.8961
-13.7834
182.306
-225.231
42.9257
-49.2534
49.2987
248.357
-275.81
-18.7043
-18.4625
37.1668
0.159268
-27.024
26.8647
-233.641
-10.7206
220.72
138.264
-358.983
-1.37683
2.00419
300.973
-24.3868
112.798
-305.859
-427.298
160.446
9.71266
8.19289
130.03
53.8169
-183.847
81.2937
-380.689
299.396
68.863
-299.557
-395.717
62.3217
333.395
6.61321
-40.3029
170.333
-5.03417
21.2345
1.13016
-0.218786
53.2513
228.577
-281.829
11.0521
5.8595
-12.1913
-272.622
284.813
-0.639389
0.0351819
216.534
-389.137
172.603
-29.7964
-78.3155
-65.8591
-224.924
36.6152
0.643296
-0.730524
0.087228
-264.135
-120.401
-0.337846
-1.64499
-39.6968
-86.0678
125.765
89.0059
-39.1864
-1.89852
49.071
-47.1725
-68.9318
117.861
-20.3347
-17.9045
38.2392
-13.0294
0.186107
12.8433
-155.415
-266.712
104.525
18.0131
-122.538
-318.632
-163.545
-104.437
58.1168
46.3199
166.922
-5.18331
-300.144
122.54
-22.3177
173.027
-150.71
-372.003
184.275
-111.692
-8.12977
119.822
-100.951
-11.0053
-32.0473
6.78806
25.2593
-235.657
190.544
45.1129
34.619
-140.981
25.7862
-27.6847
-33.0452
28.011
73.2432
16.1651
-89.4084
-286.084
-35.8655
321.95
-161.811
121.291
40.5205
62.2476
-36.5293
3.49981
-96.0984
-3.84881
99.9472
283.97
-215.107
-79.5037
24.4315
55.0722
162.796
-68.0698
-175.92
-196.083
11.8316
-107.337
95.5051
-132.179
-189.221
51.6901
137.531
-131.821
115.375
16.446
10.4285
95.1832
-230.464
22.5048
207.959
-248.846
44.2042
-68.1479
79.9795
-7.35622
-24.6911
-0.289081
0.289081
-150.375
-31.9079
74.9622
-1.71896
-2.42675
-6.14528
35.2287
-42.5849
-223.913
275.071
-51.1578
41.9029
-12.8317
3.48015
9.35154
6.57188
37.2422
-43.8141
0.00590584
169.898
62.3363
-324.599
262.262
-8.97228
-24.0729
9.37809
123.689
-3.26223
-128.559
36.7585
-45.7308
16.5007
-116.912
-8.46555
125.377
209.581
-2.29833
-207.283
-1.17334
1.20858
-0.0352333
-17.8058
39.1087
-41.4919
248.714
14.5176
-263.231
0.13043
1.28946
-21.9383
1.14456
-1.08756
-0.0570086
-9.68811
-53.6243
63.3124
-124.046
87.5909
21.4814
-23.9246
-4.48163
-12.5981
-227.987
240.585
49.0886
-48.9293
17.9447
-13.8238
-4.12089
271.418
-50.6982
-128.985
146.108
0.693578
0.205905
-0.899482
19.3312
3.28916
83.6568
-72.2162
-11.4407
-0.735179
0.00206609
-0.735152
0.00204638
-0.792456
0.820948
-0.0284913
0.739541
-0.0546682
-0.78343
0.803875
-0.0204447
-0.789942
0.81358
-0.0236381
-0.735399
0.00220139
-0.740212
0.050923
-0.791523
0.820766
-0.0292431
-0.740226
0.0509133
-0.78353
0.804604
-0.0210734
0.809855
-0.781326
-0.0285292
-0.791143
0.820785
-0.0296423
27.304
48.7353
208.213
-256.949
0.194482
-0.278926
0.0844442
135.343
-0.357057
-134.986
14.6387
341.865
-260.571
168.819
-32.1631
-136.656
195.687
118.651
-24.5012
-193.993
218.494
-8.7034
-221.76
-63.1637
-41.273
182.62
-0.454434
-27.1179
0.243617
93.8639
-19.0009
-17.4306
36.4315
337.885
114.336
-452.221
-101.278
22.962
-30.7972
10.4625
-16.527
134.895
-118.368
236.166
-3.10136
29.8567
-26.7554
5.55107
24.3207
-29.8717
-223.649
67.4712
53.8461
-4.95312
-28.1934
-69.722
97.9154
-100.346
-0.60474
-287.942
175.96
111.983
223.954
-41.6483
71.4525
-417.655
346.203
84.4503
-348.585
29.9758
-8.49447
191.887
-173.874
-136.177
27.8461
0.280522
-0.280522
66.1084
-82.6355
225.916
22.7978
33.4247
220.305
-253.73
158.244
-180.561
88.4001
-2.69069
333.204
-270.868
0.52987
-11.5813
-0.0788301
-165.086
-87.7209
223.218
-235.817
-4.52337
-9.78736
14.3107
-2.25488
43.5597
-41.3048
-0.762632
-12.2668
-363.353
378.327
-17.1313
56.24
-1.48105
2.68155
-1.2005
-0.159976
-20.4355
20.5954
-247.625
-17.6218
265.247
1.69813
8.10268
-9.8008
64.605
385.595
-99.1671
310.073
-210.906
228.118
-327.285
20.847
-19.1488
189.939
-193.201
-60.5199
409.023
-348.503
-69.3737
83.8702
-14.4965
37.0838
-37.2438
26.9549
-24.7915
-2.16344
2.31072
-0.571388
-1.73933
12.9101
40.936
0.926734
1.25322
-2.17995
-44.7069
-58.4648
103.172
0.208465
-0.685455
-318.536
389.988
358.473
-92.4697
-266.003
-208.034
-248.389
-84.2142
-11.8842
306.636
-18.9985
-287.637
-435.021
10.3591
-131.758
-98.5938
198.038
-99.4445
194.453
-221.959
27.506
-8.24757
-279.168
287.415
30.4503
6.86756
-37.3179
21.3357
-138.248
43.4917
-46.5931
-85.7714
57.6181
-23.9863
-165.235
4.08934
33.0632
-37.1525
107.149
-107.235
-0.640208
0.560233
0.0799748
-0.640311
0.559513
0.0807979
0.630976
-0.555678
-0.0752983
-0.640341
0.559542
0.0807989
-0.702929
0.52766
0.175269
-0.631899
0.558794
0.0731053
-0.631905
0.558793
0.0731117
-1.4568
11.7172
-10.2604
-24.9861
25.6499
-55.0051
131.243
-76.2377
-38.9515
29.2634
157.501
-176.521
10.7572
280.479
-291.236
-28.2377
9.53336
0.820721
-0.408629
74.0244
-64.6549
-9.36945
321.955
-382.474
-121.156
-213.813
334.969
133.331
161.351
7.46842
-18.7079
25.2798
292.618
-278.1
229.388
-34.9346
-20.8968
359.887
0.0842376
0.519969
-21.9516
-6.45197
28.4035
147.949
-156.415
-9.7373
-12.9241
-6.91563
263.551
-256.636
-0.725984
428.107
-272.384
-144.599
71.6581
72.9409
124.013
-179.018
-177.98
18.3158
-0.371099
-23.4644
-134.895
158.36
0.536994
-1.00932
0.472327
-11.679
4.36193
7.3171
0.704682
0.711014
0.711006
0.705225
0.720179
0.705244
8.02426
-161.26
140.997
20.2631
208.343
144.325
145.548
37.6497
-7.19933
-83.7127
39.0058
306.931
-273.506
342.732
-133.23
328.917
481.754
-357.544
-124.21
0.114752
-25.8785
-53.6252
25.8972
1.05772
152.62
-160.75
74.9434
-123.205
-89.5796
91.14
-1.56039
317.397
-103.384
-214.013
343.438
8.41504
-351.853
-130.524
1.53936
-71.0404
53.9091
313.707
31.2595
77.6039
0.334299
-0.334299
237.263
-66.9757
-167.799
161.642
-40.3514
-143.3
142.943
-274.671
11.2213
263.449
-0.178404
-11.5006
57.01
-7.93895
-69.4862
-16.2852
13.4656
-147.923
134.457
54.5633
-17.3211
306.383
-297.292
-9.09121
-234.902
-251.321
7.4724
243.849
21.1083
-268.733
-319.435
385.155
-65.7196
-272.177
-0.445418
-58.5405
378.22
305.605
-256.87
-457.306
375.569
81.737
-198.408
217.104
-18.6958
192.014
79.4038
-137.69
148.049
24.6478
361.25
-385.897
126.441
-51.3787
-75.0621
-0.936772
-0.236573
1.07338
-2.55443
282.18
35.2163
-10.7616
33.3517
-22.5901
-27.6047
23.0813
1.32842
-0.791425
-2.65129
1.31862
1.33267
1.31585
0.994873
0.688894
-207.21
206.521
-137.077
0.674297
-0.133013
-1.79084
1.52826
0.262573
29.6221
-5.44173
-24.1803
48.6227
-11.8642
-2.08652
345.525
154.71
-83.6109
45.0958
-9.86713
-122.655
-165.287
322.825
72.1142
66.3566
-349.814
283.458
375.705
-382.448
95.88
-27.2496
-68.6303
279.346
-296.968
-23.7215
-11.0573
34.7788
-9.156
4.11456
5.04144
22.8583
-1.1098
-236.809
212.307
295.802
10.5817
-424.394
356.759
67.6351
13.9281
-24.2858
366.15
3.16915
-254.49
282.555
40.097
-112.713
-154.768
267.481
-89.6358
427.521
-266.353
46.9645
-6.70426
0.791424
-1.41878
93.9742
-15.3265
-116.001
-111.764
16.4534
95.3106
-15.65
-0.00855934
0.333637
0.487085
129.068
153.112
1.80819
31.348
-11.7015
-19.6465
0.692781
-0.950854
0.258073
12.9503
-1.04207
-168.224
-74.9084
135.501
-60.5923
-216.987
-102.139
319.126
0.791413
-0.00260516
151.881
-42.8967
224.703
-265
40.2969
-189.497
-267.808
-0.0707579
0.0710437
0.069966
0.0710421
0.0699126
0.0701349
376.514
-314.193
32.37
-6.5838
429.685
-367.438
102.545
-111.135
8.59012
40.1171
240.414
-32.2006
-177.19
235.26
-234.571
4.83057
-281.042
245.177
431.11
-266.067
273.539
114.403
-57.5211
-56.8816
0.639389
0.144017
-0.783406
24.3287
-26.5836
-66.9725
2.31759
144.908
-0.907337
-1.0435
0.0289127
1.01458
239.125
-7.73037
37.2392
-368.19
19.5022
-18.6122
-8.73404
27.3463
-314.265
377.976
-63.7108
3.62886
-94.6188
45.8258
295.567
-341.393
-1.50672
-414.619
19.1109
-193.39
-5.01766
290.229
1.30323
-0.376497
2.89217
8.94726
-11.8394
394.183
-369.535
-36.381
12.615
23.766
-19.4071
18.0938
1.31323
11.4437
-101.023
-334.939
109.056
225.883
234.748
-0.56983
-0.570336
-0.569854
-0.558238
-0.5686
-0.56859
-37.2026
288.643
-251.441
-70.0602
-42.3818
-0.342665
0.54857
-2.59071
23.4377
-2.12868
264.899
-302.101
-14.0799
-26.6028
22.4173
4.18551
-59.306
-7.66656
2.56906
-52.8397
34.3773
-114.517
40.2369
74.2796
-9.42399
61.1769
-51.7529
121.33
-101.763
-19.567
2.1333
0.313044
-53.1467
42.3851
-158.943
209.8
-50.8574
-309.085
-5.17996
-0.66482
0.66482
0.692781
37.4996
9.46494
81.0267
-116.426
30.3587
-42.6457
37.204
-226.051
452.142
-387.714
-64.4277
10.9326
18.1423
-24.0025
13.534
-136.072
0.567059
-481.337
391.702
-20.5894
-243.486
264.076
-120.293
95.5202
24.7726
-325.624
204.469
29.1101
-35.1325
6.02244
-32.3026
257.006
76.6744
-63.7643
10.5987
28.4985
-39.0972
-41.4523
35.0003
-14.0656
19.6167
-56.4141
38.5096
-247.844
314.201
278.444
-339.759
61.315
23.648
7.7
164.445
263.661
-41.6231
29.9216
-0.851124
3.45851
-2.60739
0.0426022
-78.4156
9.04188
-75.8754
-2.54025
-81.1718
391.713
-345.887
-91.0318
326.936
-81.5406
-79.7192
39.5801
-15.2595
-31.8152
-104.362
-206.979
345.243
4.33061
5.88611
30.5573
-36.4434
-379.538
402.683
4.97537
27.0446
-32.02
-205.615
120.354
85.2612
208.3
-32.3402
-0.623058
-0.112094
-0.623052
-0.112127
-0.614231
-0.121168
-0.627857
-0.163286
-0.627836
-0.163687
-0.628114
-0.164342
28.741
-2.27403
-22.1983
340.031
-61.5868
2.17543
-3.18475
-367.505
298.566
-185.768
-212.315
79.8874
-112.051
425.344
1.36925
0.159013
-2.4975
-16.9096
-9.156
14.8279
207.285
5.02268
-80.8981
4.23015
-18.2958
1.48135
-1.21877
-4.11012
8.34026
298.305
-106.291
-20.5792
95.5226
-417.976
54.623
-256.527
213.441
264.827
-1.2754
59.5675
-10.479
-195.557
-139.382
27.6034
-12.5594
-15.044
9.03804
-14.6964
5.65832
0.936868
-14.7607
-1.49013
-69.6557
205.649
-135.993
-0.717128
9.31654
-8.59942
-0.641017
0.80483
-0.163814
-0.750963
-1.80347
-350.014
-25.8282
-124.547
-12.0978
198.906
-201.204
6.83304
1.16662
-7.99965
19.7777
89.7117
36.7291
86.551
115.3
-322.279
189.42
-259.076
-1.77787
21.7144
-19.9365
-194.82
-9.64018
204.46
21.9051
-16.9297
-0.720694
-21.5291
-6.06663
17.1187
-0.045573
7.77971
-7.73413
231.914
-264.217
-132.025
27.6634
25.6638
-139.959
344.676
-204.717
44.6457
-7.14608
69.5444
-209.767
140.222
-46.7431
60.7932
-14.0501
322.226
36.247
2.74138
-9.38832
31.8056
-0.0286317
32.2866
206.839
16.0868
-209.688
193.601
-189.943
12.1997
177.744
209.855
10.4501
43.5649
-15.0665
-83.8735
-30.643
170.734
-194.72
24.6659
52.0085
0.995272
34.7292
-5.61918
367.386
17.9886
-385.375
109.041
-63.7632
-45.2778
49.8563
-6.29657
8.07124
-9.09613
1.02489
-13.9865
57.4783
-107.62
-36.9792
2.95492
-1.58567
22.9893
12.7907
-35.78
-2.36211
-156.609
158.971
-15.4156
28.1786
-12.763
-41.0544
-7.87494
-91.1641
78.4318
12.7322
-342.669
128.855
0.846108
-1.21828
0.372169
-10.1065
0.95047
8.44002
-98.9779
-5.52699
31.1769
32.4613
-2.60454
90.4745
-77.0089
43.8091
-6.7253
42.6192
-29.6952
-12.924
159.788
7.13328
-86.001
40.247
-7.1838
8.15165
39.572
-9.01471
-47.2634
9.3673
232.009
-42.0703
-1.32435
2.65702
-17.1813
-12.6904
34.5892
-7.54453
123.585
-124.843
1.2582
-1.78087
3.26222
-0.926274
183.948
-25.7042
12.0118
-11.3307
-0.681087
-32.9514
-5.47386
-81.8322
-231.227
313.059
12.8244
245.001
-202.075
227.043
-249.242
-0.370181
8.15446
-7.78428
-6.04466
203.524
-11.6375
-163.173
-17.3885
-51.1871
-19.8533
19.0773
-193.987
174.91
1.37884
70.445
27.492
9.67473
-59.9758
-101.79
161.765
-0.066704
11.7839
1.75805
-2.50901
-14.0853
68.297
206.774
-161.003
-32.1984
41.4363
-69.2646
151.782
9.56926
-21.0987
-9.1409
30.2396
-40.4679
-6.70456
-351.051
-51.0879
402.139
-29.3218
249.531
-220.21
-16.8639
-10.5225
27.3864
132.637
-349.624
-22.6744
-6.18069
28.8551
-19.9556
-9.57498
29.5306
-59.9159
6.29163
-35.0751
-6.22971
206.181
175.93
-275.453
0.782082
7.46624
-116.775
109.309
-0.244948
-0.0355737
105.603
-109.452
99.256
62.9371
-162.193
-252.969
-136.168
-24.1646
-17.4586
-18.875
0.262762
-83.5259
-1.36505
3.52988
-2.16483
-47.6519
279.566
3.5913
-30.761
-6.48285
187.318
-171.231
7.57249
-8.89891
1.32642
-387.984
-0.0101028
-0.0103174
0.0113814
-0.0103123
-0.0305776
-0.00980617
-0.00979684
-160.482
-1.65051
-116.258
113.896
-33.5511
277.4
303.754
-38.8552
127.52
0.541859
-128.061
116.863
-51.7271
297.94
-17.461
-34.72
-7.92577
83.6851
-0.387327
-0.563527
211.45
4.95956
-170.195
23.2532
-216.643
297.934
-5.31586
4.3317
22.9449
-30.1954
-6.95711
0.120381
0.117916
0.120428
0.119367
0.119365
0.120602
-277.515
-24.5864
-262.33
-2.84259
265.173
-3.00222
11.0735
10.28
-266.807
196.282
-342.342
146.06
-148.946
5.64583
34.0104
148.782
-0.83274
29.1626
-94.2697
65.1071
-277.344
-13.8919
38.942
-15.9526
-150.04
149.421
0.619264
-34.4172
-8.16773
209.79
-140.245
9.93832
-26.8022
-177.084
0.563414
102.535
7.71348
76.1568
-0.636834
-0.0936897
-31.1735
-10.2788
-10.7305
-15.6042
-20.7768
-28.4195
-15.3946
-278.215
0.114773
-15.4182
54.0103
-46.5294
-7.48095
307.176
-0.245726
-0.0755933
-37.3843
-15.4555
-33.4783
-13.1148
-11.6512
15.1313
46.5398
-9.33581
-217.56
-141.423
-31.4077
45.6937
-14.286
-44.3764
-8.77029
26.2879
90.6947
-116.983
74.4374
162.825
-25.7559
5.8003
61.2909
93.4192
9.52326
22.8467
334.085
-397.796
7.63368
-26.6445
5.54585
-5.15486
-21.963
343.878
139.493
106.285
-0.681698
-3.89593
-16.1032
19.9991
-39.6663
22.1373
40.9827
-13.4907
115.597
82.4417
20.1955
36.5955
-56.791
4.39377
-274.895
1.38932
304.217
1.38787
-164.962
4.21157
8.04753
-17.7401
18.9068
-66.0322
-3.91935
69.9516
-152.114
4.1916
-8.53212
17.5702
130.343
4.11428
157.749
-163.187
5.43735
-39.668
-142.927
5.23678
158.234
-96.9428
3.39099
144.658
-122.409
148.404
3.37798
20.425
5.52325
-6.90008
-162.557
131.146
31.4108
8.54395
13.5674
31.8425
-45.41
135.329
1.80778
-2.37917
-2.93974
-251.55
-10.4221
-7.8737
57.1672
321.159
224.662
134.151
7.21317
0.846108
6.57988
136.924
-142.562
5.6376
-6.83914
-17.7523
24.5914
-3.97524
-6.20009
0.534198
-0.641017
-1.21828
286.395
-7.04931
-0.716083
-0.716279
-0.716245
0.726922
-0.725033
-0.725035
-0.627081
-248.388
-92.3914
164.049
87.4674
-96.8914
53.5212
60.8814
7.13885
-283.552
289.945
-6.39304
123.084
219.472
-342.556
28.9611
6.96493
-17.3418
-2.91651
238.177
7.24258
-8.57791
1.33533
76.4697
98.9455
8.80867
64.5793
-73.388
0.165081
-14.4122
30.0551
-25.6347
-4.42042
-41.2733
-15.1408
262.124
41.6296
-2.01228
-57.9036
334.266
-95.3136
-238.952
-383.604
370.522
13.0814
-1.50941
-0.229927
3.90859
-49.071
92.0924
-43.0213
-296.117
-45.2753
60.7721
5.5639
-10.1065
381.179
-432.267
-10.721
11.3162
-0.595269
6.00283
128.892
-17.5702
107.895
-117.264
9.60615
230.032
-344.131
114.099
65.0261
-114.097
-263.662
-2.40467
-3.48422
-16.8134
20.2976
-23.3501
36.1745
-20.1531
9.13123
11.0219
270.587
2.95177
-116.596
-192.182
308.778
12.3412
-8.43261
117.594
-217.039
-19.4708
266.602
-5.60192
-261
-241.346
297.526
-56.18
-131.619
327.901
6.99652
-6.76337
2.65326
5.63515
202.568
-335.797
29.0355
-103.944
-1.66804
3.67223
-2.00419
28.6303
183.013
-211.644
-250.628
-201.593
119.603
-28.1455
229.989
-235.007
-0.742123
19.3839
35.1794
-295.375
-135.956
-194.636
330.592
399.808
-6.05709
-393.751
-392.877
424.854
-205.447
328.531
-152.438
-215.752
4.11456
227.771
-110.177
3.70079
0.140011
38.4062
0.673481
-2.16361
155.282
3.078
20.3176
-0.986399
-6.34281
-156.214
-64.8761
1.85546
7.46109
-10.4899
290.728
9.17137
-109.543
16.0458
4.27179
1.87095
154.513
-220.123
65.6104
-1.58942
246.258
-83.4325
-4.13809
-2.62528
-95.1624
8.66985
-347.006
389.902
-42.8962
408.618
-345.339
-63.2793
418.695
12.4151
-95.1934
102.1
-6.90682
-0.785051
-0.114431
-128.743
25.6946
-38.385
-17.0443
1.32842
-0.351399
-26.6726
0.617441
22.8635
-35.4229
14.3002
-378.458
194.542
-372.522
107.697
-127.513
19.8169
0.726922
-0.716245
-0.725033
-0.725035
-0.627081
-0.716279
-0.716083
96.0393
-2.15222
-10.8406
9.33784
237.447
-314.184
76.7378
-44.2645
29.0051
-8.95161
210.214
-201.263
47.0428
-38.2342
321.571
80.5674
431.308
8.43237
40.1904
-213.463
0.535149
-2.33862
-244.412
0.00603952
-20.8172
3.90767
5.42767
0.922488
-56.1435
38.8017
-90.1707
17.1353
1.41813
7.23829
-8.65642
0.305667
346.199
-116.167
6.76073
38.3351
-15.6612
152.331
19.5765
-171.908
-53.6417
1.88878
226.658
12.2858
44.7242
-139.136
58.6378
80.4986
32.342
-49.8005
119.316
97.7871
122.582
89.8953
-103.975
375.814
-187.837
-28.806
82.5755
-197.146
309.129
-322.043
-312.801
120.62
-340.285
394.908
400.318
-343.151
-124.659
-67.4465
66.8789
-80.929
8.67843
-71.8967
358.428
-286.531
201.514
-198.034
-3.48016
-54.1844
7.36985
16.0812
-23.4511
105.648
-136.596
30.9477
1.17405
142.222
153.579
-288.998
-408.472
336.575
-53.9347
38.5401
7.70112
-170.105
162.404
-74.6064
1.07135
396.461
-69.5252
8.14056
18.1006
-26.2412
-53.9987
38.9322
-29.0948
136.791
94.7327
-27.762
-166.958
-61.3182
-77.8182
-58.1987
42.7433
-106.06
180.583
-28.252
125.272
-17.3772
77.054
68.1911
9.96774
-11.6358
-117.398
-88.2165
-255.927
58.7806
62.496
-72.9749
56.8865
324.549
-381.436
130.6
55.1957
-185.796
299.376
-61.9295
25.4868
21.4053
-87.4375
0.422527
-133.408
126.629
16.1575
-8.01693
3.67223
-26.1295
57.3889
-56.8501
42.5641
-83.4007
-37.518
4.19827
197.315
-270.783
54.2042
216.579
-54.3464
41.4224
35.375
-2.3322
-33.0428
63.8034
0.112509
-2.07786
1.96535
-114.824
30.9504
137.884
191.033
-57.9879
44.8731
1.09739
75.5805
102.414
-177.995
160.674
19.9089
-32.5104
62.5089
-70.3839
320.632
-53.6208
43.342
65.1135
18.8
-83.9135
-113.831
-57.5161
46.7856
-21.5498
-28.9974
50.5472
17.6564
-93.3039
101.005
-52.1752
43.1605
-91.6906
95.3195
12.897
-5.32451
59.9554
-67.1015
44.8917
-52.8175
-196.703
-91.2247
71.3714
-57.9356
48.5998
-174.918
-53.8914
45.7237
44.9164
-52.1002
-48.3317
40.7871
0.0505941
-0.393259
-9.50459
16.5011
-66.3897
52.6063
183.951
108.931
-292.882
-62.5345
56.2379
48.7658
248.76
-50.1038
43.1467
-51.124
44.6411
339.451
-136.884
54.3692
-60.5989
-44.4706
-9.17112
0.353673
52.021
-45.1535
1.78696
-98.2586
79.2142
19.0444
353.757
-400.674
-117.984
52.2917
-58.9959
-10.6299
35.375
26.2231
-292.936
-62.2725
55.5679
129.186
-54.2826
47.5573
-18.5203
52.8976
-50.4788
44.8596
-30.3262
191
-59.7725
42.4514
375.865
-35.0041
212.047
-177.043
111.142
88.1019
-213.231
125.129
-61.5834
40.0336
-51.9409
46.467
-16.1488
292.928
92.227
31.9393
-6.65946
-1.44093
0.222649
56.0922
-60.3765
41.8562
62.7859
21.8795
-115.961
94.2947
21.6663
-119.783
-84.164
-63.1504
121.788
121.62
33.2187
-154.838
-1.29437
-61.3661
46.2253
-228.636
-113.293
-59.6809
-42.4027
102.084
252.433
24.5716
-6.66244
-17.9092
12.7196
-75.4836
90.1223
168.607
-165.229
-161.633
167.279
-256.806
134.151
-62.4863
48.4997
97.6347
130.137
-33.1451
255.96
-25.9707
248.564
-161.312
169.359
-19.7134
234.266
-337.65
-172.397
143.302
-207.444
-27.5626
-111.472
104.565
4.65846
-143.751
-95.6361
156.079
141.897
-221.502
79.6046
-59.8633
47.9992
-162.32
165.398
18.2152
118.576
190.516
392.704
-131.01
22.414
-22.414
326.984
-0.901245
0.492617
22.1221
67.078
-91.8331
232.055
-56.0204
46.1533
404.109
-377.885
31.5269
-188.415
156.888
-150.103
130.855
19.2484
202.94
-297.558
-159.022
164.659
-110.193
-125.254
235.447
8.70845
15.8632
-0.0611641
76.1253
-39.5298
211.771
-220.723
-36.7468
-63.1588
54.3885
3.63239
11.2059
-14.8382
-193.055
175.666
30.0682
-191.151
161.083
-160.923
143.546
65.5759
1.44093
0.0842375
5.52296
-1.85073
-0.165288
-0.624653
-0.16426
-0.619171
-0.234009
-0.506203
0.222429
0.517113
-0.233845
-0.506382
-0.16125
-0.62228
-0.114559
-0.498501
-0.158657
-0.622669
0.32106
0.483544
0.320391
0.483484
0.178383
0.642383
0.175284
0.645664
0.173435
0.640145
0.180226
0.640559
-64.0277
56.0887
173.477
-185.115
-17.1836
-176.178
174.528
333.539
-138.997
42.6466
92.8541
-280.297
274.695
28.3618
-206.768
178.406
-174.317
173.863
-211.258
185.554
-45.6167
16.6192
-155.858
163.072
-160.12
165.357
-156.858
162.296
182.552
-196.637
-50.7774
162.346
-157.688
109.532
236.667
-161.399
165.59
-158.857
162.248
170.224
-165.892
-147.856
-315.056
15.1939
-7.82404
-65.0872
298.158
-179.507
-245.219
222.012
23.2065
-167.076
192.168
-25.0919
-218.703
190.451
-183.862
168.444
179.723
-184.906
168.254
-168.248
-248.467
171.153
-170.589
90.0187
-56.0779
195.744
-226.07
-177.223
172.741
170.329
-162.695
-147.239
23.04
105.683
-279.257
276.852
-169.006
169.626
165.665
-161.453
24.4432
166.557
-167.647
166.814
-445.117
341.931
-162.302
166.416
10.0404
-7.39538
-2.64506
10.6595
-3.41694
176.943
-211.747
34.8045
-236.072
34.6773
201.394
144.914
-163.53
-81.6894
-57.4429
208.441
17.9012
0.191174
-1.70058
35.1069
0.268178
-323.5
306.039
-19.4603
6.6973
-277.278
226.12
183.372
22.2599
-205.632
22.1478
10.3135
96.0597
153.791
-146.538
-0.697998
-297.82
297.575
-287.376
293.955
-34.2627
-0.469611
0.553848
304.389
-318.281
123.24
213.03
246.629
-459.66
140.524
362.51
287.836
-293.152
3.82681
-223.483
-47.3009
-336.986
312.4
294.238
-292.848
-113.519
347.786
-14.6892
259.156
-244.467
0.543949
-235.446
-30.546
339.66
-309.114
-8.66333
9.58582
-337.572
298.717
-286.872
286.987
-280.926
283.878
-290.003
295.567
35.1069
-45.6852
-287.007
286.561
-40.3277
-50.0088
-11.1805
19.859
196.805
-27.2486
-142.946
-14.0115
-101.273
5.65484
95.6183
-292.476
292.888
-289.496
290.883
-212.279
-64.9994
-35.619
5.52296
-220.218
188.02
-33.0153
26.1762
436.598
-60.784
-315.46
309.067
86.2456
-300.55
293.501
-101.078
225.09
-374.706
332.447
42.2585
38.8412
-268.976
230.135
-299.561
285.149
-287.29
46.8752
240.415
-189.593
-20.0951
3.44569
-0.806099
9.75336
170.499
-163.03
-95.553
338.414
-101.747
-33.0428
-134.115
395.759
-238.525
324.331
-354.877
312.252
-128.301
-273.453
-0.0472127
1.62936
0.939704
-288.64
231.197
156.276
178.234
-138.992
201.234
104.875
92.0216
-196.897
-89.0826
-267.687
356.77
49.2976
290.362
18.6502
-119.121
-26.6825
145.803
41.0418
274.868
-276.144
46.2033
-14.3608
198.454
197.306
98.5236
33.575
-135.365
17.5202
39.9581
-11.6544
0.466348
-20.0123
-307.348
327.36
-21.2949
-41.9103
331.427
-166.981
240.236
-70.5137
-192.134
-27.4644
27.4644
275.385
-367.854
346.469
-47.1453
-237.952
-134.57
75.7776
82.4561
225.446
-105.092
-284.322
-58.3462
-179.136
-99.3604
-378.435
287.403
-229.821
187.751
-262.429
222.101
34.5946
175.222
-367.356
20.7023
-12.1146
-8.58773
37.355
187.854
-57.254
-26.145
-90.8376
-3.19792
310.212
-307.014
-128.939
-369.601
418.898
-99.6428
-238.867
187.14
229.754
-87.8569
-62.52
66.2246
-96.3724
377.703
-131.073
-249.822
182.846
-113.958
88.079
5.72007
-26.9482
21.2282
13.0858
-81.2337
-221.387
10.0404
343.023
-241.978
0.627599
-18.5699
-213.186
1.60553
-1.10437
-0.501159
-61.3027
334.092
-381.238
-112.164
-75.5459
-322.944
190.765
319.889
-215.599
-15.5215
-23.8016
39.4069
-93.7564
117.23
-74.5837
317.979
-360.444
-19.3401
331.094
-371.115
0.767261
1.19607
-27.588
-18.8193
306.703
-57.9431
-19.2665
-36.8959
95.6694
-58.7735
179.596
198.106
17.1698
-21.2323
-236.25
240.891
-110.754
-358.009
1.50088
-0.197646
224.895
15.6878
-20.7955
-22.3332
-13.0897
214.51
181.32
-57.8003
-36.3346
-52.9349
293.35
-17.4432
-119.81
182.747
20.3987
96.8317
22.5374
-22.5374
-17.6332
-106.618
10.4748
0.598647
-77.0745
243.625
265.672
-196.519
411.029
-15.8368
-16.5655
-18.3489
18.3489
13.8878
-11.8562
-2.03165
259.091
52.193
-311.284
-18.8019
-41.2853
-5.2441
-1.62847
13.8161
-10.3162
74.3001
202.299
13.8878
-183.556
291.533
-32.4425
4.84412
-73.4897
179.198
-105.708
-45.0852
275.22
10.8787
-2.86925
-13.6627
-14.1741
-13.0623
-7.7549
-210.424
412.723
-41.9985
204.402
-17.6132
-24.5892
-2.15652
-38.9767
253.768
-13.6845
-146.06
159.745
0.756644
190.24
-136.39
240.972
-212.01
7.78208
-0.320992
-98.016
-172.394
-142.536
314.93
-13.0777
-11.9849
-24.3458
-10.7309
-328.32
49.634
278.686
-7.39538
-281.988
322.996
-41.0077
-10.0405
10.8328
-0.792311
246.375
-335.457
-38.0242
214.967
114.751
-338.234
200.486
-1.7843
14.6797
-12.8954
13.5949
-54.3436
-272.915
258.226
22.1038
269.429
-365.642
228.111
-325.327
97.2164
-9.99659
-18.433
351.35
-52.7844
-23.6821
46.5569
-22.8748
-13.0439
-18.5419
22.1743
-96.0951
-241.316
337.411
-7.90111
-9.31662
217.056
23.1795
-280.339
-1.64906
-10.2967
-14.0253
13.6739
12.2259
-8.95352
99.4708
56.6083
-279.087
-66.7443
345.831
248.265
-25.7397
-83.7124
5.99777
-332.222
50.2715
281.95
13.8161
-27.9647
4.61456
-157.101
-315.503
283.06
-263.4
0.189752
263.211
-8.6222
-306.621
250.441
47.9121
269.79
-317.702
234.289
-292.09
139.257
256.402
-314.345
-14.559
12.3584
-36.0405
-24.5892
-10.466
6.97386
37.2126
-51.7091
-8.73892
-127.028
-119.174
11.732
-11.8562
5.96677
-9.98551
40.0423
-30.0568
-9.64149
37.292
237.928
-17.4633
27.2668
-9.80345
-24.3024
-290.158
314.46
7.09184
201.22
121.776
76.6101
-317.926
-100.136
144.518
-6.03457
-13.0416
7.03919
5.27015
-119.509
199.114
-2.9943
2.67331
223.188
-285.708
0.584025
-8.10737
7.52335
-5.42879
112.144
298.336
-50.0715
-18.7081
-232.732
-355.289
253.542
-255.925
303.837
6.37651
68.5846
-61.7751
318.177
284.606
-4.5617
-14.243
-14.8098
244.1
-346.239
-14.5898
42.411
-1.87242
-5.75464
275.983
-281.104
261.091
-81.945
-134.341
276.563
-7.08125
-8.45977
-62.9436
264.164
262.83
35.5196
-14.2915
329.207
-59.4168
-107.346
352.721
32.7895
-24.0811
154.424
-71.323
-39.812
-72.3323
254.348
-0.0614575
-63.9037
40.0213
-12.5289
-286.228
-80.0866
366.315
210.057
262.089
264.758
-326.533
-59.6029
-272.619
-3.37627
-260.024
-0.798204
240.751
-356.918
3.35206
-100.432
4.53949
213.935
-278.935
-194.207
64.7925
5.00581
-68.9014
329.551
325.716
-0.602202
-7.39745
-0.715624
0.550336
-0.723771
0.55951
-0.879902
0.645892
-0.540341
-0.550336
-0.55951
-0.719921
0.558671
-0.879731
0.645886
-0.558671
-0.541538
-0.874653
0.760094
-0.652224
-0.722183
0.563527
-0.541957
203.077
-273.591
32.1823
-27.9105
82.2551
-0.428957
265.248
-337.58
-4.07389
-259.528
176.096
2.57226
188.033
-263.579
56.6891
261.488
6.48806
-349.927
28.8469
6.67276
6.49995
6.21312
-342.901
310.457
4.55968
248.853
-373.512
-260.386
-57.3167
213.191
-29.8189
0.897146
-314.499
15.3902
299.109
-31.8857
285.758
-367.703
24.3456
-44.712
8.24541
36.4666
66.3668
-3.12885
-242.388
4.51975
11.6377
-3.44188
12.9403
71.0066
3.70958
37.2448
-33.9557
2.99093
-18.0349
192.109
-179.824
3.28826
3.09108
293.297
-9.32701
-71.7729
-81.7605
-3.64186
8.16162
236.768
-370.883
-24.3456
1.1777
8.30591
2.08097
2.96987
191.795
116.983
173.634
21.5201
170.477
-314.093
242.32
-75.8577
4.96288
176.858
-258.547
212.279
-349.163
32.2654
-317.482
320.834
-85.5571
-1.81573
25.1757
-44.7428
-152.652
-232.596
212.501
128.509
-300.904
-6.67334
-352.47
-67.8644
-27.8947
-4.09328
86.7217
-277.842
191.12
0.796885
-114.538
-248.114
160.257
81.1562
38.447
-271.306
321.578
-2.31539
319.733
-58.2445
6.82503
1.32662
5.26067
-15.4015
-21.959
-16.4601
-2.19212
-20.2198
-0.963776
1.51167
6.11253
4.45987
-3.58274
-1.96502
10.3162
124.368
-19.5774
-79.2184
96.3882
-2.69542
-5.6592
294.588
-308.975
14.3868
-35.5923
-300.564
-13.9345
-2.56257
-250.811
10.7029
-22.8889
-4.84541
-3.34425
8.18966
0.156354
52.858
-343.016
4.70599
-4.70599
-16.9143
96.234
-307.14
-256.644
145.89
380.647
15.5145
3.39231
-30.4447
-108.066
204.699
-343.692
-12.1651
-5.26382
105.281
-6.1651
-244.32
309.886
-65.5655
262.416
133.404
-243.581
75.8342
-68.1207
-292.854
245.554
101.008
81.7383
-25.7412
15.3262
16.4601
39.1935
-279.253
240.06
80.5501
19.3971
-34.664
152.102
249.768
-10.839
-0.00161451
20.2198
270.155
-145.266
-28.5539
-286.949
249.923
-313.827
132.859
-245.023
-103.596
340.788
-72.9466
-25.172
-270.116
-169.629
-3.30637
3.30637
215.45
-241.421
-43.2667
341.984
-48.5793
-98.2901
-36.3536
61.071
29.2149
-90.2859
98.4892
9.29342
-87.1724
27.4914
5.03584
-79.6423
-114.641
135.686
-242.921
15.9612
3.10624
-3.10624
62.3841
33.2853
24.2378
-26.8828
201.457
-340.454
110.722
-94.9106
4.73986
-40.2658
5.25706
-63.1607
3.80551
-3.80551
210.028
-352.564
2.60905
-2.60905
-158.604
10.3485
-0.707208
0.74239
64.1996
-21.7482
22.4395
45.0316
-67.471
119.827
-301.947
-3.05948
3.05948
-1.08615
12.292
104.811
-2.88888
2.88888
194.751
-323.052
103.681
49.343
-3.86564
3.86564
2.41554
292.173
344.688
-291.83
-14.492
8.34673
-299.601
3.0573
-3.0573
3.49532
-3.49532
-3.15081
3.15081
3.33577
-3.33577
-0.744449
-3.50311
3.50311
-2.96746
2.96746
-3.23571
3.23571
84.8459
-32.2396
-110.934
-0.53754
62.9801
-21.1239
12.1791
-103.87
198.262
-332.832
-7.89094
-212.832
255.773
-366.638
-3.38057
3.38057
2.83086
-2.83086
63.4241
-23.3905
266.51
-16.4735
-286.989
303.463
-3.36798
3.36798
61.4276
86.7263
66.5166
25.707
-92.2236
-41.8016
-248.125
220.562
9.33431
-144.463
107.389
-45.0046
2.8075
-2.8075
65.8276
-19.6023
115.497
-230.138
3.38947
-3.38947
22.4765
-3.1305
3.71453
-2.61196
2.61196
3.43586
-3.43586
3.30713
144.776
29.4849
-174.26
2.73499
-2.73499
4.83695
-51.1162
-9.13912
-5.35289
-60.1549
-3.38132
3.38132
106.643
-3.31461
3.31461
-33.0255
94.0965
-4.3073
4.3073
0.452984
7.88728
4.23017
-49.3836
-4.11504
4.11504
-62.6818
-3.61984
3.61984
-76.6821
-3.32051
3.32051
-5.73087
-250.905
66.0788
-17.5791
0.25292
-0.300133
357.873
-8.25139
-227.195
-15.901
17.8389
-1.93787
94.4523
-200.161
-3.85582
3.85582
-18.819
3.18579
-3.18579
-3.90849
3.90849
0.868263
-7.06835
-56.2544
33.3796
33.2895
-9.05177
-3.91453
3.91453
-8.04406
0.928795
-26.5165
93.0331
143.839
-213.541
194.833
307.543
-24.4826
43.9192
-28.593
-0.431801
0.431801
-3.8603
0.675556
-181.608
-301.561
327.475
3.08429
-3.08429
23.0309
20.8883
-2.9988
2.9988
-44.3356
63.1356
-79.3856
135.994
-101.419
22.2007
66.9312
55.6505
-327.696
299.142
-266.865
-9.27869
-3.06503
3.06503
-276.778
-25.2343
57.4997
71.1029
-23.1037
150.727
-2.80495
-123.663
2.08079
121.583
-32.8666
-203.384
25.2188
-267.702
242.483
3.69511
-3.69511
-0.713157
0.713157
-20.5538
289.983
4.07248
-4.07248
162.914
-66.3935
94.3874
-27.9939
-13.1995
-2.6849
15.8844
-4.06656
4.06656
6.34754
-5.00343
5.00343
-152.173
261.104
-87.5465
37.1285
50.418
-4.63233
4.63233
-142.235
41.5487
-301.82
260.271
-5.73448
5.73448
63.0041
258.574
272.596
-14.3699
-17.1462
117.526
-29.447
-3.02628
3.02628
-20.9537
-306.742
-251.306
26.6884
56.9503
-10.797
-5.70371
5.70371
-315.913
-33.6994
53.0829
276.124
0.826533
-0.826533
95.495
-329.929
31.4738
3.92583
-3.92583
-4.22876
-222.906
-143.377
6.72088
-0.54857
30.4674
314.22
261.648
-107.224
-4.21124
4.21124
-7.99906
4.77853
-4.77853
-166.15
3.11917
266.913
-52.3636
-25.5623
-274.038
-115.345
-33.2235
12.2477
0.807027
-0.807027
-1.72047
12.1953
27.6421
-287.666
-325.119
10.641
-10.641
-142.192
-318.035
0.322783
-0.322783
111.858
-177.717
-53.9802
-82.4094
0.492617
-45.9576
15.9008
0.536974
-0.536974
64.7574
-10.3689
-294.652
-20.8584
-0.494372
0.494372
-94.4073
29.6266
25.1757
29.4477
-29.4477
-118.422
-362.382
-0.10943
15.9726
-4.47396
-8.792
0.679881
-0.679881
168.296
115.836
-284.133
179.562
-37.4196
108.791
-149.466
120.019
-138.081
-26.8718
-50.9625
77.8343
-284.623
279.194
-22.8633
164.154
325.42
104.06
-5.74977
1.40968
-26.451
80.3601
-256.384
-45.4358
-2.8616
2.8616
-5.568
5.568
-102.723
-83.0726
1.5568
0.362394
-1.91919
-2.44093
1.04566
1.39527
-89.8747
-12.4827
70.5995
190.345
124.586
159.429
-1.14638
-158.282
-106.195
-87.0479
339.481
0.567498
-0.567498
-166.953
-74.3852
61.6398
-5.55109
-3.29931
6.07203
-2.77272
343.723
-95.1587
45.3803
275.613
314.781
-124.201
44.084
-10.7159
0.675399
-270.678
266.604
-53.3874
-80.8341
63.2009
15.1522
45.5369
119.981
-156.335
-86.6632
313.347
-226.684
-132.707
-2.7082
152.847
-147.576
64.3595
-219.128
7.89638
-215.134
267.327
219.616
-236.762
-176.171
183.21
24.1752
-90.5687
49.8263
-40.492
210.322
-352.514
-330.803
291.736
-36.6642
301.645
-284.801
48.5113
-141.88
49.9908
-5.12238
0.559555
-0.559555
71.8247
55.2243
-82.8123
177.829
-1.74927
-176.08
-235.086
224.191
-11.6904
-92.6543
55.8582
-73.4714
-6.32318
6.32318
-36.0125
51.9737
-141.296
-1.09999
165.255
-20.4794
37.4772
60.9324
-2.93858
80.4915
-82.9442
2.4527
52.4161
-6.31815
2.68095
3.6372
-95.7196
-147.201
0.645886
-0.652224
0.760094
-0.541538
-0.541957
0.645892
0.598912
-0.598912
0.599012
-0.599012
-0.540341
0.598887
-0.598887
-63.1367
42.3413
-64.7373
51.6596
-301.662
298.221
2.43016
3.76377
-7.52481
0.323446
-0.323446
11.3598
59.118
129.993
-30.2909
-163.916
204.961
-336.748
204.041
1.7206
-125.922
-211.58
218.08
-25.2464
-80.3573
70.0606
8.22284
-8.6518
-58.2228
287.787
54.7977
-76.5459
272.469
-287.87
-9.53204
-58.9852
-0.779361
59.7645
-59.0267
-23.0496
82.0763
-15.8651
144.772
-249.864
-182.699
189.187
-62.4543
-23.0644
85.5187
46.9537
-108.435
232.803
74.3631
-26.8361
81.6338
-274.847
-64.6318
55.6783
7.88647
-330.699
-13.1621
-54.3089
-78.629
260.608
-156.703
-2.87246
-24.0584
-50.9525
35.431
25.0919
80.1266
-69.9835
102.723
-32.7399
-52.9109
-279.898
69.3869
-83.9459
-24.6466
61.8858
-183.034
186.322
185.919
-183.838
-67.2604
-22.6754
89.9358
0.501584
-0.501584
-0.0445725
-80.0335
-75.2439
51.8534
-388.272
103.95
-177.924
186.23
16.8411
13.8371
-24.6703
28.0626
-8.38
32.7572
56.0185
0.43584
-231.589
16.5822
-177.332
176.186
272.748
0.168428
-3.69831
-301.016
1.72727
-1.87765
0.150387
-0.176227
-58.9305
0.586458
3.11972
-0.0785874
2.89848
1.24257
235.725
-305.751
303.786
0.0716644
-0.371797
-156.645
-0.368306
-210.26
-156.378
-66.4361
301.558
24.9199
5.71958
-2.7108
-3.00878
-0.696793
-0.00120577
0.00121307
-0.686668
-22.8633
109.513
75.338
70.6716
-79.1314
-97.5047
301.973
106.025
155.623
1.96235
191.152
272.063
-222.429
-264.638
275.341
76.3121
32.7806
-195.478
194.514
-18.6502
-172.421
179.395
-206.141
203.825
13.2056
30.4383
41.9358
-72.3741
78.7399
-97.173
-6.21879
7.72935
-1.86986
55.8852
6.22203
1.50732
3.37371
-243.627
23.3807
-380.459
-206.884
-89.7671
296.651
2.37358
-92.2483
-256.675
362.757
-106.082
0.823895
-3.88637
3.88637
-2.19293
-0.248005
-83.966
-126.72
-0.571751
0.715768
-0.646328
-228.823
-354.724
-18.6374
277.075
-223.58
-88.6509
312.231
-0.992684
0.448846
-0.448846
0.192261
108.939
-44.5896
178.327
-195.242
126.191
257.147
199.25
-133.025
20.5098
293.077
-32.8058
-271.736
267.175
4.49388
12.6249
11.342
-255.809
28.2887
-302.327
-20.3133
0.283764
-0.283764
2.18866
-330.904
39.4748
6.34422
-45.819
-33.0375
-50.6752
2.37533
269.233
-278.512
-184.001
1.99175
-0.80577
0.19126
-12.458
-259.378
-114.778
82.34
23.4138
0.085489
-0.318998
0.318998
-0.0662337
165.613
-201.205
-258.19
160.685
5.21338
-5.21338
-160.981
252.818
47.3311
-68.5634
225.551
-345.952
43.808
-83.3377
-283.566
191.821
-185.854
-40.9599
0.45891
-40.241
-175.358
52.1268
-71.3933
-51.6069
305.149
52.922
-71.724
58.5798
1.23046
0.00591554
-81.949
51.1879
-102.15
-285.289
282.16
-1.10214
-206.309
164.507
-2.41051
-143.65
-56.5325
9.78737
52.908
-69.4735
-79.9142
69.5453
-0.346865
0.113376
242.673
-24.0981
31.7083
70.3753
-124.129
67.2472
287.18
0.754584
103.457
53.9324
-68.1064
250.829
-296.104
-0.879153
-58.0514
2.86595
-20.8935
82.3211
252.902
347.464
-334.382
186.488
-181.949
-0.924323
116.018
-370.768
228.533
-277.974
-24.3531
-0.28541
210.222
-234.508
344.921
67.3089
11.2725
-78.5814
370.491
-56.2705
175.076
-171.957
178.197
-177.3
-165.209
-72.3854
47.1511
7.45787
-198.099
15.8185
239.293
-255.112
41.4019
-99.5365
58.1346
51.546
-60.8626
-3.18038
-46.2033
235.434
-183.901
9.28559
3.00642
28.7072
-91.3722
62.665
-8.33978
86.3749
2.65326
214.142
-108.861
-3.50303
-310.78
-178.188
179.366
-292.176
295.267
0.21419
7.83252
33.6892
223.744
3.54094
-3.54094
-33.5639
-3.75397
-92.6793
-8.73977
-0.127146
-0.0877401
0.932324
-0.844584
-181.2
186.163
221.814
90.8148
45.1791
-0.789473
55.7135
198.597
-336.678
-56.9301
16.438
-12.4312
17.2618
-10.5274
313.54
7.79685
-6.62281
-141.562
147.938
325.678
-0.76971
0.607324
-0.41103
-0.196295
44.6824
-69.1127
59.4712
-21.7564
-3.98488
60.8632
-18.6853
14.9731
237.33
-115.554
1.46246
-20.2041
-153.917
-24.4794
-14.9476
3.09572
-7.80172
-0.112383
1.3804
38.6954
-2.7108
57.3699
-13.2339
23.8749
-310.399
306.817
-26.013
-26.1871
330.138
341.899
-20.5633
-26.3527
22.6738
-86.437
123.942
-2.77272
-150.633
155.193
240.896
-19.4827
-0.187305
-3.11907
39.3485
-0.653146
74.6214
62.5937
-10.805
55.6208
157.232
15.6903
69.8284
-0.993455
-58.3425
0.815737
-6.45933
2.68095
-36.1815
-53.2269
-0.755184
-0.00794249
147.222
-144.252
1.09137
-35.7514
-0.93795
74.7054
-67.6135
-2.62528
-11.7425
79.9288
-104.275
155.384
-16.5157
-16.8678
-2.16277
2.43016
-140.009
-29.6199
35.53
27.9551
-52.2052
2.37533
17.9029
77.2803
1.46186
14.9469
-16.4087
28.553
21.3609
197.191
-259.873
56.1731
157.018
0.480383
-139.834
-8.52708
-279.654
0.272039
-2.87246
-9.97273
23.9009
3.11907
0.500775
30.1102
46.5713
-23.3737
-23.1976
-34.8492
-13.9089
-65.8886
27.1739
-36.7443
-36.1914
-0.552925
-38.5121
-33.862
20.2186
-0.456227
1.83507
1.44206
-86.0997
-138.113
-2.23261
1.27357
-1.77214
208.281
-16.7757
-1.25928
-3.82734
-7.67328
-66.261
-193.536
2.03265
-15.8955
-189.737
-2.03265
-108.427
-0.0579711
183.352
-3.09647
2.06305
41.6346
-25.5103
-1.06012
1.06012
-2.06305
4.06989
262.594
3.93323
-78.3184
-391.113
63.8746
-13.0941
70.2931
0.232891
-0.854482
0.621591
-219.766
-180.821
-0.50796
0.50796
42.1787
-29.8846
7.28138
-177.798
-123.106
-0.393529
0.393529
-20.1206
-291.671
257.007
-19.1608
0.2077
-0.2077
0.272408
-0.272408
0.1822
-0.1822
-0.290828
0.290828
-0.249578
0.249578
-0.293481
0.293481
-0.298579
0.298579
-0.274395
0.274395
-0.25623
0.25623
0.269287
-0.269287
0.302621
-0.302621
-0.24957
0.24957
-0.292743
0.292743
-0.271768
0.271768
-0.300502
0.300502
0.295406
-0.295406
0.273378
-0.273378
0.279389
-0.279389
-0.278749
0.278749
0.257443
-0.257443
0.272938
-0.272938
-0.262523
0.262523
0.272859
-0.272859
0.268942
-0.268942
-0.207021
0.207021
0.302886
-0.302886
-0.182283
0.182283
0.272298
-0.272298
0.268947
-0.268947
-0.17917
0.17917
-0.314699
0.314699
0.203247
-0.203247
0.277779
-0.277779
-0.278745
0.278745
0.300484
-0.300484
0.301613
-0.301613
-0.303679
0.303679
0.182194
-0.182194
0.182248
-0.182248
-0.302581
0.302581
-0.244948
-0.193128
0.193128
-0.207706
0.207706
-0.279093
0.279093
-0.182251
0.182251
0.262299
-0.262299
-0.30347
0.30347
0.183352
-0.183352
-0.301268
0.301268
0.266398
-0.266398
-0.27909
0.27909
0.268781
-0.268781
0.303664
-0.303664
0.209177
-0.209177
-0.205852
0.205852
0.305667
-0.301617
0.301617
0.268772
-0.268772
0.209254
-0.209254
-0.274065
0.274065
0.275089
-0.275089
0.209127
-0.209127
-0.243911
0.243911
-0.322341
0.322341
62.6075
13.5493
0.562927
96.4038
57.8526
43.4794
-16.9208
-1.30254
1.2148
0.585592
-12.5922
12.0067
-19.8264
292.075
-19.6068
319.005
-283.475
-15.7274
25.5347
100.23
-46.6682
15.2164
-2.02272
9.78636
-243.911
192.795
137.54
-3.09647
-5.43833
12.2016
80.6917
50.7233
57.3991
-316.069
108.925
187.725
-10.6052
10.5267
1.99578
15.8732
181.442
-1.99578
-0.739611
60.7657
-57.0006
-88.3151
123.287
-1.74079
1.8062
-109.281
-1.8062
23.2883
-21.8265
2.02272
0.838883
20.974
7.63062
22.4796
-349.222
1.41003
1.74079
-0.0527394
105.311
2.07158
16.1774
138.33
0.00444815
285.021
4.19293
0.018303
-4.19293
62.6153
-6.93701
-1.56768
-15.208
-0.0505943
-0.228332
57.0062
206.204
-0.556781
3.15716
278.989
2.83446
-13.4024
-2.32498
-2.83446
201.623
-1.5483
1.49033
-227.007
-126.058
0.070818
184.48
-38.2771
-210.19
-236.839
-179.605
257.664
-303.1
66.8143
-183.281
180.718
7.0071
53.1157
-336.591
28.1397
-4.95332
312.371
178.619
-62.8074
2.22018
-32.089
-61.8439
40.956
0.838932
-246.678
59.2815
-25.9241
57.5779
61.9318
-0.505111
0.181665
104.589
54.7142
-144.543
23.1095
-11.7806
110.27
-81.48
-73.1596
-7.6256
59.2852
-25.0705
-32.2473
81.7245
265.448
-77.7232
-170.678
87.605
-0.216031
82.5253
-74.3728
-29.7643
-0.46953
0.0584998
-181.797
233.68
162.246
-179.816
283.744
-42.5096
183.88
0.186448
-0.186448
-2.10892
8.56202
0.348222
-0.348222
76.0237
-21.6891
63.8548
-149.967
-0.207338
55.8906
-305.364
14.0207
2.82043
-0.433249
-53.7766
-0.55216
10.5693
73.0425
1.12861
-1.36518
185.277
-9.06306
44.4941
13.5736
-7.8495
-174.268
-292.201
267.029
37.187
-112.888
96.6695
-11.7766
1.28975
0.428804
-1.71856
49.5015
154.324
-46.6365
7.70709
15.8317
-16.6212
93.3322
-157.067
-223.392
-1.19716
1.95174
-13.6112
-6.08422
-370.426
275.267
31.4463
260.726
45.7833
229.557
67.1577
7.8671
69.126
-360.604
204.226
42.8803
32.4577
-63.9453
7.41282
-1.32075
-2.22018
-0.39637
0.752572
-0.356202
-0.662919
176.203
-43.1347
59.5727
-90.7333
70.17
67.0798
-2.07158
320.611
49.2143
-4.28882
-136.846
267.858
31.2506
-13.8529
15.2942
142.342
-242.212
6.16914
80.4395
-47.9818
25.9299
-17.4533
1.61157
15.8417
-0.135893
275.316
-58.1937
-0.207338
22.7354
-245.977
-79.9636
264.699
13.6922
-1.34333
0.123599
7.47345
-7.84175
-79.3797
-24.0186
-72.1026
4.57466
3.98737
27.7165
-15.7786
-218.093
-1.45572
-9.86704
-7.07737
202.769
15.8401
321.592
-8.77974
16.4104
0.52636
5.3313
-78.4185
2.15552
-191.892
-139.745
95.3216
0.0510559
-1.11118
-8.04363
-13.9177
-10.5752
290.833
-232.91
-0.108585
-4.10781
-7.48552
81.9241
70.1039
-8.87666
-0.435184
-66.0887
-50.3717
154.061
-127.946
93.0972
-186.433
144.975
56.3807
-2.77493
94.1508
-253.569
0.0228374
0.0227192
-0.0201034
-0.01789
-0.0210108
-0.0209746
0.00606795
-0.0186119
-259.665
55.5535
-0.839335
138.026
-158.505
-0.803426
-10.5388
24.295
156.423
-60.0764
-14.2964
-1.56878
-0.961845
0.377336
55.5099
-191.503
0.718982
191.257
0.455526
25.8092
25.3217
-0.403332
21.4559
-38.1576
-41.8061
314.994
-27.2257
282.747
-57.9231
46.7808
0.0129608
-0.428595
151.628
1.0341
-32.4077
307.675
-261.959
258.456
-12.6521
13.3567
293.709
-10.1565
-16.3956
-8.25546
-0.157182
234.438
-85.051
57.0571
5.19836
-1.02616
-0.429555
2.64213
12.3686
114.177
6.34558
0.866221
-0.631479
-8.16998
-7.30375
-0.649959
-19.9305
1.40551
6.99021
-2.60335
50.5061
-90.318
45.9552
-13.2423
33.2609
-0.144394
)
;

boundaryField
{
    frontAndBack
    {
        type            empty;
        value           nonuniform 0();
    }
    bottom
    {
        type            calculated;
        value           uniform 0;
    }
    inlet
    {
        type            calculated;
        value           uniform -2000;
    }
    top
    {
        type            calculated;
        value           uniform 0;
    }
    outlet
    {
        type            calculated;
        value           nonuniform List<scalar> 
14
(
2053.57
2056.03
2004.53
2051.07
2057.03
2045.3
2058.23
2058.22
2058.6
2058.45
1322.17
2058.74
2059.39
2058.68
)
;
    }
    car
    {
        type            calculated;
        value           uniform 0;
    }
}


// ************************************************************************* //
