/*--------------------------------*- C++ -*----------------------------------*\
  =========                 |
  \\      /  F ield         | OpenFOAM: The Open Source CFD Toolbox
   \\    /   O peration     | Website:  https://openfoam.org
    \\  /    A nd           | Version:  7
     \\/     M anipulation  |
\*---------------------------------------------------------------------------*/
FoamFile
{
    version     2.0;
    format      ascii;
    class       volScalarField;
    location    "23";
    object      p;
}
// * * * * * * * * * * * * * * * * * * * * * * * * * * * * * * * * * * * * * //

dimensions      [0 2 -2 0 0 0 0];

internalField   nonuniform List<scalar> 
7639
(
0.23695
-6.36152e-05
0.451012
0.27376
-0.0013576
-5.94783e-05
0.457866
-0.00820676
-0.000190749
0.114832
-5.5926e-05
0.00373187
-0.0122312
0.0571099
0.119658
-0.016062
0.251437
-0.0159118
0.00160491
-0.0699183
0.0756074
0.00245108
0.0422651
0.224796
-0.0205972
0.252629
-0.00125357
0.0705751
0.187407
0.00378086
-0.0217818
0.721139
0.0414582
-0.000765103
-0.00016677
0.0937428
0.00429613
0.441726
-0.00695769
-0.000534946
-0.00636751
-0.0154454
-0.0703921
-0.0632013
-0.000319787
-0.000130706
0.00240909
-0.00716902
-0.000108179
-0.0692387
0.00560911
0.0669819
-0.025867
-0.00413954
0.092901
-0.00732102
0.00177014
-0.00820138
-0.0332086
-0.000797091
6.23111e-05
0.00718229
0.057473
0.00411849
-0.00152924
-0.0213504
-0.000153911
6.40009e-06
0.0187438
-0.00672082
-0.000120037
-0.0564802
-0.0199292
-0.0333542
-0.0153961
-0.0466961
0.443286
0.0741832
0.0514185
-0.0617176
-0.0117357
0.407658
0.107549
-0.0348425
-0.00226906
-0.00357212
-0.00876921
-0.0251128
-0.00103434
-0.00692859
0.191601
-0.0869808
-0.000212561
0.00182493
-0.00552473
-0.0343517
-0.0538683
-0.000949673
-0.00249818
-0.00182102
-0.0563376
0.0590502
-0.00524204
-3.20096e-05
-0.0858834
0.193859
0.619872
-0.00777983
-9.22639e-07
0.0377473
0.256608
-0.0464493
-2.39988e-06
0.0400043
0.194826
0.000717626
-0.0612714
0.154976
-0.0410291
-0.0341238
-0.0583605
0.388459
-0.0675411
0.0158177
-0.0569883
-0.00152262
-0.019592
0.0030402
-0.00161411
-0.0218824
-0.133254
0.0538825
-0.000957501
-0.00121859
-0.0360196
0.24894
0.492082
-2.7577e-05
0.0125512
-0.0722201
-0.0316304
-0.048678
-0.047101
-0.0320548
0.626962
-0.0203882
0.188444
-0.0323354
-0.0434081
0.387179
0.0896113
-0.0727819
-0.0023647
-0.00605275
0.107229
0.404538
-0.0531998
-0.0121807
0.581189
-9.80226e-05
0.000853305
0.233546
-3.02103e-05
-0.00326072
-0.006218
0.29422
0.294778
0.605215
-0.00369266
-0.00483968
7.32071e-06
-0.0603582
0.000707691
0.00671118
0.0136399
-0.0428625
-0.0649824
0.114489
-0.000211178
-0.000800068
0.277835
-9.76655e-05
-0.000179376
0.459281
-0.0059162
-0.0388095
-0.0386882
-0.0315748
-0.0236724
-0.070734
-3.29232e-05
-0.0521157
0.116423
-0.00528898
0.000114465
0.184915
-0.00197258
-0.0205906
-0.0227008
8.70918e-06
0.00146585
0.25753
0.152873
0.408712
-0.0553827
-0.0421639
-0.0997717
0.0769838
0.25593
-0.000342794
5.50857e-05
0.586351
-0.0137164
-0.000995181
-0.0499317
-0.0205107
0.363787
0.374104
-0.0529838
0.682914
-0.00183001
-0.0156323
-0.0576784
0.0915637
-0.085429
0.184257
0.582574
9.95096e-05
0.0166133
0.165753
-0.00655749
0.150997
-0.000877717
0.648733
0.396228
-0.00871279
0.00443644
-0.000496574
0.0679473
-0.000152989
-0.0100145
-0.0684755
-0.000119644
-0.00215764
-0.000696187
0.155732
-3.04047e-05
-0.00719264
-0.060195
0.720267
0.0466166
0.630949
-7.35542e-05
-0.0252236
-0.000305562
0.425427
0.0069027
0.493139
0.0021604
0.00123853
0.00593204
0.0802962
0.000971255
-0.000372966
0.000862682
-0.00691327
-0.0392982
-6.87504e-05
-0.0514686
-0.00592476
-0.000233059
-0.0010313
0.469
-0.0121959
-0.00125675
0.684768
-0.00237333
0.251522
-0.000340195
0.000287612
1.22643e-05
-0.0369261
0.0881005
-0.0615197
-0.0334985
-0.000677068
-0.0625406
-0.0235386
-0.000295702
0.000833479
-0.00354969
-0.0117668
0.00503369
-0.00202177
-0.0333465
-0.0346753
-0.0329122
-0.0528142
-0.0411144
0.383465
0.402033
-0.00244708
-0.104921
-1.20056e-05
-0.00386624
-0.0345733
0.218296
0.120682
0.000158876
-0.00356221
-0.0400294
0.174606
-0.00163934
0.00614411
0.00207622
0.0118692
-0.121888
0.350563
-0.00261383
-0.00352853
-0.000189697
0.00692477
-8.73433e-05
-0.0263553
-0.000570625
0.00659113
-0.150425
-0.0413071
0.00250222
0.0149679
-0.00121512
0.0322866
-0.0119746
0.0745426
0.16213
-0.124872
-0.0623719
-0.0241587
0.00874344
-0.0667565
0.617724
-0.0558446
0.0495976
0.669384
-0.00252147
-0.00286642
-0.073295
-0.00179131
-0.0170566
0.0108219
-0.00457639
-0.00340711
0.173927
-0.000114194
0.000928115
0.000127495
-0.00556087
-0.0113095
-1.44679e-05
-0.00180977
-0.0318871
0.577897
0.00354612
-0.0134476
0.541702
0.339634
0.0660253
-0.0953126
-0.0609615
0.00843459
0.282834
-0.0171627
0.306756
-0.0275675
-0.0768147
0.161874
0.30659
-0.0486139
0.112929
0.172913
0.269649
0.0747892
-0.00497649
-0.00685857
-0.000147076
0.00396813
-0.0175062
0.00164489
-0.000178741
-0.00265106
-0.0621519
0.0569045
-0.0253856
-0.0045054
-0.00617667
-0.0044233
-0.0112196
0.00292114
0.135312
-0.00308682
-3.71856e-05
-9.34354e-05
7.92863e-05
-0.0304637
0.169014
-0.00652199
0.0459194
-0.0919626
0.432413
0.00550064
0.0115007
-0.00828429
0.451977
-0.00174973
0.343346
0.19273
-0.000195029
-0.0297481
-0.00537823
-0.0469476
0.000955007
0.0757318
0.00517831
0.0106672
-0.0014147
0.13881
0.180037
-0.0450585
-0.0320214
-0.00376824
-0.0249336
0.00394227
0.708436
-0.0543933
0.00763152
-1.42825e-06
-0.0200982
-0.00373223
0.0295841
-0.0770233
-0.105062
0.467991
0.159394
-0.0917761
0.193425
0.441515
0.0461908
0.00202257
0.289488
-0.00149571
-0.000307207
-0.0258403
0.000144327
-0.107651
-0.000880868
-0.033739
0.00323584
0.194712
-0.00292511
-4.05283e-05
-0.0808889
0.00293221
0.0140939
-0.0544019
-0.0707125
-0.105004
0.167881
0.137943
0.142006
-0.000343883
0.0451791
0.0816379
-0.00087932
-0.0244881
0.00102633
0.00867465
-0.00479068
0.00805259
-0.00129538
0.0743894
-3.29756e-05
0.000332696
0.00334402
-0.031458
0.0337854
-0.0319053
-0.0365859
-0.0363451
-0.0928559
0.00951117
0.277989
-0.12281
-0.0105013
0.656888
-0.0530354
-0.011865
-0.0364983
-0.00979374
-0.0296992
-0.0155873
0.0448888
-0.0640493
-4.37086e-05
0.0393802
-0.000161362
0.391428
0.018177
-0.00778202
-0.0208594
-0.000315866
0.40958
0.342053
0.0269217
0.0570634
-0.0561688
0.508134
-0.000106098
0.0240845
-0.0263059
0.125877
0.609589
-0.0088344
0.155792
-0.00322691
-0.000341308
0.042454
-0.122035
0.429626
0.0182564
0.241248
-0.011062
0.442615
0.323409
-0.0139085
-0.011839
0.0292539
-0.071939
-0.000142459
-0.0192842
-0.0694377
-0.0585319
0.0187698
0.0154083
-0.000210435
0.343215
-0.00193069
-0.000173383
-0.0305452
-0.000818299
-0.000374085
0.00537001
0.222061
-0.072833
0.566312
0.00010281
0.215928
-0.0247551
-0.000127248
2.97567e-05
0.184276
0.218241
-0.00642502
0.200961
4.22758e-05
0.211803
-0.124054
-0.014539
0.464577
-0.0479531
0.0489851
-0.0350183
0.206934
0.211722
-0.0237204
-0.0297797
-0.00940602
-0.0045334
-0.000334436
-0.00211758
0.287477
-4.5629e-05
0.206232
-0.0711536
0.366227
0.19619
-0.0708185
0.548341
-0.00256831
0.00657568
-0.0456631
-0.0284467
-0.0100061
-0.0278744
0.0377548
0.64675
7.01621e-05
-0.00302438
-0.045223
9.87487e-06
0.398713
0.00298143
9.41966e-06
0.000318017
0.000629298
-0.0251412
0.028502
-0.00244081
-0.000142618
-0.0105925
0.00373725
-0.0833132
-0.0653798
0.0344253
-3.64181e-05
-0.10988
-0.018847
0.0453281
0.362846
0.0018521
0.0713462
0.000251303
-0.0180874
0.103795
-0.0100318
0.235389
-0.0185427
0.0276913
0.107617
0.154036
0.0068048
-0.0148838
0.163204
-0.0679692
0.43233
-0.0134386
0.260011
-0.0133652
-0.00182655
0.148628
0.000418483
0.0989365
0.00307549
8.22679e-06
-0.0882411
0.129834
0.00230965
0.0520881
-0.0176256
-0.108943
0.000732311
-0.0330187
-0.00263035
-0.0127119
-0.0607488
-0.0374407
-0.0140641
-0.000240778
0.459421
0.0740528
0.0454643
-0.000320085
0.323571
6.29696e-06
-0.000294764
0.0908432
0.00126457
0.105159
0.0692763
0.0265814
-0.0449764
-0.0924668
-0.0925946
0.0021165
-0.0530953
-3.10645e-05
0.00574693
0.226331
-0.0226495
-0.00434456
-0.0129502
-0.0030637
-0.000650938
0.670959
-0.0141824
-0.000875046
-9.40571e-06
0.152994
-0.0393262
-0.000525412
-0.00429683
0.177183
0.0854725
-0.0479963
2.08823e-06
0.197341
-0.0225306
0.186009
0.0262996
0.0322798
-0.0394332
-0.000153458
0.105035
0.0750234
-0.0628706
-0.0663834
0.290367
0.00975667
0.153831
-0.00423634
-0.0292789
-0.000625356
-0.00277127
-0.00017182
0.170207
0.221205
-0.00232523
0.0295022
-0.0239455
-0.0549956
-0.0607998
-0.00290103
0.0221311
0.638298
-0.0618781
-8.90297e-05
0.0860691
-0.0058984
0.541873
-0.0174894
-0.0171284
-0.00533682
-0.0196811
-0.0105204
-0.0112562
-0.00544711
0.00238669
0.0301992
0.000169221
-0.134344
-0.0565159
0.373253
-0.0462269
0.11643
0.00327437
-0.0449669
-0.0186033
0.229658
-0.010629
0.000170139
-0.0220727
-0.00817286
0.0256515
-0.035816
-0.030976
-0.0393527
-0.0203635
-0.00960414
-0.0621263
8.78443e-06
0.0444062
-0.0547275
0.0911442
-0.0530202
0.0987221
-0.0679244
0.32162
0.00505898
-0.0406586
-0.0208329
0.574553
-0.110395
-0.0182909
-0.0870274
-0.0364259
-0.0805948
-0.0494965
0.15681
-0.00432163
0.275666
0.0140267
-0.000624108
-0.00192392
0.076674
0.727824
0.00165167
-0.025328
0.18579
3.56899e-05
-0.0285348
0.0419634
-0.00683223
0.0142408
-0.00256422
-0.0372245
-0.00479716
4.58612e-05
-0.0457289
0.257043
0.00205823
-0.0230467
0.0030194
0.18508
-0.000607035
-0.00195196
-0.000570974
-0.00123907
-0.0391551
0.00116756
0.00409363
-0.0247198
7.083e-05
-0.0895068
-0.121249
-0.0976949
-0.0215233
0.0231517
-0.000339061
-0.0180784
-0.0591268
-0.0431254
0.369389
-0.00199952
-0.0636763
-0.00730551
0.00833405
0.124426
0.000696716
-0.000251004
0.0343758
-0.0450484
0.0226596
-0.00461421
-0.00324262
-0.0547299
-0.00028198
-0.00212823
-0.0187121
0.317873
0.251366
-0.0397358
-0.0531785
0.0115434
0.00531796
-0.0377928
-0.0603108
-0.0168352
-8.89999e-07
-0.032442
-0.0336311
-0.0654926
0.00496469
-0.0514172
-0.000636061
-0.00465724
0.200189
-0.0379048
-6.62832e-06
-0.00439118
-0.0987152
-0.000265351
-0.0211775
-8.13917e-05
0.00596735
-0.0813936
-0.0384107
-3.60527e-05
4.81836e-05
0.132366
-0.044999
0.413802
0.249709
-0.0267799
-0.000938001
-0.0164035
0.000344759
-0.125325
-0.0749917
-0.0868313
-0.0224441
0.22594
0.0114582
0.000430459
0.00765298
-0.0958392
0.0031072
-0.0261023
-0.0573296
0.00167381
0.0250396
0.0742158
0.0106435
-0.0305483
-0.0620636
0.195078
-0.0314179
-4.7331e-07
-0.0845769
-0.0615317
-0.0374526
0.00586672
0.00119281
0.00949043
-0.0800497
0.0361249
-0.0356651
0.0913227
-0.0439417
0.0084973
0.0219093
0.0141025
-0.0363147
-0.11445
-0.000165661
0.151488
0.215169
0.00914116
0.142154
-0.0627271
0.0499657
-0.0450947
0.205828
0.103732
0.631189
6.71293e-06
0.095714
0.175132
0.0171657
-0.00178506
-0.0194557
-0.0467376
6.64558e-05
-0.0194372
-0.04753
-0.0212531
-0.0233854
0.000203081
-0.106271
-0.000458007
-0.0010638
0.249661
0.00742062
-0.0317936
0.0228786
0.214016
0.0121815
-0.000485611
-0.0961017
0.00913366
0.389855
0.00153344
-0.0495568
-0.000274995
-0.000671006
0.00770114
-0.0511862
-3.93376e-05
-0.011804
0.0315941
-0.00233532
4.78736e-05
-5.89343e-05
0.155866
-0.0449636
0.00781378
-0.00133648
0.00989178
0.0180509
0.00971193
-0.000357088
0.348468
-0.0860341
0.226933
0.29153
-0.000257511
-0.0378568
0.0969814
-0.000933035
-0.000324916
-0.000524079
-0.0219355
0.0149923
-0.0131945
-0.0216034
-0.060238
0.172539
-0.0828456
1.50793e-05
-0.0205909
-0.0197391
-0.0366887
-0.005043
0.00690093
0.00148495
0.0312984
-0.000622879
-0.000285863
-0.0185135
-0.00497356
-0.0261742
-1.91509e-05
-0.015859
0.0371802
-0.0288239
-0.0320321
-0.00941748
-0.0126494
-0.00993149
-0.00599089
0.00796576
-0.0102573
-0.00012793
-0.000486668
0.0256581
-0.0131477
-0.00568043
0.00967902
0.00292524
-0.0979781
-0.0119654
0.159638
-0.0135275
-0.0522052
-0.0258465
-0.0239199
-0.016615
-0.00433883
0.00261149
-0.00407043
-0.0149396
-0.0171531
0.184866
0.136414
0.0482049
0.360721
-8.76409e-05
-0.00382885
-0.0174788
-0.00884312
0.0599211
-0.0214091
0.0424545
-0.00496225
0.193422
-0.0022517
-0.00189018
0.0132365
-0.0195827
-0.000263458
-0.0230857
-0.00673542
-0.022009
-2.44668e-05
-0.00756952
0.00232715
-0.0186233
0.0333843
0.0394123
0.0215173
-0.0149646
-0.0326703
0.118822
-0.00148805
-0.00227673
-0.00244828
0.536188
-0.000107727
0.0680531
-0.0223993
-0.0216047
-0.0276056
-0.0416726
-0.029882
-0.0353355
-0.019418
-0.00527235
-0.00011749
-0.00490675
-0.0228791
0.101712
0.00197667
0.094187
-0.0340328
-0.0141953
-0.00107269
-0.0300734
-0.000123628
0.150788
-0.031377
-0.0273756
-0.0250409
-0.00456061
-0.0341076
-0.00195212
-0.0414901
0.104811
-0.0270072
-0.0664985
-0.00169585
-0.0281768
-0.0195698
0.017478
-0.00372423
0.145038
-0.00277232
-0.0202404
-0.000789268
0.16325
-0.0398964
-0.0276157
-0.00373993
-0.0105986
-0.00317821
0.166284
0.000838144
0.141282
-0.00556064
-0.000954011
-0.00146226
-0.0026872
0.114294
-0.0597741
-0.00773388
0.000395238
-0.00861247
-0.0130893
-0.00105118
-0.015907
-0.0167049
0.0612451
-0.00566151
0.00461497
0.529147
-0.0610036
-0.0299479
-0.0572824
4.09142e-05
0.079519
-0.00406998
-0.0280363
-0.0063937
-0.0367299
0.00482854
-0.000625569
-0.00334053
0.00378888
0.20494
-0.00666075
-0.00206648
-0.00530634
-0.0530816
-0.0093711
-0.0233126
0.00498021
-0.00980757
-0.0101038
-0.00376587
0.206785
-0.0466562
0.00372784
-0.00484884
-0.0287607
-0.0154507
-0.0498445
-0.00162747
0.094291
0.0256626
-0.00885761
-0.00200044
-0.0149653
0.551409
0.206293
-0.0125515
-0.000674137
-0.00275208
0.00265439
-0.00455807
0.0234968
-0.000486111
-0.0180212
-0.00227827
-0.0183829
-0.137975
-0.00123513
-0.0126522
-0.00156782
0.332008
-0.00731309
-0.0129861
-0.0407575
-0.00222494
-0.0312056
-0.0297862
0.480608
-0.0119466
-0.0126461
-0.00244135
-0.000543827
1.64065e-06
-4.68272e-06
-0.0112919
-0.000776796
0.0736383
-0.000782672
-0.00209658
0.00939318
-0.000301959
-0.0450326
-0.0561866
0.0195173
0.0433169
0.0292776
-0.0302207
-0.0423085
0.0929966
0.0735982
0.0991674
0.125604
-0.0142907
-0.000997819
-0.00665219
-0.0620236
-0.00403794
-0.0164528
-0.0336529
0.325351
-0.0494069
-0.000563269
-3.60151e-05
-0.00169567
-5.43035e-07
0.00949282
-0.000651887
-0.00531555
-0.0481376
0.00062936
0.0030275
-0.000256284
0.0577538
-0.0168463
-0.0460273
-0.00140743
0.34115
0.250019
-0.01121
-0.0690517
-0.0292163
-0.025518
-0.0157819
-0.00216273
-0.0703704
-0.0339175
-0.0430517
-0.10664
-6.03868e-05
0.17935
-0.0171248
-0.0107485
-0.0313097
0.0211207
-0.000620708
-0.00937608
-0.0015734
0.0135341
-0.0017728
0.135988
0.000406706
0.0115117
-0.000483559
-0.103306
0.0101107
-0.000889385
0.00678921
0.000474921
-0.0283655
0.1094
0.00115373
-0.0016646
-0.000147503
-0.00067008
-0.000589428
-0.059928
0.127823
-0.0273203
-0.000314536
0.0100931
-0.000535044
0.234691
-0.0590051
0.241636
-0.0436009
-0.000525484
-0.000336273
-0.00821564
-0.0063939
-0.000735528
-2.15872e-05
0.0275805
0.0317748
-0.000276732
-0.000390884
-0.021149
-2.59905e-05
0.17167
-0.00107745
-0.0522959
-0.0204439
-0.00717273
-0.0547449
-0.0599572
0.154942
-0.0218509
-0.0216465
-0.000369819
-0.0557549
-0.0220902
-0.022269
0.0382032
0.366913
-0.00135369
-0.0582736
0.0129855
0.307041
0.0423313
-0.000140298
-0.00680903
-0.00462946
-0.00561281
-0.0476243
0.085604
0.00020657
0.0172259
0.00341176
0.0658964
-0.000607169
-0.000144308
-0.0897076
0.274277
-0.0539347
0.130787
-0.00146122
-0.00023643
-2.83667e-06
-0.0788251
-0.0419749
-0.000398715
0.0899911
0.0127786
-0.00604578
0.44047
-0.000459482
-0.00420682
-0.0578526
-0.0269164
-0.00261249
0.138361
-0.0580963
-0.00019428
0.0120626
-0.000205322
-0.000118607
0.133517
-0.0010177
-0.000527644
-0.0509024
-0.0259211
-0.00398365
-0.0322745
0.00275609
-0.024143
0.00190094
-0.00397771
-0.0628268
-0.0386152
0.0164645
-0.00103661
0.15414
0.21348
-0.0875268
0.0106056
0.0214286
-0.00485871
0.170698
0.0974589
-0.0290942
-0.000190185
0.0109223
-0.0541434
0.0108848
-0.0291557
-0.0024128
0.0403982
-0.0288416
-0.000160701
-8.66386e-05
-0.0385503
-0.0269519
-0.0271685
0.0108361
-0.0184156
-0.0444101
-0.000179776
-0.00160249
-0.000243683
-0.0349146
-2.8012e-05
-0.00221596
-0.0456017
-0.0867084
0.0552823
-0.00339722
0.00479172
-0.0226198
-0.0266438
-0.000151037
-0.04598
0.0341148
0.161254
2.6845e-05
-0.000130638
0.164404
-0.00287526
-0.077761
-0.0406186
0.00388011
0.000548347
-0.0656546
-0.0321534
0.168624
-0.0552027
-0.00168614
-0.0106112
-0.051925
-0.000670613
-0.000281102
-0.00104236
-0.0275535
-0.05059
0.10438
-0.00024568
0.553031
-0.0569946
0.000132216
-0.00111844
0.000287085
0.000328837
-1.6863e-05
0.000156959
-0.0520359
-0.000833623
0.000495911
-0.000231586
0.144382
-0.00645037
-0.000225705
-5.29209e-05
0.363567
-0.0227857
-0.0516789
0.00129785
-0.000834703
0.0545967
-0.000115357
-0.0142378
-0.128664
0.00250457
-0.00734968
-0.000113125
-0.000240368
-0.0317778
-0.0598642
0.00827599
-0.104338
-0.0610869
-3.27637e-05
0.0238891
0.0358623
0.112247
-0.00196474
-0.000183017
-0.0553763
-0.00684791
-0.000578627
-0.0488809
-0.000160728
0.0377082
-0.000105124
-0.00145749
-0.0631198
-0.00242911
-0.0572523
0.500586
-0.0018822
0.000313931
-0.0535938
-0.0528009
0.0103932
0.00539514
-0.000176391
-0.0322633
-9.89353e-05
0.202113
0.681224
0.0456107
0.00348842
0.00412872
-2.18374e-05
-0.0290453
-6.7759e-05
-0.00812991
-0.00194096
0.000424046
-0.00380741
-0.0106749
-0.000143404
0.000995467
-0.0092647
-0.000362911
-0.0110867
-0.0176203
-0.00865987
-0.00131933
0.605399
-0.000799587
0.00279783
0.000278291
0.0157755
-0.0492245
0.0109373
-0.000206085
-0.000116599
0.0030233
-0.000128279
-3.47155e-05
-0.0128019
0.000794787
-2.8073e-05
-0.0505291
-0.00260095
-0.0551024
-0.00187469
-7.94114e-05
-0.00354271
-0.00954109
-0.0163003
-0.0249572
0.00265804
0.000596954
-0.000537075
-0.00222967
-9.29522e-05
0.286228
0.00178409
-2.29983e-05
0.000665215
-0.00230826
-0.00041332
-0.0617607
-0.0536756
-0.000152651
-0.00778467
1.50301e-05
-0.00300385
-8.56296e-05
0.0388387
-0.000163452
-0.000217236
-0.00403021
-2.76204e-05
0.0153591
-0.000260651
-0.00143757
0.0212371
1.35848e-05
0.400303
-0.0528967
-0.041996
-2.94384e-05
-2.44272e-05
0.0021501
-0.00134858
-0.0507169
-1.97686e-05
-2.75524e-06
0.000847955
-3.48406e-06
0.000431252
0.000511957
-0.000526467
0.000897405
-0.0519327
0.516458
-0.0346908
0.351633
0.0103353
-0.0181336
-2.14942e-05
-0.00100301
-0.0133231
0.000162903
0.000323045
0.000192432
0.0369968
-0.00154754
-0.000252531
0.534111
-0.000620113
0.000666878
0.000573399
-5.39873e-06
-0.0756765
-0.00247031
0.00129545
0.000141362
-0.000612453
-7.94573e-05
-0.00106814
-0.0441338
-0.000476652
-0.00182879
-1.80706e-06
-0.000563007
-0.000297411
0.198131
-0.000504965
-0.000315705
-0.0670529
0.00430688
-9.95537e-05
-0.001513
-7.12311e-05
0.17992
-0.0703713
-0.000342936
-0.000443018
-0.0021561
-0.00018185
0.0597131
0.107938
0.0128027
0.000578206
-7.89928e-06
-1.08324e-06
0.0521049
0.000288134
-0.0596082
-0.0258371
-0.0171604
-0.133466
0.612304
0.00223872
0.183983
-0.0158936
-0.0302966
0.183409
-0.000408148
-0.0638777
-1.47802e-05
-0.00987129
-0.0489339
6.22378e-05
-0.0490037
-0.00107678
-0.00853751
-0.00617361
-0.0430941
-0.0427971
-0.00359469
-0.0598467
-0.0442765
-0.000214255
-0.0132315
-6.08508e-05
-0.0382224
-3.22291e-05
-0.000213134
0.015157
0.173538
-3.91162e-08
-0.045706
0.00406107
8.59735e-05
-0.0223977
6.40649e-06
-0.0148338
-0.000297654
-0.0390945
0.000142981
-0.000100511
-0.00229649
-5.6565e-05
0.169051
-0.0316196
0.0492698
-3.56052e-05
0.000713829
-0.0335443
7.76139e-07
-0.0563836
-0.0646093
-0.0549882
0.559021
-0.00714833
-2.02391e-05
0.0288435
-0.0421707
-0.00286803
-2.99614e-05
-9.84734e-05
-0.0474344
0.000143958
0.000993718
-5.53639e-07
0.000180467
-0.029212
0.0231257
-0.0629209
0.0954405
-0.00590327
-1.36881e-06
0.00701231
-0.0507643
-2.40284e-05
-1.59179e-05
0.000364648
7.29343e-05
0.000460962
0.176099
0.038638
6.36504e-05
1.2168e-05
-0.0644591
0.21321
0.183998
-5.12674e-05
-0.0371282
-0.020678
-0.0114447
-0.0480146
-0.0094166
-0.00323502
0.149709
-4.80405e-05
-0.0275943
0.178004
-0.0489973
-2.07323e-05
-0.0603141
-0.000199703
0.268708
0.0304484
-1.73227e-05
-3.18036e-05
0.190735
3.89891e-06
-0.000206339
-0.0127652
1.39969e-05
0.249729
0.00376715
-0.00806807
-0.0629778
-0.00416758
-0.0713539
0.194518
-0.0128552
-0.0382672
0.00112641
-2.25364e-05
-0.0011494
-9.98721e-06
-1.87048e-05
0.0231133
0.192572
0.159227
-0.000497772
0.264673
-0.01271
8.32243e-06
-0.0458996
-2.11186e-05
-0.0290358
0.0316706
-0.0156918
0.00500851
0.0021147
-0.0101226
0.000282746
-0.00186436
0.0213822
-0.00318025
-5.55959e-05
3.32844e-05
-7.0297e-05
0.0347781
6.20432e-05
-0.0237004
0.280277
-0.00660267
5.72822e-05
-0.0038259
-1.21014e-05
0.0226259
-0.000401993
-7.48353e-05
-9.64754e-05
-1.49939e-05
0.225228
-0.000172788
0.239145
-0.0605063
0.000126089
-0.0517029
-0.00054662
0.166528
0.549114
-0.00156178
2.72017e-06
1.75833e-05
-2.41369e-05
0.127858
6.97634e-07
0.00118277
-0.0254404
0.227417
7.29777e-06
1.6671e-05
3.2587e-06
2.79889e-05
-0.0217315
1.9692e-06
0.234727
-0.0172555
-0.000139926
3.34599e-05
-0.00227732
-0.0298401
1.56558e-06
-6.43625e-05
0.176274
3.79846e-05
-0.0329478
-0.0529756
0.000149578
8.50394e-07
-0.112842
1.37305e-06
0.168278
1.66137e-05
-0.000500538
1.28063e-05
-0.000197077
0.0984165
3.35522e-06
-0.00181658
8.82875e-06
0.0138532
-0.00374175
-0.00699095
0.000871312
0.163347
-0.000303688
-9.16167e-05
-0.00961199
-0.00928648
-0.000273768
-6.12109e-05
-0.000994768
4.48373e-05
0.132102
-0.0112034
0.539132
-9.11811e-07
-0.00830205
-0.000177976
0.130118
6.37814e-05
-0.0275501
2.63352e-05
-0.00174864
-0.0343277
-0.000259105
-0.0167388
-0.0495783
0.00564246
-1.09663e-05
-0.0555982
-0.000372733
-0.000332627
-0.00604633
-0.0153817
0.00144165
-5.75997e-05
-0.00048691
-0.00101408
-0.00141287
1.43119e-05
-0.00133792
0.529606
0.000109338
-0.00358321
-0.0357362
-0.0705258
-0.0620164
-0.0478748
-0.0228498
-0.000587621
-0.0171021
8.62762e-05
-9.24893e-05
0.529876
-0.000106418
0.166612
-0.000502631
0.000448686
-0.00125466
-0.0666386
-0.000466938
0.00068036
-1.75964e-05
-0.000438813
-1.86316e-05
-9.01689e-05
-0.015864
-0.000124092
-3.1856e-05
-9.39631e-05
0.000162328
-1.20579e-05
-0.0432382
0.189992
-1.12481e-05
-0.000669916
3.16748e-05
3.46361e-05
-0.000925629
1.01111e-05
-0.00100221
0.000317648
-0.000409388
-0.0627334
-0.000767954
-0.00201626
5.2789e-06
-0.00173595
0.000377431
-1.71262e-05
-1.11518e-05
1.49712e-05
-0.000882742
0.000605863
-0.044779
-0.0281326
-0.0632345
0.000646616
-0.00206124
-0.0346613
-0.0636464
-0.000106206
0.0168521
0.00760162
-0.00115867
-0.0126177
-0.0552037
0.473596
-0.00046802
-1.7065e-05
0.000990346
5.51066e-05
1.9763e-05
0.0794665
0.00403598
0.0918779
-0.0372522
0.461284
-0.000581837
2.31477e-06
0.000169098
-2.07053e-05
-0.00150521
0.151346
0.235072
-6.27225e-06
-0.000191183
-2.0112e-05
0.221772
0.0177417
-0.0063279
1.30969e-05
2.16768e-05
0.00805309
-0.000772678
-0.0691615
-0.0176194
2.64582e-05
0.00389478
-0.0320425
-6.80749e-05
0.00201957
-7.65465e-05
-0.0458466
-0.00191423
0.146364
1.85462e-05
0.00187645
-0.000134293
1.66081e-05
0.000192724
-0.0239475
1.63275e-05
-0.00101164
2.49649e-05
-0.0205308
-0.0454385
-0.00338393
-0.00771356
-0.00918921
0.0100834
-0.0093166
-0.00269598
7.55476e-05
0.00011676
2.26647e-05
1.98261e-05
-6.3637e-05
0.00998063
-0.056617
0.000550816
-0.0439556
-0.00336083
-0.0500664
9.77461e-05
-3.60228e-06
0.00146303
-0.0937125
2.0123e-05
-0.0436327
-0.0155556
-0.0753862
-0.0442581
2.96768e-05
-0.00375068
0.000216914
-0.134941
0.140134
1.21471e-05
-0.0584602
-0.0231709
-0.00460156
4.21769e-05
-9.74521e-06
0.0260408
-0.017354
2.64013e-05
-0.00727791
-6.15276e-06
0.000241133
0.127101
-9.46368e-06
2.53566e-06
-9.68574e-05
3.84393e-05
0.00100684
9.81581e-05
-0.00565308
0.000261303
-0.0132581
0.00123515
-0.000231896
-0.0330191
-0.042942
-0.00672508
-1.71292e-05
2.37908e-05
-0.0589747
0.00637646
-0.0472747
3.14904e-05
-0.00554853
-4.10144e-05
2.70182e-05
0.0697645
-0.00748053
-0.00302013
-2.21948e-06
-0.0185441
5.53229e-05
-0.0649129
2.96679e-05
-0.0730234
2.02197e-05
-6.74808e-06
9.49583e-05
0.00114239
-0.0833038
-0.0187848
-0.0671595
1.72884e-05
0.000104446
-0.0743392
-0.0260555
-0.00895099
-5.50631e-06
-0.0331103
-0.0498234
-0.0743344
3.16036e-06
-8.73431e-06
3.82847e-06
-0.0760941
-0.065228
0.000808265
-0.0116347
-6.365e-05
0.182456
0.000105295
1.53933e-05
0.000167539
-1.11925e-05
-9.63105e-06
-0.00390667
0.000125932
-0.00277636
-0.0626558
-0.0137026
-0.0567657
4.38284e-05
-5.76522e-05
0.0503305
-0.0512218
-0.0050888
0.115148
3.70483e-06
-1.51645e-05
-1.38268e-05
0.0718282
0.000193097
-3.74072e-06
-5.70497e-06
-0.0588865
-0.0161241
5.37094e-06
8.56939e-05
-0.00976488
-0.00684113
0.000478597
0.236779
-0.0576938
0.000176848
0.690174
-2.2087e-05
-0.000758105
-0.0090153
-0.0741795
6.58622e-06
-3.87925e-06
2.39157e-05
0.00530608
-0.0332669
-0.000374275
-0.048871
-0.00819658
2.94701e-05
-5.21251e-06
-0.0106812
-0.00511157
-0.0223128
-0.0761957
-0.0451551
-0.0390269
-0.0141769
-0.0276328
-7.10153e-05
0.00039434
0.00474657
0.000594751
-8.98154e-05
0.000852428
3.34318e-05
-0.000103716
-0.0126812
-1.34682e-05
-3.24762e-05
0.0361058
-0.0261818
-0.000180978
-4.69455e-05
-6.42589e-06
0.259854
-0.00703079
0.000875651
-0.0287284
0.000254264
0.000221081
0.000190417
-5.48571e-05
0.000537709
-0.038144
0.0173257
-1.02522e-05
-0.000182855
-0.0417312
-0.0323086
0.0513266
-0.000540259
0.00204813
0.0194544
1.48743e-06
6.64955e-05
-0.0472325
2.46426e-05
0.170756
8.21636e-06
0.00464085
0.000185039
0.000248728
-0.067767
-0.00776958
-0.0185335
-0.00259225
2.9369e-05
0.00699436
0.0643234
-0.0128845
-0.000149733
0.0978441
0.166648
3.68607e-06
-0.0514382
-7.50483e-05
-1.16868e-05
-5.00205e-05
-0.000622641
0.0215214
-7.70607e-06
0.00027502
-0.0252667
-0.0263671
-0.0226705
0.328943
1.86668e-05
-7.75515e-05
0.175872
-0.00651457
-0.0040661
-0.000717008
0.173105
4.83268e-05
-0.000347216
4.96705e-05
2.84365e-05
3.49569e-05
3.98843e-05
8.18988e-05
-0.0183849
8.47209e-06
-0.00356699
-0.0444365
0.240177
-0.000158855
-5.55984e-05
0.00519573
0.0879631
-0.0465172
-0.000824858
-0.0679356
0.326288
4.78218e-05
0.432198
-5.03177e-06
0.00368278
0.026314
0.000483583
0.470161
-1.77858e-05
-6.82092e-06
0.0012862
3.42872e-05
-0.000945283
0.000291392
1.15923e-05
-0.00212094
9.77735e-06
-0.000161279
-0.00355128
0.25324
0.0526327
0.0238935
-0.0437022
-5.74082e-06
-2.07898e-05
0.00374259
-0.0545801
-1.10607e-05
-0.0464619
-6.02322e-05
0.10681
0.0646077
-0.0336799
-0.00146633
-0.0125547
-0.00107507
-0.0154522
0.00409249
-0.00784536
0.066226
2.31972e-06
0.216889
0.0190323
-0.00064663
0.21467
-0.0139924
-1.38724e-05
2.50478e-05
7.40928e-05
-0.000232869
-0.000135051
0.257299
-0.00106978
0.263382
-0.0011779
0.171205
0.224686
0.0857651
-0.00746718
-6.10802e-06
6.86376e-05
-0.0111548
-0.102505
-0.0486599
0.00165673
2.1026e-05
-0.038503
-0.000350098
4.61733e-06
0.00112194
-0.0011647
-0.000712551
0.0353981
8.38055e-05
-0.0482875
0.0600315
6.43637e-05
0.00029785
-0.0150431
-0.0578149
-0.000800512
-0.000570119
1.33534e-05
0.000277159
0.0390484
-0.0177888
-0.0482412
0.00145322
0.0718116
-0.0394958
3.86535e-05
2.45394e-05
0.014518
-0.000101835
0.061319
0.00137119
-0.0142198
-0.000422313
0.0018043
-0.0369631
-4.15358e-05
0.000545288
-0.000509122
-0.0723744
0.136598
-0.061351
-0.0278263
-0.000184578
-5.10989e-05
0.00739432
5.10325e-05
-0.0728827
-0.0650962
0.000624818
0.00373882
0.00417639
-0.0891017
0.000707665
0.000210914
4.10728e-05
-0.041851
3.13436e-05
0.000619582
0.126017
0.186099
-0.102038
0.0520672
0.0508461
0.0154614
-0.000178266
0.0124412
0.000136493
9.66245e-06
-8.32324e-05
-6.92709e-07
2.69327e-05
-0.00039345
-0.0081244
-0.0567709
-0.0103393
-0.0299698
0.0555108
0.0465812
0.00448961
-0.0627115
0.00017805
0.00510602
0.0123181
-0.000427608
0.0774149
-0.00136203
-0.0116075
0.0130658
0.00605678
0.00110819
-0.00433342
0.0453301
0.000915125
-0.0205898
-0.0172959
0.562681
-0.0257936
0.0836429
0.0137867
-0.0384304
0.00243448
0.000111656
-0.00278022
6.11669e-05
-0.00284541
-0.0263529
-7.8037e-05
-5.34449e-05
0.271041
-0.00356051
-0.0425432
-0.0196679
0.00022478
-0.0015757
-2.60144e-05
8.32012e-06
0.0401622
4.43101e-05
-0.00317575
0.0776891
0.0068731
0.00124161
0.0199464
-0.00616815
0.00461618
-0.103531
0.000961553
-0.00477303
-0.0561747
-0.0009393
-0.00862046
0.000835776
0.000974346
0.00109778
0.0386776
-0.00035109
0.00621828
-0.0542228
-0.021658
0.00034432
-0.0538509
-0.015767
-0.018036
0.000115243
0.00727084
-0.067607
-0.000919046
-0.00522204
-0.0501641
6.96085e-05
-0.00127546
0.226221
-0.0226655
-4.58923e-05
0.00904881
-0.0508981
-0.00114729
0.203158
-0.00240568
0.00112565
0.0629772
-0.00155449
0.00910821
0.133146
6.74349e-05
0.00129816
0.000196497
3.81231e-05
-0.00483975
-0.00775024
-0.000148203
-0.0251694
0.0999641
-0.0381401
-0.0703481
0.00128841
-0.00352902
-0.000671163
-0.0476264
2.79338e-05
0.0177919
4.66278e-05
-0.0167297
-0.00211631
-0.00534541
-0.109285
0.115272
-0.0748364
-5.94913e-05
0.190542
-0.00212574
-0.00279506
-0.059135
-0.0785728
-0.0164498
-3.34381e-05
-0.00123468
0.00794874
-0.00333881
-0.00508278
0.000481153
0.089572
-0.0441176
-0.0117943
-0.00714842
0.023163
-0.00285487
-0.0012841
0.0018883
-3.41803e-05
-0.00333865
0.113754
0.000877129
-0.11237
-6.49425e-05
-0.0078446
-0.00396389
-0.0838303
-0.012201
-0.0961769
-7.19029e-05
-6.97804e-05
-0.0046046
0.0116292
0.00199937
-0.107545
0.0858004
-0.049125
0.0002068
-0.117047
7.65884e-06
-0.122878
-0.0264881
-0.144603
-0.154419
-0.162528
-0.169659
-0.170882
-0.162377
-0.147985
-0.12186
-0.097881
0.0239652
0.0683712
0.116539
0.199595
-0.00858781
-0.00790141
0.0582867
-0.0189831
0.000994148
0.015779
-0.0413463
0.0005813
-0.000737291
-3.20419e-06
-0.0150483
0.0194123
4.89563e-05
-0.00034849
-0.0111347
-0.0069605
-0.1396
-0.0142024
-0.0562778
-7.33132e-06
0.000632308
-5.74976e-05
-0.0542998
-0.00936007
-0.037505
-0.0113468
0.00190719
0.000246154
0.00518989
-3.6555e-05
-0.0127306
-1.94546e-05
0.000409503
-0.00665816
-0.0121669
-0.000305399
0.000360107
0.0517593
-0.0109894
0.0626825
-0.130712
-0.00886007
-0.0242797
-0.0196302
0.00406001
-0.022517
-0.00351038
-0.0132136
-0.0134475
0.364248
-0.0014372
7.50668e-05
-0.00621445
-0.00951439
3.4226e-06
0.0842827
-0.00438516
0.337578
-0.17867
-0.045061
-0.0277207
0.0451385
-0.0053256
-5.5024e-05
-8.47513e-06
-0.00448161
-0.0574862
6.1797e-05
0.354603
-0.00296742
-0.00530814
-9.72219e-05
-0.000416106
-0.00686843
-0.0616393
-0.0907961
0.123665
0.00070105
-0.0149471
-6.89564e-06
0.0290556
-0.00854674
0.0211711
-0.0217252
-0.00579984
-0.000936034
0.00138733
0.0128732
-1.34551e-05
-0.0104605
0.000569692
-0.000430025
0.000515916
-0.0323856
0.000244213
0.149486
-0.0111392
0.00413637
-0.0800206
-0.00901389
-0.0732606
-0.0125627
0.0348123
-0.0189471
0.185629
-0.0233414
-0.00365672
-0.0505736
-0.000822171
-5.33248e-05
0.000482364
9.85161e-05
-0.00253319
0.00479724
9.32241e-05
-0.0147983
0.0237222
-0.0033097
4.32926e-05
-0.00354042
-0.0431854
0.156827
-0.0354132
-0.0493111
0.00882076
0.0775992
-0.00133785
-0.0125205
-0.0123438
0.00579345
0.0387985
-0.0603596
0.112448
-5.87583e-05
-0.0305057
0.00126514
-0.00165459
-1.5381e-05
-0.00640551
0.103408
0.000943472
0.249103
-0.0216186
-0.0171283
-0.0165448
0.00011178
-0.00207224
0.0662875
-0.116427
0.235649
0.0324691
0.0263827
0.178024
-0.04342
-0.00460721
-0.0606783
0.00058969
-0.034557
0.161243
-0.00309449
0.256063
-0.00165309
0.095777
0.000108257
0.104496
0.11957
-0.00257171
-0.0205762
-0.000402354
-6.23038e-06
0.00573421
0.00213579
-0.0397707
-0.0363834
-0.00602031
-0.0405912
0.169485
0.0510525
-0.0554466
-0.0172498
-3.80085e-06
0.00459243
0.149724
0.00499141
0.171261
-0.0607332
0.00579729
9.11811e-05
0.000418856
-0.0226513
-0.00120916
-0.00284006
-0.0422244
-0.000667486
0.0036383
-0.0424961
-0.0419866
0.157016
-3.41056e-06
-0.0198501
0.00020034
-0.0263702
-0.000383235
-0.0583782
0.128843
-0.0420257
-0.0256251
-0.00186485
-0.0157098
-0.000788468
-0.00556321
0.0865231
-0.0306452
-2.05408e-05
-0.00808584
-0.00481404
-0.000394594
-0.00296793
0.0128004
-0.0112091
-0.0347917
-4.30108e-05
0.157389
-0.0294233
0.00735548
-0.000401057
-0.00853994
-0.000397715
-0.0260567
0.000315229
-0.0248729
-0.000117283
-0.0380445
0.00294432
-0.00020043
-0.0121902
0.000330288
-0.00988202
0.00126071
0.174878
0.00132722
-0.00976481
-0.00933
0.00413749
0.129722
-0.0152972
-0.0736387
-0.0170464
0.00035968
0.12637
0.0507914
0.00140029
0.000126792
0.0555906
-0.0461709
0.00272821
-0.0280389
-0.000807745
0.000402457
0.00648441
-0.0275177
-0.013889
-0.0116837
0.281934
0.0290342
-0.0667871
0.0353134
-0.000466898
2.84065e-05
0.00124961
0.00269169
0.103829
-0.00414647
0.0196526
0.000108483
0.515314
0.469803
-0.00159225
0.206685
0.658274
-0.0313093
2.03675e-05
0.0574127
0.133079
-0.00394254
-0.0246307
0.000190639
6.81139e-06
0.14873
-0.00310732
-2.77101e-06
-0.0556558
9.83677e-05
0.0488189
0.0311436
-0.0345252
-0.0344929
-0.0226998
-0.000331868
0.0012485
-0.0133332
0.0833942
-0.0445891
0.15876
-0.0101837
0.0426454
-0.00273232
-0.000253954
0.000165385
-0.00307731
0.136433
-0.00567082
0.134745
-0.000328823
-0.0781082
-0.0422124
0.13581
-0.00719066
0.000385822
-0.0377867
0.000430008
0.0135455
0.117062
-0.00907306
0.150114
-0.0110079
-0.0043453
-0.0883414
0.0189988
-0.0609782
-0.0176566
-0.000989432
-0.0289432
0.00158221
-0.0099833
0.00168496
-0.0332783
-0.0132043
0.0463319
-0.00435373
-0.0678806
-0.0412152
0.0320763
0.0186108
0.119047
0.0045935
1.297e-05
-0.00681535
0.200253
-0.000106125
-0.0063082
3.7615e-05
-0.000270184
-0.0388634
-0.00127329
0.00360845
-0.00118101
-0.00178705
0.000368484
-0.0375429
-0.00287153
-0.0163741
-0.0101339
-0.00342985
0.324412
0.0550852
-0.0350129
-0.0147438
0.00170254
0.000126904
0.014081
-0.00112917
0.00913376
0.354214
0.0864005
0.0740516
-0.000300358
-0.016761
-0.00154559
0.025689
0.0637761
0.114532
0.152517
0.163192
-0.0155221
-0.000961953
-0.00236366
0.0368886
-0.00478535
0.171946
-1.96178e-06
-0.00178463
-1.54389e-06
-0.00719212
-0.0373473
-0.00240873
-0.0154812
-0.0302086
-0.0553602
0.161997
0.140332
0.00439658
0.140618
0.0713062
0.0638834
-1.1614e-06
-0.00912894
-0.011834
-0.170091
-0.00686734
-0.0409651
0.0577004
-0.12154
-0.00135899
-0.0596335
0.0996585
0.121311
0.0591368
0.0101767
-0.0367795
-0.0180755
0.0230888
-0.00544412
0.390772
9.07085e-05
-0.0691382
0.0658188
0.0190768
-0.000879489
-0.0435589
0.504882
-0.020789
0.0605628
-0.000900774
-0.0729275
0.000326775
0.192218
-0.0469387
-0.0236571
0.0546064
0.0189431
0.0606847
0.435445
0.278953
0.00282017
0.000552643
-0.00289555
0.000182808
-0.0299321
-0.00595589
0.0552497
4.65209e-06
-0.00209423
0.0781448
0.383505
-0.0262949
5.64671e-07
0.511903
-0.0701967
-0.151679
-0.00413729
0.0201786
-0.0734645
0.0471733
0.13914
2.55676e-06
0.125823
-0.0292801
0.000219986
0.034703
0.0334426
0.0546755
0.379255
0.447317
0.00560115
0.0579221
0.000662464
-0.0360782
-0.0325599
-0.000129737
0.140007
-0.0769769
-0.0646316
-0.156174
-0.000964948
3.9641e-05
0.00551163
0.0176177
0.275024
-0.0358438
-0.00285285
0.000162615
-0.00379474
9.15937e-05
-0.0206833
-0.0391004
-0.00901053
-0.0308013
-0.0595208
-0.04262
-2.46028e-06
-0.0424287
-0.00296963
-0.0798177
0.0492076
-4.55999e-05
1.23852e-07
0.748927
0.380371
0.474739
0.22555
0.016487
7.15458e-05
0.0227934
-0.0329079
0.00017978
0.321467
-0.0129096
-0.000721136
0.0539336
0.0852998
0.0278018
-0.108331
-0.0540047
0.218166
-0.117168
0.0406876
0.00727547
-0.140734
-0.152851
-0.154456
-0.138597
-0.122706
-0.0988804
0.0448936
0.0944331
0.0563538
-0.044919
0.604178
-0.00562335
0.00323356
-0.0521468
0.00643955
0.109541
-0.0208394
-0.00964413
-0.0696084
-0.1372
0.04242
0.000150279
-0.0472036
0.420924
-0.0104679
0.353613
0.270069
0.565151
0.0482562
-0.121005
0.435261
0.0253535
0.00444855
-0.00105287
-0.00506124
0.000386848
-0.0455707
0.0917655
-0.0665173
-0.052292
-0.0146552
-0.0502017
0.00096445
-0.00147786
0.0920794
-0.041731
0.00139457
-0.00105828
-0.13113
0.00510486
-0.0171576
-0.0240273
0.565808
1.25948e-05
-0.161669
0.00245164
-0.0127171
0.00651259
0.0138021
0.00134086
-0.0637538
-8.28686e-05
-0.00474796
0.0851586
-0.00830327
-0.0321664
-0.00732786
4.9764e-05
-0.00556406
-0.0692796
-0.0449302
-0.0268931
0.0188012
-0.00337734
-0.00211276
0.133127
6.59396e-07
0.0423734
0.0318533
-0.0635526
-3.60033e-06
-0.00167841
-2.83408e-05
-0.0395049
0.15553
-2.08666e-05
-0.00848702
0.000109857
-0.00894843
-0.0234194
0.000227627
-0.0394476
-0.0574151
0.769433
-5.55562e-05
0.0716594
0.00162614
-0.000776261
0.000801897
-0.037183
-0.0266915
-0.0465014
-0.0464592
0.20814
-0.0262697
0.0838217
5.97478e-06
0.266882
-0.0134261
1.0304e-05
-0.0762017
0.0884682
-0.000432706
-5.19723e-05
-0.0425578
-0.0383861
0.757569
5.03075e-05
-0.0368314
-0.043406
-3.22476e-05
0.0182122
0.000552496
-0.0253762
0.193587
-0.0347452
0.0320463
0.00673339
-0.000238863
0.284015
0.403552
0.00177228
-0.013034
-0.0490226
0.214504
-0.0220347
-0.000203872
0.0698142
-0.0855451
-0.064027
-0.00125433
-0.00457245
0.0189769
0.023631
-0.0679459
-0.0544443
-0.0674188
-0.0345233
0.0500645
3.87323e-05
-0.0212387
0.73897
-0.0012391
-0.00222582
-0.00435594
0.555569
0.116501
1.46329e-06
3.35289e-06
0.173011
0.172096
-0.0280084
-0.0588769
-0.0517861
-5.01892e-05
0.0256293
0.0141786
0.128166
-0.00395645
0.1837
-0.0203486
0.0313906
0.412857
0.000256013
-0.0119733
-0.152019
-0.160909
-0.0200969
-0.000168122
0.33511
0.0682296
-0.00412605
-0.0299302
-0.0649159
7.42859e-05
0.185514
0.00066313
0.000134271
-0.0412542
0.0710055
0.00159558
-0.0104682
-0.0443311
0.127945
-0.00281465
-0.040501
0.000833742
-0.0317668
0.000414068
-0.0174376
0.00036633
-0.000101909
-0.029389
0.17874
-0.00910659
-8.71432e-05
0.00025815
0.64749
-6.37613e-05
-0.0388935
-0.0472231
0.29909
0.0447027
0.000119917
-0.0143192
-0.0204399
-0.0519286
0.0710683
-0.0480244
0.102363
-0.0139104
-0.0176497
-0.0203623
-0.00845906
0.306602
0.00250275
-0.012823
0.132233
0.136091
0.506008
-0.0428019
-0.0304548
-0.000904032
-0.034614
-0.0679955
0.0933698
-0.00154151
0.0338558
0.000157257
0.0179513
-0.00285352
0.00249108
-0.0267061
-0.0271747
-0.00163106
-0.0234152
0.000130824
-0.00518207
-0.0404081
-0.00140308
7.02977e-05
-0.0326925
0.673756
-0.0726148
-0.0178779
-0.00353523
-0.000292765
0.366223
0.0382253
1.5526e-05
6.2916e-05
-0.0765075
-5.771e-06
-0.00109555
-0.0378184
-0.0102015
-0.00531945
0.124666
0.308079
0.256747
-0.0396334
0.000417992
-0.0456049
0.000114592
0.127889
0.556939
0.000118835
-0.00102753
-0.000957437
0.586758
3.2043e-06
0.294644
0.616567
-0.0434317
-0.0109007
-0.00326074
0.300706
-0.00641319
-0.070878
0.533968
-0.00528417
0.321668
-0.0221098
-0.0104652
0.528665
-0.0196999
0.309214
0.275742
0.00253532
-1.65498e-05
0.192076
0.0759231
-0.0148541
-0.0773768
-0.00889743
-0.067283
-0.015167
0.300321
0.000200406
-0.00591257
-0.0780528
-0.0832263
-0.0267039
-0.0582502
-0.0701232
0.289956
0.0599214
0.0258127
0.503184
0.000947423
-4.49287e-05
0.0602751
0.0464195
0.0653749
-0.000250392
0.00717644
-2.94806e-06
-0.0811802
0.0187708
-3.71032e-05
-0.00120565
0.000747834
8.10506e-05
0.0866358
-0.00852877
0.00031111
-0.00998341
-0.070534
-0.00934522
-0.00310015
0.290055
-0.0208014
-0.0163073
0.00142727
-0.0144595
6.73859e-05
-0.0391246
0.130165
-0.0176714
0.113614
0.00890181
0.0929603
0.140987
0.218141
-0.0237658
0.410259
-0.0145039
0.294934
-0.0984939
-1.07966e-05
-0.0131614
-0.0196763
0.0285581
0.150295
-0.0538489
0.000289503
0.761087
0.00810189
0.119848
-0.0366275
0.0100445
0.0818606
0.000852477
-0.0306829
-0.0677594
0.00245043
-0.000756718
-0.0106003
-0.0384502
-0.00497025
-0.00739674
-0.0690045
0.182969
-0.00536197
-0.0332787
-1.32862e-05
0.624489
0.710323
0.00655782
8.85134e-05
-0.0285809
-0.000841967
-0.0344681
0.000113251
0.0329296
-0.0294385
0.000188175
-0.000665333
-0.051012
-0.000864985
-0.0198264
-0.0307777
0.330551
-0.0664441
0.349563
-0.000705831
-0.0107933
-0.0146628
-0.00195056
0.0350512
-0.0547536
0.00220923
-0.0145091
0.26451
-0.0365227
0.000345027
5.45646e-05
-0.00293216
4.91321e-06
-0.0207674
-0.00236518
0.0128482
-0.00647449
0.105941
4.88167e-05
0.00151381
0.130989
0.180886
-0.0251846
-0.00206584
0.115307
0.000279032
0.000295854
0.0291064
-0.00115994
0.549843
-0.0362191
0.304528
-0.123698
-4.16794e-05
-0.00860806
0.449136
0.310449
0.0177614
0.003465
-0.000303422
0.12546
0.0379982
0.0149735
-0.00130586
-0.0379652
-0.0488461
6.26448e-07
-0.0254688
-0.0465767
-0.0374655
-0.00512695
0.571995
-0.00502035
-0.0252075
-0.0387217
0.000595542
2.45127e-05
0.00163139
-0.00611104
0.359037
0.00347744
7.99011e-05
0.000847327
-0.0661055
0.479218
0.000212897
0.000700797
0.0274906
-0.0374367
0.435587
-0.0302729
0.346491
0.317275
0.000201662
0.277676
0.321216
-0.0286599
0.0320923
-0.000233119
0.337397
0.000590712
-0.000117196
-0.00416147
0.216469
-0.00819555
0.157393
0.00218304
0.575794
0.00257298
3.31577e-07
0.798787
0.0418066
0.63209
0.13622
-0.128048
0.020755
-0.0574635
0.420659
0.00025388
-0.000131832
0.032747
-0.00081908
0.560244
-0.0969634
-0.105693
0.00226795
0.0786431
0.120144
-0.0658059
0.0138798
-0.0265446
-0.00543444
0.0286443
0.000438057
0.00275876
-0.0321381
-0.0290693
-0.0470656
0.0244522
-0.0139562
0.0738359
0.0694807
0.61873
-0.0546608
0.0353754
0.000456534
-0.0729192
0.33498
-0.0163767
0.113034
0.251411
-0.0324601
0.0170328
-0.0656542
-7.19455e-05
-0.00431237
-0.00265403
0.00868536
-0.00527536
-0.163167
0.000119964
0.149825
0.0993351
0.206491
0.109351
0.170483
0.0128912
0.0421946
0.0208874
0.0257078
-0.019459
-0.0958645
0.0781813
0.340553
0.0445284
-0.00566436
-0.162207
0.0859966
-0.0102513
-0.0976468
0.205855
-0.0173989
-0.0374275
0.139862
0.03829
0.541628
-3.71045e-05
1.98838e-05
-0.0578213
0.370062
0.385767
0.283947
0.406746
0.0589475
-0.00669643
-0.0124932
0.0342511
-0.020126
-0.00282606
0.0251365
0.568974
0.00670308
0.359657
0.111926
0.0172077
0.000128769
-0.0349377
0.40459
-0.00256418
-0.00814122
0.0218224
-0.142666
0.000291579
-0.00753141
-0.0642239
0.700629
-0.0540337
0.178603
-0.0487956
-0.0101843
0.0861457
0.310207
0.40187
0.118025
-0.0621728
0.122639
0.107862
0.749588
0.00077349
-0.00485888
0.400263
-0.0618536
0.23249
0.441768
0.00351791
-0.0339897
0.146029
6.87142e-05
0.485689
-0.0133656
0.364337
0.01207
0.000610756
-0.0187574
-0.00124555
0.738992
8.38842e-05
-0.0885571
0.333326
-0.000462037
0.022992
-0.0239485
-0.0239786
0.159952
-0.0200796
0.000867947
0.147635
-0.0224148
0.000750389
7.36891e-05
0.109331
-0.00274035
0.239959
-0.0669395
-0.0160191
0.0776665
-0.00149802
-0.059383
0.0652165
-0.0652774
0.257829
-0.0215745
-0.00566593
0.184921
0.000197246
0.00194409
0.00136474
-0.013419
0.00684996
0.137587
0.488831
-0.0268429
0.0169591
0.276149
0.42159
-0.0131317
-1.13023e-05
0.215221
-0.0760522
0.0147397
-0.000927347
-0.0557843
-0.000320857
-0.000760773
0.0538254
-0.00456397
-0.00892799
-0.0293538
-2.73575e-06
0.185782
-0.000710156
0.0305771
-0.108079
7.05317e-05
-0.064501
-0.0238444
-0.0620649
0.000591849
0.0246474
0.378654
0.496746
0.677489
2.77603e-07
-0.0284564
8.72768e-05
4.42844e-05
1.35663e-05
0.000775198
-0.00130299
-0.00417442
0.28531
0.0231453
-0.00311983
0.0484261
0.0225917
0.00826945
-0.0572544
-0.0456987
0.119287
0.294334
-6.2593e-06
0.0139515
-0.0756563
-1.34894e-06
-0.0404133
0.0554007
0.241356
1.15924e-06
0.504836
-0.0308705
0.110777
0.0951239
0.0017428
0.172338
0.00269773
-0.067591
0.630995
0.00016472
-0.00578917
0.0722924
-0.000320308
-0.02528
5.14238e-05
-0.000725037
0.00269038
-0.0137765
-0.00294202
0.000263321
4.58409e-05
-0.0129386
-0.0609295
-0.0530871
0.154472
0.0696816
-0.00883304
0.571671
0.018751
0.536946
-0.0186209
0.600867
0.52435
0.544861
0.01345
-0.010411
0.0110682
-0.00493763
0.000248787
0.24087
-0.0375408
0.00103847
0.240824
0.637151
0.171844
0.102771
-0.0607446
-0.0183497
-0.00934938
-0.0123812
-0.0383643
-0.00893114
0.517663
-0.000436958
0.721969
0.29164
-0.000770239
0.165628
-0.0378068
-0.0712303
0.178012
0.0639518
-0.00434962
0.166419
-0.0158389
0.307392
-0.00833039
0.00175253
4.11317e-05
0.00824206
-0.0599404
3.02171e-06
0.00247187
-0.114187
-0.000723251
-0.0313908
1.19954e-06
2.78349e-07
-0.073337
-3.48543e-06
-0.00596313
0.00035217
-0.0266003
-0.0218153
-0.0506364
0.00949193
-0.0652513
-0.0419292
-0.106409
0.136121
0.0190167
0.0163293
0.372837
0.325079
-7.84887e-05
0.194291
-0.0571586
0.580551
0.25369
0.0028472
0.301972
0.588975
6.82043e-06
0.229868
0.0118885
0.0267133
-0.0408367
-2.44424e-05
-0.0998395
-0.0536487
-0.00453892
-0.000282398
7.98805e-05
0.0162256
0.00111734
-0.0558439
0.074806
-8.6807e-06
-0.088621
-0.00230131
-0.00782533
0.00150185
-0.0062443
-0.000912533
-4.09858e-05
0.556001
0.493443
0.0658641
-0.049602
-0.00808253
-0.0019854
-0.000345705
0.000121403
-0.00317612
0.0118272
-0.0459261
-0.03947
-0.18954
0.381345
-0.0429369
0.719724
0.000535687
-0.0347001
0.427759
0.000416766
-0.0617935
9.29929e-05
-0.00114588
3.42143e-06
5.3144e-05
0.173854
0.000178352
0.00154288
0.178189
0.0107768
-0.00882639
-0.0137737
-0.00935108
-4.49879e-05
0.657967
-0.0526463
0.275225
0.111876
-0.00432065
0.351295
4.38304e-06
0.0616409
2.25034e-05
0.00326721
0.0109921
0.562888
-0.0010607
0.301531
0.00608511
-0.000435607
9.50045e-05
-0.0310018
0.375225
5.09262e-06
0.0125807
-0.000886449
-0.0671572
-0.0401204
-0.145184
-0.0151217
-0.026097
0.0173713
0.00319344
-0.0948763
-0.119348
-0.00607302
-6.86545e-05
-4.1642e-05
0.000373859
-0.000872423
4.42766e-05
-0.0524267
0.00178625
0.00140575
0.326026
-0.00110017
-0.0438059
0.229482
1.99796e-05
0.00164928
-0.0846509
0.664387
-0.0120782
0.243143
-0.0531074
0.314087
-0.0215253
0.487568
-0.0540551
-0.0608879
-0.0138515
0.542235
-0.0176912
-8.53805e-06
0.000457263
0.174278
0.047955
0.146394
0.68342
-0.044628
-0.0730542
0.39017
0.00109314
0.0415443
-0.000851666
-0.00437204
0.00152952
-0.00594458
-0.000244595
-0.0618548
0.167137
0.136251
-0.0115299
-4.66484e-05
-4.07992e-05
6.35169e-06
-0.00876231
0.00016833
-0.0555421
0.389789
-0.0433077
0.746634
-0.106862
-0.00199544
0.717061
-0.0222202
-0.00759769
0.000414219
-0.00114765
-0.00866492
0.711632
0.685575
-0.0283476
-0.0141183
0.000228351
0.346413
0.107326
-0.00485277
0.116948
-0.0168486
-0.0178323
-0.00854816
0.533568
0.507981
0.140572
-0.00823837
0.00116106
-0.0176012
0.029967
-0.00087189
0.319569
-0.00123168
-0.00493621
-0.00591315
-0.064042
0.0719385
-0.0543525
-0.00925844
0.621642
0.176066
0.119723
-0.0643164
-0.102634
-0.00761547
-3.94241e-05
0.408104
-0.00363022
-0.00416438
-0.0522526
-0.0851306
0.000117804
0.239952
0.0272809
-0.0547491
-0.109547
0.179987
-0.0396742
-0.00776671
0.0191919
0.700874
0.0940769
0.483967
-0.000868016
0.0955568
0.0159555
-0.00531198
0.334937
0.00175741
0.0174979
-0.0274304
0.139221
-0.0394816
-0.0330718
-0.0526352
-0.0749828
-0.00142355
-0.02595
0.544782
-0.0813286
-0.0342405
-0.00986793
-0.0156149
-0.0981418
0.693954
-0.00967937
-0.00801332
-0.126967
-0.00557097
-0.0141134
0.0253847
-0.00350013
0.757319
0.518283
0.0184926
0.473897
0.499334
-0.00823007
0.015821
0.0306309
0.0828038
-0.000812934
0.00390957
-0.000265679
-0.0297292
-0.0656571
-0.0387712
-0.00314662
-0.169295
0.316055
0.014186
0.456778
0.47294
0.5231
0.000133081
-0.00801893
0.537562
-0.0166874
0.651713
0.37415
0.00288238
0.592975
-4.06397e-08
-0.00314155
-0.0785461
0.0259167
0.425323
0.00305112
-0.00259045
0.00276271
0.364077
-0.0225012
0.0152588
0.516773
-0.0385044
0.531188
-0.0125992
-0.0519927
0.376929
0.521787
0.211002
0.254046
-0.10194
-0.0076408
-0.131776
0.000232329
0.534315
0.220808
0.296808
0.262259
0.60945
0.0162503
-0.104208
0.578173
-4.61604e-05
0.596111
0.105917
0.682466
0.650012
-4.21031e-05
-0.0397335
0.494758
0.00234489
-0.00296676
7.45389e-07
-0.0521841
0.0127525
0.420668
-0.0107789
0.013625
0.114963
-0.0584817
-0.000802382
-0.0242256
0.505882
-0.0321777
0.510349
0.583451
0.409643
-0.352435
-0.163673
-0.504702
0.423842
-0.864312
-0.160494
-0.577469
-0.587956
-0.748391
-0.318127
-0.217191
-1.0029
-0.157244
-0.15829
-0.827979
-0.853534
-0.229115
0.697877
0.430943
0.691764
0.34114
-0.216655
-0.370592
-0.579817
-0.92031
-0.130334
-0.530038
0.613136
0.583627
0.839624
1.0955
0.0577842
1.52237
-0.378259
0.580873
-0.494671
-0.475287
-0.890787
0.864266
-0.14278
0.533414
0.683298
-0.181977
-0.185285
-0.733731
0.376348
-0.345583
0.321838
0.735848
0.799006
-0.592367
-0.0657989
0.879263
0.3876
-0.600979
0.271899
0.408539
-0.0716116
1.35887
-0.243311
-0.266046
-0.143915
-0.381358
-0.159629
-0.380002
1.63901
0.466728
0.721873
-0.495601
-0.0595993
1.23392
0.977696
-0.251489
-0.370046
1.22344
0.436489
0.318537
-0.65613
-0.212979
0.765528
-0.214432
0.79724
-0.798047
-0.228464
0.437025
-0.723353
-0.72294
-0.415981
-0.816813
0.101041
0.542247
1.45376
-0.30026
-0.267712
-0.0902174
-0.513951
0.596855
1.50952
0.852805
1.10869
0.0718363
-0.364257
-0.976676
-0.119518
0.0325268
0.394001
0.899493
0.333026
-0.57827
-0.834906
-0.136024
0.320437
-0.131958
0.696944
0.698714
-0.144059
1.40365
0.496192
-0.156632
-0.527371
-0.521908
-0.657155
-0.589533
-0.670143
-0.120677
-0.35566
-0.829299
0.23453
-0.0729421
-0.193835
-0.552008
-0.0787555
0.028141
1.00551
-0.396066
0.575383
-0.172467
0.707514
0.449178
0.963351
1.21954
-0.0770446
-0.513073
-0.230438
-0.287716
0.587047
0.00929514
-0.350244
-0.187232
-0.504124
-0.243891
-0.332014
-0.283715
0.514983
0.667349
-0.444018
-0.118937
0.209554
0.501078
-0.610596
-0.48949
-0.285586
0.792812
-0.646408
-0.659822
0.680698
0.466488
-0.792001
-0.694424
-0.558258
1.65618
-0.414766
0.511776
-0.891443
-0.507069
-0.0807931
0.187788
0.144571
-0.109509
-0.537748
0.772836
0.111502
-0.328609
-0.259863
-0.471318
0.178698
-0.115709
-0.568726
-0.162008
0.590265
-0.653399
-0.072739
-0.0733513
-0.35017
0.477493
0.489308
-0.669175
0.66629
0.284288
-0.856648
0.596273
-0.181268
-0.332126
-0.602398
0.538875
0.183493
-0.140912
0.729331
-0.33917
-0.539697
0.825295
-0.325788
0.259221
-0.144619
-0.241769
0.721479
-0.0771471
-0.704035
0.362862
0.867414
-0.229058
-0.936293
0.67605
-0.145728
0.068284
0.74065
0.622728
0.878605
0.356789
1.46782
0.183348
0.272131
1.13494
1.81837
0.114113
-0.169351
-0.321974
-0.253299
-0.691588
-0.605437
-0.260543
0.146353
0.227768
0.472931
0.591412
0.516802
-0.686
0.508247
-0.772144
1.43559
-0.154515
-0.282096
0.100609
0.724255
-0.144225
-0.724603
2.0155
0.473409
-0.668878
1.89407
1.22784
-0.99574
-0.60106
0.813789
-0.0371051
0.297378
-0.162359
-0.174782
0.797422
0.743048
-0.27922
0.743781
0.541778
0.491845
0.300815
0.525797
-0.793873
-0.759711
0.434012
-0.255506
-0.150663
-0.0808271
-1.09978
0.150655
-0.468367
0.658885
1.0271
-0.742442
-0.130789
-0.366625
-0.308691
-0.0787396
-0.71285
-0.110277
0.64837
-0.484691
0.509891
0.766065
1.59468
1.02197
1.28127
-0.0149529
-0.450985
0.297134
0.169155
-0.489239
-0.245779
-0.140898
-0.795604
-0.372716
-0.0764731
0.356217
-0.453895
-0.133918
-0.652154
-0.518806
-0.0929164
0.389117
-0.533427
-0.128114
-0.0513169
-0.797537
-0.63712
-0.319202
-0.767376
-0.531479
1.66261
-0.517205
0.785198
0.215567
-0.164208
2.29385
0.442186
0.69826
0.954101
-0.0837063
1.21059
-0.519704
-0.45952
-0.448351
0.74268
-0.106093
-0.266857
0.749664
0.383588
-0.751961
0.224109
-0.589965
-0.494628
-0.30498
1.00719
0.607462
-0.28868
0.406357
-0.244793
-0.121386
-0.435883
0.169282
-0.196059
-0.295394
1.45966
-8.53554e-05
0.507402
1.32077
-0.376743
0.51222
0.466795
-0.946626
0.538284
0.646983
1.97738
1.94915
1.91204
0.39769
0.142257
-0.118456
-0.344444
1.22202
1.34047
0.338701
-0.142372
-0.19817
0.734681
-0.25009
-0.396042
-0.618712
0.629218
-0.367465
0.109627
-0.960489
1.09162
0.408871
0.164185
0.741944
0.914069
0.445524
0.773386
-0.31598
0.225324
-0.410402
-0.465881
0.681119
0.312536
-0.567924
1.16846
0.518396
-0.144644
-0.688882
-0.777203
-0.181962
0.784834
0.917355
-0.540168
0.436812
0.0277579
1.76869
-0.739285
-0.497171
-0.32382
0.734849
-0.38548
-0.251733
-0.663893
0.42918
1.5687
-0.424627
1.04757
0.011404
0.79164
0.535722
-0.440628
-0.359662
-0.71546
0.978876
0.33875
0.695468
0.334266
-0.410674
-0.0801105
-0.449528
0.485677
0.821105
0.728352
-0.124286
0.0863948
-0.123408
-0.129612
0.639796
0.420971
0.426568
0.103375
-0.698309
-0.2067
-0.800939
-0.450897
-0.118879
-0.256958
0.610247
0.342535
0.693866
0.661058
-0.445199
1.08775
0.449791
0.178169
0.730697
0.47306
0.986555
1.24557
-0.0530099
-0.489048
-0.190358
1.92065
0.33813
0.488405
-0.115357
0.168012
-0.107609
0.391218
-0.0750363
0.622291
0.543895
-0.164749
0.235893
-0.273591
-0.0328572
-0.541966
-0.348983
-0.123774
-0.174665
-0.613701
0.432882
1.73221
-0.775465
0.541465
-0.302863
-0.567038
0.77611
-0.390555
-0.552136
-0.970965
0.543175
-0.419816
-0.630309
-0.815691
0.906708
-0.280778
-0.187531
-0.192761
-0.551401
0.35395
-0.373467
1.00698
1.63192
-0.795433
-0.0438112
-0.566698
0.673595
-0.522681
-0.0754738
-0.642107
1.06251
-0.556996
-0.869855
-0.147604
-0.742952
-0.275075
-0.562344
-0.688408
-0.513593
1.03812
1.08956
-0.0876115
-0.815436
-0.181179
-0.302359
-0.00110416
-0.308864
-0.119668
-0.137249
-0.114717
-0.743842
-0.529857
-0.658071
-0.493397
-0.166467
0.901952
0.646078
1.15979
-0.572794
-0.1367
0.389429
0.857379
0.999147
-0.715835
0.160165
-0.210871
-0.972833
1.10731
-0.661429
-0.372943
-0.780623
-0.340364
-0.511107
-0.110541
-0.380641
-0.696519
1.14769
0.648156
-0.634592
-0.650301
0.712006
1.95087
0.0776467
-0.459677
-0.59591
0.57687
-0.51769
-0.464729
-0.533948
-0.769499
-0.545508
-0.612757
-0.662895
-0.746781
-0.110841
-0.300597
-0.508378
0.467712
-0.478392
-0.740621
-0.674306
-0.11673
-0.801898
-0.657652
-0.539123
-0.119957
1.12071
0.731695
0.988396
-0.237865
-0.627599
-0.264964
-0.580852
-0.335388
-0.682173
0.408822
-0.430396
0.91532
-0.570989
-0.552344
0.66336
0.185219
0.826115
-0.211999
-0.639935
0.217178
1.02578
-0.221336
0.41573
-0.14966
1.30136
-0.352615
-0.596933
-0.216342
-0.197572
-0.753143
-0.286799
-0.687829
0.492134
0.636996
-0.724063
-0.472596
-0.688623
0.231032
-0.0856477
-0.71243
0.795608
-0.509462
-0.527036
0.640557
-0.57387
1.92692
-0.111474
-0.701535
-0.129807
-0.20791
0.0846304
-0.696199
-0.5445
-0.551976
-0.313264
0.0154711
-0.270799
1.05414
-0.624154
-0.654333
-0.656945
0.0699877
1.02861
-0.568858
0.839446
-0.635202
0.109286
-0.637262
-0.500672
1.14849
-0.564163
-0.532175
-0.123427
-0.845516
0.610335
-0.535728
1.84192
-0.0997656
1.08997
-0.2271
-0.625904
-0.568573
-0.103287
0.239818
0.0531857
0.956716
0.737117
-0.117975
0.576498
0.816668
-0.586941
0.162341
-0.469317
-0.568488
-0.683788
-0.528661
-0.68483
0.429083
1.02273
0.492693
0.749216
1.61254
1.00508
1.26378
-0.0331856
-0.46921
-0.0903422
0.204252
0.669432
-0.554054
0.628622
0.261586
0.777634
0.944018
0.738426
0.14064
-0.63748
-0.0870621
-0.597728
1.77627
-0.7326
-0.0919049
-0.598979
-0.64607
-0.548608
1.18032
-0.112562
0.92453
0.668694
0.413591
0.44595
0.966928
0.110417
-0.317632
-0.575034
-0.7518
0.34724
-0.447341
0.402888
0.000963885
0.322787
-0.78264
0.313205
-0.152017
-0.543543
-0.759796
-0.574823
-0.16503
1.69643
0.734988
0.0801129
-0.712195
0.389394
-0.192366
-0.179015
-0.225689
0.443571
0.450993
-0.125873
0.428
0.361437
0.2753
0.198118
-0.537264
0.36825
-0.32058
0.823048
-0.39489
-0.514101
0.398075
0.622417
-0.66008
-0.156572
0.198153
-0.674954
0.543417
0.531221
0.49795
0.697272
-0.105694
0.254591
-0.711713
-0.501464
0.395354
0.934336
-0.114394
0.230571
-0.385123
-0.377704
-0.583479
0.988922
0.60936
0.763334
-0.593558
-0.708815
0.812779
-0.214046
0.168014
-0.548684
0.762628
-0.675158
-0.544944
-0.10845
-0.119273
-0.75099
0.522065
0.777616
1.03343
1.58353
-0.440478
-0.00447446
1.27923
0.415103
0.34479
-0.529163
-0.376765
-0.604836
0.893145
0.802575
0.137907
0.748648
-0.0824959
-0.540748
-0.672029
0.495022
-0.729203
-0.599799
-0.456101
0.823296
-0.542797
0.312616
-0.801787
-0.5643
0.747402
-0.485267
0.74526
-0.552393
0.0941974
-0.602831
-0.614076
0.43259
-0.242925
0.709197
0.255099
-0.871987
0.554074
-0.527224
-0.573033
-0.129815
1.1092
0.89874
0.387562
0.449705
0.728268
0.691318
0.716665
1.24116
-0.527301
-0.138375
0.435545
0.398771
0.41097
-0.415818
-0.749109
-0.540863
0.539277
-0.261233
0.685765
0.286026
0.475788
-0.627927
0.78673
0.927453
0.840375
-0.453175
0.770485
-0.242337
-0.637328
-0.645971
-0.574371
-0.295057
-0.319905
-0.517952
-0.207874
-0.173798
-0.535263
0.818761
0.797759
-0.667424
0.706404
0.654413
0.773622
-0.261517
0.654114
-0.321697
-0.550705
-0.113405
-0.386818
-0.329801
0.460085
-0.132232
0.241695
0.710605
-0.52286
0.953325
0.475062
0.786021
0.0226408
-0.271629
0.591084
-0.0229092
-0.498755
-0.59143
-0.187442
1.04626
0.883159
-0.514986
0.761253
-0.12656
-0.0551117
-0.0508685
1.55353
1.06319
-0.41066
0.0253695
1.31448
0.807369
0.551263
-0.486705
-0.576989
0.677487
-0.284665
-0.517461
-0.588639
-0.150255
-0.173444
-0.627674
-0.5009
-0.138672
-0.474155
-0.17037
-0.333621
-0.106957
1.01803
-0.499492
0.623015
-0.117473
1.30144
-0.547248
-0.0811434
0.366742
0.104219
-0.0933866
-0.512045
-0.317568
-0.279226
-0.69487
-0.627914
-0.595431
-0.681442
0.746633
-0.102265
-0.193464
-0.502416
-0.239202
-0.0676839
0.658083
0.656942
1.85642
-0.167508
-0.334791
-0.523435
0.256617
0.755667
-0.749212
0.206932
-0.543557
0.428907
-0.608998
-0.25513
-0.566785
-0.167822
-0.178904
0.795597
-0.270819
-0.0807148
-0.652999
-0.176543
0.704117
-0.630486
1.79538
-0.716454
-0.413164
-0.670665
-0.680754
0.749452
-0.706799
-0.573266
-0.620309
-0.109638
-0.28613
-0.314502
-0.183942
-0.409316
-0.0913958
0.832183
-0.830639
0.809483
-0.437338
-0.247573
-0.44891
-0.194062
-0.563998
-0.798925
0.389629
-0.485178
0.683413
-0.654963
-0.0974639
0.786689
0.367373
0.103684
-0.318258
0.40086
-0.544306
-0.467136
-0.620297
0.764067
-0.191208
-0.288093
2.03929
-0.604417
-0.520966
-0.127937
-0.694561
-1.01669
-0.229619
0.809045
-0.148576
0.930956
-0.225724
-0.734391
-0.0994313
-0.602596
-0.645314
-0.0912133
-0.260596
0.591414
-0.714084
-0.767597
0.875525
-0.155874
-0.088818
-0.515875
-0.27253
-0.546891
-0.764223
0.00761149
1.90796
-0.184129
-0.43497
-0.552941
-0.62136
0.599277
-0.714857
-0.224776
-0.103316
-0.163184
0.122451
-0.541053
-0.0965208
0.0687799
-0.1565
-0.340083
-0.141506
-0.725721
-0.852615
-0.156022
-0.225189
-0.264361
-0.284341
-0.741221
-0.20256
-0.535211
0.913044
-0.562037
-0.518114
-0.447727
-0.165638
-0.194614
-0.671251
-0.122407
-0.430467
0.144136
-0.322867
0.484739
-0.64331
-0.655511
-0.187283
0.929224
-0.553679
0.528569
-0.451082
0.648795
-0.215871
-0.287987
-0.637753
-0.0761392
-0.308642
-0.144981
-0.102519
-0.560012
0.414402
0.975836
-0.430755
-0.136028
0.214646
-0.08608
0.590059
-0.21284
-0.0453129
1.69921
0.466909
-0.133564
0.12817
1.00107
-0.138424
0.660263
-0.758337
0.289462
-0.130538
0.305243
0.217031
0.133656
1.45095
-0.302472
-0.219952
1.42684
-0.656274
-0.279389
0.157528
-0.190765
0.335392
0.248505
-0.626883
-0.176086
0.445957
1.1165
-0.207816
-0.112478
-0.41249
-0.138967
0.691521
-0.613766
0.416688
-0.089656
-0.105128
-0.100882
-0.128487
0.0208291
-0.107867
-0.106543
1.01146
-0.169195
1.07608
-0.194313
0.33828
-0.10378
0.721508
0.867045
0.334658
-0.159801
0.626305
-0.117312
-0.10766
-0.660716
-0.1098
-0.503505
-0.508803
-0.590507
-0.14303
-0.162031
-0.482266
-0.121002
-0.309025
-0.0916957
-0.16046
0.205743
0.26041
0.433551
-0.147942
0.846635
0.722818
0.350796
0.324091
0.129843
-0.150247
-0.428354
0.883516
0.384277
-0.0786064
0.672061
-0.63049
-0.135513
-0.0865875
-0.10357
0.542176
0.412341
-0.595381
-0.110568
-0.136128
-0.102067
0.696301
0.573466
0.43731
1.71722
-0.202548
-0.513359
-0.105386
-0.14003
0.477665
-0.187449
0.480299
0.103965
-0.0999453
-0.499601
0.452063
-0.0664443
-0.0852378
-0.130669
-0.113106
0.605991
0.0826952
0.779528
0.399535
0.520548
0.563688
-0.370121
-0.304133
-0.123868
-0.218092
0.597695
-0.137314
-0.120256
-0.104578
-0.129658
-0.239614
0.676797
-0.0904624
0.46096
-0.121091
0.393475
-0.130749
-0.105254
-0.358811
0.710986
-0.168626
-0.354114
-0.114023
-0.101094
-0.181794
-0.585696
-0.0939001
-0.107041
0.561214
0.314423
-0.0940314
-0.637823
-0.115212
-0.113664
-0.31557
0.749988
-0.225529
-0.478835
-0.101947
-0.234925
-0.493446
0.715963
-0.198484
-0.0965273
-0.417673
0.917256
-0.147139
-0.0953606
0.779673
-0.474456
-0.156816
-0.806893
-0.11618
0.589272
-0.10664
-0.102575
-0.425844
0.575566
0.791048
-0.102221
-0.145821
-0.218031
-0.186913
-0.474061
-0.101457
-0.149662
-0.466927
0.145071
-0.100232
0.622535
-0.0976226
0.474951
0.431905
-0.099313
-0.12816
-0.091503
-0.170499
-0.00478486
-0.105833
-0.108528
-0.0727273
-0.111399
-0.111314
-0.0704855
-0.135583
0.585694
-0.100254
-0.0742303
-0.0689311
-0.0760444
0.385954
-0.0863597
0.38041
-0.560865
0.26198
-0.299117
-0.229975
0.640702
0.0848805
0.452542
-0.0735341
-0.101699
-0.0904135
-0.218076
0.435187
-0.100516
-0.629577
-0.294371
0.364751
-0.113688
-0.263128
-0.168364
0.0489013
-0.257846
-0.099046
-0.0912217
-0.0823577
-0.073504
0.689147
-0.611811
-0.109517
-0.0883115
-0.359955
-0.0125714
0.460119
-0.140756
-0.298522
-0.154634
-0.195693
-0.238317
-0.0657555
-0.15124
-0.0738548
-0.395309
-0.0688716
-0.10008
0.44842
-0.0940854
-0.0973264
-0.0714838
-0.14465
0.207395
-0.512636
-0.522899
-0.0178846
-0.0988584
-0.0538079
0.149393
-0.128476
-0.0710513
0.557423
-0.109955
-0.117394
0.122916
-0.49959
-0.0990545
-0.456259
-0.559324
-0.133627
-0.504508
-0.10344
-0.11621
-0.310142
-0.119422
-0.124926
0.841161
0.920004
-0.48102
-0.29632
2.084
-0.495987
-0.137976
-0.0814349
0.275174
-0.121457
-0.646223
0.202312
-0.0745585
-0.0660608
-0.0891112
-0.341515
-0.600728
-0.301217
-0.136339
1.05066
-0.114312
-0.519891
-0.557835
-0.282135
-0.103162
-0.134481
-0.519159
-0.163816
-0.616818
-0.185367
-0.216343
-0.400879
0.682266
0.576552
-0.543432
-0.693766
-0.0672895
-0.0748546
-0.0973485
-0.462891
0.528867
-0.0809429
-0.545833
-0.12525
1.10966
0.5801
-0.0649231
-0.0795795
-0.085818
-0.5595
0.977277
-0.567676
-0.0728588
-0.0817714
0.612953
0.888224
-0.0959989
-0.197674
-0.271801
-0.164661
-0.0616857
-0.155688
-0.132326
-0.253403
-0.125079
-0.0889096
-0.156596
-0.0648303
1.00743
-0.4064
-0.0838814
-0.097188
-0.0682564
-0.132022
-0.182329
-0.414487
-0.0980619
-0.619902
-0.0972872
-0.0844708
-0.105001
-0.140231
-0.578599
-0.139565
-0.219358
-0.170984
-0.0983903
-0.104411
1.49847
0.284079
-0.122547
-0.171792
1.03054
-0.322733
-0.0918807
-0.211062
-0.187125
-0.0878752
-0.103551
-0.0632534
-0.0970074
-0.498095
-0.168638
-0.110174
-0.283341
-0.112488
-0.110711
-0.585915
-0.077098
0.877205
0.75194
-0.26133
-0.0862982
-0.144076
-0.373335
-0.16756
-0.40802
-0.188051
-0.250127
1.12178
-0.117977
-0.0960051
-0.202117
-0.0769633
1.14402
-0.162353
-0.212486
-0.6944
-0.125265
-0.0833369
-0.349304
-0.112923
1.16044
-0.700562
-0.178462
-0.142008
-0.094765
0.642371
-0.197588
-0.669271
-0.448696
-0.133429
-0.456013
-0.0816735
-0.0944085
-0.144139
-0.0894299
0.642557
-0.101638
-0.0751524
0.832596
0.632609
-0.152497
-0.146909
-0.0909807
1.01203
-0.0843016
-0.0841461
-0.0816936
-0.107844
-0.0848427
0.909103
-0.0957382
-0.191301
0.505227
-0.079391
-0.464768
-0.0914944
-0.0857482
-0.163982
0.778908
-0.0943581
0.0295829
-0.176587
0.672685
-0.581185
-0.0954308
-0.0128942
-0.0796857
-0.149196
-0.128922
-0.091368
-0.496075
-0.105331
-0.0942065
-0.0876498
-0.739512
-0.0965768
-0.12232
-0.0735624
-0.137412
-0.0929047
-0.119046
-0.099364
-0.114947
-0.205875
0.111403
0.628794
-0.086435
-0.304047
0.55532
0.654395
-0.0888442
0.892303
0.313412
0.222998
0.130247
0.336603
0.243735
0.142699
-0.211992
-0.305572
-0.293289
-0.189638
1.41273
1.44554
-0.647514
-0.625468
-0.521944
-0.532669
-0.0909059
-0.330087
-0.118382
0.63296
0.565527
-0.519972
-0.0944454
0.397258
-0.161111
-0.108092
-0.0934399
-0.279456
-0.230134
0.336533
-0.744536
-0.119986
-0.535094
0.185169
-0.130239
-0.248988
-0.0926524
-0.138779
0.171568
-0.658463
-0.0936323
-0.152821
0.896814
0.516074
0.927953
1.17385
-0.282326
-0.425981
-0.149262
-0.179059
0.261724
-0.71241
0.508939
-0.193955
-0.129981
-0.181266
-0.605117
-0.807413
-0.325373
-0.227775
-0.486323
0.309292
-0.198952
-0.275528
-0.0902072
-0.398456
-0.133292
0.458238
-0.438258
-0.138962
-0.656411
-0.206765
1.11149
-0.54881
-0.408547
-0.159442
0.343724
0.685914
0.0828845
-0.349534
0.446015
0.949284
-0.0863732
-0.229805
-0.653101
-0.0867614
-0.38014
-0.221956
0.377885
-0.162522
-0.125963
-0.0890099
0.434211
-0.0625172
-0.185608
-0.171521
-0.311201
-0.485626
-0.0883911
-0.241112
-0.301002
0.461687
-0.0947972
-0.106622
0.666043
-0.389337
0.695686
1.0065
0.499132
0.58928
-0.1333
0.540975
-0.731312
-0.179339
-0.300608
-0.22493
-0.202977
-0.0916708
-0.767474
0.740233
-0.195885
0.569153
-0.205423
1.27303
-0.144912
-0.0889924
-0.143621
-0.269279
0.512179
-0.469357
0.233047
0.0453207
0.742071
0.178482
0.409334
0.291067
-0.17068
0.774911
-0.153963
-0.32814
-0.241752
0.0239354
0.355689
-0.285801
-0.0836778
-0.525692
0.467932
-0.124184
0.402056
-0.0995414
0.518178
-0.190962
-0.0789658
-0.531144
-0.550578
-0.159051
-0.544822
-0.329766
-0.216325
0.284956
-0.501481
-0.433399
0.141986
1.11407
-0.184257
0.0985918
-0.146841
-0.473157
-0.211693
-0.0934762
-0.357066
0.454449
0.502063
-0.48028
0.532109
-0.180344
-0.364193
-0.240953
-0.210245
-0.166542
0.630204
-0.10221
-0.182026
0.944606
0.773554
0.521988
-0.096564
-0.275451
-0.112559
-0.163613
0.250974
-0.185942
-0.264236
-0.086399
-0.595233
0.162369
-0.388647
-0.619212
-0.259327
0.923705
0.387842
-0.323925
-0.720384
0.936062
-0.151184
0.2781
-0.174894
0.430749
-0.186138
-0.084448
-0.121534
-0.580075
-0.504
-0.438325
-0.183407
-0.0907399
-0.212211
-0.1223
-0.249913
-0.240367
0.437316
0.808711
-0.170203
0.235203
-0.767123
-0.593647
-0.558122
-0.768609
-0.419668
0.694096
-0.281103
0.300837
-0.403774
0.655398
0.528817
-0.165371
0.544009
0.78912
-0.205409
-0.658174
0.460459
0.651779
-0.188394
-0.228133
-0.212067
-0.37852
0.698762
-0.144351
-0.14187
-0.270696
-0.0833803
-0.221549
-0.112081
-0.0847082
-0.125458
0.220972
-0.0833184
0.567435
0.0533899
-0.109061
0.692252
0.946114
-0.113722
-0.444335
0.634145
-0.5726
-0.350053
-0.757268
-0.0918506
-0.155861
0.599903
-0.130524
0.714407
-0.213277
-0.232655
-0.664865
0.176638
-0.0936656
-0.661932
-0.562262
-0.417206
-0.377224
-0.436005
-0.361664
-0.299103
-0.599807
-0.0810389
0.578921
-0.412798
0.636251
-0.625625
-0.257625
-0.264987
-0.684043
-0.312347
-0.597059
0.649004
-0.221973
-0.70821
0.45579
-0.714993
-0.268754
-0.285189
-0.137829
-0.25596
-0.815745
-0.270106
0.765459
0.5546
0.446034
-0.182284
0.816931
0.556147
0.476668
-0.285792
-0.271138
0.650444
-0.141967
0.527227
0.0141174
-0.750462
0.334212
0.240031
-0.53966
0.274274
-0.482688
-0.305698
-0.340476
-0.777647
0.122762
-0.365372
-0.0775733
0.515317
-0.742853
-0.765996
-0.119647
-0.562548
-0.237654
0.747004
0.273306
-0.539918
0.607821
-0.939021
-0.160961
0.486312
1.00075
-0.113357
-0.503316
-0.115602
-0.0842695
-0.234336
-0.356117
0.795832
0.264882
0.641314
0.325876
-0.254264
-0.610863
-0.41586
0.32902
-0.091225
-0.0314728
0.892021
-0.266245
-0.285512
-0.535976
-0.811902
-0.0814727
-0.247813
-0.215591
-0.269546
-0.250158
-0.373273
0.798478
-0.285178
-0.541988
0.592783
0.542534
-0.0778039
-0.507658
0.0907636
0.52913
-0.335194
-0.426091
-0.80981
-0.649756
-0.841559
-0.121899
-0.518664
0.168211
0.83926
-0.0759397
0.521379
-0.15033
-0.194244
1.04811
-0.222251
0.879595
-0.546522
1.2404
-0.013079
-0.151403
-0.387096
-0.293726
-0.816986
0.56684
-0.518524
-0.842988
-0.46651
0.608447
-0.717368
-0.412974
-0.541485
-0.495392
-0.363115
-0.236704
-0.23469
-0.198933
-0.483372
-0.345387
-0.859525
-0.506943
0.695401
-0.269039
-0.0999625
-0.31148
-0.123373
0.771081
0.60035
-0.888634
0.981276
-0.882484
-0.170105
-0.503524
0.851195
-0.0447667
-0.210321
1.60834
0.369337
0.90738
-0.622057
-0.0896362
-0.844275
-0.272758
-0.166917
-0.108292
-0.419206
-0.0697008
-0.230827
-0.248261
-0.159756
-0.257096
-0.818185
-0.461176
-0.0650584
-0.187913
0.66673
0.92221
-0.415554
0.298601
-0.397947
0.611288
-0.0760166
-0.0767599
-0.126837
-0.171725
-0.249584
-0.334976
0.566904
-0.240772
-0.8404
-0.400171
1.20618
-0.0775619
1.24771
-0.325869
0.345255
-0.82884
-0.095536
-0.569701
0.598287
0.772023
0.781483
0.501065
-0.519493
-0.456302
-0.0684828
-0.215444
-0.950524
-0.0885959
0.252759
-0.633444
-0.276346
-0.192009
-0.18102
-0.228112
0.612307
-0.343855
-0.197929
-0.183328
0.840617
0.621383
-0.665144
0.397893
0.623487
-0.688663
1.0621
-0.206748
-0.483345
0.603207
0.476882
0.553656
-0.565905
0.46734
0.666739
0.510504
0.593433
0.514751
-0.622588
-0.081074
-0.227713
-0.454317
-0.592352
0.475418
-0.727397
0.517661
0.880236
1.04171
0.608162
-0.405576
-0.0801839
-0.469999
-0.65452
-0.429146
-0.568862
0.607015
-0.525775
0.596092
0.757813
-0.804017
1.67969
-0.0794879
0.592824
0.371556
0.415244
-0.281832
0.530333
0.852156
-0.503876
-0.144318
0.35606
-0.16975
-0.74422
-0.340789
1.48672
1.3836
-0.683098
1.82845
-0.24724
-0.152413
-0.588511
0.0952837
0.881579
0.189586
1.13729
0.277266
0.373916
0.625761
-0.206037
-0.446664
0.718637
0.5774
-0.215365
-0.593111
0.624864
-0.0751602
-0.559821
-0.207534
-0.0754868
-0.268078
-0.131504
-0.470128
0.445363
0.87824
0.610328
0.717254
0.589788
-0.156738
0.770029
-0.548853
-0.459938
0.612348
-0.23415
-0.252639
-0.203621
-0.212099
0.982673
0.507603
0.73766
0.449934
0.625064
0.611996
0.873283
-0.301008
0.597973
-0.701723
0.409813
-0.398962
-0.596712
0.681358
-0.406386
-0.611009
0.808965
0.84541
-0.359873
-0.857373
0.858433
0.693705
-0.315127
1.10531
0.285756
-0.344946
-0.368305
-0.553299
-0.562737
-0.286366
0.666978
0.479235
0.473857
0.172868
-0.527569
-0.502842
-0.450965
0.304421
0.545113
-0.50671
-0.507631
0.82332
-0.519721
-0.407939
-0.1462
-0.43928
-0.362941
-0.183063
0.271984
1.52145
-0.378515
1.35342
0.0575041
1.09772
0.842016
0.586215
-0.189129
0.674943
-0.454001
0.571165
-0.325
-0.392305
0.484235
-0.350445
-0.0861602
-0.0798509
0.647564
-0.211024
-0.149456
0.26886
0.293247
1.89267
-0.471198
1.24291
-0.212988
-0.683482
-0.394374
-0.167908
0.182521
0.413473
-0.253371
0.0255391
-0.246825
-0.409668
0.596363
-0.402723
-0.368752
0.598669
-0.60058
1.7535
-0.761916
-0.453011
0.188112
-0.068838
-0.0708678
-0.492841
-0.891131
-0.0441772
1.02088
-0.510466
1.44216
-0.435538
0.0336739
0.880861
0.247799
0.943457
0.302913
0.551988
-0.450771
0.0740942
0.337085
0.651137
0.933314
0.0969255
0.0212134
-0.229613
-0.310887
-0.486166
-0.366381
0.23012
-0.397153
-0.545608
0.584803
0.581816
0.453224
-0.372109
-0.432593
0.249121
-0.299388
-0.56734
0.415051
-0.502728
-0.519934
-0.497887
-0.254083
0.407311
-0.626314
-0.0929811
-0.574489
-0.0242498
-0.073106
0.579693
-0.473888
0.537816
-0.135131
-0.493048
-0.501127
-0.816885
0.332608
0.733481
0.555961
-0.420045
-0.730735
-0.686955
-0.456121
-0.750009
-0.0852338
-0.0683481
-0.761356
-0.55969
-0.505681
-0.661155
0.914258
-0.0869427
-0.252849
0.567273
-0.673418
-0.488108
-0.47687
0.629641
-0.240786
-0.746578
0.160319
-0.503544
-0.798217
-0.437943
0.562024
0.117883
-0.106039
-0.774873
-0.382965
0.673945
0.442733
-0.153273
-0.0582057
-0.298827
-0.185876
-0.753013
-0.162306
0.788082
0.608467
-0.527745
-0.0416496
-0.146142
-0.0212502
-0.460201
-0.11167
-0.469166
-0.389707
-0.198276
-0.378305
-0.102596
0.464708
0.355242
-0.525699
-0.0527536
-0.187405
-0.812673
-0.341439
-0.338645
-0.533963
-0.25686
-0.0893216
-0.167992
0.852175
-0.876587
-0.408391
-0.77005
-0.152215
-0.867878
-0.855054
-0.326043
0.441203
-0.514497
-0.361734
0.45084
0.562548
-0.198373
-0.300979
0.0108275
-0.239314
-0.470717
-0.462159
-0.268875
-0.458087
-0.419006
-0.248524
-0.0877122
-0.504062
-0.193073
-0.882375
-0.886019
-0.58576
0.646702
0.76728
0.492044
-0.667468
-0.044405
-0.315796
-0.263424
-0.826677
-0.50752
0.755303
-0.418694
-0.374943
-0.0855078
-0.0589662
0.548553
-0.809556
-0.301409
-0.929911
-0.195999
-0.0254743
-0.0133534
-0.483711
-0.0624216
-0.481196
0.680441
-0.174239
-0.0587609
0.496769
-0.0524662
0.738343
-0.0771545
0.485312
-0.157116
0.535914
-0.691398
0.132501
-0.182591
-0.853112
-0.41259
-0.0758539
-0.544628
-0.646261
0.67324
-0.829207
-0.560992
-0.258356
0.819431
0.251132
0.589128
-0.227521
-0.202034
-0.437672
-0.22312
0.594113
-0.117484
-0.491888
0.189861
0.242
-0.220792
-0.249547
0.768503
-0.896419
-0.451848
-0.164404
-0.285246
-0.205342
-0.0726205
-0.244874
0.786265
0.768526
0.55174
-0.453544
-0.705641
0.88315
-0.710962
-0.567669
-0.650883
-0.800239
-0.658793
0.994379
-0.421267
-0.182101
-0.456914
1.26271
0.560872
-0.756162
0.411229
1.31038
-0.529157
-0.742872
0.631598
-0.11566
-0.539253
0.0261885
0.823849
-0.450502
-0.133153
-0.159738
-0.19371
0.195584
-0.481245
-0.552631
0.535434
0.93256
-0.433211
-0.323397
-0.447251
0.371961
0.446016
-0.770204
-0.65265
0.667297
-0.507081
1.29025
-0.540979
0.565654
-0.155516
0.447301
-0.433007
0.369555
0.726857
-0.853816
0.828545
-0.0831099
-0.438976
0.299156
-0.327152
-0.403067
-0.740611
-0.812817
0.470938
-0.47903
0.880791
-0.685724
0.153769
0.86965
-0.439786
1.32449
-0.0682356
0.833386
0.71073
-0.730983
-0.56214
-0.52829
-0.184886
-0.0432113
0.137213
-0.58686
0.518687
0.995783
-0.459883
0.559323
0.0225528
0.935229
-0.128965
-0.539349
0.80048
-0.0823226
-0.668434
-0.349642
0.56914
-0.187494
-0.569053
0.579065
-0.600885
0.461144
-0.0817879
-0.000587426
-0.564321
0.833346
-0.186032
0.379976
0.334885
-0.285536
-0.42929
1.96566
-0.378188
-0.583867
0.0395691
-0.601544
0.833231
-0.173365
0.553761
0.519458
-0.382851
-0.662518
-0.742302
0.761067
-0.224561
-0.123193
-0.17616
0.561854
-0.159594
-0.317839
-0.297515
-0.216774
1.5751
-0.0833261
-0.542738
-0.804237
-0.133639
-0.191077
0.41584
-0.154246
1.21716
-0.552467
-0.248349
-0.0762934
0.772545
1.21001
-0.310587
-0.386346
-0.576803
0.548706
-0.0802673
-0.498955
-0.493493
0.518498
-0.228684
0.471333
0.717654
0.700891
0.730828
-0.641672
-0.324543
-0.218563
0.425842
2.75952
-0.519889
1.27197
-0.38188
-0.704752
-0.213788
0.394561
-0.162601
-0.412744
2.08221
0.849346
1.96189
-0.232693
-0.399779
-0.270256
-0.532933
-1.09635
-0.663276
0.123693
-0.226875
1.4923
0.344152
-0.747731
0.477613
-0.140936
-0.312367
0.209818
0.255395
0.0879601
0.299789
-0.182227
0.517748
-0.00822795
-0.786062
-0.618311
1.41812
1.72306
-0.0485758
1.54337
0.385368
0.429394
0.165838
-0.484591
1.67536
1.88602
1.80183
1.58757
-0.444248
-0.348041
0.64516
0.608364
-0.0969245
0.685436
-0.576951
-0.985053
-0.838876
0.0362292
1.02952
0.941258
-0.705146
1.12014
-1.55264
1.1973
1.15662
1.62793
0.773673
0.989488
0.864186
0.817277
1.84545
1.28548
0.900991
0.73364
0.561488
1.76098
1.24565
1.07313
1.45919
-0.730338
-0.587052
0.409689
0.572491
0.0203427
1.86014
-0.368225
-0.501983
-0.312838
-0.348089
-0.517692
-0.583332
0.484925
-0.683626
0.357069
0.444547
1.55351
-0.246226
0.255337
1.11823
-0.533006
0.312828
0.0686824
-0.226923
0.492728
0.204143
0.527792
0.126816
-0.532832
-0.505903
0.572595
0.0904821
0.455981
0.233329
-0.0756748
-0.526646
0.204176
-0.334196
-0.17529
-0.0830581
1.24766
0.0669771
-0.196163
0.00877983
-1.06433
-0.213536
1.33327
1.35958
-0.0227411
-0.127718
0.767366
0.51285
-0.505628
-0.573418
-0.299694
-0.635829
-0.0144329
1.01931
-0.741645
0.816631
1.54436
0.505861
-0.265256
-0.284578
-0.0563803
-0.391751
-0.253194
-0.627937
-0.171627
0.735868
0.161086
-0.661494
-0.208316
0.495458
-0.45764
-0.357128
-0.555116
-0.131262
-0.0683591
1.48576
-0.610593
0.695257
-0.168135
-0.077434
0.45918
0.78166
-0.268397
-0.426827
-0.179985
-0.0818189
-0.396795
0.101287
-0.482146
-0.573073
-0.21652
-0.173171
0.481754
-0.30647
-0.359449
0.548004
-0.418776
-0.453723
-0.146736
1.03593
-0.290974
-0.812498
0.826051
1.0001
-0.17981
-0.872702
0.274581
-0.570457
0.941244
1.30812
-0.427593
1.10059
0.915201
0.42624
0.115043
0.212456
-0.189241
-0.0811986
-0.0746226
-0.446485
-0.516254
-0.181903
-0.773248
0.720581
-0.281775
-0.232642
0.788784
0.737566
-0.575583
-0.0757114
-0.172383
0.410139
0.660119
-0.116085
-0.552082
1.17261
0.915942
-0.705776
-0.257488
-0.249974
0.582244
-0.543864
0.545302
0.627531
-0.110983
1.30823
-0.485555
-0.183109
-0.432867
-0.148233
-0.383001
-0.226397
0.625934
0.322259
-0.115434
-0.0819745
0.407172
-0.264409
-0.392304
-0.231018
1.7772
0.0358682
0.880367
1.35847
-0.652825
-0.137194
-0.125829
-0.517683
-0.430926
0.0438909
-0.368603
0.199142
-0.492179
-0.370571
0.943117
-0.493097
-0.155867
-0.730702
-0.081681
-0.188238
0.259852
-0.799583
0.930051
-0.444043
-0.674435
0.699306
0.236377
-0.529394
-0.200336
-0.476111
-0.517703
0.520871
-0.733587
-0.828469
-0.320265
-0.547003
-0.437059
0.0671082
-0.502987
-0.731048
-0.440704
-0.426957
0.00337718
-0.171794
0.802222
-0.189741
-0.320173
1.21045
0.678193
-0.0705993
-0.206502
1.36443
0.52349
-0.141435
-0.165373
1.41871
-0.836071
0.909228
0.0986661
-0.179149
-0.492782
0.272868
-0.614904
0.644488
-0.0795596
-0.453039
-0.752762
-0.34575
-0.423983
-0.0699607
0.828939
0.480152
0.156668
-0.57163
1.1754
-0.810576
-0.525493
-0.810413
1.04645
-1.08681
0.34427
1.81379
-0.833789
-0.537545
-0.567971
-0.462364
-0.435563
-0.789554
-0.478303
0.783495
-0.060804
-0.19431
0.957571
0.768719
-0.0793423
-0.0811568
1.53215
-0.549508
0.0153418
0.642904
-0.402295
-0.155999
-0.5397
-0.602856
0.707798
-0.509942
0.401724
-0.655467
-0.362534
-0.269355
-0.426537
0.816409
0.0305465
-0.350036
-0.35021
0.394206
-0.495079
-0.424902
0.856456
-0.199409
-0.443317
-0.573663
-0.877532
0.420089
0.840256
-0.241708
-0.347157
-0.693806
0.807677
-0.362066
-0.329955
-0.98394
-0.321736
0.526734
0.492659
-0.604555
-0.404598
0.256708
-0.572799
-0.122403
-0.0693019
0.756702
-0.140055
1.37292
-0.538089
-0.308792
0.489396
-0.0625788
-0.44414
-0.376644
-0.789087
0.831025
0.365351
0.850872
0.405815
-0.810488
-0.577756
0.466351
0.752184
0.41708
-0.599681
0.479226
-0.402997
-0.116169
-0.638535
0.391598
-0.361451
-0.841435
0.27595
0.462844
-0.540624
-0.717155
1.13725
-0.490942
0.760297
0.483225
0.343536
-0.900242
0.449275
-0.078551
0.504593
0.088409
-0.366786
-0.856648
-0.263252
0.48538
-0.0832234
0.556441
-0.0785583
0.895662
0.930589
-0.154618
0.509809
-0.205913
0.587883
0.578015
-0.348234
-0.160442
-0.253483
0.328336
0.857064
-0.27289
-0.358966
-0.424002
0.0434208
-1.39344
0.24658
-0.0712169
0.370094
-0.0652378
-0.166261
-0.655918
-0.506516
0.361965
-0.102442
0.928946
-0.0602669
1.09607
-0.00198855
-0.688612
0.448097
-0.247614
0.822031
2.21923
0.486954
0.47576
0.207286
1.45413
0.652417
2.02206
1.91324
-0.296005
0.140058
-0.199565
-0.413395
-0.251951
-0.387948
-1.22458
-0.635666
0.359588
0.27363
-0.538228
-0.522921
0.439338
0.326939
0.236992
-0.727572
0.111876
0.495056
-0.324129
1.68452
1.55681
0.184277
-0.166704
0.548216
1.53192
-0.102203
-0.0869176
-0.825433
-0.467192
-0.689331
0.0480725
0.4241
0.0226096
-0.0311802
-1.02729
-0.763014
1.88196
1.46844
1.77459
1.61043
0.624585
1.66548
0.679107
-0.602711
1.75
0.695598
1.05989
1.81765
0.804029
1.1905
0.951427
0.934924
1.13636
1.44379
1.00673
0.573553
0.829359
0.880407
1.20768
1.2636
0.750891
1.08519
-0.149824
1.24046
-0.812817
-0.189139
0.876745
-0.688402
-0.201289
-0.689175
-0.17575
-0.121925
-0.558548
-0.0790067
-0.590905
-0.254153
-0.0783551
-1.13337
-0.512236
-0.672139
-0.125261
-0.174445
-0.657316
-0.2517
0.197802
-0.234711
-0.245639
-0.672454
0.0956411
0.457652
-0.144946
-0.62056
-0.548114
-0.474873
-0.0858439
-0.467401
0.666575
-0.797103
0.790599
-0.302831
-0.61524
0.789665
-0.140671
-0.359371
-0.470247
0.307845
0.809662
0.0494867
-0.848668
0.355168
0.38216
1.38836
-0.121849
-0.655318
1.77352
-0.738297
-0.915694
0.848237
-0.191355
0.486521
0.619512
-0.529398
-0.145943
-0.694437
1.8669
-0.235163
-0.654397
-0.513237
-0.787491
0.879015
0.361366
-0.801126
-0.931117
-0.93639
-0.542943
-0.748999
-0.521714
0.640584
-0.177238
-0.726056
-0.636344
1.44767
-0.29347
-0.200027
0.142823
0.238185
0.326315
1.49357
0.624881
0.304641
-0.921924
-0.762912
-0.352919
0.755474
-0.614919
0.204709
-0.621015
0.393378
0.771196
-0.213531
0.502889
-0.212368
-0.841876
-0.488966
-0.542306
1.16887
-0.0670252
0.0699161
-0.198073
-0.153641
-0.703995
-0.0781822
-0.498246
1.16212
0.525891
0.852687
-0.567987
0.0417876
-0.586763
0.512504
0.496909
-0.287197
-0.135729
-0.0826946
0.110623
-0.524391
0.0976102
-0.85068
0.509506
-0.919957
-0.461036
-0.486972
-0.825644
-0.518141
-0.41788
-0.0846479
-0.46381
0.437009
1.62147
-0.578736
-0.515558
-0.51898
-0.631655
-0.0782115
-0.542877
0.0686544
-0.202139
-0.549807
-0.839819
-0.698437
-0.72641
1.67137
0.725657
1.06647
-0.256319
1.70532
-0.13453
-0.198041
-0.723776
1.77803
-0.555415
-0.626858
0.319642
-0.688829
0.064608
-0.15443
0.100374
0.418526
0.11659
-0.40775
-0.070042
-0.733259
-0.774437
-0.50972
-0.492402
0.346212
1.8076
0.0701254
1.70127
-0.530814
-0.329217
0.0139346
-0.91794
-0.307285
0.0760331
0.035092
-0.606116
)
;

boundaryField
{
    frontAndBack
    {
        type            empty;
    }
    bottom
    {
        type            zeroGradient;
    }
    inlet
    {
        type            zeroGradient;
    }
    top
    {
        type            zeroGradient;
    }
    outlet
    {
        type            fixedValue;
        value           uniform 0;
    }
    car
    {
        type            zeroGradient;
    }
}


// ************************************************************************* //
