/*--------------------------------*- C++ -*----------------------------------*\
  =========                 |
  \\      /  F ield         | OpenFOAM: The Open Source CFD Toolbox
   \\    /   O peration     | Website:  https://openfoam.org
    \\  /    A nd           | Version:  7
     \\/     M anipulation  |
\*---------------------------------------------------------------------------*/
FoamFile
{
    version     2.0;
    format      ascii;
    class       volScalarField;
    location    "28";
    object      p;
}
// * * * * * * * * * * * * * * * * * * * * * * * * * * * * * * * * * * * * * //

dimensions      [0 2 -2 0 0 0 0];

internalField   nonuniform List<scalar> 
7639
(
0.207717
-0.0031593
0.417757
0.25078
-0.00121601
-5.26516e-05
0.425838
-0.00731145
-0.000170312
0.104564
-4.93854e-05
0.00333314
-0.010902
0.0515758
0.109054
-0.0144397
0.221551
-0.0141507
0.00137196
-0.0636323
0.0678139
0.00219281
0.0378246
0.206657
-0.0183206
0.223262
-0.00112378
0.0637704
0.172023
0.00329647
-0.0194136
0.677532
0.037137
-0.000682301
-0.000147976
0.0854197
0.00377014
0.410294
-0.00622525
-0.000477403
-0.00569995
-0.0138502
-0.065511
-0.0677136
-0.000284722
-0.000115786
0.00214868
-0.00644409
-9.56872e-05
-0.0631801
0.00501886
0.0603951
-0.0229845
-0.00440398
0.0844572
-0.00653062
0.00150326
-0.00729654
-0.0295922
-0.000709859
5.67175e-05
0.00643177
0.0519395
0.00368169
-0.00136276
-0.0190547
-0.000136318
5.72375e-06
0.00232692
-0.00605492
-0.000106297
-0.0510663
-0.0177394
-0.0295312
-0.0137116
-0.0414938
0.41044
0.066609
0.0420282
-0.0551475
-0.0104637
0.379357
0.0969243
-0.0309449
-0.0020263
-0.00319262
-0.00781537
-0.0223254
-0.000923602
-0.00618345
0.176083
-0.092857
-0.000188616
0.00159653
-0.00492775
-0.0305346
-0.0486
-0.00152762
-0.00223272
-0.00162259
-0.0497814
0.048952
-0.00467402
-2.82757e-05
-0.0927591
0.177291
0.583204
-0.00694326
-7.52373e-07
0.0335302
0.234444
-0.0441791
-2.10304e-06
0.0355333
0.178403
0.000641782
-0.0603546
0.14127
-0.0371508
-0.0302869
-0.0515595
0.360842
-0.062955
0.0140783
-0.0503305
-0.00135951
-0.0175465
0.00267147
-0.00144013
-0.0196014
-0.137316
0.0448061
-0.000854623
-0.00108815
-0.0319838
0.227435
0.459368
-2.44217e-05
0.0112344
-0.0636997
-0.0280105
-0.0444718
-0.0419156
-0.028423
0.589325
-0.019425
0.172987
-0.0289506
-0.0383845
0.359701
0.0814509
-0.0783185
-0.00212394
-0.0214246
0.0967986
0.3745
-0.0474181
-0.010854
0.54417
-8.67179e-05
0.000722622
0.21461
-2.6508e-05
-0.00292501
-0.00554346
0.271941
0.272766
0.566733
-0.00330543
-0.00432534
6.62164e-06
-0.0532456
0.000634017
0.00314134
0.0122212
-0.0379399
-0.0727107
0.0956527
-0.000187527
-0.000715873
0.254331
-8.64283e-05
-0.000159252
0.426717
-0.00866132
-0.0364898
-0.0350673
-0.0280613
-0.0223315
-0.0623644
-2.90539e-05
-0.0470789
0.0966749
-0.00471833
0.000104394
0.163705
-0.00175818
-0.0184545
-0.0212239
7.921e-06
0.00130155
0.23582
0.131374
0.379147
-0.0548915
-0.0404183
-0.0983825
0.0694581
0.234795
-0.00030529
5.02755e-05
0.549122
-0.0123047
-0.000887099
-0.0451192
-0.0183668
0.335689
0.345825
-0.048554
0.641795
-0.00163096
-0.0138697
-0.050958
0.082688
-0.07943
0.156968
0.545963
9.13112e-05
0.014793
0.151337
-0.00586939
0.137471
-0.000783117
0.607923
0.366929
-0.00775731
0.00393131
-0.000443006
0.046638
-0.000135677
-0.00902768
-0.060629
-0.000105898
-0.00192714
-0.000619988
0.138543
-2.66228e-05
-0.00641635
-0.0538765
0.677128
0.0382349
0.592079
-6.5136e-05
-0.0234682
-0.000270862
0.394492
0.00616582
0.460515
0.00186638
0.00109718
0.00388007
0.0727383
0.000871756
-0.000332249
0.000770527
-0.0061901
-0.0372881
-6.08366e-05
-0.0458937
-0.00528347
-0.000207236
-0.000917917
0.437793
-0.010874
-0.00112057
0.644706
-0.00211793
0.225894
-0.000301913
-0.000159508
1.12627e-05
-0.0334004
0.0794604
-0.0703739
-0.0298947
-0.00060313
-0.0567564
-0.0209444
-0.00026288
0.000749021
-0.00317997
-0.0105055
0.00450185
-0.00181115
-0.0296234
-0.0330515
-0.0292176
-0.058297
-0.0364343
0.352877
0.370801
-0.00218058
-0.113297
-1.05466e-05
-0.00347359
-0.0306373
0.20084
0.108956
0.000144359
-0.00320652
-0.0354668
0.157602
-0.00146291
0.005496
0.00185794
0.000343917
-0.12484
0.319295
-0.00233067
-0.00681433
-0.000168287
0.00616713
-7.73101e-05
-0.023674
-0.000508773
0.00545545
-0.157995
-0.0369654
0.00183976
0.0133795
-0.00108371
0.0284157
-0.01094
0.0637802
0.145076
-0.123231
-0.0661004
-0.0214437
0.00781801
-0.0591586
0.578861
-0.0595763
0.0442698
0.629007
-0.00224914
-0.00255651
-0.0779653
-0.00160499
-0.0164121
0.00969853
-0.00408745
-0.00304535
0.158632
-0.000100722
0.000836014
0.000116287
-0.00495661
-0.0101431
-1.27347e-05
-0.00161283
-0.0284355
0.542942
0.00271587
-0.012055
0.50665
0.315033
0.0567279
-0.104267
-0.0536957
0.00754218
0.261611
-0.0152834
0.279502
-0.0259586
-0.0726909
0.1407
0.278825
-0.0432281
0.101696
0.144886
0.243434
0.0675103
-0.00443831
-0.00611839
-0.000130291
0.00280291
-0.0155799
0.00145601
-0.000158589
-0.00236818
-0.0562148
0.0432327
-0.0225737
-0.00416894
-0.00550506
-0.00725418
-0.0100102
0.00256463
0.108954
-0.00275799
-3.23666e-05
-8.20909e-05
7.2852e-05
-0.0270688
0.154171
-0.00581988
0.0411163
-0.0863312
0.401631
0.0048831
0.0102912
-0.00738596
0.421491
-0.00156104
0.311733
0.1771
-0.000173193
-0.0278958
-0.00478975
-0.0429373
0.000859099
0.0659661
0.00443152
0.00954402
-0.00126176
0.122419
0.163
-0.04216
-0.0286284
-0.0033771
-0.0231835
-0.0108041
0.665489
-0.0551906
0.00678495
-1.18693e-06
-0.0178906
-0.0033321
0.0260145
-0.0717572
-0.112459
0.435939
0.143268
-0.0910735
0.171224
0.411005
0.041568
0.00179406
0.266279
-0.00133854
-0.000273339
-0.0229289
0.000131437
-0.105919
-0.00101892
-0.0304112
0.00288196
0.173591
-0.00261339
-3.54687e-05
-0.0762089
0.00261498
0.00574569
-0.0481206
-0.062511
-0.117501
0.153419
0.126018
0.129745
-0.000306205
0.0318082
0.0700921
-0.00078446
-0.0217749
0.000922124
0.00737182
-0.00483943
0.0072091
-0.00115621
0.0538428
-2.89394e-05
0.000300644
0.00298773
-0.027994
0.0301329
-0.0287196
-0.0323907
-0.0342046
-0.0872926
0.00733339
0.255142
-0.13181
-0.00935791
0.615673
-0.0478728
-0.0106247
-0.0324471
-0.00894032
-0.0264236
-0.0138906
0.0398952
-0.0674836
-3.82533e-05
0.0350757
-0.000143139
0.361698
0.000795834
-0.00694539
-0.0185562
-0.000281227
0.381493
0.313181
0.0146224
0.0324464
-0.0509504
0.475388
-9.34343e-05
0.0196058
-0.0233446
0.107011
0.57158
-0.0224904
0.140601
-0.00297293
-0.000303451
0.0209182
-0.127241
0.399979
0.0100312
0.220972
-0.00986609
0.411582
0.295608
-0.0123866
-0.0105557
0.00946408
-0.0634813
-0.000126087
-0.0171627
-0.0613998
-0.0535221
0.0167701
0.0137682
-0.000187629
0.313883
-0.00177916
-0.000153829
-0.0293879
-0.000729945
-0.00033297
0.00468612
0.200055
-0.0684637
0.530065
9.35205e-05
0.193845
-0.0236281
-0.000112317
2.71716e-05
0.169281
0.197462
-0.00573109
0.18219
3.83902e-05
0.192073
-0.122437
-0.0129518
0.433682
-0.043293
0.0259395
-0.0311278
0.187066
0.190733
-0.0211095
-0.0264789
-0.00844625
-0.00404654
-0.000297092
-0.00192837
0.261348
-4.00754e-05
0.187559
-0.067516
0.33951
0.1783
-0.0625643
0.512741
-0.00229222
0.00520434
-0.0450682
-0.0252993
-0.00891785
-0.0264028
0.0315724
0.607271
6.37065e-05
-0.00269837
-0.0426005
9.17973e-06
0.368469
0.00265731
8.71769e-06
0.000286663
0.000568546
-0.0225238
0.0250172
-0.00217764
-0.000126089
-0.00944348
0.00317574
-0.0771095
-0.0577528
0.0307691
-3.21541e-05
-0.10607
-0.01678
0.0262742
0.336817
0.00162708
0.0529566
0.000227341
-0.0160978
0.0943723
-0.00894789
0.211356
-0.0165176
0.022692
0.0979454
0.137906
0.00590823
-0.0132575
0.143082
-0.062321
0.400662
-0.0119839
0.232869
-0.0119084
-0.00162861
0.133909
-0.000377602
0.0892394
0.0027392
7.57567e-06
-0.0819311
0.104761
0.00206001
0.0338707
-0.0157088
-0.104388
-0.00191199
-0.0297067
-0.00234787
-0.0113278
-0.0549148
-0.0332142
-0.012533
-0.00021265
0.426639
0.0566446
0.0406484
-0.000284726
0.296285
6.18339e-06
-0.000262335
0.0732483
0.000654384
0.0822849
0.0626311
0.023642
-0.0471849
-0.0886887
-0.104603
0.00189334
-0.0469844
-2.6815e-05
0.00505109
0.203201
-0.0201714
-0.00387508
-0.0127271
-0.00273171
-0.000578876
0.631536
-0.0126413
-0.000778592
-8.18067e-06
0.140008
-0.0350719
-0.000467365
-0.0038321
0.162152
0.074409
-0.0426146
2.26749e-06
0.181704
-0.0201247
0.165828
0.0235492
0.0289635
-0.0349781
-0.000135965
0.0955893
0.0645389
-0.0758974
-0.0633322
0.264724
0.00873986
0.133653
-0.00389473
-0.0279415
-0.000556941
-0.00272737
-0.000151105
0.154157
0.194624
-0.00207513
0.0262395
-0.0213072
-0.0529969
-0.0581887
-0.00258382
0.017966
0.599389
-0.0733775
-7.82397e-05
0.0754006
-0.00530958
0.506998
-0.0155749
-0.0156435
-0.00583129
-0.0179913
-0.00966594
-0.0100315
-0.00497348
0.00210947
0.0245564
0.000153777
-0.135492
-0.0641308
0.342958
-0.041078
0.0936741
0.00292159
-0.0452108
-0.0174076
0.211047
-0.00947754
0.000154694
-0.0197429
-0.00734173
0.0213054
-0.0318223
-0.0275549
-0.0445634
-0.0180913
-0.00966022
-0.0571436
8.20238e-06
0.0374396
-0.0501775
0.0706352
-0.0545988
0.0890363
-0.0640392
0.291978
0.00281286
-0.0360694
-0.0200223
0.538521
-0.110755
-0.0162879
-0.0819055
-0.035021
-0.0767572
-0.0479228
0.137599
-0.0038566
0.254664
0.0125409
-0.000556223
-0.00172807
0.0672274
0.684614
0.00144858
-0.0243581
0.170106
3.24898e-05
-0.0253909
0.0375653
-0.0106453
0.0127221
-0.00229797
-0.0336897
-0.00433019
4.14696e-05
-0.0413053
0.233162
0.000868145
-0.0204958
0.00269508
0.169311
-0.000540756
-0.00174107
-0.000508011
-0.00110997
-0.0529486
-0.000473117
0.00339458
-0.0219935
6.42463e-05
-0.0865576
-0.1278
-0.0944804
-0.0197774
0.0206778
-0.000301411
-0.0161715
-0.0528968
-0.0551638
0.342812
-0.00179158
-0.05651
-0.00651952
0.00590854
0.10631
0.000629065
-0.000222842
0.0133306
-0.0552572
0.0200217
-0.00411577
-0.00288797
-0.0491038
-0.000249296
-0.00288099
-0.0166515
0.29424
0.226908
-0.0402578
-0.0489215
0.0103154
0.00416686
-0.0464136
-0.0556454
-0.0164563
-5.55244e-07
-0.0396491
-0.0299733
-0.060223
0.00356152
-0.0455583
-0.000565545
-0.00415616
0.182343
-0.0336526
-5.89698e-06
-0.00391169
-0.10005
-0.000235704
-0.0206437
-7.1286e-05
0.00519048
-0.0754101
-0.038506
-3.08678e-05
4.36436e-05
0.120828
-0.0417232
0.38498
0.223655
-0.0328419
-0.000839926
-0.0156436
0.000311211
-0.129038
-0.0717518
-0.0966707
-0.0199747
0.199331
0.00976583
0.000385895
0.0063229
-0.0938475
0.00276994
-0.0254353
-0.0513324
0.000888623
0.0223272
0.0670384
0.00888928
-0.0272396
-0.0623054
0.178852
-0.0306061
-3.93088e-07
-0.0812107
-0.0545637
-0.0365515
0.00500265
0.00107162
0.00766393
-0.0746117
0.0321636
-0.0315165
0.0745455
-0.0429994
0.00737124
0.0194846
0.0111792
-0.0321224
-0.116822
-0.000145535
0.138643
0.197843
0.00814516
0.117201
-0.0593197
0.0447166
-0.041883
0.188859
0.0939592
0.591815
6.30205e-06
0.0845728
0.159072
0.0153485
-0.00159128
-0.0173009
-0.0531491
6.05976e-05
-0.0173112
-0.0437633
-0.0188902
-0.0208152
0.000184758
-0.110399
-0.000406934
-0.00094539
0.230146
0.00650414
-0.0486312
0.0202448
0.196956
0.0105387
-0.000431311
-0.0960451
0.00800912
0.362144
0.00137376
-0.0455012
-0.000243063
-0.000598457
0.00656882
-0.0502329
-3.42309e-05
-0.0105291
0.0279087
-0.00208732
4.35264e-05
-5.12551e-05
0.142724
-0.0479396
0.00691851
-0.00119076
0.00876255
0.0161169
0.00857061
-0.000316567
0.317952
-0.0867653
0.20874
0.264301
-0.000228835
-0.0533465
0.0844549
-0.0008318
-0.000287846
-0.00046588
-0.027128
0.012285
-0.0127268
-0.0201407
-0.0544831
0.157518
-0.0806344
1.3765e-05
-0.0183457
-0.0177296
-0.0325109
-0.00450384
0.00612416
0.00132803
0.0279778
-0.000554939
-0.000253188
-0.016536
-0.00443772
-0.0232992
-1.68822e-05
-0.0141388
0.033179
-0.0318173
-0.0332865
-0.00839777
-0.0112776
-0.00885743
-0.00534507
0.00609737
-0.00914642
-0.000113102
-0.00043298
0.0227615
-0.0117181
-0.00506781
0.00859389
0.00240062
-0.092094
-0.010673
0.146117
-0.0120535
-0.0466376
-0.0233368
-0.0213082
-0.0148048
-0.00387138
0.00232983
-0.00363248
-0.0133299
-0.0152776
0.166917
0.121248
0.0415516
0.334223
-7.74345e-05
-0.00344043
-0.0155635
-0.00789028
0.0469408
-0.0190647
0.0354827
-0.00445832
0.173316
-0.00201091
-0.00168822
0.0100375
-0.0184511
-0.000233573
-0.0211045
-0.00600697
-0.0195887
-2.14245e-05
-0.00675479
0.00207958
-0.0166022
0.0284739
0.0353804
0.0192841
-0.0133368
-0.029058
0.108299
-0.00132898
-0.00203071
-0.00218502
0.50111
-9.38847e-05
0.0593236
-0.0199284
-0.0192381
-0.0245272
-0.0375938
-0.0265599
-0.0314122
-0.0173332
-0.00470496
-0.000103846
-0.00437855
-0.0203864
0.0921772
0.00176581
0.0745795
-0.0302494
-0.0126619
-0.000954745
-0.0267613
-0.000109345
0.137772
-0.0279029
-0.0243568
-0.0222943
-0.00410725
-0.030538
-0.00173779
-0.0368056
0.09543
-0.0240272
-0.0609211
-0.00151195
-0.0250508
-0.0174372
0.0156365
-0.00332406
0.132618
-0.0024721
-0.0180282
-0.000703465
0.149514
-0.0354169
-0.0245569
-0.00333619
-0.00945699
-0.00283732
0.14708
-0.00362398
0.117297
-0.00499098
-0.000849609
-0.00130344
-0.00239962
0.0924126
-0.0530436
-0.0069011
0.000356667
-0.00794686
-0.0130296
-0.00093794
-0.0150055
-0.0148865
0.0551485
-0.00504834
0.00378953
0.494395
-0.0540369
-0.0265845
-0.0507804
3.70731e-05
0.0717456
-0.00363028
-0.0249161
-0.00570638
-0.032624
0.00424656
-0.000557461
-0.00298119
0.00339002
0.188303
-0.0059375
-0.0018442
-0.00473275
-0.0475937
-0.00835132
-0.0207045
0.00442169
-0.00874016
-0.00901178
-0.00335927
0.189613
-0.0413584
0.00333002
-0.00432737
-0.0255512
-0.0137681
-0.0441469
-0.00145247
0.0853178
0.0229183
-0.00789801
-0.00178579
-0.0133423
0.515102
0.18975
-0.0111855
-0.000600311
-0.00245557
0.00122473
-0.004068
0.0210037
-0.000432444
-0.0167877
-0.00203097
-0.0163371
-0.144823
-0.00110244
-0.0115363
-0.00139768
0.306937
-0.00653089
-0.0115688
-0.0452347
-0.00198847
-0.0277323
-0.044648
0.447881
-0.0106478
-0.0112754
-0.00217903
-0.000483953
1.9645e-06
-4.11377e-06
-0.0100688
-0.000693522
0.0588345
-0.000696472
-0.00186979
0.00836488
-0.000268418
-0.0399577
-0.0519315
0.0174792
0.0388377
0.0262406
-0.043249
-0.0408383
0.0842402
0.0665149
0.0902589
0.114539
-0.0127203
-0.000886026
-0.0059713
-0.057239
-0.0036038
-0.0146538
-0.0450136
0.296441
-0.0455831
-0.000501443
-3.08374e-05
-0.00151223
-1.42408e-07
0.00820243
-0.000581268
-0.00478117
-0.0426721
0.000566852
0.00268967
-0.000228001
0.0491752
-0.0149827
-0.0467866
-0.00125719
0.316171
0.222554
-0.00999816
-0.066265
-0.0259787
-0.0226442
-0.0140582
-0.00193039
-0.0652013
-0.0318262
-0.0384637
-0.11155
-5.23806e-05
0.161291
-0.0169252
-0.00956771
-0.0294874
0.0188741
-0.000552792
-0.00836179
-0.0014022
0.0116868
-0.00159093
0.117818
0.000366483
0.0102787
-0.000430817
-0.105385
0.00904706
-0.000794555
0.00416402
0.000424841
-0.0378496
0.0969736
0.000791215
-0.00148408
-0.000130632
-0.000597402
-0.000524762
-0.0530287
0.116598
-0.0355125
-0.000279904
0.00883049
-0.000476232
0.216559
-0.0522929
0.218784
-0.038693
-0.000467836
-0.00029806
-0.00732845
-0.00570324
-0.000655099
-1.91123e-05
0.024595
0.0284368
-0.000246231
-0.00034716
-0.0188178
-2.29652e-05
0.157394
-0.000958245
-0.0463275
-0.0181989
-0.00638951
-0.0485013
-0.0532247
0.141855
-0.0215157
-0.019249
-0.000328745
-0.0493512
-0.0196621
-0.0291581
0.0221357
0.339367
-0.00120662
-0.0515721
0.0110594
0.280771
0.0379411
-0.000124299
-0.00607487
-0.00412901
-0.00500729
-0.0421463
0.0756044
0.000186918
0.0141502
0.0030257
0.0561958
-0.000540663
-0.000127214
-0.091204
0.249643
-0.0477891
0.115294
-0.00131027
-0.000210258
-2.46788e-06
-0.0759311
-0.0372045
-0.000353874
0.0775971
0.0114108
-0.00539616
0.410224
-0.000408048
-0.00375724
-0.0513574
-0.0264739
-0.00233101
0.126396
-0.0552204
-0.000172479
0.0100572
-0.000181349
-0.000104743
0.119864
-0.00217237
-0.000470148
-0.0450008
-0.0230532
-0.00355344
-0.031727
0.00246601
-0.0214857
0.00169517
-0.00354902
-0.0556609
-0.0342893
0.0131283
-0.000920958
0.139506
0.196717
-0.0858255
0.00934815
0.0191561
-0.00433452
0.156522
0.0855433
-0.0257982
-0.000168776
0.00966461
-0.0478275
0.00879386
-0.0260463
-0.00215432
0.0342889
-0.025669
-0.000142545
-7.61438e-05
-0.0379794
-0.0243513
-0.0241407
0.00962006
-0.0243957
-0.0394441
-0.000159036
-0.00143127
-0.000215695
-0.0316544
-2.47563e-05
-0.0019768
-0.0431449
-0.082474
0.0389952
-0.0030316
0.00427566
-0.0201732
-0.0236854
-0.000133696
-0.0406623
0.0172119
0.147729
2.44232e-05
-0.000115683
0.150692
-0.00256713
-0.0728917
-0.0359993
0.00346626
0.000493379
-0.0576567
-0.0339372
0.15463
-0.0487128
-0.00150265
-0.00977731
-0.0464668
-0.000597797
-0.000249975
-0.000927187
-0.0312634
-0.0447825
0.087419
-0.000218354
0.518444
-0.0636667
0.000120402
-0.000998488
0.000259235
0.000296055
-1.46769e-05
0.000142989
-0.0459856
-0.000742711
0.000447048
-0.00020576
0.132013
-0.00575721
-0.000200612
-4.6027e-05
0.333322
-0.020299
-0.054595
0.00115755
-0.000746
0.0472614
-0.000101749
-0.0130064
-0.130037
0.00223517
-0.00661423
-0.000100054
-0.000214098
-0.0283197
-0.0562444
0.00738824
-0.104005
-0.0603142
-2.89159e-05
0.0214136
0.0322114
0.102181
-0.00175148
-0.000162351
-0.0491241
-0.0061065
-0.000514796
-0.0433057
-0.000142416
0.0322995
-9.16735e-05
-0.00129867
-0.0731091
-0.00217717
-0.050668
0.467148
-0.00168304
0.000283415
-0.0479855
-0.0483371
0.009252
0.00482676
-0.000156442
-0.0286735
-8.71655e-05
0.185773
0.640204
0.0335923
0.00311111
0.00368778
-1.90882e-05
-0.0259055
-5.93075e-05
-0.0074487
-0.00173181
0.000381082
-0.00339661
-0.00959298
-0.000126992
0.000891916
-0.00844091
-0.00032281
-0.0100002
-0.0157087
-0.00905859
-0.0011843
0.56819
-0.000712899
0.00249599
0.000251703
0.0140941
-0.0435717
0.00977215
-0.000183057
-0.000103128
0.00269737
-0.000113332
-2.98671e-05
-0.0115164
0.000715712
-2.47598e-05
-0.0448016
-0.00233839
-0.0486461
-0.00167261
-7.01861e-05
-0.00316115
-0.0094446
-0.0146075
-0.0229069
0.00237455
0.000535281
-0.000477917
-0.00198497
-8.17094e-05
0.263482
0.00159627
-2.02189e-05
0.000597494
-0.00206244
-0.000367144
-0.0545532
-0.0474517
-0.000134396
-0.00694238
1.39567e-05
-0.00270121
-7.56599e-05
0.0348618
-0.000144815
-0.000191717
-0.00362533
-2.38638e-05
0.0137376
-0.000231849
-0.00128079
0.0190448
1.27083e-05
0.371411
-0.0469031
-0.0372955
-2.56339e-05
-2.15849e-05
0.00191099
-0.00120134
-0.0453212
-1.74466e-05
-2.18949e-06
0.000759288
-3.11481e-06
0.000388908
0.000460938
-0.000468325
0.000807752
-0.0459752
0.481343
-0.0315516
0.324238
0.00921806
-0.016311
-1.88288e-05
-0.000893859
-0.0118824
0.000148264
0.000291767
0.000174697
0.0266645
-0.00138827
-0.000223184
0.500024
-0.000553346
0.000599203
0.000516059
-4.74275e-06
-0.0888052
-0.00220868
0.00116305
0.000129069
-0.000547029
-7.02237e-05
-0.00095886
-0.0392154
-0.000423881
-0.00164259
-1.59922e-06
-0.000598643
-0.000264896
0.182123
-0.000449196
-0.000279704
-0.0592099
0.00384618
-8.72257e-05
-0.00134834
-6.3008e-05
0.165145
-0.0623187
-0.000304099
-0.000393934
-0.00194095
-0.000160014
0.0532581
0.0958546
0.00539006
0.000520624
-7.00596e-06
-9.3696e-07
0.0445854
0.000260449
-0.0527164
-0.0239351
-0.015353
-0.1434
0.573814
0.00199827
0.164822
-0.0142176
-0.0269747
0.168068
-0.000363055
-0.056535
-1.29832e-05
-0.00880706
-0.0432557
5.66505e-05
-0.0443299
-0.000959175
-0.00910596
-0.00556569
-0.0381352
-0.0379587
-0.00324646
-0.0534553
-0.0391272
-0.000190344
-0.0117969
-5.30192e-05
-0.0339298
-2.85085e-05
-0.000189374
0.0115725
0.159231
-1.79398e-08
-0.0405675
0.00362647
7.79093e-05
-0.0201021
6.13612e-06
-0.0132031
-0.000263403
-0.0346346
0.000130897
-8.86687e-05
-0.00205416
-4.83891e-05
0.155001
-0.0281392
0.037892
-3.06146e-05
0.00064287
-0.0298073
8.63316e-07
-0.049949
-0.0571267
-0.0486172
0.523726
-0.00637857
-1.78611e-05
0.0258093
-0.0374094
-0.00257404
-2.5271e-05
-8.69441e-05
-0.0420041
0.000131295
0.000894487
-4.31468e-07
0.000163897
-0.0259745
0.00461956
-0.0607711
0.084664
-0.00526674
-1.17165e-06
0.00617241
-0.0459415
-2.12694e-05
-1.40093e-05
0.000328901
6.61813e-05
0.000415168
0.149956
0.0346044
5.77459e-05
1.13734e-05
-0.0568448
0.196168
0.167901
-4.53938e-05
-0.0329963
-0.0185896
-0.0103163
-0.0424904
-0.00848193
-0.00288546
0.136979
-4.18114e-05
-0.0245716
0.163024
-0.0434522
-1.74345e-05
-0.053233
-0.000177247
0.240199
0.0269656
-1.41997e-05
-2.76963e-05
0.173656
3.63224e-06
-0.000183856
-0.0113807
1.32271e-05
0.227112
0.00332548
-0.00720322
-0.0553717
-0.00371924
-0.0653603
0.178466
-0.0122882
-0.0405427
0.00101556
-1.94885e-05
-0.00102645
-7.93103e-06
-1.59843e-05
0.0192054
0.176862
0.145858
-0.000442902
0.244473
-0.0116596
7.89473e-06
-0.0406074
-1.78092e-05
-0.0258668
0.0280819
-0.0141192
0.00447752
0.00188929
-0.00902224
0.000255619
-0.00166446
0.0188453
-0.00283455
-4.83644e-05
3.0324e-05
-6.20523e-05
0.0312801
5.63606e-05
-0.0214263
0.258763
-0.00589639
5.18826e-05
-0.00341445
-1.00118e-05
0.00850199
-0.000358249
-6.60372e-05
-8.54231e-05
-1.30626e-05
0.207423
-0.000153292
0.217346
-0.0536918
0.000115406
-0.0462505
-0.000486462
0.152728
0.514397
-0.00139258
2.43837e-06
1.63693e-05
-2.1034e-05
0.113
6.02884e-07
0.00106023
-0.0226423
0.206922
6.92071e-06
1.54816e-05
2.85214e-06
2.55799e-05
-0.0193696
1.80115e-06
0.206589
-0.0155049
-0.000123767
3.05216e-05
-0.00203117
-0.026439
1.25635e-06
-5.68315e-05
0.16182
3.45789e-05
-0.0292998
-0.0505313
0.000136001
6.9355e-07
-0.11046
1.20082e-06
0.152813
1.50652e-05
-0.000445339
1.19128e-05
-0.000174991
0.0892881
3.25918e-06
-0.00162171
8.41226e-06
0.0120791
-0.00334187
-0.00623528
0.000733195
0.149721
-0.000268993
-8.07024e-05
-0.00857255
-0.00828082
-0.000242976
-5.31551e-05
-0.000886281
4.0858e-05
0.11099
-0.010044
0.503663
-5.05896e-07
-0.00740509
-0.000156465
0.116315
5.78295e-05
-0.0246181
2.40037e-05
-0.0015596
-0.0305259
-0.000230261
-0.0149282
-0.0440109
0.00502116
-8.84696e-06
-0.0503143
-0.000332087
-0.000294446
-0.00539377
-0.0144204
0.00128747
-4.94356e-05
-0.00043318
-0.0009102
-0.00125908
1.34234e-05
-0.00119225
0.495362
9.90706e-05
-0.003198
-0.0317507
-0.0620941
-0.0548641
-0.0424222
-0.02037
-0.000523904
-0.0158394
7.80333e-05
-8.15851e-05
0.495321
-9.41463e-05
0.148351
-0.000447873
0.000403364
-0.00111795
-0.0648986
-0.00041543
0.000579085
-1.50621e-05
-0.000390264
-1.5396e-05
-7.96202e-05
-0.0140995
-0.000109568
-2.69457e-05
-8.30111e-05
0.000147823
-1.00228e-05
-0.0384998
0.164265
-9.81135e-06
-0.000597614
3.09542e-05
3.1557e-05
-0.000824853
9.45457e-06
-0.000893343
0.00028651
-0.000364168
-0.0554154
-0.000684781
-0.00180009
5.03484e-06
-0.00155866
0.00034065
-1.50957e-05
-9.66393e-06
1.38298e-05
-0.000786722
0.000543761
-0.0398143
-0.0252498
-0.0557952
0.000571322
-0.00185433
-0.0383893
-0.0561418
-9.4005e-05
0.0148877
0.00676995
-0.0010347
-0.0112583
-0.0486953
0.440893
-0.000416183
-1.49513e-05
0.000886417
5.01069e-05
1.82104e-05
0.0720403
0.00358969
0.083471
-0.0338336
0.429617
-0.000519135
2.2749e-06
0.000154006
-1.79393e-05
-0.0013453
0.136053
0.216508
-5.17454e-06
-0.000169943
-1.71274e-05
0.204075
0.0148754
-0.00585045
1.21452e-05
1.98397e-05
0.007198
-0.000689126
-0.0613384
-0.0157226
2.45504e-05
0.00347855
-0.0287346
-6.00839e-05
0.00180231
-6.70264e-05
-0.0406453
-0.0017066
0.132086
1.70628e-05
0.00167767
-0.000152185
1.53707e-05
0.00017511
-0.0213358
1.50859e-05
-0.000902126
2.30198e-05
-0.0183041
-0.0402013
-0.00305295
-0.00706067
-0.00819029
0.00902615
-0.00831478
-0.0024036
6.84326e-05
0.000106687
2.08914e-05
1.82942e-05
-5.61775e-05
0.00889337
-0.0507332
0.000497175
-0.0403523
-0.00299757
-0.0454416
8.85537e-05
-2.37688e-06
0.00130906
-0.0974565
1.85178e-05
-0.0398723
-0.0139386
-0.0875207
-0.0408897
2.71414e-05
-0.00334856
0.000196679
-0.136008
0.128066
1.1673e-05
-0.0519805
-0.0207669
-0.00410556
3.85628e-05
-8.46063e-06
0.0220349
-0.0154387
2.43939e-05
-0.00649243
-4.36797e-06
0.00021843
0.115346
-8.24936e-06
3.30129e-06
-8.5042e-05
3.51431e-05
0.00090149
8.89458e-05
-0.0050487
0.000236554
-0.0118331
0.00110588
-0.000205257
-0.0298329
-0.0382063
-0.00600274
-1.51049e-05
2.18347e-05
-0.0536913
0.00570017
-0.041957
2.90594e-05
-0.00495221
-3.6303e-05
2.47892e-05
0.0612338
-0.00666938
-0.00269526
-1.09811e-06
-0.0165525
5.02379e-05
-0.057521
2.72374e-05
-0.0647166
1.9238e-05
-5.84423e-06
8.60393e-05
0.00102471
-0.0828806
-0.0167081
-0.0597046
1.61908e-05
9.57507e-05
-0.0658204
-0.0239762
-0.00797621
-4.62041e-06
-0.0335229
-0.0446038
-0.0655342
3.59982e-06
-7.47728e-06
4.77924e-06
-0.0742844
-0.0581543
0.000724716
-0.0103682
-5.57093e-05
0.15763
9.56829e-05
1.45999e-05
0.000152472
-8.57004e-06
-8.23087e-06
-0.00348782
0.000114835
-0.00248078
-0.0559378
-0.0122037
-0.0500047
4.04187e-05
-5.08722e-05
0.0437475
-0.0485522
-0.0045396
0.104395
5.0353e-06
-1.30454e-05
-1.1927e-05
0.05618
0.000175295
-9.31305e-07
-4.40568e-06
-0.0533008
-0.0143615
5.85105e-06
7.90785e-05
-0.00871642
-0.00610582
0.000429537
0.217857
-0.0517848
0.000150508
0.648653
-1.79081e-05
-0.000675532
-0.00812613
-0.0650446
6.55431e-06
-2.30019e-06
2.19088e-05
0.00474136
-0.0301963
-0.000332095
-0.0434557
-0.007305
2.74138e-05
-4.5183e-06
-0.00951943
-0.00579535
-0.0254002
-0.0770977
-0.0399937
-0.0346856
-0.0193164
-0.0247637
-6.26242e-05
0.000355595
0.00189621
0.000535055
-7.77357e-05
0.000765236
3.13461e-05
-9.01543e-05
-0.0113036
-1.18337e-05
-2.80042e-05
0.0311237
-0.0276769
-0.000158985
-3.94131e-05
-5.2589e-06
0.239947
-0.00627901
0.000785735
-0.0256854
0.000230229
0.000200277
0.000173306
-4.82318e-05
0.00048361
-0.0340083
0.0150056
-8.97017e-06
-0.000161009
-0.037336
-0.0291202
0.0464627
-0.000481832
0.00182788
0.0174032
2.06392e-06
6.1188e-05
-0.0429171
2.25947e-05
0.15659
8.68005e-06
0.00414914
0.00016829
0.000225018
-0.0597792
-0.00693555
-0.0165332
-0.00231221
2.6802e-05
0.00615945
0.058107
-0.0115061
-0.000132577
0.0887065
0.152579
3.66594e-06
-0.0456398
-6.59293e-05
-9.84032e-06
-4.40938e-05
-0.000555619
0.0192654
-5.4462e-06
0.000248641
-0.0225374
-0.0234811
-0.0201762
0.30435
1.79561e-05
-6.83752e-05
0.161459
-0.00668713
-0.00363121
-0.000639596
0.158815
4.46152e-05
-0.000308219
4.63743e-05
2.70258e-05
3.1849e-05
3.63656e-05
7.42135e-05
-0.0163467
8.50102e-06
-0.00318913
-0.0393851
0.218688
-0.000139316
-4.90411e-05
0.00464619
0.0797562
-0.0424389
-0.000735569
-0.0600452
0.301676
4.35471e-05
0.401901
-4.23816e-06
0.00329164
0.0235537
0.000436687
0.438841
-1.39692e-05
-5.86173e-06
0.00115126
3.13316e-05
-0.000842641
0.000263618
1.13088e-05
-0.00189122
1.04603e-05
-0.000142983
-0.00316757
0.233172
0.0466808
0.0213917
-0.0387002
-4.94556e-06
-1.76759e-05
0.00334521
-0.0495181
-9.34233e-06
-0.0411717
-5.30372e-05
0.0969145
0.0583538
-0.0301229
-0.001308
-0.0113017
-0.00095778
-0.0137606
0.00351043
-0.0070468
0.0594503
2.23354e-06
0.191324
0.0117736
-0.000579452
0.196054
-0.012482
-1.21973e-05
2.36462e-05
6.71337e-05
-0.000206764
-0.000119557
0.237573
-0.000953223
0.24284
-0.00105855
0.157019
0.205002
0.0706876
-0.00666558
-4.82237e-06
6.40027e-05
-0.00993785
-0.0987437
-0.0434858
0.00148252
2.04135e-05
-0.0341425
-0.000312825
6.49095e-06
0.00100719
-0.00103767
-0.000641575
0.0317264
7.59603e-05
-0.0427038
0.0536249
5.84619e-05
0.000269039
-0.0135379
-0.0520404
-0.000713315
-0.000508113
1.32305e-05
0.000250652
0.0248349
-0.0159404
-0.0431649
0.00130148
0.0584619
-0.0351732
3.60598e-05
2.29567e-05
0.00945673
-8.85683e-05
0.0494868
0.000922686
-0.0126562
-0.000375189
0.00161242
-0.0330577
-3.47025e-05
0.000490878
-0.00176725
-0.0640777
0.119983
-0.0541929
-0.0248258
-0.000162654
-4.50735e-05
0.00660705
4.66887e-05
-0.0643155
-0.0579261
0.000562868
0.00333847
0.00373493
-0.0841769
0.000637111
0.000191047
3.82608e-05
-0.0373532
2.88231e-05
0.00055859
0.114766
0.170653
-0.0978012
0.0469811
0.0456275
0.0109036
-0.000156888
0.0108678
0.000124021
8.71381e-06
-7.22301e-05
-4.34056e-07
2.65259e-05
-0.000349711
-0.00725222
-0.0550501
-0.0092255
-0.0270106
0.0497807
0.0418339
0.00401362
-0.0558838
0.000161815
0.00455276
0.0110118
-0.000379947
0.0692342
-0.00122622
-0.0103875
0.0116033
0.00541919
0.000978724
-0.00386786
0.0402515
0.000820074
-0.0183511
-0.0154461
0.526274
-0.0230909
0.0750563
0.00803992
-0.0347435
0.00217471
0.000102219
-0.0024756
5.66828e-05
-0.00253744
-0.0235474
-6.8706e-05
-4.52562e-05
0.245433
-0.00317783
-0.0377998
-0.0175053
0.000203541
-0.00142403
-2.24912e-05
8.01439e-06
0.0354904
4.0604e-05
-0.00283155
0.0692953
0.00612811
0.00111517
0.017758
-0.00550456
0.00411352
-0.100919
0.000861829
-0.00426024
-0.0499101
-0.000838318
-0.00769186
0.000747914
0.000784865
0.000983831
0.034031
-0.00031233
0.00556058
-0.0480188
-0.0193395
0.000310385
-0.0475671
-0.0140618
-0.0160339
0.000105121
0.00650223
-0.0612355
-0.000819123
-0.00466725
-0.0442611
-2.75094e-05
-0.00113495
0.2067
-0.0205553
-4.05489e-05
0.00810227
-0.0456622
-0.00102168
0.186656
-0.00217087
0.00100775
0.0569118
-0.00138474
0.00813182
0.121538
6.25085e-05
0.0011631
0.00017814
3.6295e-05
-0.00431956
-0.00698696
-0.000130484
-0.0224222
0.0899109
-0.0337941
-0.0637289
0.00115397
-0.00314927
-0.000603047
-0.045749
2.71715e-05
0.0155523
4.4178e-05
-0.0148963
-0.00188598
-0.00476716
-0.119252
0.102903
-0.0680877
-5.22673e-05
0.171461
-0.0019067
-0.00253516
-0.0522651
-0.0717065
-0.0146975
-2.92399e-05
-0.00111105
0.00710662
-0.00297961
-0.00453523
0.000432183
0.0808048
-0.0398183
-0.0105229
-0.00637317
0.0195794
-0.0027084
-0.00127097
0.00168953
-3.2898e-05
-0.00297704
0.101792
0.000786273
-0.109492
-5.52609e-05
-0.00699118
-0.00359145
-0.0769166
-0.0108987
-0.0891096
-6.33092e-05
-6.12991e-05
-0.00432388
0.0103726
0.00177996
-0.100952
0.0760934
-0.0437651
0.000187402
-0.111056
9.20978e-06
-0.117397
-0.0236111
-0.141802
-0.153023
-0.162789
-0.173293
-0.180352
-0.17414
-0.161748
-0.137834
-0.116535
-0.000784968
0.0414096
0.0884576
0.169178
-0.00765697
-0.00706167
0.0500903
-0.0174746
0.000890503
0.0132328
-0.036808
0.000515471
-0.000665647
-2.69739e-06
-0.0134596
0.0173483
4.46261e-05
-0.000313141
-0.00992008
-0.00699827
-0.135836
-0.0131558
-0.0500025
-4.26002e-06
0.000567177
-5.08463e-05
-0.0503824
-0.0083755
-0.0335081
-0.0105048
0.00170395
0.000221815
0.0046389
-3.23151e-05
-0.0129847
-1.47887e-05
0.000369103
-0.00621397
-0.0108438
-0.000281165
0.000325191
0.0467375
-0.00983155
0.0548236
-0.125932
-0.00823216
-0.0473407
-0.0175077
0.0036264
-0.0200722
-0.00313752
-0.0117779
-0.0121066
0.337455
-0.00129592
6.89438e-05
-0.00555399
-0.00852466
3.13009e-06
0.0763496
-0.00393525
0.312597
-0.186141
-0.0397862
-0.0246983
0.0391189
-0.00481775
-4.84628e-05
-7.44895e-06
-0.00400127
-0.052174
5.71586e-05
0.325241
-0.00264916
-0.00475152
-8.68297e-05
-0.000369868
-0.00620528
-0.0824573
-0.0937362
0.112286
0.000631353
-0.0133346
-6.03577e-06
0.0260181
-0.00771265
0.0189568
-0.0217942
-0.00517721
-0.000856486
0.00122807
0.0115115
-1.18203e-05
-0.00943816
0.000500386
-0.000382057
0.000465832
-0.0324095
0.000215519
0.136237
-0.00994029
0.00369374
-0.079068
-0.0167524
-0.0711006
-0.0113309
0.0293496
-0.0168608
0.170455
-0.025817
-0.00326561
-0.0449714
-0.000744203
-4.69945e-05
0.000435255
9.01028e-05
-0.00229056
0.00428881
8.58767e-05
-0.0133382
0.0212435
-0.00295484
4.12562e-05
-0.00316092
-0.0384018
0.143509
-0.0318612
-0.0442063
0.00787063
0.06858
-0.00119348
-0.0228606
-0.0110167
0.00518354
0.0347874
-0.0540491
0.101989
-5.17887e-05
-0.027265
0.00113756
-0.00148835
-1.08221e-05
-0.00571987
0.0922167
0.000831726
0.229163
-0.0192707
-0.0215328
-0.0147638
9.00857e-05
-0.00192222
0.0594308
-0.115433
0.21512
0.0279462
0.0236297
0.163529
-0.0387816
-0.00411759
-0.0536298
0.000505998
-0.0307442
0.147313
-0.00276738
0.224689
-0.00149769
0.0867923
9.90158e-05
0.0948512
0.105929
-0.00312983
-0.0183471
-0.000358541
-5.4688e-06
0.00512829
0.00189188
-0.0354166
-0.0323842
-0.00537639
-0.0360525
0.155445
0.0450868
-0.0522833
-0.0155439
-7.80874e-06
0.00410336
0.1212
0.00445976
0.156778
-0.0543089
0.00518286
8.39423e-05
0.000374261
-0.0203928
-0.00107661
-0.00254388
-0.0388878
-0.000595432
0.00324176
-0.0394334
-0.0376531
0.133321
-3.00111e-06
-0.0178789
0.000181813
-0.0235248
-0.000340683
-0.0523483
0.117333
-0.038483
-0.0230687
-0.00170042
-0.0140225
-0.000711903
-0.00497323
0.0785206
-0.0277573
-1.82225e-05
-0.00732636
-0.00439253
-0.000350395
-0.00270468
0.011399
-0.0100129
-0.0310036
-3.79389e-05
0.143882
-0.0266993
0.00656251
-0.000356305
-0.00765262
-0.000353482
-0.027112
0.000284602
-0.0222376
-0.000103175
-0.0338744
0.00262485
-0.000197504
-0.0110403
0.000298271
-0.00883799
0.00110847
0.160481
0.00118824
-0.00869593
-0.00830998
0.00369039
0.118238
-0.0136662
-0.0739219
-0.0153973
0.0003234
0.115147
0.0456433
0.00125288
0.000115143
0.0499326
-0.0413525
0.00242466
-0.0251397
-0.00106475
0.000362687
0.00198921
-0.024404
-0.012426
-0.0104328
0.250378
0.0260473
-0.0684958
0.031673
-0.00041583
2.58067e-05
0.00102494
0.00231256
0.0876769
-0.00375772
0.0171873
9.93645e-05
0.480989
0.436539
-0.00142132
0.190084
0.617388
-0.0280932
1.83862e-05
0.0420233
0.120017
-0.00351927
-0.0220505
0.000169819
6.57906e-06
0.135997
-0.00897875
-2.08082e-06
-0.0500222
8.96249e-05
0.0439475
0.0231859
-0.0309639
-0.0306024
-0.0204977
-0.000300275
0.00111857
-0.0118729
0.0749182
-0.0399067
0.140527
-0.0090711
0.0371493
-0.0025723
-0.000225396
3.52242e-05
-0.00275141
0.123996
-0.00514216
0.12187
-0.00029924
-0.0719571
-0.0374014
0.123126
-0.00649636
0.000332278
-0.0338589
0.000388604
0.0120901
0.106314
-0.00820381
0.135958
-0.00994246
-0.00402971
-0.0813175
0.0138975
-0.0538129
-0.0158627
-0.000885297
-0.0261238
0.00141651
-0.00894386
0.00149574
-0.030354
-0.0119214
0.0416401
-0.00388205
-0.0597043
-0.0369222
0.02877
0.0129211
0.108321
0.00410164
1.17429e-05
-0.00609284
0.183981
-9.39665e-05
-0.00561455
-5.34668e-05
-0.000239789
-0.0343819
-0.00129081
0.00322012
-0.0010511
-0.00159329
0.000332483
-0.0333607
-0.00276435
-0.0150896
-0.00983605
-0.00306466
0.292108
0.0495786
-0.0313374
-0.0137244
0.00152442
0.00011579
0.0125374
-0.00100635
0.00816875
0.321351
0.0719814
0.0613016
-0.000276805
-0.0149314
-0.00138114
0.0220009
0.052484
0.104056
0.139155
0.14921
-0.0140049
-0.000856861
-0.0021082
0.0326039
-0.00452789
0.157553
-1.20911e-06
-0.00162161
-1.3457e-06
-0.00678144
-0.0340511
-0.00214542
-0.0141796
-0.0272772
-0.0495124
0.148225
0.127717
-0.000723524
0.127749
0.0633314
0.056183
-4.56871e-07
-0.00851971
-0.0110168
-0.171926
-0.00644729
-0.0364208
0.050598
-0.120817
-0.00121042
-0.0526181
0.089394
0.109055
0.0533489
-0.00208006
-0.0326268
-0.0163034
0.0197595
-0.00486233
0.362463
8.28092e-05
-0.0628284
0.0592257
0.0170622
-0.00079734
-0.0391062
0.47062
-0.0187424
0.0542783
-0.000819583
-0.0641067
0.000295316
0.167564
-0.0419109
-0.0213173
0.0491883
0.0163857
0.0544865
0.402014
0.257018
0.00252165
0.000497996
-0.00259156
0.000166127
-0.0265502
-0.00530666
0.0493664
4.78471e-06
-0.00186547
0.0693484
0.353618
-0.0236178
6.01693e-07
0.478054
-0.0636231
-0.156417
-0.00369001
0.00507824
-0.0645454
0.0411748
0.12577
2.62888e-06
0.113901
-0.0262821
0.000199638
0.0301332
0.0292293
0.048752
0.351374
0.414023
0.0049988
0.0522709
0.000594241
-0.0320875
-0.0292352
-0.000114949
0.12689
-0.070449
-0.0570185
-0.162176
-0.000888341
3.59328e-05
0.00492341
0.0156659
0.247005
-0.0321631
-0.002549
0.000148374
-0.0033928
8.30614e-05
-0.0188159
-0.0350439
-0.00804179
-0.0280141
-0.0527401
-0.0381897
-1.95424e-06
-0.0384389
-0.00265679
-0.0731904
0.0437102
-3.96875e-05
2.25679e-07
0.704916
0.347212
0.442551
0.200345
0.0140756
5.72339e-05
0.019879
-0.0301256
0.000163327
0.29509
-0.0166618
-0.000644269
0.043527
0.0760667
0.021463
-0.102301
-0.0485003
0.200177
-0.111714
0.0356356
0.00650713
-0.138657
-0.152659
-0.165753
-0.151742
-0.137821
-0.116075
0.0196882
0.068054
0.0481555
-0.0406684
0.566878
-0.00502738
-0.00258918
-0.0463418
0.0057616
0.0998133
-0.0221518
-0.00861829
-0.0618318
-0.13411
0.0380981
0.000137049
-0.0420972
0.387509
-0.0148872
0.324909
0.248306
0.528437
0.0427297
-0.115941
0.40284
0.0222824
-0.0184152
-0.000942594
-0.00451758
0.000348832
-0.0413715
0.0825467
-0.0670697
-0.0475667
-0.0165646
-0.0450871
-0.00568732
-0.00183453
0.0826792
-0.0380457
0.00125055
-0.0011376
-0.127183
0.00456002
-0.0172974
-0.0214276
0.53046
1.16317e-05
-0.170774
0.00218316
-0.011374
0.00582764
0.00727887
0.00119103
-0.0565822
-7.32233e-05
-0.00425662
0.0761503
-0.00806588
-0.0285265
-0.00668933
4.49994e-05
-0.0123115
-0.0886926
-0.040142
-0.0244503
0.0123559
-0.00302803
-0.00188007
0.118555
1.04574e-06
0.0373038
0.0285982
-0.0573184
-3.00805e-06
-0.00149437
-2.50832e-05
-0.0365366
0.141691
-1.84618e-05
-0.0075757
9.97816e-05
-0.0110566
-0.021042
0.00020651
-0.0350765
-0.0522651
0.723791
-4.86181e-05
0.0645106
0.00145473
-0.000691186
0.000724101
-0.058633
-0.0267092
-0.0421159
-0.0411277
0.179788
-0.0233576
0.0706805
5.50131e-06
0.245471
-0.0224419
9.56763e-06
-0.0703494
0.0798601
-0.000385536
-4.5502e-05
-0.03764
-0.0343575
0.712723
4.63883e-05
-0.0331607
-0.03846
-2.84674e-05
0.0155211
0.000494921
-0.0227966
0.176569
-0.0309294
0.0287797
0.00601157
-0.000226754
0.254842
0.370229
0.00158633
-0.0134843
-0.0432961
0.184775
-0.0223719
-0.000181015
0.0624195
-0.0788432
-0.0600272
-0.00111698
-0.004708
0.00971427
0.0207861
-0.0702592
-0.0484025
-0.0597955
-0.0315315
0.0450523
3.51365e-05
-0.0189177
0.69487
-0.00110569
-0.0020565
-0.00389469
0.52057
0.105885
1.21978e-06
2.95417e-06
0.158772
0.157922
-0.0248746
-0.0534153
-0.0465439
-4.44298e-05
0.0229294
0.0125845
0.115096
-0.00353344
0.161283
-0.0182395
0.0272352
0.381843
0.000231678
-0.0109312
-0.153166
-0.165241
-0.0180224
-0.000189826
0.307823
0.0615535
-0.0128097
-0.0274639
-0.058821
6.84279e-05
0.17019
0.000587433
0.000122263
-0.0374591
0.062834
0.0014287
-0.00933983
-0.0411677
0.116316
-0.00251925
-0.0362468
0.000740938
-0.0281293
0.000373023
-0.0178151
0.000322549
-0.00761635
-0.0266028
0.163918
-0.00813702
-7.71363e-05
0.000233234
0.606452
-5.65101e-05
-0.0355294
-0.0423845
0.275778
0.0392087
0.000109863
-0.0128372
-0.0189688
-0.0458277
0.0640305
-0.0431822
0.0915243
-0.01242
-0.029535
-0.0185275
-0.00768364
0.283278
0.00223525
-0.0116275
0.11492
0.123907
0.472872
-0.0389042
-0.0272067
-0.000806011
-0.0322016
-0.0631315
0.0832347
-0.00146
0.0304096
0.000142747
0.0158978
-0.00254702
-0.00140567
-0.024059
-0.0275105
-0.00145664
-0.021191
0.000119563
-0.0150677
-0.0357553
-0.00125163
6.38149e-05
-0.0371993
0.632308
-0.0635164
-0.0161691
-0.00323712
-0.000273044
0.337179
0.0343797
1.42187e-05
-0.00171904
-0.0676146
-5.05309e-06
-0.00103442
-0.033635
-0.00910891
-0.00474538
0.113362
0.282268
0.225769
-0.0355389
0.000365574
-0.0408896
0.000104704
0.106135
0.519507
0.000107819
-0.000960372
-0.00608292
0.548144
3.29816e-06
0.271822
0.576737
-0.0384816
-0.00971968
-0.00296225
0.277891
-0.00573268
-0.0627862
0.499453
-0.00471672
0.296718
-0.0196358
-0.00948997
0.492397
-0.0401407
0.28592
0.254859
0.00226384
-1.45885e-05
0.176242
0.0685474
-0.0132412
-0.0683682
-0.0121351
-0.0590403
-0.0137148
0.277375
0.000168202
-0.00527485
-0.0723242
-0.0861224
-0.0237655
-0.052472
-0.0690072
0.260889
0.0539929
0.0231442
0.468108
0.000845021
-3.95359e-05
0.0542539
0.0417737
0.058895
-0.00022205
0.00641061
-2.28455e-06
-0.0834916
0.0164404
-3.27163e-05
-0.00107181
0.000666502
7.43459e-05
0.0784385
-0.00765218
0.00026899
-0.00904182
-0.0621021
-0.00834465
-0.00277259
0.262118
-0.01882
-0.0148618
0.00127931
-0.0128652
6.22746e-05
-0.0359265
0.118767
-0.0202831
0.0973221
0.00796135
0.0830987
0.123676
0.199978
-0.0210476
0.381077
-0.0131101
0.264989
-0.0925566
-9.51972e-06
-0.0121124
-0.0178563
0.025626
0.137276
-0.0478111
0.000262067
0.715451
0.00724538
0.106596
-0.0327085
-0.00326931
0.0740025
0.000751971
-0.0274811
-0.0599857
0.00218502
-0.000674517
-0.0094735
-0.0345006
-0.00443772
-0.00659247
-0.0611406
0.167964
-0.00479827
-0.0296378
-1.16806e-05
0.58647
0.66812
0.00586061
8.22637e-05
-0.0255206
-0.00109214
-0.0316447
0.000103536
0.0259831
-0.0268516
0.000170858
-0.00059364
-0.0475484
-0.000770834
-0.0179051
-0.0281429
0.298452
-0.0586978
0.323644
-0.000629732
-0.00963636
-0.0130879
-0.0146573
0.0272967
-0.0507082
0.0019729
-0.0129628
0.241173
-0.0326625
0.000312101
4.96273e-05
-0.00262624
4.57421e-06
-0.0216903
-0.00220516
0.0113745
-0.00577157
0.0916261
4.52165e-05
0.00134467
0.104253
0.151656
-0.0224547
-0.00183958
0.0912091
0.000252592
0.00026685
0.0220032
-0.0010327
0.514963
-0.0322152
0.279443
-0.124085
-3.65879e-05
-0.00768275
0.416839
0.28631
0.0158971
0.00298225
-0.000280661
0.113229
0.0293093
0.0133973
-0.00116269
-0.0395756
-0.0431623
8.59743e-07
-0.0232071
-0.0418599
-0.0343182
-0.0045795
0.535036
-0.00457592
-0.0224957
-0.0352167
0.000532072
2.21151e-05
0.00145914
-0.00562468
0.326473
0.00099784
7.23636e-05
0.000764994
-0.0607928
0.44526
0.000193312
0.000632072
0.0217993
-0.0344726
0.402676
-0.0270106
0.319916
0.292912
0.00018313
0.253389
0.295276
-0.0257887
0.0258026
-0.000207177
0.310873
0.000530988
-0.000103881
-0.00373009
0.198047
-0.00731928
0.134574
0.00194987
0.539937
0.00229053
5.86892e-07
0.752662
0.0375404
0.592435
0.124179
-0.125603
0.0185073
-0.0512671
0.387608
0.000229704
-0.000116648
0.0237767
-0.000730141
0.524773
-0.0902836
-0.099317
0.00202587
0.0707396
0.10935
-0.0582289
0.0121998
-0.0242433
-0.004947
0.0254099
0.000394469
0.00235729
-0.030451
-0.0266794
-0.0435109
0.0143525
-0.0162514
0.0621939
0.0627852
0.580927
-0.0499681
0.0317697
0.000412356
-0.0643176
0.307192
-0.0172447
0.102133
0.231271
-0.0302483
0.0152016
-0.0582627
-6.36976e-05
-0.00385412
-0.00237839
0.00776296
-0.00473126
-0.168089
0.000109019
0.13612
0.0898497
0.188964
0.0981254
0.141344
0.0115072
0.0324282
0.0185225
0.0227103
-0.0174313
-0.0891891
0.0706586
0.314616
0.0399553
-0.00506621
-0.169107
0.0734473
-0.00981386
-0.0923347
0.188163
-0.0154966
-0.0336637
0.127501
0.0343787
0.507196
-3.27106e-05
1.79746e-05
-0.0520215
0.343594
0.353079
0.260443
0.3779
0.0519595
-0.00608326
-0.0116947
0.0225838
-0.0183646
-0.00282132
0.0217103
0.531457
0.00598244
0.333775
0.0984154
0.015319
0.000117636
-0.0308656
0.371631
-0.00228739
-0.00730783
-0.000358954
-0.145206
0.000263453
-0.00714944
-0.0641715
0.65807
-0.0482593
0.16386
-0.0673385
-0.00961967
0.0782532
0.285682
0.369626
0.102979
-0.0556031
0.11112
0.0969128
0.704785
0.000696096
-0.00465264
0.3716
-0.0549355
0.203066
0.411035
0.00314042
-0.0303119
0.133313
6.33159e-05
0.453372
-0.0119475
0.333683
0.0107722
0.000366314
-0.0208808
-0.00111079
0.694976
7.68591e-05
-0.0816771
0.307215
-0.000411082
0.0206087
-0.0213882
-0.0214679
0.14636
-0.0179087
0.000766336
0.134708
-0.0206635
0.000662735
6.73473e-05
0.0995174
-0.0024405
0.220791
-0.0594133
-0.0171974
0.0700336
-0.00133436
-0.0606833
0.0578141
-0.0579049
0.237811
-0.0191433
-0.00549742
0.168498
0.000179103
0.00173497
-0.0192423
-0.0119908
0.00611963
0.123002
0.455329
-0.0459907
0.0148939
0.254851
0.389953
-0.0117483
-9.94725e-06
0.191005
-0.0707595
0.0132009
-0.00082564
-0.04983
-0.000284784
-0.0006781
0.0473408
-0.00407726
-0.00796301
-0.0273276
-2.30991e-06
0.162087
-0.000633165
0.026714
-0.103536
6.48711e-05
-0.0600861
-0.0212637
-0.0561322
0.000532593
0.0214533
0.347861
0.463743
0.637389
2.68238e-07
-0.0261953
7.91415e-05
4.01131e-05
1.26077e-05
0.000699033
-0.00115977
-0.00372499
0.263146
0.020761
-0.00278424
0.0403363
0.0195032
0.00729401
-0.0509776
-0.0407295
0.107336
0.26938
-5.48808e-06
0.0123352
-0.0749793
-1.08358e-06
-0.0357537
0.0489821
0.221819
1.08515e-06
0.471137
-0.0273576
0.100241
0.0811121
0.00154616
0.156733
0.00240549
-0.059495
0.590912
0.0001503
-0.0051554
0.0481298
-0.00028431
-0.0225039
4.66633e-05
-0.000646709
0.00240379
-0.0125537
-0.00262439
0.000238197
4.1457e-05
-0.0122275
-0.0534024
-0.0483218
0.140253
0.0628671
-0.00788807
0.533819
0.0167031
0.502604
-0.0171004
0.561899
0.489501
0.508234
0.0120324
-0.00927936
0.00990306
-0.00475287
0.000225039
0.220966
-0.0351968
0.000921814
0.221988
0.597726
0.157646
0.0926824
-0.0627356
-0.0163805
-0.0110925
-0.0132358
-0.0340434
-0.00795699
0.482124
-0.000388948
0.678896
0.26706
-0.000687555
0.142873
-0.0351204
-0.0631378
0.163443
0.0570784
-0.00388989
0.151523
-0.0141634
0.278027
-0.0269639
0.00156134
3.82644e-05
0.00425132
-0.0554144
2.71391e-06
0.00203869
-0.109419
-0.000644756
-0.0278992
1.25156e-06
3.07029e-07
-0.0647537
-3.09863e-06
-0.00533216
0.000169502
-0.0235445
-0.03922
-0.0446197
0.00847859
-0.075858
-0.0372411
-0.0997738
0.124236
0.0169732
0.0144819
0.345333
0.301184
-6.9361e-05
0.17083
-0.0504021
0.544573
0.233106
0.00253302
0.269779
0.55146
6.10664e-06
0.210708
0.00814603
0.0216054
-0.0367327
-2.16076e-05
-0.1137
-0.0480184
-0.00405929
-0.000250147
7.23615e-05
0.0144343
0.000984008
-0.0498275
0.0675477
-7.62686e-06
-0.0822931
-0.0136571
-0.0069698
0.00133452
-0.00563709
-0.000812552
-3.6095e-05
0.519262
0.459038
0.0586082
-0.043677
-0.00772628
-0.00177112
-0.00030697
0.000109972
-0.00283606
0.0105339
-0.0409984
-0.035013
-0.194848
0.353605
-0.0385855
0.676443
0.000482765
-0.0308946
0.397686
0.000375391
-0.0577243
8.5439e-05
-0.00111444
2.91965e-06
8.36115e-06
0.159634
0.000161906
0.00136902
0.163355
0.00739609
-0.00787887
-0.0122775
-0.00832169
-3.97211e-05
0.616627
-0.0467469
0.253563
0.0963158
-0.00385039
0.325109
4.00182e-06
0.0547918
2.04603e-05
0.00291921
0.00981789
0.52767
-0.000943226
0.276963
-0.00447707
-0.000388099
8.62709e-05
-0.0287367
0.346264
4.58853e-06
0.0110776
-0.000876395
-0.059533
-0.0361121
-0.14536
-0.0137594
-0.0237106
0.0131858
0.00284894
-0.0879516
-0.116379
-0.00539636
-0.000151273
-3.67939e-05
0.000337199
-0.000778818
3.98873e-05
-0.0698085
0.00159755
0.00125743
0.295172
-0.00097839
-0.0386372
0.210519
1.82348e-05
0.00132888
-0.0786373
0.624078
-0.0132195
0.224401
-0.0497021
0.289074
-0.0191986
0.455459
-0.0481821
-0.0548763
-0.0123424
0.505934
-0.0158358
-7.49254e-06
0.000410099
0.159952
0.0404857
0.133603
0.641291
-0.0401732
-0.0639987
0.358421
0.00097594
0.0340639
-0.00232392
-0.00391698
0.00126966
-0.00763224
-0.000217054
-0.0549328
0.153007
0.122821
-0.0103153
-4.12131e-05
-3.60458e-05
5.62367e-06
-0.00963435
0.000153154
-0.0487584
0.357633
-0.0385441
0.702685
-0.101645
-0.00177939
0.673879
-0.0200773
-0.00678904
0.000372609
-0.00102633
-0.00772212
0.66961
0.643748
-0.025341
-0.0125542
0.000207386
0.318721
0.0813823
-0.00684281
0.106432
-0.0152761
-0.0158365
-0.00966999
0.499456
0.474636
0.128343
-0.00734275
0.00102687
-0.0159903
0.0269279
-0.000777365
0.288299
-0.00109452
-0.00586
-0.00577834
-0.0570136
0.0642499
-0.0491485
-0.00824198
0.58222
0.161598
0.104091
-0.0573612
-0.113934
-0.00679568
-3.48455e-05
0.376229
-0.00368202
-0.0037188
-0.0462348
-0.101346
0.000107569
0.215244
0.0244631
-0.0486451
-0.123754
0.165202
-0.0369781
-0.00693723
0.0145812
0.658448
0.0794529
0.450317
-0.000774751
0.0825745
0.0142404
-0.006453
0.310398
0.00157356
0.0156478
-0.0248887
0.127039
-0.0350354
-0.0304797
-0.0488683
-0.0694021
-0.00169103
-0.0234815
0.510004
-0.0977897
-0.0315847
-0.00924963
-0.0138491
-0.0935211
0.65168
-0.00863441
-0.00715662
-0.12367
-0.00497445
-0.0127742
0.0227584
-0.00507619
0.71245
0.485133
0.0163206
0.443085
0.466647
-0.00734258
0.0141541
0.0275047
0.0747895
-0.000725403
-0.00531175
-0.000235575
-0.0276008
-0.0583332
-0.0347431
-0.00280556
-0.169854
0.286242
0.00408814
0.42607
0.439642
0.488918
0.000120517
-0.00714013
0.503305
-0.0149099
0.611628
0.342441
0.00256542
0.55491
3.37878e-08
-0.00315243
-0.0922669
0.0152259
0.39302
0.00271716
-0.00449645
0.00246006
0.335521
-0.0205294
0.0136551
0.481413
-0.0341877
0.496285
-0.0113052
-0.0489817
0.344968
0.488016
0.187892
0.234565
-0.112379
-0.00680845
-0.133698
0.000210725
0.498657
0.196844
0.265948
0.24159
0.570671
0.014547
-0.0991203
0.540215
-4.07293e-05
0.557572
0.092198
0.640715
0.61098
-3.71649e-05
-0.0350749
0.4605
0.00208436
-0.00264508
8.04572e-07
-0.0489158
0.0113931
0.388597
-0.00960088
0.0121803
0.100932
-0.0548419
-0.00071561
-0.0220866
0.471
-0.0297086
0.476723
0.545769
0.378176
-0.325339
-0.151641
-0.483199
0.370611
-0.787023
-0.147377
-0.563846
-0.581211
-0.719663
-0.302778
-0.235562
-0.917098
-0.143734
-0.146618
-0.801308
-0.785361
-0.233517
0.632494
0.377932
0.628061
0.306703
-0.200266
-0.381448
-0.554698
-0.847327
-0.122128
-0.520221
0.54635
0.566989
0.806573
1.04606
0.0749228
1.44647
-0.333138
0.522519
-0.495479
-0.453607
-0.812473
0.80708
-0.125082
0.475038
0.618104
-0.199253
-0.205743
-0.704856
0.325892
-0.333274
0.276611
0.679625
0.751202
-0.565493
-0.0917775
0.828219
0.336561
-0.593534
0.226132
0.357729
-0.102507
1.29314
-0.234666
-0.270541
-0.166941
-0.38567
-0.141852
-0.353148
1.55489
0.458262
0.697177
-0.442234
-0.0342098
1.17655
0.936624
-0.24179
-0.383607
1.15016
0.382463
0.274671
-0.645641
-0.217056
0.707993
-0.20286
0.748941
-0.773783
-0.21811
0.383501
-0.70829
-0.703871
-0.388137
-0.743441
0.0657413
0.485985
1.36947
-0.299534
-0.268548
-0.115643
-0.491357
0.579652
1.43405
0.819199
1.05869
0.0883638
-0.319738
-0.894572
-0.103993
0.0026873
0.342877
0.847092
0.299376
-0.555007
-0.809927
-0.12122
0.283695
-0.117278
0.645479
0.635924
-0.125855
1.33445
0.46005
-0.13796
-0.514406
-0.484608
-0.644988
-0.584086
-0.656914
-0.112274
-0.368032
-0.803914
0.190074
-0.0983067
-0.176614
-0.535024
-0.104398
-0.00110278
0.946311
-0.367289
0.517805
-0.188755
0.683247
0.441534
0.922698
1.1624
-0.0508871
-0.458935
-0.223355
-0.29824
0.526064
-0.0243349
-0.357202
-0.203201
-0.48361
-0.248291
-0.343711
-0.283001
0.469617
0.603314
-0.431721
-0.103542
0.167914
0.445068
-0.567166
-0.479788
-0.286047
0.730989
-0.63958
-0.648035
0.617128
0.4268
-0.768198
-0.679969
-0.519196
1.57131
-0.420614
0.475254
-0.811442
-0.477269
-0.106183
0.144676
0.113524
-0.134775
-0.511837
0.710327
0.073787
-0.337094
-0.275312
-0.458035
0.138904
-0.101526
-0.551162
-0.19034
0.533848
-0.631249
-0.0635303
-0.0640425
-0.361237
0.433923
0.436975
-0.653563
0.623297
0.237877
-0.827847
0.53503
-0.180279
-0.31314
-0.581713
0.483665
0.151355
-0.128978
0.665122
-0.350584
-0.537077
0.768629
-0.307059
0.214007
-0.132251
-0.234384
0.6679
-0.0682231
-0.680112
0.31342
0.81009
-0.212228
-0.86307
0.632471
-0.126512
0.0360218
0.677168
0.604156
0.84364
0.355381
1.3952
0.19287
0.275991
1.08352
1.72308
0.127796
-0.136969
-0.2803
-0.215727
-0.625893
-0.54508
-0.27947
0.115546
0.18418
0.433671
0.536324
0.460622
-0.676735
0.451663
-0.739917
1.35194
-0.180185
-0.290319
0.0669612
0.679037
-0.136884
-0.703906
1.90573
0.422282
-0.636551
1.79413
1.15436
-0.90918
-0.580593
0.753857
-0.0621837
0.26016
-0.145178
-0.174
0.747318
0.696572
-0.294144
0.679831
0.503893
0.432441
0.256091
0.488285
-0.72251
-0.727647
0.377199
-0.257236
-0.142747
-0.111886
-1.01134
0.105699
-0.441247
0.596615
0.965736
-0.714239
-0.119158
-0.353049
-0.317903
-0.0715471
-0.697106
-0.102867
0.588589
-0.458772
0.499067
0.738781
1.51315
0.978284
1.22044
0.00780799
-0.400239
0.251857
0.136858
-0.461819
-0.261552
-0.125676
-0.772305
-0.385341
-0.0695682
0.309505
-0.445202
-0.12181
-0.645976
-0.504721
-0.12125
0.336293
-0.532952
-0.114006
-0.0785691
-0.773181
-0.632218
-0.30137
-0.736043
-0.502916
1.57749
-0.495927
0.735673
0.176124
-0.147557
2.16494
0.434992
0.674532
0.913988
-0.0571326
1.1541
-0.465154
-0.465239
-0.428943
0.689702
-0.0976082
-0.281584
0.695828
0.335034
-0.72963
0.18963
-0.569939
-0.468983
-0.299519
0.939335
0.55178
-0.26726
0.354714
-0.263258
-0.108114
-0.426383
0.128762
-0.209797
-0.293355
1.3663
-0.030014
0.45158
1.25737
-0.364241
0.456885
0.415849
-0.864221
0.49255
0.605084
1.87131
1.8398
1.81184
0.348601
0.103746
-0.103855
-0.328632
1.14557
1.2759
0.287007
-0.125622
-0.189692
0.672174
-0.22659
-0.405988
-0.61193
0.570239
-0.380176
0.0712137
-0.884264
1.01892
0.354479
0.123822
0.677501
0.850491
0.39216
0.71973
-0.301065
0.185828
-0.420186
-0.442945
0.618756
0.264655
-0.542812
1.09616
0.459946
-0.127376
-0.673983
-0.753781
-0.17262
0.738316
0.850059
-0.521334
0.390513
-0.00353826
1.67632
-0.670951
-0.473051
-0.318231
0.683624
-0.386013
-0.228838
-0.642095
0.382516
1.48914
-0.375875
1.00194
0.0321723
0.762416
0.522906
-0.414231
-0.348125
-0.700121
0.921419
0.288416
0.650959
0.297955
-0.409529
-0.0710374
-0.422168
0.43072
0.757598
0.68341
-0.108746
0.0506482
-0.107662
-0.153011
0.580172
0.376721
0.372613
0.0676402
-0.677043
-0.198041
-0.738483
-0.453539
-0.103757
-0.232325
0.569746
0.299186
0.643168
0.600505
-0.453932
1.01962
0.403977
0.137331
0.704697
0.46368
0.944166
1.18632
-0.0286148
-0.43667
-0.180786
1.81829
0.29499
0.431758
-0.107759
0.127981
-0.0997613
0.337546
-0.0659998
0.564326
0.488913
-0.1459
0.192069
-0.255681
-0.0610099
-0.536734
-0.358359
-0.109834
-0.166112
-0.590442
0.380692
1.64245
-0.704551
0.488332
-0.31566
-0.557491
0.730117
-0.387467
-0.520855
-0.886738
0.486359
-0.405144
-0.622267
-0.782597
0.843923
-0.29457
-0.204503
-0.219055
-0.544621
0.306394
-0.375602
0.939956
1.54885
-0.76744
-0.0716471
-0.561296
0.615463
-0.519878
-0.0673457
-0.632847
0.99875
-0.517404
-0.793779
-0.131438
-0.718256
-0.284399
-0.551177
-0.673468
-0.513365
0.970123
1.02871
-0.0795691
-0.794463
-0.180796
-0.31623
-0.0314269
-0.322753
-0.108274
-0.12853
-0.101278
-0.725248
-0.528722
-0.63846
-0.494595
-0.158051
0.865917
0.626436
1.1071
-0.514423
-0.106312
0.386025
0.80763
0.936082
-0.695454
0.120282
-0.227383
-0.889466
1.04114
-0.640215
-0.384647
-0.761972
-0.350261
-0.510388
-0.101739
-0.395213
-0.679799
1.07782
0.598294
-0.626146
-0.637911
0.667992
1.84742
0.0433873
-0.462791
-0.58786
0.517311
-0.490105
-0.470883
-0.504007
-0.747597
-0.536786
-0.608105
-0.651109
-0.72626
-0.0998089
-0.286134
-0.497
0.423204
-0.467783
-0.719662
-0.657796
-0.103462
-0.775816
-0.607893
-0.509412
-0.110118
1.05348
0.674514
0.92537
-0.254168
-0.615188
-0.24084
-0.561202
-0.34583
-0.661641
0.372237
-0.415468
0.848729
-0.529955
-0.528512
0.612689
0.147558
0.77713
-0.204568
-0.617464
0.176742
0.966533
-0.240287
0.372374
-0.171289
1.23932
-0.334188
-0.589044
-0.236561
-0.219249
-0.736222
-0.272136
-0.665404
0.4567
0.579142
-0.704197
-0.464418
-0.667319
0.187844
-0.0774273
-0.695453
0.748268
-0.483472
-0.500748
0.599263
-0.550736
1.82569
-0.0986284
-0.681449
-0.153842
-0.189812
0.0498396
-0.67009
-0.513492
-0.543885
-0.329143
-0.0158491
-0.288212
0.992535
-0.581073
-0.636139
-0.637158
0.0330765
0.964204
-0.563465
0.774969
-0.611777
0.0712854
-0.627344
-0.480176
1.07487
-0.545582
-0.508553
-0.111546
-0.81982
0.551814
-0.51275
1.74011
-0.0913776
1.02527
-0.237695
-0.604066
-0.52842
-0.0945009
0.207173
0.0208077
0.887452
0.67378
-0.142683
0.536434
0.762484
-0.564374
0.12323
-0.474768
-0.544058
-0.657916
-0.500904
-0.672443
0.379286
0.955287
0.482421
0.72246
1.53035
0.961938
1.20379
-0.00971102
-0.417753
-0.117401
0.163287
0.610041
-0.530643
0.587175
0.2177
0.71297
0.884846
0.691282
0.101274
-0.615491
-0.111519
-0.575647
1.68462
-0.663521
-0.116485
-0.594018
-0.62031
-0.491865
1.12615
-0.0837979
0.886807
0.647357
0.408561
0.41019
0.905016
0.0736392
-0.33265
-0.564282
-0.721244
0.298882
-0.436706
0.357699
-0.0327832
0.277018
-0.752539
0.265138
-0.176826
-0.53021
-0.738795
-0.550357
-0.162848
1.60849
0.672277
0.0446913
-0.69462
0.341318
-0.219511
-0.167499
-0.238896
0.393594
0.397658
-0.116509
0.376404
0.318765
0.228337
0.159772
-0.531596
0.325294
-0.317897
0.774804
-0.406217
-0.506725
0.36233
0.561063
-0.642691
-0.152324
0.156331
-0.658232
0.501986
0.475007
0.446283
0.634467
-0.0927067
0.210217
-0.692895
-0.474999
0.350144
0.878793
-0.102851
0.187941
-0.39556
-0.35296
-0.575566
0.927247
0.550839
0.710659
-0.58837
-0.693288
0.758356
-0.20497
0.130409
-0.542431
0.698847
-0.657962
-0.535629
-0.0950278
-0.10577
-0.731946
0.509275
0.748513
0.987952
1.50374
-0.391365
0.0166602
1.21861
0.366639
0.29744
-0.528465
-0.365053
-0.588093
0.826474
0.739209
0.103198
0.685347
-0.074685
-0.540078
-0.65232
0.440061
-0.711924
-0.573156
-0.434403
0.75936
-0.542542
0.271107
-0.772954
-0.54381
0.686903
-0.487168
0.677136
-0.520833
0.0598518
-0.558724
-0.608993
0.397808
-0.219807
0.650008
0.21527
-0.84202
0.500888
-0.505296
-0.570251
-0.156397
1.0394
0.839249
0.345648
0.399251
0.665209
0.644585
0.651239
1.16747
-0.519398
-0.1265
0.39254
0.353881
0.361813
-0.422075
-0.732185
-0.515354
0.497288
-0.268449
0.642299
0.243937
0.421842
-0.605764
0.722187
0.867594
0.780056
-0.438855
0.704198
-0.261403
-0.618951
-0.626252
-0.569561
-0.278706
-0.318514
-0.494708
-0.216335
-0.171765
-0.527018
0.766145
0.738092
-0.661621
0.644345
0.59622
0.710167
-0.244446
0.594148
-0.333383
-0.54833
-0.104952
-0.363082
-0.341605
0.404916
-0.115107
0.208225
0.656568
-0.500256
0.890419
0.438918
0.72367
-0.00374369
-0.25591
0.531144
-0.0526931
-0.487731
-0.576441
-0.210806
0.973278
0.82631
-0.493125
0.70064
-0.150405
-0.0779887
-0.0794946
1.47525
1.01627
-0.363062
0.0449856
1.25138
0.776834
0.537141
-0.479719
-0.537564
0.634859
-0.298302
-0.512366
-0.582721
-0.134985
-0.152913
-0.60998
-0.49232
-0.132574
-0.464267
-0.185785
-0.309939
-0.0949478
0.959153
-0.475236
0.560883
-0.108673
1.23952
-0.54722
-0.0731977
0.324356
0.0758173
-0.0851023
-0.48855
-0.32424
-0.293432
-0.681302
-0.614782
-0.570326
-0.65717
0.701336
-0.0896082
-0.201346
-0.481607
-0.255613
-0.0605412
0.596356
0.61531
1.75843
-0.156044
-0.311043
-0.502337
0.224478
0.709916
-0.72499
0.175631
-0.518849
0.393146
-0.591389
-0.237628
-0.547215
-0.188779
-0.157857
0.748905
-0.276851
-0.103183
-0.641147
-0.159968
0.659553
-0.620641
1.70175
-0.648988
-0.423224
-0.647395
-0.663124
0.704088
-0.688673
-0.555174
-0.599728
-0.0970159
-0.293761
-0.30305
-0.184721
-0.399231
-0.0801989
0.76731
-0.799634
0.747049
-0.418181
-0.231492
-0.441681
-0.171623
-0.525419
-0.777818
0.355069
-0.490217
0.634503
-0.644583
-0.0888338
0.7337
0.333595
0.073149
-0.327285
0.346703
-0.54078
-0.459174
-0.610467
0.71312
-0.180222
-0.285924
1.92537
-0.600819
-0.523959
-0.120029
-0.6809
-0.930004
-0.207448
0.744265
-0.143345
0.863742
-0.233225
-0.715972
-0.0871623
-0.585771
-0.631009
-0.0800216
-0.244957
0.550776
-0.696686
-0.745162
0.82058
-0.15244
-0.0779475
-0.488535
-0.254015
-0.54695
-0.742366
-0.0238571
1.8071
-0.17336
-0.427547
-0.531491
-0.607172
0.540441
-0.696093
-0.20154
-0.0913767
-0.151137
0.0842233
-0.521613
-0.0846144
0.0336226
-0.175283
-0.316427
-0.126328
-0.711553
-0.776341
-0.14429
-0.203044
-0.240223
-0.267522
-0.72056
-0.191858
-0.526
0.844832
-0.559556
-0.520694
-0.428777
-0.149179
-0.204191
-0.656358
-0.115147
-0.414412
0.10523
-0.298124
0.434083
-0.611369
-0.638852
-0.200078
0.871978
-0.550198
0.476302
-0.457343
0.59994
-0.241817
-0.283586
-0.61324
-0.0676915
-0.294144
-0.128473
-0.0915402
-0.557323
0.379662
0.919123
-0.419366
-0.120106
0.173175
-0.0755341
0.551017
-0.190467
-0.0732874
1.61189
0.431397
-0.12203
0.0885298
0.929924
-0.132913
0.606039
-0.734672
0.244479
-0.123814
0.306715
0.224111
0.146001
1.37938
-0.262128
-0.184781
1.35589
-0.593158
-0.239964
0.168872
-0.156996
0.335373
0.253992
-0.565138
-0.165879
0.409649
1.04601
-0.185731
-0.0982512
-0.383686
-0.121181
0.648618
-0.588988
0.382426
-0.081867
-0.0929904
-0.0929855
-0.116665
-0.0144129
-0.0951494
-0.0958231
0.940803
-0.152945
1.01221
-0.172474
0.302527
-0.0911357
0.662524
0.799413
0.287122
-0.144023
0.567882
-0.106344
-0.0944379
-0.65186
-0.0963878
-0.499201
-0.482949
-0.574226
-0.131364
-0.151302
-0.461681
-0.10954
-0.327301
-0.112747
-0.141097
0.164334
0.216518
0.384529
-0.143507
0.782666
0.678616
0.302896
0.278095
0.089502
-0.139345
-0.403209
0.833562
0.336936
-0.0690812
0.611789
-0.614097
-0.120575
-0.07609
-0.0933775
0.504727
0.361955
-0.584988
-0.0970174
-0.119124
-0.0893581
0.637508
0.534768
0.385631
1.62776
-0.17951
-0.479328
-0.0938533
-0.129117
0.431228
-0.187586
0.426689
0.0661835
-0.0879417
-0.476401
0.401174
-0.0596207
-0.0751329
-0.115942
-0.101949
0.566011
0.0475898
0.713159
0.364111
0.465477
0.507305
-0.358535
-0.286229
-0.117174
-0.228032
0.540205
-0.122765
-0.145493
-0.0918239
-0.118722
-0.223975
0.631119
-0.119542
0.426277
-0.110351
0.359319
-0.124593
-0.0923112
-0.330744
0.649614
-0.147996
-0.329162
-0.100459
-0.0889668
-0.165491
-0.578682
-0.0823199
-0.0941739
0.5225
0.273417
-0.0825053
-0.614298
-0.10798
-0.103182
-0.291874
0.687655
-0.202423
-0.444224
-0.130145
-0.246871
-0.460265
0.665818
-0.188345
-0.084592
-0.392593
0.863045
-0.134906
-0.0875151
0.731088
-0.474834
-0.179523
-0.733641
-0.106765
0.549081
-0.0964727
-0.0949382
-0.432618
0.536425
0.73924
-0.08968
-0.13058
-0.206616
-0.165133
-0.468095
-0.0889719
-0.129641
-0.469611
0.105017
-0.0899364
0.582197
-0.0900967
0.431866
0.389649
-0.0869892
-0.114181
-0.0830374
-0.150771
-0.0361979
-0.0930979
-0.0952585
-0.0643637
-0.0974976
-0.0975045
-0.0626237
-0.119384
0.532811
-0.0904286
-0.0665091
-0.0613264
-0.0669016
0.344752
-0.0789378
0.334618
-0.538137
0.222427
-0.296242
-0.20614
0.578656
0.0560788
0.417906
-0.0652328
-0.0896848
-0.0802951
-0.233814
0.400919
-0.0891167
-0.608799
-0.271775
0.330634
-0.101022
-0.240194
-0.158393
0.021954
-0.232507
-0.0875603
-0.0836567
-0.0726481
-0.0653276
0.625173
-0.56904
-0.0966302
-0.0783914
-0.368536
-0.0474738
0.426101
-0.162381
-0.285275
-0.144186
-0.196522
-0.25882
-0.0592915
-0.132499
-0.0669724
-0.380765
-0.0611843
-0.0894079
0.414091
-0.118294
-0.0858307
-0.0635281
-0.134192
0.169453
-0.488285
-0.510005
-0.0441921
-0.0868536
-0.0831573
0.114472
-0.111504
-0.0630221
0.519603
-0.0999678
-0.107161
0.085368
-0.474121
-0.0868187
-0.421144
-0.555331
-0.122999
-0.48193
-0.0937718
-0.102579
-0.321859
-0.104893
-0.11449
0.787707
0.861459
-0.462933
-0.289443
1.97198
-0.463889
-0.118438
-0.0726194
0.239432
-0.106336
-0.627409
0.160809
-0.0665015
-0.0592261
-0.0782795
-0.330164
-0.593004
-0.278046
-0.129008
0.976519
-0.141517
-0.497905
-0.53557
-0.301246
-0.0909852
-0.117303
-0.497168
-0.142977
-0.609024
-0.162598
-0.192157
-0.402465
0.63215
0.516822
-0.521281
-0.68087
-0.0600306
-0.066889
-0.0860397
-0.465135
0.492337
-0.0713431
-0.514369
-0.113995
1.03376
0.521034
-0.0580548
-0.0710166
-0.0757242
-0.539101
0.911523
-0.548644
-0.0652518
-0.0723201
0.555882
0.828456
-0.0846496
-0.176095
-0.285941
-0.145354
-0.0552054
-0.136826
-0.115597
-0.270686
-0.108926
-0.0792121
-0.138003
-0.057858
0.945741
-0.379112
-0.0746449
-0.0870252
-0.0611819
-0.1626
-0.160691
-0.406104
-0.0861556
-0.598296
-0.0874914
-0.0744443
-0.0918908
-0.123025
-0.547566
-0.15898
-0.213935
-0.14993
-0.0871999
-0.0926251
1.40891
0.242117
-0.106659
-0.150821
0.969374
-0.339743
-0.0810327
-0.228747
-0.163378
-0.0773194
-0.0929371
-0.0564292
-0.087649
-0.480208
-0.148956
-0.0995904
-0.27675
-0.0990292
-0.098278
-0.554536
-0.0689225
0.816569
0.685352
-0.258369
-0.0770489
-0.126934
-0.3773
-0.18585
-0.418095
-0.180306
-0.228246
1.05116
-0.104952
-0.0842633
-0.195272
-0.0690302
1.06805
-0.143361
-0.190936
-0.666899
-0.111613
-0.0737827
-0.364347
-0.136629
1.08256
-0.678916
-0.157154
-0.127214
-0.0839667
0.589454
-0.174074
-0.65934
-0.458042
-0.119181
-0.435604
-0.0731084
-0.0845469
-0.126592
-0.0787746
0.590943
-0.0904066
-0.0674733
0.766087
0.588678
-0.137333
-0.128535
-0.0810308
0.9444
-0.0740718
-0.0751582
-0.0720758
-0.0960252
-0.0765807
0.85559
-0.0850706
-0.175689
0.454388
-0.0710775
-0.460699
-0.0817896
-0.0762773
-0.148379
0.732895
-0.0849017
-0.00318422
-0.160949
0.611675
-0.575201
-0.0839969
-0.0429614
-0.0706409
-0.132537
-0.112892
-0.0823634
-0.500242
-0.0957799
-0.0840206
-0.0789403
-0.723566
-0.0861214
-0.109336
-0.101674
-0.120896
-0.0823026
-0.104802
-0.0883923
-0.10255
-0.190411
0.0738171
0.566355
-0.0760706
-0.304096
0.502985
0.61063
-0.0782208
0.836668
0.314315
0.229789
0.142904
0.336365
0.24955
0.155409
-0.177332
-0.264957
-0.252622
-0.156054
1.34371
1.37443
-0.584934
-0.563923
-0.523167
-0.531803
-0.0798663
-0.333674
-0.105708
0.585178
0.526354
-0.517488
-0.0831306
0.351478
-0.142518
-0.0945939
-0.0821375
-0.275442
-0.215188
0.295869
-0.721592
-0.105845
-0.535115
0.146199
-0.116695
-0.233886
-0.0814354
-0.124685
0.131515
-0.646934
-0.0831963
-0.134746
0.844982
0.477228
0.872396
1.09461
-0.279161
-0.435848
-0.134739
-0.159854
0.217283
-0.694925
0.455073
-0.172866
-0.119993
-0.202507
-0.578368
-0.784921
-0.341804
-0.245126
-0.484344
0.262956
-0.186333
-0.261817
-0.0794292
-0.405793
-0.119538
0.408708
-0.412473
-0.162901
-0.645549
-0.185603
1.03661
-0.521543
-0.387556
-0.144558
0.295898
0.62708
0.0473902
-0.353302
0.404338
0.885435
-0.0773897
-0.22437
-0.628621
-0.0765232
-0.358237
-0.202197
0.328717
-0.15333
-0.109437
-0.0795825
0.382178
-0.0562741
-0.170432
-0.156371
-0.2834
-0.457422
-0.0781412
-0.244794
-0.278763
0.408702
-0.120954
-0.095486
0.618126
-0.390285
0.634187
0.946194
0.444552
0.531642
-0.117086
0.485287
-0.712437
-0.171714
-0.289722
-0.207602
-0.18815
-0.0822846
-0.748311
0.690482
-0.202101
0.527579
-0.199814
1.1967
-0.127956
-0.0799196
-0.125534
-0.242477
0.474989
-0.438651
0.190562
0.0107317
0.679296
0.138807
0.361876
0.246764
-0.151772
0.711897
-0.1396
-0.317935
-0.21994
-0.0115284
0.309708
-0.260688
-0.0749598
-0.498402
0.430083
-0.108911
0.36121
-0.0902686
0.461021
-0.184177
-0.0696571
-0.528791
-0.519104
-0.138728
-0.513281
-0.317961
-0.201652
0.245675
-0.482963
-0.421886
0.101781
1.04875
-0.162457
0.0608309
-0.12904
-0.445006
-0.188268
-0.0826176
-0.347666
0.398143
0.46673
-0.454333
0.492196
-0.165707
-0.342792
-0.226238
-0.207617
-0.163421
0.586944
-0.093113
-0.162041
0.889163
0.717566
0.483596
-0.0847582
-0.293162
-0.102843
-0.145101
0.205096
-0.169166
-0.250776
-0.0777639
-0.580203
0.132539
-0.38071
-0.603053
-0.259025
0.862347
0.35056
-0.301759
-0.699414
0.880966
-0.174395
0.230958
-0.15538
0.394633
-0.165528
-0.0747773
-0.107382
-0.566542
-0.480274
-0.444793
-0.163578
-0.0800272
-0.197963
-0.109721
-0.238124
-0.2375
0.382748
0.761666
-0.150414
0.197479
-0.741565
-0.566688
-0.553231
-0.740111
-0.418161
0.648761
-0.258863
0.265511
-0.410026
0.602944
0.491058
-0.160535
0.505318
0.726285
-0.227721
-0.637817
0.404533
0.608719
-0.191191
-0.206915
-0.192708
-0.386079
0.633902
-0.126436
-0.163861
-0.264574
-0.0738789
-0.200473
-0.100008
-0.0770787
-0.112219
0.180057
-0.0749583
0.521403
0.0188963
-0.0975683
0.629367
0.888721
-0.0993561
-0.438666
0.592118
-0.551971
-0.361303
-0.740016
-0.081144
-0.137692
0.538747
-0.117492
0.665618
-0.192721
-0.212803
-0.627296
0.141016
-0.0821638
-0.635836
-0.536655
-0.428154
-0.391403
-0.439893
-0.376993
-0.290064
-0.574201
-0.0727272
0.518814
-0.407283
0.589427
-0.60096
-0.275752
-0.243317
-0.657465
-0.302465
-0.579977
0.589747
-0.21797
-0.680657
0.409932
-0.68859
-0.245115
-0.274634
-0.124278
-0.25719
-0.794243
-0.24773
0.700777
0.51409
0.392372
-0.1697
0.750251
0.51606
0.419193
-0.273006
-0.262646
0.605501
-0.127764
0.483149
-0.0163935
-0.721622
0.294317
0.204628
-0.513938
0.228499
-0.478856
-0.309266
-0.331587
-0.752412
0.0853769
-0.376853
-0.0682021
0.462589
-0.717945
-0.740085
-0.104293
-0.536827
-0.216321
0.687519
0.22794
-0.506175
0.546288
-0.85735
-0.143208
0.444098
0.928349
-0.0991186
-0.477207
-0.103562
-0.111896
-0.255044
-0.3492
0.734417
0.217953
0.578902
0.277934
-0.245752
-0.569352
-0.399939
0.281648
-0.0801106
-0.063487
0.837972
-0.262354
-0.276808
-0.515735
-0.784995
-0.110315
-0.243919
-0.203062
-0.248822
-0.269957
-0.365495
0.734548
-0.261397
-0.53923
0.55057
0.503468
-0.0702319
-0.482018
0.053573
0.476828
-0.340291
-0.406941
-0.78504
-0.626633
-0.816004
-0.107694
-0.502146
0.126728
0.782177
-0.0675501
0.478634
-0.136633
-0.191837
0.976256
-0.245616
0.827117
-0.545377
1.16829
-0.0449291
-0.133774
-0.366729
-0.312597
-0.789771
0.517306
-0.487283
-0.820598
-0.440469
0.565173
-0.702878
-0.420145
-0.541918
-0.467933
-0.342004
-0.216244
-0.230633
-0.178268
-0.488678
-0.320685
-0.833071
-0.489901
0.638312
-0.245728
-0.126552
-0.289122
-0.10897
0.706052
0.539977
-0.861812
0.912155
-0.855302
-0.189512
-0.501864
0.787449
-0.0740181
-0.20657
1.51409
0.330862
0.841187
-0.609247
-0.081042
-0.822944
-0.260953
-0.152297
-0.0989751
-0.390912
-0.0618931
-0.229966
-0.247802
-0.145694
-0.245789
-0.797518
-0.455615
-0.0585302
-0.165229
0.61081
0.852243
-0.387874
0.265701
-0.398979
0.55971
-0.0675582
-0.0696032
-0.110296
-0.149436
-0.265761
-0.314376
0.511386
-0.222485
-0.81954
-0.392464
1.12817
-0.0678076
1.16694
-0.342786
0.308568
-0.808512
-0.0866845
-0.530289
0.545654
0.707206
0.731235
0.461178
-0.520688
-0.430166
-0.0613426
-0.233292
-0.867951
-0.0777604
0.210715
-0.590244
-0.26627
-0.171737
-0.166722
-0.2255
0.570081
-0.358407
-0.183651
-0.169048
0.789494
0.575503
-0.653096
0.357984
0.578471
-0.674387
0.991657
-0.186719
-0.452004
0.556632
0.435743
0.508378
-0.54477
0.433391
0.619916
0.473007
0.536357
0.478718
-0.605581
-0.106532
-0.247917
-0.450536
-0.574201
0.441197
-0.710039
0.474278
0.828617
0.977797
0.551888
-0.39432
-0.0707988
-0.468029
-0.646603
-0.424079
-0.567151
0.563022
-0.510364
0.539378
0.696866
-0.785519
1.58429
-0.0701874
0.551176
0.33394
0.365126
-0.25636
0.490025
0.783769
-0.505826
-0.12715
0.316521
-0.14927
-0.718399
-0.2977
1.41252
1.31632
-0.618065
1.73255
-0.210122
-0.121473
-0.529583
0.110384
0.846193
0.19863
1.08555
0.280756
0.371016
0.60675
-0.194281
-0.415182
0.653369
0.536785
-0.190278
-0.554152
0.566245
-0.0665942
-0.534146
-0.193546
-0.0665588
-0.271021
-0.157855
-0.439594
0.406242
0.824324
0.568659
0.659077
0.537316
-0.150282
0.710122
-0.512924
-0.444474
0.562245
-0.247783
-0.227901
-0.190527
-0.218127
0.923408
0.468156
0.678225
0.400464
0.570268
0.563717
0.820819
-0.28075
0.550528
-0.691135
0.371212
-0.3939
-0.58147
0.625915
-0.403317
-0.594154
0.761099
0.785353
-0.360369
-0.829236
0.807562
0.645913
-0.296679
1.03181
0.247047
-0.35352
-0.367409
-0.536456
-0.562552
-0.289835
0.606678
0.421759
0.436768
0.138542
-0.50743
-0.480922
-0.458711
0.265928
0.493378
-0.507696
-0.508111
0.761375
-0.51948
-0.390922
-0.169135
-0.436207
-0.346787
-0.164434
0.237682
1.44509
-0.332793
1.28782
0.0752486
1.04867
0.809325
0.569892
-0.16768
0.615033
-0.452613
0.515108
-0.335638
-0.389693
0.430739
-0.356948
-0.0756836
-0.070416
0.594013
-0.23091
-0.170659
0.233998
0.248794
1.79228
-0.472428
1.16571
-0.189802
-0.668433
-0.37992
-0.149641
0.147007
0.362836
-0.256472
-0.00669633
-0.238834
-0.389201
0.545476
-0.407206
-0.349435
0.549469
-0.592365
1.66198
-0.69202
-0.428618
0.141953
-0.0621323
-0.063855
-0.466842
-0.864114
-0.0760823
0.950957
-0.492115
1.35492
-0.442251
0.00225921
0.81644
0.203632
0.870957
0.251864
0.501425
-0.451809
0.040097
0.289876
0.605294
0.86681
0.0600754
-0.0124038
-0.232716
-0.303505
-0.470452
-0.360457
0.18605
-0.407189
-0.51671
0.530062
0.526307
0.396851
-0.377402
-0.443216
0.201415
-0.27959
-0.553565
0.352214
-0.505278
-0.502093
-0.483876
-0.247891
0.356828
-0.597411
-0.0839534
-0.553467
-0.0539131
-0.102435
0.523859
-0.447389
0.472456
-0.127207
-0.498009
-0.484014
-0.788212
0.28866
0.669563
0.508987
-0.424
-0.700972
-0.660924
-0.433107
-0.723082
-0.0750564
-0.0611697
-0.734033
-0.536582
-0.473799
-0.636254
0.860573
-0.0768265
-0.268553
0.525179
-0.64404
-0.492897
-0.481918
0.565822
-0.234963
-0.715877
0.12027
-0.477762
-0.768804
-0.415535
0.504046
0.0785153
-0.129641
-0.751122
-0.376613
0.629168
0.388131
-0.176197
-0.0882929
-0.313372
-0.182317
-0.726199
-0.155237
0.739572
0.551321
-0.493148
-0.0715677
-0.139514
-0.0504893
-0.465832
-0.134652
-0.438259
-0.362712
-0.194317
-0.374691
-0.129994
0.410435
0.316647
-0.494839
-0.0835081
-0.168047
-0.786882
-0.355777
-0.332211
-0.510582
-0.24583
-0.079089
-0.192922
0.801594
-0.851054
-0.416542
-0.75683
-0.131502
-0.837789
-0.829534
-0.318232
0.400553
-0.4877
-0.374221
0.410773
0.511264
-0.178805
-0.319601
-0.0225975
-0.220855
-0.44235
-0.438045
-0.259486
-0.434952
-0.398945
-0.269715
-0.0776509
-0.506244
-0.214588
-0.855787
-0.856775
-0.547685
0.583648
0.70303
0.454725
-0.65221
-0.0756405
-0.329247
-0.285362
-0.806441
-0.490852
0.708051
-0.427622
-0.385768
-0.075905
-0.0529331
0.504891
-0.78873
-0.319312
-0.898357
-0.190889
-0.0563874
-0.0430136
-0.470596
-0.0888992
-0.450845
0.625112
-0.155572
-0.0526516
0.446309
-0.0798646
0.676855
-0.0678529
0.42809
-0.15139
0.481908
-0.678549
0.0989468
-0.176407
-0.826626
-0.389625
-0.0681075
-0.508127
-0.629454
0.616669
-0.803406
-0.542422
-0.278292
0.772709
0.21539
0.543433
-0.209269
-0.224448
-0.437371
-0.208007
0.549228
-0.103471
-0.49455
0.158269
0.199345
-0.198071
-0.230649
0.704414
-0.823223
-0.457608
-0.151348
-0.291172
-0.18655
-0.0652865
-0.235231
0.71794
0.704894
0.503129
-0.451433
-0.692959
0.818795
-0.694109
-0.567291
-0.639891
-0.738737
-0.611284
0.922759
-0.419568
-0.158923
-0.461345
1.18161
0.516307
-0.741316
0.371724
1.22726
-0.497213
-0.715366
0.569267
-0.100693
-0.521578
-0.0076778
0.759874
-0.42468
-0.116805
-0.151875
-0.194975
0.152609
-0.458603
-0.536305
0.480451
0.866111
-0.41258
-0.317836
-0.432512
0.321082
0.394234
-0.751339
-0.6068
0.603433
-0.4865
1.21231
-0.506023
0.501932
-0.139695
0.393343
-0.448987
0.320841
0.664843
-0.828663
0.777357
-0.07309
-0.421764
0.253602
-0.340516
-0.4121
-0.72879
-0.791501
0.421561
-0.485283
0.814827
-0.666691
0.114314
0.807221
-0.420322
1.24041
-0.060926
0.783798
0.663164
-0.679486
-0.526224
-0.50997
-0.179683
-0.0711539
0.103892
-0.545888
0.4685
0.922639
-0.437023
0.504869
-0.0104018
0.881179
-0.11891
-0.507093
0.749655
-0.0728512
-0.642651
-0.334519
0.5212
-0.175683
-0.560079
0.535213
-0.586713
0.412592
-0.0745549
-0.0346778
-0.526317
0.781404
-0.183539
0.345134
0.301472
-0.264084
-0.41792
1.86777
-0.359455
-0.545027
0.00686255
-0.576834
0.783507
-0.193413
0.510738
0.474244
-0.363968
-0.650504
-0.723143
0.711834
-0.211566
-0.107722
-0.172453
0.503687
-0.139849
-0.315218
-0.310434
-0.215579
1.48311
-0.0738692
-0.500528
-0.784981
-0.118342
-0.168989
0.370309
-0.145135
1.14092
-0.534488
-0.264467
-0.0685343
0.709701
1.13331
-0.333607
-0.368433
-0.57215
0.493229
-0.0728721
-0.476151
-0.475693
0.463875
-0.240277
0.418185
0.655591
0.64527
0.673416
-0.612754
-0.339534
-0.204624
0.3743
2.60291
-0.498956
1.19867
-0.355636
-0.654434
-0.189916
0.344644
-0.185126
-0.384784
1.98055
0.796686
1.85904
-0.248295
-0.352953
-0.231659
-0.477374
-1.00145
-0.599393
0.137017
-0.190995
1.41792
0.343273
-0.678533
0.468306
-0.110782
-0.271057
0.21767
0.260245
0.103542
0.301812
-0.149286
0.505544
0.0133663
-0.714263
-0.557397
1.34859
1.63393
-0.0240885
1.46579
0.381709
0.423159
0.176445
-0.432122
1.58915
1.78662
1.70745
1.50727
-0.394672
-0.304479
0.624824
0.590578
-0.0693428
0.662789
-0.518824
-0.899953
-0.763792
0.0550745
0.984528
0.902229
-0.638667
1.06956
-1.41342
1.14185
1.10353
1.54471
0.745067
0.947411
0.830012
0.78603
1.74832
1.22428
0.86427
0.707948
0.54663
1.66928
1.18714
1.0255
1.38685
-0.675911
-0.559067
0.358516
0.517251
-0.0127188
1.76216
-0.369446
-0.470906
-0.29412
-0.358523
-0.48626
-0.568571
0.448115
-0.662477
0.308729
0.390398
1.4511
-0.263054
0.211603
1.04427
-0.521183
0.266415
0.0323369
-0.202173
0.443006
0.162153
0.474375
0.0884785
-0.522636
-0.472955
0.517882
0.0609303
0.419794
0.186699
-0.0671566
-0.494135
0.162289
-0.330567
-0.170599
-0.0734612
1.17117
0.0318128
-0.179736
-0.0224245
-0.974808
-0.18948
1.25355
1.27548
-0.0545531
-0.147935
0.705201
0.47173
-0.477676
-0.553628
-0.316207
-0.589375
-0.0498132
0.94985
-0.709041
0.769265
1.4528
0.464239
-0.244603
-0.290069
-0.0849058
-0.365999
-0.243072
-0.594134
-0.196979
0.687385
0.123088
-0.648083
-0.225949
0.457209
-0.431017
-0.338543
-0.520869
-0.114081
-0.0969984
1.39701
-0.592033
0.64031
-0.186718
-0.0703983
0.421057
0.70842
-0.282909
-0.405904
-0.162831
-0.0738507
-0.396411
0.0634179
-0.461141
-0.536228
-0.238473
-0.166983
0.445835
-0.314447
-0.337817
0.48051
-0.390157
-0.435637
-0.127874
0.972153
-0.310195
-0.791402
0.777679
0.928141
-0.204786
-0.842545
0.230834
-0.55627
0.871879
1.22768
-0.411887
1.03691
0.850173
0.377687
0.0825841
0.17226
-0.171927
-0.072169
-0.0660321
-0.446296
-0.490701
-0.163069
-0.746772
0.66423
-0.29979
-0.253689
0.72185
0.678652
-0.558698
-0.066439
-0.152456
0.404672
0.638736
-0.087726
-0.495751
1.1185
0.87818
-0.694603
-0.273226
-0.226667
0.539045
-0.529995
0.49165
0.57064
-0.0972156
1.22637
-0.486785
-0.209007
-0.417396
-0.139666
-0.393033
-0.208683
0.563084
0.278047
-0.141019
-0.0719854
0.35694
-0.286836
-0.378214
-0.211271
1.67759
0.00564438
0.813383
1.27557
-0.637746
-0.128072
-0.111209
-0.490447
-0.437255
0.00927252
-0.376995
0.164013
-0.46707
-0.379247
0.87742
-0.471148
-0.138681
-0.677701
-0.0718062
-0.175912
0.222224
-0.739372
0.859612
-0.429192
-0.649737
0.641149
0.193386
-0.503989
-0.221071
-0.461209
-0.485731
0.471837
-0.719377
-0.805594
-0.324209
-0.513705
-0.406841
0.029109
-0.474191
-0.673574
-0.445155
-0.407924
-0.0287766
-0.164775
0.744347
-0.172289
-0.301306
1.13614
0.620225
-0.0629475
-0.183175
1.29727
0.46515
-0.133015
-0.159726
1.33412
-0.812058
0.840019
0.0650228
-0.165892
-0.497886
0.239445
-0.606605
0.586511
-0.0705672
-0.458838
-0.696686
-0.346924
-0.398513
-0.062682
0.769835
0.444986
0.118568
-0.559055
1.09871
-0.789165
-0.52641
-0.784605
0.975851
-0.994992
0.297425
1.71312
-0.811969
-0.520775
-0.532312
-0.437472
-0.431741
-0.771232
-0.478431
0.727417
-0.0544608
-0.217256
0.891008
0.707074
-0.0705349
-0.0711503
1.44228
-0.513791
-0.00979885
0.586537
-0.402353
-0.142805
-0.527844
-0.579415
0.661212
-0.477572
0.354509
-0.645371
-0.343834
-0.283134
-0.402851
0.748504
-0.00343877
-0.352707
-0.345465
0.345529
-0.464849
-0.436998
0.793938
-0.187973
-0.414409
-0.560122
-0.800157
0.382329
0.781876
-0.25182
-0.356075
-0.680141
0.740503
-0.347782
-0.327698
-0.903853
-0.333239
0.477642
0.444901
-0.577491
-0.378346
0.214991
-0.569893
-0.105653
-0.0626997
0.688273
-0.12343
1.30629
-0.504572
-0.281377
0.440196
-0.0910811
-0.451301
-0.348047
-0.768404
0.76906
0.31745
0.776771
0.356041
-0.790707
-0.538641
0.43199
0.690336
0.37854
-0.559052
0.438385
-0.377981
-0.14391
-0.593533
0.345803
-0.357772
-0.813431
0.232381
0.406937
-0.531463
-0.705994
1.06236
-0.475753
0.694663
0.435164
0.296066
-0.867704
0.409891
-0.0704561
0.468174
0.0526522
-0.378795
-0.830985
-0.274275
0.45026
-0.0733968
0.500653
-0.0699499
0.827843
0.877676
-0.142246
0.460211
-0.181051
0.527857
0.519437
-0.343805
-0.138488
-0.235944
0.281614
0.807713
-0.288007
-0.357153
-0.433688
0.0117394
-1.26221
0.208767
-0.0638486
0.323226
-0.0589557
-0.144583
-0.645035
-0.492695
0.314157
-0.125689
0.874665
-0.0538387
1.02343
-0.0367142
-0.672017
0.410951
-0.228151
0.754654
2.12332
0.449825
0.427912
0.165334
1.36528
0.594911
1.91642
1.81316
-0.255534
0.152544
-0.165696
-0.366488
-0.214316
-0.340982
-1.12223
-0.573833
0.358015
0.277513
-0.483645
-0.467074
0.4334
0.326973
0.242891
-0.659452
0.125488
0.48452
-0.282539
1.59887
1.47919
0.193927
-0.134463
0.53336
1.45416
-0.0755957
-0.0590485
-0.750318
-0.415931
-0.62356
0.0670575
0.416887
0.0415366
-0.00789972
-0.938403
-0.693179
1.78201
1.39609
1.68228
1.52845
0.605736
1.57897
0.655678
-0.542503
1.65857
0.673297
1.01226
1.72272
0.772786
1.13435
0.912743
0.895112
1.08473
1.37233
0.963437
0.558668
0.798091
0.845174
1.1526
1.20384
0.72398
1.03754
-0.140064
1.1622
-0.789472
-0.168363
0.816527
-0.638476
-0.17852
-0.670571
-0.151983
-0.106658
-0.52317
-0.0689916
-0.577221
-0.270139
-0.0687771
-1.03777
-0.485342
-0.649951
-0.10945
-0.156971
-0.646813
-0.265671
0.156572
-0.248901
-0.223725
-0.654716
0.0643113
0.404956
-0.135473
-0.576103
-0.533287
-0.452313
-0.0758728
-0.472755
0.6132
-0.771137
0.730458
-0.280886
-0.606386
0.72528
-0.1309
-0.335226
-0.438693
0.262223
0.748186
0.0152092
-0.773992
0.319642
0.333424
1.32146
-0.105601
-0.644174
1.68063
-0.670071
-0.835991
0.781584
-0.18995
0.451645
0.56448
-0.49789
-0.1712
-0.679973
1.75987
-0.22105
-0.60699
-0.48701
-0.756981
0.812285
0.313471
-0.778574
-0.84972
-0.855204
-0.52641
-0.722884
-0.491152
0.583381
-0.158932
-0.716121
-0.574335
1.37571
-0.253411
-0.166003
0.154866
0.243998
0.326519
1.40361
0.567365
0.259324
-0.841498
-0.738215
-0.326466
0.707502
-0.605618
0.166473
-0.612959
0.356895
0.722548
-0.214997
0.464308
-0.232818
-0.816082
-0.469464
-0.542396
1.09491
-0.0605215
0.0338578
-0.21431
-0.140153
-0.678834
-0.0695363
-0.499692
1.08769
0.478554
0.782446
-0.551305
0.0115369
-0.569144
0.458537
0.443518
-0.298925
-0.161603
-0.0736565
0.0727754
-0.514015
0.0639728
-0.827039
0.457501
-0.839016
-0.448627
-0.466176
-0.800954
-0.491725
-0.401152
-0.0744138
-0.435741
0.39926
1.52747
-0.573108
-0.48866
-0.493533
-0.587987
-0.0691129
-0.543864
0.0326299
-0.183727
-0.546312
-0.812699
-0.677679
-0.714288
1.57441
0.678232
0.998148
-0.231206
1.60744
-0.11854
-0.180389
-0.656413
1.68522
-0.525471
-0.618887
0.273852
-0.668558
0.0288812
-0.175759
0.0635792
0.371842
0.0787171
-0.381186
-0.0629807
-0.715967
-0.743137
-0.509934
-0.478274
0.299684
1.70451
0.0354512
1.60334
-0.499279
-0.32629
-0.0200817
-0.837471
-0.306988
0.0439689
9.88525e-05
-0.599786
)
;

boundaryField
{
    frontAndBack
    {
        type            empty;
    }
    bottom
    {
        type            zeroGradient;
    }
    inlet
    {
        type            zeroGradient;
    }
    top
    {
        type            zeroGradient;
    }
    outlet
    {
        type            fixedValue;
        value           uniform 0;
    }
    car
    {
        type            zeroGradient;
    }
}


// ************************************************************************* //
