/*--------------------------------*- C++ -*----------------------------------*\
  =========                 |
  \\      /  F ield         | OpenFOAM: The Open Source CFD Toolbox
   \\    /   O peration     | Website:  https://openfoam.org
    \\  /    A nd           | Version:  7
     \\/     M anipulation  |
\*---------------------------------------------------------------------------*/
FoamFile
{
    version     2.0;
    format      ascii;
    class       surfaceScalarField;
    location    "28";
    object      phi;
}
// * * * * * * * * * * * * * * * * * * * * * * * * * * * * * * * * * * * * * //

dimensions      [0 3 -1 0 0 0 0];

internalField   nonuniform List<scalar> 
11265
(
140.332
-529.131
388.799
-762.662
7.5284
755.134
429.772
-372.007
-57.7642
664.087
257.883
-921.97
1510.77
-1069.43
-441.334
1216.28
-1527.12
310.842
-26.3137
467.594
-441.281
168.903
-841.912
673.008
962.056
-1610.79
648.737
-1767.7
1674.23
93.4696
-542.947
1759.23
-1141.02
1934.81
-793.797
607.427
181.248
-788.675
-25.657
-1316.69
1342.35
221.643
-1989.34
1023.19
-382.963
-640.231
-210.388
350.72
484.919
190.632
-675.551
1155.07
-1313.77
158.694
-307.831
374.595
-66.7642
1002.46
-1319.43
316.964
1221.59
799.506
-2021.09
74.2038
-1643.28
1569.07
-495.831
-1158.99
1654.82
475.762
182
-657.762
-185.249
-343.882
497.95
1012.82
1650.7
-1809.88
159.181
-97.579
-1688.73
1786.3
-1559.17
653.033
906.138
-308.167
653.231
-345.064
-190.405
-120.27
310.675
1287.07
-1212.86
355.249
-1407.36
1052.11
-1754.3
1754.3
101.567
1535.98
-1637.55
-1080.22
-478.949
654.277
-680.591
-385.294
941.707
-556.413
1331.86
-1317.25
-14.608
-1100.36
715.066
625.924
397.271
-384.886
-36.9035
421.789
-476.36
768.676
-292.316
-1618.44
1618.44
1253.57
-1437.88
184.308
-488.766
1710.35
1254.81
-313.103
1660.74
-1161.24
-499.498
77.067
-384.898
2065.92
-1135.51
-930.407
1817.29
-166.593
454.586
156.12
-610.707
-461.308
971.429
-510.121
-1173.81
1275.38
-567.863
970.54
-402.677
399.993
755.08
661.154
-492.25
-437.767
593.833
-156.067
1190.65
-835.397
2308.21
-1080.68
-1227.53
1163.95
-2009.51
845.554
-1605.8
1580.14
440.641
-1581.66
-758.99
1250.6
-491.608
-672.188
364.02
1661.45
-699.395
-1106.93
-870.896
1977.82
723.296
-368.809
-354.488
689.989
564.821
-258.212
1511.78
112.593
-317.184
204.592
-284.807
760.569
-334.415
564.244
-229.829
-324.501
809.42
-318.445
-147.47
465.915
316.944
112.828
1463
-460.536
-990.765
475.98
514.784
276.549
91.021
-367.57
948.848
-341.421
-1705.86
624.778
1081.08
13.1763
-859.628
846.452
-279.858
594.548
-314.69
157.525
-1093.89
936.369
1051.27
-1066.86
15.5856
373.068
518.269
-891.337
-245.386
699.973
-1103.49
-482.307
1585.8
-677.758
950.582
-272.825
1353.73
-1451.31
-624.777
235.081
389.696
-470.199
-1011.53
1481.73
-538.22
-794.45
1332.67
575.935
-996.026
420.091
-264.723
-316.342
581.065
405.675
-293.082
-1038.04
576.73
955.482
-797.957
-110.358
943.885
-833.527
-208.772
417.117
-208.345
-646.966
-343.799
-386.738
962.673
1856.37
-1856.37
-504.473
-120.304
-952.924
1574.03
-621.11
455.601
-889.8
434.199
-923.323
355.46
-941.908
-1058.08
-1490.71
341.48
1149.23
-272.318
936.405
-313.189
610.464
-297.274
-1941.9
999.994
-1143.13
-347.579
564.882
-1517.81
1728.52
-1725.74
-2.77841
191.269
-584.76
393.491
-1471.14
980.672
490.467
285.646
214.525
-500.17
309.134
-643.548
240.846
-416.602
175.755
2019.24
-864.781
-1154.46
-537.379
152.493
615.977
836.652
-1452.63
-183.945
424.791
431.42
876.571
-1307.99
-906.864
392.291
514.573
-1047.41
1447.4
-1068.6
309.607
750.765
-97.5343
537.388
-331.692
-205.696
1014.67
-538.69
593.376
-1403.81
810.438
-1342.24
238.747
-545.678
265.82
-1203.16
930.843
1941.89
-992.913
-948.977
276.801
1579.57
-2095.87
895.983
1199.89
363.51
-31.5653
-331.944
-223.652
481.552
-257.899
-108.649
-378.771
487.42
-465.506
147.06
340.592
-132.028
587.628
416.99
380.606
-797.596
-2044.29
1125.46
918.825
461.131
-530.842
69.7116
221.168
-362.587
141.419
995.182
1024.06
1789.39
-253.413
711.425
-476.344
796.412
-1389.55
593.14
341.69
381.607
1058.02
-1044.84
-484.776
-267.395
752.17
476.449
-135.138
-341.311
796.826
-615.579
537.572
-733.965
196.393
503.331
1157.4
-1240.01
701.788
1035.35
-1531.19
-3.12656
-1439.43
1442.55
326.068
824.109
-1150.18
622.843
269.948
-892.791
-2271.89
1158.64
1113.24
-1106.88
-1165.01
166.637
370.935
958.794
-632.725
878.814
-898.568
19.7543
-2099.38
992.455
-224.195
-189.083
413.278
-41.8462
1770.37
-825.844
63.1818
-1029.11
-1066.76
-229.234
450.402
-662.918
158.445
-278.068
-455.357
733.425
1104
-1574.2
782.866
-1374.39
591.526
708.444
-450.561
1947.85
-1444.52
-378.285
-1376.01
55.2764
412.318
-523.276
530.804
14.8774
-567.527
552.65
568.991
-283.346
-603.541
278.779
324.761
779.037
-362.048
34.0404
329.469
1188.47
-1191.6
175.888
229.787
427.623
-705.691
619.261
-1006
-2026.73
2026.73
-273.376
-464.001
737.377
699.079
405.865
-1104.94
579.574
171.192
402.764
376.273
-2199.75
1328.86
-926.36
-679.394
1605.75
-481.349
-721.812
-273.779
585.372
-311.593
844.958
-228.669
-616.29
-441.565
632.834
362.824
-676.014
-358.308
-111.089
469.397
-1334.23
-475.654
653.404
-1134.75
-374.145
-1244.29
844.339
1463.87
304.95
-908.973
604.023
966.353
-340.429
1391.35
-797.976
443.55
-267.662
-327.29
-889.114
594.835
294.279
-360.183
-528.931
307.79
-416.438
-179.917
-160.173
340.089
-392.782
1091.86
434.721
-244.089
-392.717
1355.46
-166.81
-1188.65
-458.635
270.335
188.3
235.677
288.342
-524.019
-11.364
-722.601
592.128
-1729.03
1136.91
1483.03
-867.056
-1053.24
-417.9
-1056.84
573.742
483.094
1391.11
-410.435
929.053
-1411.36
-178.144
-174.427
352.571
-468.844
580.061
-1627.47
427.919
903.943
293.382
341.803
-635.185
568.056
1186.24
1103.61
-713.453
-390.152
404.109
-216.943
-187.166
-1419.45
445.722
737.771
-1183.49
1473.32
-544.271
-505.553
957.334
-451.782
426.152
1186.15
-1612.3
47.3857
-725.144
-145.981
422.531
189.187
-379.592
547.843
466.827
-582.72
32.7425
549.977
1024.53
-1307.66
283.132
663.019
-260.254
468.314
-1447.24
978.922
386.883
1687.22
-523.268
885.751
1056.14
-660.735
-1684.67
758.306
559.373
401.969
-961.342
455.166
78.8718
1750.03
-1828.9
1443.7
-379.491
-1064.21
1699.16
-1741.01
-366.846
-518.815
715.226
-196.411
-502.592
182.662
293.787
-373.183
-1225.97
214.441
-764.648
-639.166
-619.189
993.644
-374.455
-652.648
642.587
10.0604
654.952
-923.585
268.633
-696.193
343.265
352.929
-648.171
-721.883
355.957
365.926
-932.251
1400.57
-417.389
886.55
-469.161
-2205.31
5.55761
178.809
-535.083
356.273
139.71
1215.75
-62.5486
-600.369
158.315
-596.082
1487.11
-704.248
374.975
-462.017
87.0422
-564.115
564.115
1223.01
395.424
1778.03
-1228.56
589.488
639.072
848.807
-51.9802
1291.86
774.056
-540.42
1336.83
294.407
300.141
271.09
-789.905
207.558
-683.919
230.089
-443.08
212.991
-266.586
599.81
-333.224
107.291
-373.877
-591.685
-564.629
1156.31
-411.45
533.228
-121.777
-1192.15
2032.04
-839.886
1289.32
-330.528
-400.748
136.025
-1984.45
825.459
1545.28
-856.961
-688.319
1986.98
-877.448
-1109.54
713.85
575.471
-240.527
470.616
-687.201
1166.64
-479.439
-769.798
1201.22
551.709
924.621
-1725.29
800.667
-587.134
-46.928
634.062
267.619
269.769
417.182
-81.5542
-335.627
896.647
-83.5095
-813.138
914.734
-571.059
-343.675
1576.18
-472.181
890.681
-1627.38
736.703
1068.47
879.388
748.643
-441.971
-306.672
-1058.96
-258.297
563.728
576.461
-1140.19
-516.533
496.192
20.3411
576.449
-343.627
-232.822
-983.793
566.403
595.025
888.008
-441.809
1096.76
1414.9
-782.3
-632.597
394.757
-924.132
529.375
-1035.31
388.34
565.561
-1071.11
414.434
-502.658
88.2238
446.217
322.46
-515.382
-48.7329
-794.157
-879.203
1673.36
192.844
211.265
-241.758
408.394
3.15308
-569.659
566.506
498.274
865.912
-1364.19
-491.852
311.936
985.566
-88.9192
836.022
-1064.7
228.674
419.109
845.901
-1386.32
-449.236
829.842
1979.09
-1285.35
-693.74
269.86
608.954
255.749
795.526
90.1678
-979.963
889.795
1673.73
-1089.01
-584.721
-137.906
1887.94
-1866.08
-160.652
483.119
-621.291
138.173
-1013.5
526.972
486.528
-1730.47
538.318
-955.718
845.36
392.268
201.565
573.707
-268.757
-420.065
710.12
256.233
38.7373
723.734
-762.472
-1135.22
-893.122
2028.34
-555.78
1114.54
-558.759
-473.999
-332.038
107.842
-1655.52
861.367
-844.616
-623.262
1467.88
-330.86
-294.95
625.811
354.84
-673.859
319.019
242.275
-604.322
308.944
200.161
-509.106
366.499
-640.277
646.383
-291.543
314.927
-462.397
685.652
448.202
-212.525
-423.009
-298.874
1223.01
-0.800281
-1222.21
1039.43
-420.17
559.763
410.778
-1782.35
869.819
912.528
489.203
551.119
-1040.32
-534.323
203.463
-263.431
1181.22
-917.788
-1590.86
1212.58
504.654
-1096.34
385.104
-10.1291
463.404
296.419
-759.823
371.476
-616.863
-33.3928
756.877
-723.484
-525.599
795.546
391.458
321.91
526.896
652.953
106.469
-450.236
343.767
1058.62
-644.973
-413.649
494.027
-1664.27
1170.24
-1140.38
1753.23
-612.855
1715.84
-1123.72
-334.582
613.361
-1189.48
1279.65
424.984
-796.43
1606.07
-809.636
-247.863
-210.772
-909.259
1470.74
1813.61
-611.007
-1202.61
-405.054
686.27
-1305.46
-124.712
-72.5306
489.712
-690.56
-354.179
-1236.68
-219.583
461.858
903.209
-557.998
179.226
-1674.68
-71.238
1745.92
-1076.89
521.107
567.576
-1182.7
615.121
901.006
912.607
630.648
619.95
703.724
253.61
-1158.37
471.173
-397.285
412.162
619.445
-514.709
244.072
-730.665
486.593
728.619
-386.929
-302.012
181.742
-590.43
246.974
343.455
-887.162
-740.222
1087.67
-2145.75
398.415
-683.223
-342.878
-723.983
832.615
582.283
-341.378
304.474
412.924
251.708
625.085
-876.792
540.801
625.839
-510.447
152.139
374.471
-647.847
-1051.02
-845.54
1896.56
-1800.35
157.077
1106.98
-1370.41
1177.94
-716.492
-461.444
-503.92
1349.82
-1495.5
627.899
867.601
-286.223
-210.071
496.294
1428.41
558.573
333.091
-444.18
-482.895
-568.553
1051.45
-419.164
597.973
1582.64
-1129.82
-452.82
-810.529
346.529
654.735
403.886
-1623.42
416.172
1207.25
-189.876
498.82
797.736
784.9
175.343
-685.692
510.349
205.824
211.294
-289.787
-109.522
399.309
480.614
51.8581
-532.472
-1649.05
595.812
-1611.64
1679.37
-67.7251
12.2279
-1623.87
1069.56
790.097
-326.693
-829.571
-205.735
-1134.57
-239.821
-312.127
683.603
-1812.59
-631.344
1207.8
214.159
757.27
-1330.87
-678.637
-465.665
659.271
-365.89
-1013.28
1350.78
-1932.91
582.13
646.603
1288.21
484.331
-2.77951
716.173
707.784
-1423.96
-638.253
335.126
303.128
438.984
-100.281
-338.704
147.699
285.907
157.602
-443.509
-588.215
1147.59
456.124
-638.311
-461.231
-401.907
863.138
-322.851
144.707
-457.066
163.984
-304.161
-709.338
546.171
-107.187
-572.363
967.12
576.963
-269.031
-307.932
454.969
-779.47
-644.853
449.37
-1129.4
-841.59
1183.07
-569.77
444.295
307.875
-487.216
118.407
1028.47
-315.543
591.91
-276.367
-509.041
1578.6
-710.679
268.712
367.42
-636.132
202.962
534.482
-24.4952
-509.986
-255.224
-201.842
1007.09
1108.9
564.831
-878.334
938.579
-60.2446
-454.585
168.362
-771.213
315.856
-594.084
368.759
359.86
839.589
-1257.27
417.679
777.011
-810.404
-948.916
-550.386
1499.3
-172.076
513.879
-533.231
201.539
1311.05
778.302
-602.959
1338.45
-685.045
487.617
-657.552
-405.147
-422.761
-378.627
801.389
502.1
-843.521
-485.951
78.5124
407.439
-321.352
572.441
728.442
-330.027
-242.76
-175.34
418.1
-487.968
141.86
346.108
1459.19
81.6643
-1540.85
-752.566
1347.59
-1144.77
-466.028
563.25
-195.831
1151.22
-374.211
1083.47
492.711
691.537
-420.446
-884.97
-522.394
-1328.41
-24.7066
985.079
-960.372
611.616
351.9
-963.516
-322.813
-214.566
-683.864
405.527
1621.2
-198.913
370.099
344.433
-714.532
-1839.77
-2106.69
1519.14
587.544
-2038.29
349.568
382.729
546.014
-928.743
-460.361
1020.12
-412.943
-681.42
1094.36
-2030.54
1391.21
639.33
608.241
-1021.18
19.8884
394.546
386.659
196.598
246.952
362.406
990.969
897.915
679.401
-324.898
-354.503
-292.858
620.891
-328.032
572.605
531.001
565.082
514.788
-1079.87
-796.171
-699.33
752.047
399.174
-413.838
732.857
-1193.4
1609.58
436.233
-1117.65
-327.018
527.179
-1388.66
897.867
490.792
-722.141
-352.282
-770.174
329.581
440.593
447.171
718.062
-1165.23
1070.9
-581.694
-407.298
650.539
-243.241
253.115
323.848
-467.644
-432.215
899.859
-234.223
571.837
-956.026
384.189
-459.11
600.599
-1681.27
423.844
670.764
-1094.61
516.252
94.2114
113.409
-2212.79
559.347
-115.052
1444.34
1777.09
-217.551
-1559.54
-438.471
1789.25
-1987.07
1194.51
792.555
401.913
346.73
-41.5211
874.136
-1283.19
718.564
-869.551
-822.412
797.706
304.543
56.5931
-361.137
227.177
181.803
-408.979
1555.97
-839.794
-1530.94
-325.432
462.146
-206.915
-255.231
394.005
366.565
250.568
408.704
-9.69345
1002.2
-992.51
418.126
283.434
-701.56
-734.097
1817.35
-1083.25
-342.892
736.897
-1222.71
-414.836
-915.185
482.971
607.199
-813.104
205.905
761.108
-379.785
-381.323
-437.172
-441.162
451.52
1106.36
1238.11
-670.534
800.695
-345.726
404.715
332.662
-247.73
-214.287
-237.145
624.028
408.131
-847.281
439.149
248.485
361.06
-609.545
-422.068
830.199
754.411
-1147.19
901.665
-62.0768
-486.919
273.989
784.027
-96.0711
1384.28
1890.5
-65.806
336.141
-344.993
451.462
-1086.75
1077.06
668.693
376.49
384.617
71.011
391.135
255.047
500.087
-372.103
-266.151
-563.032
-89.6162
-357.349
365.39
-8.04124
-257.982
-287.696
1010.95
-1540.71
529.752
-175.173
-196.835
-421.559
704.994
-1638.02
1591.01
-963.109
289.86
-695.007
584.321
1224.42
-1808.74
607.423
983.586
311.865
-1120.7
700.63
-315.332
-319.853
1382.19
-1447.89
830.369
617.519
433.096
-617.481
184.385
-360.826
462.409
-101.583
408.19
72.4243
1724.13
458.48
-252.656
557.64
-1704.79
1147.15
-95.1428
408.286
343.171
336.23
-448.622
-615.344
1063.97
413.795
-863.032
-640.852
902.737
570.588
-471.995
-224.198
-438.139
-409.141
-307.392
-827.178
1821.1
-1821.1
-102.527
-1597.86
1700.39
293.828
282.621
-917.133
-555.438
1472.57
-408.223
973.305
-607.527
-1041.52
709.109
386.324
-1095.43
476.107
-161.18
573.066
1220.35
-1793.41
-1042.21
2114.45
-1072.23
-375.779
-296.408
-504.357
850.885
-1754.46
1603.09
151.37
1754.46
-1608.38
-146.082
-244.712
523.507
-278.795
-537.294
1620.77
1570.64
-1985.48
1097.45
-339.771
-229.64
569.411
228.824
-555.841
-727.648
313.81
1342.08
637.009
581.676
482.337
-1064.01
274.308
417.229
875.358
500.111
-1375.47
535.033
-1017.93
1574.95
-564
-786.095
-376.479
-152.059
528.538
-490.122
1208.18
-740.103
332.402
367.57
363.357
243.519
-606.877
592.181
831.839
-603.165
255.21
683.369
-471.995
-374.738
-205.207
579.945
1168.51
-690.563
609.19
466.647
-1075.84
-1286.96
1286.96
-385.55
762.041
-282.337
-477.819
760.157
491.366
441.667
-933.034
390.792
-673.129
609.24
-868.807
259.567
-367.451
-492.93
1074.61
-660.864
-711.125
1371.99
-366.93
938.767
-1552.72
675.276
-9.8473
-365.325
375.172
-552.104
710.549
284.002
315.808
169.157
306.95
-566.232
250.9
1869.83
-1965.9
250.915
-692.48
450.626
-820.361
369.735
-910.379
1430.3
-519.919
-430.016
-485.17
600.774
1124.18
-1724.96
-715.063
339.284
-461.583
1034.19
-788.821
1044.03
-377.728
-627.44
-512.674
720.233
539.584
-357.584
905.162
-302.353
-185.615
1599.03
-1816.58
-335.229
-620.797
-334.29
476.149
273.937
-639.827
-157.333
1068.51
-794.517
204.366
-321.983
-271.708
593.691
387.47
-878.016
490.545
-485.239
-453.162
-908.973
-357.743
546.113
-188.37
-437.739
-427.081
-326.834
-182.272
-389.767
633.286
-466.433
799.095
-1072.5
623.88
-1407.77
563.151
-28.2739
-1836.94
1865.21
569.981
-449.952
1227.61
-706.504
287.232
-287.232
671.806
-440.225
1042.5
-1650.03
-1158.73
-947.953
291.595
329.296
891.458
714.608
-507.68
-287.117
794.797
1658.88
-1687.15
-434.07
345.478
223.513
1134.99
-525.796
-943.336
1550.48
-607.146
443.537
-246.94
379.121
414.459
-793.581
534.653
467.842
-1002.5
-331.72
664.123
-37.9606
1907.79
1607.38
992.697
-1696.95
726.928
-1176.97
450.042
-492.484
1367.84
837.34
-1341.26
-587.92
248.149
799.503
-397.534
550.294
-1189.08
638.787
-637.025
-1215.53
-695.668
1911.2
-182.074
529.551
-347.477
-120.307
295.062
-477.136
329.47
368.667
-698.137
-1485.61
756.258
729.351
884.05
-1434.44
824.435
-432.144
216.878
-362.859
-616.908
242.17
-671.135
-717.523
698.291
506.587
-1204.88
391.324
-204.555
-186.769
555.482
-958.16
-573.871
-451.478
767.334
-831.312
-1155.75
-1437.96
499.678
938.286
27.9275
-657.445
313.168
344.277
-1317.04
1046.01
271.03
-616.226
-456.277
-665.769
921.518
400.406
-201.131
-199.275
508.278
980.583
-1488.86
976.32
-562.005
166.334
395.671
-433.983
664.111
-413.197
-504.101
169.811
234.27
-1519.62
526.933
543.965
-766.236
214.132
151.658
-454.011
364.252
-817.414
1954.16
-1195.39
-758.772
449.714
-679.016
229.301
323.166
322.836
118.985
-441.82
-572.481
193.299
265.181
-691.756
1374.31
-682.549
424.087
480.155
-1202.3
265.525
1866.78
-1013.59
-853.185
784.648
-507.077
149.334
1402.36
-975.163
-427.192
328.49
-768.714
-616.535
1725.44
609.932
628.178
318.508
-13.9641
256.814
-1138.4
1725.72
-587.317
-1763.53
820.196
1763.83
-1693.58
-70.2535
-654.809
257.524
604.443
-713.95
201.276
1402.68
-565.339
385.754
444.088
-1858.63
1420.16
524.869
-455.34
-69.529
198.024
-524.858
-323.853
-150.146
-351.883
695.054
-620.757
244.278
613.256
548.4
-1161.66
1113.59
-1947.53
833.935
141.743
327.654
-1699.4
1661.44
309.014
-729.461
-165.581
382.459
757.872
678.456
-1436.33
1081.63
-1082.43
523.178
-1104.87
-629.567
252.097
377.47
518.153
-271.179
-619.841
-1030.18
287.931
-715.012
-912.32
168.724
163.498
227.826
390.582
284.882
-675.464
-632.403
-834.112
-978.473
486.947
-1059.43
-284.254
472.554
532.499
650.57
-278.983
-121.765
-441.773
753.639
260.772
-1199.74
567.336
1310.24
-552.371
437.615
-1011.49
-386.17
116.323
408.546
1023.29
551.66
-1720.47
1617.94
1643.94
-583.542
-1060.39
1904.36
-1893.15
-11.2154
232.972
-577.965
-342.014
546.38
-772.108
-319.841
-334.968
1024.09
702.35
-1513.08
810.728
308.22
-26.1876
1625.21
-1099.64
409.074
-1260.56
474.469
-60.8676
1520.06
1197.31
-470.381
-487.928
-74.0775
-234.205
736.038
-1951.57
-709.812
350.201
-530.911
180.71
191.092
-506.635
1139.92
671.576
-1811.5
-591.235
135.895
941.903
-1497.34
-210.516
678.857
-468.34
876.967
1123.03
-740.124
1350.06
642.688
-542.889
-99.7992
-343.448
1173.82
1051.07
-1980.45
929.374
-1172.98
541.641
1488.77
-586.036
-388.625
-121.822
-1242.33
571.795
1167.07
-85.9885
946.134
775.694
-1721.83
-207.797
578.604
-1541.74
963.138
487.007
916.578
-1403.59
622.678
585.127
389.593
-1106.63
590.607
1107.71
1215.65
-452.268
-763.384
-1186.2
-1754.94
-5.77685
-1714.69
-176.836
-440.645
1608.49
-630.428
-978.066
-490.851
1121.5
-1318.77
635.246
683.525
-1362.65
1444.31
-1331.31
591.188
1520.51
-403.537
-549.618
160.993
-1493.92
223.373
176.381
206.313
436.375
458.807
396.68
-855.487
506.382
-938.958
900.569
-1444.84
-695.96
211.857
484.103
-1043.14
454.93
-476.541
862.296
694.697
27.7554
-506.48
159.003
-886.566
-1318.74
-714.824
348.993
365.83
402.442
-722.787
320.345
-478.009
-189.38
-709.188
721.333
1539.78
-593.646
818.81
737.157
1344.75
-844.634
-971.183
-570.559
-796.502
428.243
368.259
-1036.4
-641.94
303.301
338.64
-1433.69
-296.78
-790.152
397.394
392.758
-644.085
414.619
229.466
-669.175
255.979
412.804
487.055
389.915
440.284
478.533
384.605
596.292
-969.475
683.9
463.687
453.154
356.373
-809.527
1630.75
-1079.87
-550.88
-504.644
-288.318
-1028.72
453.605
347.784
409.707
593.755
-1003.46
-1381.8
751.369
-531.514
1146.64
345.925
-60.0178
412.337
-865.063
452.726
-1899.33
301.467
440.891
-725.774
284.883
-187.231
404.01
-216.78
-661.193
305.975
355.218
-673.647
319.144
370.933
391.108
612.496
-1020.72
752.769
662.675
-1415.44
438.823
625.143
339.115
392.672
-731.788
408.537
328.359
614.924
694.376
411.985
606.725
-1026.67
419.941
-1679.28
1179.1
500.18
1696.58
-539.178
620.324
-1147.24
526.917
-642.142
347.192
437.463
-934.832
497.369
776.824
-480.405
351.073
343.982
583.303
-918.532
652.017
-1253.02
601.005
393.558
734.51
-1224.63
769.305
509.708
-1279.01
490.565
398.863
-889.427
-501.706
-936.258
-299.946
629.417
352.592
541.525
-894.117
332.15
331.973
-502.184
1944.74
436.714
-846.775
410.062
-917.76
-807.528
-748.138
366.815
-1220.81
431.992
-1737.22
1608.38
128.838
1748.02
-1603.09
-144.925
-783.865
-592.292
264.993
327.3
-1763.83
1985.48
538.687
791.301
-1329.99
440.135
716.18
690.159
385.634
-1075.79
-46.4399
1617.14
-593.851
379.549
848.062
-648.697
325.789
322.908
-378.593
-297.355
550.47
-220.259
434.783
279.97
-665.353
385.383
263.889
-578.578
-281.929
442.641
-1033.27
590.625
538.054
1092.7
366.041
596.632
311.043
351.91
-662.953
1631.56
-929.212
1692.09
-1520.75
-171.337
-328.403
-822.847
413.706
857.43
-1067.95
-606.484
278.451
-1090.58
1628.63
-1593.78
-76.5199
1670.3
-341.491
-350.345
-370.347
537.957
597.029
-502.739
-28.1027
-549.853
505.937
-283.741
-222.195
1755.8
-1304.28
-624.477
298.385
326.091
399.903
357.304
734.557
-295.181
-399.144
-1748.02
1687.15
459.645
-1100.79
641.141
-42.574
1660.51
571.139
476.385
-1047.52
103.983
1144.71
-1452.1
-11.6919
-1887.64
227.142
-598.15
307.379
290.771
-955.222
612.344
-897.948
467.933
-1128.44
673.235
455.2
384.452
255.982
-763.662
-333.259
1216.84
886.604
699.192
-1182.88
456.163
726.716
494.469
700.564
-1195.03
-388.927
-248.039
411.537
-960.404
438.695
521.709
21.2408
-1879.87
1079.92
-470.678
-498.78
558.36
-1378.19
819.832
-427.335
797.071
-405.534
500.6
-713.042
1720.13
411.756
-183.931
215.3
-169.671
-246.224
415.894
1895.33
-504.118
-1697.86
1051.32
-600.683
303.328
-1013.55
553.187
-313.053
544.349
905.202
-1449.55
-1103.6
437.832
-20.8806
-1945.02
1714.21
-663.138
-540.199
460.79
-1190.42
729.632
191.684
208.722
-281.127
770.889
699.853
837.759
817.806
-461.433
1084.79
-493.712
477.971
-192.731
-285.24
-1923.61
-713.829
-318.18
-642.616
-6.58231
649.198
466.261
-272.961
565.633
1065.93
-807.153
924.518
1244.22
-425.453
-166.156
-249.868
416.024
957.789
-888.462
-318.595
-1067.7
611.423
1558.91
-802.655
537.72
934.851
-393.308
734.669
-341.361
1130.29
-275.578
375.885
1349.66
-705.484
-218.648
448.322
-1198.57
750.245
-981.133
-144.293
1125.43
441.323
-955.465
514.143
150.574
732.425
483.227
743.613
-118.528
852.621
-425.914
1182.4
-796.761
552.238
-1465.46
913.225
-1216.65
1800.97
-431.71
-1510.19
879.57
-1401.96
-309.847
-449.976
1457.19
-1524.55
784.323
1491.47
201.185
276.786
-352.443
-1737.22
-285.431
-1016.2
1581.83
-1772.39
1772.39
1570.64
-1004.47
-633.713
-335.026
368.409
604.896
-415.275
-361.099
-1389.8
897.32
1125.13
600.595
1202.66
1789.48
-1216.42
-614.612
273.53
1659.06
-1916.56
257.496
814.871
-1267.69
1545.23
-561.639
782.467
332.072
-349.024
555.034
794.787
655.219
1373.12
-259.697
-445.222
-357.817
496.519
-340.399
471.858
736.326
-294.09
-147.731
-330.705
566.017
-235.312
28.4888
-372.116
1107.42
-1720.28
-456.189
-488.924
-564.928
863.523
695.39
-1596.46
904.708
-451.861
-624.584
-514.263
1252.03
347.617
1723.74
-1702.5
-1658.88
1893.15
-1560.78
840.232
720.545
-390.754
-1796.99
917.786
583.405
819.273
-387.451
1794.37
-680.778
-453.067
698.752
429.55
-1128.3
-1100.07
444.156
753.153
-1617.17
473.225
901.08
176.053
-401.672
225.619
-1602.49
-386.853
-464.884
990.26
-674.993
1442.92
-977.341
1854.31
242.086
-549.057
496.613
-295.428
474.329
893.513
543.19
977.317
-463.035
-427.95
574.069
883.123
-1392.7
-40.9907
1575.41
-838.25
519.96
971.513
-1475.83
-1115.9
1778.15
-1242.65
-535.502
1206.12
-319.111
-887.01
-191.201
454.185
-262.984
-457.403
-250.724
430.831
-180.107
145.512
-393.551
1736.15
-1741.93
-459.7
-530.862
-903.574
443.857
-205.825
-238.032
633.951
-484.649
-398.956
-314.206
713.162
-949.345
420.414
-1167.22
676.368
418.139
-638.479
-437.787
1578.68
-864.072
530.19
-458.065
-570.554
-462.712
363.124
-352.738
-10.3856
-1114.62
408.113
-664.832
-1033.62
1698.45
-605.53
-1423.84
712.717
562.238
-1596.26
1034.02
-400.284
-479.77
149.229
554.495
-1258.45
744.188
539.241
1005.98
-2133.18
999.987
1133.19
-356.134
411.065
-385.895
-25.1704
1478.04
-370.764
449.569
1185.88
582.34
906.433
567.404
527.653
-1095.06
165.314
-441.53
-1693.58
250.167
1127.55
-617.925
518.54
1013.7
-1532.24
1092.84
-1643.72
197.962
703.704
549.236
-867.831
-1086.45
-170.863
427.683
-256.82
-586.812
-430.13
-636.81
-627.223
346.096
-1619.04
939.643
-476.906
215.608
-399.539
534.541
-307.399
-612.624
1197.14
-1295.75
937.637
358.113
-1022.66
-364.737
-759.517
-826.829
1690.35
-477.075
1795.13
-1585.79
-209.349
-1556.62
1018.7
537.924
-727.583
-259.033
441.527
-182.494
-595.741
383.935
273.44
-657.376
-524.067
990.914
629.852
-351.4
-1620.26
1050.49
571.782
1103.52
-1675.31
-414.692
-291.487
-369.706
-746.551
-494.684
-331.014
500.171
1557.99
-995.756
-774.954
1497.46
659.797
-314.318
725.883
1152.36
-1878.24
280.137
306.038
-487.294
-1932.8
1720.28
212.52
738.158
-474.795
-263.364
531.844
1060.81
-1592.65
363.124
-1726.38
-233.211
1752.35
-1580.68
1073.76
506.921
-1728.41
2.02679
-521.798
411.065
1699.4
-1720.28
939.595
624.752
-1564.35
381.291
-218.75
-162.541
-419.195
-249.98
66.726
94.8696
-353.903
-429.355
-439.451
-406.819
219.588
1510.22
378.943
-194.031
-450.054
461.952
-196.771
325.561
1510.75
988.57
-172.806
-815.764
-1104.09
1704.86
-1728.83
1064
-707.259
-1021.57
-1265.08
1844.99
-579.906
1155.07
-1771.18
616.116
270.664
-878.031
1675.77
43.4371
-1719.21
-491.174
-1083.03
-1736.15
-981.843
553.893
1019.58
590.243
1133.02
-1723.26
273.913
-469.744
703.514
-384.369
389.67
924.749
681.006
-373.431
-653.235
582.908
1072.53
-1655.44
-401.624
-367.657
769.281
398.699
-1661.44
1520.75
140.691
582.463
-1044.05
544.752
1083.88
-1555.66
994.025
-237.299
227.623
318.757
1904.36
424.291
-66.6069
995.857
722.753
-1718.61
-697.151
1085.32
-1557.5
165.17
-571.065
196.728
265.224
-667.071
-553.742
582.558
1034.59
-711.056
-256.093
-1368.57
675.211
693.361
-414.17
744.073
96.6294
-840.702
561.879
-137.168
1557.33
-215.135
268.353
-773.177
-1932.8
1664.62
1023.65
343.265
292.289
484.535
-930.013
-993.6
-1767.26
636.032
1693.77
507.555
-474.42
1210.75
1087.11
-424.954
1029.85
-978.222
491.822
486.4
700.384
1047.93
-1748.32
483.817
483.303
-1493.97
-746.542
33.0887
779.899
-413.084
-882.577
383.798
-539.178
-802.082
604.023
-577.519
1397.35
1055.15
193.565
234.118
-550.638
1618.52
-773.341
1526.11
-1727.83
575.268
1152.57
542.591
-883.02
-1732.87
1916.56
-183.685
1721.74
181.224
-544.463
366.416
-271.546
-481.488
1211.12
568.272
1128.31
-491.256
428.62
857.837
-460.566
-771.806
427.006
344.801
1419.03
1089.59
-518.245
1422.95
-510.594
-533.298
1043.89
-602.773
505.266
-1221.76
1692.09
1839.58
-687.214
1585.79
-646.195
-1241.2
717.134
-562.602
201.441
-390.524
453.591
-242.298
-519.465
-1246.71
1870.94
-624.238
1173.42
-553.094
1120.27
-1659.45
1697.91
-573.954
-546.236
-549.826
1720.07
-316.884
-688.064
-473.352
1223.6
-1685.78
-1860.11
613.401
336.332
-952.622
167.847
212.872
-1719.03
1204.15
514.88
1162.85
558.889
-512.057
-465.407
1192.12
179.161
224.85
588.446
1251.13
-539.179
-1238.58
1777.76
-1025.36
999.989
866.787
-204.099
-1659.06
1702.5
-510.113
1411.19
-1732.87
-339.832
-6.08384
345.915
-262.039
584.513
-322.473
104.811
490.025
781.071
-378.629
1257.52
1270.8
-413.365
851.814
-438.107
1817.48
-662.416
1586.57
-1723.74
-412.8
-764.344
336.163
428.181
-560.16
-563.388
79.7386
-1138.7
-985.414
-669.913
1655.33
-943.704
-1189.47
208.414
-438.054
-648.061
705.668
1167.44
650.038
1410.32
-591.046
1636.74
1318.08
-573.893
-491.939
196.511
-503.296
1396.81
1240.11
-564.898
-999.986
892.649
55.9146
-948.563
603.434
-506.158
1403.48
1495.07
-588.637
-364.932
364.932
-589.476
1623.5
1239.43
-486.279
1134.15
-64.8144
1851.12
-392.283
1489.48
-588.91
-507.686
1347.92
-652.02
1218.63
-566.609
1554.81
-591.673
757.48
571.124
-1328.6
-670.087
262.267
516.035
600.376
-1957.3
-994.229
1586.57
367.914
-367.914
-67.646
387.306
437.129
351.829
56.361
-316.092
928.338
-534.78
-426.572
813.879
-242.669
620.139
-426.744
1552.21
-444.345
-884.062
186.064
226.169
-412.233
601.17
1250.77
-1851.94
926.799
-458.867
-352.738
126.151
-1943.03
1816.88
-450.019
182.358
1181.2
-440.476
-740.722
-298.565
-584.013
-493.374
-385.895
-479.73
257.534
1158.26
-561.228
230.591
-380.504
149.912
-22.7714
-107.681
1376.01
-1268.33
34.5907
-597.622
-586.427
-451.042
451.042
-1262.35
1985.11
-1344.36
-206.059
-1824.34
238.553
-1025.75
-974.244
-184.989
-1638.24
708.225
1229.32
-1924.99
368.182
313.15
-681.332
-1850.02
1234.27
615.746
-560.995
560.995
-959.109
-39.9768
-1866.08
-558.155
1650.85
-676.907
1636.18
-601.594
-181.727
-1705.91
-584.16
-472.055
-594.819
-465.302
465.302
-1537.81
194.528
1343.28
172.301
225.39
-397.69
503.808
484.762
996.842
-475.134
1751.3
768.254
-421.718
396.547
521.399
1702.06
-594.637
-552.972
1636.85
470.258
1812.77
-645.321
-1804.11
-1938.07
-646.998
-477.757
477.757
-575.101
217.284
-705.544
1019.26
-466.073
-1073.21
-286.035
1579.57
1852.3
1635.35
-1635.35
-289.623
738.886
1761.5
595.791
1275.15
172.57
208.721
594.429
594.072
1603.51
-1603.51
221.488
-354.605
-435.631
458.789
951.268
-459.446
-639.408
-1130.99
1706.26
279.506
-1662.35
620.831
-289.005
470.229
1744.65
-592.08
-215.161
-444.945
377.851
729.854
1738.57
-613.449
-511.774
-780.409
1960.54
-870.456
-1090.08
1642.76
-705.195
1223.97
-1824.95
600.981
361.911
-910.968
-185.622
-104.861
1098.12
-486.697
126.865
630.023
-1660.21
434.96
599.004
-1804.11
-583.282
1787.43
883.996
-1162.91
1760.49
-597.582
1783.83
-575.535
-1208.3
431.408
927.765
-1741.93
924.676
-1485.29
249.123
1236.16
-830.98
-1254.22
-378.283
75.2128
303.07
581.737
268.739
1028.42
-442.971
846.243
-403.272
820.865
739.481
-1560.35
644.01
1066.34
-24.1424
-662.8
686.942
-1744.37
722.795
702.558
150.553
-1122.66
1936.76
-674.554
-1262.21
-537.18
1665.49
832.631
964.836
-1797.47
1227.86
683.338
-404.218
710.193
834.991
1028.13
-586.811
1761.5
626.365
1773.56
-1185.61
-587.951
-423.136
-326.233
749.368
121.45
-1185.66
1660.55
-540.274
-1437.8
1437.8
1250.57
594.418
1351.51
206.48
-566.832
281.828
-190.807
699.1
1113.67
481.337
-302.176
-869.987
-574.853
1739.9
-1739.9
993.875
-993.875
987.333
1025.17
-2012.5
1837.95
-613.98
-581.112
843.606
-947.852
-1052.16
998.309
690.804
-1689.11
-515.382
-369.573
-651.611
-808.428
2042.7
-1246.42
-613.688
1002.97
974.853
1289.77
646.991
324.921
1012.69
236.74
338.1
1186.24
1756.88
-1756.88
671.802
79.7606
-387.692
-997.054
-539.993
1674.14
990.428
1009.57
-1833.29
-222.484
-361.676
598.022
-347.855
1849.52
-1077.86
-771.657
356.397
-23.3062
-821.281
-1662.67
1662.67
912.84
1923.74
-648.589
581.99
-479.058
1708.01
-1228.95
729.258
1837.82
1150.73
-609.092
-576.475
1143.88
-813.023
-484.928
932.468
1106.46
398.201
419.605
368.916
1223.01
-1135.24
-585.037
-644.68
-1212.58
1857.26
-120.319
-260.142
344.104
-510.26
1250.31
991.423
794.718
-596.757
1878.07
-650.21
-382.227
655.667
1877.32
740.739
-550.888
374.364
-450.185
1451.27
-751.419
1172.21
588.284
-93.7086
406.529
-312.82
-1244.29
903.443
403.763
1636.28
-711.535
1046.71
905.035
778.902
766.079
591.53
758.19
1005.15
714.982
1835.84
-984.048
-851.788
538.594
-329.4
303.586
-303.586
-388.668
-674.074
289.705
832.8
383.535
351.134
1888.9
-659.576
1097.88
18.8786
-781.35
1119.02
476.557
-1140.16
1140.16
1758.24
-671.133
739.513
452.61
-181.61
900.182
-641.925
1313.73
1200.55
889.123
1143.76
540.434
1096.42
-557.96
-84.6553
-1090.61
1115.63
636.177
-1669.8
1198.03
-134.901
551.907
-417.006
238.915
-608.694
1859.47
1075.03
-1075.03
997.058
604.755
-1601.81
633.119
651.549
619.246
1115.31
767.832
-667.198
1731.2
398.469
1061.09
129.559
1563.64
527.295
712.814
-1215.46
-717.452
-527.002
1914.11
-1387.1
1852.19
-601.621
1513.37
-1852.27
338.897
984.161
-984.161
1772.61
-683.019
56.1391
-498.11
397.96
-646.915
1353.25
-706.33
674.165
-634.677
67.2563
530.856
615.164
-1146.02
1487.82
-751.114
1026.06
-1026.06
425.899
-331.498
331.498
302.332
1148.46
-694.275
-896.591
1590.87
1233.39
1266.33
661.067
-1927.39
-1317.23
-711.145
1423.86
1317.23
-545.385
-979.352
780.163
199.189
1154.77
-1154.77
1174.12
533.893
1202.81
-1848.13
1206.32
-1061.06
1061.06
1043.52
1055.08
799.233
586.63
-1764.16
1177.53
1092.12
-1735.44
1061.05
-606.118
-504.198
1011.75
-699.42
585.942
1291.37
1688.44
-828.413
-860.03
1048.52
-1048.52
-195.16
367.585
-172.424
-772.663
359.58
-1827.05
624.367
1202.68
-768.659
-760.601
1529.26
-325.433
-315.539
640.972
1123.37
1655.87
-716.225
267.314
202.944
876.164
-876.164
875.56
1679.73
-1035.72
636.05
-1277.98
1260.84
-1909.43
1132.26
-1794.68
-272.851
-401.223
1921.91
1135.7
-1135.7
1236.18
-1850.16
600.482
-600.482
427.569
-253.654
-173.915
612.021
953.55
-469.733
767.116
1769.52
-851.738
474.938
-852.303
852.303
1238.69
-1079
1254.71
-1868.4
1267.23
-1891.47
1125.5
1549.42
-765.1
-366.712
894.147
-1871.81
977.666
-346.776
526.002
-860.153
860.153
173.059
-459.094
1176.26
-1777.97
1190.02
-725.509
-1025.59
1751.1
555.004
-642.195
-180.246
-334.036
514.283
431.264
364.204
536.992
-356.282
636.764
1289.48
-1926.24
844.567
-844.567
1125.83
-1772.83
78.934
-444.259
1672.74
1205.12
612.673
-1817.79
376.103
-761.761
761.761
639.405
-1851.98
1243.5
1062.05
-630.642
-521.006
521.006
1222.25
619.833
-1842.08
1160.3
-1752.38
1123.2
-1762.95
639.745
576.642
-1391.35
814.713
1237.86
621.607
-1771.15
1173.56
488.259
627.91
1229.35
-693.075
-1368.13
1773.66
727.802
-727.802
1095.08
-1734.37
639.295
-828.846
390.739
-719.162
1717.47
240.633
300.538
199.633
538.777
1224.29
433.15
-852.359
-806.697
1659.06
-1166.7
-660.344
556.548
-1530.94
-632.216
1079.24
-699.694
666.397
-666.397
1010.71
-1010.71
-605.767
892.71
-721.519
1875.98
-642.591
-206.695
178.635
182.241
-360.876
610.844
1112.2
-1723.05
1813.99
-576.13
-719.364
1895.62
1079.48
-1772.55
532.717
-380.579
-526.404
526.404
168.01
196.664
-364.674
1836.01
213.649
146.099
-359.748
-285.213
606.371
-606.371
-1215.65
1767.92
-552.265
680.962
-424.149
444.184
-224.596
206.183
152.709
-358.892
1802.7
-1817.27
-1745.32
1131.87
537.744
-378.741
195.921
170.186
-366.107
-1685.51
660.157
629.583
-629.583
562.773
576.401
-337.486
-2087.49
-1193.42
-675.809
1878.62
1134.35
-1721.67
-1230.64
621.214
1707.29
-1091.17
-1169.86
197.384
170.217
-367.601
-584.932
584.932
36.4153
680.124
1092.95
-1773.07
1131.19
1091.42
-671.475
300.748
742.006
-742.006
-1464.77
579.055
885.712
1083.34
-1677.98
1810.55
-604.236
443.791
-715.869
-1640.72
1039.13
-598.619
1796.65
271.682
567.578
-567.578
1633.24
-895.592
436.725
-713.783
713.783
-1097.31
-850.216
-458.566
190.171
180.47
-370.641
654.607
-1301.52
-462.185
-1654.13
1069.09
527.364
561.116
142.371
215.375
-357.746
-1204.08
1805.06
-608.626
-1280.4
-780.811
1601.68
270.194
518.932
-282.844
627.088
-627.088
1792.33
1497.74
316.248
-622.853
622.853
698.125
-468.659
557.683
-396.69
-205.135
472.449
-510.704
203.305
707.588
-495.73
-717.138
334.911
-1658.99
1118.71
1091.05
815.127
-560.08
1452.01
-1557.42
965.746
1002.89
-1672.81
610.966
1106.19
-1717.15
-1587.01
1023.01
619.522
-619.522
1223.54
628.763
-1123.06
1090.52
-658.529
707.569
-451.59
-1486.32
897.683
1033.92
-1627.77
-1183.28
-580.88
1958.02
-1000.07
524.936
982.003
-1628.2
-163.635
-553.503
1603.6
-17.0301
-668.845
1209.62
-1885.42
551.727
-1681.12
1101.47
-530.621
312.469
218.152
551.593
-1190.07
1845.14
-1528.75
958.196
-265.851
-241.41
507.261
225.871
-458.004
-384.91
1451.25
-751.827
-823.296
1575.12
740.701
-1839.82
1099.12
-307.174
480.233
-1922.6
1949.25
-1949.25
-1801.2
807.602
1881.19
-649.625
180.559
-418.287
-537.178
-344.42
-880.271
389.684
-592.474
1974.66
851.115
-492.303
-358.812
-1664.57
846.611
-1862.81
1049.58
728.566
1836.09
-282.339
1669.24
1787.52
-586.967
-1627.68
545.69
1081.99
871.597
-1623.42
-606.039
-667.87
-130.704
643.198
-363.691
154.726
409.39
1005.97
458.624
-1464.59
1675.33
-543.457
-562.569
1639.19
-1704
918.022
-489.402
-1102.22
615.523
-26.5033
-1424.37
1630.64
-524.455
-1435.35
860.499
608.892
-1679.35
1070.46
1671.43
-588.086
-1286.91
-689.784
1919.13
-1621.2
-14.1443
-367.989
-1799.19
603.322
-1179.8
-1468.11
879.204
-502.181
922.991
773.029
-1696.02
1006.12
-1428.6
422.485
-64.3634
-242.051
-166.928
-1381.55
400.419
288.825
-946.377
529.338
-1517.15
748.492
-1592.1
789.443
-1115.22
2009.37
14.2927
-607.421
1772.83
942.009
151.538
-1819.59
1169.96
-625.625
433.142
-445.38
1071.75
-108.045
-1081.53
1189.58
-479.586
1237.07
817.712
-1644.54
198.335
1196.7
760.085
-1533.43
151.305
1670.44
605.838
-1535.05
942.069
-1534.54
-552.284
226.851
-1399.19
912.915
449.978
-109.641
1201.58
-573.403
400.475
-715.128
1392.13
-677
-363.692
587.383
-343.105
-535.902
798.168
-1372.69
807.356
-500.029
-702.267
-366.067
-462.779
1853.06
-1066.7
-656.346
-631.436
1870.12
-1268.33
472.737
-1239.84
799.361
-959.954
851.909
-1302.76
742.601
-838.421
-279.232
-758.651
308.675
-485.927
1209.68
606.805
1026.43
-6.7296
597.337
-95.891
390.953
-225.992
450.842
954.223
1065.39
182.92
-1414.3
823.253
-749.423
-1128.98
388.256
-1338.33
764.44
-1588.5
750.246
1264.19
461.29
-227.172
-747.872
1319
-1082.85
-651.524
463.28
-336.406
19.2211
994.239
-1119.63
125.394
648.347
-749.829
218.192
-1744.76
-784.927
304.522
-236.793
1087.19
563.363
297.413
-860.777
-595.589
-821.653
349.598
-461.28
-23.9362
1443.61
944.332
254.003
280.162
-534.166
-686.303
1787.78
-68.3271
-449.627
703.237
182.799
356.146
279.885
-596.287
1676.88
1381.09
1828.99
363.93
1079.65
-1765.95
793.944
680.136
-1474.08
-1504.38
1095.01
-1061.43
1709.78
-651.763
315.114
-792.165
-567.774
-990.303
1558.08
-1032.33
232.897
-334.479
1076.08
-1534.08
700.263
-1509.9
-843.156
577.558
265.598
-582.877
536.121
736.565
1112.95
-1668.22
1668.22
-599.223
807.006
1147.15
928.593
-1527.82
-604.849
-948.962
-418.557
-477.035
-282.405
617.53
647.298
-1419.41
-1585.45
721.382
865.209
-1625.81
637.021
740.126
740.773
-1513.95
-485.239
1390.27
-755.026
-513.101
1268.13
-1252.38
687.482
931.831
-404.859
581.693
-1309.28
-1381.09
-1338.67
614.333
724.337
-574.567
640.443
-1285.3
-682.62
743.564
-418.644
805.387
525.975
681.641
417.732
-1172.76
322.732
495.364
-818.095
-425.309
-109.774
876.046
-1592.27
1663.45
-158.403
-1053.16
-626.19
367.511
288.157
1654.67
-556.789
1476.17
-578.483
497.049
645.905
-1509.94
864.039
-1230.59
663.981
-1217.21
-489.436
1129.88
1168.64
707.402
-1220.5
736.398
-1727.9
842.511
467.732
1010.13
-471.358
-149.482
-1051.64
-255.603
420.917
-474.024
672.821
-1569.41
-1182.34
521.604
1034.85
702.291
-1191.73
-602.552
-1633.17
-0.0113321
366.427
410.868
-901.59
1526.34
331.487
791.52
-417.156
5.39811
1574.5
881.746
-343.409
318.447
24.9621
-470.346
1238.18
562.806
-1047.04
484.237
-331.487
-21.2509
533.3
-1069.79
536.485
1179.28
-413.197
341.377
-745.595
72.57
941.11
433.282
-224.56
-500.325
-1065.78
-1191.77
638.672
-713.466
-1605.8
-658.455
798.309
607.615
871.155
-1478.77
1037.64
-1085.21
1660.58
-621.455
-482.93
-308.929
1155.38
-295.089
353.538
-380.9
27.362
-734.917
-593.792
-1406.11
781.523
-975.835
-625.978
-46.5716
-14.2044
-286.482
478.858
-1148.95
254.035
-283.965
29.9302
-1092.1
-589.022
-677.583
588.758
-1149.99
-188.551
350.73
-383.492
32.7625
422.791
382.596
-1097.42
-589.947
813.33
430.894
-495.093
916.949
629.133
-1546.08
901.696
223.278
863.779
-437.88
456.519
521.992
514.266
-1036.26
592.751
489.11
-1081.86
688.405
606.943
802.99
-1409.93
969.488
1126.06
-647.202
943.469
647.397
879.879
-39.309
576.633
-1102.43
307.103
-343.018
35.9151
465.365
385.75
-375.624
328.498
47.1262
1112.45
510.961
-1015.16
-1628.78
863.68
1421.01
-758.34
-407.552
351.772
55.7807
1123.88
-715.77
198.493
-1073.04
1712.33
307.894
-368.1
60.2064
1477.9
-598.698
326.653
-391.324
64.671
-624.885
261.194
-422.509
346.007
76.5013
334.285
-413.513
79.2284
330.671
-411.95
81.2795
390.643
-470.167
79.5244
-483.163
423.531
59.632
426.802
-474.688
47.8858
422.83
-456.606
33.7763
433.477
-450.861
17.3846
429.379
-430.508
1.12985
-432.541
479.284
-46.7435
457.036
-398.496
-58.5399
433.106
-364.466
-68.6403
-423.182
503.569
-80.3879
-20.7168
-802.002
488.899
-146.167
752.201
-684.73
465.307
514.747
650.481
-1458.44
807.959
-595.732
-648.006
428.728
385.15
407.901
-383.562
310.733
72.8284
373.557
-753.185
379.629
120.5
1571.42
-605.678
-1292.66
199.095
-551.538
446.976
-928.214
481.238
536.624
395.14
-839.326
444.187
1687.52
-743.186
1500.29
-878.211
-1587.78
-787.489
1763.6
-672.556
480.126
-950.804
758.682
-1354.41
1112.08
1580.14
510.182
421.648
426.009
320.313
-389.188
68.8746
-895.033
455.582
-432.68
464.735
-32.0549
-757.066
-572.329
504.321
639.558
-419.74
-578.215
1646.04
-575.581
492.168
535.966
506.566
-1017.53
510.963
-1537.45
1173.76
-683.419
1689.53
1127.38
-600.464
-375.586
-443.872
375.251
68.6209
-287.375
424.345
546.076
-1039.45
477.036
1178.85
-549.495
-545.562
-315.448
343.203
1057.95
-352.13
-634.631
-535.228
511.077
-1059.05
547.971
1425.27
-602.018
1401.02
-500.838
498.889
-981.819
453.485
-437.458
-16.0273
164.25
-888.125
-670.939
1469.12
351.989
-823.844
485.472
-944.919
1828.14
-956.545
-721.752
280.222
544.061
591.917
653.627
-1245.54
683.392
-1432.2
748.806
1074.22
471.191
-906.823
732.953
620.293
-504.65
1417.49
-1770.22
1503.02
267.203
266.27
1453.47
-1023.87
1514.34
167.98
-701.104
216.456
441.936
-861.676
-643.567
-1110.53
278.93
1119.84
-168.611
1289.75
-602.272
-1600.4
1098.22
1921.12
-1110.5
-810.62
-579.745
844.61
1042
421.882
-825.155
-805.713
-1121.93
-647.937
-500.712
-388.517
-1351.05
-242.726
310.971
-577.122
208.686
424.189
-830.687
193.957
-647.025
856.104
-1808.62
-849.61
192.642
176.541
-369.183
-934.022
455.81
-1098.44
895.025
1017.1
420.516
1416.34
-1540.1
700.573
257.534
782.371
1378.98
573.354
-1183.61
610.253
459.88
-855.098
-889.472
1879.9
-447.688
181.837
-558.319
1121.13
209.918
623.851
689.879
-202.683
-396.291
598.974
1606.48
-1010.67
-508.565
1148.12
359.741
-277.066
-82.6748
628.29
-1256.97
-858.747
333.584
525.163
-1122.84
-1621.18
781.2
877.856
648.791
723.198
203.202
311.545
145.297
-515.671
370.374
545.746
-297.832
703.194
-1182.78
528.371
403.513
-782.142
-783.4
-626.532
-2.03429
1605.09
-984.26
-818.164
968.819
1529.31
-851.452
-677.86
348.394
-691.014
342.62
-540.11
1298.3
1268.83
190.217
209.227
-1053.86
743.713
680.149
-507.682
151.4
-460.214
256.637
203.577
243.142
1469.12
380.845
-735.45
647.396
969.448
-1537.22
191.965
328.274
332.495
-660.768
1189.24
-600.481
365.215
699.807
-363.921
604.553
1282.79
473.727
-935.46
461.733
540.562
532.823
-1073.38
677.297
-1423.85
895.932
-450.785
-597.098
1679.09
-594.42
1782.53
-1188.11
-626.064
262.144
1509.06
-772.66
-355.026
889.436
283.42
-910.432
-385.233
673.39
822.719
-735.308
1277.48
439.794
-896.217
456.423
-1063.15
-756.434
-764.02
-1060.32
-974.818
-714.295
598.711
-598.711
-7.66037
-730.367
537.517
-1527.82
811.324
177.105
401.296
-753.882
352.586
656.051
873.261
-1292.52
1830.03
-885.191
1659.55
-717.539
1267.76
-862.601
461.002
-242.81
1403.35
312.89
-597.679
284.789
-1069.23
607.945
-934.466
1534.84
819.345
-130.736
-461.225
846.375
418.224
487.454
-403.441
-84.0125
-1635.1
780.001
-535.795
139.105
1626.31
-876.066
1122.84
17.3134
1523.67
-649.039
-1127.99
-433.09
-556.352
-854.515
-1678.74
1052.55
509.438
-579.105
69.6668
-280.96
336.237
-751.452
1849.11
-14.6313
285.7
-601.239
-1523.67
-138.998
1123.73
-693.408
-430.319
-727.291
-117.276
583.593
252.425
-748.155
-591.153
1768.68
385.061
-740.498
1816.58
336.946
-872.848
272.122
298.111
-570.233
-329.277
362.74
347.453
-1377.19
-420.312
230.914
230.088
861.009
-1107
448.469
1075.09
-45.316
-580.675
1156.74
-553.414
-949.588
-441.767
-488.994
-818.005
1307
-612.752
76.3891
242.118
-227.705
-949.34
1373.82
-424.476
-496.346
-682.185
1296.52
259.262
-518.989
259.727
618.947
1390.42
614.723
-1548.75
1182.4
-824.289
-464.887
-542.021
286.425
-325.824
39.3988
-545.742
-260.072
-13.1882
-627.042
-1197.64
736.682
460.954
-573.892
1098.44
-668.039
1392.38
-583.812
261.339
1632.36
-910.981
727.291
34.4699
-61.3463
246.141
-487.55
802.468
-538.045
920.327
637.749
1021.39
-447.648
783.331
-1370.55
672.961
-247.978
1051.34
-654.414
1154.09
-377.183
337.206
-567.595
-890.676
1598.9
751.452
1731.02
532.083
-328.778
-525.297
864.613
-491.056
842.861
619.132
409.21
-326.107
-83.1033
710.298
-1595.49
-402.051
969.979
-636.743
-842.155
-742.918
411.935
-330.862
-81.0735
-476.252
-517.131
-604.532
370.531
1086.1
-629.584
876.639
-527.041
582.609
-421.642
1305.74
-1686.53
702.271
-1797.53
609.494
-530.858
499.893
-839.529
339.636
227.037
-542.366
315.329
-763.384
386.793
-348.021
167.324
564.753
-268.299
-460.134
1167.54
1112.88
-686.876
-587.851
-459.697
333.016
-414.243
81.2266
-495.223
199.217
441.41
-210.329
-292.33
-303.635
766.03
-1074.96
476.524
941.181
1033.48
-445.638
398.71
329.277
479.986
1029.98
495.937
852.448
1068.67
820.438
-1469.17
648.73
465.496
-1259.27
681.059
-199.959
-260.255
169.606
-387.056
598.969
793.159
-595.293
-168.643
249.896
233.242
217.6
1651.48
-459.257
-730.815
-313.283
379.365
-66.0817
1173.7
-479.794
-693.91
439.358
-397.996
261.997
410.964
-571.026
494.039
-722.82
1147.01
226.123
645.384
1399.17
-1204.64
697.633
-401.835
196.139
-189.573
-682.653
607.139
516.854
-311.979
1101.48
-659.674
1119.55
-489.969
1192.26
747.97
-613.012
378.745
-61.8012
1511.23
-771.101
1654.04
-993.88
1370.55
-1242.48
260.072
-25.9495
602.528
-780.86
-779.486
-406.483
1248.99
-74.3461
-535.199
-264.5
-1190.8
-590.309
732.169
-272.849
892.311
-455.586
-355.87
178.148
235.131
582.372
-226.75
-273.42
1230.32
-591.249
-537.327
583.206
-656.728
219.993
67.2387
403.392
-325.521
-77.8711
261.338
-1077.18
766.223
279.243
-1010.06
356.775
208.856
-565.631
627.119
-271.164
715.203
-444.039
-755.776
-378.538
-1025.05
532.841
453.852
-1176.67
-867.414
329.369
-99.6586
185.787
936.586
-41.4471
491.988
-1151.66
1781.23
-899.482
-82.8424
-23.1295
-21.4827
34.6101
636.3
-473.69
94.2961
-688.38
-434.579
-624.469
-514.116
766.541
-450.949
-963.064
-1211.23
-93.0483
-453.577
736.997
902.482
-421.244
168.147
-363.307
-37.5544
782.753
800.758
431.735
-321.696
392.103
-70.4075
-498.242
-638.07
285.94
-629.487
276.107
699.739
-214.479
327.306
1153.38
46.6036
-518.779
646.791
-1593.62
946.826
291.332
188.901
-388.731
548.547
-371.442
216.343
-669.92
-415.573
191.013
-232.12
-219.665
920.295
766.651
199.707
314.576
-952.203
526.151
-78.4544
277.431
-737.131
-664.587
-964.725
791.919
-1220.65
-897.162
284.052
-503.447
156.685
-361.239
-428.273
888.847
-340.875
-479.169
693.327
67.306
397.996
460.62
1154.35
-726.804
22.9765
-379.192
641.335
-534.043
-628.778
732.425
-446.762
1209.82
-310.406
287.538
22.8682
1779.07
869.205
512.27
-322.053
869.214
-1428.09
-1840.37
856.32
747.148
-338.712
1603.6
510.762
117.702
-128.666
-175.127
303.793
1695.65
705.597
-1382.6
1687.12
-732.897
1036.62
-42.3785
1217
27.2778
276.155
-706.285
-287.279
-347.02
287.731
-804.862
1020.05
544.216
196.977
-661.861
-701.262
-142.78
1205.64
-244.744
-274.439
-182.009
-126.806
308.815
-1032.37
-220.848
-689.771
-611.875
-1315.38
534.97
-552.358
-1243.9
1097.82
737.957
-343.569
-101.376
383.104
-308.847
-74.2564
1770.65
-510.058
134.672
-361.844
-63.4406
-445.597
951.109
-634.145
471.25
537.605
-641.465
-44.2265
298.864
-86.4256
285.779
158.847
208.737
-1154.35
-409.39
-190
-125.947
315.947
-757.424
-807.962
-375.645
-84.9027
-879.823
-1117.76
-1464.14
-535.887
-1464.14
1465.99
534.009
1465.99
347.02
-319.306
117.463
1034.71
724.518
1270.04
-1118.67
-462.593
-846.683
-445.241
-841.259
-265.807
659.629
-409.549
294.497
-1752.09
-445.918
-23.5999
-370.686
734.707
-576.187
409.067
-680.231
-504.127
631.877
-423.021
-1114.31
-725.511
669.826
-1702.16
-772.168
-686.272
1679.67
-503.477
230.057
1056.35
-561.866
-100.934
-95.5198
-1467.42
579.297
1566.27
390.472
-1419.55
-456.909
-1398.7
256.533
-1016.71
459.971
442.511
1009.53
-863.152
-123.007
-217.48
340.487
-1292.66
-342.659
442.769
-234.083
-770.524
-451.234
-591.876
1486.9
687.497
353.336
-763.571
437.965
1126.41
-705.896
-821.591
-663.59
248.315
-644.096
-29.0327
-474.84
1250.32
-849.898
1460.94
-383.885
-366.843
758.999
-411.382
-902.67
-821.823
-427.652
497.364
-346.434
-146.684
493.118
127.7
410.643
-454.012
1418.85
1572.98
-604.162
-621.446
1152.3
-969.298
248.286
-305.551
-440.015
1099.79
-528.215
-217.38
947.003
-467.904
-157.849
370.839
757.424
-1342.43
-29.3692
-432.815
-259.561
259.561
-325.725
-428.158
931.997
-615.846
1296.91
-411.947
-510.402
-1585.99
814.622
-324.077
-358.217
-1193.94
1176.67
-566.415
181.984
415.877
-892.912
-723.392
277.416
493.697
-290.12
-632.477
-509.246
-224.305
-138.42
362.724
-819.736
-134.182
-221.759
355.94
-221.122
-127.429
348.551
-280.299
35.4711
898.694
-1521.96
371.892
-189.651
176.604
-957.954
1044.59
-500.527
-674.192
-418.282
1092.47
939.727
-232.514
-136.166
368.68
-436.937
464.215
1357.32
1660.95
1282.79
-1476.67
713.1
186.171
463.027
98.0072
-357.568
451.122
-303.397
788.484
-435.898
507.42
-694.634
-606.888
-465.805
131.176
486.71
-47.6241
-445.348
-417.915
-653.42
-1577.66
771.943
-233.754
-140.189
373.944
-888.406
-512.153
1610.37
-1516.02
-867.291
1129.92
-1175.24
1599.32
1052.55
-818.798
-899.812
125.808
-613.689
1671.64
898.414
911.439
680.672
-269.357
875.848
-350.166
-311.826
-365.328
712.781
392.5
578.843
601.53
530.235
-338.27
730.052
325.91
1578.12
1404.47
-467.884
316.857
-365.59
-663.797
5.76863
135.153
-883.076
366.84
-797.654
948.321
834.21
219.993
-260.736
478.888
303.73
-578.257
783.868
213.32
217.132
200.968
1559.72
48.3657
905.706
-954.071
474.688
-402.961
184.726
-1099.47
474.998
56.0325
819.839
908.418
-182.675
-187.576
-378.055
-350.746
-516.668
-608.002
252.133
-929.469
456.619
-468.084
-346.663
85.8283
753.574
-456.376
884.789
-92.8383
-458.7
574.834
886.109
354.948
-202.524
275.888
932.169
602.672
53.344
296.982
264.685
-1222.11
465.805
-912.983
610.455
302.528
1688.72
-429.995
-366.5
291.044
-403.393
977.266
131.609
336.658
1220.67
1514.59
-650.556
-679.69
680.412
-324.552
855.44
-530.888
-680.893
660.177
-408.711
822.556
379.169
618.68
-358.063
-1346
1038.72
-253.996
1857.44
-679.138
203.882
529.456
-207.07
691.831
-316.508
244.003
-1100.09
427.676
-1356.57
1339.44
406.479
-239.099
-139.402
378.501
-783.949
-1623.48
-912.672
174.001
65.4616
-609.071
1029.48
1190.8
-682.295
-768.591
-663.78
553.946
498.602
532.02
-1234.29
931.41
-266.104
1174.81
-523.162
777.4
-1289.46
1098.67
-81.2985
301.292
-603.714
1386.47
233.968
-628.26
-908.962
356.992
1197.08
213.196
209.335
57.6692
-961.022
907.607
-971.97
-240.471
291.754
755.215
712.272
1151.29
351.121
-661.447
-330.282
-305.302
-278.462
-732.776
-452.912
528.495
-386.055
-30.3832
83.4644
-44.0254
-741.104
295.507
-1331.57
286.728
502.89
670.453
-1173.34
-1095.43
-357.201
-393.464
-1009.53
-1135.87
-1515.58
616.374
-274.028
-1103.8
-373.267
-377.923
783.36
389.307
-1095.2
-75.4555
345.592
288.943
262.692
607.103
-1027.35
349.302
-445.045
363.693
-210.612
-401.069
-201.796
-1530.93
293.082
-1508.57
-1457.74
-218.942
1093.11
57.5828
-465.846
1059.8
-563.86
-679.031
1120.44
812.854
365.404
-767.456
687.497
-261.145
-382.951
-409.983
-559.664
1039.65
358.486
-170.794
-187.692
-330.324
-797.045
-402.311
1199.36
1914.42
83.256
409.01
198.09
-533.402
-306.127
277.367
317.416
-112.391
-205.025
-380.52
163.74
-447.172
470.148
-400.42
765.825
631.03
478.349
-420.679
-358.488
-98.6758
-905.206
395.999
-236.866
-747.188
638.583
502.583
1167.71
1019.88
-1157.86
783.4
-542.214
-129.624
1545.48
-573.232
1099.38
-316.806
1648.17
-106.181
-219.643
365.704
921.256
415.741
-1372.29
-328.326
-1430.84
1314.71
-634.037
707.82
-1350.02
669.658
364.811
-444.122
-627.382
-528.775
488.504
-202.392
-976.947
-830.512
297.111
1129.04
1511.09
1003.47
226.272
471.938
17.043
443.462
507.923
969.982
593.608
-332.27
-290.51
1524.18
-176.592
888.22
-1353.74
955.972
437.789
-606.416
-190.617
-490.276
327.196
-587.45
1131.07
577.697
-327.801
295.244
427.864
-300.164
239.914
-427.775
-153.936
-807.531
323.559
-600.837
-490.667
417.086
-1013.09
197.835
1015.34
507.869
798.899
359.248
-241.456
-404.879
1530.84
-745.819
-476.292
19.3641
-744.992
1172.55
-1708.89
1172.44
-194.407
1323.64
307.761
-344.13
-174.255
585.219
-378.377
464.307
1517.21
-148.156
323.364
-539.654
1391.81
-1197.56
-1320.2
420.262
400.038
-966.565
150.801
-349.188
338.02
-370.933
464.595
1059.59
-562.367
-565.57
1203.64
-1214.67
529.624
317.338
-1189.72
-1271.97
-259.216
69.3855
-483.263
303.026
-746.718
289.809
-48.9639
-608.611
417.993
-369.921
264.403
-135.064
-899.653
-468.737
-362.075
1115.88
-377.495
-297.066
281.865
424.482
428.505
-535.131
253.797
1632.57
-1575.08
-313.382
531.788
-91.1799
-717.268
292.553
51.2827
-1099.99
-427.831
-886.791
273.778
964.41
-331.21
-958.246
-338.114
3.45146
204.084
-704.663
766.139
-702.957
497.604
-166.906
-232.988
399.893
-324.059
51.0527
-353.229
973.601
998.858
-405.852
189.489
169.759
-651.201
229.961
501.465
-540.774
1080.2
245.23
-379.288
1122.49
-633.982
-275.247
292.907
143.739
-1671.52
366.322
1328.28
190.279
75.7503
75.2737
-427.161
191.468
1473.89
171.086
-801.17
426.96
-1532.94
1543.58
274.866
-158.531
-439.091
-189.005
1107.28
135.091
-290.258
321.433
-344.749
670.659
643.424
294.612
-628.421
-996.734
166.158
-163.471
602.154
-331.182
654.546
330.553
310.782
-763.202
1187.85
43.0487
333.685
-480.506
770.094
370.349
718.355
353.662
136.05
-625.526
910.957
297.304
-451.211
274.907
253.464
-936.564
-221.291
20.9713
-125.704
1500.77
-282.232
1336.79
-197.133
332.224
324.413
-1136.33
417.088
-803.113
351.902
-335.542
-676.25
1021.08
655.8
-487.487
-745.31
235.252
407.669
256.426
-310.271
-132.487
323.956
-557.248
-984.826
692.859
184.913
-607.861
-190.207
-759.34
-455.501
-128.241
-838.323
-166.824
1052.58
507.237
1719.01
-621.194
-83.7503
439.49
-652.34
-173.123
-162.419
-497.936
-110.162
-1465.45
436.628
-223.678
-313.388
-451.135
748.245
348.866
571.831
600.343
-347.188
564.564
190.978
996.45
-815.809
1288.05
587.086
387.668
-311.917
-541.526
-34.1499
-424.55
-1008.06
1.67825
-367.526
-381.722
56.4738
-329.62
-779.578
119.575
-24.1302
119.403
1111.46
-548.354
-125.592
804.154
246.169
-382.195
-982.084
626.64
-363.43
278.045
803.965
319.792
51.1432
-427.927
-247.927
1442.55
484.301
246.466
-98.3154
1209.78
-212.316
-157.605
369.118
-831.284
-239.561
209.63
139.558
-327.25
1380.32
-513.281
-188.311
-143.017
79.3796
-125.787
105.22
20.5671
253.971
65.8808
-319.852
31.7372
-1.14803
-30.5892
-67.1545
61.9771
5.17749
-4.40782
3.9784
0.429426
335.603
-57.7622
-277.841
178.864
-84.3405
-94.5234
28.7455
15.6845
-44.43
62.0871
0.876965
-62.9641
-252.014
126.32
125.694
-43.8549
-88.6501
132.505
-6.78228
7.23528
-0.452993
27.5398
308.063
325.834
-71.8635
85.4218
-6.27684
-79.1449
-13.4842
17.3328
-3.8486
-107.418
-243.79
351.208
-50.3846
1.06795
49.3167
-68.3721
1.21759
-54.1674
3.78278
76.2994
-308.443
232.143
293.279
-191.54
-101.739
-237.899
-113.511
351.41
2.78568
13.6469
-16.4325
-11.1811
-2.30308
366.282
-29.817
-336.465
123.517
55.347
-9.81295
-1.43004
11.243
-3.45342
3.87423
-0.420813
-3.4508
3.87199
-0.421184
-3.45121
3.87275
-0.421537
-3.42408
3.86651
-0.442429
3.42012
-3.8547
0.43458
-3.42407
3.86628
-0.442208
4.19971
-63.4753
59.2756
-26.1777
54.9233
-55.7341
-49.4626
105.197
-4.06755
2.78994
1.27761
206.123
-181.148
-24.975
-170.183
295.208
-125.025
-14.9616
5.14863
4.67159
-0.133068
-4.53852
-366.358
553.962
-187.603
135.346
-179.201
10.056
52.0311
2.02874
-59.0256
56.9969
-154.341
-97.6726
-34.8403
-196.436
231.276
-195.598
40.6366
154.962
277.244
-306.586
29.3418
-5.76159
8.54727
479.585
-182.816
-296.769
124.528
-269.385
144.857
-34.4919
36.5207
-37.5067
-43.6117
81.1184
21.342
84.271
-105.613
13.1516
2.10545
-15.2571
26.4657
-23.3266
-3.13918
-3.63458
3.02509
0.609492
41.8167
-300.595
258.779
-221.332
-167.092
388.425
27.9322
-1.46649
-264.296
-31.9725
296.269
-239.844
289.809
-49.9647
-81.2148
-44.5726
-7.67118
-0.241717
7.9129
7.56758
0.338297
-7.90588
7.63848
0.280349
-7.91883
7.56579
0.335679
-7.90147
7.56642
0.335183
-7.9016
7.69827
0.281882
-7.98016
7.6385
0.28003
-7.91853
254.391
-212.574
20.8937
219.049
-239.943
21.3561
-98.7673
77.4113
-3.6685
-13.0381
16.7066
-279.182
244.342
27.2912
-64.7978
-410.634
303.217
-47.0558
-148.543
-373.318
135.883
237.435
58.1533
219.091
106.52
-21.0982
-118.927
-10.1083
23.26
12.3561
44.2564
-56.6125
31.9902
46.1189
-78.1091
106.46
-14.768
-91.692
-4.00108
-0.406744
365.743
-43.3982
-322.345
41.7725
-37.5728
30.1781
-65.3272
35.1491
-85.5756
325.844
-240.268
146.046
228.015
-374.06
77.9447
401.64
-10.9691
11.4691
-0.500062
-4.1704
0.716977
3.98445
-0.564329
-4.17009
0.719292
-4.17231
0.721096
-4.01993
0.595854
-4.01865
0.594577
-6.78228
163.501
84.5716
-248.072
326.547
135.699
-462.246
-38.1604
-65.3493
189.877
379.391
-303.092
-23.9624
-18.0111
41.9735
31.3995
15.0252
-46.4246
-23.6382
-268.786
292.424
401.797
-105.745
-296.052
258.058
-281.696
69.5459
-251.405
181.859
-28.0338
-6.17526
34.2091
-238.603
68.4203
-3.37557
-0.259011
-324.844
40.5551
284.289
173.103
-250.763
77.6605
-11.6143
0.199183
11.4151
-54.2253
48.38
5.84529
17.5854
-20.8923
3.3069
-101.295
-76.7471
178.043
-14.3122
97.244
-82.9319
-21.336
387.618
-163.18
184.074
32.5893
-33.3088
0.719487
-1.45004
-28.38
29.83
-5.47698
69.1868
-63.7098
149.841
143.438
33.1507
-30.8686
-2.28217
-10.9061
120.856
-109.95
382.966
-56.4181
84.1206
-198.623
114.502
25.2452
-68.6092
5.13386
-348.974
-3.57571
4.00531
-0.429599
-3.64022
4.06797
-0.427748
-3.57562
4.00529
-0.429668
-3.49894
3.94287
-0.443925
-3.63992
4.06874
-0.428822
-3.64044
4.06922
-0.428787
109.688
230.433
-340.122
463.87
-259.921
-203.949
-14.2881
-0.673528
34.3738
-39.8508
115.373
-379.669
402.293
151.669
-1.61964
-9.34941
-465.122
169.016
-406.915
-348.638
263.062
291.878
-27.8511
-264.027
4.67159
31.6976
0.0396382
-139.734
303.235
-66.0996
64.6496
-35.7717
-6.38543
42.1571
39.1165
2.64258
-41.7591
31.3053
1.84545
-202.592
-81.2285
97.3163
-16.0878
-60.2432
-4.30869
64.5519
115.245
-129.558
-15.6197
15.4866
-325.368
305.955
19.4127
72.4905
-41.091
33.2699
-41.9836
-12.2417
3.5411
-3.97028
0.42918
5.81867
63.7408
-69.5595
46.3121
-371.157
-0.0891535
-3.29683
-6.06306
9.35988
-24.0431
0.716514
175.648
73.4974
-249.145
127.329
-409.089
281.76
139.416
-150.322
47.1078
-48.2558
24.5748
-105.803
24.3457
-20.4475
-3.89818
-277.143
392.516
7.84861
44.4653
-52.3139
-64.797
-113.145
177.942
-92.0719
267.72
-300.63
255.084
45.5465
-11.1265
-0.487819
165.704
-295.88
130.177
150.286
-169.384
19.0977
-40.695
-54.6782
95.3732
13.9613
-252.225
238.264
253.642
-239.681
40.2526
-34.4339
316.156
-24.2779
-29.3362
167.526
-138.19
-26.78
58.7701
333.964
-110.994
-222.97
-14.8924
-128.93
143.822
10.7882
21.8011
-14.2648
-0.023209
338.598
-483.876
145.278
174.929
-48.6086
-6.67699
33.7066
-27.0297
94.1257
-123.462
393.664
-460.492
66.8281
-253.488
326.044
-72.5553
-33.4932
5.45938
-75.2229
-59.3592
134.582
69.0561
-112.668
95.414
110.709
216.112
-120.204
-95.9087
23.8245
-24.8308
1.00633
72.3458
-190.907
-98.749
168.295
-387.011
215.961
171.05
13.345
-12.9751
-0.369868
2.95144
5.70052
-186.848
-256.57
65.0295
9.38832
-2.15305
129.129
204.835
-65.5003
369.889
-4.14645
31.8276
3.96135
-35.7889
-4.18218
0.0117838
-4.18163
0.0115398
-4.71221
4.84837
-0.136161
4.26128
-0.276826
-4.79406
4.92046
-0.126397
-4.79267
4.90278
-0.110106
-4.18456
0.0122501
-4.79649
5.00163
-0.205147
-4.28033
0.260395
-4.71203
4.8483
-0.136271
-4.27978
0.261131
-4.7902
4.91118
-0.120982
4.95898
-4.8029
-0.156076
-4.71331
4.84921
-0.135904
2.66775
15.793
-18.4608
458.787
-331.458
-113.394
134.736
-273.688
-51.6803
165.073
-14.7875
38.3136
3.28138
-41.595
36.9294
-24.5733
-42.5219
6.75016
-26.2672
23.9671
2.30012
30.1781
326.826
-161.122
305.447
158.423
0.0543791
66.6256
-66.68
163.414
147.141
-310.555
59.4722
269.105
-328.577
-52.0928
98.2116
3.52084
1.1382
-4.65904
8.31341
159.213
7.3429
-6.82072
-0.777358
7.59808
-41.6882
63.0443
-4.90463
0.707232
4.1974
40.6401
-47.3171
99.1856
-146.241
200.149
385.676
16.1208
-6.95926
-232.885
419.877
197.494
-218.66
21.1655
-53.7675
217.181
-53.4405
197.584
-144.143
-1.66562
315.992
-367.551
51.5593
-1.11134
13.3392
-12.2279
97.6503
-13.3793
362.304
-0.0989618
-3.90211
6.30447
7.04054
-11.0862
-0.969168
12.0554
-171.848
399.862
-244
303.473
171.175
-230.643
59.4675
8.52595
-7.77876
-0.747185
27.549
-27.4946
74.3777
-85.9562
11.5784
4.2655
5.49069
-9.75619
148.015
-63.8947
36.6904
6.78683
-43.4772
-269.368
325.004
-55.6359
-223.678
69.3365
-415.713
138.57
198.087
125.745
-323.832
76.1034
-31.8471
-347.306
398.588
-43.3784
-10.789
-15.7776
12.4808
-3.52223
3.25446
0.267767
-3.52197
3.24416
0.277805
3.50325
-3.24536
-0.25789
-3.52276
3.2443
0.278453
-4.10955
3.06273
1.04682
-3.51603
3.25289
0.263143
-3.51575
3.25305
0.262699
182.405
-197.298
-15.4255
47.1927
35.6047
-82.7975
13.4622
14.4701
-224.636
-44.1492
25.5444
24.9082
-50.4526
296.415
-77.3664
313.127
-115.04
-32.983
187.613
-36.7644
-150.849
56.6761
-66.52
63.7972
-128.594
243.332
-72.1572
-29.528
38.5331
-9.00509
-243.352
142.057
-22.2191
280.277
77.6674
-8.48066
39.1829
-13.6385
-143.456
66.7093
-31.4953
161.185
-129.69
37.5674
-14.0857
38.1715
-24.0858
-7.67118
-87.8979
32.1638
228.873
-31.3789
-44.0943
300.827
-256.733
140.861
148.948
-5.08306
2.55743
2.52562
7.56758
7.63848
7.6385
7.56642
7.69827
7.56579
19.8438
-225.064
205.221
-115.006
65.5435
26.3185
-242.156
215.838
-308.349
363.654
-55.3059
33.3702
-25.5216
-199.59
213.287
-13.6969
-54.9856
-13.3865
14.572
-14.9963
0.424357
-315.085
-145.407
2.83808
1.5035
6.33687
-7.84037
-154.484
-151.647
306.13
-114.037
61.0224
53.0143
26.9895
-25.9215
2.81985
102.4
-43.0913
-219.262
165.822
-256.422
298.692
-42.2697
46.2373
141.376
148.481
4.31052
-152.791
18.9939
-436.069
417.075
355.674
-29.8308
-55.3448
-9.98235
-0.802298
25.148
-4.20825
1.52459
-1.52459
-98.8476
-124.83
-56.2032
59.4846
175.591
-167.277
9.38832
-243.612
215.76
-333.424
222.43
4.39458
-0.87374
5.68252
-7.72484
2.04231
4.60331
-0.20873
21.7842
-148.096
126.312
154.811
-6.32976
-61.9426
-238.688
143.433
-91.9916
-6.77569
3.98065
-0.955561
-40.9232
11.3952
212.204
83.0038
-241.019
344.989
-103.97
-44.7207
48.682
-56.7636
-94.9335
151.697
213.808
-245.781
207.196
-98.5585
-108.638
-14.0821
18.4179
-4.3358
55.8234
-131.046
-43.9702
-224.278
268.248
-2.65513
35.7659
-74.8751
39.1092
-13.5311
2.44489
1.43784
-21.8854
-8.17124
-1.39111
9.56235
-116.253
124.834
-8.58114
-28.7706
-14.3207
-173.272
-93.4332
236.867
260.637
-304.731
-15.9866
118.309
-102.322
52.7735
-52.6621
-0.111422
-20.2573
-34.0311
-6.8921
-4.03721
17.6841
15.7572
-112.79
97.033
-26.4902
20.1048
284.391
-77.4052
-206.986
49.0237
57.4963
63.4278
-38.5195
-247.782
-89.1302
336.912
-95.3279
-211.258
-40.6061
57.2032
-16.5971
-59.4237
41.4126
-4.11363
-215.08
219.194
-40.0962
32.6054
7.49078
7.30895
-8.84195
1.53301
7.18243
-8.86286
1.68044
43.3826
-57.4683
137.089
-291.573
-211.786
-30.3699
-240.001
101.257
138.744
-40.8441
162.659
-121.815
-69.4611
28.7661
236.334
-240.448
-0.351455
0.350531
0.34999
0.350475
0.350019
0.352006
90.7357
-16.358
-229.871
131.024
69.4339
66.5925
-136.026
-55.5762
-143.046
10.1531
276.27
215.317
-321.062
37.9275
-224.514
186.586
-246.528
-140.482
-38.7634
-21.3416
-72.0345
64.922
7.1125
-331.438
135.788
195.65
-75.9432
243.815
-167.871
-12.5472
-215.677
-406.713
421.735
-15.0221
6.41578
12.0021
-247.084
-29.4942
276.578
33.6647
2.85596
216.478
-185.099
-31.3787
-34.2084
60.6656
-26.4572
-342.782
101.763
3.90344
13.4293
88.1042
-24.3634
275.461
-190.889
47.2465
-104.01
104.517
-343.742
239.226
17.9458
-289.193
271.247
-35.5671
-15.9918
233.652
-134.668
106.825
27.8426
-274.732
27.6483
-82.0102
-18.7076
100.718
-3.29536
-3.30193
-3.29559
-3.21706
-3.30473
-3.30476
97.2068
-6.82072
-261.237
10.2218
-368.642
-192.257
196.567
69.5838
329.004
-0.366396
-75.653
291.614
-98.5183
9.38178
89.1365
-14.5913
-54.0179
-131.86
-118.903
-65.973
-0.126666
113.885
102.227
42.8939
-8.52007
13.9756
-17.3894
3.41379
36.0379
-278.641
229.141
-318.271
-18.6657
21.5038
15.5953
7.30895
7.18243
-166.525
7.85048
158.674
-4.17742
-184.08
99.7396
192.012
-335.194
143.182
-202.074
34.996
17.7775
-1.19543
-3.7092
0.177484
-178.893
120.706
58.1868
29.8509
-49.4485
19.5976
28.2297
2.89018
-31.1199
17.7784
-134.032
58.2758
-13.8105
48.7649
-51.9041
-247.586
349.829
-102.243
103.492
-204.783
101.291
196.206
-174.422
258.029
-156.772
-106.851
121.557
-14.7055
3.29938
2.18303
12.3889
-179.279
-51.3633
-49.9161
118.972
1.13338
-9.30462
-95.9219
-63.3396
159.261
20.0829
302.455
-322.538
-26.7616
54.3108
93.7046
-2.86713
-7.08347
6.99431
161.836
122.555
11.1208
1.81357
-12.9343
78.1692
-338.09
-115.068
-43.9489
159.017
146.067
-76.633
-125.555
-80.252
205.807
-78.2709
-76.2345
354.312
-287.384
-66.9272
35.2502
-53.0101
17.7599
-439.324
-44.5522
138.224
162.505
-119.563
-42.9423
-202.658
371.674
-261.32
324.949
-63.6287
209.905
-239.722
251.758
-293.607
41.849
39.6644
32.8261
-145.838
-77.7133
46.2321
31.4812
-188.894
301.614
-72.4736
-3.46487
-0.716761
-3.46483
-0.717347
-3.40526
-0.779298
-3.49112
-1.22219
-3.49089
-1.22114
-3.48993
-1.22228
-84.4043
-184.981
10.7916
133.54
-144.332
-0.178106
11.2989
38.1308
-8.30072
57.8485
-9.08356
-6.07505
-48.6513
102.962
22.4434
-30.7539
8.31048
-179.166
-18.2836
-50.8703
-18.6892
-61.9265
-30.3692
92.2957
-363.585
55.2363
-276.007
162.496
59.4892
-111.582
106.862
-98.6042
-8.25782
31.8795
-239.952
208.072
54.3568
70.2051
75.8617
-122.057
-209.381
-5.68252
-11.1436
43.749
-52.3532
-117.186
169.539
25.573
-25.3956
-5.67789
25.2039
-19.526
158.238
-238.49
-37.8328
4.27424
33.5585
19.2148
19.9681
86.3885
81.7422
-168.131
120.6
57.443
-22.1573
31.7996
31.6282
-265.47
-51.7711
317.242
144.725
-238.158
187.592
-101.204
268.094
48.0615
105.904
81.6882
51.0144
129.694
33.8356
264.856
27.456
-31.7647
-9.52295
22.8147
-13.2918
-32.4936
-5.33918
-369.841
290.519
79.3223
-112.79
-114.538
155.175
0.0261738
-134.892
134.865
-42.1592
-10.1548
-89.4046
165.266
-135.778
51.1223
-10.4822
7.40552
21.4153
23.8043
-45.2196
-35.2676
-240.019
275.287
-78.7132
-100.18
-22.4234
-49.6111
44.7479
-22.8147
-21.9332
-24.5291
-6.40643
30.9355
213.738
208.755
-200.268
229.609
-112.349
-23.1491
-7.62841
30.7776
-54.5777
-15.1571
165.129
-149.972
-37.4859
172.832
273.112
-302.606
-39.7852
-0.128896
-173.023
52.8199
101.939
-191.344
-170.608
-48.654
-208.094
-13.3883
-33.0363
247.764
-103.039
-13.2213
-13.0459
300.359
-259.804
-95.737
-2.78127
-46.4809
-212.882
111.678
-13.0338
34.4491
148.571
-147.821
-0.750018
302.105
52.2071
13.6548
16.6886
-30.3434
250.165
-11.469
54.8516
-10.3605
-212.781
-120.643
33.5632
8.41025
-47.694
299.452
37.0191
-71.2274
15.6893
-85.0311
234.872
69.9894
-3.3638
27.0859
-4.64247
15.3045
-13.8009
22.9851
-9.00952
-219.378
178.436
40.942
-58.8458
-4.86396
-53.5564
136.441
-136.441
10.6184
-20.1414
29.928
30.7376
53.7323
110.65
105.828
-123.876
-37.1234
-75.5444
80.2879
20.3632
-100.651
10.6768
-1.03102
-9.64574
10.6361
-39.8553
94.2121
88.0559
17.1408
-18.0332
-56.8419
0.946432
5.73511
-6.68155
-4.85691
20.8438
-15.9869
63.6836
-31.2698
-0.877733
27.8672
-35.7067
-9.70928
45.416
-6.61658
-1.10826
-301.208
353.271
-52.0629
23.6511
456.362
-43.0794
-413.282
-36.9015
-10.4156
44.7479
62.4465
-83.5488
-336.924
420.473
15.5238
21.4993
-62.1054
-22.4458
3.39722
19.0486
362.356
-284.412
-248.06
-61.6041
309.664
-210.556
216.257
-48.8402
-10.5835
-2.03042
-94.6429
252.881
-28.5663
3.93674
46.2038
29.8997
150.289
-159.726
9.43637
-0.0474665
-0.0511992
0.0540282
-0.0512872
-0.15433
-0.0518432
-0.0517114
-143.773
-6.54954
-186.271
-5.98585
-86.7873
-8.9497
-42.1132
326.946
187.021
-4.61549
32.3917
-35.7363
3.34453
18.2234
-172.644
154.421
-239.274
185.507
11.4681
-44.5299
124.709
-3.85303
-2.62302
-6.21894
-2.58928
-6.27359
-5.07266
-96.5808
217.18
-0.449692
0.578102
0.53761
0.577845
0.540416
0.540475
0.578042
76.5
292.404
-368.904
-1.35167
-61.5067
-80.5881
56.3724
0.62447
-204.558
91.4138
-9.12944
245.463
20.1739
-199.453
-1.09207
-16.9899
-56.006
1.42826
-193.063
251.415
-58.3526
153.692
-71.9497
-77.6843
39.1647
-8.54995
-307.843
387.072
-3.53672
-0.433561
-3.5949
-18.8509
44.9894
-91.4703
-179.283
4.86153
79.2399
224.79
-292.75
67.9594
306.761
-287.767
169.847
5.74407
-61.2292
6.24359
-93.6171
-276.224
-108.604
11.6753
96.9284
-205.104
243.139
-38.0356
-143.797
14.8671
295.293
-34.6566
-209.846
109.979
99.867
-267.448
-21.7445
-292.983
147.524
145.459
-284.672
-186.059
282.629
-96.5704
-185.571
101.406
84.165
-317.047
281.779
34.7253
-44.3912
-62.955
107.346
-376.102
287.967
88.1342
-4.22021
53.8205
293.893
-35.884
-258.009
3.07243
5.2369
-172.514
-49.6527
6.27437
-268.901
277.41
-8.50875
-3.99892
-24.2345
37.8892
-3.14963
-49.5124
15.7733
-220.877
-193.017
137.44
59.4782
110.356
-89.371
105.811
-16.4402
-102.844
-126.108
-61.6021
7.58425
15.4853
-227.271
118.393
88.8035
81.2852
-35.0814
-231.742
58.4703
360.542
248.789
46.5039
-108.555
-49.0968
4.37613
-23.8427
25.6562
-120.469
-47.6613
-275.514
6.6133
-259.771
-7.63811
-7.64103
-7.64007
7.65501
-7.63877
-7.63846
-6.93334
2.19274
111.287
-148.411
-237.892
110.336
127.556
-100.077
45.3987
34.7798
3.42697
61.495
-43.3891
292.178
334.833
-32.7282
-157.423
-85.9293
-53.1908
90.2098
54.479
5.00555
-80.5392
39.4482
-4.3314
-12.1012
-17.7443
-89.8092
107.553
83.7149
235.809
-93.7521
294.299
-23.0521
-17.0384
31.1225
-14.0841
-22.8615
5.71693
17.1445
103.839
-120.193
16.3545
81.3162
-111.685
-3.91434
-11.7053
0.473126
24.7308
211.406
-254.804
-8.5194
28.117
383.898
-307.398
40.4942
122.164
128.414
-279.377
-25.3536
11.1121
-24.7506
-1.45135
26.0786
-147.649
248.866
-101.217
50.2693
54.552
52.3101
-159.329
134.354
304.721
-31.6089
-0.512605
44.1934
4.48866
-56.8748
248.405
-191.53
23.4201
97.033
-84.5388
-101.032
249.05
-320.913
-34.5118
75.106
-99.4694
-21.0541
12.5347
19.2242
28.8023
265.091
101.089
355.272
-337.874
114.905
14.922
3.7479
-32.4668
-3.26946
-160.68
141.474
-117.307
-24.1667
-115.478
-11.779
8.18412
36.0587
-46.9757
99.4739
-53.2418
228.661
-110.268
140.958
-109.935
-183.048
-9.92109
-38.3347
376.59
-419.669
112.034
-199.607
-31.4978
-179.058
51.9163
89.5574
63.928
-162.486
10.529
-45.7523
145.728
86.9776
-232.705
-57.8193
70.2002
-88.8894
16.7513
-294.001
-91.6863
2.31529
43.4434
-22.5414
234.745
-398.634
-33.1599
2.57069
125.803
9.06278
295.985
-376.743
80.7573
20.1653
-104.823
84.6581
-388.397
331.979
156.017
91.7471
13.2802
-14.6684
1.38828
16.8641
60.8034
56.3506
97.3412
40.0688
59.4051
202.761
33.6543
15.1192
-48.7735
-193.108
6.25947
-7.08128
-100.028
157.825
-197.61
453.33
-485.385
18.7323
7.65501
-7.64007
-7.63877
-7.63846
-6.93334
-7.64103
-7.63811
215.008
-113.602
55.1766
-49.3744
-5.80223
-127.707
-210.168
68.9812
-82.7917
225.598
-115.619
79.1168
-42.8215
303.668
-260.846
-63.7534
216.622
-152.869
-31.4829
-115.497
-97.3847
-375.719
290.301
85.418
-98.6544
-103.714
-13.3964
117.11
-265.977
304.586
-38.609
-151.598
-67.4456
55.9766
-14.7686
0.503763
1.39569
48.3839
30.5497
304.283
282.976
390.147
-303.551
-48.6566
352.208
52.6567
-63.0171
-405.907
143.579
262.329
-404.231
201.572
-3.1277
19.8163
79.5679
20.156
-24.4874
32.9249
-220.619
-114.574
269.985
7.42489
445.211
49.3173
-59.2384
66.2107
-76.3655
255.338
2.27286
-257.611
-8.57754
4.24175
-3.41734
-1.37914
313.998
-89.2075
117.831
-92.5863
48.0634
-57.7727
-419.599
278.969
-43.4471
340.085
-9.7552
0.405783
71.2196
-401.594
330.374
-60.008
-75.49
221.218
56.4621
-67.0456
63.3156
-72.3991
-199.544
135.79
187.115
116.678
-354.894
187.802
448.257
179.173
200.509
-228.1
27.591
102.541
2.37862
2.3697
187.987
14.6149
-17.407
52.8239
-63.3061
58.7765
-69.1921
-313.671
406.536
263.067
-112.395
-150.672
-358.097
-127.822
-110.07
-15.4316
298.074
-282.642
47.7876
-0.957547
-46.8301
-12.4345
9.3068
-84.4602
-127.691
109.947
-253.717
178.227
-220.391
121.737
-132.226
179.88
-47.6534
-7.03057
0.967511
-23.1104
357.418
-54.4275
-302.99
166.951
-212.8
245.256
-32.4563
62.3651
49.7193
276.345
-90.2504
372.011
-247.485
-14.6777
-108.792
157.176
-108.713
-191.779
-35.4928
203.408
-302.989
99.5804
196.331
159.343
2.15631
-7.23937
52.2781
-199.927
-167.505
28.8997
138.605
-48.4801
-287.985
50.0153
4.20416
-0.00675566
179.671
-139.177
2.03533
306.844
-360.796
53.9518
79.4146
-57.9153
-109.85
-31.5156
283.494
-13.5094
66.7394
-289.614
274.183
-97.7001
-321.577
73.5172
-5.73221
-9.26411
-10.3753
-28.3578
-164.75
-299.6
298.074
-69.5398
66.3902
200.862
139.228
-44.8582
-83.3068
78.4428
3.82595
-89.3413
236.5
-114.763
-13.839
55.2515
-84.6781
151.417
-3.08686
49.8527
-162.425
112.572
38.4685
266.118
256.236
-255.259
211.289
-71.1406
57.3016
274.215
9.27951
75.9565
-79.3203
35.04
7.85392
2.09732
229.147
-271.968
95.1108
-116.209
-7.08347
-82.2693
338.505
136.438
43.2334
129.72
-82.4735
-52.3056
205.782
154.76
44.2983
-159.796
29.8034
140.228
-49.1964
-26.7312
-100.96
-265.887
258.928
-360.037
-20.9525
-361.341
312.861
121.734
-148.465
74.6632
-76.6936
99.0843
18.7472
-186.339
191.576
-11.1547
54.1554
464.961
-28.2215
-144.423
125.817
190.543
-182.692
-128.133
-209.689
-30.2625
-18.8077
-2.08457
-343.855
192.208
-19.6968
303.845
-283.762
-112.465
-319.278
216.752
102.526
-263.874
-48.2137
312.088
-34.5507
-309.642
380.862
-151.598
-203.638
75.8164
240.867
62.8009
74.2077
-74.3344
34.6632
-298.892
264.229
240.107
115.834
186.29
-89.0935
80.6128
-0.362234
33.5185
262.467
322.478
-73.4281
43.4418
-11.6129
45.2672
2.54679
170.014
-172.561
20.8509
73.4456
-72.0173
301.135
-354.972
53.837
-1.1982
-3.59448
-1.17308
-3.62098
-1.44341
-2.83692
1.37915
2.88213
-1.44652
-2.83325
-1.19456
-3.59564
-0.580924
-2.79465
-1.19965
-3.60325
2.21022
2.70096
2.21769
2.70277
1.12978
3.71852
1.12915
3.71922
1.16515
3.73763
1.12963
3.71958
247.571
-109.19
82.3946
54.0641
247.678
-284.042
36.3635
35.7512
34.0918
-69.843
253.704
-146.599
-107.105
21.016
302.553
-351.209
-260.468
298.936
-376.131
320.825
249.923
-123.432
-43.9041
167.336
38.9838
268.369
-320.14
-46.9861
-65.378
-101.235
124.886
123.769
56.1109
38.0364
-346.479
24.4486
262.026
-286.475
-115.148
131.502
33.4243
0.985082
-34.4094
72.8805
-72.256
-60.3499
-29.8359
-263.7
325.989
-62.2894
-270.815
255.855
14.96
-130.034
77.6813
23.1364
-277.092
253.956
124.565
-62.3548
107.753
-78.2968
-242.617
-317.748
228.54
110.826
-22.7705
-319.336
-244.641
-162.273
432.23
167.634
83.9182
-251.552
-203
197.014
200.042
-204.657
-185.332
191.076
-70.8476
73.28
-70.3285
195.961
-197.053
-215.953
227.421
-315.085
232.816
10.1859
-92.473
82.2871
232.99
-232.99
-190.418
195.279
-179.07
-104.012
283.082
62.2765
-56.0021
43.2341
-40.8295
332.737
322.604
-54.235
-266.461
-101.091
73.288
-72.0704
101.026
152.678
273.363
-265.938
117.499
10.9146
336.37
-96.2635
75.1224
-68.8788
-3.89896
-177.122
129.468
59.8802
-4.70365
46.6067
-310.481
-315.179
236.882
-226.67
-420.159
375.607
73.7911
-68.7855
29.4491
265.719
-295.168
-21.7949
5.06284
16.732
-1.67794
-106.926
359.783
-104.445
332.737
-280.135
239.306
262.361
-227.908
54.6365
-253.741
199.104
17.6574
-371.474
74.0314
-70.959
-70.7988
75.9327
-119.535
-11.8382
104.924
77.3046
-69.7204
-50.9881
-56.4986
-247.06
303.559
280.303
-331.801
258.373
-78.3426
204.578
-261.452
281.685
-338.184
-269.508
410.369
-140.861
268.282
-337.695
69.4131
263.676
-272.185
91.3758
-91.3758
60.9457
-56.4571
204.937
-63.9782
-140.959
-105.983
-28.9806
-248.111
291.475
-65.15
-162.95
129.586
-50.4694
-282.642
-32.5194
-254.018
305.578
-313.59
290.538
-15.3996
-15.9489
265.84
-328.13
108.2
8.90984
60.8529
-56.4767
-40.2606
79.3183
-44.4632
-34.8552
-107.221
388.907
-335.113
-57.0131
54.3702
2.64294
-243.17
-273.363
-81.5004
-126.379
-66.6371
95.8882
-363.874
311.811
-178.965
-39.6952
-67.0944
345.755
-82.3518
-327.842
270.063
57.7792
212.973
-223.276
-17.0118
280.688
-55.2166
290.643
-70.3425
194.111
117.623
263.292
242.075
-74.4418
-36.5794
15.6401
272.188
50.4156
274.49
-298.768
-311
276.488
-39.3356
64.8236
75.9886
140.633
24.1703
-143.733
-293.514
260.995
-257.225
-193.073
-169.002
259.325
-259.325
-20.4304
365.553
-171.257
-194.296
185.541
-200.328
-325.377
271.142
358.058
-55.6022
198.012
167.542
-181.916
-176.977
-316.369
284.76
338.468
-313.732
288.378
111.436
14.6089
446.937
-56.7902
377.806
-344.287
168.224
-361.297
264.763
34.1733
-36.47
-272.546
309.016
-255.361
407.03
305.282
-39.1648
-11.605
119.651
-109.851
386.195
-48.8148
26.7101
-148.525
-70.1768
-101.066
101.066
-36.4425
301.206
-71.8037
-289.814
361.617
361.745
-212.641
-149.105
-0.193837
23.5564
-20.9138
-254.53
-310.25
273.78
-29.2692
-234.065
254.239
-331.31
461.509
-39.774
150.602
-86.5452
-136.51
-283.649
-256.548
202.992
298.353
-275.485
87.6054
154.47
-305.37
332.732
173.793
-166.662
270.671
-318.885
-33.8298
299.549
195.083
-82.3631
-328.191
293.534
-14.7889
-76.171
-285.235
-24.2466
287.538
-292.622
220.465
-350.223
306.834
-210.955
210.955
-62.0022
-59.8479
25.0837
-14.4476
-13.5632
267.179
61.127
18.1914
99.9948
-94.9182
-13.6998
-55.3137
283.511
-241.662
-19.9083
241.292
-207.416
-10.198
86.7451
-76.5471
176.63
129.501
-4.19862
-0.460419
-165.076
165.076
-41.5383
-280.995
322.534
75.3943
310.282
5.12669
22.2494
111.808
-130.516
-383.898
277.451
9.64006
-287.092
-24.7098
-117.321
248.345
-88.8743
141.152
126.948
322.942
-34.1789
22.566
-278.038
219.685
-11.175
46.7016
-268.689
207.182
-233.497
-183.217
183.217
36.6676
92.9185
-151.493
151.493
124.728
-124.728
177.303
140.103
-317.407
25.5498
-11.0711
150.892
-70.2272
-80.6644
-198.565
277.524
37.3003
-314.824
268.84
34.7643
20.159
267.589
-318.332
-26.4063
-7.77254
13.7561
-0.47596
-198.114
-169.487
285.238
-326.776
28.0606
-317.874
-14.6784
113.328
8.22881
-14.2218
286.247
-8.72337
33.7388
327.878
111.282
-101.901
128.035
-143.417
15.3815
267.376
201.858
-147.794
-16.581
239.107
-163.118
-190.296
-178.887
-160.288
244.206
253.325
-152.299
28.689
-158.89
-89.1824
280.539
37.1847
-317.723
-230.577
305.787
-28.336
32.5893
-158.697
-70.2315
-322.114
41.1187
-45.8587
316.53
-396.679
-143.433
112.224
124.276
267.229
-4.52953
322.959
-50.7715
309.954
-3.22381
-306.73
-265.938
-99.1289
257.026
-157.897
5.72351
5.7456
393.585
-392.456
120.208
231.418
-351.626
10.3527
-177.98
167.627
-307.529
268.364
265.632
-304.241
-3.80001
-26.628
30.428
259.264
-208.652
208.652
-172.865
-285.441
208.075
308.15
-270.092
-38.0577
-13.0499
-135.422
-16.0717
287.618
13.6164
-301.234
-268.469
327.233
-56.0911
98.7768
-108.975
-110.918
-128.312
304.942
257.634
-306.449
7.61173
145.813
183.908
-400.275
216.366
-41.5751
-233.497
-158.169
335.472
44.6118
292.851
-104.865
237.019
-340.988
171.802
-145.092
-2.41785
-96.1864
-300.197
257.928
269.711
17.8276
-347.791
235.442
-35.7876
-279.036
37.016
-49.783
12.767
-230.577
194.564
-151.331
17.44
-13.5033
250.706
-290.042
343.693
-301.823
205.253
-11.5958
11.7575
-38.1638
-10.675
-172.865
227.285
-282.501
-35.2494
304.089
-187.506
190.053
-135.422
-0.532866
-20.5212
84.84
235.259
-286.247
21.0172
-284.707
-42.0692
277.101
-245.727
29.4805
278.669
17.6698
196.069
-41.8972
-337.253
301.465
-283.618
57.8888
225.73
218.871
-279.22
-158.122
-273.065
14.9919
98.336
284.394
-326.282
-312.663
133.593
-288.091
318.641
-213.479
87.0992
307.795
-39.4313
184.753
-270.008
85.2556
4.2038
-321.105
-241.37
127.769
-274.224
-43.4991
314.898
210.332
-275.71
97.5572
276.462
-7.3503
-267.053
201.903
4.45713
-51.5156
-13.2822
-29.4564
296.685
-10.6506
243.387
94.4348
-53.6056
330.067
-259.221
165.469
286.351
-348.354
42.3055
-341.697
-19.3687
114.479
-270.191
312.496
-49.4913
273.417
-380.638
104.727
-8.58108
-48.5212
181.558
-283.297
-4.65703
-1.01249
-291.097
17.5214
273.576
-358.356
155.764
2.84851
218.917
-301.418
82.5009
-277.481
-192.972
-7.47446
6.27626
-7.44141
6.26832
-8.48601
7.0426
-6.3453
-6.27626
-6.26832
-7.47506
6.2805
-8.49072
7.04419
-6.2805
-6.34528
-8.46982
7.8889
-7.09068
-7.47324
6.27359
-6.34361
-257.118
155.901
-250.646
140.378
-294.642
17.1616
202.3
-338.671
136.371
-300.243
250.752
-249.718
219.455
243.973
-241.096
132.541
-17.4849
78.8185
-24.9317
319.333
-127.124
174.991
-253.333
-30.6136
-18.7695
22.6949
-264.357
-243.75
143.818
99.9321
22.7462
-14.0041
-8.74213
-54.7824
155.449
-253.149
271.754
-58.9628
-2.48596
21.334
86.0845
167.64
53.7104
-355.419
301.708
188.618
-51.1781
16.3349
-24.1074
343.251
92.2701
200.581
-63.6307
166.395
-214.795
48.3999
-0.888779
-38.7824
-42.0491
4.47632
58.4252
-371.142
-5.7086
5.7086
-30.6729
17.2845
110.737
-355.378
179.932
241.563
-421.495
-253.666
138.047
0.863152
-130.528
-107.947
238.474
160.225
-263.264
112.468
-358.249
234.666
-293.628
6.24397
-0.284717
48.6647
227.784
-99.0327
63.9513
46.7703
114.589
-124.7
10.1107
-68.8886
1.02397
108.549
165.287
194.744
-352.914
-36.5095
-281.745
-44.5375
-219.913
-9.86235
0.216605
-124.937
112.772
12.1651
37.0218
165.463
-202.485
2.95947
231.438
2.30375
-325.244
3.05201
-307.993
328.965
-82.3001
-73.8073
94.1957
65.4639
14.6468
-80.1108
-267.976
-49.8979
308.358
-216.155
-92.203
133.1
-124.19
4.91226
7.63648
-7.63648
48.7723
217.227
-249.683
-151.732
290.476
4.94364
-145.048
-4.92408
5.24586
6.50578
-177.152
281.879
4.97373
91.1197
-51.6715
-81.2524
-267.832
155.437
171.086
-256.117
-88.4498
-48.1431
-3.21682
201.443
-236.935
-335.361
-59.428
-244.065
303.493
-116.373
55.3448
-256.643
98.7458
281.924
-94.1957
-6.87011
-276.447
343.492
-67.0451
60.2154
-2.958
-6.48118
6.48118
4.39577
-18.9388
0.658199
-8.69592
67.5667
-230.685
-63.5303
7.05362
219.032
-287.921
144.197
-261.518
32.6257
-16.1892
-1.77401
28.6981
90.9534
-315.324
270.786
2.08842
-21.6145
-159.159
362.029
-202.87
243.851
48.5729
-39.881
-336.071
280.757
-105.547
185.147
-367.062
-5.04704
5.04704
-47.3593
29.005
-108.306
-23.1942
-16.2293
5.84563
-5.84563
-21.3714
-26.32
-170.558
77.0424
-10.6936
306.034
-38.6582
136.692
-256.227
-0.191897
103.567
270.377
-2.26645
2.26645
-255.183
308.893
250.089
-332.389
-123.143
125.458
-97.8841
-126.332
365.205
-238.872
87.4716
-64.7016
64.2904
-217.159
16.0421
-167.64
-162.24
-267.013
-88.4056
285.007
224.298
-386.572
285.907
244.642
-177.075
-6.62754
6.62754
-228.693
65.7433
-92.9244
-33.3996
53.065
-113.073
-406.913
135.158
-245.228
-102.419
49.1776
-137.212
344.875
-244.138
-100.737
127.016
-124.919
12.353
-129.006
-281.691
266.669
6.55782
-6.55782
-41.1003
-158.734
-56.0017
-262.33
20.5057
-120.628
58.2733
-2.51845
2.51845
-120.56
-187.55
308.11
-46.0308
-168.764
128.918
-237.225
-236.559
-302.177
209.253
358.059
-141.692
-4.21376
4.21376
193.345
11.592
-39.8126
-0.545405
2.12349
-2.12349
13.7196
3.20637
-3.20637
-160.491
300.594
178.952
97.318
128.657
4.44297
447.46
212.4
-332.96
-169.836
85.8573
-260.246
348.38
329.831
-53.7865
-21.2278
6.41169
-6.41169
-96.5825
382.741
187.836
-155.211
208.108
-138.043
350.443
-4.53852
-232.13
29.1514
191.021
-311.258
255.256
36.5056
261.709
-310.23
271.541
-291.342
13.7411
285.241
-20.1473
-225.557
245.705
-34.9612
-3.28069
3.28069
44.1955
-213.778
-235.774
127.062
230.364
2.85421
-2.85421
385.527
-188.567
-196.961
-28.0745
14.2095
13.865
265.431
-169.145
247.964
4.13604
-4.13604
-41.7275
201.968
-31.9483
-170.536
-6.44979
0.688204
-56.6888
269.607
-3.10472
3.10472
1.69716
-139.523
-185.451
324.974
211.887
-183.912
296.38
364.888
-153.001
123.634
162.572
-286.206
-2.14997
2.14997
-50.3192
-3.96628
3.96628
-248.82
134.057
-32.4909
2.65502
-2.65502
23.928
-169.02
-2.88811
2.88811
63.1081
32.2651
75.0797
-70.6226
-230.997
-120.629
-2.67908
2.67908
-212.799
3.10709
-3.10709
5.71764
124.002
279.823
-124.386
-221.282
-13.2398
-14.8347
-19.8681
3.94303
-3.94303
-314.611
4.30624
-4.30624
-202.703
-75.1377
4.65578
-4.65578
-62.8178
-251.793
4.40566
-4.40566
-112.661
179.855
125.087
262.466
-284.913
-243.203
-20.8242
-289.61
386.832
-97.2217
-3.47696
3.47696
-338.893
308.28
-324.637
179.23
3.01851
-3.01851
-20.8962
-116.805
-156.056
-124.826
4.00008
-4.00008
12.5365
-212.549
323.285
-182.394
-175.353
-13.8401
3.27657
-3.27657
-3.45467
3.45467
213.778
-2.61273
2.61273
187.159
-163.231
12.461
-127.609
-117.393
-13.5216
46.1379
-32.6163
-4.6398
4.6398
0.768004
-1.96344
75.4966
-39.4063
-259.362
7.95833
-7.95833
277.656
2.3291
-2.3291
-128.401
401.817
-214.58
363.584
-149.004
121.069
-265.512
144.443
13.0942
-113.122
5.62121
-5.62121
-0.059586
3.24459
-3.24459
-123.389
303.244
-17.4282
-7.54716
24.9753
148.407
-26.673
46.7034
286.769
-38.3829
154.972
-206.15
216.127
287.658
71.5538
-14.2522
3.57572
-3.57572
-57.5726
-127.061
343.188
-147.533
259.111
-111.578
-164.577
-65.6969
-20.4813
21.4664
107.079
-115.279
52.9854
-297.051
3.86525
300.418
-2.47492
2.47492
7.28347
-7.28347
124.986
-30.8606
-143.927
-18.3034
128.25
3.53303
-3.53303
-1.49115
-8.3712
-3.45193
3.45193
256.692
-233.998
84.2695
-101.445
17.1755
7.7037
-7.7037
153.884
-80.0531
280.186
-249.552
-30.6342
276.638
-402.97
-60.4013
13.4151
-1.59638
154.117
-220.754
-110.419
-224.93
325.039
-100.109
-10.3473
-78.2597
0.0724178
-12.5069
-207.773
202.461
5.31211
-24.7255
59.7215
4.45021
-4.45021
2.54026
-2.54026
278.715
31.9694
7.62657
-7.62657
-104.522
83.1176
-16.7274
-10.3713
204.765
-157.994
61.127
3.93802
-3.93802
106.742
-22.4727
-144.463
15.1933
129.27
6.16999
-6.16999
2.82629
-3.26781
3.26781
-26.408
-4.212
4.212
-72.3271
14.4119
-4.31864
4.31864
131.614
329.895
-121.124
13.1902
-97.6504
6.91996
-6.91996
244.575
15.7487
-19.5488
-288.336
-61.8486
350.185
13.7799
-84.6275
56.8941
-289.49
5.67745
-5.67745
167.161
203.821
-277.629
-57.5885
71.398
-13.8096
163.761
-262.65
380.564
-117.914
-84.0996
-135.016
5.09712
-5.09712
-118.151
-151.743
81.4007
37.4294
-165.31
127.881
-26.574
10.6771
15.8969
-44.4632
295.379
133.185
-284.917
190.96
-0.907269
190.247
-339.352
-301.505
-235.682
146.499
-163.934
-14.0456
-5.80916
5.80916
0.539387
-109.128
99.5565
9.57119
-198.45
27.9136
-7.60697
7.60697
-120.953
-11.8324
-37.9507
251.682
-251.682
-28.2499
-9.91393
-93.7484
-283.026
5.18851
-5.18851
345.581
-24.31
-17.4491
7.1153
-207.444
4.07451
-4.07451
-183.115
-40.1616
-332.905
59.2177
-113.301
3.49942
-3.49942
32.8303
280.296
428.466
-186.904
-6.07505
262.059
2.53144
-5.14847
-10.0392
15.1876
163.273
239.179
-303.881
317.413
-112.16
169.052
-257.502
-163.337
52.0333
178.492
-230.525
-258.946
226.455
-328.217
-39.4856
-219.461
-29.1296
-92.9764
43.9743
59.0849
-63.7886
246.525
-27.0696
273.681
-313.087
-263.35
-5.43779
-327.937
270.173
-206.677
-43.0058
255.087
85.2094
9.28645
-94.4959
-59.1852
92.8374
-12.2246
135.249
251.061
-123.293
-40.4261
50.5641
46.2615
-68.6219
126.294
6.64567
114.409
-121.055
48.9628
173.07
-355.463
262.348
-124.3
6.31701
-6.31701
-121.758
8.84889
-8.84889
239.229
-0.714681
11.4412
99.8412
-21.1452
5.46032
-5.46032
-1.67334
17.4221
-105.886
-57.8715
-112.405
114.598
273.009
5.58135
-5.58135
270.437
-114.536
17.4589
-224.444
-54.1331
-174.897
12.6224
7.04419
-7.09068
7.8889
-6.21894
-6.34528
-6.34361
7.0426
6.92174
-6.92174
6.91898
-6.91898
-6.3453
6.92114
-6.92114
143.11
2.62698
0.296773
-106.783
-17.9446
-22.5766
5.35937
-122.612
-8.05804
-128.584
-106.105
-201.791
-172.27
-58.5925
278.278
-60.2849
62.9278
262.152
43.8031
-37.9998
-132.002
198.075
73.0735
243.159
-316.233
-114.515
40.5038
-48.56
8.05627
138.039
208.68
-12.6117
429.709
-122.948
106.783
-59.8963
14.0825
-146.085
-192.632
198.876
-20.9675
229.04
102.775
-149.659
46.8843
-5.78415
5.78415
59.7769
-303.915
255.294
-121.237
-67.5631
-150.117
144.337
-266.095
-63.8954
-191.109
191.109
28.5063
133.399
-3.46061
3.46061
-160.988
-59.7661
-161.759
162.299
-47.6342
-324.4
301.206
124.537
165.939
67.6637
-81.8855
5.76919
-5.76919
-357.846
-73.4039
3.63376
-3.63376
-268.348
-369.58
354.155
60.4827
64.5558
-79.3448
125.053
-312.602
-192.114
194.963
-264.331
149.052
-99.9322
-123.952
130.103
0.461386
132.91
-135.907
205.244
1.43898
170.216
-171.655
323.24
124.221
-185.305
-68.4602
145.543
91.7152
268.874
-82.2027
87.4486
-209.335
279.58
-41.5026
-0.100551
196.049
-204.745
0.408609
152.98
-274.105
-53.523
64.2028
-10.6798
-64.5492
58.153
-109.824
-162.58
-227.04
-426.269
-82.4953
85.5473
-314.296
-109.148
-15.5524
-141.108
-176.299
-141.496
131.149
216.428
149.403
-91.9602
0.232933
-4.13189
0.178944
-4.08106
-72.4232
-12.3098
84.733
-242.655
217.692
0.0626494
-36.3503
-58.912
-74.0637
-15.2094
89.2731
-32.2123
5.58434
-120.61
84.0307
80.2793
-83.8705
-71.1047
70.216
-0.925571
-14.7038
15.6294
-5.96101
208.422
-131.811
284.791
1.85806
-84.5451
85.5691
-70.2157
-87.8862
83.2291
-0.438788
259.005
-156.705
-116.409
-134.341
-131.171
0.936611
-99.3078
141.522
-134.876
125.851
120.717
-306.168
-1.07616
176.948
-74.1729
-107.211
43.3159
-3.31323
160.018
-88.3159
-128.978
12.5686
-123.275
2.00603
0.704239
103.442
-114.093
305.653
-239.509
-66.1441
58.3921
34.957
-269.656
165.135
-91.5328
-17.4419
2.09299
0.428009
-0.209025
-89.1506
-0.270592
311.587
-47.3578
-6.79523
0.0701973
-0.489237
8.87059
55.9564
-64.827
-312.228
-100.397
83.8164
45.4845
-104.187
172.552
-285.852
105.479
0.0435242
-95.2436
-19.1024
114.346
205.992
-232.312
81.2416
18.4513
80.6649
-258.895
-79.2889
-199.866
-215.847
109.652
-388.672
279.02
316.474
-243.401
71.2004
-283.276
-97.3613
-289.47
425.169
-125.896
298.448
16.628
-1.19998
56.6301
354.228
147.637
0.672481
10.1179
-10.7904
46.1998
-297.081
-203.171
34.4075
-0.0426949
-173.952
-205.717
281.532
-253.942
-46.7973
224.491
0.238203
-199.078
-159.171
-1.92952
-179.219
0.486089
0.646915
-304.95
268.44
0.145825
-31.2693
-159.197
-226.97
-128.408
69.3314
-294.262
163.174
58.0434
7.83216
69.2102
-1.54761
-90.6698
-235.176
-151.396
262.219
104.055
-289.881
-0.10664
0.380625
26.7843
-34.3315
4.612
-22.1203
-229.407
-38.9415
-69.6054
127.758
-373.818
-296.65
218.39
-0.217127
-49.0394
283.026
-263.805
28.3733
-277.925
0.091391
-339.13
2.41846
237.855
-362.565
-146.42
-122.174
-18.9273
-153.634
-178.64
-87.6146
197.775
-193.571
0.675218
-262.281
-11.2041
110.761
-139.833
-15.5105
-344.101
238.554
-0.0086802
75.5826
-211.508
-34.1748
111.05
-16.2287
145.499
-99.7545
-1.6905
110.183
-14.3544
-262.046
234.977
228.204
-441.277
237.672
-0.23732
-35.5909
-152.945
142.251
-13.7171
-184.733
0.131482
-2.73172
-5.542
5.542
102.094
205.969
51.642
48.911
294.67
4.24175
0.581271
-218.521
223.833
-103.075
19.2049
-91.088
-0.547817
3.0797
13.2918
-18.3187
-9.30723
27.6259
-2.37697
18.7119
-22.2749
-40.0823
0.323824
-18.0194
-6.08802
-11.5868
-10.9456
4.612
71.1403
-85.8187
-382.395
282.286
-1.73729
-221.301
24.644
68.1334
-81.6966
18.155
-117.91
-80.5111
85.4848
13.3205
-83.5361
-0.95916
-286.522
73.6438
212.878
-1.15278
-85.7706
90.6829
6.34224
18.6331
-7.32376
-73.2086
62.0336
-53.0619
-0.516807
53.5787
-36.7188
-11.8413
0.64493
19.4599
100.73
-101.243
-82.3899
85.3494
57.9312
-53.5354
13.1421
-13.2487
199.658
-28.2693
-27.7585
84.484
-83.6209
32.2601
16.5796
-16.4882
-16.4022
16.1851
5.14284
45.1948
13.5753
-85.8561
83.3701
100.668
-0.693698
-27.9333
-230.645
232.918
-159.325
55.7682
-247.298
12.4559
9.41911
-106.246
338.644
-30.1122
1.39157
4.00803
-113.891
-97.2726
89.9223
60.8713
-161.237
11.2889
-43.9051
45.7585
-233.469
21.8986
183.345
-134.743
249.123
-284.714
51.8643
-209.937
304.303
227.75
-266.133
35.8289
-27.7726
-161.658
171.929
-47.4319
75.0326
102.909
-136.45
-5.0466
36.2034
-170.989
64.3387
-77.3886
234.533
-18.7728
-152.002
-37.6338
101.585
-44.8265
181.167
-221.329
126.094
-171.049
219.622
366.491
-3.08686
-28.4932
-108.293
88.3849
257.692
-13.9237
13.9237
265.859
-13.3627
14.0097
110.83
-103.905
-1.68313
-61.0912
292.529
-68.6366
15.1136
-108.028
136.717
-23.4144
62.5697
46.1696
-4.21278
271.575
12.7259
3.28209
230.189
199.52
-169.044
5.97731
218.673
-111.131
8.18758
2.55744
-57.6002
18.7982
-64.6942
-88.2508
3.15741
7.67875
-66.2729
4.38455
61.8884
-2.09702
2.09702
-1.22328
1.22328
173.105
0.933536
-0.933536
1.2469
-1.2469
0.803568
-0.803568
1.45215
-1.45215
-1.3621
1.3621
-1.11565
1.11565
-1.36789
1.36789
-1.36345
1.36345
-1.24491
1.24491
-1.1751
1.1751
1.23077
-1.23077
1.38127
-1.38127
-1.11461
1.11461
-1.3762
1.3762
-1.25954
1.25954
-1.37605
1.37605
1.36965
-1.36965
1.245
-1.245
1.27824
-1.27824
-1.28409
1.28409
1.35404
-1.35404
1.24577
-1.24577
-1.17411
1.17411
1.23068
-1.23068
1.23225
-1.23225
-0.92887
0.92887
1.38107
-1.38107
-0.803024
0.803024
1.2498
-1.2498
1.23236
-1.23236
-0.797118
0.797118
-1.01455
1.01455
1.21801
-1.21801
1.28033
-1.28033
-1.28407
1.28407
1.37574
-1.37574
1.33526
-1.33526
-1.34705
1.34705
0.803428
-0.803428
0.794787
-0.794787
-1.38167
1.38167
1.4589
-1.4589
-0.947298
0.947298
-0.933618
0.933618
-1.27575
1.27575
-0.794794
0.794794
1.20602
-1.20602
-1.3473
1.3473
2.22543
-2.22543
0.797437
-0.797437
-1.33505
1.33505
1.2263
-1.2263
-1.27559
1.27559
1.22446
-1.22446
1.34675
-1.34675
0.925566
-0.925566
-1.42315
1.42315
1.39569
-1.33521
1.33521
1.22439
-1.22439
0.926233
-0.926233
-0.997746
0.997746
1.24136
-1.24136
0.92576
-0.92576
-1.08662
1.08662
11.9599
4.21278
-50.1802
-108.939
62.0214
-15.8216
106.437
-335.844
0.804265
-5.13915
-14.0463
24.4768
-61.0537
13.4195
-55.3208
-83.3859
138.707
1.94822
-249.434
214.472
2.53624
-152.03
-4.51607
-75.6308
1.57275
140.07
268.788
-325.578
-14.3946
-146.114
-111.404
-244.059
-69.1534
-14.0434
-3.43087
2.97788
-129.243
50.5073
3.07144
-31.6863
-8.396
69.6233
324.308
22.6451
6.35993
-1.43529
-155.145
-34.1665
76.0143
1.11167
226.861
16.2543
293.674
-117.693
-170.044
144.692
-196.055
-86.6717
209.015
1.43529
-242.947
323.612
262.767
-44.506
119.311
6.92202
-29.9646
23.0426
138.142
-38.2205
6.00824
1.5411
310.349
-2.14731
1.93554
-179.311
206.902
261.827
76.0804
-47.181
-15.6546
166.473
-232.17
324.653
-86.0991
-159.499
-217.244
313.971
-2.53624
-1.09752
-54.9732
-123.73
203.882
-297.63
41.8806
-345.19
-11.7788
4.04064
7.7382
206.248
-10.1989
57.0057
50.7478
28.6701
39.8275
-1.57275
-89.7549
197.193
248.394
-177.872
304.631
-38.7716
221.623
10.7863
204.623
27.7879
1.1205
2.14731
-11.1038
-151.102
5.01705
58.5786
0.579148
374.678
-89.3436
58.2036
-130.153
-6.6489
-114.406
-45.4119
13.7256
-231.334
107.382
242.381
47.2784
-21.9317
-158.041
117.406
200.183
105.116
-113.618
-6.61658
-193.458
39.3472
15.6593
18.7669
-34.4262
-277.339
37.6164
-14.3759
-11.7125
-116.291
-51.6606
-64.7866
-247.039
-7.77772
-60.8808
-22.1673
11.837
-245.306
-242.69
286.852
16.143
21.9687
-6.07183
-8.58022
115.274
203.29
-18.5613
-82.6226
8.40072
-7.02955
212.09
-205.061
21.566
-4.28147
13.8616
-7.31951
66.6614
-110.566
18.8407
-6.71208
71.316
-112.128
114.867
126.188
119.977
-0.915096
14.2422
4.93774
37.374
-106.638
69.0043
276.823
27.8075
-6.02424
-269.769
112.997
-85.6933
69.3353
-117.735
-158.814
-122.884
21.9445
-59.8952
-11.2928
18.3473
14.9226
0.204704
7.52182
-66.4338
0.773283
102.674
-101.87
-11.5207
16.2835
-59.706
33.4471
98.3306
-16.7642
-8.35534
65.1592
-174.608
1.48738
-232.222
22.2626
16.7717
103.996
-197.982
-121.869
-120.809
73.1476
-149.98
60.3276
197.851
72.4555
-134.737
5.6709
11.7577
-11.6262
90.2762
-133.218
-277.285
-3.94418
118.542
247.86
119.872
-67.4729
-62.5356
-1.37672
1.37672
73.0319
-313.051
-126.09
94.0558
6.87394
-29.0312
0.653913
268.761
-4.45612
201.392
-7.86281
219.953
-221.077
223.609
21.427
-69.1779
-0.915096
-3.18607
13.0568
-105.779
143.673
-30.2489
3.54371
19.9403
-159.815
101.172
-3.28235
-9.96639
5.71664
-61.1365
-230.883
8.43085
-3.62987
-14.9315
27.0639
10.1455
-129.648
-15.1527
4.7774
-12.8585
-105.095
-202.784
-7.15358
-101.057
-2.45936
103.517
9.72819
320.941
81.0555
20.5434
-196.77
-142.582
-39.7176
-147.97
-106.195
-239.583
-155.005
126.689
103.665
-0.990636
219.533
-77.0714
1.47824
285.947
266.501
-201.342
-39.1064
-43.7534
95.6507
34.1177
-52.3282
269.248
-9.55758
10.1389
177.753
25.5364
22.032
11.7821
0.13229
0.13415
-0.122883
-0.11633
-0.124743
-0.116656
0.0309217
0.220262
-0.0874838
205.984
21.0397
-17.807
-205.265
281.239
-119.263
338.796
1.13882
-12.8513
-7.46855
-25.9834
46.4323
23.7437
243.6
-26.7563
-6.63891
-109.498
74.8214
7.9546
-216.588
-77.6738
-174.55
104.329
-165.568
62.1513
-2.59888
-2.40062
0.91926
-115.778
-8.91271
-6.49308
7.54436
3.75452
-2.94946
-0.690897
-23.3069
7.61456
-26.1276
-5.90136
-118.384
-0.690897
-154.128
-67.201
135.714
5.78913
13.6473
-14.1951
67.4237
-374.507
-35.0815
21.7993
10.5818
83.0129
-290.68
-79.9
83.1821
283.064
96.2017
244.248
0.685827
9.44457
-0.703954
-2.76895
-10.0824
2.71382
14.0027
91.1148
5.08688
-122.744
7.72952
16.377
10.021
-7.30714
-3.33106
248.663
-7.23195
-139.945
)
;

boundaryField
{
    frontAndBack
    {
        type            empty;
        value           nonuniform 0();
    }
    bottom
    {
        type            calculated;
        value           uniform 0;
    }
    inlet
    {
        type            calculated;
        value           uniform -2000;
    }
    top
    {
        type            calculated;
        value           uniform 0;
    }
    outlet
    {
        type            calculated;
        value           nonuniform List<scalar> 
14
(
1999.99
1999.99
1999.98
1999.98
2000
1999.98
2000.01
2000.02
2000.02
2000.02
1999.97
2000.01
2000.03
2000
)
;
    }
    car
    {
        type            calculated;
        value           uniform 0;
    }
}


// ************************************************************************* //
