/*--------------------------------*- C++ -*----------------------------------*\
  =========                 |
  \\      /  F ield         | OpenFOAM: The Open Source CFD Toolbox
   \\    /   O peration     | Website:  https://openfoam.org
    \\  /    A nd           | Version:  7
     \\/     M anipulation  |
\*---------------------------------------------------------------------------*/
FoamFile
{
    version     2.0;
    format      ascii;
    class       volScalarField;
    location    "2";
    object      p;
}
// * * * * * * * * * * * * * * * * * * * * * * * * * * * * * * * * * * * * * //

dimensions      [0 2 -2 0 0 0 0];

internalField   nonuniform List<scalar> 
7724
(
2.00142
0.188538
3.00984
1.98444
-0.012072
-0.000529091
3.01098
-0.0753419
-0.00167688
0.91098
-0.000493935
0.0329749
-0.112174
0.476919
0.944645
-0.13777
2.01703
-0.148007
0.0185195
-0.582671
0.654423
0.0215653
0.36268
1.63953
-0.192826
2.07005
-0.0110243
0.583254
1.40821
0.0392772
-0.199555
4.53691
0.358828
-0.00685398
-0.00146581
0.7535
0.0427841
2.9196
-0.0620203
-0.00476788
-0.0557685
-0.134887
-0.501699
0.158562
-0.00284303
-0.00114126
0.0212907
-0.0623399
-0.00094911
-0.564416
0.0497638
0.55447
-0.243628
0.00409281
0.749279
-0.0668777
0.0208766
-0.0759416
-0.308925
-0.00720155
0.000564479
0.0636817
0.477533
0.0363613
-0.013896
-0.193799
-0.00136299
6.27166e-05
0.946082
-0.0575632
-0.00105312
-0.487518
-0.186199
-0.321502
-0.142477
-0.447325
2.9589
0.639706
0.677497
-0.575147
-0.107774
2.70846
0.905983
-0.331655
-0.0206657
-0.0319414
-0.0806835
-0.236252
-0.00923849
-0.0628304
1.4356
0.180751
-0.00189856
0.0186974
-0.0500652
-0.325791
-0.469118
0.0300006
-0.022755
-0.016634
-0.561212
0.728671
-0.0476297
-0.000281938
0.244633
1.46789
3.89469
-0.0708759
-1.12915e-05
0.348048
1.89334
-0.266306
-2.21792e-05
0.369561
1.46746
0.00639427
-0.211851
1.20805
-0.347112
-0.325147
-0.583023
2.60606
-0.469878
0.14321
-0.569288
-0.0136798
-0.175936
0.0307303
-0.014653
-0.195097
-0.0110436
0.672098
-0.00860193
-0.0109366
-0.343166
1.84224
3.15039
-0.000242332
0.110305
-0.733115
-0.305276
-0.387282
-0.447849
-0.306933
3.94305
-0.11466
1.41701
-0.29197
-0.423938
2.59591
0.721211
0.201566
-0.0208995
0.85936
0.901881
2.72338
-0.503108
-0.111521
3.73128
-0.00085765
0.0103942
1.688
-0.000270807
-0.0282261
-0.0565815
2.04868
2.05909
3.85824
-0.0327063
-0.0430181
7.08321e-05
-0.607323
0.0064132
0.231574
0.11975
-0.41699
0.341805
1.29276
-0.00188118
-0.00708086
2.01566
-0.000856926
-0.0015878
3.02613
0.15611
-0.24876
-0.324897
-0.298456
-0.145756
-0.718721
-0.000294934
-0.450415
1.32954
-0.048029
0.00105594
1.6144
-0.0178491
-0.182534
-0.148226
7.96694e-05
0.0131647
1.87949
1.51518
2.73928
-0.174379
-0.222953
-0.337324
0.633823
1.84721
-0.00305711
0.000495418
3.7116
-0.119268
-0.00895975
-0.430291
-0.1839
2.49966
2.54883
-0.415208
4.30169
-0.0165722
-0.146495
-0.575784
0.761639
-0.610393
1.74894
3.7346
0.000927387
0.149679
1.27601
-0.058409
1.18512
-0.0078174
4.14851
2.67064
-0.0804601
0.0428369
-0.00441423
1.26864
-0.00133936
-0.0844113
-0.67998
-0.00104977
-0.0194584
-0.00617025
1.35935
-0.000269041
-0.0653113
-0.556091
4.51923
0.614
3.98825
-0.000648055
-0.170188
-0.00271568
2.83201
0.0615564
3.17144
0.0237419
0.0111718
0.136136
0.657149
0.0087141
-0.00332898
0.00774762
-0.0614605
-0.231017
-0.000605515
-0.486582
-0.053817
-0.0020638
-0.00936018
3.04344
-0.110772
-0.0113492
4.22289
-0.0215801
1.97773
-0.00302785
0.0269014
0.000112622
-0.314327
0.732905
0.394353
-0.308521
-0.00604523
-0.528003
-0.218795
-0.00262497
0.00761258
-0.0315018
-0.106938
0.0445177
-0.0180675
-0.316659
-0.19236
-0.312959
0.228182
-0.397639
2.64826
2.7329
-0.0221536
0.290515
-0.000109926
-0.0336828
-0.332037
1.60291
0.999724
0.00146089
-0.0306228
-0.387016
1.40905
-0.0147892
0.0542053
0.0184611
0.727086
-0.0728558
2.4926
-0.0238123
0.194534
-0.00168024
0.0640794
-0.000764766
-0.232371
-0.00511669
0.0830908
0.199512
-0.37824
0.0452895
0.134452
-0.010949
0.315413
-0.0926291
0.805459
1.37461
-0.402949
0.0990454
-0.226273
0.0780811
-0.660014
3.95847
0.117245
0.446214
4.20926
-0.0228841
-0.02589
0.143529
-0.016107
-0.0862279
0.0949719
-0.0408523
-0.0304826
1.33572
-0.000986529
0.00841792
0.00119995
-0.050243
-0.0995872
-0.000129661
-0.0164631
-0.295483
3.7069
0.0572374
-0.117744
3.4884
2.30793
0.712917
0.355864
-0.617458
0.0756236
1.97817
-0.158067
2.23195
-0.171907
-0.469009
1.53406
2.23969
-0.465787
0.951672
1.71719
2.05758
0.621453
-0.0452871
-0.0625556
-0.00129799
0.0786797
-0.161509
0.0147055
-0.00158535
-0.0237318
-0.538876
0.921779
-0.239361
-0.0309855
-0.056285
0.161043
-0.102625
0.0289854
1.55105
-0.0278664
-0.00032106
-0.000802198
0.000743183
-0.288289
1.30751
-0.0590568
0.405217
-0.612784
2.87217
0.0519817
0.102505
-0.075975
2.95457
-0.0159162
2.46457
1.44499
-0.00173482
-0.189734
-0.0487873
-0.367341
0.0086931
0.765785
0.0583258
0.0955493
-0.0127715
1.26879
1.4289
-0.287228
-0.291126
-0.0333899
-0.16871
0.838231
4.46387
-0.084482
0.0712676
-1.55462e-05
-0.188253
-0.0334803
0.289047
-0.542078
0.222557
3.06832
1.32215
-0.265967
1.67797
2.89242
0.395808
0.0180623
2.05052
-0.0133104
-0.0027431
-0.243755
0.00131271
-0.379777
0.00639325
-0.291961
0.0287318
1.64498
-0.0263794
-0.000352532
-0.51811
0.0257525
0.530746
-0.538615
-0.709378
0.504797
1.28821
1.07491
1.10347
-0.00306784
0.872154
0.859351
-0.00793771
-0.231003
0.00924005
0.0989903
-0.0112426
0.0710918
-0.0116618
1.23549
-0.000293965
0.00301563
0.0293114
-0.296889
0.304261
-0.278396
-0.353003
-0.226845
-0.599119
0.154118
1.99368
0.276753
-0.0969465
4.1977
-0.457952
-0.105097
-0.345814
-0.0757157
-0.279655
-0.144547
0.412782
0.0823064
-0.000378224
0.362617
-0.00142677
2.65856
0.973529
-0.0707179
-0.194432
-0.00281191
2.71714
2.42396
0.780532
1.31184
-0.472971
3.24944
-0.000919164
0.329248
-0.248146
1.34314
3.86431
0.770203
1.27005
-0.0224013
-0.00304844
1.20923
0.0673402
2.84319
0.538374
1.76862
-0.101541
2.93417
2.32011
-0.128816
-0.109111
1.06851
-0.728293
-0.00124868
-0.180855
-0.694896
-0.466933
0.165592
0.138491
-0.00188417
2.43449
-0.0119677
-0.00152802
-0.153697
-0.0073461
-0.0033347
0.0539835
1.76907
-0.476363
3.61598
0.00093788
1.74443
-0.136425
-0.00112495
0.000269092
1.3966
1.70856
-0.0586502
1.57241
0.000374471
1.6485
-0.408128
-0.134144
3.01713
-0.414813
1.24767
-0.33201
1.63479
1.69092
-0.222889
-0.281604
-0.0814609
-0.0407852
-0.00298803
-0.0143205
2.12746
-0.000396886
1.58806
-0.424392
2.48334
1.51832
-0.712088
3.51309
-0.023158
0.097357
-0.157078
-0.267666
-0.0924516
-0.164954
0.46529
4.08306
0.000634125
-0.0273366
-0.281317
9.25562e-05
2.69414
0.0262599
9.03386e-05
0.00291572
0.00567912
-0.225209
0.284003
-0.0219982
-0.00126711
-0.0977099
0.0439114
-0.619558
-0.656604
0.306744
-0.000321063
-0.52676
-0.175733
1.13144
2.44694
0.0179804
1.16637
0.00229551
-0.169093
0.826849
-0.0923985
1.87891
-0.173167
0.366296
0.857547
1.30131
0.0712406
-0.138479
1.50338
-0.542137
2.88153
-0.124352
2.03438
-0.124034
-0.0165006
1.21419
0.047334
0.833661
0.0276225
7.89262e-05
-0.644959
1.52872
0.0207431
1.10273
-0.16412
-0.568725
0.167994
-0.288718
-0.023653
-0.115719
-0.524393
-0.358782
-0.13034
-0.00210303
3.01889
1.12967
0.405166
-0.0028548
2.3063
6.18477e-05
-0.00262289
1.18716
0.0380032
1.38885
0.575408
0.24282
0.0276965
-0.499316
0.473064
0.0187676
-0.523973
-0.000262085
0.0557781
1.80638
-0.211991
-0.0394799
-0.0485192
-0.0277496
-0.00577707
4.14064
-0.131628
-0.00797916
-8.80361e-05
1.17799
-0.366061
-0.00464337
-0.0388468
1.34626
0.855957
-0.463102
2.14413e-05
1.48093
-0.2052
1.57677
0.22913
0.278792
-0.379795
-0.00135487
0.83716
0.800107
0.623769
-0.371054
2.12476
0.0856744
1.46581
-0.030648
-0.16027
-0.00559111
-0.00945693
-0.00147901
1.35802
1.8639
-0.0209607
0.270201
-0.224034
-0.27168
-0.328619
-0.026416
0.306985
4.03529
0.543259
-0.000759549
0.838749
-0.04963
3.40819
-0.163376
-0.133449
0.0154041
-0.152088
-0.0775109
-0.104117
-0.0415867
0.0232882
0.413741
0.0015662
-0.246424
0.359956
2.59294
-0.443594
1.44269
0.0290469
-0.100251
-0.119915
1.67741
-0.0981242
0.0015624
-0.199262
-0.0702492
0.32747
-0.339924
-0.292202
0.245453
-0.191424
-0.0227369
-0.480578
8.09109e-05
0.534076
-0.427358
1.29697
-0.0295683
0.827028
-0.430118
2.35006
0.14675
-0.391775
-0.106947
3.62401
-0.226815
-0.170857
-0.562838
-0.184588
-0.461597
-0.231063
1.44377
-0.039215
1.93722
0.123706
-0.00553306
-0.0171715
0.75112
4.54001
0.0168868
-0.129221
1.4054
0.000321117
-0.268804
0.370862
0.215742
0.125316
-0.0229758
-0.315256
-0.0395254
0.000418237
-0.394001
1.93877
0.0754601
-0.21657
0.0264893
1.40228
-0.00540646
-0.0176087
-0.0051044
-0.0109705
0.706362
0.0990926
0.0524498
-0.232696
0.000639257
-0.419983
0.146676
-0.465707
-0.161144
0.206337
-0.00302316
-0.162848
-0.545323
0.616626
2.49862
-0.0175943
-0.621935
-0.0666899
0.16488
1.29592
0.00626352
-0.00225161
1.12347
0.521903
0.213764
-0.0420034
-0.0295475
-0.494086
-0.00249239
0.0388472
-0.173708
2.18893
1.94388
-0.0678551
-0.404281
0.101936
0.08068
0.444889
-0.454063
-0.0681003
-8.47534e-06
0.374862
-0.315387
-0.506247
0.0954333
-0.503804
-0.00570492
-0.0422139
1.53335
-0.362775
-5.80267e-05
-0.039824
-0.138025
-0.00236984
-0.0898317
-0.000696802
0.0620481
-0.597578
-0.0935271
-0.000294021
0.000433617
1.03242
-0.312139
2.73831
1.96898
0.316131
-0.00826485
-0.090478
0.00312457
-0.0720883
-0.402889
0.420213
-0.210676
1.90151
0.1298
0.00393791
0.0976848
-0.371835
0.0273368
-0.111279
-0.526113
0.0493441
0.225446
0.619643
0.131773
-0.284102
-0.138347
1.46196
-0.134466
-5.42366e-06
-0.435326
-0.602642
-0.15657
0.067071
0.0106757
0.133192
-0.562141
0.330073
-0.347297
1.1459
-0.175346
0.0894239
0.200055
0.210625
-0.352045
-0.126538
-0.00143187
1.16636
1.58743
0.0808469
1.58525
-0.385826
0.443006
-0.30604
1.53171
0.847657
4.02034
6.1386e-05
0.890797
1.38039
0.151275
-0.0161375
-0.181662
0.302345
0.00060356
-0.181795
-0.354699
-0.19876
-0.219286
0.00187566
0.0134199
-0.0040264
-0.00973405
1.78981
0.073919
0.840434
0.214453
1.57617
0.128607
-0.00429398
-0.228097
0.0911334
2.61579
0.0137368
-0.379581
-0.00241108
-0.00599031
0.0867639
-0.193581
-0.000337058
-0.107359
0.300295
-0.0210826
0.000430037
-0.000497843
1.1967
0.0886201
0.073664
-0.0120834
0.0928576
0.160066
0.093294
-0.00314007
2.46135
-0.150372
1.6587
2.15524
-0.00228804
0.784127
0.960126
-0.00838803
-0.00288357
-0.0046516
0.27007
0.199764
-0.0642696
-0.144063
-0.516414
1.32875
-0.352121
0.000138656
-0.192225
-0.172959
-0.352402
-0.0448782
0.0645603
0.0133607
0.278657
-0.00557812
-0.00250923
-0.169568
-0.0452173
-0.245912
-0.000168282
-0.147241
0.334363
0.114366
-0.00389556
-0.0866826
-0.116929
-0.0913322
-0.0544328
0.131952
-0.0942913
-0.00112218
-0.00429679
0.239039
-0.121204
-0.0517146
0.0898954
0.0389377
-0.647428
-0.110405
1.22423
-0.124191
-0.485473
-0.220399
-0.223523
-0.154651
-0.0392319
0.0241152
-0.0368586
-0.136132
-0.159579
1.48596
1.20633
0.518543
2.43932
-0.000766294
-0.0325809
-0.162024
-0.0811313
0.885863
-0.200411
0.528265
-0.0427254
1.60128
-0.0202428
-0.0169564
0.226613
-0.120106
-0.00235826
-0.179668
-0.0612765
-0.206033
-0.000218525
-0.068792
0.0206129
-0.1732
0.378958
0.337182
0.187776
-0.139054
-0.309075
0.937078
-0.0132902
-0.020512
-0.0220851
3.4579
-0.00090788
0.689422
-0.208912
-0.202198
-0.260553
-0.360878
-0.282338
-0.335493
-0.178184
-0.0479667
-0.00102769
-0.0443662
-0.211334
0.828989
0.0174751
1.26217
-0.323251
-0.131265
-0.00973736
-0.283498
-0.00108555
1.16626
-0.296857
-0.257893
-0.234764
-0.0382128
-0.308572
-0.0177805
-0.400724
0.838868
-0.254441
-0.528231
-0.0153435
-0.266234
-0.182383
0.153502
-0.0337175
1.12182
-0.0251502
-0.187843
-0.00708995
1.25011
-0.383388
-0.260251
-0.0337146
-0.0974737
-0.0287038
1.47808
0.269349
1.54245
-0.0482962
-0.00857512
-0.0132046
-0.0242084
1.3989
-0.581417
-0.0707679
0.00356268
-0.061494
-0.0384311
-0.00936981
-0.0965593
-0.155509
0.508918
-0.0515916
0.0604263
3.33563
-0.601378
-0.285191
-0.560129
0.000364183
0.65566
-0.036889
-0.264512
-0.0582532
-0.350569
0.0481668
-0.00559318
-0.0301101
0.0333261
1.52091
-0.0607038
-0.0185808
-0.048374
-0.481381
-0.0864169
-0.219287
0.0466736
-0.0904168
-0.0926588
-0.0341608
1.53892
-0.454034
0.0327873
-0.0436041
-0.272181
-0.141078
-0.488459
-0.0146319
0.777013
0.229175
-0.0814692
-0.0180092
-0.138786
3.56065
1.5363
-0.115985
-0.00604422
-0.0248605
0.0918272
-0.0414059
0.208101
-0.00430888
-0.122639
-0.0206044
-0.172454
0.133178
-0.0110376
-0.0988649
-0.0141505
2.282
-0.0665026
-0.119465
0.191147
-0.020113
-0.295056
0.778891
3.13785
-0.110628
-0.116997
-0.0220336
-0.00484046
2.0222e-05
-4.35585e-05
-0.104283
-0.00696521
1.01211
-0.00697023
-0.0188971
0.0861133
-0.00269704
-0.435801
-0.416385
0.170739
0.369348
0.25377
0.695451
-0.205557
0.76262
0.604061
0.792524
0.985202
-0.131942
-0.00915366
-0.0572729
-0.466701
-0.0363854
-0.153142
0.604777
2.34065
-0.36556
-0.00501724
-0.000296903
-0.0153367
-2.65899e-06
0.101182
-0.00578968
-0.0453407
-0.46935
0.0056744
0.0271448
-0.00229139
0.653526
-0.157173
-0.063763
-0.0124878
2.31123
2.00486
-0.103381
-0.36036
-0.275579
-0.241248
-0.147105
-0.0194678
-0.520051
-0.210895
-0.398015
0.0828684
-0.000514756
1.47065
-0.0581572
-0.0995098
-0.189532
0.186778
-0.0055375
-0.0863031
-0.0142413
0.144729
-0.0157169
1.34072
0.00366526
0.101675
-0.00430819
-0.0900887
0.0893185
-0.00786453
0.176204
0.00439619
0.517044
0.989913
0.0248946
-0.015022
-0.00129699
-0.00597837
-0.00524775
-0.594455
1.00208
0.449062
-0.00280165
0.101792
-0.00477258
1.7071
-0.579495
1.85772
-0.420922
-0.00468848
-0.00295388
-0.0753681
-0.0580982
-0.00652722
-0.00018887
0.249119
0.280673
-0.00246552
-0.00346856
-0.198449
-0.000230256
1.30656
-0.00971779
-0.512565
-0.191675
-0.0656813
-0.536671
-0.580374
1.19029
-0.079736
-0.202823
-0.00329619
-0.550431
-0.205381
0.380213
0.979485
2.49575
-0.0122155
-0.57625
0.147968
2.21209
0.370804
-0.00123518
-0.0622105
-0.0420077
-0.0511639
-0.465994
0.805093
0.00191948
0.227524
0.0324287
0.73469
-0.00541882
-0.00126483
-0.105417
2.03332
-0.529283
1.19335
-0.0128806
-0.00210583
-2.5856e-05
-0.389543
-0.404397
-0.00352534
0.933396
0.112855
-0.0549805
2.89177
-0.00406797
-0.0380523
-0.561091
-0.0998208
-0.0235907
1.07394
-0.33656
-0.00172286
0.150485
-0.00180618
-0.00103599
1.1303
0.0675716
-0.0047083
-0.502982
-0.244612
-0.0358641
-0.12074
0.0241007
-0.22452
0.016764
-0.0361103
-0.62042
-0.370139
0.242655
-0.00944803
1.2447
1.58386
-0.329174
0.102801
0.188514
-0.0442456
1.30329
0.929862
-0.277875
-0.00168407
0.103238
-0.538387
0.152758
-0.267003
-0.0217326
0.466343
-0.271352
-0.00142029
-0.000749289
-0.139207
-0.229105
-0.256408
0.100306
0.328782
-0.425688
-0.00160204
-0.0142578
-0.00216658
-0.292655
-0.000246703
-0.0199734
-0.272433
-0.505162
1.03658
-0.0307828
0.0428278
-0.207751
-0.251656
-0.00132891
-0.450415
1.01341
1.23471
0.000245713
-0.00115153
1.25785
-0.0259586
-0.521935
-0.391465
0.0341595
0.00492758
-0.675971
0.0310107
1.28773
-0.552214
-0.015243
-0.0768131
-0.477717
-0.00599996
-0.00251147
-0.00939145
0.166502
-0.497436
1.19747
-0.00219191
3.50919
0.294405
0.00122578
-0.00995517
0.00263096
0.0030055
-0.000149134
0.00144392
-0.515343
-0.00744919
0.00444952
-0.00206255
1.11611
-0.0585393
-0.00200807
-0.00044835
2.53245
-0.21251
0.0700865
0.0115715
-0.0074947
0.575485
-0.00100487
-0.110329
-0.211438
0.0219562
-0.0620781
-0.000990607
-0.00215399
-0.296233
-0.387404
0.07297
-0.273222
-0.193077
-0.000288883
0.208238
0.307919
0.889263
-0.0177733
-0.00161912
-0.539209
-0.0624721
-0.00514886
-0.478403
-0.00141869
0.419136
-0.000895453
-0.0131981
0.455684
-0.0211419
-0.566739
3.24599
-0.0167599
0.00286093
-0.491467
-0.414503
0.0956386
0.0479621
-0.00155788
-0.305884
-0.000860568
1.50118
4.28296
0.801152
0.0307041
0.0366534
-0.000193691
-0.269161
-0.000581402
-0.0607756
-0.0175168
0.00386394
-0.0344144
-0.0910938
-0.00126759
0.00881563
-0.0727215
-0.00322879
-0.0931051
-0.163615
0.00346249
-0.0116552
3.82003
-0.00711826
0.0246097
0.00252102
0.138718
-0.483401
0.0977257
-0.00183164
-0.00102451
0.0276676
-0.00112373
-0.000289769
-0.109048
0.0071183
-0.000249523
-0.492689
-0.0222069
-0.550179
-0.0168959
-0.000692344
-0.0319424
-0.031723
-0.144251
-0.188406
0.0231488
0.00543721
-0.00477793
-0.0203966
-0.000804522
2.02065
0.0157526
-0.00020614
0.00599955
-0.0207518
-0.00366834
-0.619186
-0.532189
-0.00132731
-0.0714027
0.000140809
-0.0253776
-0.000746882
0.332922
-0.00144383
-0.00190376
-0.0341154
-0.000234882
0.135424
-0.00234935
-0.0129868
0.1853
0.00012705
2.68421
-0.516038
-0.403699
-0.000256312
-0.000215452
0.0190965
-0.0121964
-0.471316
-0.000175231
-2.41163e-05
0.00752406
-2.9348e-05
0.00390796
0.00457171
-0.00467644
0.00806584
-0.510773
3.33064
-0.283525
2.42163
0.0911858
-0.157138
-0.000193807
-0.00902858
-0.123096
0.00150686
0.00293738
0.00179748
0.691423
-0.0135162
-0.00220505
3.3796
-0.00553518
0.00600431
0.00513891
-4.89654e-05
0.63323
-0.0222479
0.0115548
0.00130666
-0.00539073
-0.000694502
-0.00933476
-0.423391
-0.00425799
-0.01557
-1.51916e-05
0.00134568
-0.00262102
1.47669
-0.00450606
-0.00278352
-0.675857
0.0381817
-0.000861523
-0.0136846
-0.000619372
1.36637
-0.699615
-0.00301532
-0.00395367
-0.01803
-0.00157238
0.538684
0.970758
0.475725
0.0051943
-6.8942e-05
-1.17762e-05
0.582246
0.00263809
-0.591509
-0.178535
-0.155009
0.371456
3.81071
0.0197429
1.53211
-0.143153
-0.284376
1.38006
-0.00363067
-0.635095
-0.000131252
-0.0906954
-0.481794
0.000563613
-0.417815
-0.00971882
0.0139626
-0.0513161
-0.418556
-0.414307
-0.0293974
-0.560861
-0.433532
-0.00190708
-0.119965
-0.000513479
-0.36565
-0.000284128
-0.00189554
0.2559
1.32446
-1.2872e-06
-0.441148
0.036158
0.000768226
-0.197952
6.15513e-05
-0.136196
-0.00262306
-0.377223
0.00134584
-0.000876656
-0.0204566
-0.000458335
1.28884
-0.298039
0.773983
-0.000295183
0.00642325
-0.317603
8.92668e-06
-0.554321
-0.646156
-0.545473
3.55268
-0.0653235
-0.000180177
0.254873
-0.404536
-0.0245303
-0.000240232
-0.000860636
-0.464599
0.00134265
0.00900377
-6.71325e-06
0.00166598
-0.275074
1.06006
-0.300626
0.871657
-0.0538402
-1.34197e-05
0.0683724
-0.431545
-0.0002092
-0.000141492
0.00330145
0.000658495
0.00412872
1.699
0.339199
0.0005751
0.000113979
-0.651803
1.57355
1.41106
-0.000461995
-0.353938
-0.180632
-0.096293
-0.471807
-0.079224
-0.0293117
1.15336
-0.000407535
-0.258847
1.34994
-0.47634
-0.000165622
-0.606194
-0.00177203
2.07913
0.28426
-0.000131257
-0.000274935
1.46947
3.97065e-05
-0.00184584
-0.116239
0.000132537
1.87887
0.0362338
-0.0733867
-0.644012
-0.0378414
-0.573203
1.45638
-0.0684342
0.050317
0.0101432
-0.000194605
-0.0102765
-7.18136e-05
-0.000157237
0.292912
1.44861
1.22101
-0.00442697
1.8647
-0.095152
8.01876e-05
-0.448673
-0.00017158
-0.271766
0.293968
-0.134421
0.0454212
0.0184492
-0.0929906
0.00256631
-0.0167647
0.205517
-0.0289493
-0.000469217
0.000300454
-0.000612821
0.300769
0.000557785
-0.199531
1.96485
-0.059822
0.000515089
-0.0345544
-9.54468e-05
0.857907
-0.00358835
-0.000652237
-0.000852535
-0.000133596
1.64932
-0.00153759
1.8127
-0.5835
0.00117514
-0.479381
-0.00485177
1.27324
3.47858
-0.0141438
2.48509e-05
0.000165193
-0.000212831
1.16479
8.06227e-06
0.0105316
-0.235629
1.73301
6.98e-05
0.00015618
2.91745e-05
0.000252965
-0.2022
1.93399e-05
1.91245
-0.149563
-0.00123046
0.000302767
-0.0206268
-0.286305
1.40939e-05
-0.000560697
1.34819
0.00033861
-0.311805
-0.295031
0.00137383
9.98671e-06
-0.445242
1.32872e-05
1.3266
0.000149591
-0.00443102
0.000120572
-0.00175069
0.793999
3.2535e-05
-0.0163535
8.52138e-05
0.141484
-0.0337898
-0.0635952
0.0108811
1.25033
-0.00268319
-0.000795542
-0.0881666
-0.0852947
-0.00242462
-0.000515055
-0.00890145
0.000408372
1.42425
-0.0974392
3.4721
-7.10964e-06
-0.0761072
-0.00154119
1.12132
0.000575284
-0.251608
0.000239715
-0.0157715
-0.325523
-0.00231094
-0.155147
-0.479761
0.0524276
-8.34076e-05
-0.468762
-0.00332948
-0.0029395
-0.0550764
-0.0987564
0.0129187
-0.000480223
-0.00433606
-0.00891444
-0.0127552
0.000134118
-0.0120661
3.35801
0.000985358
-0.0323092
-0.340666
-0.722708
-0.616594
-0.465645
-0.211932
-0.00519693
-0.121332
0.000772998
-0.00080515
3.40456
-0.00093135
1.44027
-0.00449609
0.00412068
-0.0113202
-0.283568
-0.00415844
0.00825864
-0.000149507
-0.00391117
-0.000146755
-0.000786227
-0.146359
-0.00108448
-0.000261556
-0.000822021
0.00151111
-9.76909e-05
-0.407696
1.74262
-0.0001009
-0.0059831
0.000338535
0.00031056
-0.00833348
9.51756e-05
-0.00902072
0.00292381
-0.00363472
-0.628938
-0.00687593
-0.0181219
5.06225e-05
-0.0148584
0.0034042
-0.000152256
-9.90093e-05
0.000138661
-0.0078941
0.00560194
-0.426616
-0.249453
-0.637566
0.00628052
-0.0173697
0.152682
-0.642381
-0.000937811
0.161019
0.0699408
-0.0103956
-0.116299
-0.552324
3.10793
-0.00421917
-0.000152086
0.0089079
0.00049631
0.000181302
0.648286
0.0378904
0.740761
-0.30769
3.01945
-0.00519259
2.11633e-05
0.00156045
-0.000180617
-0.013541
1.25737
1.69803
-5.32377e-05
-0.00169811
-0.000166921
1.62541
0.216542
-0.0442055
0.000122552
0.000197225
0.0717577
-0.00689545
-0.678566
-0.162643
0.000245571
0.0348455
-0.287079
-0.000592368
0.0179713
-0.000655737
-0.446113
-0.0175502
1.20379
0.000171729
0.0165625
0.00126398
0.000153329
0.00176847
-0.222924
0.000151787
-0.00903877
0.00022905
-0.18865
-0.445441
-0.0279537
-0.0586156
-0.0846127
0.0890661
-0.0854179
-0.0245293
0.000674632
0.00108866
0.000207902
0.000181943
-0.000553356
0.0909449
-0.515283
0.00505674
-0.334589
-0.0303993
-0.416278
0.000877958
-2.03824e-05
0.0129967
0.0467046
0.000185837
-0.345076
-0.138516
0.549838
-0.319876
0.000267764
-0.0336162
0.00198584
-0.229434
1.08763
0.0001183
-0.559991
-0.207107
-0.0412749
0.000383167
-8.68963e-05
0.30575
-0.15999
0.000242937
-0.06626
-3.75553e-05
0.00220124
1.02397
-8.52897e-05
3.80024e-05
-0.00084006
0.000348608
0.00895151
0.000893911
-0.0502529
0.00239174
-0.121981
0.0110158
-0.00207488
-0.28146
-0.40798
-0.0613073
-0.000152293
0.000218529
-0.484207
0.0571104
-0.457441
0.00029395
-0.0504779
-0.000364548
0.000248302
0.682655
-0.0679983
-0.0273451
-5.29351e-06
-0.167055
0.000501545
-0.640921
0.000273075
-0.723656
0.000196671
-6.15525e-05
0.000857116
0.0101416
-0.224763
-0.174385
-0.646887
0.000164328
0.000983298
-0.741147
-0.192086
-0.082112
-4.81282e-05
-0.0609505
-0.456359
-0.756585
3.98119e-05
-7.69567e-05
5.25611e-05
-0.307359
-0.6155
0.00717584
-0.105786
-0.000546292
1.69434
0.000947421
0.000149935
0.00155171
-7.78058e-05
-8.36512e-05
-0.0353887
0.00116921
-0.0250062
-0.584582
-0.124852
-0.571796
0.00040778
-0.000502418
0.519581
-0.301526
-0.0455276
0.93489
5.70417e-05
-0.000131538
-0.000121228
1.05081
0.00178166
1.29804e-05
-4.12034e-05
-0.500772
-0.14771
6.62863e-05
0.000832758
-0.0894099
-0.0618848
0.0042947
1.71341
-0.517487
0.0021835
4.32534
-0.000168582
-0.00676372
-0.0756539
-0.775368
6.77858e-05
-1.45294e-05
0.000218847
0.0479422
-0.275727
-0.00330727
-0.466887
-0.0749811
0.000280444
-4.76544e-05
-0.097695
0.028734
0.135426
-0.112337
-0.441048
-0.372793
0.283884
-0.247902
-0.000616817
0.00360911
0.190414
0.00543636
-0.000759348
0.00762044
0.000316427
-0.000873482
-0.115021
-0.000120207
-0.000271766
0.389887
0.0259514
-0.00158717
-0.000366784
-5.26617e-05
1.85892
-0.0639349
0.00784731
-0.260226
0.00234212
0.00202938
0.00175353
-0.000473065
0.00492773
-0.356479
0.183833
-9.25418e-05
-0.00159673
-0.381554
-0.279253
0.434719
-0.00482718
0.0179608
0.171597
2.21715e-05
0.000617483
-0.389307
0.000224136
1.30808
9.60538e-05
0.0411055
0.00170637
0.00227802
-0.685306
-0.0708105
-0.17117
-0.0235515
0.0002667
0.0675719
0.53807
-0.117799
-0.00131625
0.796127
1.27316
3.6548e-05
-0.499394
-0.000648063
-9.71105e-05
-0.000437312
-0.0055597
0.188664
-4.33692e-05
0.00252152
-0.232651
-0.246782
-0.210532
2.25569
0.000187973
-0.000674747
1.33709
-0.00749337
-0.036805
-0.00640393
1.31412
0.000453935
-0.00306718
0.000475569
0.000284425
0.000315612
0.00036265
0.000736847
-0.171223
8.8201e-05
-0.0319873
-0.432158
1.81359
-0.00138787
-0.000485457
0.0462556
0.720514
-0.37275
-0.00736563
-0.682044
2.24509
0.000431639
2.86462
-4.48284e-05
0.0329937
0.231254
0.00443372
3.07033
-0.000120829
-6.10268e-05
0.0114987
0.000310187
-0.00844821
0.00265438
0.00011903
-0.0191704
0.000120747
-0.00142734
-0.0321655
1.81462
0.489594
0.209227
-0.425797
-5.21405e-05
-0.000170098
0.0339698
-0.455322
-9.40192e-05
-0.453213
-0.000522207
0.864521
0.543289
-0.306345
-0.0132091
-0.1074
-0.00970191
-0.141653
0.0457507
-0.067607
0.573851
2.18801e-05
1.8379
0.481654
-0.00567107
1.61341
-0.129132
-0.000123652
0.000244693
0.000667094
-0.00206857
-0.00118579
1.83278
-0.009616
1.86265
-0.010095
1.30481
1.68647
1.06028
-0.0680846
-4.72117e-05
0.000667582
-0.102216
-0.521756
-0.451058
0.0146537
0.000209997
-0.369939
-0.00304615
0.000100217
0.0100051
-0.0105288
-0.00608343
0.309291
0.000749787
-0.475258
0.539052
0.000579298
0.00274244
-0.128314
-0.509093
-0.00719172
-0.00510108
0.000136323
0.00254287
0.905884
-0.157615
-0.442975
0.0128648
0.935052
-0.371242
0.000362609
0.000231811
0.337628
-0.000853484
0.827056
0.0306392
-0.13025
-0.00374695
0.0160236
-0.337371
-0.000309456
0.005015
0.0753853
-0.721254
1.26323
-0.614971
-0.257685
-0.00160743
-0.00044701
0.0650886
0.000470542
-0.736972
-0.621199
0.00572966
0.03441
0.036818
-0.554956
0.00650559
0.00195711
0.000391842
-0.390311
0.000289597
0.00568091
0.996369
1.40032
-0.545397
0.439923
0.442101
0.309727
-0.0015466
0.126222
0.00123898
8.81253e-05
-0.000696537
-7.49622e-06
0.000267885
-0.00351003
-0.0742351
-0.258463
-0.0949374
-0.259431
0.484686
0.403323
0.0400975
-0.591605
0.0016511
0.0472076
0.11131
-0.00381117
0.68263
-0.0113234
-0.104317
0.121294
0.0534374
0.0112543
-0.0393285
0.418387
0.00818079
-0.191237
-0.158124
3.62253
-0.232784
0.724079
0.378682
-0.327392
0.02133
0.00106197
-0.0254754
0.00059027
-0.0258776
-0.241144
-0.000676469
-0.000431377
2.04586
-0.0320262
-0.407386
-0.182358
0.00203362
-0.012633
-0.00022277
8.17922e-05
0.382222
0.000405332
-0.0288114
0.69459
0.0630814
0.0110399
0.181506
-0.0561995
0.04154
-0.437864
0.00863432
-0.0433585
-0.54061
-0.00838031
-0.0789682
0.0075138
0.0144336
0.00975632
0.375902
-0.00307887
0.0557558
-0.533854
-0.197489
0.00313678
-0.534674
-0.145959
-0.167205
0.00106972
0.0646916
-0.580763
-0.00826959
-0.0469347
-0.498926
0.00673999
-0.01152
1.69087
-0.185274
-0.000413044
0.0800731
-0.459111
-0.0103507
1.50898
-0.0196712
0.0100286
0.518949
-0.0141008
0.0824323
1.03907
0.000656079
0.011507
0.00181001
0.000392744
-0.0432902
-0.0646837
-0.00126833
-0.235034
0.856082
-0.367102
-0.602309
0.0114808
-0.0319165
-0.00583968
-0.243131
0.000287952
0.179083
0.000479661
-0.153423
-0.019186
-0.0478621
0.351043
1.01218
-0.629698
-0.000513184
1.55088
-0.0184909
-0.0220688
-0.589706
-0.647175
-0.150281
-0.000293126
-0.01046
0.0708984
-0.0301282
-0.0462634
0.00434298
0.757982
-0.381818
-0.108583
-0.0649978
0.273343
-0.0155977
-0.00349409
0.0166219
-0.000208103
-0.0302525
0.986117
0.00786216
-0.477473
-0.00055238
-0.0716123
-0.0313661
-0.669814
-0.111419
-0.713375
-0.000622595
-0.000601749
-0.0281446
0.105178
0.0186115
-0.717105
0.791192
-0.464093
0.00191093
-0.715352
0.000118502
-0.693684
-0.246557
-0.560777
-0.490387
-0.395601
-0.1597
0.236823
0.381764
0.518039
0.660167
0.802468
1.24403
1.39109
1.55031
1.86394
-0.0785125
-0.0707632
0.638856
-0.140584
0.00892549
0.192423
-0.390996
0.00529422
-0.00616575
-2.99611e-05
-0.135822
0.170682
0.000446693
-0.0029978
-0.101568
-0.0165252
-0.626854
-0.100186
-0.540264
-1.39454e-05
0.00570839
-0.000518888
-0.388782
-0.0837966
-0.345077
-0.0794024
0.0169657
0.00226726
0.0461861
-0.000321042
-0.0169355
-0.000126596
0.00376823
-0.0431804
-0.110475
-0.00224051
0.00329951
0.438403
-0.099027
0.625572
-0.669387
-0.0596835
1.09402
-0.181856
0.0367525
-0.206584
-0.0316017
-0.119866
-0.114109
2.46358
-0.0117825
0.000708927
-0.0560566
-0.0841451
3.16423e-05
0.695289
-0.0378635
2.30972
0.0945699
-0.444063
-0.258796
0.473
-0.0429294
-0.000476989
-7.56179e-05
-0.0405964
-0.478069
0.000579929
2.49618
-0.0268815
-0.047214
-0.000773095
-0.00370662
-0.0559579
0.946913
-0.00772768
0.993534
0.00647921
-0.1381
-6.44297e-05
0.255288
-0.0707392
0.18558
-0.0537732
-0.0527378
-0.00654057
0.0128339
0.116031
-0.000120414
-0.0874117
0.0055212
-0.00382363
0.00464958
-0.0844849
0.00226256
1.16701
-0.102417
0.0378289
-0.256674
0.45175
-0.324903
-0.105696
0.414239
-0.176598
1.41174
0.0943184
-0.0330695
-0.484971
-0.00652243
-0.000464921
0.00441356
0.000911333
-0.0204575
0.0431599
0.000882569
-0.125496
0.207664
-0.0299473
0.00042701
-0.0320394
-0.40927
1.20546
-0.31109
-0.44671
0.0794044
0.730605
-0.0121585
0.59617
-0.113359
0.0512207
0.338093
-0.551895
0.909279
-0.00051178
-0.277806
0.0113255
-0.0146235
-0.000109978
-0.0581393
0.918106
0.0087891
1.78993
-0.199998
0.230009
-0.15246
0.00142226
-0.013563
0.581299
-0.357016
1.75412
0.353032
0.230909
1.36163
-0.401397
-0.0413377
-0.606168
0.00709216
-0.326156
1.24083
-0.0277848
2.04507
-0.0130101
0.776838
0.00100012
0.844286
1.08357
0.0262337
-0.190255
-0.00359578
-5.73569e-05
0.0512603
0.0207464
-0.375606
-0.342585
-0.0545884
-0.389379
1.29562
0.48572
-0.345782
-0.14741
0.000117362
0.0410151
1.62935
0.0448403
1.30302
-0.560499
0.0518088
0.000850914
0.00382834
-0.19656
-0.0109228
-0.0248755
-0.31125
-0.00596211
0.0339686
-0.29482
-0.376816
1.59105
-3.17666e-05
-0.171091
0.00182989
-0.243662
-0.00341773
-0.528874
1.01945
-0.325013
-0.223086
-0.0138968
-0.144626
-0.00641407
-0.0499467
0.705518
-0.257177
-0.000178402
-0.0654283
-0.0359856
-0.00349522
-0.0226297
0.117084
-0.102029
-0.32367
-0.000378325
1.21216
-0.243451
0.0672375
-0.00356624
-0.0754769
-0.00354056
-0.00157906
0.00287567
-0.226414
-0.000990704
-0.358414
0.0273782
-0.000118679
-0.100237
0.00300435
-0.0886566
0.0129629
1.33457
0.0118618
-0.090158
-0.0859604
0.0383061
1.0214
-0.139381
-0.150556
-0.143191
0.00325946
0.995755
0.438313
0.0125325
0.00118418
0.481156
-0.420587
0.0259232
-0.250007
0.0139685
0.00365753
0.28444
-0.261541
-0.124375
-0.107055
2.18376
0.252238
-0.0357829
0.307356
-0.00417154
0.000257825
0.0169967
0.0300421
1.1542
-0.0325389
0.198414
0.00100961
3.32632
3.09116
-0.0144567
1.52959
4.15625
-0.279159
0.000181569
0.998288
1.10195
-0.0353163
-0.222551
0.00177641
6.54938e-05
1.14985
0.350103
-2.16931e-05
-0.494523
0.000957373
0.415675
0.549045
-0.309412
-0.3293
-0.192745
-0.00280573
0.0111366
-0.122262
0.715751
-0.40733
1.41326
-0.0937786
0.436185
-0.0162043
-0.00224329
0.0089915
-0.027556
1.08516
-0.0449037
1.09935
-0.00267876
-0.60618
-0.410151
1.09292
-0.0586136
0.004783
-0.340858
0.00391967
0.122646
0.939724
-0.0745812
1.20678
-0.0915725
-0.0295492
-0.685059
0.35246
-0.611787
-0.152552
-0.00869246
-0.247671
0.014033
-0.0880706
0.0162663
-0.265374
-0.110654
0.398843
-0.0391199
-0.696352
-0.373314
0.280007
0.387572
0.946829
0.0408195
0.000117667
-0.0612956
1.49073
-0.000942094
-0.0576876
0.00609672
-0.00242814
-0.37717
-0.00188666
0.032074
-0.0106786
-0.016348
0.00338277
-0.358233
-0.0134708
-0.120197
-0.0455066
-0.0309471
2.36562
0.470178
-0.317623
-0.100856
0.0151262
0.00119182
0.128755
-0.0101467
0.0821661
2.50829
1.02166
0.90581
-0.00209016
-0.153104
-0.0138734
0.286105
0.803101
0.917295
1.18483
1.25248
-0.131089
-0.00866687
-0.0214842
0.353181
-0.0272732
1.30686
-1.26132e-05
-0.0136601
-1.41981e-05
-0.0424174
-0.298808
-0.0220598
-0.117842
-0.257896
-0.511039
1.23751
1.1082
0.319297
1.12001
0.654463
0.619314
-3.19223e-06
-0.0596461
-0.0800669
-0.28781
-0.0422418
-0.39102
0.568026
-0.340773
-0.0123599
-0.599656
0.866585
1.02839
0.497602
0.734863
-0.352715
-0.153907
0.25779
-0.0492456
2.61904
0.000826354
-0.578802
0.562942
0.167557
-0.00676066
-0.389305
3.27595
-0.178426
0.529749
-0.00670154
-0.75071
0.00296915
1.73644
-0.436482
-0.204313
0.46305
0.202656
0.52601
2.92659
1.96768
0.0251307
0.00506562
-0.0258311
0.00168715
-0.285324
-0.0539335
0.491295
4.83127e-05
-0.0190496
0.719906
2.6243
-0.2319
5.50749e-06
3.31243
-0.59773
-0.0140847
-0.0371302
0.89826
-0.759889
0.477453
1.13679
2.48985e-05
1.02836
-0.260151
0.00201262
0.36152
0.336877
0.49321
2.56798
2.9811
0.0515389
0.486586
0.00590548
-0.342243
-0.28916
-0.0011365
1.12799
-0.62225
-0.652625
0.0563284
-0.00646921
0.000355804
0.0502106
0.16259
2.12316
-0.320339
-0.0255916
0.00151992
-0.0340162
0.000833857
-0.165406
-0.352084
-0.0824199
-0.251845
-0.586728
-0.385715
-2.26116e-05
-0.357492
-0.0263954
-0.639409
0.45379
-0.000387684
4.27231e-06
4.65781
2.643
3.10693
1.86876
0.187025
0.000896481
0.234571
-0.252957
0.00165156
2.27597
0.197302
-0.00641568
0.734189
0.76447
0.449293
-0.684273
-0.482248
1.61167
-0.673512
0.405089
0.0647254
-0.486239
-0.407434
0.327533
0.464349
0.59651
0.736653
1.31464
1.46936
0.631523
-0.380685
3.8413
-0.0503612
0.361688
-0.502246
0.0574137
0.874807
0.0283577
-0.0871829
-0.676793
-0.553052
0.365976
0.00138588
-0.442676
2.85212
0.245791
2.46789
1.92468
3.63639
0.451945
-0.645544
2.89934
0.250817
1.17229
-0.00930948
-0.045326
0.00346237
-0.377896
0.785244
-0.115431
-0.428967
0.0825866
-0.447861
0.408306
0.0161044
0.795123
-0.334661
0.0125035
0.00254965
-0.612884
0.0467572
-0.0372375
-0.222082
3.56774
0.0001184
0.178647
0.0230911
-0.114886
0.0580779
0.426046
0.0118569
-0.620678
-0.000737177
-0.0416842
0.75176
-0.0368292
-0.307501
-0.0565928
0.000447373
0.399183
0.879705
-0.415227
-0.218868
0.43414
-0.0292863
-0.0195476
1.15853
9.59652e-06
0.410735
0.277231
-0.556905
-3.29965e-05
-0.0154428
-0.00024729
-0.282636
1.22097
-0.000183084
-0.07753
0.000989028
0.110816
-0.205852
0.00210133
-0.375578
-0.467978
4.81392
-0.000476421
0.612245
0.0144744
-0.00699139
0.00729648
1.02282
-0.0698918
-0.392966
-0.454103
1.86506
-0.244938
0.955622
5.62143e-05
1.89973
0.51873
9.88612e-05
-0.582337
0.739956
-0.00386617
-0.000446524
-0.416611
-0.349377
4.74197
0.000473344
-0.321831
-0.422361
-0.000285909
0.207505
0.00500168
-0.223527
1.48067
-0.326512
0.278006
0.0614541
-0.000750703
2.16984
2.76173
0.0157586
-0.00704468
-0.485557
1.92602
-0.0380168
-0.00184585
0.620602
-0.659684
-0.42654
-0.0113658
-0.00515031
0.584643
0.231009
0.00664911
-0.522183
-0.660683
-0.272127
0.42652
0.000348317
-0.196305
4.64505
-0.0111459
-0.0145752
-0.038842
3.52102
0.922603
1.4364e-05
3.2149e-05
1.3296
1.32505
-0.264568
-0.497551
-0.459683
-0.000438641
0.224885
0.132272
1.08695
-0.035373
1.65082
-0.180547
0.328296
2.7716
0.00232281
-0.0928123
-0.301286
-0.186636
-0.17688
0.00139277
2.35635
0.562933
0.517382
-0.2252
-0.554076
0.000697305
1.39627
0.0059715
0.00124653
-0.341384
0.664602
0.0141431
-0.0956788
-0.306366
1.01984
-0.0250174
-0.36975
0.00746552
-0.306359
0.00378428
-0.0237968
0.00338061
0.458931
-0.247246
1.35022
-0.0823928
-0.000769317
0.00235234
4.15
-0.000573773
-0.307157
-0.424104
2.09312
0.441544
0.00112214
-0.126591
-0.142003
-0.517111
0.603755
-0.424968
0.898885
-0.127604
0.675059
-0.161718
-0.0676461
2.12741
0.0219652
-0.104557
1.28918
1.07429
3.27911
-0.351572
-0.277405
-0.00811408
-0.234028
-0.490121
0.837062
-0.00736821
0.293262
0.00147167
0.169417
-0.0258761
0.239443
-0.231669
-0.0512628
-0.0146508
-0.194663
0.0012304
0.592092
-0.392733
-0.0126605
0.000634586
0.210933
4.23545
-0.767039
-0.149342
-0.0249252
-0.00154999
2.53064
0.329031
0.000144009
0.105785
-0.772601
-5.37881e-05
-0.00568032
-0.359262
-0.0932129
-0.0474273
0.992256
2.20496
2.08647
-0.353869
0.00397666
-0.411566
0.00105696
1.45039
3.61036
0.00107399
-0.00591628
0.307992
3.7857
3.31026e-05
2.06081
3.96987
-0.419804
-0.0996752
-0.0243775
2.08416
-0.057737
-0.701831
3.42564
-0.0479943
2.23455
-0.207412
-0.0848488
3.4427
1.02783
2.13609
1.94839
0.022267
-0.000147713
1.43674
0.637707
-0.135399
-0.785477
0.176935
-0.696995
-0.125837
2.08597
0.00263783
-0.0530252
-0.566817
0.0184166
-0.249386
-0.509408
-0.242114
2.1908
0.509167
0.225131
3.28606
0.00849929
-0.000393653
0.515412
0.397744
0.555561
-0.00222049
0.0650195
-2.49533e-05
-0.0331046
0.187361
-0.000326741
-0.0109908
0.00668202
0.000759536
0.715623
-0.0746645
0.003822
-0.0815916
-0.722167
-0.0851312
-0.0278175
2.17151
-0.174189
-0.128775
0.0127459
-0.133323
0.000628664
-0.296235
1.02113
0.11799
1.19611
0.0789747
0.821946
1.32042
1.61607
-0.225533
2.74545
-0.12048
2.23467
-0.654891
-9.55105e-05
-0.0968226
-0.160642
0.248135
1.16548
-0.520774
0.00261967
4.79321
0.0716847
1.05741
-0.338171
0.789235
0.682384
0.00771066
-0.2758
-0.674302
0.0214157
-0.00679307
-0.0962709
-0.342391
-0.045066
-0.0675962
-0.68222
1.38786
-0.0476029
-0.312267
-0.000120602
3.92773
4.4172
0.0592423
0.00081878
-0.260435
0.0138405
-0.259866
0.0010447
0.498677
-0.235415
0.00175147
-0.00594646
-0.352155
-0.0077562
-0.167879
-0.241416
2.40501
-0.667243
2.3785
-0.00628359
-0.0986929
-0.134752
0.744051
0.550086
-0.397536
0.0193142
-0.132285
1.96518
-0.333804
0.00311002
0.0004947
-0.0261476
4.91276e-05
0.0035941
-0.015022
0.12182
-0.0588012
1.0725
0.000463682
0.0140119
1.6237
1.776
-0.233359
-0.0189206
1.42865
0.00253685
0.00269802
0.496829
-0.0105369
3.52031
-0.342599
2.17382
-0.260592
-0.000364502
-0.078336
2.97322
2.13075
0.156075
0.0385218
-0.00185074
1.03956
0.607469
0.13274
-0.0118097
0.0066673
-0.482177
7.21052e-06
-0.203303
-0.413581
-0.288268
-0.0463289
3.66864
-0.0378921
-0.232172
-0.316721
0.00540254
0.000219747
0.0144823
-0.0441171
2.53858
0.161435
0.000720786
0.00760089
-0.514083
3.14331
0.00196264
0.00635606
0.408867
-0.275533
2.91607
-0.278781
2.38971
2.19861
0.00187126
2.03839
2.26334
-0.250658
0.458956
-0.00206854
2.34197
0.00520525
-0.0010345
-0.0362479
1.61612
-0.0740298
1.55083
0.018961
3.69598
0.0227045
2.78412e-06
4.89674
0.360107
4.03305
1.06866
-0.48744
0.187443
-0.538574
2.84947
0.00234405
-0.00116477
0.607641
-0.00732562
3.54299
-0.693321
-0.696677
0.0200399
0.672968
0.951733
-0.655208
0.136803
-0.209336
-0.0418099
0.266608
0.00395351
0.0319683
-0.186722
-0.21959
-0.341773
0.648131
0.108886
0.859841
0.581525
3.91869
-0.432372
0.304257
0.00414001
-0.743201
2.37255
0.0108532
0.939201
1.80609
-0.214855
0.152319
-0.643018
-0.000639533
-0.0388117
-0.0232612
0.0787711
-0.0459057
-0.0782711
0.00109355
1.19066
0.820103
1.54905
0.940722
1.71212
0.113249
0.6724
0.193399
0.246604
-0.172132
-0.690015
0.650051
2.34368
0.380862
-0.0502728
0.0425342
0.93217
-0.054412
-0.59331
1.55043
-0.159567
-0.327986
1.09741
0.331209
3.43333
-0.00032791
0.000178496
-0.510156
2.49115
2.66513
2.04153
2.71671
0.564619
-0.0526221
-0.0815559
0.755659
-0.158332
-0.00704676
0.269457
3.67134
0.0592222
2.43055
1.04839
0.157357
0.00119774
-0.340505
2.76772
-0.023292
-0.0711742
1.17207
-0.101482
0.00265801
-0.0427545
-0.150382
4.42372
-0.503773
1.35563
0.888452
-0.0616919
0.698679
2.17263
2.76322
1.14073
-0.579262
0.998807
0.922757
4.70967
0.00699761
-0.023729
2.68046
-0.59777
1.93234
2.91929
0.0312669
-0.313823
1.1356
0.000636546
3.14813
-0.121035
2.53683
0.107353
0.0165081
0.0836114
-0.0112226
4.6377
0.000778504
-0.674314
2.32013
-0.00414323
0.201086
-0.218547
-0.216051
1.22867
-0.185519
0.00871485
1.14821
-0.163674
0.00741865
0.000675949
0.87816
-0.0250661
1.73586
-0.65085
0.0320748
0.658085
-0.0136221
-0.0527839
0.605197
-0.637281
1.83974
-0.203053
-0.0253572
1.41929
0.00181789
0.0173047
1.10266
-0.120267
0.0616364
1.18087
3.18275
0.965778
0.167259
1.94422
2.83831
-0.117652
-0.000100311
1.80574
-0.55174
0.130112
-0.00834624
-0.519634
-0.00287003
-0.00681671
0.522368
-0.0411382
-0.0817035
-0.195583
-2.56313e-05
1.68688
-0.00635595
0.309013
-0.562851
0.000649778
-0.45457
-0.219371
-0.533945
0.00528706
0.254843
2.61882
3.20978
4.26424
1.3461e-06
-0.207039
0.000780377
0.000391498
0.000125295
0.00707434
-0.0118402
-0.0375515
1.99782
0.201509
-0.0282383
0.606273
0.242505
0.0789207
-0.5432
-0.43004
1.00542
2.12235
-5.8391e-05
0.133296
-0.22087
-1.30351e-05
-0.391942
0.523279
1.74878
1.34857e-05
3.27355
-0.295836
0.910185
1.02715
0.0157018
1.35084
0.0236669
-0.690572
4.03908
0.00150203
-0.0524457
1.38073
-0.00284985
-0.234475
0.000468497
-0.00648627
0.0236071
-0.1079
-0.0266336
0.00241402
0.00040611
-0.0783057
-0.63036
-0.431944
1.22915
0.587343
-0.0803873
3.69155
0.169263
3.42237
-0.140152
3.86371
3.40363
3.52691
0.118929
-0.0957524
0.0972531
-0.0228744
0.00230835
1.75599
-0.238135
0.00922933
1.73189
4.0433
1.31876
0.855814
-0.00623065
-0.165074
0.086203
0.0189169
-0.367289
-0.0822024
3.36654
-0.00388947
4.50958
2.10676
-0.00688624
1.59244
-0.260559
-0.702334
1.35539
0.573434
-0.0388868
1.30162
-0.142926
2.2828
0.976639
0.0161625
0.000388731
0.260152
-0.442571
2.95071e-05
0.0326618
-0.618424
-0.00647318
-0.297935
1.08037e-05
3.39794e-07
-0.743882
-2.90111e-05
-0.0531198
0.0122308
-0.25409
0.919376
-0.50732
0.0857993
0.482576
-0.40109
-0.730169
1.06539
0.169882
0.153131
2.52094
2.23159
-0.000699114
1.71544
-0.57483
3.65934
1.82609
0.0252028
2.20379
3.73077
6.23482e-05
1.68974
0.259223
0.369837
-0.358631
-0.000215948
0.571209
-0.496398
-0.0402634
-0.00254122
0.000721759
0.149298
0.0101746
-0.524394
0.625607
-7.78264e-05
-0.643879
0.667712
-0.0718062
0.0143424
-0.0504577
-0.00824348
-0.000360405
3.58562
3.22021
0.59941
-0.498385
-0.0429797
-0.0180812
-0.00307901
0.00109543
-0.0285118
0.107411
-0.428038
-0.378709
-0.0453373
2.57424
-0.380613
4.53597
0.00480525
-0.323647
2.82773
0.00383706
-0.423203
0.000868491
-0.00387523
2.86551e-05
0.00359083
1.33549
0.00167938
0.0136082
1.34779
0.23627
-0.0805574
-0.125429
-0.0865374
-0.000405357
4.20989
-0.505185
1.94264
1.15059
-0.0389819
2.40484
4.36189e-05
0.567137
0.000201565
0.0285538
0.0987715
3.61031
-0.00968938
2.14579
0.647593
-0.00388031
0.00085633
-0.215692
2.56444
4.70747e-05
0.122642
-0.00248902
-0.661097
-0.350487
-0.347806
-0.12014
-0.213413
0.297315
0.0285899
-0.709138
-0.490217
-0.055711
0.00533261
-0.000365239
0.0033822
-0.00777947
0.000398782
0.833545
0.0158037
0.0126305
2.37101
-0.00993526
-0.432893
1.6836
0.000183454
0.0240945
-0.611423
4.21577
0.0380867
1.74304
-0.349433
2.20737
-0.198375
3.16066
-0.509366
-0.53496
-0.126718
3.5106
-0.156448
-7.69601e-05
0.00411642
1.33021
0.570015
1.13512
4.34383
-0.392503
-0.765656
2.69473
0.0101184
0.556028
0.0854015
-0.0384408
0.0206266
0.0896161
-0.0022308
-0.596165
1.27316
1.12858
-0.102057
-0.000405542
-0.000357334
5.73691e-05
0.0292504
0.0015334
-0.568795
2.69392
-0.40775
4.65328
-0.633057
-0.0182748
4.522
-0.185221
-0.0687589
0.00370914
-0.010181
-0.079552
4.41461
4.33477
-0.256644
-0.130077
0.00210067
2.41778
1.46296
0.113234
0.928867
-0.137936
-0.16672
0.0446763
3.39853
3.26086
1.09269
-0.075535
0.0112388
-0.142257
0.258603
-0.00779811
2.34334
-0.0111676
0.044471
-0.0239565
-0.611406
0.637803
-0.457559
-0.0856594
3.97985
1.34231
1.1813
-0.60692
0.476654
-0.0693076
-0.00034578
2.77447
-0.00572127
-0.037288
-0.515252
0.750226
0.00108236
1.90176
0.236602
-0.524531
0.614402
1.36545
-0.266949
-0.0700378
0.3254
4.41613
1.05999
3.16666
-0.00773367
0.978168
0.144332
0.0548157
2.2911
0.0155609
0.154598
-0.227476
1.08915
-0.378311
-0.240512
-0.376136
-0.561819
0.0124609
-0.218121
3.44818
0.690354
-0.246927
-0.0629939
-0.145952
-0.544994
4.39015
-0.0886016
-0.0726789
-0.556709
-0.0497441
-0.115313
0.221761
0.0854902
4.77305
3.32608
0.177503
3.09053
3.23182
-0.0750017
0.139827
0.264774
0.693855
-0.0072437
0.570027
-0.00235614
-0.200868
-0.634938
-0.34567
-0.0284418
-0.158255
2.29715
0.637457
2.97252
3.09089
3.35315
0.00121174
-0.0737923
3.41
-0.150775
4.10726
2.6129
0.0257857
3.81429
-4.14829e-07
-0.00612203
0.696295
0.682208
2.85192
0.027181
0.110292
0.024397
2.50665
-0.17704
0.135498
3.36157
-0.367559
3.42981
-0.109926
-0.324454
2.60654
3.34689
1.76636
1.80887
0.419767
-0.0700156
-0.158443
0.00214067
3.44295
1.82365
2.24277
1.8694
3.89034
0.142943
-0.596338
3.73638
-0.000404085
3.82954
1.04375
4.31967
4.05624
-0.000368485
-0.390141
3.228
0.0208677
-0.0268993
5.91941e-06
-0.338416
0.114308
2.83649
-0.0993225
0.121737
1.08591
-0.388378
-0.00718974
-0.193053
3.2984
-0.227656
3.2712
3.73668
2.77814
-2.57986
1.74309
1.11203
5.64507
8.26531
3.7633
0.40898
-1.67511
1.62736
0.42142
5.5098
4.73255
-1.41345
-0.808016
-0.922077
-1.01377
1.50654
-1.00588
-0.898891
-0.715554
-0.304716
1.68374
-0.407957
1.09916
1.63544
-0.894027
-4.64865
1.79929
2.03126
3.07521
4.1164
-0.365183
5.46498
-2.31363
7.84157
-0.868484
2.08817
2.0105
-2.06201
-1.53739
-0.778746
-2.04086
1.20198
4.87908
0.23705
7.11695
0.48493
-0.946092
6.27899
-0.686673
-0.702143
1.21834
2.24991
-3.13785
-1.19121
4.31992
3.29017
7.61981
-0.802712
-0.0140473
1.03452
-1.83415
-0.841772
-2.78172
-0.0398864
0.609059
-0.454339
-1.4632
0.0247196
-4.38888
-1.19416
1.49858
8.69816
0.869518
-0.974198
-0.893094
1.95177
5.51998
2.99479
4.03654
-0.404027
-2.35384
0.124457
-1.1716
-3.38738
0.569376
-0.797986
-5.19024
0.162232
-1.31177
-1.87826
8.19388
-1.76083
1.09594
0.473659
-1.865
-0.391196
-3.55171
0.409455
-0.400109
5.3826
-5.47647
1.95159
-2.51347
8.29628
1.856
0.53148
3.65042
1.93451
0.2028
4.26071
5.53705
-0.707476
7.47163
0.0442089
-1.51314
5.37143
2.45815
1.36767
3.49841
4.5309
-1.04176
-2.98918
7.18594
-0.852164
-0.0229878
-0.893366
2.01272
-0.284054
-1.02675
-5.49124
-0.891756
1.64202
1.8317
1.17556
1.83437
-0.406938
6.16431
1.49807
1.58902
-0.000342421
-0.693868
4.16582
1.28933
1.83311
-0.661517
-4.71547
2.06997
-1.26626
-3.47961
1.69671
0.525961
-1.21845
6.13099
1.02358
-1.92424
7.68844
0.216233
-5.52012
0.138661
3.29667
7.14067
1.59461
2.00066
2.02318
-0.839586
-1.36469
2.15193
0.858703
0.253584
-2.76453
-0.904933
0.90534
1.27194
2.21479
0.603795
-5.25491
0.474987
1.84078
-0.472388
-0.813896
-0.887611
-4.46458
-1.12114
-3.15438
-4.64616
0.496938
0.778527
7.82964
1.75478
7.59735
0.225609
-0.690096
1.47482
4.71728
1.16609
-4.46773
0.954092
-0.867837
3.31818
4.01662
1.31255
1.88386
-0.429397
0.236977
0.285191
0.441323
1.059
2.29847
1.97144
3.01302
0.708716
5.22807
-0.0589686
0.376666
4.06207
6.82012
-0.0770206
-1.69851
-2.02671
-2.02193
-4.01624
-3.64706
-0.0763914
-0.875552
-0.238824
-0.903759
-0.784786
-1.07609
7.94373
1.29287
-2.73628
-2.56705
-0.975642
-0.611714
-1.09236
0.778188
6.06137
0.0444728
-2.62501
0.0952893
1.20338
-0.815861
1.683
-4.61152
-0.819671
-1.58247
-1.16925
1.28711
0.236469
1.16725
-0.708466
6.91262
5.34698
1.66937
2.16282
4.8608
-5.70505
7.25717
-1.31107
1.71953
1.26273
-1.16752
-0.818215
-4.98582
-5.44827
0.429264
-5.57229
1.69859
8.46238
-4.29782
1.89905
4.17984
1.00322
1.59754
-3.86601
0.871826
-0.456309
0.0730964
-0.732453
0.287503
-0.824508
2.38075
-0.815275
-0.796246
0.383778
5.83545
-0.618079
0.86145
1.37343
2.42078
6.09126
3.4623
4.53628
-1.00195
-2.9498
3.78525
8.50833
-0.782371
1.59913
-0.782799
2.12661
1.15012
-5.16096
-0.849672
1.48476
-1.17391
-0.218126
4.47837
0.436946
1.49702
0.931584
-2.19575
0.785636
-0.407412
6.36525
-0.921122
1.10974
-0.0911452
0.479244
1.0927
-0.801108
-4.83506
8.06918
0.225088
1.10845
2.15177
3.19251
-1.29181
4.24391
-3.23813
-0.759435
3.87615
2.05906
6.90288
-0.909188
-0.818092
3.33258
1.05351
6.32793
-1.17027
5.02836
0.640376
5.29225
-1.48667
0.409553
-2.26652
2.06499
2.7618
-0.876893
4.70247
-2.15962
5.1226
-0.752346
0.186709
-0.726574
-4.81119
1.01639
-0.77045
-0.781275
1.49319
0.638424
-3.35756
1.38442
0.42157
3.3135
8.0761
2.4004
2.37528
7.4277
1.34329
-0.762753
0.646588
-1.76697
-0.810669
4.37333
0.470147
7.27336
-4.99183
5.19764
-5.07608
4.84585
1.72016
6.79785
-0.0747504
1.59635
-0.59843
-0.334634
1.89781
6.98424
-0.105427
-1.5047
-3.7109
0.786171
1.68295
1.67577
-4.9144
-0.254468
0.211209
-1.16396
1.46066
1.79217
1.78576
1.50279
-0.62254
-0.824263
1.15072
1.16773
7.11647
1.26682
-0.535303
0.473097
8.12285
1.67278
2.15604
6.74502
-4.08562
0.598597
-0.723396
-1.21304
-3.30651
0.945631
5.98065
-2.82396
3.57627
-0.875931
2.53428
1.49157
0.812821
1.07856
7.08929
0.971867
5.10359
-0.789111
1.00327
8.65286
-0.846182
3.51692
7.95628
1.43051
1.36246
0.593783
0.00160933
1.03144
7.66971
7.74779
1.55997
1.09528
0.93548
7.09101
4.87388
-1.73267
-0.812606
-3.07856
5.75792
0.991098
6.86194
-5.28981
-4.59674
2.55587
1.47985
3.59651
4.66937
-0.925626
-2.87324
-1.92447
-3.64478
4.83854
0.248338
-0.601509
-1.64916
1.82133
7.00325
5.08204
-1.01542
6.78575
-1.38277
-0.594732
-0.997309
7.20644
-2.10713
-1.34646
2.76062
-5.4414
1.25746
-0.343321
-2.28525
0.408034
-0.0283633
-1.12061
7.47078
6.48512
-4.31172
0.914527
-2.72759
1.59093
-1.47754
5.87227
1.6942
-5.29526
-2.89777
1.09371
-0.122215
7.95111
7.32064
6.00711
-0.205371
0.402854
-0.193581
-5.14148
1.20957
-0.172162
-0.202159
1.34765
7.78716
-1.84642
6.01856
1.02439
-1.02516
1.48957
0.125889
1.00168
0.639023
1.32875
1.34441
-0.982367
1.36526
-5.22277
1.02975
7.67576
1.29914
-2.92026
1.40716
-1.23905
1.93814
-0.74315
-0.284624
-0.993063
-0.615536
1.74156
1.32922
-0.675998
3.24231
-0.271915
3.23944
-3.73345
-4.83915
1.47254
0.726591
0.524798
-0.722496
3.02849
1.9872
4.09043
-3.42727
-1.47835
0.928682
-0.481329
7.97325
4.88408
-1.64357
1.72767
7.45601
0.0868315
4.3154
-0.295278
-2.92888
0.994651
0.936073
4.82624
2.22354
0.586697
6.96632
7.54907
-0.928182
0.0566841
-0.701745
1.55424
3.87818
-0.928158
1.78556
2.0858
-0.550761
-4.56034
4.29132
0.362383
-0.243133
-1.49005
-0.0570819
6.52123
1.80634
7.68664
9.17853
-3.18009
-1.25186
-4.3534
-4.60488
-4.00553
-1.10534
0.946945
0.87172
0.647828
1.16259
1.92783
6.9087
0.811645
1.32682
-1.13251
1.01122
-3.6915
0.0920574
1.24473
-2.18945
1.86152
0.618621
6.69359
1.44741
-0.796186
-2.31482
0.953406
1.33117
-3.67569
1.12922
0.981848
-0.176456
-4.16566
-0.689461
-3.54815
-1.0441
0.739164
1.05322
0.836449
4.58083
6.01955
1.78523
-0.619484
-3.18604
-1.04638
1.62344
1.53877
1.30531
1.69873
1.362
5.76043
-5.1984
3.24753
0.729076
-1.15368
-0.357388
1.18758
0.987797
1.01077
-0.916992
1.1613
2.15461
0.589155
-0.0961035
1.39698
-4.54754
1.79372
1.72944
2.27262
-1.03517
1.31015
4.0146
0.137721
0.910353
1.53691
1.13643
0.278585
1.13265
-0.914554
-5.05841
0.233841
-0.174969
3.55821
7.32022
5.93997
-1.28275
5.5829
0.46066
-5.34643
-1.22376
-0.966668
3.29794
0.955997
1.83269
0.744732
0.74232
3.42431
1.31623
-2.18088
1.18059
1.35331
7.17349
0.357819
2.16767
-1.70233
1.63889
1.48322
1.14041
-1.00663
1.70878
1.23419
2.35119
1.57154
1.77078
0.462219
8.24598
1.74073
1.63112
1.84479
2.11214
2.45544
1.61375
7.3963
-2.98613
7.02196
-0.793114
-0.99291
-4.31205
-3.54309
-4.4415
7.63493
0.962276
1.49246
1.36054
-1.36005
-0.756677
1.22077
-3.62735
-3.39398
-1.55544
2.44332
1.40061
1.42356
2.47742
6.05476
3.5182
4.60164
-0.977643
-2.9252
0.825687
0.793348
0.997671
1.84413
6.51754
-4.32276
-1.29431
-1.00657
-3.34498
4.12118
-1.39756
3.08969
2.04924
1.01002
-0.918028
0.676262
-0.773173
6.39634
-4.93842
6.40977
-2.17176
-0.0613413
-4.17864
-3.05271
5.79075
7.48504
-4.45509
-0.275131
0.972938
6.56905
8.17616
-2.35919
-3.87015
5.89717
0.327808
-4.6483
6.73753
0.974229
-4.39906
0.522
-4.62499
0.644573
0.0536995
-4.55991
6.39831
-5.23655
-1.16479
-0.524476
-1.35184
4.55813
6.47713
-1.03629
-4.38351
-2.27687
0.776955
-0.335384
-0.354707
1.38823
4.89595
-4.02424
0.747182
3.23006
-4.17927
-0.11986
1.65066
3.71767
1.50245
5.27946
8.05639
-4.61345
-3.57067
1.37406
-4.46122
1.81024
7.31546
-4.80589
-1.43237
6.82377
2.47135
-0.918537
5.55619
1.70103
2.73766
3.77772
5.78596
-2.65596
-0.708697
4.64123
0.893418
1.32152
1.62865
-1.36981
-3.43564
7.92591
1.00175
0.127733
5.96147
0.159642
0.151389
5.65648
7.23143
0.262268
0.108883
0.558605
0.278522
-1.80354
-2.02245
-1.62348
-0.548507
-3.94976
0.349279
4.89368
2.00113
7.61585
-5.11025
0.541682
1.26745
1.56045
1.26382
-0.987619
-1.74802
5.09612
1.44344
6.96982
-0.918683
-4.62181
5.362
3.01036
0.43635
4.72275
8.3276
3.08466
0.99396
-0.343535
-0.323825
-3.8583
-1.01009
-3.88055
-2.88114
1.30409
-0.777467
-0.0535473
0.304563
-3.42321
-2.40088
1.04296
1.46846
3.65035
-2.33049
0.71325
4.97953
-0.173209
1.98094
0.901984
0.587787
6.77961
2.81279
-0.953491
-2.08437
-4.30588
1.32398
3.84447
-5.77188
1.45292
2.58493
-1.05234
-1.87899
-1.04491
3.83692
5.02474
0.728415
-1.65625
0.835763
-0.999131
0.752614
-0.105684
3.61442
1.27279
-3.1738
-1.57251
0.446946
1.72856
2.56737
2.07458
2.83158
1.24362
0.940575
0.497285
0.200917
-0.082458
0.374286
2.88194
-1.1583
-2.40481
-1.09355
4.99961
5.65256
3.89644
-2.53422
-0.586124
4.86054
2.85588
1.81031
-3.10595
-4.91667
5.37498
-2.26626
4.55638
0.572991
-2.03297
1.21161
-0.111237
2.5875
-0.796619
0.423097
4.59383
-2.00097
-3.43863
0.404318
-3.52441
-0.682602
1.53001
6.3319
4.82385
0.113415
4.60739
4.00809
2.00316
-4.23184
-0.203453
-0.650502
3.91648
-3.28743
-0.915084
-0.435281
0.4904
2.93001
-4.03049
6.45958
3.67204
1.4167
0.737626
-0.353345
0.293359
6.92166
3.61696
-1.02734
-0.809702
0.68892
6.77406
1.45454
0.356409
8.08178
-1.80205
4.88671
-1.66154
-1.86571
0.151549
0.552279
0.65658
0.590388
-3.16949
-3.11905
-0.150554
3.4279
-0.870112
1.99393
-3.48346
1.23671
-1.93813
3.05395
6.87659
-2.22337
0.543217
6.56667
-4.27203
-0.996963
-2.12967
3.55023
-2.94255
1.91939
5.76896
8.32951
-0.451286
-0.965918
-0.702165
5.18605
0.709652
-0.558237
1.90191
0.583207
-3.75914
-1.16506
-2.02486
1.61743
-1.74072
1.56688
1.54771
-1.60656
5.75317
-1.54053
-0.864879
-1.56659
1.84558
1.6908
-0.73956
-1.87907
7.79952
-2.63176
7.12148
-0.0890055
-5.6101
1.79938
-1.95495
1.83448
-0.653655
7.37829
-1.61651
-2.00346
1.80803
7.19955
1.45586
-2.27634
3.52967
4.24815
-0.781472
-5.34048
-2.0729
6.6229
-0.93825
0.380852
-2.82444
0.139367
-3.76815
0.350347
0.0587687
5.13652
0.645267
-3.31099
-3.89305
-0.223915
-1.81035
2.18429
-0.822181
-0.71657
7.09439
2.57368
-4.5787
-3.57896
-4.49897
-2.82964
-0.266995
6.72438
0.393636
-1.74189
-1.96524
1.0441
-0.607521
5.64549
-0.11289
-1.94083
4.74784
0.489976
3.52869
-2.0933
-2.14054
-1.64974
1.01561
-3.1054
-4.41538
-1.28825
-2.91241
4.96818
-1.34322
6.1341
-0.0609576
-0.293983
-3.28034
-1.28009
1.04664
6.37525
0.0524114
1.43306
2.74135
-0.666136
-5.05116
-0.829037
-1.86713
-1.22827
-1.61788
5.10639
1.78244
-0.854369
1.83786
1.95728
-4.76996
0.711268
0.295562
0.0217297
5.19187
-1.92906
-1.67514
5.5063
-3.63278
-2.28567
-0.31685
-1.82237
0.585157
0.194405
-3.77209
-0.766044
-1.06314
6.965
1.34166
-2.17053
-0.933107
-2.59015
-0.0750908
1.72471
7.23601
-0.903052
-5.66058
5.26256
4.4086
-3.4403
-1.61158
-0.760534
-2.9755
-1.67898
5.483
-2.01398
-0.855293
6.28466
-0.944846
-3.85936
-1.53647
1.69272
-2.33637
1.9997
-0.324152
3.62295
3.35067
-2.32938
-4.29596
1.60157
0.638119
4.32499
7.52324
-0.880068
1.14309
-3.0885
-0.906901
-0.90047
-0.464526
0.292929
2.68719
2.81844
-1.61293
1.22365
0.0924254
-1.27895
-0.51416
6.62957
-2.71493
0.211012
0.146079
-0.717315
-0.804651
-1.66775
0.251677
0.305942
-0.643978
5.58793
-0.960944
-4.41816
0.346027
3.80957
-0.880293
-0.872973
-0.866185
0.5544
-0.689534
-1.2809
-1.87369
-1.37218
-2.6687
6.62814
-2.6165
-2.4836
-0.891231
6.86271
-1.54713
-1.58869
1.09237
5.34866
6.51018
-4.59755
-4.34125
4.28763
-1.87835
-3.07292
-3.00843
0.951679
-3.18886
-3.18312
-3.0478
-0.636817
3.72942
-5.3626
1.37007
-0.946194
-0.680702
-1.00327
1.5337
1.22517
1.27571
-1.12777
2.92825
0.418634
-1.32437
-0.896185
-0.744424
-4.34099
2.18126
-1.42444
1.13911
1.24033
-1.80251
-0.632348
-2.03617
-0.785396
0.965046
0.246854
-0.44979
5.24876
1.75575
-1.54665
-0.661155
3.78609
-4.60214
1.07983
1.31932
1.62822
-1.0175
1.73068
-0.928363
3.00482
1.84298
1.96422
2.10386
-1.52707
2.26399
2.44341
-0.722434
-1.21873
-0.975518
-1.16541
-1.61518
-2.01198
0.628609
4.00216
-2.94147
0.260648
-1.85911
0.365847
1.12885
-0.709893
-0.722617
-0.608302
-1.91456
0.489248
3.44511
3.70967
6.24231
-0.948494
0.43926
-0.686167
-0.784463
-0.943848
0.288387
-1.00317
-3.38075
0.606087
-0.0532721
-1.91337
-1.5383
-0.362872
-1.30437
1.48112
1.61358
-1.13309
-2.69246
-0.666553
-2.25232
1.35265
3.35565
-1.25634
1.21469
-3.82417
1.30356
1.3958
8.60014
-1.21464
7.96107
0.814379
-0.920611
-0.659566
-0.636589
0.902767
0.657463
1.43623
1.39861
-1.7344
-0.69314
0.779503
-0.581795
0.822903
-0.666082
-0.638517
-0.908253
-1.46422
-0.828579
3.39956
-0.678801
0.647715
-0.696346
0.187133
-0.0257999
-1.20979
3.99921
-4.31672
3.08527
-2.47743
-0.608243
-1.09469
-0.832976
-1.4875
0.900308
7.37492
0.988446
-2.70211
1.48164
-0.819116
-1.36381
0.664393
0.647532
-1.43297
7.44591
-1.70005
-1.65991
-2.01364
1.47492
1.2702
-1.02059
-1.42974
2.53602
4.12159
-1.48292
-1.12393
-1.72431
4.76563
1.24369
4.5207
-1.53769
3.60478
-1.95237
-0.945115
0.357978
5.52406
-0.951613
-0.634659
-1.58138
-1.26552
0.215917
-0.918778
3.28285
5.9701
-1.49434
-1.543
-1.12264
-1.01618
-0.98938
-0.64835
-0.80207
-1.08989
-1.15087
7.72362
-1.33622
0.998932
3.65027
-1.47078
-0.602322
1.22794
-1.55749
-2.85176
-0.0809659
-0.568093
4.59769
-2.42577
-1.75751
-0.627833
-3.27485
-0.723649
-0.8876
0.312847
-2.05918
-1.04034
-1.49691
-1.93178
-0.805892
-1.05312
0.409812
-3.31495
2.55754
1.0719
0.507495
-0.295505
1.91288
-1.29521
-0.811889
-2.4096
4.05791
-1.28597
-0.984255
-0.596537
-0.818357
0.383476
-1.50132
-0.920525
-1.34213
0.31179
0.791747
8.76181
-2.93618
-1.18529
-0.541732
0.0360343
0.0719193
-0.123479
-0.939644
-4.59948
-1.61359
1.41278
-1.59076
-2.59583
-1.05303
-1.32137
-1.08574
-0.880694
1.5972
-0.849434
-3.01476
-2.09964
-0.817512
-1.15534
-1.30499
-1.82258
-0.891268
7.60102
-1.22619
-4.76642
-1.11431
-0.783766
-1.09928
2.2324
-4.80884
9.03121
-0.903949
-1.67399
1.61486
6.22978
2.06653
-1.43453
2.61352
-4.92484
-1.55921
-0.839305
3.43329
-1.64818
-1.38487
0.0645532
-0.834085
7.86318
2.80907
-1.92346
-2.51911
-1.21463
-0.239383
-0.603091
-1.58528
-3.19414
-4.71145
-0.791217
-0.796746
0.106508
1.93927
-0.847283
1.6046
-0.864726
1.53819
1.59055
3.15497
1.6789
-0.918093
-1.81461
-3.55454
-0.761702
-1.5028
-0.890963
3.73285
1.28995
-1.44301
-1.71722
-0.911051
-0.983352
4.68458
-1.09792
1.31172
-0.806331
-0.885441
5.39307
-0.8062
-1.07312
-0.862477
-1.01641
0.132538
-1.29501
-1.23958
-0.948138
-2.5906
1.88367
0.567783
-0.384097
0.179486
-1.45704
-0.773094
-1.06653
0.711066
0.257932
-0.232135
0.764631
0.26273
-0.38101
-1.67613
-2.17715
-2.33125
-1.64164
5.10892
5.27606
-3.60953
-3.58215
-1.35057
1.86305
-1.78695
-3.01751
1.77006
-0.866824
1.76725
1.82842
-2.38367
0.142399
-0.357658
-0.974245
4.81662
-0.963252
-1.01771
-1.1119
0.390667
-0.951821
-1.38954
-1.07131
3.83986
-1.4544
-1.26739
-4.28699
-2.5031
-0.581401
1.35707
-1.14016
-1.10799
-1.24995
-1.08165
6.81841
4.78213
-0.957938
-1.65871
-1.20151
-1.43577
-3.7222
3.35073
-1.39616
-3.50762
3.04184
-1.92119
7.47588
-0.749933
3.615
-1.94391
6.84434
3.27723
-0.76383
-1.34751
-2.47683
-1.3489
-0.887915
-1.15938
3.05922
-3.16975
5.30893
-1.1833
-1.96457
-0.74699
-1.30414
3.79072
-1.04435
-0.819637
-0.935432
-1.17623
-2.49062
6.12759
4.66565
-1.09297
-0.0867776
-2.17369
-0.859879
2.02965
6.66472
5.57972
-0.553508
-1.5963
-5.05136
-0.834178
-1.62004
7.98535
-0.851564
-0.721104
-1.11542
-1.34128
-2.26851
-2.42075
-0.858423
-1.4959
-2.38383
-4.44801
-0.193242
-0.968486
-0.860247
-1.28855
1.56684
-0.907816
-0.393419
-1.20911
-0.728074
2.20662
-0.750502
-0.883517
1.40137
-0.877585
2.87053
-1.26411
-1.04502
-1.6436
-1.86196
-1.02919
-8.28987
-1.04062
-1.38992
1.82042
-1.38223
8.00738
-2.82586
-1.1256
-5.82184
-0.161821
-1.50093
-0.748165
-1.7257
3.94298
-2.496
0.579617
-4.25573
3.4711
3.25967
-1.88556
-1.49226
7.8948
-1.24867
-2.05127
-0.705076
1.49131
-1.21561
4.24988
0.870734
-0.980818
-1.01236
-1.31529
-0.748001
-2.60626
0.42405
-2.81344
1.91348
-1.03846
4.32074
3.28779
-2.0281
-1.70333
-1.26117
-1.3042
-1.47768
6.56832
-4.14829
-2.38968
-1.36325
-1.89133
-0.382165
5.91631
1.08413
-1.88573
-1.88184
5.2329
-1.40919
-1.52346
6.56531
-0.974592
-1.15236
-1.23301
-2.59702
-2.41319
-2.92435
0.574612
0.691083
8.60822
-2.37929
-1.12324
0.651002
-1.10666
-2.41967
-1.53819
-2.45936
3.26041
-1.94197
0.91776
0.765578
-1.61349
-2.91866
-1.79473
-1.01356
-1.31072
6.61165
-2.71161
-1.74279
0.0903774
-4.90219
-1.41463
-1.45044
-1.19687
-0.946276
-4.21584
-1.368
-1.28847
1.48521
-2.70339
-4.96984
-1.40011
-2.4214
1.95518
-0.990421
0.235635
-2.10395
2.99249
-1.51306
-1.16148
-1.16343
-0.108955
-2.50964
-1.19633
-4.21763
-0.051536
-1.10019
-1.14321
-1.87623
-1.27833
1.586
0.613368
1.6838
1.89341
1.79418
1.91514
2.04635
2.18407
-1.31469
2.34754
-1.65974
1.56054
-0.361595
-1.04045
0.464845
-0.933721
0.896537
1.29897
0.950343
-0.853875
1.01329
6.15216
2.65786
-1.1299
-6.47816
-0.0278128
0.0912425
0.158179
-2.91561
-1.77525
1.54608
1.41281
-1.66309
-0.609749
-2.79422
-1.45014
1.17013
-0.613368
1.67474
-2.03855
-5.08501
1.2587
0.571739
-1.37378
1.34871
-0.504173
-0.149128
1.74595
7.62624
1.28683
4.29651
1.2279
4.77176
3.08273
-0.169726
8.27184
7.49074
1.54381
-1.1759
5.71898
-0.375021
-0.918289
-4.14386
-1.20047
-1.3324
-2.82227
-0.533229
0.631972
-3.17865
0.853157
0.0344475
2.04186
0.341652
-0.822339
-1.21094
0.733352
5.0777
-2.48208
1.12242
4.64
-5.82003
0.94049
5.17788
4.54628
-2.32326
0.659693
4.59579
7.71156
-0.0705605
-5.22643
-2.2893
-1.64314
2.96293
3.44016
-1.07909
-1.46506
-5.05693
-4.06442
-1.06179
1.19919
8.3603
1.57082
1.374
1.52875
1.63373
1.58944
1.51605
1.69547
-0.204158
1.58037
1.28908
1.63154
1.55154
1.47781
1.25427
1.25435
1.27256
1.09582
1.05433
1.02951
1.00221
0.859004
0.72862
0.691698
0.635679
0.458824
0.535292
0.478221
0.277675
0.151021
0.0841624
1.25299
1.09979
-0.664454
-0.222827
0.603833
0.721032
-1.89589
-1.80115
-0.666041
1.77577
-0.317653
0.509565
-0.288347
7.5765
-0.326719
1.71756
0.171209
-1.43811
0.0793281
-0.520418
3.8492
0.890046
0.119131
-0.37553
-0.255657
1.23963
-1.06458
0.0598705
-2.29287
0.260059
-5.70385
-0.643274
4.32175
2.1463
-0.39334
-3.18169
0.763559
3.67003
-5.08699
7.97582
-5.45933
-1.04333
4.6822
-2.0511
0.838426
-4.97138
-2.19581
4.06282
-0.473977
0.357195
7.60376
-0.58002
0.850704
-0.78237
-3.59356
-2.22314
0.452872
-1.70872
-1.19641
-0.0291844
6.53403
5.40954
-6.0021
3.08531
0.371958
-1.55476
-0.823609
-5.15962
2.87317
-0.232483
-0.562864
0.909889
-0.765163
-1.42496
2.83057
-4.16041
7.66674
4.04985
-2.10593
-1.75205
-0.2954
0.241408
-0.650781
3.31407
1.39012
2.64654
3.09102
-1.3779
-2.76222
-1.94885
-2.39284
2.2887
-2.91998
-2.11074
-0.775663
-1.14119
3.43227
1.18705
7.71288
-1.87063
-0.77753
-1.29884
-0.707598
-1.49237
-0.0701815
-1.13604
-0.810245
7.48871
-3.71347
4.99083
4.96793
-1.3817
-0.744886
-2.31679
2.48354
-3.96831
1.56028
7.79926
-1.25734
-2.40387
5.59633
4.9736
-3.8558
6.97456
-1.91627
-1.3885
-3.33674
-0.453534
3.05021
0.0538707
4.08763
0.456751
1.02137
2.00952
-2.32844
-6.07673
-1.53575
-2.62141
1.02304
1.60133
6.45453
-1.14546
2.47901
0.965416
-0.658705
-0.729733
-2.20876
0.901498
-3.91989
1.51471
1.44375
-1.76648
1.82734
-0.929768
7.92563
1.86178
3.79165
-1.18499
3.69483
-1.79673
-4.28752
4.8447
5.71832
-1.4983
1.03155
-2.46375
-0.729332
-1.64963
3.04887
2.24691
1.35014
6.66195
0.609023
5.07591
-1.91457
-2.17469
-0.933719
3.99656
-1.95186
-3.5812
0.240088
6.47118
-1.99987
3.49139
8.0516
4.92299
2.62434
0.527979
-4.10928
-0.669408
2.84929
4.57818
-1.44038
6.43939
-0.406958
-1.45485
-0.160481
0.551364
-4.61152
2.14371
-2.68303
-1.23095
-0.768782
8.21629
3.11806
2.63711
0.086438
0.2894
1.2839
-2.0971
0.11355
3.8658
-0.462226
2.12332
-2.31768
-0.469759
5.6789
-2.55744
5.00576
-0.60897
3.90708
2.86897
1.82841
-2.8025
3.2774
4.47739
1.45885
4.56107
0.0531718
4.58353
-1.4222
-0.451707
4.21669
8.00911
-0.512081
-0.739059
4.47119
-1.38952
0.447398
1.62008
4.50776
-1.47058
-2.22145
-2.65351
4.5097
-0.868898
8.95827
-7.06621
-4.1474
10.9699
-1.56367
0.554814
-1.2067
5.05976
-1.10615
6.90327
-4.06532
-2.23512
6.24062
8.72279
8.993
0.236776
-0.806943
-3.97502
0.476928
3.35556
-1.77682
3.13405
-5.16535
3.85323
0.854452
0.494257
0.72779
3.16356
-2.77647
-2.20752
-2.81066
-1.25589
1.88659
5.72863
7.90877
-1.3882
-1.74977
-5.26624
-1.01465
-1.09517
2.9577
-1.064
-3.09954
1.24535
-0.522425
-4.46246
1.74051
-0.165991
7.04509
-0.0285655
-1.18981
-0.766327
-2.11006
9.6487
3.372
2.45685
-2.22367
8.42925
-4.88094
-3.72671
-0.82211
5.93067
-2.5583
3.04419
-0.457127
5.66842
-1.73727
-0.792661
-2.89096
-1.2532
1.5654
6.13546
2.56927
-1.28056
-0.43892
2.52037
0.0365374
5.83973
-2.34914
-1.23645
5.57366
0.129135
1.02558
-0.971169
0.414208
3.19382
1.68485
1.16606
-1.58557
1.57778
0.701722
-2.61687
1.97619
2.45737
0.879241
-1.73524
2.4057
-1.25699
3.80009
1.82566
0.976159
0.388771
3.44202
2.47601
1.80028
-4.91762
-1.34886
-4.78632
0.740918
8.56717
0.623118
0.683976
1.01329
2.66384
-0.653065
-2.41876
2.84047
-1.51494
0.751773
0.826475
-0.458215
-0.237806
-4.0286
6.85996
1.07547
-0.468115
0.466978
0.898042
8.68512
0.00897774
-0.843208
-3.9896
-6.10441
1.48952
3.08992
-3.24928
-3.83889
0.862359
1.90045
-3.02646
-2.16817
-0.949797
1.07735
-0.528203
-1.70903
3.12285
0.0571903
2.44127
-4.08199
-0.545033
0.108911
0.143173
0.60088
0.535799
-1.70089
3.01645
-2.68178
1.21396
-6.66484
-0.386655
2.72897
-0.627465
-1.61058
1.67687
2.03675
2.33258
7.25618
3.13489
-0.755526
-5.17089
1.52174
-0.616278
3.21109
1.25276
0.401075
-2.20943
-0.531544
0.341679
0.931073
0.915883
-0.0451725
1.11214
0.805427
0.687504
7.66608
4.15389
-4.15657
-0.450965
-3.58725
-3.99192
-0.126218
-4.44442
5.58225
2.51172
1.82606
2.50624
7.41041
-0.829124
-0.894698
5.01875
1.39885
-1.25316
1.20498
2.66667
0.868103
-1.12274
-1.38863
-1.08149
4.74262
0.520836
1.76547
2.62068
2.42181
4.2415
0.461201
5.19805
-3.3867
4.42765
7.64953
0.102444
1.90455
-2.27684
0.0487627
-1.78528
0.075439
-2.06562
-4.0158
-0.00345636
7.28978
-5.67623
-0.544776
0.306682
-5.13398
8.01375
-0.744909
7.33861
-1.39485
1.15055
-5.34438
0.965172
-1.20568
1.58995
1.51145
1.34117
1.48215
1.55957
1.68808
1.62905
1.49478
1.32855
1.15492
1.07472
0.977749
0.757799
0.586732
0.657538
0.319491
1.1615
0.532766
0.642286
1.67062
0.963424
0.574576
-0.212871
1.66065
0.132344
-0.321559
1.71949
-0.911157
0.451912
3.81309
-0.0145731
0.121392
1.45278
-5.06865
6.16069
-0.194754
1.34636
-0.439124
5.61788
5.87789
-0.396527
2.37615
5.80165
-1.38229
8.11597
6.58481
-0.0265699
-1.99315
2.59519
-2.67834
-2.73087
-0.410066
7.62366
-0.269523
-4.36453
-0.755192
-0.46392
2.39675
4.0704
-0.0809588
1.02994
-5.80778
-2.58798
-1.18293
5.62545
2.80647
-5.01498
0.315176
2.70453
0.918846
-5.41998
-1.47818
-0.654875
0.522813
2.46561
-5.13575
-1.65759
-5.41186
-4.99816
1.65915
-5.0437
7.67506
8.11046
-0.770187
2.74859
4.17546
-2.16932
7.61069
4.88687
0.684055
1.22756
1.32689
3.98584
6.48264
0.145835
7.184
0.353476
-2.2423
1.12772
6.56432
0.910148
3.58238
3.34155
-0.998401
-0.699906
-0.498013
-4.94697
3.50606
1.1841
1.6772
-2.85705
3.69438
7.36543
0.465661
0.508138
3.84048
-0.96352
3.98573
2.57101
-0.952883
-0.671729
-0.0564218
1.90646
8.12645
-2.23045
1.12326
-5.84789
-1.45255
-0.112572
-1.1129
0.295926
0.616878
5.8101
7.71678
8.26589
-3.06211
-1.23914
6.16279
4.44043
-4.99844
-1.35102
0.402645
-1.00382
2.75618
1.31966
0.133433
-1.09435
0.783315
2.57922
1.35732
6.51402
1.44933
3.08945
2.23531
-1.35696
5.08407
-3.44727
0.0311029
-4.83806
-0.880714
-8.06455
3.38162
7.05842
-4.04058
7.80901
4.41533
-5.41531
1.50783
2.25343
1.31123
5.33988
5.9256
4.49621
-4.15717
2.49804
2.95296
-3.16136
1.75972
1.23781
1.33182
6.08308
0.679627
2.51446
-0.797365
0.25347
0.43735
-0.936518
-3.58331
4.25722
-3.90731
-5.03691
2.74524
-3.53246
-2.48703
-5.0672
-5.31531
1.87285
0.843602
-4.92097
7.28888
2.08933
-5.60195
1.39427
-2.82203
7.87041
5.64006
-2.30697
-0.661689
-6.34126
-3.99096
0.695245
0.886329
0.894159
0.513312
1.3074
-0.287563
8.33009
5.41291
0.0337206
1.20664
1.93597
-0.966379
1.89705
1.32439
-4.74697
2.70993
-0.15644
-1.25254
-5.06641
1.36477
-0.358105
4.1757
8.00319
-2.06937
-1.08153
2.10288
0.754023
1.46834
5.06292
1.66309
5.46024
1.70419
-3.27542
-2.59862
-2.0335
-3.2278
-3.80461
-0.260532
-1.84622
5.40341
0.795064
-4.15497
1.40305
-1.4706
-2.20961
0.116552
0.366741
-0.292769
0.574499
-1.61735
1.54217
-0.862574
-4.19799
-3.56655
5.27014
6.63441
-1.0061
5.72768
0.940155
1.1304
-0.0837933
-2.95312
6.35085
7.21322
6.88002
5.94311
-2.81002
-2.24028
2.05652
1.98669
-1.28124
2.17059
-3.41728
-5.10146
-4.3907
-0.651162
3.62497
3.21058
-3.96668
4.07012
4.25375
4.135
6.08764
2.58464
3.48717
3.0273
2.77848
7.05396
4.6543
3.09704
2.44687
1.7383
6.70768
4.52928
3.81908
5.40989
0.234792
-0.211973
-4.49313
8.05303
-4.37992
5.15823
3.15116
-0.922643
8.14319
0.345786
-1.8545
8.27415
0.795496
1.80922
-0.937419
0.57527
0.000703811
-1.08787
6.22125
1.29765
-1.1819
-0.999598
6.13761
8.38969
-5.03482
8.80134
-5.33859
-0.358468
0.434463
-1.74596
2.83872
1.05895
0.871226
4.4336
7.35779
0.615435
-1.75882
-0.663496
1.66177
-4.75484
2.26326
-2.88344
0.841571
1.27601
7.38187
-1.08898
1.55526
7.68843
0.606797
2.17546
0.478276
-0.0193853
0.937277
3.82119
2.86152
1.43953
0.758022
0.792613
0.571138
-2.92588
-0.594984
2.70849
0.390638
5.16416
0.166937
-0.253582
8.33442
-0.806168
-5.23544
1.99786
-1.01988
-0.79161
4.36045
-1.10954
-0.749196
3.03662
-0.646036
-3.31903
-3.08857
-3.94031
1.96245
-5.53407
1.74156
-5.24051
0.0223217
1.05485
1.44827
3.05608
0.4644
-6.3149
0.628445
0.195384
0.322256
-2.53178
2.11172
1.16395
1.88303
2.31372
-0.722471
-2.22054
-1.12605
1.37563
10.0414
-4.02107
0.885045
0.815295
-2.13479
1.44331
1.42334
9.37539
1.44172
1.00343
7.73472
-0.723376
-5.27455
6.28559
5.97821
-1.0282
2.35647
1.78603
-2.77366
1.06654
1.23432
2.93467
7.31076
3.96661
-0.776874
3.49969
-5.2261
-0.176704
-5.10282
0.689972
-0.980311
3.56659
5.01987
-1.04669
-2.32333
-1.84418
4.04801
0.250477
-2.68217
1.57403
-0.848495
-3.69327
-1.28484
0.943761
-1.2541
1.19475
2.14692
-1.21312
-3.15931
4.23153
3.18747
3.98472
0.437113
-0.911671
2.24845
-0.835762
1.39743
0.871922
0.870499
0.0283735
0.0389459
1.84971
-0.179575
3.02948
2.10518
2.8924
8.59183
-6.72428
9.18233
1.20836
0.288156
1.93516
-2.09648
0.945434
-0.516977
1.09601
1.19794
7.18543
-0.273867
9.12642
2.9956
-2.5509
-3.57995
-5.5491
2.91271
-4.75157
-2.10418
-0.841821
-0.897293
4.0859
8.44608
-1.40644
0.122134
0.26738
3.14723
0.473513
9.6883
2.2379
-1.78689
-2.68153
0.605865
1.1186
0.458537
-0.107997
-2.62071
0.363155
3.97672
1.20437
2.77667
-0.322399
-0.750194
-0.853028
0.806765
-2.34097
1.55459
2.53891
0.189195
-0.439978
-5.81694
-2.46307
3.78909
6.76168
5.05845
0.690649
-0.738881
-1.75778
-0.573056
4.73806
6.16014
0.792274
4.48691
-1.43304
-5.01641
-0.666247
7.63284
2.96689
-0.296199
-4.85366
5.1623
-0.826123
-4.97884
-1.74948
0.496495
-2.01199
-5.0158
7.1839
3.50212
0.285147
-0.644446
5.17474
-0.969779
-1.31766
4.20186
-1.22745
-4.61932
-4.70773
3.05749
4.28301
2.92458
4.9422
7.11719
2.07842
1.66786
9.35539
-1.11896
8.71428
2.97243
-4.95271
-4.82658
-1.75075
-0.435696
1.88305
-5.07283
-0.421688
-0.986488
3.10765
4.96976
-5.12355
1.27549
-4.95561
1.91258
7.08405
1.09421
1.29402
0.295884
-5.39019
0.476573
1.61963
-0.55201
3.30787
1.32179
1.04017
2.09869
-3.1337
-1.64304
-0.563197
-1.39961
-1.28083
1.63817
1.32557
-5.04403
-0.316217
-5.32443
8.89032
-3.18564
-2.25806
-1.21261
1.15075
0.250439
-0.0412861
-5.39869
8.27593
7.99606
-5.14995
1.38826
-1.02962
-2.03632
3.67916
5.3833
3.97125
0.207612
-0.2488
-3.53085
-2.01494
0.0306033
7.64565
4.29104
-5.35418
-0.891516
3.96992
-5.25096
-6.89632
-0.54649
-6.37164
-0.712093
-1.08422
1.53905
1.53267
-7.06094
-2.41215
-4.51295
-4.99855
-0.717475
-4.97913
8.57827
5.64442
1.35134
0.66378
-3.90277
-2.76271
-3.82854
-1.75985
3.99584
0.475144
-0.222253
1.55466
5.05554
-5.55017
2.23246
1.11333
-4.95254
2.40977
7.49517
0.449866
0.513659
1.45385
5.05652
-1.0079
-0.088329
1.34233
1.41254
5.57486
7.37693
1.72365
1.40571
2.96503
-0.990267
6.32384
0.0920913
-3.73452
-1.60515
-4.02263
5.53372
-2.52432
2.99083
6.08503
0.870022
0.902914
-4.70582
-1.17386
1.06976
-0.719328
-2.10488
1.80442
-5.67233
-0.321543
-3.22632
-3.48971
-1.11909
-0.855528
3.25391
6.77691
-5.80068
-3.77206
0.30109
-2.41149
-0.231874
-5.38592
2.63792
3.43397
-0.970554
3.19567
2.90495
-0.1922
1.49519
3.20433
-1.93907
-0.93107
3.20986
5.22543
-1.02327
-0.880342
-0.573503
-5.20288
-5.46585
1.59848
8.59333
-0.559289
3.03972
0.0279706
2.76074
2.85299
-5.17572
1.7417
5.32686
-0.946928
1.31456
-0.744673
1.47727
-0.86127
1.58176
-0.905988
-0.744152
-2.2136
-0.26444
-1.63078
-2.53158
-2.00948
-2.65518
-3.58177
0.759168
0.39136
-3.00624
-3.33171
1.0254
0.784451
0.330727
-4.08115
-0.126623
1.44406
-2.07436
6.22329
5.66345
-0.0563796
-1.65123
1.8119
5.79781
-1.05929
-1.38498
-4.44863
-2.91303
-3.98757
-0.70743
1.35161
-0.584272
-0.965849
-4.05283
7.44561
5.23769
6.65467
6.0435
1.99616
6.45354
2.38068
-3.59797
6.84441
2.07347
3.89313
6.85596
2.85252
4.45717
3.11347
3.42077
4.07979
5.43659
3.52496
1.67936
2.71988
3.03672
4.15663
4.56115
2.48477
3.76037
-4.54109
-0.193299
-0.757067
0.758365
3.21655
0.0573209
-0.262661
-1.95846
-5.70296
2.29525
-0.640817
1.36881
-3.81304
5.90765
-4.93453
0.906113
2.4341
0.723334
1.07643
0.718487
-4.88034
-1.91723
1.55103
-1.88265
1.48665
-0.123162
-0.9492
-1.0876
3.22842
-3.1818
0.541104
-1.68557
6.39627
1.65435
0.692148
-4.71214
0.0660268
-4.87347
0.281832
1.72902
-1.81261
-1.05524
-1.07093
1.0568
2.54502
3.59626
-1.5274
1.94993
0.522654
1.30955
1.57262
-1.05323
4.81119
-1.30085
0.582992
-3.39725
0.303143
1.94967
2.43286
1.38
5.01757
-4.9651
3.83147
1.39989
1.48096
1.4428
1.09166
7.32791
-1.08375
7.02559
-3.89127
3.05612
0.580697
1.34308
7.42335
1.43173
2.5775
0.519516
1.74116
-4.59245
5.59369
1.31817
5.2083
6.47485
-0.495264
-5.12941
1.21079
-2.25389
2.27284
1.32203
3.39981
-2.32141
-2.8746
3.1631
3.63391
-4.642
1.80481
-3.61559
5.49602
-2.1459
-1.66075
-0.191334
0.333304
0.75042
1.23245
7.69393
-2.65916
-0.985088
1.68039
-5.28553
1.79049
-3.52268
0.686037
1.69853
-0.552111
0.72881
-3.38513
0.538313
-1.82202
-5.96707
0.870856
0.77724
1.85589
-0.727088
1.98585
1.25831
2.35911
4.21302
1.52385
0.361657
-2.22943
4.1894
2.71626
0.809166
2.12941
7.05155
4.28178
1.7943
-1.42272
0.342187
8.46464
-5.1082
0.809025
-0.36969
2.13753
6.31746
5.52039
-0.821412
-0.601627
-5.99404
2.85049
-4.96423
-2.64157
-0.140461
1.41366
-5.38681
0.637364
1.98102
1.28174
-3.88441
0.498833
-0.50591
1.99852
-4.45276
-1.32474
1.47042
0.379364
-5.72576
-4.94736
2.69063
1.70177
7.61382
1.1454
0.853899
0.811803
6.45838
7.3739
-4.8151
0.565802
6.06265
0.982806
4.37242
-1.02856
2.66966
7.74566
-1.05646
1.33605
0.799084
-6.01474
0.991152
2.25435
-4.0179
6.72922
1.04498
1.78869
3.45454
0.836367
1.81851
-4.29694
4.50647
7.48201
7.56259
-0.673343
6.26776
-4.93661
2.02253
-0.573563
7.49555
7.68783
0.751476
7.27143
3.11608
3.47294
2.25062
1.63788
-2.16014
6.18162
6.18195
-2.09159
7.72759
)
;

boundaryField
{
    frontAndBack
    {
        type            empty;
    }
    bottom
    {
        type            zeroGradient;
    }
    inlet
    {
        type            zeroGradient;
    }
    top
    {
        type            zeroGradient;
    }
    outlet
    {
        type            fixedValue;
        value           uniform 0;
    }
    car
    {
        type            zeroGradient;
    }
}


// ************************************************************************* //
