/*--------------------------------*- C++ -*----------------------------------*\
  =========                 |
  \\      /  F ield         | OpenFOAM: The Open Source CFD Toolbox
   \\    /   O peration     | Website:  https://openfoam.org
    \\  /    A nd           | Version:  7
     \\/     M anipulation  |
\*---------------------------------------------------------------------------*/
FoamFile
{
    version     2.0;
    format      ascii;
    class       surfaceScalarField;
    location    "7";
    object      phi;
}
// * * * * * * * * * * * * * * * * * * * * * * * * * * * * * * * * * * * * * //

dimensions      [0 3 -1 0 0 0 0];

internalField   nonuniform List<scalar> 
11265
(
153.802
-521.214
367.412
-743.589
-4.24237
747.832
416.976
-375.251
-41.7246
635.925
276.109
-912.033
1511.19
-1069.47
-441.727
1216.3
-1527.14
310.841
-52.3936
475.813
-423.419
168.657
-843.024
674.367
962.162
-1610.86
648.694
-1757.32
1663.6
93.7271
-542.946
1759.24
-1139.77
1933.67
-793.904
609.313
181.147
-790.459
-24.4514
-1309.7
1334.15
219.259
-1976.58
1024.7
-380.635
-644.069
-188.434
342.236
486.942
190.69
-677.632
1156.22
-1312.29
156.067
-298.558
376.665
-78.1069
994.634
-1306.72
312.086
1221.47
798.864
-2020.34
71.5594
-1634.11
1562.55
-469.274
-1175.94
1645.21
478.39
182.095
-660.485
-197.706
-323.508
498.343
1012.85
1641.02
-1798.07
157.053
-86.8914
-1693.51
1780.4
-1558.15
648.91
909.237
-305.44
654.297
-348.857
-192.769
-134.821
327.59
1279.55
-1207.99
355.152
-1407.51
1052.35
-1754.35
1754.35
101.667
1525.27
-1626.94
-1076.01
-482.132
645.541
-697.935
-382.722
941.503
-558.781
1331.99
-1317.36
-14.6242
-1100.56
717.838
629.458
395.246
-371.77
-51.9091
423.679
-447.74
739.12
-291.381
-1618.53
1618.53
1253.6
-1437.91
184.307
-488.29
1709.76
1256.75
-315.245
1660.76
-1161.27
-499.492
89.5264
-388.085
2064.12
-1134.02
-930.104
1806.26
-165.241
457.819
156.23
-614.049
-449.446
965.768
-516.322
-1165.24
1266.91
-569.187
971.694
-402.507
403.317
752.904
661.876
-493.219
-438.124
597.947
-159.823
1190.74
-835.588
2308.18
-1080.65
-1227.53
1163.1
-2007.14
844.047
-1596.04
1571.59
440.796
-1580.56
-759.248
1250.9
-491.657
-673.831
368.391
1661.48
-699.323
-1106.93
-870.89
1977.82
685.848
-341.991
-343.858
689.453
567.295
-258.204
1511.8
122.049
-323.249
201.201
-284.994
763.384
-335.811
568.13
-232.319
-324.7
811.643
-318.265
-152.704
470.97
324.283
92.6927
1449.56
-454.93
-966.054
466.215
499.839
285.216
87.3092
-372.525
950.809
-341.497
-1702.46
646.96
1055.5
10.8161
-847.822
837.006
-283.343
598.912
-315.569
156.454
-1093.82
937.361
1051.95
-1067.49
15.5384
373.035
519.664
-892.699
-245.615
703.434
-1104.1
-481.928
1586.03
-678.728
951.691
-272.963
1359.45
-1446.34
-597.179
234.859
362.32
-470.186
-1011.59
1481.78
-540.506
-791.724
1332.23
576.736
-997.005
420.268
-267.064
-318.212
585.276
410.959
-288.911
-1032.16
582.71
955.368
-798.914
-110.3
944.128
-833.828
-213.699
423.059
-209.36
-630.96
-335.093
-386.743
963.48
1856.38
-1856.38
-474.441
-122.739
-958.12
1560.09
-601.966
474.029
-908.754
434.724
-924.591
355.404
-941.913
-1058.08
-1482.77
345.335
1137.44
-286.114
922.038
-296.476
603.016
-306.54
-1941.91
999.994
-1132.9
-349.876
546.357
-1504.48
1728.52
-1725.47
-3.05128
206.961
-581.19
374.229
-1457.03
978.05
478.984
293.397
209.386
-502.783
312.51
-648.321
245.88
-423.299
177.419
2017.13
-852.014
-1165.12
-536.624
164.854
618.624
831.725
-1450.35
-185.105
430.985
431.054
877.193
-1308.25
-910.529
396.076
514.453
-1043.71
1447.03
-1068.91
309.66
754.786
-100.489
509.727
-302.71
-207.017
991.65
-525.435
593.287
-1404.01
810.719
-1342.42
238.325
-550.048
266.705
-1193.33
907.212
1939.86
-999.025
-940.839
276.804
1579.58
-2091.62
893.072
1198.54
370.074
-30.5183
-339.555
-224.457
484.524
-260.067
-119.345
-371.892
491.237
-470.672
152.407
343.672
-130.17
604.199
405.528
389.052
-794.58
-2038.36
1112.53
925.836
461.354
-535.619
74.2653
224.224
-366.531
142.308
1009.87
1007.26
1777.37
-252.102
683.595
-448.736
797.453
-1390.25
592.795
320.49
365.359
1046.12
-1035.3
-500.226
-240.38
740.606
483.06
-140.214
-342.846
798.415
-617.268
555.686
-732.838
177.152
503.33
1157.43
-1239.96
699.452
1048.17
-1517.44
-3.13824
-1439.43
1442.57
324.535
825.778
-1150.31
623.767
269.984
-893.752
-2273.31
1146.76
1126.55
-1119.03
-1154.28
188.939
366.747
958.548
-634.013
879.572
-899.279
19.7066
-2099.38
992.451
-228.585
-191.399
419.984
-41.639
1770.16
-814.07
70.4806
-1026.04
-1065.57
-230.701
454.925
-633.203
158.762
-253.477
-450.722
704.199
1104.06
-1574.25
783.201
-1374.6
591.395
704.228
-428.119
1947.88
-1444.55
-378.289
-1376.06
71.0622
404.751
-520.285
516.043
1.26011
-555.333
554.073
571.612
-278.214
-607.669
281.785
325.885
776.148
-370.619
33.6957
336.378
1188.47
-1191.61
184.458
226.502
420.243
-673.72
620.187
-1006.93
-2026.69
2026.69
-250.399
-464.675
715.073
699.403
405.887
-1105.29
579.742
175.044
391.617
384.531
-2199.74
1328.85
-927.007
-678.359
1605.37
-494.597
-698.729
-282.497
570.759
-288.262
835.327
-201.109
-634.218
-420.386
627.347
372.727
-669.203
-334.116
-125.569
459.685
-1324.4
-473.677
625.401
-1120
-374.156
-1244.37
844.32
1463.86
302.092
-917.271
615.178
967.024
-337.567
1391.52
-798.235
447.928
-263.47
-330.787
-880.888
574.115
306.773
-335.101
-545.788
303.244
-422.588
-198.062
-156.441
354.502
-392.741
1092.14
435.789
-245.099
-398.804
1343.35
-165.269
-1178.08
-456.672
255.582
201.09
246.397
257.795
-504.192
9.02854
-741.867
592.062
-1728.98
1136.92
1480.53
-861.908
-1053.24
-403.793
-1057.96
573.08
484.883
1375.92
-397.869
929.614
-1411.54
-169.407
-191.764
361.17
-469.989
582.239
-1625.95
427.979
904.007
264.805
338.883
-603.688
568.076
1186.27
1105.01
-717.018
-387.992
411.672
-223.91
-187.762
-1419.47
444.601
739
-1183.6
1473.45
-543.839
-507.697
937.086
-429.389
426.141
1186.17
-1612.31
47.3405
-726.069
-142.716
427.932
202.3
-395.07
532.115
459.535
-604.931
48.2866
556.644
1024.55
-1307.68
283.133
659.256
-267.639
468.217
-1447.27
979.051
405.162
1685.48
-522.386
895.663
1044.2
-663.378
-1684.46
757.452
563.168
389.303
-952.471
452.973
78.7083
1749.86
-1828.57
1443.78
-379.491
-1064.29
1699.08
-1740.72
-368.509
-504.626
712.335
-207.709
-502.593
188.823
294.237
-373.237
-1226.02
214.432
-764.565
-639.441
-645.505
998.855
-353.35
-654.063
644.114
9.94851
655.122
-923.79
268.668
-719.601
357.037
362.564
-649.215
-704.798
363.12
341.679
-932.393
1400.61
-409.313
881.832
-472.519
-2205.3
5.55903
185.788
-540.044
354.256
138.894
1204.46
-63.7949
-569.408
162.385
-600.509
1487.27
-704.067
369.087
-464.916
95.8284
-566.768
566.768
1223.07
395.456
1777.79
-1229.3
588.958
640.345
850.744
-52.3286
1291.17
772.954
-539.807
1337.26
295.159
303.753
280.564
-785.19
210.439
-658.179
233.364
-447.408
214.044
-245.98
588.63
-342.65
121.303
-367.283
-592.179
-564.561
1156.74
-385.489
506.572
-121.083
-1192.16
2032.05
-839.886
1290.51
-331.96
-403.881
136.818
-1984.49
808.557
1525.89
-850.745
-675.147
1986.93
-877.412
-1109.52
713.371
577.137
-241.365
474.729
-686.982
1145.29
-458.307
-770.398
1201.45
551.465
924.709
-1724.72
800.013
-565.308
-44.2731
609.581
260.951
248.776
419.675
-97.4564
-322.219
896.984
-83.4506
-813.533
896.875
-550.873
-346.002
1576.23
-472.16
886.703
-1624.88
738.173
1068.49
879.396
751.118
-447.069
-304.049
-1059.08
-258.283
554.812
581.145
-1135.96
-480.317
470.131
10.1864
580.208
-349.531
-230.677
-980.341
571.028
596.681
883.851
-441.854
1096.98
1403.4
-771.041
-632.355
400.188
-926.544
526.356
-1009.37
378.41
541.707
-1049.4
411.999
-479.376
67.377
439.106
300.014
-518.071
-48.6965
-794.656
-876.607
1671.26
199.049
212.623
-228.746
417.685
-11.8572
-541.95
553.807
489.806
863.697
-1353.5
-510.792
312.73
985.98
-88.9966
836.664
-1065.14
228.481
392.215
846.813
-1386.62
-438.945
827.997
1975.88
-1282.44
-693.448
270.194
609.378
256.001
795.949
75.3468
-962.621
887.275
1673.75
-1089.09
-584.66
-137.79
1887.65
-1866.03
-160.66
483.768
-621.963
138.195
-1015.58
526.046
489.532
-1730.48
538.32
-955.983
845.682
392.384
205.563
579.598
-277.505
-425.529
712.87
254.155
60.4841
716.708
-777.192
-1147.99
-880.972
2028.96
-544.536
1092.06
-547.519
-449.284
-337.814
109.229
-1653.34
858.685
-869.099
-598.041
1467.14
-332.344
-295.481
627.824
365.387
-659.779
294.392
230.652
-601.271
292.675
213.046
-505.722
338.842
-621.339
633.367
-267.98
315.486
-468.191
678.07
433.655
-187.258
-395.643
-309.156
1215.12
-2.09118
-1213.03
1040.27
-420.082
560.994
410.7
-1782.39
869.832
912.558
494.212
540.74
-1034.95
-536.204
203.86
-262.28
1180.37
-918.086
-1590.91
1212.62
504.699
-1096.88
388.112
-19.0243
449.932
282.862
-732.794
374.483
-620.098
-28.8545
754.493
-725.639
-526.331
796.315
376.589
322.982
527.761
655.305
83.297
-420.281
336.984
1059.15
-645.365
-413.787
494.005
-1664.27
1170.27
-1140.47
1753.25
-612.779
1715.8
-1123.74
-335.44
617.224
-1188.3
1263.65
425.361
-794.886
1596.08
-801.194
-231.617
-225.055
-899.044
1468.94
1810.85
-611.525
-1199.33
-404.927
657.442
-1302.95
-124.78
-52.658
472.333
-678.913
-354.173
-1236.74
-226.433
457.084
904.036
-560.612
188.72
-1674.47
-71.1669
1745.64
-1056.37
511.831
571.13
-1179.91
608.78
901.142
909.711
630.849
620.056
681.767
255.319
-1138.39
451.41
-404.068
405.329
623.738
-515.933
253.326
-734.322
480.996
693.309
-372.819
-318.075
183.255
-575.945
225.236
350.708
-888.636
-736.24
1087.67
-2145.75
400.915
-685.909
-342.976
-724.512
830.727
572.669
-349.227
297.318
383.833
224.728
646.214
-870.941
540.253
605.036
-498.648
164.532
376.524
-626.923
-1059.16
-834.879
1894.04
-1790.96
156.845
1107.35
-1369.63
1167.04
-730.726
-436.314
-503.274
1350.09
-1495.57
627.869
867.699
-288.043
-210.904
498.947
1428.38
558.544
310.706
-436.275
-487.228
-562.87
1050.1
-415.436
601.224
1581.99
-1128.49
-453.509
-786.799
322.124
654.995
404.157
-1623.43
416.154
1207.27
-203.314
495.99
797.953
784.041
174.821
-665.41
490.589
210.564
212.495
-297.37
-109.582
406.952
452.285
47.8215
-500.107
-1635.97
582.723
-1604.79
1668.46
-63.6663
9.18332
-1613.97
1069.63
760.066
-310.134
-810.782
-198.589
-1134.58
-240.017
-312.363
686.846
-1812.26
-622.994
1204.14
206.885
758.883
-1328.79
-678.356
-465.231
625.531
-360.726
-1013.29
1350.75
-1932.79
582.043
645.764
1287.91
487.649
-3.12494
716.596
699.677
-1416.27
-641.619
341.305
300.315
442.031
-100.123
-341.908
157.002
268.639
171.585
-440.224
-575.883
1139.05
468.311
-601.4
-462.69
-401.995
864.685
-329.508
160.101
-461.096
172.185
-306.849
-708.729
550.531
-108.501
-567.811
967.998
580.456
-270.357
-310.099
457.111
-781.811
-643.09
427.249
-1129.42
-832.054
1177.39
-569.77
455.18
285.426
-460.972
118.981
1029.77
-317.077
594.341
-277.264
-509.045
1578.67
-692.585
244.721
378.553
-623.274
194.757
501.018
-9.38461
-491.634
-250.311
-210.785
1000.97
1108.97
564.784
-863.625
929.227
-65.6028
-457.147
169.104
-744.436
293.714
-595.902
351.977
341.332
817.766
-1237.71
419.942
778.422
-807.277
-948.997
-550.378
1499.37
-150.629
489.512
-507.187
204.477
1304.4
757.211
-582.39
1319.69
-694.287
488.12
-674.316
-415.058
-424.558
-378.815
803.373
503.876
-845.373
-453.179
64.0902
389.089
-327.889
572.391
731.007
-330.093
-249.905
-176.265
426.17
-490.858
151.546
339.312
1456.1
79.9327
-1536.03
-748.797
1345.48
-1144.75
-466.101
551.879
-173.325
1149.36
-370.94
1083.53
492.7
687.84
-407.276
-885.205
-522.302
-1328.49
-29.4396
984.828
-955.389
611.359
327.165
-938.523
-307.355
-229.269
-681.383
405.513
1621.18
-175.44
358.46
352.968
-711.429
-1839.79
-2106.67
1519.14
587.537
-2039.26
345.748
359.031
548.081
-907.111
-460.21
1021.2
-390.47
-682.834
1073.3
-2030.52
1391.21
639.314
610.126
-1000.6
39.6862
372.313
387.085
204.341
243.587
350.389
969.157
875.245
682.464
-327.83
-354.634
-296.27
624.652
-328.382
575.543
529.467
565.713
515.028
-1080.74
-796.276
-699.292
753.416
395.946
-422.879
717.271
-1193.43
1609.58
414.541
-1097.38
-310.653
523.699
-1388.11
877.078
511.033
-723.851
-359.487
-782.098
350.824
431.274
447
718.677
-1165.68
1066.05
-571.839
-389.924
644.042
-254.118
255.007
325.449
-469.226
-432.136
901.362
-242.81
556.566
-940.771
384.206
-462.505
600.599
-1681.25
423.707
671.407
-1095.11
519.112
83.9039
113.406
-2212.78
547.628
-92.4485
1443.72
1777.09
-217.554
-1559.54
-438.395
1789.15
-1986.85
1194.43
792.422
406.556
344.562
-34.028
864.755
-1283.66
719.103
-871.221
-823.497
794.057
314.541
44.5908
-359.132
230.593
186.054
-416.646
1548.15
-831.552
-1530.95
-325.433
443.014
-184.56
-258.455
396.21
367.174
228.649
396.882
-8.07608
1000.97
-992.892
408.252
261.906
-670.159
-734.011
1817.26
-1083.25
-343.156
739.366
-1214.41
-412.524
-916.797
484.661
582.432
-797.232
214.8
763.65
-382.353
-381.297
-425.019
-438.605
449.184
1081.96
1235.24
-664.113
802.793
-345.682
405.593
309.48
-258.379
-206.536
-215.09
620.252
408.132
-849.349
441.216
221.915
365.842
-587.757
-423.977
832.11
754.782
-1147.52
887.873
-70.1065
-491.415
270.313
775.804
-95.4942
1383.4
1890.5
-79.4192
335.001
-344.627
427.924
-1085.15
1077.08
636.901
376.59
387.06
51.4574
391.557
261.012
486.819
-369.172
-272.447
-564.508
-89.5548
-352.332
369.792
-17.4595
-258.629
-291.419
1011.14
-1540.73
529.594
-189.661
-185.59
-413.29
675.196
-1626.94
1591.08
-963.212
265.7
-680.758
584.308
1224.42
-1808.73
607.405
983.676
290.909
-1116.73
691.198
-314.175
-289.513
1372.17
-1440.83
821.615
619.214
409
-603.066
194.066
-341.052
459.798
-118.746
382.65
69.6358
1723.57
464.511
-253.946
557.614
-1704.79
1147.18
-91.1859
406.991
343.405
339.059
-448.512
-616.18
1064.69
420.779
-859.723
-641.438
903.191
570.263
-485.009
-234.592
-440.334
-409.015
-307.135
-827.444
1821.11
-1821.11
-105.628
-1588.7
1694.32
292.016
288.192
-917.408
-555.256
1472.66
-408.267
973.981
-592.099
-1043.87
694.545
377.349
-1071.89
481.547
-166.06
573.057
1220.35
-1793.41
-1048.33
2116.54
-1068.21
-373.224
-300.608
-504.762
826.886
-1747.88
1598.04
149.843
1747.88
-1601.33
-146.553
-248.522
528.006
-279.484
-537.277
1620.8
1560.41
-1972.93
1072.95
-322.097
-215.25
537.346
240.996
-551.649
-711.567
288.689
1340.62
635.267
576.587
486.461
-1063.05
283.373
404.467
875.497
500.113
-1375.61
529.804
-1017.03
1574.97
-563.829
-786.298
-381.418
-126.053
507.471
-489.909
1208.59
-741.151
334.823
368.611
347.237
254.272
-601.509
588.233
832.096
-603.615
260.567
668.66
-485.009
-354.527
-194.978
549.505
1168.59
-679.018
611.79
464.478
-1076.27
-1283.78
1283.78
-387.851
764.441
-288.865
-472.298
761.163
480.937
447.667
-928.604
386.685
-675.55
614.298
-868.284
253.986
-367.345
-496.952
1073.54
-662.766
-708.523
1371.29
-366.681
923.247
-1552.68
675.264
9.89298
-361.724
351.831
-522.576
681.338
261.953
326.677
174.016
307.53
-540.483
226.308
1869.11
-1964.6
260.891
-681.277
442.026
-819.229
377.202
-920.502
1417.07
-496.563
-429.823
-486.974
600.671
1124.21
-1724.88
-716.82
343.596
-459.518
1035.06
-772.59
1033.16
-381.616
-631.71
-487.753
698.192
541.468
-359.373
901.716
-294.073
-196.785
1599.02
-1816.57
-334.856
-605.915
-326.291
477.837
249.916
-610.642
-166.944
1057.78
-787.467
216.344
-300.163
-283.899
584.062
392.009
-869.507
477.498
-489.887
-441.612
-917.271
-332.365
531.478
-199.112
-434.932
-412.463
-309.27
-196.452
-373.425
627.697
-464.569
774.049
-1073.28
624.766
-1411.88
542.778
-27.5688
-1833.4
1860.97
569.859
-449.259
1206.16
-694.327
301.415
-301.415
669.464
-428.055
1045.74
-1637.84
-1158.73
-947.943
294.808
329.844
882.207
713.872
-489.294
-290.319
779.613
1655.72
-1683.29
-434.88
353.408
218.204
1135.32
-523.527
-943.331
1550.47
-607.138
446.804
-242.463
389.116
385.994
-775.11
524.029
473.115
-997.144
-332.249
667.072
-37.7783
1906.88
1592.09
993.01
-1697.08
727.34
-1177.33
449.987
-492.458
1367.95
838.202
-1341.48
-555.471
233.374
789.737
-400.434
554.486
-1186.09
631.604
-640.193
-1215.54
-695.636
1911.18
-197.065
523.77
-326.705
-123.354
271.756
-468.822
323.933
374.91
-698.843
-1479.52
757.07
722.453
884.131
-1434.51
827.118
-431.042
224.548
-367.264
-585.351
230.824
-649.406
-738.705
699.449
505.628
-1205.08
397.608
-204.709
-192.899
556.891
-959.398
-560.462
-446.923
740.637
-831.27
-1155.58
-1437.98
499.616
938.369
36.3329
-626.273
301.985
324.288
-1308.26
1043.98
264.283
-617.191
-456.087
-666.02
922.021
404.333
-208.291
-196.042
508.138
980.746
-1488.88
971.695
-564.202
167.251
396.951
-408.115
655.813
-394.922
-506.267
179.976
234.489
-1516.92
532.033
534.017
-733.224
210.649
162.484
-456.558
372.018
-813.63
1954.16
-1195.39
-758.768
425.577
-653.531
227.954
325.209
313.795
130.531
-444.325
-561.836
197.698
266.812
-691.695
1374.43
-682.735
424.089
459.457
-1183.31
269.377
1866.78
-1013.59
-853.189
785.223
-491.536
159.171
1402.41
-975.22
-427.185
336.602
-764.657
-616.482
1725.45
613.482
621.761
317.028
-2.4866
265.889
-1138.46
1725.72
-587.256
-1763.52
820.185
1753.67
-1685.12
-68.551
-651.909
247.84
585.035
-690.711
202.958
1402.81
-564.611
393.299
434.698
-1858.5
1420.1
505.403
-423.735
-81.668
210.876
-520.146
-304.385
-144.898
-354.597
698.002
-600.051
218.633
603.924
552.507
-1156.43
1113.7
-1947.39
833.691
155.786
303.899
-1698.49
1660.71
317.676
-724.952
-162.209
386.756
750.524
679.576
-1430.1
1073.06
-1075.15
527.326
-1099.16
-633.584
255.962
377.622
501.889
-276.653
-602.211
-1035.62
297.134
-709.596
-912.319
182.718
169.378
228.23
374.796
294.285
-669.081
-625.423
-833.87
-978.394
491.438
-1053.27
-266.721
467.811
534.066
643.323
-280.851
-123.03
-434.307
725.216
270.616
-1196.22
570.798
1305.38
-554.856
441.617
-1002.08
-389.352
127.161
378.242
1023.45
551.519
-1715.37
1609.75
1632.76
-562.967
-1069.79
1902.04
-1890.21
-11.8271
207.241
-551.868
-327.248
543.592
-763.242
-311.403
-340.506
1030.55
694.911
-1499.2
804.289
327.898
-26.1915
1625.21
-1079.01
399.988
-1241.11
454.811
-59.886
1515.98
1197.61
-470.269
-489.635
-74.5663
-232.602
736.002
-1951.54
-712.445
342.528
-532.723
190.195
191.746
-508.822
1139.9
671.537
-1811.44
-566.797
143.062
942.163
-1497.42
-210.496
678.951
-468.454
886.342
1113.66
-734.299
1347.78
603.507
-515.81
-87.6969
-347.997
1169.61
1042.95
-1982.12
939.174
-1168.24
545.241
1488.85
-585.658
-363.759
-134.889
-1238.93
574.814
1163.84
-108.34
946.03
775.381
-1721.41
-218.084
578.396
-1541.77
963.375
486.986
916.747
-1403.73
615.062
589.078
373.229
-1106.66
591.786
1103.41
1216.11
-452.413
-763.696
-1186.2
-1754.95
-7.98643
-1707.39
-185.847
-417.219
1605.35
-625.87
-979.48
-490.883
1121.73
-1315.69
637.42
678.274
-1360.2
1440.13
-1328.05
593.751
1520.56
-397.62
-534.587
170.828
-1483.47
237.724
176.382
190.112
413.394
452.024
384.65
-836.673
506.317
-939.129
901.06
-1444.9
-676.137
214.785
461.352
-1034.73
458.847
-466.993
860.292
695.353
35.7792
-498.978
172.273
-886.565
-1318.74
-717.665
351.738
365.927
407.136
-724.467
317.331
-481.739
-189.392
-709.887
716.714
1539.44
-593.411
810.887
737.261
1344.87
-844.758
-971.468
-570.303
-799.334
427.911
371.423
-1037.27
-645.38
306.455
338.925
-1433.7
-296.782
-792.474
399.736
392.737
-629.906
394.314
235.592
-658.514
263.592
412.796
488.566
390.01
442.099
479.902
384.782
597.263
-970.5
670.501
468.55
454.363
356.739
-811.102
1630.78
-1079.92
-550.856
-504.41
-282.505
-1025.75
455.362
348.011
409.667
594.77
-1004.44
-1378.84
752.968
-535.592
1144.37
343.858
-75.2195
412.22
-866.915
454.695
-1895.27
306.576
442.449
-727.637
285.188
-184.703
408.146
-223.443
-663.716
311.521
352.194
-676.875
322.241
371.163
393.279
613.203
-1021.47
753.896
660.616
-1414.51
438.787
625.905
340.552
393.402
-733.954
410.648
328.718
614.998
685.721
396.238
593.063
-1011.61
418.549
-1673.68
1193.17
480.512
1696.6
-539.173
622.143
-1147.66
525.516
-644.395
348.914
437.314
-936.268
498.954
750.869
-468.007
351.484
346.519
568.05
-902.906
650.451
-1253.67
603.216
370.484
735.149
-1225.06
769.956
509.419
-1279.37
477.748
402.871
-880.619
-501.611
-936.373
-305.905
629.837
352.698
542.465
-895.163
334.425
332.647
-502.176
1944.74
437.646
-847.986
410.34
-917.942
-806.781
-750.783
369.486
-1205.75
433.158
-1728.43
1601.33
127.101
1743.18
-1598.04
-145.14
-786.016
-596.511
268.554
327.957
-1753.67
1972.93
538.291
791.985
-1330.28
440.1
716.64
690.58
385.65
-1076.23
-65.3901
1617.15
-593.704
375.072
831.085
-651.688
327.838
323.851
-378.606
-298.503
553.51
-227.046
436.431
282.593
-669.557
386.964
267.585
-583.155
-284.881
442.502
-1034.19
591.685
538.037
1092.74
366.098
597.382
312.787
353.222
-666.009
1617.52
-922.612
1691.62
-1520.22
-171.407
-328.926
-824.974
415.959
857.633
-1068.13
-610.345
281.963
-1090.62
1628.66
-1582.19
-80.3506
1662.54
-341.791
-350.572
-370.42
535.829
599.488
-504.392
-31.2273
-550.096
510.582
-284.387
-226.194
1743.37
-1294.18
-628.013
301.268
326.745
403.321
357.283
734.861
-298.169
-399.045
-1743.18
1683.29
459.502
-1101.46
641.959
-44.0029
1653.75
571.531
476.483
-1048.01
104.706
1145.07
-1452.21
-16.3517
-1878.92
231.098
-601.649
308.295
293.353
-955.828
612.852
-899.62
469.797
-1129
673.994
455.005
362.317
258.589
-747.883
-333.241
1217.75
887.077
698.949
-1183.15
456.165
726.987
494.27
701.265
-1195.53
-384.334
-248.315
417.693
-961.658
438.445
523.213
21.2641
-1879.76
1079.92
-465.626
-487.705
557.899
-1378.36
820.465
-419.096
796.299
-405.414
496.565
-716.216
1717.19
418.199
-189.968
217.292
-175.328
-246.532
421.86
1895.31
-504.106
-1686.71
1051.99
-604.256
305.753
-1014.67
554.457
-313.778
544.244
905.428
-1449.67
-1104.23
438.213
-20.6386
-1943.96
1713.14
-670.199
-541.053
460.687
-1190.8
730.111
188.795
215.539
-283.077
767.497
701.445
839.145
819.233
-462.494
1085.41
-473.928
483.146
-197.007
-286.14
-1922.39
-714.644
-319.056
-644.41
-6.74548
651.155
471.81
-274.111
560.853
1056.67
-799.947
925.88
1244.57
-425.237
-184.752
-236.282
421.034
951.673
-888.625
-326.643
-1068.5
612.412
1553.41
-796.338
537.587
935.077
-386.121
734.806
-348.686
1130.68
-277.22
346.777
1349.88
-703.714
-222.829
448.291
-1198.86
750.571
-997.604
-113.251
1110.86
442.927
-956.626
513.699
156.242
732.684
483.425
744.855
-98.6408
854.319
-425.698
1182.84
-797.19
552.004
-1465.56
913.555
-1216.66
1800.97
-431.713
-1510.19
879.812
-1402.11
-292.577
-440.217
1457.34
-1521.71
785.473
1491.54
205.425
277.721
-343.782
-1728.43
-294.407
-1008.02
1568.88
-1761.28
1761.28
1560.41
-1004.58
-636.082
-326.027
368.487
605.494
-395.449
-352.748
-1389.93
897.468
1125.17
600.547
1202.97
1789.48
-1216.43
-607.144
274.803
1658.91
-1916.34
257.429
813.908
-1267.42
1545.28
-561.601
769.094
322.961
-330.569
554.551
795.537
666.419
1362.54
-234.209
-444.925
-340.773
498.836
-342.606
471.696
736.89
-284.167
-160.158
-318.659
563.614
-244.955
24.6843
-374.215
1107.5
-1720.28
-434.406
-477.029
-561.469
863.785
689.623
-1596.6
904.904
-451.607
-615.729
-513.344
1252.34
327.126
1723.63
-1702.37
-1655.72
1890.21
-1560.91
840.334
720.572
-364.376
-1794.21
917.606
582.828
819.985
-391.759
1794.22
-680.524
-431.24
687.244
416.681
-1103.93
-1098.46
444.08
753.53
-1617.2
473.178
901.252
181.43
-408.154
226.724
-1594.38
-382.199
-442.882
990.33
-668.129
1443.02
-969.553
1855.9
242.871
-552.53
501.507
-296.082
474.318
893.637
543.022
977.537
-462.703
-428.035
573.828
883.512
-1392.71
-40.9885
1568.15
-830.884
519.949
971.587
-1475.88
-1115.91
1771.29
-1244.36
-526.935
1206.22
-318.912
-887.306
-196.101
459.962
-263.861
-457.517
-251.286
436.678
-185.391
151.157
-399.472
1729.12
-1737.11
-446.981
-530.843
-903.666
450.047
-211.138
-238.909
636.638
-462.757
-387.95
-293.043
680.994
-936.227
390.44
-1167.47
676.59
424.3
-629.105
-445.867
1569.71
-855.838
530.181
-457.776
-571.685
-462.502
367.175
-357.025
-10.1495
-1095.64
401.311
-664.644
-1033.73
1698.38
-593.113
-1422.8
714.279
562.146
-1596.28
1034.14
-375.416
-486.422
136.695
545.072
-1258.59
745.241
539.216
1006.06
-2133.18
999.991
1133.19
-337.428
414.926
-389.834
-25.092
1478.1
-358.758
449.52
1201.46
582.047
906.802
568.498
527.31
-1095.81
171.161
-427.818
-1685.12
260.985
1127.6
-607.726
518.423
1013.84
-1532.27
1092.89
-1643.74
201.786
686.087
538.131
-864.774
-1086.59
-174.178
433.034
-258.856
-587.342
-415.311
-636.935
-630.531
347.453
-1618.37
940.01
-476.696
216.507
-406.476
539.044
-307.945
-599.208
1197.29
-1274.15
930.104
344.051
-1030.45
-343.192
-753.236
-821.335
1685.12
-476.814
1794.66
-1582.84
-211.829
-1556.66
1018.76
537.898
-721.943
-263.668
447.464
-183.796
-584.725
383.69
277.64
-661.33
-523.793
977.269
633.448
-351.485
-1620.3
1050.53
571.751
1103.57
-1675.32
-398.465
-297.504
-366.212
-741.417
-473.179
-331.143
505.159
1558.01
-995.862
-775.725
1497.47
662.859
-309.451
725.881
1152.37
-1878.26
263.346
287.246
-487.04
-1931.12
1719.12
211.995
741.265
-474.556
-266.708
531.818
1060.87
-1592.68
367.175
-1723.74
-233.208
1752.34
-1580.72
1073.8
506.917
-1723.3
-0.439942
-521.54
414.926
1698.49
-1719.12
939.882
624.222
-1564.1
388.383
-221.26
-167.123
-400.702
-257.811
71.3643
95.3848
-359.053
-434.426
-433.858
-410.957
226.253
1510.28
378.774
-200.375
-429.531
467.64
-200.827
306.33
1510.8
993.395
-162.33
-831.065
-1104.13
1704.8
-1728.73
1064.08
-707.045
-1021.68
-1265.09
1844.99
-579.898
1155.08
-1771.11
616.031
273.287
-878.38
1675.62
43.462
-1719.08
-491.157
-1083.09
-1729.12
-982.953
554.918
1019.65
590.205
1133.06
-1723.27
286.025
-459.35
706.498
-384.257
367.96
925.144
680.221
-371.217
-640.395
582.875
1072.59
-1655.47
-396.359
-373.02
769.379
388.135
-1660.71
1520.22
140.491
585.342
-1044.86
544.742
1083.92
-1555.72
994.116
-241.2
237.585
306.007
1902.04
396.589
-79.3002
995.867
722.754
-1718.62
-697.535
1085.38
-1557.54
170.574
-572.254
200.701
266.939
-653.498
-552.25
582.44
1034.71
-711.308
-245.12
-1368.82
676.655
692.162
-420.499
760.275
73.9573
-834.232
561.535
-137.139
1557.24
-222.162
259.753
-768.746
-1931.12
1664.64
1034.23
357.037
281.823
469.047
-930.278
-992.111
-1767.27
639.652
1693.78
512.113
-474.17
1211.06
1087.18
-424.976
1030.47
-979.71
495.505
484.205
699.992
1047.98
-1747.97
488.067
479.932
-1494.06
-747.907
30.8894
782.334
-412.848
-878.178
390.473
-538.39
-803.085
615.178
-576.98
1397.45
1055.14
197.111
235.923
-550.601
1618.54
-771.427
1525.32
-1727.84
575.235
1152.6
546.724
-884.291
-1732.62
1916.34
-183.72
1721.75
185.85
-543.039
371.228
-275.844
-481.335
1211.45
568.271
1128.33
-491.381
434.723
860.004
-464.758
-773.35
421.174
352.176
1418.59
1089.64
-518.146
1423.05
-510.694
-533.567
1044.26
-602.733
477.271
-1208
1691.62
1839.58
-687.208
1585.53
-645.651
-1241.63
717.839
-562.322
205.932
-397.331
459.683
-247.189
-520.953
-1246.71
1870.94
-624.226
1173.55
-551.407
1120.3
-1659.47
1689.65
-573.919
-544.443
-549.805
1720.07
-317.42
-688.018
-473.284
1223.85
-1681.17
-1860.1
613.387
307.672
-941.89
172.817
217.12
-1719.03
1204.16
514.867
1162.86
558.888
-511.015
-465.37
1192.36
176.886
231.26
588.443
1251.14
-539.172
-1238.59
1777.76
-1025.48
999.992
866.791
-204.144
-1658.91
1702.37
-510.04
1411.29
-1732.62
-353.993
9.59219
344.401
-269.623
586.626
-317.004
80.3845
493.73
782.887
-375.751
1257.53
1270.99
-413.356
853.735
-437.776
1817.42
-662.336
1586.49
-1723.63
-412.775
-740.657
324.235
416.422
-559.136
-563.195
79.7307
-1138.81
-985.622
-669.46
1655.08
-943.709
-1189.48
196.794
-412.044
-648.837
705.57
1167.45
649.962
1410.37
-590.389
1636.76
1318.2
-572.955
-497.095
201.013
-503.266
1396.9
1240.28
-563.621
-999.991
894.603
52.6452
-947.248
603.451
-506.109
1403.58
1495.1
-588.296
-371.8
371.8
-589.37
1623.51
1239.7
-486.171
1134.17
-72.1844
1852.58
-400.175
1489.5
-588.444
-507.671
1348.01
-653.713
1218.76
-565.049
1554.82
-591.443
746.952
569.175
-1316.13
-662.325
260.69
496.521
599.911
-1957.3
-977.133
1586.49
373.808
-373.808
-75.0657
390.697
436.421
334.295
48.3551
-329.156
905.234
-534.75
-425.347
816.044
-246.28
623.901
-434.551
1547.08
-444.34
-884.148
191.646
227.889
-419.535
601.166
1250.78
-1851.95
928.291
-458.494
-357.025
126.154
-1943.01
1816.85
-453.768
190.298
1181.38
-440.448
-740.934
-305.852
-572.326
-490.926
-389.834
-484.567
258.373
1158.63
-559.146
230.447
-387.391
156.944
-22.6592
-107.675
1376.06
-1268.38
34.544
-599.052
-586.358
-454.893
454.893
-1262.36
1985.12
-1344.41
-211.959
-1824.92
242.086
-1025.76
-974.242
-189.565
-1637
706.725
1229.32
-1924.95
372.92
310.264
-683.184
-1850.01
1234.27
615.737
-562.562
562.562
-959.291
-39.9672
-1866.03
-558.132
1650.87
-677.973
1636.18
-601.464
-173.677
-1705.24
-588.071
-458.835
-594.776
-468.68
468.68
-1537.81
194.524
1343.28
177.255
227.695
-404.95
494.669
498.726
997.962
-474.749
1751.3
768.198
-425.778
400.686
519.837
1702.05
-594.553
-552.956
1636.87
475.504
1812.71
-645.26
-1803.78
-1938.08
-646.899
-480.665
480.665
-569.053
228.28
-695.649
1020.2
-465.745
-1070.67
-281.582
1579.58
1852.31
1635.33
-1635.33
-294.073
738.159
1761.48
595.781
1275.16
177.106
211.277
575.417
597.465
1603.52
-1603.52
225.266
-351.547
-432.986
464.05
952.433
-456.928
-640.108
-1131.03
1706.27
282.875
-1651.44
607.578
-289.855
475.705
1744.64
-592.043
-217.366
-431.916
380.333
723.077
1738.57
-613.397
-511.756
-781.653
1960.53
-870.45
-1090.08
1642.81
-706.823
1223.98
-1824.94
600.962
332.696
-885.225
-186.11
-107.222
1098.82
-486.405
118.286
614.729
-1650.35
441.196
588.38
-1803.78
-583.269
1787.43
884.653
-1162.94
1760.49
-597.55
1783.84
-575.518
-1208.32
433.95
931.787
-1737.11
924.87
-1496.63
265.114
1231.52
-830.784
-1254.23
-382.866
76.7369
306.129
581.707
272.417
1023.66
-447.382
847.883
-400.501
821.541
737.388
-1558.93
643.539
1066.22
-24.3048
-663.912
688.217
-1744.26
722.582
695.978
150.584
-1122.72
1936.75
-674.544
-1262.21
-537.174
1665.51
826.85
962.46
-1789.31
1227.87
683.308
-400.826
712.347
845.716
1029.17
-586.247
1761.48
627.015
1773.56
-1185.63
-587.929
-409.751
-308.174
717.926
121.445
-1185.74
1660.56
-540.263
-1437.83
1437.83
1250.58
594.412
1351.62
206.386
-574.416
283.739
-196.43
699.045
1113.67
486.141
-309.255
-870.556
-574.344
1737.55
-1737.55
995.333
-995.333
987.329
1025.17
-2012.5
1837.94
-613.961
-581.102
822.416
-947.847
-1052.16
998.442
690.274
-1688.72
-518.071
-347.623
-652.974
-808.418
2042.69
-1246.43
-613.673
1002.97
974.848
1289.77
646.981
327.892
1012.69
241.36
335.505
1186.27
1756.87
-1756.87
672.145
80.017
-390.116
-997.051
-539.99
1674.16
988.56
1011.44
-1833.27
-226.108
-361.963
594.275
-333.291
1849.47
-1077.85
-771.616
349.482
-38.7762
-819.343
-1662.66
1662.66
913.009
1923.74
-648.58
578.123
-479.052
1708.01
-1228.95
729.725
1837.81
1146.59
-601.351
-576.027
1144.52
-814.016
-487.054
932.776
1106.51
399.128
420.105
369.156
1223.07
-1135.34
-584.942
-644.655
-1212.58
1857.24
-102.961
-263.702
336.291
-521.043
1250.31
991.623
782.529
-580.743
1878.05
-650.182
-381.428
659.068
1877.31
741.177
-555.033
376.92
-455.915
1449.75
-748.304
1172.23
588.258
-101.945
410.03
-308.085
-1244.37
903.847
410.178
1635.86
-710.72
1046.81
905.183
779.805
766.417
591.514
758.485
998.847
718.344
1835.8
-984.044
-851.756
539.089
-329.767
309.894
-309.894
-393.016
-677.119
292.862
833.394
377.072
357.734
1888.87
-659.547
1097.92
-1.84718
-775.345
1119.05
475.845
-1140.25
1140.25
1758.1
-670.919
739.761
452.596
-194.824
900.31
-643.983
1313.45
1200.57
889.232
1143.79
540.423
1096.45
-559.85
-84.5597
-1090.68
1115.7
635.992
-1669.73
1198.04
-139.827
557.492
-417.665
213.398
-608.689
1859.47
1075.15
-1075.15
997.197
604.575
-1601.77
633.107
651.706
619.284
1115.32
768.025
-667.007
1731.09
405.143
1061.24
129.5
1563.64
526.197
714.079
-1215.33
-717.466
-527
1914.11
-1387.11
1852.19
-601.614
1513.37
-1852.26
338.892
984.305
-984.305
1772.42
-682.778
52.5867
-499.656
404.801
-647.953
1352.96
-705.01
675.723
-617.594
67.2506
534.028
608.093
-1142.12
1485.84
-747.668
1026.26
-1026.26
428.037
-336.314
336.314
321.435
1148.55
-693.586
-896.968
1590.55
1233.4
1266.33
661.059
-1927.38
-1308.3
-708.453
1422.73
1308.3
-547.837
-962.637
796.984
165.653
1154.88
-1154.88
1174.12
533.889
1202.81
-1848.06
1206.33
-1061.33
1061.33
1024.98
1045.32
810.577
586.62
-1764.16
1177.54
1092.21
-1735.44
1053.62
-594.775
-499.532
1011.65
-699.414
585.935
1291.37
1686.37
-826.119
-860.256
1048.66
-1048.66
-195.057
373.897
-178.84
-775.217
362.369
-1827.03
624.34
1202.69
-769.21
-758.955
1528.17
-331.029
-313.207
644.235
1123.39
1655.28
-715.275
268.659
206.846
876.446
-876.446
859.997
1679.25
-1035.71
634.011
-1277.99
1260.84
-1909.42
1132.27
-1794.6
-276.064
-401.055
1921.9
1135.89
-1135.89
1236.19
-1850.15
602.913
-602.913
432.257
-255.34
-176.916
614.192
954.164
-466.098
768.284
1766.75
-849.145
476.683
-852.692
852.692
1238.68
-1079.02
1254.71
-1868.39
1267.24
-1891.46
1125.52
1546.74
-761.268
-370.5
893.968
-1871.62
977.657
-339.495
528.215
-860.646
860.646
181.381
-462.963
1176.25
-1777.97
1190.04
-725.052
-1025.63
1750.68
535.277
-642.184
-189.071
-327.871
516.942
434.657
342.368
538.729
-348.533
636.75
1289.48
-1926.23
845.108
-845.108
1125.85
-1772.75
58.6152
-420.339
1662.93
1205.13
612.65
-1817.78
381.604
-762.361
762.361
639.379
-1851.96
1243.5
1052.15
-618.202
-522.755
522.755
1222.26
619.81
-1842.07
1160.33
-1752.37
1123.23
-1762.85
639.626
567.233
-1377.44
810.21
1237.86
621.605
-1771.14
1173.59
488.17
627.888
1229.35
-692.738
-1368.12
1773.63
728.529
-728.529
1095.12
-1734.27
639.157
-830.811
393.035
-718.662
1717.1
247.423
300.728
204.431
540.186
1224.3
435.141
-852.7
-804.688
1657.39
-1166.72
-660.312
557.7
-1530.95
-632.198
1062.85
-687.778
667.293
-667.293
1011.23
-1011.23
-605.74
895.8
-720.755
1875.96
-642.569
-207.426
179.296
188.883
-368.179
610.806
1112.23
-1723.03
1813.99
-576.126
-719.338
1895.59
1079.44
-1772.18
522.442
-357.91
-528.347
528.347
174.925
195.681
-370.606
1835.97
220.88
146.59
-367.469
-292.354
607.344
-607.344
-1215.66
1767.92
-552.257
673.149
-407.26
448.049
-221.796
212.897
154.049
-366.946
1802.69
-1817.28
-1745.31
1131.91
532.252
-359.979
194.224
177.311
-371.535
-1685.22
659.738
630.925
-630.925
562.745
552.82
-339.422
-2087.45
-1193.44
-675.758
1878.56
1134.41
-1721.66
-1230.66
622.12
1707.23
-1091.2
-1170.38
195.214
177.282
-372.496
-586.433
586.433
37.4941
680.086
1092.96
-1773.05
1131.21
1077.4
-658.85
287.735
742.655
-742.655
-1450.61
571.413
879.192
1083.41
-1677.96
1810.55
-604.224
432.638
-715.797
-1640.7
1039.23
-598.601
1796.64
267.846
569.308
-569.308
1633.19
-897.089
438.596
-714.634
714.634
-1097.08
-850.315
-435.299
186.966
187.464
-374.429
653.375
-1301.33
-474.516
-1654.11
1069.17
526.89
564.441
146.875
219.37
-366.245
-1204.09
1805.05
-608.581
-1280.4
-778.752
1600.29
277.175
518.808
-281.85
628.009
-628.009
1792.31
1497.75
316.245
-624.066
624.066
684.691
-449.099
544.467
-373.639
-208.709
477.368
-515.275
207.33
690.259
-475.475
-721.61
340.183
-1659
1118.74
1091.09
806.982
-545.969
1451.86
-1557.4
965.955
1003.05
-1672.51
610.902
1106.23
-1717.13
-1587.01
1023.18
620.977
-620.977
1223.54
628.761
-1123.09
1079.31
-646.156
697.673
-434.081
-1486.31
898.01
1034.05
-1627.75
-1183.29
-580.867
1959.37
-1001.26
526.509
982.233
-1627.88
-167.971
-553.64
1603.54
-17.0485
-668.755
1209.6
-1885.35
551.713
-1681.14
1101.5
-534.633
311.844
222.789
554.505
-1183.61
1845.15
-1528.75
958.452
-271.919
-238.902
510.821
232.052
-456.808
-384.56
1450.78
-747.572
-823.212
1570.78
740.658
-1839.79
1099.13
-302.165
483.546
-1922.59
1949.38
-1949.38
-1799.72
807.608
1881.13
-649.519
185.692
-419.981
-536.645
-347.306
-880.64
392.392
-589.684
1961.86
852.92
-491.66
-361.26
-1664.6
839.525
-1847.55
1040.31
730.986
1836.09
-283.098
1669.25
1787.52
-586.952
-1627.69
545.687
1082.01
870.518
-1618.09
-605.966
-667.738
-131.695
646.484
-363.608
155.6
411.168
1023.2
432.22
-1455.42
1675.31
-543.402
-562.554
1633.88
-1706.06
915.003
-480.28
-1102.95
616.544
-26.488
-1418.03
1630.62
-524.387
-1435.35
861.002
608.791
-1679.32
1070.53
1671.41
-587.999
-1286.92
-689.764
1919.11
-1621.18
-14.1489
-368.953
-1799.18
604.445
-1180.47
-1468.07
879.628
-502.175
922.989
771.483
-1694.47
997.853
-1417.65
419.795
-64.3538
-247.392
-169.255
-1369.32
371.72
261.834
-936.15
529.331
-1516.04
746.833
-1585.52
789.181
-1115.23
2009.19
36.2181
-607.307
1772.83
942.279
151.587
-1819.48
1169.96
-625.592
433.145
-445.299
1072.31
-81.7613
-1094.87
1176.63
-478.41
1225.36
817.127
-1638.46
201.555
1196.71
760.867
-1532.29
159.719
1670.45
599.548
-1522.16
934.054
-1523.74
-555.135
224.106
-1399.49
913.314
449.167
-109.632
1198.4
-576.643
398.98
-711.235
1380.75
-669.518
-363.688
565.772
-347.139
-518.362
779.052
-1372.74
808.129
-476.551
-706.756
-368.454
-462.357
1853.06
-1066.73
-656.301
-631.412
1870.1
-1268.38
462.745
-1240.04
799.591
-941.44
859.679
-1302.86
743.721
-843.137
-254.239
-733.251
293.034
-487.559
1209.69
606.647
1026.54
-6.8591
598.645
-109.834
381.591
-223.558
454.818
954.194
1065.44
183.31
-1414.28
823.89
-749.131
-1129.19
388.252
-1338.35
765.399
-1580.19
749.301
1264.18
466.711
-230.788
-738.33
1307.5
-1082.91
-651.365
467.248
-336.005
12.7556
994.322
-1119.8
125.478
648.182
-719.885
224.491
-1744.29
-759.808
291.801
-242.618
1087.21
545.481
299.158
-844.639
-595.386
-796.841
338.006
-466.858
-23.8709
1443.68
944.564
251.728
285.612
-537.34
-686.105
1787.6
-75.0364
-429.243
684.562
187.435
355.853
283.8
-595.979
1676.9
1379.65
1828.97
369.148
1079.63
-1765.74
794.906
678.034
-1472.94
-1503.16
1095.01
-1061.52
1709.7
-651.688
314.874
-791.995
-560.258
-985.412
1545.67
-1036.72
219.309
-338.054
1068.06
-1524.87
698.495
-1499.69
-829.283
560.873
268.409
-582.459
539.449
736.527
1112.94
-1668.22
1668.22
-598.946
807.003
1147.16
928.811
-1527.76
-604.823
-950.262
-420.546
-476.543
-278.89
620.195
645.674
-1408.92
-1575.57
719.728
865.521
-1624.48
636.858
741.296
741.688
-1510.43
-485.164
1390.35
-745.502
-508.087
1253.59
-1252.47
688.847
933.545
-407.499
583.636
-1305.58
-1379.65
-1338.17
612.486
725.684
-575.639
631.184
-1274.27
-682.17
746.351
-418.459
807.844
527.976
684.744
414.209
-1159.71
322.92
477.678
-800.599
-425.35
-114.694
876.294
-1591.57
1663.4
-158.538
-1053.24
-626.073
366.789
292.279
1654.69
-556.768
1476.12
-578.114
501.741
645.614
-1509.83
864.214
-1230.7
665.653
-1217.22
-489.733
1120.92
1168.65
696.782
-1204.87
737.536
-1727.52
835.451
469.929
1011.08
-470.898
-164.923
-1052.45
-255.531
426.692
-473.579
672.178
-1569.15
-1181.37
517.988
1034.93
691.084
-1180.82
-601.951
-1631.45
-0.421309
371.65
410.478
-901.956
1526.18
335.892
793.692
-416.772
5.59178
1574.42
881.686
-342.035
325.491
16.5439
-470.32
1238.35
564.292
-1047.9
483.607
-335.892
-21.1329
536.264
-1068.79
532.523
1179.47
-413.051
347.186
-748.012
72.5731
940.633
436.988
-221.449
-500.277
-1074.94
-1192.01
640.598
-713.04
-1596.04
-658.308
799.073
607.071
871.602
-1478.67
1037.64
-1085.26
1660.55
-621.318
-480.42
-303.815
1140.82
-298.429
361.059
-379.162
18.1033
-734.54
-592.935
-1398.94
783.212
-976.004
-625.768
-46.5524
-14.126
-267.106
466.69
-1129.01
260.877
-280.708
19.8314
-1092.13
-589.003
-678.88
591.014
-1150.16
-193.775
358.815
-380.509
21.6939
422.255
385.589
-1097.44
-588.779
811.008
430.876
-494.753
917.321
628.553
-1545.87
892.512
219.759
865.471
-437.434
459.038
517.501
517.914
-1035.42
588.492
492.43
-1080.92
687.867
606.15
803.669
-1409.82
969.965
1107.51
-640.819
943.771
646.783
880.145
-39.2841
579.272
-1102.8
316.892
-340.682
23.7892
464.814
388.106
-367.018
335.713
31.3049
1112.48
515.224
-1014.76
-1625.54
864.272
1420.02
-759.405
-395.095
357.662
37.4329
1106.61
-705.301
204.291
-1073.1
1712.25
314.405
-355.11
40.7054
1477.83
-598.2
331.457
-375.511
44.0543
-628.27
264.661
-400.499
346.869
53.6293
333.122
-389.348
56.2261
327.87
-386.382
58.5114
379.556
-439.067
59.5116
-449.999
400.858
49.1408
401.644
-443.543
41.8994
395.721
-428.245
32.5237
404.364
-425.263
20.899
399.875
-408.693
8.81815
-417.86
447.061
-29.2005
427.245
-388.276
-38.9693
404.514
-356.95
-47.5637
-419.275
477.24
-57.9653
-20.6654
-803.083
487.838
-146.047
751.982
-684.114
468.897
519.305
649.645
-1458.24
808.59
-594.632
-648.002
427.793
388.252
398.68
-364.398
313.851
50.5471
367.511
-752.849
385.338
126.073
1571.39
-605.435
-1292.68
209.282
-553.064
449.308
-929.568
480.26
539.92
400.462
-838.691
438.229
1686.96
-742.393
1500.16
-876.73
-1587.8
-782.881
1763.47
-672.378
484.952
-950.578
759.723
-1354.36
1112.1
1571.59
509.4
424.146
422.456
324.054
-371.404
47.3505
-894.53
460.671
-415.78
432.999
-17.2192
-755.176
-575.045
503.915
640.61
-417.042
-576.745
1646
-575.477
491.58
537.594
505.423
-1019
513.576
-1537.45
1173.76
-678.62
1676.47
1127.78
-602.262
-346.125
-411.044
356.945
54.099
-289.794
423.901
549.011
-1039.94
477.024
1178.86
-550.671
-545.137
-309.577
345.356
1058
-361.321
-635.482
-534.895
510.306
-1059.94
549.631
1425.2
-601.308
1401.1
-500.789
502.024
-982.444
422.217
-417.858
-4.35873
170.901
-883.372
-670.724
1469.12
351.992
-817.321
488.904
-945.833
1822.66
-952.139
-715.756
287.937
545.339
590.104
655.414
-1245.52
682.116
-1431.84
749.722
1074.23
474.898
-907.884
733.87
619.093
-504.548
1417.56
-1770.08
1502.86
267.219
274.683
1453.31
-1021.32
1500.3
179.25
-677.624
214.867
445.877
-862.92
-646.174
-1107.47
283.989
1120.46
-173.953
1289.76
-600.911
-1600.41
1098.24
1921.08
-1110.5
-810.579
-577.814
845.117
1042.08
426.132
-826.633
-800.962
-1122.52
-647.613
-500.402
-392.981
-1346.88
-235.312
308.422
-580.87
215.192
418.833
-831.142
188.296
-619.535
857.849
-1806.83
-842.027
189.982
183.534
-373.516
-927.787
455.768
-1098.21
895.368
1018.09
411.859
1415.99
-1530.17
703.34
260.728
784.623
1378.82
570.888
-1184.12
613.233
461.111
-849.281
-892.53
1881.09
-451.098
179.179
-557.579
1121.87
211.369
621.858
691.589
-206.512
-396.65
603.163
1593.4
-1010.68
-508.022
1148.63
339.872
-279.701
-60.1707
628.211
-1248
-840.473
321.396
519.077
-1122.93
-1621.19
779.359
878.029
646.581
724.707
207.84
311.466
149.313
-519.684
370.372
547.191
-298.155
691.839
-1170.25
525.32
408.093
-783.844
-784.203
-625.615
13.3739
1593.87
-986.29
-816.442
968.99
1529.12
-852.006
-677.117
353.45
-693.054
339.605
-540.027
1298.51
1269.3
199.233
209.219
-1053.98
744.916
677.816
-509.703
161.17
-463.358
253.925
209.433
219.578
1469.12
385.735
-737.283
650.588
964.174
-1524.43
200.344
333.543
329.703
-663.247
1189.32
-598.306
367.852
700.98
-359.534
606.958
1282.79
470.934
-935.895
464.96
537.912
535.902
-1073.81
678.709
-1420.13
897.505
-451.196
-597.093
1679.1
-583.19
1769.69
-1186.5
-627.952
268.417
1507.42
-769.879
-353.774
889.559
290.414
-910.573
-384.137
676.416
823.247
-736.479
1277.27
436.788
-897.545
460.757
-1063.17
-756.311
-762.86
-1062.06
-975.006
-713.709
599.762
-599.762
-7.58228
-728.024
531.407
-1516.82
813.382
186.557
398.109
-755.351
357.242
655.427
873.696
-1286.26
1817.66
-877.071
1659.12
-716.841
1267.72
-854.015
464.632
-240.141
1402.52
317.925
-600.133
282.208
-1069.3
602.438
-934.745
1534.66
804.069
-131.698
-460.139
848.391
420.415
468.135
-406.65
-61.4849
-1628.15
778.869
-522.749
149.11
1618.62
-869.32
1122.93
17.327
1523.66
-645.102
-1127.23
-426.92
-553.789
-844.436
-1678.68
1052.61
506.475
-596.244
89.769
-267.352
338.414
-751.666
1842.79
-1.6097
290.991
-604.197
-1523.66
-138.999
1106.1
-689.027
-417.07
-727.807
-117.301
583.582
253.323
-728.797
-591.142
1768.68
388.664
-738.236
1806.3
332.841
-851.202
269.523
303.883
-573.405
-331.863
359.511
352.836
-1377.14
-421.635
237.033
227.599
838.162
-1094.55
448.391
1074.95
-45.3106
-576.357
1157.24
-552.791
-945.434
-432.01
-476.234
-812.902
1289.14
-611.74
63.6163
253.411
-231.515
-943.91
1357.9
-413.993
-493.54
-683.701
1296.19
264.983
-522.179
257.196
618.804
1390.39
607.283
-1535.07
1165.26
-821.21
-462.007
-545.548
296.091
-322.19
26.0995
-530.124
-264.579
-16.3418
-627.727
-1197.84
736.777
461.064
-576.393
1098.21
-666.045
1391.73
-585.641
268.637
1622.8
-903.069
727.807
34.5541
-61.9064
252.056
-490.958
801.3
-521.718
914.878
630.792
1022.44
-449.356
767.852
-1370.58
673.69
-248.33
1050.67
-654.503
1154.12
-380.451
340.484
-563.007
-890.957
1597.68
751.666
1730.91
536.28
-328.95
-520.191
864.853
-497.342
839.876
620.057
390.444
-329.491
-60.9537
707.754
-1584.82
-395.115
970.116
-636.603
-836.49
-743.63
394.758
-335.278
-59.4803
-466.775
-505.039
-606.403
370.311
1077.16
-618.12
852.424
-514.418
572.085
-418.54
1305.91
-1677.11
690.824
-1797.53
611.507
-530.858
494.068
-838.439
344.371
234.621
-544.483
309.862
-763.696
392.555
-344.341
164.594
554.866
-270.205
-455.761
1152.54
1097.65
-675.196
-587.834
-453.353
327.766
-387.276
59.5096
-489.907
203.586
438.802
-189.023
-290.353
-303.735
756.245
-1060.06
465.278
933.551
1028.31
-426.19
381.917
331.863
482.383
1030.8
514.43
852.41
1068.67
811.687
-1457.29
645.606
462.457
-1259.22
682.478
-206.043
-257.316
152.482
-383.833
597.23
783.523
-593.571
-173.84
226.35
231.32
223.499
1641.3
-462.719
-720.891
-320.455
368.51
-48.0552
1160.86
-453.421
-707.442
440.172
-400.649
262.224
411.466
-569.981
494.165
-712.124
1130.96
204.978
647.628
1399.16
-1204.64
694.885
-380.687
173.67
-192.68
-670.645
607.133
507.158
-309.142
1101.46
-648.024
1109.14
-491.015
1182.1
737.524
-628.555
369.08
-44.7967
1509.79
-768.496
1653.76
-994.022
1370.58
-1226.89
264.579
-33.9092
602.526
-781.769
-777.161
-409.616
1245.07
-56.9339
-530.823
-264.782
-1190.77
-591.514
733.871
-270.123
893.56
-454.964
-350.777
181.634
238.35
582.367
-234.68
-268.103
1230.76
-590.419
-536.751
583.179
-656.725
233.313
68.1021
387.936
-330.857
-57.0788
237.896
-1070.45
767.076
282.357
-1003.25
351.02
216.148
-567.168
626.997
-248.829
700.622
-451.793
-739.418
-378.504
-1025.23
517.331
447.956
-1160.08
-850.474
328.756
-80.6895
192.622
943.138
-23.6539
492.206
-1140.23
1779.23
-897.544
-61.4776
-23.8814
-25.3879
16.2381
623.047
-477.143
109.574
-705.476
-436.189
-623.748
-495.572
748.895
-457.052
-962.788
-1202.72
-91.4684
-437.855
728.269
903.765
-423.505
174.656
-369.713
-17.5288
780.77
800.711
435.61
-328.423
379.779
-51.3567
-478.69
-626.48
265.159
-642.727
291.694
688.611
-226.401
319.094
1147.11
31.2809
-518.89
646.459
-1593.42
946.964
286.846
196.7
-383.907
536.682
-350.125
222.252
-660.107
-419.124
197.675
-232.277
-226.782
917.98
756.913
207.565
309.378
-952.143
529.907
-57.5531
284.885
-731.866
-667.763
-965.598
803.268
-1220.64
-899.159
283.48
-504.092
162.292
-367.002
-428.282
889.539
-339.908
-484.232
691.117
68.032
400.649
457.212
1154.34
-705.456
13.5239
-374.262
642.68
-517.118
-630.476
732.684
-444.235
1209.82
-308.031
292.86
15.1717
1779.08
869.212
513.686
-314.452
865.778
-1428.1
-1840.33
856.284
738.295
-343.579
1603.54
515.052
125.563
-143.306
-181.134
324.44
1695.66
701.428
-1370.95
1686.68
-732.489
1036.75
-42.428
1216.93
15.1411
284.167
-699.478
-262.833
-348.967
276.909
-781.949
1020.05
518.135
193.644
-636.526
-701.255
-134.673
1195.56
-245.853
-280.144
-184.284
-143.703
327.986
-1032.39
-226.614
-689.78
-601.548
-1298.58
516.93
-556.473
-1239.4
1092.85
738.92
-348.223
-83.6925
369.405
-315.068
-54.3369
1770.13
-497.996
135.587
-366.375
-79.4032
-431.588
940.544
-628.458
470.861
532.1
-620.134
-45.2761
302.676
-95.4995
286.478
164.778
209.119
-1154.34
-411.168
-190.235
-142.833
333.068
-757.592
-806.061
-378.059
-78.0625
-887.535
-1108.99
-1464.13
-535.886
-1464.13
1466.77
533.227
1466.77
348.967
-322.289
111.504
1034.72
724.528
1265.48
-1115.64
-465.346
-840.233
-442.928
-841.813
-244.815
660.928
-393.851
301.402
-1752.01
-449.729
-7.72022
-368.706
737.097
-578.541
415.599
-664.428
-483.979
633.487
-417.339
-1114.32
-725.466
656.972
-1693.69
-772.877
-685.358
1679.61
-506.078
237.975
1056.42
-562.944
-100.968
-104.374
-1454.27
570.896
1566.04
393.241
-1419.47
-443.929
-1398.49
262.616
-1020.14
459.184
444.581
1009.55
-863.369
-141.186
-209.712
350.897
-1292.68
-336.919
446.183
-230.992
-784.346
-423.651
-591.433
1486.8
688.812
346.667
-755.865
441.262
1109.14
-697.276
-823.616
-633.067
237.618
-641.978
-33.5725
-478.682
1237.77
-866.047
1459.78
-382.704
-371.189
736.045
-408.92
-899.402
-836.08
-426.788
501.053
-337.181
-155.835
493.016
139.513
403.834
-450.253
1412.71
1572.91
-603.921
-614.755
1148.78
-969.775
253.197
-311.052
-424.795
1100.04
-524.836
-223.176
947.143
-448.231
-160.075
374.12
757.592
-1342.41
-23.116
-451.4
-265.364
265.364
-330.589
-424.762
931.848
-614.305
1296.78
-421.502
-509.761
-1585.98
806.602
-329.104
-366.52
-1193.95
1176.85
-563.615
186.102
417.871
-894.414
-724.013
254.755
496.737
-287.304
-631.416
-487.295
-212.334
-155.088
367.422
-819.73
-150.883
-211.435
362.317
-212.399
-144.427
356.827
-283.47
35.7005
916.14
-1514.18
378.968
-190.085
196.857
-972.202
1045.42
-500.086
-687.205
-392.123
1079.33
940.689
-220.486
-151.453
371.939
-418.003
433.144
1348.36
1660.33
1282.79
-1464.4
708.535
186.956
464.199
100.762
-366.126
433.611
-309.298
789.729
-432.487
482.313
-695.872
-605.456
-466.304
118.584
470.916
-54.4423
-439.279
-405.157
-650.771
-1571.72
770.762
-221.763
-154.22
375.983
-888.925
-512.143
1610.38
-1504.79
-859.18
1129.98
-1175.29
1597.61
1047.49
-818.8
-899.822
125.545
-613.6
1671.6
890.257
912.556
681.882
-275.602
877.055
-349.718
-293.099
-361.586
714.422
388.143
580.358
601.478
532.112
-331.768
717.6
309.125
1575.9
1389.71
-446.572
318.556
-367.252
-680.056
-16.2058
118.803
-883.077
372.285
-792.855
946.064
823.625
233.313
-259.634
482.423
291.735
-574.144
784.569
217.448
219.258
206.912
1559.09
48.337
905.852
-954.189
474
-403.677
191.206
-1100.37
476.619
55.6218
820.444
908.688
-187.464
-195.193
-371.975
-347.837
-502.637
-609.77
258.993
-929.59
457.122
-468.095
-341.133
65.2676
763.826
-455.765
864.956
-102.986
-450.078
573.245
886.534
357.617
-180.998
280.286
932.362
602.294
53.3369
303.474
267.677
-1218.58
466.304
-887.78
597.745
290.035
1688.69
-430.869
-343.576
289.982
-403.102
977.59
138.411
336.612
1220.63
1514.49
-650.28
-679.878
691.526
-300.955
840.783
-539.828
-681.897
661.232
-387.633
821.987
374.907
613.989
-351.363
-1343.46
1038.86
-257.429
1857.44
-680.167
210.27
530.712
-196.606
695.333
-319.321
247.486
-1100.13
415.223
-1356.56
1339.3
406.338
-226.572
-152.824
379.396
-783.89
-1623.26
-896.806
181.918
48.625
-622.461
1012.9
1190.77
-667.419
-752.748
-672.363
553.632
497.302
510.84
-1217.6
932.419
-267.717
1174.52
-525.762
777.66
-1288.68
1098.68
-89.2689
322.582
-598.31
1379.08
225.921
-618.748
-905.684
354.784
1192.38
220.472
207.46
40.0871
-933.753
907.741
-972.095
-248.215
282.442
749.525
708.676
1147.54
347.901
-661.06
-333.178
-295.899
-283.518
-713.007
-450.678
544.298
-385.317
-37.2716
83.3876
-44.5301
-733.42
301.831
-1317.37
282.068
479.179
681.071
-1160.25
-1091.62
-358.733
-400.325
-1009.55
-1136.65
-1513.51
615.484
-265.398
-1103.8
-361.116
-373.792
787.743
381.991
-1079.27
-53.5939
344.049
292.222
256.294
601.322
-1014.58
323.036
-436.098
355.643
-220.916
-402.543
-207.146
-1518.15
288.451
-1508.58
-1457.74
-224.501
1084.83
38.5481
-443.722
1048.33
-533.905
-667.941
1106.74
812.861
370.706
-765.821
663.804
-254.64
-387.337
-414.594
-549.744
1032.13
363.217
-188.301
-174.916
-317.596
-790.389
-404.834
1195.22
1914.38
64.7112
381.67
179.283
-527.323
-311.116
260.029
333.529
-129.71
-203.819
-385.066
161.624
-425.405
438.929
-393.763
764.469
643.013
463.228
-423.141
-342.708
-103.651
-904.5
368.279
-237.18
-770.498
637.208
503.896
1158.65
1019.92
-1148.75
795.397
-541.542
-111.595
1542.59
-567.728
1097.63
-333.938
1648.13
-94.4529
-227.737
340.537
921.334
415.691
-1367.83
-327.559
-1421.81
1314.21
-632.324
708.75
-1339.47
680.07
370.337
-429.945
-621.421
-517.07
484.602
-202.224
-987.393
-829.455
302.132
1114.4
1510.98
1003.12
228.673
473.918
7.73901
446.143
525.7
969.988
574.444
-336.548
-294.832
1519.87
-174.389
888.363
-1353.8
956.078
436.099
-605.939
-190.767
-491.13
321.538
-589.178
1131.07
555.979
-329.629
281.723
429.013
-289.501
238.417
-430.579
-132.673
-799.861
339.448
-600.839
-492.404
417.072
-1013.09
197.881
1008.01
508.234
782.496
364.404
-240.574
-412.664
1530.85
-739.168
-479.414
20.2343
-734.151
1159.25
-1708.89
1161.26
-184.204
1322.97
295.052
-353.585
-174.351
585.817
-353.222
464.237
1517.2
-148.126
319.65
-539.781
1391.75
-1182.33
-1309.86
422.091
401.993
-963.94
132.875
-355.862
345.883
-375.574
461.689
1058.18
-563.462
-560.129
1203.58
-1199.21
504.919
309.117
-1189.45
-1273.32
-244.122
81.793
-482.606
308.35
-739.845
295.916
-48.8676
-609.609
418.842
-373.216
264.403
-150.684
-899.751
-470.287
-368.925
1118.23
-375.582
-298.166
290.963
396.828
427.129
-535.128
258.069
1632.56
-1575.08
-320.132
534.627
-93.088
-714.436
294.85
34.2276
-1094.98
-421.837
-879.313
250.758
974.907
-330.265
-958.411
-339.714
-10.1434
204.083
-712.677
757.929
-687.448
484.642
-172.713
-229.285
401.998
-303.313
48.0794
-357.334
973.921
998.908
-404.881
195.711
168.693
-651.201
240.548
502.215
-541.499
1080.35
232.733
-380.792
1109.73
-625.131
-278.562
297.355
143.762
-1671.49
366.349
1325.96
195.036
75.691
57.6382
-430.029
190.696
1473.78
181.36
-800.2
429.26
-1532.94
1544.67
275.065
-158.724
-440.328
-189.504
1107.29
151.458
-294.766
300.571
-341.854
650.979
643.932
294.609
-628.522
-983.55
161.351
-170.866
592.199
-335.666
655.316
326.772
315.908
-753.051
1187
28.5562
316.008
-480.508
770.25
351.232
718.293
358.139
114.194
-625.808
909.535
311.121
-438.013
280.977
244.343
-942.71
-206.038
13.9162
-142.841
1500.6
-279.859
1327.52
-193.374
344.833
330.554
-1135.88
406.168
-795.169
357.156
-340.832
-677.84
1021.09
655.802
-487.486
-739.19
241.194
395.265
270.402
-301.605
-148.138
338.834
-558.408
-986.001
693.907
181.411
-607.857
-170.698
-760.428
-443.274
-119.26
-844.681
-154.166
1049.83
507.798
1712.71
-619.858
-83.7317
423.406
-647.362
-172.718
-168.113
-498.713
-127.663
-1463.98
412.004
-223.853
-301.838
-445.461
747.593
325.844
556.479
597.067
-327.195
563.909
206.565
996.617
-794.856
1284.44
589.388
390.775
-315.084
-542.841
-24.3749
-425.703
-1006.8
-1.35069
-360.923
-382.725
43.5364
-341.512
-772.379
101.492
-4.46396
119.732
1110.05
-529.255
-132.093
804.563
241.056
-367.905
-976.666
627.53
-369.607
283.671
804.301
329.744
37.0029
-427.924
-253.213
1441.51
483.099
242.5
-96.6682
1206.72
-203.042
-170.175
364.881
-843.791
-219.931
202.081
153.781
-328.697
1380.33
-504.82
-174.226
-141.151
65.8807
-185.887
140.781
45.1061
282.555
47.4493
-330.004
61.4346
-1.08381
-60.3508
-105.78
97.1668
8.6134
-17.4004
15.8046
1.59579
323.353
-32.4646
-290.888
261.626
-120.64
-140.986
48.158
27.4097
-75.5677
115.569
2.1046
-117.674
-263.731
109.294
154.436
-66.8908
-128.816
195.707
-29.857
31.3963
-1.53932
3.46362
319.889
333.809
-51.254
144.06
-8.05631
-136.004
-34.6664
37.0841
-2.41769
-82.9578
-239.258
322.215
-78.0986
2.13237
75.9662
-106.717
0.936504
-82.6122
4.51357
48.4968
-286.163
237.666
298.63
-222.961
-75.6687
-250.275
-112.795
363.07
5.88924
28.8018
-34.691
-22.3551
-12.3113
376.667
-51.5265
-325.14
177.994
83.6318
-16.1468
-2.33834
18.4851
-13.6421
15.2422
-1.60016
-13.63
15.2318
-1.60182
-13.6318
15.2355
-1.60369
-13.5247
15.2242
-1.69943
13.5077
-15.17
1.66225
-13.5247
15.2232
-1.69846
7.33726
-96.9409
89.6036
-45.351
93.5089
-90.0826
-64.0094
154.092
-16.0283
11.1884
4.83994
212.767
-206.279
-6.48731
-187.266
317.538
-130.271
-24.429
8.28224
7.56174
-0.244874
-7.31686
-348.527
521.377
-172.85
183.658
-250.549
18.2991
97.2703
3.56757
-93.3045
89.7369
-185.046
-78.6847
-54.4451
-190.787
245.233
-199.303
24.8554
174.447
285.668
-330.029
44.3608
-12.5601
18.4493
463.536
-190.368
-273.168
145.836
-296.087
150.251
-55.6402
59.2077
-62.3647
-75.2845
137.649
25.7153
121.313
-147.028
21.6173
3.50795
-25.1252
44.5804
-39.1575
-5.42281
-14.2778
11.9432
2.33467
5.4533
-279.183
273.73
-191.283
-170.904
362.186
47.0365
-2.45613
-259.471
-33.5039
292.975
-238.157
309.807
-71.6496
-108.356
-77.5308
-31.4961
-0.935359
32.4315
31.0905
1.3217
-32.4122
31.395
1.07583
-32.4708
31.0793
1.30721
-32.3865
31.0829
1.30446
-32.3874
31.635
1.08583
-32.7208
31.395
1.07429
-32.4692
230.258
-224.805
36.6268
265.578
-302.204
39.48
-133.637
94.157
-6.14528
-21.3238
27.4691
-289.339
234.894
48.1923
-110.557
-379.601
296.644
-32.3509
-166.952
-372.274
161.521
210.753
46.4049
239.263
182.816
-38.7555
-142.015
-16.6089
38.2262
23.153
75.8143
-98.9673
61.4953
79.6075
-141.103
166.373
-37.2634
-129.109
-15.8346
-1.5658
345.122
-25.8566
-319.266
65.808
-58.4707
54.8285
-103.69
48.8611
-60.1182
299.26
-239.141
120.42
230.875
-351.295
89.1535
374.382
-23.2384
24.3506
-1.11215
-16.5593
2.91726
15.8138
-2.3061
-16.5579
2.92797
-16.5693
2.93747
-15.9794
2.45467
-15.9735
2.44874
-29.857
167.74
95.0513
-262.791
295.298
143.36
-438.658
-61.7855
-67.3576
213.194
354.186
-305.689
-48.0328
-33.9875
82.0203
56.5425
29.6887
-86.2312
-12.9608
-290.507
303.467
398.024
-123.86
-274.164
278.128
-291.088
92.587
-261.975
169.388
-43.7384
-9.42612
53.1645
-259.113
71.8472
-13.2927
-0.98511
-311.33
23.962
287.368
185.253
-274.835
89.5815
-25.1255
0.426988
24.6985
-100.815
79.5248
21.2905
30.2317
-36.106
5.87437
-148.596
-105.721
254.317
-28.4186
157.897
-129.479
-2.21509
378.882
-214.863
251.49
62.3177
-64.2023
1.88451
-2.64357
-46.3621
49.0057
-8.54602
111.096
-102.55
130.387
168.242
66.416
-62.0749
-4.34115
-19.4011
180.945
-161.543
366.87
-71.5717
115.069
-231.125
116.055
58.0169
-102.943
6.00246
-327.628
-14.0997
15.7411
-1.64141
-14.3755
16.0084
-1.63281
-14.0993
15.7411
-1.64175
-13.7991
15.4917
-1.69263
-14.3753
16.0136
-1.6383
-14.3783
16.0164
-1.63807
75.0319
244.103
-319.135
438.819
-240.161
-198.658
-23.3476
-1.08142
56.9815
-65.5275
113.43
-372.901
375.648
145.729
-3.23584
-20.0026
-430.54
162.431
-412.706
-326.114
265.995
273.192
-3.88091
-269.311
7.56174
61.8115
-0.376916
-150.3
318.039
-105.786
103.142
-57.2319
-10.0772
67.3091
75.8755
-2.36515
-73.5103
62.7986
3.61744
-205.693
-111.668
130.419
-18.7507
-110.004
-6.47113
116.475
167.155
-195.574
-25.0651
24.8202
-327.873
290.694
37.1791
132.807
-76.265
57.6414
-69.485
-31.3303
13.9817
-15.6182
1.63652
10.744
104.476
-115.22
64.3415
-375.672
-0.223761
-6.69739
-12.7484
19.4458
-40.3923
1.23472
170.687
88.1642
-258.852
100.172
-384.443
284.271
191.744
-211.145
87.8221
-88.9059
25.6368
-137.305
40.7482
-34.1307
-6.61757
-262.347
375.776
13.5528
72.9488
-86.5016
-93.105
-128.202
221.307
-108.621
279.309
-314.864
268.366
46.498
-24.0869
-1.03858
160.799
-310.887
150.089
157.866
-188.555
30.6895
-70.5509
-90.4958
161.047
9.16337
-255.531
246.368
256.524
-247.36
68.7201
-57.9761
318.63
-45.4384
-28.6325
197.983
-169.351
-49.4142
110.91
345.403
-131.769
-213.634
-25.1259
-158.008
183.134
19.3385
42.9793
-23.1793
-0.168274
339.885
-463.822
123.937
184.631
-75.3368
-13.2336
67.9175
-54.6838
124.176
-152.808
391
-436.289
45.2882
-277.582
332.147
-54.5644
-51.349
7.61056
-105.405
-88.8802
194.285
109.656
-184.941
83.371
129.396
233.621
-161.854
-71.7668
39.4732
-41.1665
1.69335
56.2271
-204.151
-83.7557
176.343
-394.657
216.311
178.346
28.546
-27.7762
-0.76978
3.86231
-19.149
-187.131
-257.064
34.103
33.5606
-2.16428
152.38
193.024
-73.8599
365.677
-20.5547
49.0854
5.20921
-54.2946
-16.6009
0.0415279
-16.5984
0.0404223
-18.7908
19.3146
-0.523818
16.8884
-1.07461
-19.1418
19.6437
-0.501937
-19.1295
19.5553
-0.425824
-16.6125
0.0432233
-19.1363
19.8715
-0.73522
-16.987
1.00756
-18.7923
19.3153
-0.523048
-16.9843
1.01085
-19.1232
19.6013
-0.478161
19.8005
-19.1808
-0.619694
-18.7997
19.32
-0.520298
4.29681
27.047
-31.3438
431.034
-330.862
-153.072
178.787
-259.54
-68.3323
186.931
-29.0653
60.7958
4.38483
-65.1806
66.6248
-43.4718
-67.2165
9.98453
-54.4117
49.3717
5.04005
54.8285
337.505
-176.707
295.031
143.788
0.436369
106.608
-107.045
187.769
133.23
-320.999
36.4446
277.009
-313.454
-92.0667
171.674
14.4488
2.64107
-17.0898
0.658339
197.325
14.7658
-29.4647
-2.11229
31.577
-51.2842
90.7641
-19.4053
4.25006
15.1552
78.0395
-91.2732
120.289
-152.639
176.502
363.053
34.9712
15.6589
-253.816
398.396
192.895
-235.612
42.7172
-36.3083
224.077
-77.3371
270.877
-193.54
-2.26359
301.275
-371.759
70.4838
-1.89133
22.1183
-20.227
139.34
-18.0275
365.616
-0.341702
-15.4929
13.3363
15.2097
-18.4075
-1.61145
20.019
-141.858
372.733
-254.001
290.446
203.579
-284.084
80.5057
19.9345
-15.717
-4.21756
45.4297
-44.9933
113.058
-119.744
6.68556
6.64864
8.74717
-15.3958
176.906
-61.8366
71.9674
14.0635
-86.0309
-290.22
330.393
-40.1724
-239.234
54.1884
-396.266
133.919
209.681
119.453
-329.134
132.569
-56.7551
-356.867
391.094
-66.5203
-16.0919
-31.9539
25.2565
-13.894
12.8759
1.01808
-13.8924
12.8291
1.06332
13.8255
-12.8444
-0.981125
-13.8963
12.8298
1.06651
-16.3282
12.1237
4.20448
-13.8856
12.8728
1.01278
-13.8843
12.8737
1.01055
211.608
-236.734
6.55751
76.9578
46.4144
-123.372
22.5143
24.5222
-233.528
-56.9783
50.1723
44.7995
-94.9718
367.32
-101.742
317.612
-107.931
-53.172
229.29
-55.6985
-173.591
41.9264
-118.06
79.1128
-172.218
297.062
-93.4837
-48.3678
63.1841
-14.8163
-330.414
181.818
-10.2544
288.382
125.244
-14.148
76.0353
-25.863
-211.211
105.491
-7.36084
161.803
-154.442
74.072
-24.87
72.0711
-47.201
-31.4961
-137.399
47.3161
244.357
-51.4625
-61.1138
308.602
-247.488
163.478
146.329
-7.45562
6.59652
0.859108
31.0905
31.395
31.395
31.0829
31.635
31.0793
21.5987
-240.054
218.456
-160.569
96.5594
53.966
-257.592
203.626
-319.639
359.441
-39.8015
56.2623
-42.7095
-219.594
213.216
6.37792
-85.9742
-20.7425
30.3778
-31.3417
0.963956
-315.78
-120.509
5.84259
3.17698
13.3317
-16.5087
-170.286
-127.715
298.001
-141.111
69.7953
71.3162
42.8622
-40.7299
-5.15832
145.939
-69.781
-282.68
205.343
-274.069
305.621
-31.5519
68.906
160.384
192.333
-0.523532
-191.81
17.2334
-408.171
390.938
344.811
-45.551
-81.5718
-22.1178
-1.3215
42.0697
-6.42068
5.74373
-5.74373
-85.7863
-153.448
-86.4301
90.8149
196.178
-195.52
33.5606
-231.35
227.47
-342.986
211.217
16.633
-2.18418
26.8236
-31.3101
4.48645
17.0301
-0.39717
18.1019
-180.271
162.169
196.905
-4.57162
-62.1508
-252.714
177.27
-113.468
-20.1691
15.8295
-3.88629
-66.5142
18.1464
224.824
92.714
-256.542
332.571
-76.0284
-66.9352
72.1444
-87.5204
-103.802
191.323
217.959
-251.463
275.319
-130.151
-145.168
-22.3769
29.235
-6.85813
86.2102
-191.615
-59.4542
-221.604
281.058
-2.42052
38.4076
-92.5815
54.174
-22.4346
4.02704
2.43385
-36.5645
-12.8282
-2.27987
15.108
-140.763
140.569
0.193622
-46.5666
-23.2144
-165.628
-69.1356
246.406
246.29
-307.404
-28.569
172.091
-143.522
92.3829
-90.8728
-1.51006
-31.803
-55.2666
-11.2476
-8.06977
36.8716
11.0906
-143.947
132.856
-42.8951
32.818
303.335
-94.792
-208.543
88.5179
94.298
117.455
-72.6553
-263.249
-62.3822
325.631
-114.776
-215.253
-57.9002
80.6885
-22.7882
-111.532
77.5448
-21.0146
-211.329
232.344
-66.1495
53.5967
12.5528
29.9951
-36.1542
6.15909
29.4862
-36.2199
6.73373
79.2954
-104.165
117.071
-287.357
-203.291
-54.3006
-241.929
116.613
125.316
-72.9696
202.901
-129.931
-122.506
51.9549
226.585
-247.6
-1.34442
1.3389
1.33916
1.3386
1.33935
1.34827
119.967
-6.90893
-242.712
156.926
105.066
113.328
-218.394
-78.065
-153.06
16.822
285.609
190.769
-314.63
52.1236
-236.465
184.341
-255.822
-138.835
-42.7859
-34.6129
-100.605
89.2233
11.3813
-346.329
162.084
184.245
-77.7374
256.73
-178.992
-20.7198
-228.037
-394.262
395.476
-1.21355
10.0248
19.2102
-231.03
-48.9243
279.955
54.4533
4.7545
263.526
-228.854
-34.6723
-63.6222
112.767
-49.1445
-328.005
71.4625
2.53306
34.551
145.974
-41.4978
291.832
-196.781
49.81
-137.33
125.145
-351.1
225.955
37.0386
-292.544
255.505
-58.3491
-25.1544
239.558
-163.179
115.089
48.0892
-277.638
46.608
-115.078
-28.5526
143.63
-13.0239
-13.0538
-13.0251
-12.7132
-13.0708
-13.0711
69.3216
-29.4647
-252.3
16.9024
-359.082
-233.62
233.097
52.0602
339.034
-0.813341
-81.7002
298.011
-130.438
7.69635
122.741
-21.3805
-81.5628
-148.592
-126.243
-104.971
-0.814358
147.898
85.7232
71.1225
-14.141
23.8037
-29.7465
5.94281
60.5591
-284.324
241.586
-303.968
-39.1516
44.9942
25.5777
29.9951
29.4862
-179.651
-3.55611
183.207
-6.84758
-254.808
134.168
217.785
-352.673
134.889
-189.806
62.2845
30.0984
-4.90314
-14.5022
0.627348
-229.29
161.339
67.9507
51.1277
-86.4744
35.3467
55.5565
6.38545
-61.942
7.16366
-147.926
96.4648
-23.5161
80.3803
-85.8031
-242.903
358.421
-115.518
141.467
-271.471
130.003
226.021
-207.919
255.856
-139.242
-131.41
136.516
-5.10659
13.0463
4.23679
26.141
-223.244
-60.8403
-82.7784
192.435
1.80725
-14.6354
-142.898
-98.5374
241.436
12.9229
311.599
-324.521
-47.8396
80.0827
96.8233
6.39051
-29.1445
28.9207
181.474
121.86
23.6153
3.62938
-27.2447
79.2623
-319.423
-151.446
-62.9451
214.391
224.712
-119.646
-172.058
-115.538
287.596
-102.704
-102.377
351.719
-296.743
-54.9753
61.5106
-94.9823
33.4716
-407.861
-55.9615
181.997
227.761
-165.668
-62.0929
-204.025
366.456
-279.542
329.164
-49.6222
195.572
-247.099
266.895
-301.808
34.9133
75.6333
57.1742
-225.677
-139.473
81.0975
58.3757
-270.595
288.528
-46.9423
-13.6829
-2.91542
-13.6827
-2.91816
-13.4428
-3.16969
-13.7943
-5.00543
-13.7932
-4.99911
-13.7877
-5.00305
-100.07
-196.017
30.7407
139.134
-169.874
-0.350944
23.9662
62.671
-13.6653
95.6736
-15.2933
-25.6069
-49.8342
129.917
45.8508
-63.4351
17.5844
-243.433
-34.5136
-83.4504
-31.7699
-100.623
-51.5951
152.218
-358.375
38.7354
-294.427
181.631
95.0115
-187.078
127.58
-130.019
2.43929
55.3005
-250.66
195.36
89.8096
113.475
111.237
-141.876
-204.453
-26.8236
-18.5484
72.1451
-71.4132
-170.16
241.573
41.2018
-40.5745
-10.3246
49.2562
-38.9315
197.835
-313.373
-70.0534
7.43483
62.6186
35.8033
40.232
119.567
109.474
-229.041
162.831
91.4854
-38.282
61.8817
55.5731
-280.787
-39.4051
320.192
174.434
-243.569
238.808
-119.24
248.786
69.844
138.973
99.8348
97.685
208.487
24.7211
280.9
51.7657
-58.2369
-15.2627
51.3564
-36.0936
-61.7464
-8.30697
-365.723
303.704
62.0192
-143.947
-129.46
154.315
16.3204
-159.94
143.62
-69.1991
-17.3024
-130.685
241.922
-176.772
97.2695
-19.23
13.0144
43.126
45.9389
-89.0649
-57.0312
-217.521
274.553
-91.6544
-137.636
-30.2507
-70.3539
88.2952
-51.3564
-36.9389
-49.7479
-11.9465
61.6943
224.688
199.981
-206.969
251.33
-83.9012
-47.1086
-15.4174
62.526
-86.8248
-11.3189
192.571
-181.252
-56.11
239.768
254.184
-303.108
-58.8053
-0.498773
-195.958
34.1037
136.476
-267.161
-214.331
-68.3496
-270.441
-24.006
-62.2252
250.869
-76.4355
-27.2664
-27.1453
293.663
-269.701
-129.714
-0.723807
-85.5296
-260.46
141.22
-26.4367
69.5627
190.784
-183.543
-7.24117
310.312
41.4068
26.2942
34.2523
-60.5465
264.19
-17.4497
96.745
-16.3433
-203.466
-139.52
65.6139
16.4064
-40.1253
307.02
64.5302
-128.152
26.4745
-117.632
248.019
112.657
-6.04837
55.4519
-9.60112
31.2864
-28.1095
39.4012
-15.5975
-279.674
218.238
61.4355
-94.1084
-8.44158
-74.3303
165.424
-165.424
27.3472
-42.6099
57.094
55.6727
103.033
128.459
135.067
-132.438
-62.7397
-122.201
109.446
21.4249
-130.871
23.1052
-2.24109
-20.8641
17.6777
-68.6682
158.478
133.42
20.6721
-15.9929
-76.5887
2.05733
12.4861
-14.5435
-9.49194
42.914
-33.4221
50.851
-56.5496
-1.26093
44.1232
-68.8066
-16.6515
85.4581
-21.0597
-10.2504
-311.67
349.893
-38.2227
21.4776
422.076
-31.348
-390.728
-71.4825
-19.7907
88.2952
47.7707
-61.4256
-335.708
397.133
25.8078
27.1419
-85.0421
-34.6111
4.91326
29.6978
356.014
-266.861
-233.745
-81.7391
315.484
-229.328
210.179
-92.9284
-18.604
-3.90286
-124.963
322.798
-57.8176
8.34326
78.1854
54.3839
188.299
-191.291
2.9924
-0.177948
-0.194776
0.201905
-0.195243
-0.589478
-0.198048
-0.197389
-198.159
-12.9858
-218.4
-15.2207
-112.87
-16.8443
-80.7531
336.362
225.641
-14.0333
49.3813
-53.5793
4.19801
40.5372
-196.37
155.833
-236.181
199.873
4.24302
-86.8999
185.49
-4.5452
-10.513
-25.6412
-10.4688
-25.7511
-19.8804
-136.313
299.144
-0.981733
2.2221
2.04888
2.22041
2.05816
2.05842
2.22062
56.8437
300.876
-357.72
-20.8063
-83.9662
-113.341
89.3452
0.391704
-246.293
118.092
-28.7287
255.314
15.0442
-238.288
-10.7122
-33.5083
-88.5319
1.70704
-227.278
304.34
-77.0618
216.481
-107.007
-139.068
66.413
-15.1392
-310.226
366.452
-13.9535
-1.66471
-5.49964
-29.1114
73.75
-159.28
-203.512
-4.40709
94.602
241.674
-282.99
41.3157
287.562
-270.328
200.52
-4.34203
-94.4651
8.49087
-72.5675
-293.156
-144.774
11.1318
133.642
-222.714
251.335
-28.621
-180.947
22.939
298.409
-52.1195
-263.251
136.395
126.856
-251.226
-41.3179
-288.034
162.096
125.937
-307.039
-218.518
340.002
-121.484
-228.912
127.162
101.749
-323.898
266.867
54.5857
-74.0326
-105.531
179.563
-356.555
292.134
64.421
-1.02575
97.6416
298.569
-55.0526
-243.516
3.17352
-5.98792
-189.532
-74.5957
8.07537
-281.387
287.884
-6.49651
-0.408526
-48.2708
74.565
-2.43477
-88.4381
-3.01367
-219.7
-217.789
139.724
48.3769
148.801
-101.439
145.441
-44.0017
-134.995
-129.337
-90.875
9.31219
39.3571
-242.648
150.999
124.32
140.46
-62.2745
-249.536
83.9085
345.193
235.444
62.9655
-133.248
-71.7613
4.82607
-49.217
52.8464
-159.993
-69.0473
-287.039
5.65153
-277.087
-31.3941
-31.4075
-31.4027
31.4503
-31.3759
-31.3746
-28.5163
8.0283
169.054
-231.794
-262.207
136.665
125.543
-163.716
73.2198
50.4378
1.78704
87.4362
-60.0479
295.492
332.371
-22.0591
-209.865
-120.549
-92.0939
156.624
84.4805
6.3344
-142.768
66.5028
-8.91665
-25.7744
-13.8489
-132.106
145.955
111.233
308.119
-126.302
297.227
-41.7217
-34.668
62.8939
-28.226
-47.5731
12.0111
35.562
132.98
-144.635
11.6552
125.588
-177.183
-6.36762
-18.6975
0.667435
48.5887
219.788
-245.644
-14.828
50.1747
370.313
-313.469
70.7998
132.101
158.616
-263.907
-43.4967
22.508
-48.371
7.27983
52.2024
-186.146
315.437
-129.291
69.7843
55.4604
72.1192
-162.848
156.361
305.287
-51.1034
6.03364
66.9851
5.15932
-79.9643
258.244
-178.279
37.0726
132.856
-109.578
-119.334
265.749
-317.003
-54.3218
117.425
-158.923
-37.4241
22.5961
39.6782
48.5186
250.05
81.4599
340.616
-350.388
136.754
33.32
7.84217
-48.884
-4.69531
-183.655
156.786
-139.523
-17.263
-147.353
-18.3736
12.874
56.6736
-83.8006
171.45
-90.3528
289.44
-138.441
174.639
-121.014
-167.02
-16.2804
-72.6255
357.788
-389.136
88.1703
-261.024
-55.3137
-174.014
48.8133
107.973
95.3316
-225.482
17.549
-67.5633
175.793
64.3251
-240.118
-86.3614
110.907
-142.677
30.0171
-306.315
-127.061
25.6226
73.5736
-26.3077
251.131
-377.205
-65.035
4.68416
151.084
-7.46398
281.545
-376.302
94.7568
18.3512
-131.358
113.006
-379.19
307.618
185.39
65.4787
21.5305
-23.6231
2.0926
27.9074
97.3366
81.1057
135.375
67.2436
104.207
235.99
48.7649
19.3669
-68.1318
-214.953
27.822
-12.8326
-126.284
200.657
-259.462
437.7
-454.919
29.6019
31.4503
-31.4027
-31.3759
-31.3746
-28.5163
-31.4075
-31.3941
252.675
-125.512
95.5151
-78.1369
-17.3782
-147.431
-202.957
109.609
-133.125
268.857
-132.461
123.767
-29.0491
314.369
-285.32
-84.1689
240.325
-156.156
-59.2983
-150.324
-110.136
-359.591
297.6
61.9902
-107.321
-116.808
-42.2125
159.021
-280.486
310.742
-30.2561
-176.743
-113.04
95.5908
-24.0281
0.848768
5.24496
77.7309
20.2591
312.112
263.969
383.47
-313.065
-35.8866
348.951
91.8521
-108.195
-388.045
129.876
258.169
-393.46
189.435
-6.10473
40.3571
115.049
41.4112
-50.3278
64.4709
-218.292
-134.381
281.312
6.57147
411.887
87.8096
-104.09
105.555
-122.857
262.692
-4.4373
-258.255
-13.6623
6.8042
-13.2005
-5.9358
306.282
-64.6078
168.492
-110.475
87.0233
-103.675
-395.878
296.973
-82.6528
339.168
-20.8491
0.84652
50.3914
-389.666
339.275
-96.472
-48.0301
223.823
100.337
-118.941
101.167
-116.461
-226.213
142.044
194.306
130.134
-338.105
167.201
417.82
262.487
223.883
-228.635
4.75165
142.841
9.35851
9.33179
215.039
30.9207
-30.5109
95.1698
-114.4
107.006
-126.796
-320.611
376.491
265.101
-89.0407
-176.06
-348.351
-158.431
-103.776
-14.9815
307.22
-292.239
69.0047
-0.720728
-68.2839
-25.478
19.3733
-109.933
-163.44
149.591
-255.191
207.161
-256.231
148.911
-139.77
208.901
-69.1317
-14.8195
2.07106
-40.5983
341.734
-32.4457
-309.289
202.249
-201.411
257.034
-55.6226
101.723
36.8281
282.254
-71.2985
355.57
-244.257
-24.3445
-158.721
236.452
-115.012
-183.748
-58.9007
220.503
-291.926
71.4229
170.747
174.063
12.1829
-19.6385
77.5347
-263.681
-240.299
36.3337
203.965
-28.6621
-296.478
83.9104
15.6388
-0.483605
215.162
-144.362
1.44141
312.24
-342.681
30.4408
106.441
-79.2987
-89.9238
-54.2499
293.132
-11.82
102.956
-298.523
283.541
-69.8009
-325.854
92.1088
-12.1311
-19.2106
-20.3145
-51.8747
-163.078
-302.925
307.22
-113.338
110.903
212.223
171.806
-81.8942
-129.379
120.937
14.9178
-62.4874
262.809
-113.898
-23.5544
101.099
-128.581
231.537
-4.91516
76.4445
-197.759
121.314
31.6018
279.14
273.818
-262.946
203.492
-123.673
100.118
284.562
8.57068
117.014
-123.062
57.8958
13.2267
28.6325
249
-278.049
149.722
-188.477
-29.1445
-59.7466
333.564
143.37
71.7918
164.47
-114.66
-92.8667
222.604
122.589
53.6316
-203.955
36.0867
170.268
-68.2081
-22.4735
-140.966
-268.857
284.515
-339.995
-42.8316
-350.311
321.649
157.043
-179.517
114.873
-118.776
120.534
47.9575
-208.484
202.497
-23.7171
87.4695
432.837
-51.099
-145.271
154.445
199.386
-202.942
-164.572
-198.685
-51.9755
-32.5536
-3.55241
-332.844
205.129
-41.3927
304.904
-291.981
-89.133
-326.978
238.569
88.4095
-277.186
-38.7661
315.952
-56.6225
-315.976
366.368
-176.743
-232.421
73.9906
262.315
52.0537
113.914
-114.728
34.7561
-307.305
272.548
228.525
133.793
219.814
-138.379
124.231
-1.50102
13.9986
267.547
320.649
-54.8996
57.705
-16.2788
65.0437
-15.2738
187.078
-171.805
39.897
112.357
-110.65
309.605
-341.655
32.0492
-4.85691
-14.2726
-4.74778
-14.394
-5.78843
-11.1985
5.54532
11.3431
-5.80253
-11.1818
-4.84248
-14.2807
-2.28696
-11.0058
-4.86684
-14.314
8.93987
10.6615
8.97364
10.6701
4.5485
14.7668
4.549
14.7656
4.703
14.8523
4.54415
14.7759
263.144
-88.7905
103.55
80.0447
261.651
-294.96
33.3087
71.0292
33.6019
-104.631
272.174
-151.114
-121.059
43.9556
311.084
-346.97
-274.258
305.859
-370.339
330.537
266.084
-162.232
-55.4579
217.69
32.7627
281.688
-321.094
-65.6752
-44.9734
-130.734
152.212
131.304
77.5973
53.5946
-339.758
20.5926
274.534
-295.126
-140.624
152.279
49.6047
1.72953
-51.3343
110.92
-110.528
-42.4629
-47.0975
-278.753
326.213
-47.4603
-280.445
268.654
11.7908
-193.601
122.188
18.7937
-286.345
267.552
149.523
-94.6243
167.844
-57.7198
-259.283
-308.166
243.558
156.964
-23.5441
-318.925
-242.065
-170.641
413.461
174.606
101.87
-276.476
-233.337
218.117
219.804
-233.837
-208.569
204.227
-94.7842
110.87
-107.008
213.541
-224.254
-248.995
253.238
-307.611
247.865
33.309
-134.821
101.512
256.699
-256.699
-215.397
210.99
-186.338
-103.256
289.594
90.7942
-82.7188
72.8236
-28.7731
341.977
324.108
-42.42
-254.113
-117.645
110.021
-109.085
113.731
158.443
283.668
-277.097
152.458
6.15887
341.833
-113.308
111.954
-103.463
-15.4545
-211.235
142.103
93.0159
2.49926
37.2098
-314.395
-309.442
251.722
-207.794
-403.419
347.457
108.803
-102.468
24.9663
277.726
-302.692
-44.3623
10.2685
34.0938
0.437718
-145.212
363.36
-100.667
341.977
-286.21
257.437
276.591
-217.307
71.9468
-292.522
220.575
27.4179
-356.344
108.006
-104.832
-103.668
109.67
-106.047
-34.1555
92.8421
110.262
-100.95
-37.2104
-74.1801
-254.667
328.848
289.246
-327.941
273.041
-49.9026
191.689
-271.653
274.161
-348.341
-277.779
398.883
-121.104
282.22
-335.06
52.8408
275.819
-282.316
138.15
-138.15
87.6021
-82.4427
223.489
-61.7537
-161.735
-152.687
-23.3241
-263.021
299.5
-42.1853
-186.45
206.482
-82.7152
-292.239
-27.5746
-241.934
312.418
-313.158
271.436
-13.9608
-33.5505
279.115
-326.575
121.254
37.767
86.3438
-81.5177
-65.6579
134.743
-81.1951
-53.5479
-120.571
394.733
-311.466
-99.4064
82.232
17.1744
-255.712
-283.668
-93.7524
-129.293
-88.4958
74.2811
-359.094
320.871
-174.821
-60.7911
-106.207
342.44
-99.8985
-327.195
282.692
44.5029
287.824
-239.061
-14.2248
290.044
-39.48
284.11
-90.6477
221.952
142.539
275.022
264.303
-89.6968
-59.7575
24.2626
284.405
39.7038
254.828
-300.267
-310.799
256.477
-26.8865
52.2081
96.724
143.601
36.8561
-202.524
-301.722
274.148
-270.525
-192.725
-176.2
271.445
-271.445
-18.6724
371.407
-180.047
-191.36
191.372
-220.438
-325.373
282.953
362.263
-50.6648
196.418
174.989
-188.297
-178.648
-315.415
264.311
334.873
-312.773
269.277
125.665
23.5593
418.159
-34.6887
364.826
-350.828
175.549
-368.275
277.315
28.5446
-29.7441
-283.614
313.358
-238.489
384.218
310.992
-31.8523
-22.429
165.64
-84.389
366.643
-39.7111
58.1341
-188.065
-45.0223
-134.995
134.995
-30.329
307.644
-67.5401
-299.986
367.526
368.351
-212.006
-156.345
-0.287773
40.922
-43.2871
-268.96
-313.729
283.985
-48.016
-269.199
284.243
-322.576
441.586
-46.1101
175.968
-64.0531
-142.738
-260.681
-307.494
233.163
296.579
-281.407
102.554
161.749
-314.298
332.402
194.449
-174.188
283.042
-321.808
-28.8676
306.594
194.163
-61.5773
-326.065
273.946
-21.1883
-106.362
-278.417
-20.851
295.873
-336.993
243.509
-346.437
286.389
-224.934
224.934
-48.0806
-44.3552
41.6553
-23.9776
-17.7475
278.224
98.1065
36.6365
128.985
-76.2186
-20.3858
-42.6809
292.284
-257.37
-33.0684
255.889
-225.889
-10.3223
132.336
-122.014
192.699
105.301
-16.6693
-0.420498
-179.394
179.394
-34.7946
-290.628
325.423
51.9469
311.106
4.0162
43.7346
149.208
-177.761
-392.053
275.115
17.9733
-293.089
-23.7636
-97.8193
254.745
-121.029
198.563
169.211
309.058
-49.9995
33.7207
-317.38
240.318
-17.0667
85.9601
-317.893
233.926
-251.241
-204.498
204.498
63.2761
143.206
-175.803
175.803
153.452
-153.452
186.276
134.036
-320.311
41.0336
-17.7147
222.493
-101.949
-120.544
-196.546
285.773
30.3364
-316.109
280.663
58.337
35.172
254.294
-323.362
-38.9763
-11.0232
22.2718
-0.741298
-206.753
-165.743
294.185
-328.98
23.9359
-323.922
-23.3359
139.674
-3.15749
-23.7709
287.498
-1.72485
30.2949
337.231
141.199
-133.502
149.393
-148.897
-0.496138
278.776
231.698
-151.653
-27.5699
261.92
-165.196
-197.617
-175.899
-163.899
265.768
269.799
-156.069
46.2281
-163.53
-99.2615
291.17
29.3792
-320.549
-253.254
309.772
-34.657
55.8854
-185.223
-81.6581
-325.017
34.3887
-36.2577
319.3
-403.299
-148.616
114.33
148.479
278.649
-7.39422
324.672
-40.2676
320.321
-7.55192
-312.769
-277.097
-114.198
275.197
-161
12.1453
12.2053
376.169
-367.351
90.7642
240.409
-331.174
8.12812
-197.927
189.799
-312.297
280.445
278.864
-309.12
1.59399
-44.1609
42.5669
268.214
-220.931
220.931
-196.37
-332.189
230.447
314.852
-281.079
-33.7724
-21.6898
-161.463
-14.3397
297.43
10.7958
-308.226
-282.104
327.762
-44.8093
145.629
-155.952
-132.875
-101.073
293.772
271.911
-311.622
14.6105
156.557
150.571
-374.078
223.507
-33.847
-251.241
-144.956
331.232
48.5417
342.513
-127.474
249.06
-325.088
208.164
-150.03
-20.2709
-109.748
-305.132
273.581
280.474
15.3987
-329.711
245.81
-28.1298
-287.98
52.9108
-67.3342
14.4234
-253.254
225.358
-153.566
36.7998
-28.4566
267.589
-294.476
350.616
-343.866
222.382
-19.124
15.221
-54.1973
-22.7362
-196.37
246.561
-286.041
-28.7014
309.365
-201.008
185.734
-161.463
-0.871164
-36.553
123.252
253.135
-290.345
24.8579
-294.564
-34.4157
288.414
-265.312
26.0186
288.833
38.2796
186.409
-33.4327
-338.635
310.506
-291.712
79.6517
212.06
239.541
-282.004
-162.759
-284.35
27.2247
112.449
289.878
-328.411
-321.217
134.879
-297.201
317.46
-237.812
108.519
312.315
-31.8704
208.559
-269.188
60.6296
-9.0983
-322.395
-274.818
149.305
-285.599
-34.9501
318.373
232.347
-277.321
112.733
287.495
-12.3651
-267.182
224.996
4.43273
-88.3541
-22.203
-25.5142
304.163
-17.4422
251.888
106.27
-43.5268
331.022
-320.468
194.166
297.775
-345.855
33.701
-340.727
-33.9745
183.696
-282.519
316.22
-37.5435
257.82
-378.391
119.129
-3.12738
-38.0411
206.517
-282.186
-8.18881
-1.75625
-298.244
15.5787
282.665
-338.231
132.538
-11.5699
206.776
-310.991
104.214
-287.448
-214.177
-30.6364
25.7795
-30.4825
25.7347
-34.7084
28.9199
-26.0874
-25.7795
-25.7347
-30.6323
25.7898
-34.7297
28.9272
-25.7898
-26.0838
-34.6896
32.4026
-29.1442
-30.618
25.7511
-26.0738
-309.684
180.393
-303.275
164.833
-302.43
14.9818
205.015
-323.344
118.33
-303.515
265.972
-257.65
205.674
230.679
-290.674
157.427
-18.7785
98.0216
-21.9559
304.678
-99.5493
200.3
-250.203
-49.1885
-38.5948
16.0532
-273.424
-306.004
171.308
134.696
37.6084
-23.1117
-14.4967
-41.3406
180.424
-250.225
282.207
-43.7841
-4.86194
26.9189
103.01
189.341
72.7967
-360.669
287.872
214.438
-74.7144
24.8303
-35.8535
324.634
118.219
224.294
-46.5
166.738
-237.716
70.9778
-2.37098
-60.4963
-65.8719
7.40123
83.0822
-369.375
-9.72583
9.72583
-57.3387
33.3327
127.989
-370.054
180.569
225.188
-405.756
-291.921
159.46
0.269454
-153.218
-83.1342
236.352
185.785
-262.22
120.334
-371.798
252.079
-295.863
-6.07219
-7.10015
86.625
218.026
-164.999
102.724
73.7048
150.01
-147.659
-2.35063
-49.6567
0.341767
135.613
200.406
197.171
-342.127
-55.9703
-292.261
-36.1498
-228.371
-21.3496
0.485532
-142.836
147.113
-4.27696
66.445
163.624
-230.069
3.01366
243.506
4.00273
-327.211
2.86915
-314.552
328.468
-58.6226
-52.3246
132.992
102.864
15.6342
-118.498
-278.389
-45.5333
284.596
-215.257
-69.339
171.047
-133.28
5.33965
12.9323
-12.9323
38.0876
203.433
-259.055
-166.67
291.986
4.88324
-164.565
-16.6864
5.53776
6.59428
-180.139
299.268
4.83749
157.603
-91.0998
-54.9085
-265.981
176.94
164.602
-282.234
-62.6716
-38.7968
-5.573
190.616
-249.516
-321.963
-78.6882
-230.347
309.035
-89.302
81.5718
-276.257
115.257
292.225
-132.992
-2.00374
-261.747
345.372
-83.6252
103.522
-13.5332
-10.9344
10.9344
3.90104
-30.8787
-11.1704
-20.296
89.228
-254.424
-88.8776
7.35991
238.686
-288.343
166.129
-263.948
63.8019
-27.1655
-13.2635
57.5852
108.055
-316.148
279.998
3.97059
-42.9021
-173.679
362.744
-189.065
262.129
41.3385
-58.9379
-334.603
291.922
-79.2778
187.593
-375.89
-10.7695
10.7695
-48.7561
56.0236
-81.8854
-41.3373
-14.9394
9.822
-9.822
-20.5669
-39.2839
-173.247
109.55
-8.01147
312.161
-33.3848
158.756
-264.804
-0.316251
121.378
254.605
-4.87477
4.87477
-240.764
313.561
273.038
-331.661
-136.413
162.035
-69.7784
-100.953
343.344
-242.391
63.5266
-84.936
87.6859
-243.842
12.5983
-189.341
-160.574
-252.525
-108.145
293.623
212.891
-383.532
298.084
265.663
-176.435
-11.068
11.068
-228.872
42.4225
-64.4407
-23.9234
82.6283
-179.1
-384.456
157.937
-261.713
-170.045
79.6923
-108.082
341.502
-224.228
-117.273
164.315
-135.682
24.2992
-151.967
-266.47
265.256
10.927
-10.927
-17.0691
-160.76
-51.4845
-271.877
11.2947
-182.039
87.4148
-5.47793
5.47793
-118.971
-201.474
320.445
-70.8367
-166.88
153.326
-235.212
-252.664
-293.724
229.283
337.034
-113.527
-7.0162
7.0162
215.94
7.54856
-56.7887
-1.10368
4.69384
-4.69384
25.2402
6.96258
-6.96258
-175.138
309.174
167.439
118.17
138.041
33.0057
428.436
216.846
-335.817
-162.728
103.869
-265.793
330.214
334.549
-71.5034
-42.2962
10.657
-10.657
-117.967
356.155
219.397
-155.595
231.047
-129.577
346.423
-7.31686
-251.331
48.9887
203.605
-315.782
264.298
65.8313
276.308
-314.349
279.898
-294.005
22.7922
293.536
-41.1635
-211.548
252.711
-48.6233
-5.20293
5.20293
69.1673
-224.947
-265.087
150.075
218.395
6.31874
-6.31874
373.835
-177.118
-196.716
-51.5643
25.5916
25.9727
275.98
-170.017
268.039
6.75663
-6.75663
-65.0965
229.455
-62.0826
-167.986
-14.0731
1.51301
-72.4914
279.662
-6.87348
6.87348
3.44949
-151.245
-196.028
347.273
211.825
-198.807
319.141
367.784
-155.959
99.8524
180.874
-280.727
-4.76781
4.76781
-42.3969
-6.52398
6.52398
-268.83
154.932
-54.2171
5.89175
-5.89175
58.2718
-208.301
-6.38795
6.38795
107.251
53.7955
105.586
-101.153
-237.992
-93.1815
-5.91
5.91
-200.992
6.81451
-6.81451
1.66884
162.801
274.435
-97.4948
-239.636
-24.5974
-26.9669
-50.0242
6.20924
-6.20924
-319.452
7.14907
-7.14907
-192.512
-98.3766
7.34545
-7.34545
-82.0241
-237.428
7.33245
-7.33245
-86.2521
195.37
98.4024
271.341
-286.136
-227.013
-42.2979
-269.925
377.714
-107.789
-7.58429
7.58429
-337.976
288.787
-309.314
188.805
6.59008
-6.59008
-34.3593
-125.295
-133.217
-105.192
8.54443
-8.54443
20.9355
-225.594
353.583
-185.781
-180.464
-6.32429
7.08981
-7.08981
-7.44075
7.44075
224.947
-5.74356
5.74356
217.678
-159.406
3.96339
-144.587
-153.48
-20.5466
79.4625
-58.916
-7.6054
7.6054
2.59249
-7.49562
95.6461
-58.938
-241.329
12.6005
-12.6005
289.197
5.02013
-5.02013
-138.369
396.189
-208.591
366.883
-158.293
106.867
-270.414
163.547
6.38558
-132.669
9.37463
-9.37463
-0.0638105
5.40475
-5.40475
-95.2097
290.579
-34.1243
-13.2255
47.3498
173.041
-15.9972
60.5478
294.644
-52.7499
153.38
-228.094
225.085
279.277
121.602
-21.4843
7.58048
-7.58048
-73.8705
-99.0422
324.127
-121.203
256.249
-135.046
-175.296
-84.7292
-31.1361
32.8656
119.187
-136.229
73.2763
-303.623
14.9344
297.177
-5.35788
5.35788
12.2559
-12.2559
161.191
-37.0146
-126.173
-8.506
158.097
7.41785
-7.41785
-3.2493
-18.1003
-7.08369
7.08369
266.149
-250.095
128.884
-152.951
24.0674
12.8982
-12.8982
167.28
-87.1487
283.627
-234.202
-49.4246
279.175
-380.127
-80.066
14.3908
-2.69958
154.432
-242.928
-133.006
-222.541
336.584
-114.043
7.17372
-98.2629
0.215087
-25.6931
-200.279
212.363
-12.0836
-36.8351
99.1195
8.63059
-8.63059
5.45803
-5.45803
285.337
59.0633
13.177
-13.177
-134.198
131.903
-20.9999
10.7005
231.597
-157.892
98.1065
7.96461
-7.96461
156.804
-27.9204
-157.997
5.42493
152.572
10.4761
-10.4761
31.0351
-5.15714
5.15714
-42.3307
-8.28406
8.28406
-93.5343
14.2356
-8.61342
8.61342
134.476
307.11
-134.494
8.73608
-118.669
11.6976
-11.6976
250.162
30.2026
-28.6086
-267.362
-80.4666
347.828
11.5733
-106.357
90.5504
-299.321
10.4349
-10.4349
188.183
224.177
-276.502
-85.124
118.201
-33.0771
170.903
-264.651
355.918
-91.267
-64.1658
-105.541
9.76296
-9.76296
-122.548
-177.351
86.7038
25.0325
-175.492
150.46
-39.7148
15.5436
24.1712
-81.1951
292.701
128.981
-295.651
204.719
-18.9846
189.928
-346.274
-299.364
-251.157
151.895
-190.295
-7.63225
-9.9338
9.9338
26.353
-140.984
134.066
6.91875
-225.145
57.1585
-14.1643
14.1643
-113.234
-13.2181
-54.1162
258.145
-258.145
-41.7228
-12.4745
-113.419
-261.035
9.8211
-9.8211
344.13
-37.7923
-35.7181
-8.32668
-212.111
6.41703
-6.41703
-176.198
-62.8628
-336.657
77.1167
-138.376
7.5098
-7.5098
40.3925
277.22
407.989
-182.801
-25.6069
270.88
20.7255
-9.88109
-20.4951
30.3762
181.782
225.568
-310.503
353.068
-130.686
193.686
-256.357
-137.975
73.6616
175.81
-249.472
-265.932
211.715
-326.3
-60.4993
-205.433
-52.0937
-107.81
71.5632
96.145
-93.6457
253.886
-48.2112
255.983
-314.921
-268.177
-11.706
-316.466
274.742
-193.147
-65.9081
237.227
119.022
8.35562
-127.378
-97.2215
144.218
-19.9872
149.831
274.29
-124.985
-74.8413
62.9297
75.7084
-87.5616
152.709
0.50615
144.112
-144.618
41.0005
178.927
-364.708
288.881
-129.422
11.2743
-11.2743
-118.755
15.499
-15.499
224.837
-1.58697
8.56977
132.629
-24.2984
9.92471
-9.92471
5.35213
24.8505
-107.981
-78.0558
-143.683
151.711
258.508
8.85943
-8.85943
313.081
-132.688
33.4322
-241.975
-73.6643
-194.628
26.4097
28.9272
-29.1442
32.4026
-25.6412
-26.0838
-26.0738
28.9199
28.4795
-28.4795
28.4653
-28.4653
-26.0874
28.4768
-28.4768
162.907
18.3985
0.512659
-136.664
-16.7878
-44.0054
4.63656
-121.811
-17.3996
-103.031
-110.946
-204.366
-146.929
-75.4392
315.757
-85.1117
102.286
263.793
26.9003
-60.7972
-154.034
196.392
48.2901
251.464
-299.754
-138.202
70.5185
-80.3653
9.84678
180.941
219.264
-32.8548
404.128
-116.566
136.664
-78.1489
-0.505148
-153.529
-209.56
203.488
-42.3375
237.697
139.477
-166.045
26.5678
-10.4031
10.4031
77.2858
-301.514
266.607
-111.675
-99.4109
-170.067
161.968
-280.723
-99.408
-206.869
206.869
17.0339
141.426
-7.20277
7.20277
-163.768
-79.1601
-171.662
198.015
-65.6426
-323.758
282.421
113.047
178.94
113.61
-137.381
10.2112
-10.2112
-337.583
-101.877
6.01361
-6.01361
-262.469
-343.738
350.296
103.888
105.274
-126.462
134.976
-336.45
-206.627
195.057
-306.001
169.772
-123.933
-141.168
164.535
0.75031
151.742
-167.21
221.398
23.7597
166.182
-189.942
325.258
103.177
-210.862
-96.994
163.586
125.617
275.014
-116.966
122.504
-212.251
286.459
-38.0956
-0.207975
203.329
-223.625
1.71736
170.254
-304.748
-75.7766
81.3628
-5.5862
-89.9207
92.0464
-183.146
-183.207
-248.085
-416.23
-119.469
122.338
-299.361
-145.344
-2.31476
-134.173
-186.139
-153.839
161.013
204.843
227.575
-136.09
0.906105
-16.3606
0.698765
-16.1916
-112.056
-8.63246
120.689
-241.015
224.471
0.145364
-65.1958
-79.1435
-120.095
-19.692
139.787
-44.2009
0.0400853
-183.409
123.652
95.7522
-107.096
-105.754
103.383
-1.51398
-22.5773
24.0913
10.2348
202.128
-134.306
304.56
3.07624
-123.925
124.266
-92.1219
-131.006
122.817
-0.763202
252.876
-175.425
-152.575
-153.373
-117.04
1.55238
-96.259
161.604
-161.098
152.681
141.414
-337.442
-1.83026
198.444
-58.9664
-164.43
65.0221
-5.52226
180.075
-141.579
-178.222
25.6469
-95.7559
3.32456
1.55093
151.929
-169.371
330.107
-248.388
-81.7185
95.0683
12.58
-321.806
187.609
-137.112
-18.8394
21.361
0.904507
-0.477953
-133.056
-0.621702
319.954
-47.4055
-15.8687
0.127223
-1.04972
7.61839
91.5186
-99.1369
-317.411
-155.533
127.963
65.5191
-127.64
190.646
-329.022
144.637
0.120047
-137.323
-12.7522
150.075
214.903
-254.187
125.094
30.3322
89.5444
-254.866
-93.4758
-191.579
-204.687
84.1694
-367.345
283.175
300.943
-252.653
89.3686
-268.854
-109.537
-268.177
411.537
-140.848
331.494
27.9287
11.0333
80.9377
334.331
163.339
1.13546
16.6389
-17.7744
78.573
-322.259
-225.777
58.8979
-0.162621
-170.49
-202.411
280.617
-247.556
-41.4305
244.253
0.34653
-206.425
-165.373
-3.7294
-197.348
0.880917
1.13237
-304.984
249.014
0.337755
-49.001
-154.214
-229.639
-140.415
84.1613
-306.703
190.972
32.8506
2.12715
107.423
-3.25971
-65.7743
-226.468
-157.064
271.927
147.343
-271.28
-0.329355
0.648804
49.9794
-63.2048
7.49793
-33.8067
-241.811
-20.6582
-115.087
207.133
-362.069
-327.573
229.31
-0.51018
-43.855
281.21
-268.454
48.5704
-282.772
0.0581357
-360.325
4.34319
245.029
-362.33
-197.061
-181.531
-3.87476
-167.93
-177.107
-93.2199
199.897
-208.996
1.0521
-269.313
-11.884
145.95
-217.036
-32.8762
-325.938
246.66
-0.119072
107.289
-219.183
-68.2692
178.02
-9.97611
162.548
-154.723
1.77128
115.713
1.79213
-267.818
219.606
225.075
-428.344
239.07
-28.3171
-56.1026
-181.757
173.746
-39.0375
-186.107
0.207785
-4.94747
-9.62462
9.62462
118.193
201.696
38.3862
76.8328
294.637
6.8042
0.928421
-226.204
214.12
-122.379
15.2833
-153.363
-1.06308
5.28776
36.0936
-39.6412
-11.7048
51.3461
-3.7411
28.5714
-35.2481
-54.9409
0.478438
-27.5574
-8.29611
-23.7549
-23.3579
7.49793
117.512
-140.848
-380.62
266.577
-14.8544
-237.117
7.80421
108.198
-125.946
27.2379
-181.96
-113.733
118.57
9.73603
-101.858
-2.05177
-269.765
57.1941
212.571
-5.06252
-122.942
128.281
10.9971
36.3527
-11.2863
-121.661
104.594
-68.6464
-12.0893
80.7356
-64.9944
-15.3709
1.11728
31.7007
132.551
-126.518
-120.055
123.069
79.445
-75.5439
25.5961
-25.9255
218.527
-31.3391
-18.1776
123.781
-123.512
50.7628
31.2004
-31.1423
-29.7774
29.2672
-9.66291
83.9471
26.9624
-127.645
122.784
123.306
-1.48779
-40.0319
-236.833
232.396
-160.103
77.5322
-255.812
25.4288
14.4681
-80.9088
317.42
-55.1705
-13.939
5.99414
-145.89
-144.88
132.515
61.2271
-173.802
19.4605
-78.3764
68.1589
-241.011
7.0279
214.37
-151.196
234.254
-290.356
80.7984
-220.992
301.592
238.097
-290.847
61.2544
-51.4076
-157.73
182.478
-80.3219
99.6008
121.706
-169.248
15.4085
64.4475
-160.832
98.8595
-120.549
231.165
-3.69502
-171.563
-64.2482
166.972
-77.6546
171.984
-234.847
104.024
-187.481
228.82
346.702
-4.91516
-13.9094
-167.427
134.359
256.19
-31.982
31.982
274.518
-25.6274
26.7598
111.787
-124.158
12.6436
-38.0234
281.529
-84.507
8.73046
-156.243
202.471
-31.9565
86.9347
65.3699
-7.23422
279.532
17.7731
1.60379
218.624
185.504
-173.942
12.9925
210.497
-131.188
8.81271
6.59652
-95.5075
36.4259
-68.5372
-113.22
2.28287
17.9602
-103.601
24.1475
79.454
-6.17602
6.17602
-3.99184
3.99184
169.5
3.4904
-3.4904
4.69831
-4.69831
2.99384
-2.99384
4.59367
-4.59367
-5.15751
5.15751
-4.18258
4.18258
-5.17647
5.17647
-5.13143
5.13143
-4.68746
4.68746
-4.41171
4.41171
4.62347
-4.62347
5.21338
-5.21338
-4.17801
4.17801
-5.21299
5.21299
-4.75466
4.75466
-5.19014
5.19014
5.18049
-5.18049
4.69033
-4.69033
4.80142
-4.80142
-4.82931
4.82931
5.11048
-5.11048
4.69565
-4.69565
-4.39417
4.39417
4.6399
-4.6399
4.63127
-4.63127
-3.46919
3.46919
5.21128
-5.21128
-2.99066
2.99066
4.71106
-4.71106
4.63191
-4.63191
-2.97518
2.97518
-3.59467
3.59467
4.57681
-4.57681
4.8136
-4.8136
-4.8293
4.8293
5.18886
-5.18886
5.01179
-5.01179
-5.05331
5.05331
2.99297
-2.99297
2.95337
-2.95337
-5.21595
5.21595
5.07727
-5.07727
-3.54468
3.54468
-3.49071
3.49071
-4.79042
4.79042
-2.95343
2.95343
4.53781
-4.53781
-5.05496
5.05496
6.64233
-6.64233
2.96285
-2.96285
-5.01173
5.01173
4.6117
-4.6117
-4.78955
4.78955
4.59518
-4.59518
5.05201
-5.05201
3.45019
-3.45019
-5.31203
5.31203
5.24496
-5.01159
5.01159
4.59477
-4.59477
3.45315
-3.45315
-3.73379
3.73379
4.65548
-4.65548
3.45126
-3.45126
-4.05682
4.05682
6.79161
7.23422
-83.5027
-137.558
98.8737
-20.3007
90.1729
-331.984
-0.855887
-8.4863
-20.8966
39.4643
-78.3078
12.6653
-80.6606
-112.185
192.846
0.754511
-272.608
223.985
4.18564
-175.675
-8.22221
-102.206
3.38697
168.884
264.776
-299.464
-24.0117
-161.419
-115.341
-249.368
-96.5963
-22.0629
-13.5902
12.0508
-158.458
66.0192
14.7164
-47.593
-7.34787
94.2946
327.167
43.7976
12.226
-3.18083
-151.572
-37.8823
97.02
2.46408
245.847
22.8465
277.742
-148.728
-170.382
191.942
-252.782
-125.66
200.966
3.18083
-231.836
321.381
267.214
-72.084
126.858
12.8837
-56.6281
43.7444
178.956
-63.5775
19.3766
-13.6146
294.412
-3.39568
-2.68359
-201.092
205.844
261.58
72.7089
-79.1458
-31.1217
177.484
-262.214
307.562
-60.9012
-172.559
-203.743
296.555
-4.18564
-1.82797
-77.1091
-164.51
210.494
-323.912
49.8297
-347.355
-23.6186
7.76969
15.8489
227.538
-24.2091
88.2813
79.5628
42.2555
60.433
-3.38697
-112.643
216.132
246.121
-177.332
307.96
-33.4417
236.295
22.4138
225.08
53.4363
1.76146
3.39568
-17.3215
-169.102
15.5732
99.857
1.42906
358.935
-116.664
86.1259
-193.133
-2.11105
-142.507
-60.4731
12.8801
-259.162
117.994
252.422
59.1557
-34.9295
-163.077
129.329
204.613
142.455
-142.206
-21.0597
-173.883
57.7991
29.2166
37.6428
-66.8594
-265.002
17.9035
-21.2757
-24.1389
-174.415
-66.8622
-97.1991
-227.425
-16.3633
-99.5315
-42.0589
10.3144
-251.326
-234.33
284.213
34.0054
33.4687
-9.29749
-18.5783
142.303
214.004
-31.5517
-117.949
17.394
9.27672
201.148
-210.425
41.2127
-7.87992
27.4806
-12.8305
94.2294
-149.687
37.4825
-8.05891
79.0865
-134.91
117.693
148.462
138.498
-3.40906
28.1294
6.46479
49.8475
-168.446
104.198
284.377
23.5834
-8.05357
-259.755
120.513
-104.938
98.0293
-135.605
-166.023
-180.071
24.1338
-78.25
-22.7377
32.2586
25.3828
0.826393
4.83793
-83.9815
2.04867
141.394
-142.25
-20.0375
30.3159
-95.8346
61.1085
111.31
-30.6963
6.70587
60.0142
-163.088
2.33266
-239.053
42.2231
33.7169
124.453
-192.474
-137.53
-173.899
104.852
-137.641
92.3847
204.961
114.879
-139.033
10.8561
18.2626
-18.0548
115.459
-177.552
-278.459
-1.90854
153.62
283.45
138.589
-92.5682
-86.4842
-5.14047
5.14047
86.7217
-304.243
-128.9
145.215
12.4831
-50.7651
0.941137
253.051
-14.4756
211.405
-23.3702
224.518
-221.023
241.749
37.5463
-76.1417
-3.40906
-6.36081
29.2753
-137.323
155.81
-40.0434
6.70283
14.6559
-176.34
140.547
-6.69909
-19.2264
6.0839
-47.834
-214.792
13.0399
-6.27923
-25.2725
49.3925
16.6571
-115.12
-30.2777
9.96324
-23.0746
-145.869
-197.466
-23.5268
-134.841
-0.579387
135.421
18.8799
317.535
83.8312
32.8369
-197.228
-149.046
-56.9026
-169.746
-130.008
-236.134
-169.367
153.257
146.274
-4.87957
207.363
-108.295
2.42477
292.912
269.119
-209.105
-52.5843
-73.5986
137.146
40.138
-88.8483
277.343
-14.7938
15.7222
196.902
17.1027
35.219
5.95529
0.520303
0.528472
-0.486143
-0.461858
-0.493022
-0.45833
0.1261
0.843018
-0.33735
217.476
41.339
-32.7931
-218.057
288.445
-113.89
321.253
2.2964
-26.4353
-16.1142
-47.9725
56.1054
34.673
235.38
-47.4229
-14.0669
-122.629
117.574
25.177
-214.196
-92.507
-157.279
142.829
-174.99
94.848
-10.2015
-9.45789
3.31377
-130.408
-14.2864
-13.7291
16.1088
7.85747
-5.39176
-2.48479
-37.5238
16.236
-48.278
-4.81294
-158.36
-2.48479
-148.411
-86.4361
209.689
12.3253
24.0699
-25.1329
80.8496
-355.652
-60.5547
38.3517
4.26094
133.358
-281.672
-108.935
110.539
287.881
135.408
225.567
2.65568
8.72275
-1.40382
-5.4253
-21.01
13.6145
28.2916
130.358
5.05047
-113.109
15.7298
34.2671
24.5367
-10.9222
-7.12187
253.339
-12.4134
-175.205
)
;

boundaryField
{
    frontAndBack
    {
        type            empty;
        value           nonuniform 0();
    }
    bottom
    {
        type            calculated;
        value           uniform 0;
    }
    inlet
    {
        type            calculated;
        value           uniform -2000;
    }
    top
    {
        type            calculated;
        value           uniform 0;
    }
    outlet
    {
        type            calculated;
        value           nonuniform List<scalar> 
14
(
1999.99
1999.99
1999.98
1999.99
2000
1999.98
2000.01
2000.02
2000.01
2000.02
1999.98
2000.01
2000.02
2000
)
;
    }
    car
    {
        type            calculated;
        value           uniform 0;
    }
}


// ************************************************************************* //
