/*--------------------------------*- C++ -*----------------------------------*\
  =========                 |
  \\      /  F ield         | OpenFOAM: The Open Source CFD Toolbox
   \\    /   O peration     | Website:  https://openfoam.org
    \\  /    A nd           | Version:  7
     \\/     M anipulation  |
\*---------------------------------------------------------------------------*/
FoamFile
{
    version     2.0;
    format      ascii;
    class       volScalarField;
    location    "7";
    object      p;
}
// * * * * * * * * * * * * * * * * * * * * * * * * * * * * * * * * * * * * * //

dimensions      [0 2 -2 0 0 0 0];

internalField   nonuniform List<scalar> 
7639
(
0.597724
0.0318642
0.892691
0.5749
-0.00316481
-0.000149167
0.889179
-0.0194649
-0.000454585
0.252048
-0.000141003
0.00864926
-0.0290011
0.129019
0.260832
-0.0366024
0.615913
-0.0380976
0.00450567
-0.15525
0.174518
0.0056502
0.0965252
0.463213
-0.0494249
0.618723
-0.00291128
0.157557
0.391336
0.00983893
-0.0516923
1.31303
0.0951943
-0.00180361
-0.000402567
0.206368
0.010887
0.861419
-0.0162176
-0.00126085
-0.0147213
-0.0356344
-0.141997
-0.0321933
-0.000762081
-0.000316905
0.00558693
-0.0163539
-0.000265193
-0.151603
0.0129225
0.15058
-0.0623173
-0.002405
0.20525
-0.0173345
0.00502451
-0.019577
-0.0792358
-0.00189125
0.000130758
0.0165864
0.129274
0.00950997
-0.00362734
-0.0503607
-0.00037584
1.32888e-05
0.194987
-0.0151719
-0.00029218
-0.128194
-0.0477285
-0.0815381
-0.0367226
-0.112951
0.879367
0.170756
0.161941
-0.146702
-0.0278456
0.792256
0.245205
-0.0842698
-0.00530935
-0.00835063
-0.0208467
-0.0604197
-0.00243512
-0.0162943
0.400604
-0.0497913
-0.000512879
0.00459612
-0.0130008
-0.0828744
-0.123137
0.00466222
-0.00583486
-0.00433717
-0.139421
0.177691
-0.012376
-8.28782e-05
-0.0375679
0.41276
1.13741
-0.0183593
-3.48589e-06
0.0905901
0.545149
-0.0830785
-7.02333e-06
0.0960157
0.412645
0.00163882
-0.0877786
0.335173
-0.0920085
-0.0827082
-0.144613
0.760871
-0.134657
0.0371855
-0.141312
-0.00357986
-0.0457281
0.00760428
-0.00382125
-0.0508972
-0.126919
0.162195
-0.00225006
-0.00286683
-0.0872006
0.528769
0.929
-7.20386e-05
0.0288376
-0.180514
-0.0772939
-0.105461
-0.113336
-0.0779431
1.15109
-0.0358118
0.395288
-0.0757428
-0.10678
0.757913
0.197598
-0.0338533
-0.00540893
0.156334
0.244334
0.803988
-0.127454
-0.0288704
1.08777
-0.000240799
0.00238227
0.480238
-8.08425e-05
-0.00743529
-0.0146668
0.590245
0.592234
1.12472
-0.00851764
-0.011257
1.46819e-05
-0.150372
0.00161677
0.0448934
0.0310864
-0.105086
-0.00189312
0.338646
-0.000508811
-0.00185781
0.585442
-0.000239676
-0.000433088
0.895253
0.0219445
-0.0748237
-0.0863594
-0.0761247
-0.0438024
-0.176936
-8.68244e-05
-0.118442
0.350172
-0.0124927
0.000249074
0.45057
-0.00467987
-0.0477441
-0.0437764
1.74508e-05
0.00348384
0.540594
0.41483
0.805296
-0.0757044
-0.0721234
-0.144089
0.171886
0.531718
-0.000815715
0.00011406
1.08685
-0.0315521
-0.00235043
-0.113282
-0.0478183
0.736002
0.749911
-0.113406
1.24845
-0.00434022
-0.0377356
-0.142877
0.206519
-0.173119
0.511469
1.08812
0.000210408
0.0389755
0.355488
-0.0153368
0.328142
-0.00207462
1.20237
0.786845
-0.0207659
0.0107197
-0.00117166
0.311486
-0.00036967
-0.0225532
-0.168757
-0.000292084
-0.00506306
-0.00165333
0.372331
-8.17698e-05
-0.0169361
-0.142205
1.30968
0.145767
1.16169
-0.000181941
-0.049774
-0.000738992
0.837652
0.01603
0.933208
0.0058513
0.00297009
0.028355
0.178022
0.00224499
-0.000886643
0.00199534
-0.0161123
-0.0713368
-0.000170559
-0.123131
-0.0139659
-0.000558903
-0.00245591
0.893168
-0.0288294
-0.00296581
1.23631
-0.00558262
0.576566
-0.000819742
0.0051649
2.43459e-05
-0.0831422
0.199238
0.0104377
-0.0794634
-0.00159531
-0.139998
-0.0563724
-0.000707394
0.00192495
-0.00823722
-0.0277141
0.0115917
-0.0046758
-0.080564
-0.0611143
-0.0796744
-0.00922821
-0.100363
0.785052
0.81321
-0.00578675
-0.0454875
-3.33329e-05
-0.00879534
-0.0842788
0.451738
0.272566
0.00034964
-0.00803439
-0.0977397
0.39246
-0.00386288
0.014121
0.00480757
0.14001
-0.128943
0.753537
-0.00622283
0.0302289
-0.00045756
0.0162606
-0.000214926
-0.0608379
-0.00135
0.0196633
-0.102947
-0.0971834
0.00994545
0.0345421
-0.00286671
0.0802833
-0.0255092
0.203804
0.378933
-0.180958
-0.0425046
-0.0582749
0.020306
-0.163963
1.15027
-0.0307849
0.117144
1.22375
-0.00599103
-0.00675296
-0.0443204
-0.00415463
-0.0282797
0.0249764
-0.0106812
-0.00798184
0.374441
-0.000281719
0.00214317
0.000282158
-0.0130517
-0.026183
-3.93552e-05
-0.00429723
-0.0758721
1.08066
0.0128622
-0.031069
1.01948
0.670625
0.178907
-0.0225706
-0.152658
0.0195025
0.569933
-0.0408863
0.659144
-0.0515514
-0.142209
0.422628
0.664149
-0.117403
0.258148
0.502269
0.603597
0.168562
-0.0117803
-0.016232
-0.000357512
0.0168432
-0.0417755
0.00394395
-0.000431908
-0.00621062
-0.141694
0.215338
-0.0610747
-0.0089144
-0.014573
0.0231917
-0.0265258
0.00725047
0.435139
-0.00728981
-9.98433e-05
-0.000234587
0.000164662
-0.0734864
0.364506
-0.0153283
0.107229
-0.178105
0.844914
0.0131103
0.0264552
-0.0196521
0.865119
-0.00415062
0.746968
0.402924
-0.000470538
-0.0567763
-0.0126859
-0.100974
0.00221994
0.196069
0.0140206
0.0246541
-0.00334352
0.343116
0.399501
-0.0854473
-0.0753839
-0.00870995
-0.0491414
0.157444
1.29265
-0.0612443
0.0180946
-5.19672e-06
-0.0481782
-0.00873783
0.0734856
-0.153826
-0.0580358
0.90068
0.365034
-0.126103
0.471152
0.849457
0.104713
0.00481494
0.594929
-0.00347767
-0.000736271
-0.062522
0.000314775
-0.158736
0.000362377
-0.0769353
0.00755477
0.461679
-0.00690776
-0.000106787
-0.153484
0.00678988
0.104184
-0.134103
-0.175384
-0.00440225
0.358884
0.297686
0.305615
-0.000818884
0.195805
0.219896
-0.00207829
-0.0589279
0.00237773
0.0240589
-0.00570235
0.0186017
-0.00305422
0.305708
-8.79214e-05
0.00074765
0.00772662
-0.0755533
0.0796037
-0.0730963
-0.0895074
-0.0688654
-0.178718
0.0342088
0.577281
-0.0634961
-0.0250265
1.21537
-0.120748
-0.0275556
-0.0880232
-0.0209452
-0.0713352
-0.0371751
0.10757
-0.0452477
-0.00011457
0.0946361
-0.000390816
0.785566
0.201487
-0.0183266
-0.0499936
-0.000753312
0.794937
0.718081
0.16336
0.323876
-0.125615
0.958247
-0.000263692
0.0761041
-0.0636331
0.355834
1.12654
0.131893
0.350723
-0.0062976
-0.000816727
0.282252
-0.101521
0.83161
0.109644
0.506194
-0.026233
0.860805
0.684626
-0.0332107
-0.028163
0.235886
-0.179594
-0.00034812
-0.0462721
-0.171984
-0.126518
0.0431694
0.0356085
-0.000506745
0.724417
-0.00347795
-0.000418238
-0.0507724
-0.00192793
-0.000891127
0.0137856
0.503831
-0.139399
1.05642
0.000222314
0.496623
-0.0430163
-0.000315704
5.98166e-05
0.38728
0.485343
-0.0152286
0.443187
8.49487e-05
0.466601
-0.179224
-0.0346332
0.886004
-0.109074
0.298712
-0.0844783
0.461758
0.479066
-0.0569182
-0.0716981
-0.0215776
-0.0106314
-0.000804251
-0.00406835
0.624302
-0.000118259
0.44863
-0.129708
0.72533
0.427739
-0.176029
1.02951
-0.00604015
0.0221726
-0.064362
-0.0683919
-0.0238794
-0.050506
0.111409
1.18762
0.000148796
-0.00712555
-0.0852241
1.90394e-05
0.799158
0.00692455
1.76287e-05
0.00072131
0.00143058
-0.0586503
0.0717313
-0.00574494
-0.00034926
-0.0252365
0.010502
-0.171932
-0.162344
0.0805261
-9.35447e-05
-0.184256
-0.0450836
0.259448
0.713021
0.00452489
0.282721
0.000560473
-0.0433486
0.229037
-0.0238888
0.540592
-0.0443674
0.0858833
0.237194
0.357944
0.0175507
-0.0355967
0.412915
-0.146011
0.853664
-0.0320357
0.601469
-0.0319379
-0.00432538
0.334964
0.00868229
0.225376
0.00723007
1.56296e-05
-0.180721
0.422576
0.00544499
0.255727
-0.0420968
-0.190286
0.0288018
-0.0758046
-0.00617626
-0.030098
-0.138241
-0.0909652
-0.0335676
-0.000588014
0.897519
0.274878
0.10675
-0.000766342
0.679293
4.51409e-06
-0.000704636
0.298315
0.00769439
0.367546
0.155332
0.0629848
-0.0347503
-0.160669
-0.00240478
0.00489407
-0.13064
-8.59682e-05
0.0143666
0.517902
-0.0542053
-0.01028
-0.018689
-0.00723138
-0.00155051
1.21233
-0.0338678
-0.00209419
-2.62632e-05
0.326647
-0.0936567
-0.00124268
-0.0101269
0.376092
0.221216
-0.116517
-2.46904e-06
0.411746
-0.0531746
0.440225
0.060202
0.0735185
-0.0959104
-0.000372691
0.231519
0.202609
0.0574695
-0.117248
0.622695
0.0225187
0.401038
-0.00875021
-0.0509826
-0.00148669
-0.0038333
-0.000426841
0.377904
0.550777
-0.00546956
0.0701087
-0.057405
-0.0913992
-0.105277
-0.00687221
0.0707198
1.17484
0.0420971
-0.000223274
0.217927
-0.0132721
1.00851
-0.0418785
-0.0367136
-0.00158299
-0.041962
-0.0217335
-0.0268624
-0.0115923
0.00577658
0.0964159
0.00037462
-0.165632
0.0102819
0.769659
-0.111852
0.383975
0.00758262
-0.0553
-0.0356166
0.475932
-0.0253465
0.000370263
-0.0517886
-0.018694
0.077264
-0.0865209
-0.0744649
0.00541471
-0.0490604
-0.0115748
-0.131292
1.53757e-05
0.128995
-0.116944
0.329533
-0.0513654
0.224284
-0.128048
0.701707
0.0293135
-0.0988826
-0.0348118
1.06476
-0.138548
-0.0437889
-0.166279
-0.061015
-0.144217
-0.0797698
0.394599
-0.010216
0.557244
0.0320723
-0.00146795
-0.00442008
0.193797
1.31741
0.00412118
-0.0422201
0.39371
7.22999e-05
-0.0685185
0.0978876
0.0311002
0.0325891
-0.00592283
-0.0835533
-0.0106074
9.55268e-05
-0.103765
0.563634
0.0147277
-0.0553949
0.00694381
0.39328
-0.00143336
-0.00461435
-0.00136165
-0.00287549
0.0947598
0.0182416
0.0122552
-0.0593715
0.000148867
-0.146818
-0.0873383
-0.161353
-0.0449335
0.0536368
-0.000811789
-0.0423657
-0.139815
0.0724472
0.729256
-0.00461989
-0.155409
-0.017304
0.0352368
0.342962
0.00158458
-0.000608403
0.254369
0.0519811
0.055139
-0.010935
-0.00770754
-0.127807
-0.00068605
0.00509065
-0.0447763
0.63411
0.563588
-0.0448614
-0.111855
0.0266752
0.0183226
0.0428121
-0.125558
-0.0251861
-5.98916e-06
0.0347845
-0.0803843
-0.138663
0.0205832
-0.125905
-0.00151326
-0.0109922
0.432717
-0.0918704
-1.81948e-05
-0.010364
-0.1137
-0.00063894
-0.0323846
-0.000206205
0.0152949
-0.166365
-0.0480496
-0.000101096
9.96945e-05
0.285635
-0.090449
0.80111
0.577244
0.0297841
-0.00218231
-0.02859
0.000777396
-0.126474
-0.130451
-0.00499925
-0.0538439
0.556661
0.0315692
0.000966283
0.0230271
-0.145575
0.00717563
-0.040102
-0.135092
0.0100906
0.0586151
0.167471
0.0312563
-0.0727477
-0.0770066
0.410278
-0.0484851
-1.97169e-06
-0.144999
-0.150516
-0.0572551
0.0161268
0.00274677
0.0306202
-0.160245
0.0860709
-0.0878011
0.288616
-0.0660199
0.0220594
0.0516629
0.0477009
-0.0890988
-0.126369
-0.000413035
0.323269
0.447708
0.0211334
0.439287
-0.116099
0.116902
-0.0897136
0.431469
0.231953
1.16871
1.11806e-05
0.23495
0.385207
0.0393354
-0.00423123
-0.0466868
0.00859872
0.000137827
-0.0465375
-0.099323
-0.0510884
-0.0560642
0.000451168
-0.0953216
-0.00108642
-0.00254564
0.509525
0.0185898
0.134481
0.0553028
0.442471
0.03197
-0.00116422
-0.124045
0.0227974
0.763241
0.00354675
-0.104963
-0.000668769
-0.00158783
0.0210867
-0.0754904
-0.000105071
-0.0278879
0.0774419
-0.00552791
9.79026e-05
-0.000154602
0.33173
-0.0252914
0.0188519
-0.00317071
0.0238172
0.0417292
0.0237345
-0.000857625
0.741745
-0.10296
0.469766
0.640175
-0.000619902
0.11543
0.250651
-0.00220329
-0.000785645
-0.00125588
0.0265508
0.0465563
-0.0215218
-0.0421317
-0.136506
0.370881
-0.130463
3.00074e-05
-0.0492197
-0.0454332
-0.089459
-0.0117388
0.0164618
0.00345114
0.0729934
-0.00147739
-0.000692479
-0.0437777
-0.0117718
-0.0627508
-5.09356e-05
-0.0378396
0.0875731
-0.00548122
-0.0276632
-0.0224134
-0.030152
-0.0236036
-0.0141367
0.0290698
-0.0243525
-0.000313084
-0.00115191
0.0615673
-0.0312902
-0.0134473
0.0230181
0.00895597
-0.189678
-0.0284957
0.339879
-0.032133
-0.123933
-0.0583845
-0.0571729
-0.0396984
-0.0102255
0.00609167
-0.00960555
-0.0353315
-0.0409786
0.415546
0.327193
0.129102
0.71081
-0.000216652
-0.00868366
-0.0417225
-0.0210173
0.210315
-0.0512662
0.126355
-0.0112541
0.448731
-0.00528357
-0.00443181
0.0497848
-0.0362684
-0.000640507
-0.0493295
-0.0159107
-0.0527556
-6.63879e-05
-0.0178415
0.00539946
-0.0444333
0.092501
0.0896447
0.0491904
-0.0357462
-0.078609
0.258811
-0.00349027
-0.00537383
-0.00577753
1.01137
-0.000277024
0.175725
-0.0536894
-0.0517323
-0.0665686
-0.0949058
-0.0720061
-0.0852093
-0.0459962
-0.0124857
-0.000287989
-0.0115498
-0.0545248
0.226841
0.00456587
0.321424
-0.0820964
-0.0338095
-0.00255596
-0.072208
-0.000302322
0.323536
-0.0755222
-0.0657459
-0.0599764
-0.0102077
-0.0799069
-0.00465454
-0.100938
0.230954
-0.0648866
-0.143171
-0.00401746
-0.0678496
-0.0467548
0.0399295
-0.00878429
0.310734
-0.00656462
-0.0483048
-0.00186982
0.346731
-0.0967901
-0.0664352
-0.00878964
-0.0252055
-0.0074751
0.406662
0.0471732
0.425011
-0.0127056
-0.00226423
-0.00346507
-0.00630601
0.369786
-0.145738
-0.0183601
0.000891261
-0.0174695
-0.0170969
-0.00247787
-0.0292613
-0.0399202
0.138614
-0.0134061
0.0141351
0.987473
-0.149802
-0.0725199
-0.140121
8.25177e-05
0.17818
-0.00961198
-0.0675663
-0.0151407
-0.0888557
0.0120621
-0.00147883
-0.00786628
0.00869693
0.426162
-0.0157472
-0.00486504
-0.0125838
-0.124217
-0.0223253
-0.0562292
0.0118323
-0.0233494
-0.0239594
-0.00889865
0.434398
-0.113917
0.00861285
-0.0113698
-0.0694138
-0.0366591
-0.122164
-0.00382968
0.211746
0.0597013
-0.0210831
-0.00470288
-0.0357065
1.04319
0.42958
-0.0299164
-0.00160244
-0.00647729
0.0179256
-0.0107829
0.0543136
-0.00115441
-0.0353818
-0.00539371
-0.0442278
-0.105453
-0.00290687
-0.0271075
-0.00371572
0.663884
-0.0173038
-0.0308854
-0.00532991
-0.00527746
-0.0752473
0.119338
0.922559
-0.028526
-0.0301644
-0.00576264
-0.00129427
-5.87855e-06
-1.38453e-05
-0.0269188
-0.00182575
0.246566
-0.00185753
-0.00494969
0.0219697
-0.000723919
-0.109553
-0.11599
0.0445991
0.0983992
0.0667926
0.0989023
-0.0694494
0.208257
0.16361
0.218849
0.272343
-0.0340998
-0.00240077
-0.0152205
-0.129143
-0.00949406
-0.0393264
0.0774986
0.698108
-0.10251
-0.00134084
-0.000100857
-0.0040102
-8.23346e-06
0.0249816
-0.00153596
-0.0120108
-0.117589
0.00143954
0.00714999
-0.000615017
0.161464
-0.0403913
-0.0505022
-0.00328782
0.673188
0.593522
-0.0267054
-0.117926
-0.0703071
-0.0617616
-0.0377663
-0.00508421
-0.144425
-0.0641562
-0.101919
-0.0850026
-0.00016069
0.409847
-0.0237057
-0.0256543
-0.0581242
0.0488019
-0.00146922
-0.0223319
-0.00373332
0.0358286
-0.00409189
0.359016
0.000920627
0.0264362
-0.00114779
-0.109928
0.0234456
-0.00208586
0.0357114
0.00108212
0.0638199
0.264485
0.00514201
-0.00394523
-0.000358436
-0.00157996
-0.00139852
-0.147703
0.276948
0.0524954
-0.000750526
0.0254081
-0.00127016
0.482266
-0.144577
0.534662
-0.105968
-0.00125101
-0.000808689
-0.0195382
-0.0150988
-0.00174212
-5.71917e-05
0.0648055
0.0737873
-0.000661927
-0.000936554
-0.0507638
-6.86457e-05
0.363102
-0.00258293
-0.128137
-0.0490227
-0.0170116
-0.134145
-0.145944
0.329936
-0.0311835
-0.0520058
-0.000885188
-0.137129
-0.0528486
0.0448076
0.215341
0.733164
-0.00320781
-0.143463
0.0359623
0.649012
0.0982662
-0.00034122
-0.0161541
-0.0109318
-0.0133066
-0.116984
0.210749
0.000451922
0.0531883
0.00814681
0.183287
-0.00144277
-0.00035929
-0.0992668
0.592611
-0.132133
0.321611
-0.00337921
-0.000567685
-8.15356e-06
-0.131717
-0.102395
-0.00095432
0.240876
0.0293283
-0.0142959
0.848108
-0.00110239
-0.00992342
-0.140816
-0.0388069
-0.00616066
0.297416
-0.104474
-0.000468219
0.0356756
-0.000504031
-0.000291388
0.308451
0.0107367
-0.00125196
-0.125584
-0.0623512
-0.0093641
-0.0468409
0.00634692
-0.0577883
0.00444491
-0.00940245
-0.154303
-0.0935529
0.0552612
-0.00249111
0.343612
0.443561
-0.131031
0.0260316
0.0494506
-0.0115178
0.360634
0.244497
-0.0706988
-0.000459299
0.0264458
-0.134067
0.0351286
-0.0688629
-0.00566303
0.113626
-0.0691882
-0.000389149
-0.000217283
-0.0552086
-0.0607364
-0.0655056
0.0257777
0.0396658
-0.107554
-0.000442473
-0.00374512
-0.000594513
-0.0778105
-7.33406e-05
-0.00521914
-0.0834145
-0.15693
0.240115
-0.00800978
0.0110948
-0.0536197
-0.0641752
-0.000367621
-0.113146
0.221156
0.342264
5.4364e-05
-0.000318477
0.348384
-0.00675113
-0.15141
-0.0990988
0.00891633
0.00124334
-0.166216
-0.022007
0.35652
-0.137214
-0.00399968
-0.0216591
-0.122437
-0.00157997
-0.000673113
-0.00249329
0.00421129
-0.124264
0.30788
-0.000589957
1.02994
-0.00240704
0.000284173
-0.00262985
0.000635839
0.000731842
-4.827e-05
0.000340708
-0.128581
-0.0019749
0.00112156
-0.000555899
0.309253
-0.0152164
-0.000542431
-0.000139012
0.757812
-0.0544359
-0.0353757
0.00303298
-0.00195493
0.144483
-0.000284596
-0.0303445
-0.151965
0.00577236
-0.0165955
-0.000277152
-0.000576276
-0.0758308
-0.114371
0.0190828
-0.13978
-0.0862501
-8.51608e-05
0.0545904
0.0816391
0.245953
-0.00465532
-0.000441924
-0.135089
-0.0162046
-0.00137892
-0.119688
-0.000390151
0.102999
-0.000270626
-0.0034599
0.0241247
-0.00555383
-0.140972
0.951125
-0.00438017
0.00070826
-0.126172
-0.113429
0.0244371
0.0124377
-0.000425596
-0.0778234
-0.000245582
0.420602
1.24605
0.182698
0.00804
0.00955349
-6.0443e-05
-0.0690721
-0.000173183
-0.0170425
-0.00457285
0.000951451
-0.00897383
-0.0242405
-0.000349038
0.00227886
-0.0200042
-0.000867421
-0.0248128
-0.0420274
-0.0065462
-0.00304581
1.11756
-0.00189227
0.00646353
0.00062049
0.0360774
-0.120902
0.0254861
-0.000496866
-0.000285366
0.00705123
-0.00031463
-9.60611e-05
-0.0290445
0.00181622
-7.4138e-05
-0.123387
-0.00587432
-0.136791
-0.00442247
-0.000196689
-0.0083355
-0.0130852
-0.0378419
-0.0523991
0.00609842
0.00135097
-0.00127463
-0.00532392
-0.00023251
0.585429
0.0041097
-6.2004e-05
0.00151884
-0.00540304
-0.000990584
-0.153275
-0.132542
-0.000379784
-0.0185038
2.57757e-05
-0.00679746
-0.000211848
0.0884589
-0.000397315
-0.000533041
-0.00907996
-7.68657e-05
0.0351441
-0.000627733
-0.00341581
0.0483955
2.163e-05
0.787983
-0.129198
-0.101785
-8.00538e-05
-6.46223e-05
0.00507392
-0.00320488
-0.12025
-5.32249e-05
-1.20761e-05
0.00193721
-9.49367e-06
0.000977069
0.00115978
-0.00125205
0.00205995
-0.12757
0.983484
-0.0762418
0.713256
0.0237719
-0.0414552
-5.89485e-05
-0.00237522
-0.0317426
0.000356412
0.000727994
0.000430966
0.154331
-0.00356388
-0.000614957
0.998688
-0.00145842
0.00151824
0.00130449
-1.53768e-05
0.0490896
-0.00576543
0.0029797
0.000306046
-0.00144041
-0.000196636
-0.00245906
-0.106787
-0.00113914
-0.0041376
-4.96435e-06
5.07824e-05
-0.000706524
0.412015
-0.00120597
-0.000766422
-0.16676
0.00991166
-0.000254418
-0.00359723
-0.000176312
0.378972
-0.173424
-0.000830614
-0.00105798
-0.00485489
-0.000451405
0.141058
0.259349
0.0935284
0.00130749
-2.16082e-05
-3.6441e-06
0.143932
0.000649158
-0.147144
-0.0518111
-0.0402508
-0.0566179
1.11783
0.00517387
0.42724
-0.0372876
-0.0725698
0.385429
-0.000971915
-0.157502
-4.12193e-05
-0.0234771
-0.120677
0.000131241
-0.110534
-0.00255526
-0.00466776
-0.0137743
-0.105712
-0.104222
-0.00793552
-0.142511
-0.109127
-0.000516689
-0.0312716
-0.000159166
-0.0926905
-8.36833e-05
-0.000513556
0.0563553
0.366094
-7.9986e-07
-0.111047
0.00940887
0.000182637
-0.0518237
8.10209e-06
-0.0353459
-0.000721315
-0.0954782
0.000315854
-0.000248498
-0.00534928
-0.000156541
0.357417
-0.0758999
0.180145
-9.84965e-05
0.00163428
-0.0809678
6.07359e-07
-0.138286
-0.159892
-0.135783
1.04102
-0.0169621
-5.43803e-05
0.0668353
-0.102535
-0.00654094
-8.95368e-05
-0.000243078
-0.116284
0.000314458
0.00229867
-2.82372e-06
0.000396339
-0.0702792
0.228065
-0.103329
0.230716
-0.0140001
-4.25971e-06
0.0174661
-0.114375
-6.28785e-05
-4.36503e-05
0.000824556
0.000154903
0.00104344
0.489379
0.0897392
0.000134829
1.99517e-05
-0.160929
0.442822
0.395907
-0.000129586
-0.0896635
-0.0474701
-0.0257306
-0.11799
-0.0212032
-0.00763502
0.31967
-0.000126502
-0.0660672
0.376873
-0.119499
-6.31643e-05
-0.150014
-0.000481616
0.626297
0.0736063
-5.71694e-05
-8.59178e-05
0.413622
7.17865e-06
-0.000496504
-0.0301827
2.0021e-05
0.541751
0.00913436
-0.018998
-0.15873
-0.00985078
-0.154018
0.408236
-0.0220076
-0.0244969
0.00259012
-6.347e-05
-0.00270533
-3.73248e-05
-5.529e-05
0.0692964
0.403238
0.338362
-0.00118236
0.533283
-0.0265487
1.15816e-05
-0.112795
-6.37691e-05
-0.0694028
0.0763365
-0.0357014
0.0116099
0.00484619
-0.0240395
0.000616688
-0.00438217
0.0527838
-0.00755581
-0.00014551
6.68838e-05
-0.000175457
0.0796676
0.000128492
-0.0531769
0.56393
-0.0155919
0.000120559
-0.00901374
-4.07005e-05
0.176017
-0.000953795
-0.000186666
-0.00023708
-4.31485e-05
0.464862
-0.00042169
0.519654
-0.147554
0.000272435
-0.1222
-0.00130561
0.352506
1.02353
-0.003698
5.05111e-06
2.89759e-05
-6.65179e-05
0.313697
1.2485e-06
0.00271582
-0.0608506
0.493472
1.09529e-05
2.81297e-05
6.32814e-06
5.53971e-05
-0.0518329
3.4931e-06
0.574218
-0.0395186
-0.000340312
6.79877e-05
-0.00539313
-0.0727317
3.0767e-06
-0.000160834
0.371834
7.6693e-05
-0.0793043
-0.0932247
0.000327991
1.77652e-06
-0.173059
2.71675e-06
0.369471
3.30291e-05
-0.00118856
2.22685e-05
-0.000475435
0.218904
3.21697e-06
-0.00427445
1.10816e-05
0.0354768
-0.00881102
-0.0164958
0.00253762
0.346376
-0.000737388
-0.000227952
-0.0227902
-0.0220405
-0.000656742
-0.000162681
-0.00236662
9.0424e-05
0.38285
-0.0257264
1.02014
-8.08929e-06
-0.0197088
-0.00044301
0.304936
0.0001334
-0.0649895
5.25068e-05
-0.00413593
-0.0826742
-0.00062115
-0.0398822
-0.120509
0.0132712
-3.9337e-05
-0.12527
-0.000885468
-0.000810117
-0.0143104
-0.0292308
0.0033618
-0.000158618
-0.00116222
-0.00234135
-0.00336042
2.18995e-05
-0.00317604
0.991407
0.000236501
-0.00843039
-0.0863481
-0.177319
-0.153041
-0.11705
-0.0544112
-0.00139191
-0.0344633
0.000184452
-0.000229186
0.996767
-0.000260858
0.397033
-0.00119006
0.00101389
-0.00297767
-0.103821
-0.00111466
0.00187569
-5.22428e-05
-0.00104795
-5.99869e-05
-0.000223068
-0.0379558
-0.000305501
-9.37661e-05
-0.000231942
0.000345495
-4.0261e-05
-0.103705
0.503271
-3.26163e-05
-0.00157523
4.33592e-05
6.90811e-05
-0.00219187
1.70174e-05
-0.00237286
0.000710243
-0.000975842
-0.155652
-0.00181101
-0.00472474
7.42896e-06
-0.00394453
0.000849547
-4.61575e-05
-3.35716e-05
2.88624e-05
-0.00208179
0.00138339
-0.108023
-0.0651322
-0.157519
0.001606
-0.00464989
-0.00526055
-0.158719
-0.000260484
0.041019
0.017774
-0.00270757
-0.0300174
-0.137266
0.915414
-0.00111999
-4.76036e-05
0.002295
0.000113428
3.79926e-05
0.175737
0.00953655
0.203865
-0.0823923
0.886218
-0.00136955
1.72801e-06
0.000371097
-5.87104e-05
-0.00353461
0.346123
0.4808
-2.37923e-05
-0.00046168
-5.96754e-05
0.458158
0.0516815
-0.0127452
2.54408e-05
4.25721e-05
0.0187252
-0.00181863
-0.169353
-0.0418626
4.70719e-05
0.00901394
-0.0745879
-0.000170347
0.00472432
-0.000194547
-0.111908
-0.00459805
0.330848
3.61171e-05
0.00431717
2.59647e-05
3.04194e-05
0.000424348
-0.0571526
3.06413e-05
-0.00237628
4.54767e-05
-0.0487723
-0.111676
-0.0075174
-0.0163409
-0.0218434
0.0234374
-0.0221288
-0.00641978
0.000159486
0.000250612
4.14084e-05
3.62188e-05
-0.000159287
0.0232099
-0.132898
0.00125648
-0.0929525
-0.00793127
-0.111388
0.000210416
-2.15099e-05
0.00337077
-0.0782717
3.77791e-05
-0.0941962
-0.0362314
0.0327964
-0.0909105
5.75606e-05
-0.00877903
0.000479221
-0.165831
0.301225
1.48593e-05
-0.141424
-0.0539752
-0.0107825
8.34522e-05
-2.93645e-05
0.0739109
-0.0414574
4.77537e-05
-0.0171738
-2.99236e-05
0.000533354
0.281082
-2.7558e-05
-8.84623e-06
-0.00024633
7.56921e-05
0.00231508
0.000212521
-0.0131684
0.000578959
-0.0315027
0.00284371
-0.000567036
-0.0745238
-0.103351
-0.0159332
-4.63933e-05
4.47096e-05
-0.129869
0.0148043
-0.114952
5.86934e-05
-0.0131381
-0.000104591
5.09787e-05
0.175826
-0.0176419
-0.00714454
-1.85694e-05
-0.0436261
0.000114863
-0.159377
5.60188e-05
-0.179489
3.10589e-05
-2.05976e-05
0.000204833
0.00262342
-0.111528
-0.0449822
-0.162848
2.72942e-05
0.000223713
-0.183467
-0.0540357
-0.0212354
-2.01819e-05
-0.0377999
-0.117232
-0.186211
-5.39986e-06
-2.82978e-05
-9.29466e-06
-0.116862
-0.156392
0.00184124
-0.0275731
-0.000163113
0.483127
0.000226507
2.21526e-05
0.000369081
-4.47352e-05
-3.11923e-05
-0.00921246
0.000270704
-0.00648915
-0.149334
-0.0325284
-0.141823
8.56844e-05
-0.000144814
0.131007
-0.0931404
-0.0119176
0.256206
-1.33012e-05
-4.53471e-05
-4.15186e-05
0.254005
0.000427484
-3.58071e-05
-2.50953e-05
-0.132883
-0.0383513
-2.4731e-06
0.000170608
-0.0231736
-0.0160692
0.0010705
0.486846
-0.134481
0.000509606
1.25697
-7.43663e-05
-0.00180045
-0.020256
-0.189263
3.39545e-06
-2.5082e-05
4.67125e-05
0.0123187
-0.0737078
-0.000897648
-0.11798
-0.0194078
5.32768e-05
-1.58107e-05
-0.0253459
0.000825186
0.00404951
-0.0879221
-0.110567
-0.0942667
0.0360206
-0.0644546
-0.000177778
0.00088587
0.0362227
0.00137014
-0.000239138
0.00194694
5.79799e-05
-0.000269994
-0.0300099
-3.72672e-05
-8.96196e-05
0.0966541
-0.0175706
-0.000455615
-0.000137461
-2.48604e-05
0.530049
-0.0166236
0.0020067
-0.0675541
0.00057128
0.00049083
0.000420744
-0.00014016
0.00122029
-0.0909785
0.0455465
-2.92068e-05
-0.000455116
-0.0982459
-0.0736215
0.115447
-0.00127531
0.00471532
0.0449067
-8.96917e-06
0.000136431
-0.104554
4.75639e-05
0.361307
9.11077e-07
0.0107027
0.000409813
0.000553491
-0.169135
-0.0184193
-0.0440534
-0.00615082
5.77163e-05
0.0172595
0.144997
-0.0305285
-0.000364861
0.218049
0.353971
2.09075e-06
-0.125285
-0.000189222
-3.81038e-05
-0.000127131
-0.00146452
0.0494913
-3.70057e-05
0.000613221
-0.0599995
-0.0630759
-0.054241
0.656014
2.60192e-05
-0.000193591
0.370384
-0.00640942
-0.00958459
-0.00168621
0.364971
9.34499e-05
-0.000839226
9.16632e-05
4.54712e-05
6.92299e-05
7.97671e-05
0.000174388
-0.044101
5.61669e-06
-0.00836046
-0.108511
0.519019
-0.000403768
-0.000140697
0.0120067
0.196403
-0.10119
-0.00194308
-0.168484
0.652661
9.75105e-05
0.839887
-1.81379e-05
0.00850474
0.060697
0.00109666
0.900245
-6.495e-05
-2.19546e-05
0.00298047
6.71477e-05
-0.00222631
0.000650822
1.27056e-05
-0.00502042
8.48283e-07
-0.000392392
-0.00838368
0.518037
0.127042
0.0549876
-0.107032
-1.85109e-05
-6.15726e-05
0.00866727
-0.121812
-3.61631e-05
-0.113617
-0.000152562
0.237261
0.146028
-0.0792143
-0.00347342
-0.028459
-0.00253224
-0.0367775
0.0110579
-0.0179791
0.152739
2.6122e-06
0.532615
0.0996393
-0.00150125
0.457542
-0.0333146
-3.80706e-05
4.18169e-05
0.000157081
-0.00056078
-0.000332301
0.522691
-0.00253342
0.535561
-0.00268387
0.361492
0.480369
0.265071
-0.0176933
-2.55764e-05
0.000130123
-0.0264776
-0.17422
-0.115268
0.00381436
2.81219e-05
-0.0937038
-0.000823134
-1.60026e-05
0.00258429
-0.00276596
-0.0016149
0.0818649
0.000178233
-0.118925
0.141343
0.000134968
0.000665876
-0.034136
-0.1333
-0.00189609
-0.00135135
1.37571e-05
0.000614562
0.198684
-0.0413069
-0.113681
0.00333805
0.229056
-0.0946165
7.06864e-05
4.19513e-05
0.0705772
-0.000265247
0.199696
0.00638106
-0.0338579
-0.00100943
0.00419679
-0.087023
-0.000124211
0.00124201
0.0123666
-0.178538
0.341001
-0.152216
-0.0661001
-0.000458883
-0.000129584
0.0170231
0.000103152
-0.181895
-0.157191
0.00142685
0.00870069
0.00961675
-0.167277
0.00161829
0.000463528
7.54599e-05
-0.0995313
5.90161e-05
0.00141544
0.275356
0.391765
-0.175993
0.11762
0.117713
0.0664599
-0.000446617
0.0315903
0.000297015
1.94048e-05
-0.000221883
-4.64516e-06
3.01529e-05
-0.000942118
-0.0192682
-0.0908068
-0.0245823
-0.068303
0.128981
0.107401
0.0103755
-0.15051
0.000384383
0.0119427
0.0285145
-0.00102463
0.18093
-0.00305361
-0.0272123
0.0312306
0.013919
0.00268912
-0.0102443
0.108854
0.00209806
-0.0491004
-0.0408947
1.05844
-0.0604172
0.193329
0.0771025
-0.0866897
0.00563347
0.000232363
-0.00664845
0.00011837
-0.00676198
-0.0621934
-0.00019536
-0.000156156
0.598941
-0.00836127
-0.102906
-0.047009
0.000487438
-0.00349131
-7.27144e-05
8.5751e-06
0.0984245
8.76196e-05
-0.00752268
0.183543
0.0160148
0.00285147
0.0467666
-0.0146141
0.0107856
-0.16233
0.00221097
-0.0112941
-0.13622
-0.00221741
-0.0204807
0.00193789
0.00337894
0.00251747
0.0960588
-0.000841271
0.0144093
-0.133201
-0.0511008
0.000772754
-0.133183
-0.0375682
-0.0431952
0.000237379
0.016866
-0.152448
-0.002175
-0.0122367
-0.124479
0.00125197
-0.00304434
0.481206
-0.0500317
-0.00011712
0.0209931
-0.118777
-0.00272461
0.423754
-0.00535559
0.00258982
0.141177
-0.00369557
0.021055
0.287435
0.000130943
0.00298134
0.000432232
6.31954e-05
-0.0113214
-0.0173545
-0.000372126
-0.0601323
0.230174
-0.0930527
-0.158437
0.00296837
-0.00832028
-0.00154242
-0.0804073
3.93869e-05
0.0452018
7.87248e-05
-0.0398217
-0.00502449
-0.0125174
-0.0400687
0.272352
-0.166407
-0.000151522
0.434337
-0.00487056
-0.00603008
-0.146318
-0.172392
-0.0388637
-8.92899e-05
-0.00279297
0.0184498
-0.00785958
-0.0120457
0.0010977
0.204049
-0.100357
-0.0280604
-0.0168534
0.065857
-0.00502798
-0.00162486
0.00433651
-6.24656e-05
-0.00788291
0.265583
0.00201866
-0.176692
-0.000185312
-0.018557
-0.00852735
-0.180407
-0.0288844
-0.198865
-0.00018052
-0.000176383
-0.00856655
0.0268615
0.00470261
-0.209702
0.208048
-0.117727
0.000455071
-0.21712
-1.22958e-05
-0.21977
-0.063132
-0.221054
-0.219603
-0.213629
-0.186705
-0.118175
-0.0805678
-0.0387526
0.0172453
0.0737446
0.287837
0.360106
0.435206
0.561353
-0.0203185
-0.0184917
0.158929
-0.0393075
0.00229222
0.0458968
-0.0992579
0.00139264
-0.00164726
-1.03409e-05
-0.0353251
0.0447964
9.91081e-05
-0.00080362
-0.0264285
-0.00829074
-0.224856
-0.0285403
-0.136436
-4.65388e-05
0.00145086
-0.00014456
-0.109898
-0.0219009
-0.0886845
-0.0227432
0.00443147
0.000550861
0.0120017
-9.38772e-05
-0.0133605
-7.63102e-05
0.000925834
-0.0127418
-0.0288128
-0.000616855
0.000808669
0.117011
-0.0258183
0.159894
-0.223088
-0.0173213
0.210062
-0.0467163
0.00942008
-0.0534225
-0.00823017
-0.0312648
-0.0304489
0.717511
-0.00320644
0.000152203
-0.0146106
-0.0221357
5.02707e-06
0.18893
-0.0100299
0.672227
-0.151092
-0.111461
-0.0661998
0.118588
-0.0116232
-0.000139941
-2.33056e-05
-0.0105868
-0.128093
0.000120886
0.73797
-0.00696645
-0.0123323
-0.000232804
-0.000996104
-0.0151512
0.141319
-0.0850612
0.272976
0.00161093
-0.0355762
-1.93758e-05
0.0671093
-0.0190739
0.0485672
-0.0269093
-0.0137253
-0.00196324
0.00336083
0.0296565
-3.68753e-05
-0.0234588
0.00144286
-0.0010292
0.0011668
-0.0411473
0.000586571
0.323405
-0.026486
0.00961933
-0.113471
0.0698746
-0.116786
-0.0282854
0.0998407
-0.0453649
0.39143
-0.00384465
-0.00860191
-0.12218
-0.00180383
-0.000135572
0.00109144
0.000210243
-0.00557909
0.0111075
0.000188858
-0.0334482
0.0545413
-0.00778408
6.81586e-05
-0.00833137
-0.104086
0.334451
-0.0814003
-0.115341
0.0206971
0.190651
-0.00316653
0.0928998
-0.0293243
0.0133401
0.0896873
-0.14214
0.249642
-0.000148708
-0.0718792
0.00290925
-0.00379191
-7.13637e-05
-0.0151277
0.245222
0.00232984
0.510356
-0.0514614
0.0242961
-0.039298
0.000368157
-0.0038936
0.15378
-0.162137
0.502149
0.0872461
0.0607498
0.3757
-0.102904
-0.0107664
-0.150211
0.00158102
-0.0830369
0.345039
-0.00722271
0.636129
-0.00362497
0.213485
0.000229226
0.231586
0.290978
0.00250179
-0.0489503
-0.000954468
-1.80351e-05
0.0132809
0.00512683
-0.0953491
-0.0872718
-0.014211
-0.0982953
0.358428
0.125161
-0.103741
-0.0391117
3.02094e-05
0.0106327
0.466209
0.0115783
0.363181
-0.143856
0.0134375
0.000179246
0.000973794
-0.051757
-0.00287578
-0.00651625
-0.0878575
-0.00157444
0.00854106
-0.0854057
-0.097865
0.442854
-9.72761e-06
-0.045193
0.000435047
-0.0626258
-0.000918695
-0.136694
0.281409
-0.0897417
-0.0586353
-0.00392084
-0.0373003
-0.00174873
-0.0130265
0.19179
-0.0684497
-5.41001e-05
-0.017797
-0.0100463
-0.00094519
-0.00620585
0.0301627
-0.0265155
-0.0830008
-0.000110724
0.336474
-0.0651705
0.017081
-0.000961374
-0.0198143
-0.000953366
-0.0221922
0.000692771
-0.0585583
-0.000295286
-0.0912002
0.00688814
-0.000280146
-0.027003
0.000739355
-0.0231917
0.00310725
0.368638
0.0030635
-0.023264
-0.022194
0.0096687
0.282546
-0.0361156
-0.0916664
-0.038244
0.000817215
0.275265
0.11689
0.00324483
0.000280921
0.128374
-0.10835
0.00646593
-0.0652096
0.00187021
0.000904267
0.0546225
-0.0667769
-0.0324895
-0.0277124
0.675939
0.0666084
-0.0672853
0.081412
-0.00110628
5.75072e-05
0.00400218
0.00738542
0.297432
-0.00887021
0.0499743
0.000225774
0.978273
0.914505
-0.00376698
0.429322
1.20883
-0.0726866
4.03743e-05
0.232587
0.301266
-0.00921959
-0.0577095
0.000443633
7.21459e-06
0.318913
0.0573356
-1.50406e-05
-0.129044
0.000209421
0.110897
0.121735
-0.0803636
-0.0837375
-0.0511797
-0.000742007
0.00287684
-0.0316994
0.191755
-0.10487
0.38708
-0.0242295
0.110014
-0.00493222
-0.000609774
0.00169703
-0.00719598
0.299141
-0.0122488
0.301444
-0.000713542
-0.164937
-0.103148
0.300618
-0.0158953
0.00102318
-0.0883114
0.000969758
0.0315667
0.258517
-0.0201557
0.333018
-0.0246124
-0.00864271
-0.187586
0.0767788
-0.151695
-0.0403298
-0.00230503
-0.0655204
0.00364841
-0.0231791
0.0040081
-0.0721561
-0.0296424
0.10643
-0.0102244
-0.171083
-0.0965074
0.0738776
0.082608
0.261253
0.0106368
2.59337e-05
-0.0160326
0.417849
-0.000260665
-0.0149584
0.00125904
-0.000653893
-0.0953451
-0.00136262
0.00838249
-0.00281419
-0.00426912
0.000831352
-0.0906913
-0.00463729
-0.0337167
-0.0157714
-0.00804139
0.733137
0.125748
-0.0821566
-0.0290152
0.00393282
0.000269403
0.0332783
-0.00267174
0.0210901
0.773029
0.257209
0.224646
-0.000600512
-0.039809
-0.00362314
0.0700935
0.196769
0.252533
0.328557
0.348252
-0.0349606
-0.00227965
-0.00561759
0.0906726
-0.0085363
0.364029
-1.49224e-05
-0.00383516
-4.61507e-06
-0.0130329
-0.0811998
-0.00576359
-0.032718
-0.0682941
-0.130909
0.344175
0.306014
0.0588133
0.308857
0.171394
0.1596
-1.35962e-05
-0.0175139
-0.0231865
-0.205163
-0.0126961
-0.0988481
0.1455
-0.168756
-0.0032254
-0.148419
0.232239
0.278734
0.13388
0.138553
-0.0893857
-0.0408587
0.0630789
-0.0128268
0.766037
0.000192045
-0.153043
0.151032
0.0438205
-0.00192226
-0.101174
0.965465
-0.0471822
0.140687
-0.00194324
-0.184383
0.000729892
0.494417
-0.111482
-0.0538849
0.124085
0.0500968
0.140267
0.875528
0.567856
0.00651817
0.00126629
-0.00673498
0.000396782
-0.0726407
-0.0140299
0.129598
-5.81336e-07
-0.00499053
0.18889
0.777841
-0.0607208
4.0085e-08
0.970661
-0.15791
-0.144761
-0.00969923
0.183385
-0.186119
0.120926
0.31197
4.40376e-07
0.281307
-0.0678446
0.000487943
0.0904461
0.0850665
0.129336
0.752828
0.888459
0.0130542
0.131284
0.00150339
-0.0868569
-0.0753986
-0.000315042
0.31032
-0.166581
-0.16114
-0.1347
-0.00196916
8.10958e-05
0.0128103
0.0416797
0.629433
-0.0832884
-0.00667971
0.000360196
-0.00889131
0.000197315
-0.0450236
-0.0913265
-0.021389
-0.0676532
-0.146024
-0.099737
-1.04915e-05
-0.0949907
-0.00689725
-0.172044
0.118115
-0.000120444
1.02688e-07
1.34987
0.807167
0.910944
0.540742
0.0454599
0.000238168
0.0586565
-0.0701002
0.000391274
0.667421
0.0226729
-0.00169542
0.175835
0.202351
0.100865
-0.205322
-0.125511
0.456472
-0.211451
0.102868
0.0168766
-0.207767
-0.205897
-0.0833253
-0.0410462
0.00280665
0.0561806
0.320338
0.394738
0.155734
-0.100891
1.11893
-0.0131629
0.0649068
-0.126321
0.0149202
0.24071
-0.0126559
-0.0227132
-0.169472
-0.213368
0.0974746
0.00032819
-0.112646
0.858153
0.0330096
0.729831
0.555519
1.06373
0.117071
-0.211843
0.862486
0.0633825
0.250569
-0.00245181
-0.0118297
0.000858824
-0.101158
0.210668
-0.0790883
-0.11542
0.00152576
-0.116548
0.0710861
0.00186111
0.212827
-0.090865
0.00322152
-0.000464504
-0.215198
0.0118626
-0.0203176
-0.0570925
1.04837
2.37638e-05
-0.119892
0.00576477
-0.0298938
0.0150898
0.0852877
0.00318934
-0.155491
-0.000206082
-0.0109119
0.199688
-0.0127669
-0.0781621
-0.0156847
0.000103551
0.063663
0.117141
-0.106407
-0.0590033
0.0909328
-0.00774252
-0.0051038
0.3152
-7.41904e-06
0.105167
0.0732111
-0.14564
-1.27826e-05
-0.00402259
-7.3595e-05
-0.0807012
0.337764
-5.54728e-05
-0.020134
0.000236324
0.0110876
-0.0539756
0.000509527
-0.0950944
-0.126209
1.3897
-0.000143243
0.16409
0.00375609
-0.00184426
0.00183555
0.180329
-0.0338193
-0.104342
-0.113977
0.55135
-0.0630849
0.241672
1.11225e-05
0.54746
0.0779796
1.84515e-05
-0.159194
0.200877
-0.00102511
-0.000134439
-0.104635
-0.090157
1.36915
0.000100317
-0.0844361
-0.106096
-8.44396e-05
0.0504127
0.00127351
-0.0585477
0.417084
-0.0832944
0.0732514
0.0156379
-0.000418405
0.653631
0.836693
0.00409399
-0.0117928
-0.121304
0.58015
-0.024485
-0.000498548
0.163647
-0.180451
-0.123876
-0.00298417
-0.00425195
0.118072
0.0586242
-0.062155
-0.131692
-0.164985
-0.0744379
0.114198
7.92928e-05
-0.0506462
1.34064
-0.0029077
-0.00417367
-0.0101141
1.0344
0.255767
3.29064e-06
6.9432e-06
0.366145
0.364677
-0.0676279
-0.131802
-0.11994
-0.000126111
0.0591314
0.033922
0.295919
-0.00923703
0.461315
-0.0472253
0.0819529
0.823503
0.000568669
-0.0255064
-0.191672
-0.182315
-0.0464688
2.23516e-05
0.692969
0.152911
0.0859793
-0.0629925
-0.145935
0.000154001
0.390389
0.00159348
0.00028754
-0.0914173
0.173296
0.00367302
-0.024753
-0.0886511
0.280867
-0.00654237
-0.0952215
0.00196576
-0.0776306
0.000942723
-0.0182115
0.000904784
0.0787402
-0.0657706
0.376974
-0.0214566
-0.000214813
0.000566959
1.20342
-0.000159078
-0.0839379
-0.109916
0.606659
0.112488
0.000246763
-0.033248
-0.0407888
-0.128823
0.162325
-0.110952
0.240511
-0.0329942
0.104865
-0.0442461
-0.0184678
0.616405
0.00582394
-0.0282291
0.344645
0.296566
0.959148
-0.0944928
-0.0718913
-0.00213501
-0.0686043
-0.137881
0.222145
-0.00230693
0.0778193
0.000335622
0.0432469
-0.00668829
0.0435317
-0.0609463
-0.0310374
-0.00382858
-0.0521838
0.000272161
0.0983007
-0.0991147
-0.00330982
0.000149164
0.00624511
1.2323
-0.186641
-0.0399469
-0.00707961
-0.000560174
0.74844
0.0872717
3.07615e-05
0.0182967
-0.190222
-1.7276e-05
-0.00184202
-0.0910687
-0.024179
-0.0124199
0.273512
0.64581
0.638242
-0.092311
0.00105866
-0.106506
0.000241322
0.388378
1.06046
0.00025807
-0.00189975
0.0521038
1.10762
-7.4244e-07
0.596383
1.15541
-0.106105
-0.0258195
-0.00677046
0.603245
-0.0150875
-0.174415
1.00284
-0.0125005
0.651044
-0.0533095
-0.0230296
1.01521
0.193023
0.618974
0.559147
0.0058712
-4.46378e-05
0.402207
0.172232
-0.0352038
-0.192588
0.0225562
-0.170947
-0.0337751
0.604021
0.000585247
-0.0138459
-0.159955
-0.0731458
-0.0639834
-0.133983
-0.101663
0.65814
0.136454
0.0592016
0.972709
0.00221379
-0.000116099
0.138025
0.105406
0.149332
-0.000603772
0.0166556
-1.46274e-05
-0.0794942
0.0475739
-9.61688e-05
-0.00289906
0.00174118
0.000166784
0.194899
-0.0197198
0.000816444
-0.0220817
-0.177336
-0.0221144
-0.00721966
0.646656
-0.0465011
-0.0352035
0.00329121
-0.0345285
0.000136518
-0.0825124
0.282168
0.00512616
0.312349
0.0207126
0.218823
0.356181
0.458212
-0.0579391
0.804437
-0.0323474
0.689454
-0.190231
-2.9613e-05
-0.0271936
-0.0433152
0.0654617
0.323145
-0.130875
0.000637636
1.38129
0.018796
0.285275
-0.0867919
0.151133
0.184989
0.00207849
-0.0716943
-0.167095
0.00564945
-0.00178953
-0.0250236
-0.0893321
-0.0117476
-0.0175128
-0.169621
0.384602
-0.0124951
-0.0796572
-3.64161e-05
1.14779
1.28621
0.0152084
0.000168725
-0.067538
0.00184705
-0.0725865
0.00023934
0.113878
-0.0638326
0.000404974
-0.00156487
-0.101019
-0.00204435
-0.0446413
-0.0660241
0.738445
-0.164955
0.694695
-0.00166235
-0.0255891
-0.0348113
0.130824
0.124904
-0.111938
0.00514473
-0.0342802
0.568598
-0.0860148
0.000762295
0.000114113
-0.00678628
7.87437e-06
-0.0167263
-0.00439357
0.0310081
-0.0152724
0.281063
9.55095e-05
0.00360429
0.459209
0.525893
-0.0599198
-0.00494751
0.387198
0.000623448
0.000654477
0.11052
-0.00276326
1.02941
-0.0871221
0.633469
-0.155399
-0.000108732
-0.0202943
0.88035
0.618695
0.0407093
0.00930669
-0.000599774
0.283767
0.138028
0.0343844
-0.00311757
-0.0314048
-0.120638
-3.66699e-06
-0.0552754
-0.107769
-0.0797767
-0.0120788
1.06893
-0.0105666
-0.0597512
-0.0851948
0.0013606
4.90432e-05
0.00376285
-0.0125956
0.776169
0.030354
0.000170113
0.00193338
-0.140007
0.932757
0.000473397
0.00160104
0.0934711
-0.0778507
0.871144
-0.0718137
0.699156
0.639199
0.000450318
0.593588
0.662657
-0.0657357
0.105801
-0.000560819
0.687553
0.00132292
-0.000285894
-0.00956749
0.458423
-0.0193035
0.431225
0.0050017
1.07615
0.00604618
-3.52297e-06
1.42111
0.0959532
1.17242
0.295763
-0.194253
0.0484122
-0.137178
0.854188
0.000556909
-0.000321968
0.134562
-0.00193249
1.04181
-0.196222
-0.20416
0.00526186
0.180868
0.263188
-0.162434
0.0344277
-0.0571352
-0.0116079
0.0688578
0.000982934
0.00769642
-0.0580624
-0.0611603
-0.0968206
0.136128
0.00671466
0.215175
0.156833
1.14151
-0.118042
0.0808188
0.0010316
-0.182378
0.698288
-0.0117206
0.255231
0.517312
-0.0636848
0.0396685
-0.160371
-0.000178427
-0.0101327
-0.00610386
0.0200653
-0.0121326
-0.166039
0.000260038
0.32864
0.223712
0.437821
0.253599
0.51131
0.0296354
0.154519
0.0498562
0.0629529
-0.0451572
-0.193854
0.176185
0.684675
0.101584
-0.0132241
-0.14692
0.238026
-0.0174038
-0.181925
0.438507
-0.0413905
-0.086192
0.30349
0.0880214
1.01188
-9.6455e-05
3.93104e-05
-0.133603
0.727089
0.80976
0.591927
0.79472
0.145711
-0.0144824
-0.0239336
0.164379
-0.0433338
-0.00340893
0.0667126
1.07505
0.015459
0.709406
0.279153
0.0406012
0.000279738
-0.0860751
0.834347
-0.00609882
-0.0187741
0.260936
-0.147313
0.000653879
-0.0132964
-0.0829265
1.27961
-0.128449
0.376811
0.133978
-0.0186429
0.190957
0.632998
0.824088
0.302902
-0.14743
0.273211
0.249063
1.35975
0.0017764
-0.00793653
0.78541
-0.150355
0.587839
0.854639
0.00815104
-0.0808283
0.31513
0.000137544
0.923192
-0.0314533
0.763163
0.0282053
0.00328691
-0.00166611
-0.00294694
1.33964
0.000173859
-0.186334
0.678709
-0.00110024
0.0526677
-0.0565218
-0.0560789
0.341168
-0.0477063
0.00211362
0.318268
-0.046125
0.00182385
0.000153966
0.241096
-0.00653862
0.494012
-0.163285
-0.00788358
0.177182
-0.00355661
-0.0622106
0.157688
-0.159539
0.525171
-0.0521644
-0.0087205
0.398984
0.000425428
0.00451586
0.227418
-0.0314556
0.0159208
0.322294
0.939555
0.170892
0.042469
0.559751
0.841327
-0.0307118
-3.11118e-05
0.517577
-0.153722
0.0334762
-0.00220034
-0.132587
-0.000774753
-0.00179375
0.134131
-0.0107278
-0.0211262
-0.0576391
-9.69311e-06
0.475839
-0.00167169
0.0779189
-0.187613
0.000142809
-0.12869
-0.0566661
-0.140544
0.00133501
0.0636606
0.781001
0.940962
1.2402
-8.81563e-08
-0.0589229
0.000185267
9.01521e-05
2.48611e-05
0.0017816
-0.00309114
-0.00979634
0.577117
0.052794
-0.00738235
0.145556
0.0598872
0.02028
-0.13777
-0.109326
0.273025
0.619844
-1.78328e-05
0.0337605
-0.103023
-5.65566e-06
-0.0990856
0.135394
0.499125
1.89171e-06
0.961092
-0.0751809
0.248627
0.264301
0.00418353
0.376946
0.00628942
-0.169947
1.17457
0.000346272
-0.0136482
0.35054
-0.000772304
-0.0604651
0.00010774
-0.00171367
0.00622504
-0.0295858
-0.00695937
0.000590206
9.35942e-05
-0.0236354
-0.155063
-0.116965
0.339767
0.158449
-0.0208993
1.08177
0.0437561
1.00479
-0.038955
1.1278
1.00098
1.03789
0.0306279
-0.024724
0.0257217
-0.00780908
0.000561576
0.502222
-0.0719178
0.00248994
0.491609
1.17521
0.363569
0.232828
-0.056134
-0.0431573
0.00664467
-0.00692228
-0.093143
-0.0212301
0.99433
-0.00103929
1.30765
0.613042
-0.00181477
0.441964
-0.0756371
-0.174883
0.374613
0.150453
-0.0101399
0.362385
-0.037152
0.682131
0.186232
0.00411085
7.80212e-05
0.0516957
-0.123547
4.95731e-06
0.00750837
-0.199299
-0.00171431
-0.0757385
-5.54584e-07
-7.43513e-07
-0.182843
-9.38708e-06
-0.0138629
0.00235717
-0.0649388
0.162576
-0.126305
0.021896
0.026479
-0.101569
-0.209135
0.295059
0.0441889
0.0390059
0.738696
0.647988
-0.000194974
0.484707
-0.142484
1.07233
0.523923
0.00668421
0.680901
1.08978
1.3535e-05
0.481397
0.0543979
0.0858827
-0.094027
-6.47866e-05
0.0178896
-0.126621
-0.0105566
-0.000685243
0.000170304
0.038382
0.00274566
-0.133311
0.169359
-2.43808e-05
-0.180605
0.114593
-0.0185681
0.00356234
-0.0137766
-0.00216788
-0.000106328
1.05187
0.954115
0.156982
-0.124043
-0.0137562
-0.00472953
-0.000831939
0.000264356
-0.00745152
0.0274615
-0.109168
-0.095958
-0.183992
0.753549
-0.099294
1.30993
0.00121426
-0.0830205
0.828176
0.000950247
-0.121503
0.000196569
-0.0013782
6.69494e-06
0.000691663
0.367658
0.00039913
0.00367697
0.376069
0.0491504
-0.0208474
-0.0326144
-0.0223306
-0.000115906
1.21858
-0.1278
0.560094
0.301383
-0.0101752
0.702327
7.80923e-06
0.148021
4.43357e-05
0.0075447
0.0253604
1.05311
-0.00252505
0.624589
0.11937
-0.00103395
0.000202938
-0.0623287
0.757096
9.65003e-06
0.0309021
-0.00104096
-0.164693
-0.0920794
-0.188111
-0.0327575
-0.0573929
0.065552
0.00741909
-0.196215
-0.187462
-0.0144596
0.00108689
-0.000106612
0.000840786
-0.00205085
9.17406e-05
0.116925
0.00412338
0.00325719
0.718343
-0.00263743
-0.108752
0.47935
3.95021e-05
0.0054582
-0.171865
1.22168
-0.00344014
0.494559
-0.102882
0.643639
-0.0511239
0.926337
-0.129466
-0.139949
-0.0328686
1.03184
-0.0410898
-2.43036e-05
0.00103219
0.367083
0.137832
0.315316
1.25648
-0.102606
-0.18686
0.804747
0.00259506
0.131102
0.013988
-0.0100624
0.00473973
0.0101511
-0.000595057
-0.150341
0.354629
0.309007
-0.0268155
-0.00011812
-0.000104563
1.26224e-05
-0.00213071
0.000368896
-0.14059
0.80836
-0.103986
1.34819
-0.194737
-0.00478719
1.30592
-0.0497733
-0.0179254
0.0009258
-0.00267805
-0.020567
1.28628
1.25536
-0.0666727
-0.0337483
0.000509282
0.711227
0.398979
0.014878
0.256581
-0.0371829
-0.0429893
0.000732442
0.999077
0.957444
0.303301
-0.0195208
0.00282574
-0.0385436
0.0682021
-0.00206141
0.713801
-0.00295953
0.00342351
-0.00866973
-0.154443
0.168542
-0.122721
-0.0220984
1.15786
0.371421
0.312712
-0.15402
-0.00522417
-0.0179398
-0.000101329
0.827965
-0.003736
-0.00973509
-0.128619
0.0697787
0.000253732
0.55064
0.0623857
-0.132688
0.0177012
0.37824
-0.0783543
-0.0182852
0.0721073
1.27923
0.27044
0.935849
-0.00204568
0.253888
0.0373314
0.00514281
0.665396
0.00405215
0.0402598
-0.0607718
0.301732
-0.0958934
-0.0683586
-0.10684
-0.155968
0.00122221
-0.0580776
1.01501
0.0585921
-0.070506
-0.0187059
-0.0377155
-0.175588
1.27012
-0.0229227
-0.0189317
-0.201553
-0.0129746
-0.0311988
0.0582636
0.0117552
1.37606
0.977625
0.0453992
0.905199
0.946799
-0.0194269
0.0362633
0.0700394
0.187833
-0.00191436
0.103923
-0.000641605
-0.0591517
-0.159534
-0.0904531
-0.0074258
-0.180333
0.694012
0.124352
0.871228
0.918287
0.983415
0.0002916
-0.0190604
1.00436
-0.0392505
1.19577
0.785248
0.00675465
1.11141
-2.05004e-06
-0.0035058
0.0637114
0.143134
0.851575
0.00712824
0.0166285
0.00645409
0.74055
-0.0484406
0.035056
0.991706
-0.0933014
1.00642
-0.0289791
-0.0972515
0.789795
0.981233
0.501297
0.515158
-0.0176158
-0.0180997
-0.150917
0.000519553
1.01478
0.522282
0.680141
0.536679
1.13512
0.0371727
-0.188672
1.09092
-0.000117624
1.11807
0.274508
1.25097
1.18495
-0.000108141
-0.0983395
0.954644
0.0055376
-0.00701347
-6.88023e-07
-0.0996698
0.0294238
0.84384
-0.0256603
0.0313591
0.289032
-0.112736
-0.00189275
-0.0524281
0.973106
-0.0658553
0.960127
1.09266
0.825438
-0.803992
-0.347973
-0.916167
1.07677
-1.80822
-0.359902
-0.735179
-0.501444
-1.0313
-0.619036
0.0969229
-2.0169
-0.361058
-0.336038
-0.93008
-1.77403
-0.253338
1.50654
1.08914
1.50089
0.76688
-0.485462
-0.24252
-0.958483
-1.88186
-0.259417
-0.683118
1.38423
0.90598
1.36087
1.8153
-0.0627769
2.51935
-0.861372
1.3252
-0.375018
-0.847806
-1.80158
1.63038
-0.377113
1.26639
1.50957
-0.0371127
0.143831
-1.01239
1.00715
-0.624065
0.863675
1.47046
1.44839
-0.992574
0.211298
1.5685
1.02608
-0.568948
0.851226
1.06483
0.300158
2.23973
-0.426358
-0.292809
0.185463
-0.348147
-0.406124
-0.842354
2.77418
0.651044
1.10292
-1.11835
-0.319904
2.01039
1.55712
-0.445941
-0.12485
2.17715
1.10183
0.84981
-0.629792
-0.231504
1.52109
-0.432777
1.45245
-0.907712
-0.443302
1.0994
-0.755841
-0.886018
-0.896488
-1.67118
0.491509
1.27974
2.56139
-0.409273
-0.34163
0.168413
-0.913616
0.911
2.51244
1.36571
1.82023
-0.0513421
-0.850145
-1.9851
-0.317949
0.340786
1.03663
1.60132
0.75037
-0.934913
-1.00202
-0.336589
0.776035
-0.328828
1.37136
1.5275
-0.384445
2.36362
0.976591
-0.409254
-0.798709
-1.11121
-0.617733
-0.549496
-0.772438
-0.246776
-0.155725
-1.01962
0.792341
0.318734
-0.467004
-0.849252
0.275886
0.323441
1.7899
-0.867993
1.32072
-0.0224799
1.11473
0.650188
1.56898
2.02272
-0.320476
-1.11909
-0.391102
-0.257783
1.34447
0.442194
-0.302442
-0.0610224
-0.887088
-0.262503
-0.201
-0.385002
1.08564
1.4828
-0.835118
-0.315603
0.751183
1.20373
-1.2588
-0.759555
-0.369955
1.59467
-0.703352
-0.739074
1.49708
0.974684
-0.963824
-0.689
-1.1683
2.77349
-0.232489
0.997562
-1.86424
-1.04534
0.290217
0.68605
0.504109
0.268954
-0.94854
1.58964
0.594498
-0.279044
0.00840532
-0.720274
0.653876
-0.299185
-0.869128
0.147848
1.32182
-0.908855
-0.18781
-0.189591
-0.141321
1.0334
1.1782
-0.839092
1.2456
0.88403
-1.06148
1.3602
-0.248255
-0.654861
-0.904398
1.23598
0.570659
-0.312771
1.57879
-0.104511
-0.457932
1.58867
-0.663798
0.832739
-0.323161
-0.412769
1.41107
-0.19115
-1.00738
0.992402
1.61303
-0.508832
-1.92974
1.26147
-0.397444
0.439101
1.59895
0.9448
1.39921
0.446951
2.42083
0.130123
0.297985
1.85531
3.06639
0.043521
-0.523477
-0.755221
-0.67085
-1.47863
-1.32237
0.00875615
0.49428
0.800997
0.979725
1.29892
1.23785
-0.707525
1.22127
-1.1046
2.58453
0.14016
-0.273019
0.592233
1.33181
-0.269997
-0.904087
3.46482
1.13488
-1.05395
3.23793
2.22414
-2.00163
-0.893047
1.58701
0.236665
0.749793
-0.40772
-0.239916
1.46653
1.36431
-0.00449275
1.59782
1.04688
1.18563
0.848215
1.02477
-1.62692
-1.11418
1.10074
-0.328106
-0.285148
0.341865
-2.28821
0.663631
-0.92868
1.48734
1.83706
-1.03956
-0.295034
-0.658396
-0.250758
-0.176515
-0.75924
-0.221583
1.44301
-0.989212
0.723198
1.17886
2.69617
1.63338
2.0983
-0.241013
-1.0396
0.875208
0.551305
-0.948612
0.0351583
-0.348325
-0.976383
-0.143268
-0.170615
0.982951
-0.690264
-0.304702
-0.699533
-0.756679
0.305037
1.01988
-0.457072
-0.317364
0.339909
-1.00768
-0.566125
-0.658291
-1.089
-0.995857
2.81456
-0.866606
1.45174
0.693079
-0.399491
4.03082
0.606796
1.06222
1.51651
-0.362332
1.9732
-1.16077
-0.435862
-0.807159
1.43008
-0.227035
-0.00754312
1.46769
1.02522
-0.98262
0.628023
-0.88794
-0.968487
-0.481259
1.95106
1.39188
-0.744168
1.06391
0.049704
-0.298669
-0.683153
0.694283
-0.104418
-0.42098
2.52321
0.422498
1.21876
2.16988
-0.647178
1.22395
1.12244
-1.94012
1.12198
1.21109
3.39178
3.35188
3.18952
1.00608
0.648361
-0.307519
-0.661523
2.13789
2.21345
0.955988
-0.366462
-0.360543
1.57881
-0.646936
-0.344324
-0.640457
1.42794
-0.102166
0.557623
-2.00978
2.10119
1.06276
0.678327
1.61254
1.77409
1.11117
1.47809
-0.624637
0.695467
-0.199565
-0.94699
1.51387
0.909308
-0.953934
2.0752
1.23979
-0.375578
-0.7587
-0.965675
-0.346489
1.41399
1.87442
-0.85201
1.02378
0.477776
2.99423
-1.5481
-0.919315
-0.504494
1.41222
-0.48533
-0.634723
-0.918769
1.00772
2.64737
-0.989197
1.68125
-0.190626
1.22662
0.772075
-0.895263
-0.619645
-0.804253
1.73763
0.95729
1.29501
0.778475
-0.502707
-0.196881
-0.914823
1.18851
1.71972
1.33495
-0.326277
0.553975
-0.326271
0.0930939
1.44703
0.970177
1.08306
0.574787
-0.923714
-0.374734
-1.66831
-0.302095
-0.312995
-0.668397
1.15373
0.866507
1.36507
1.48121
-0.408153
1.98167
1.01739
0.717832
1.1583
0.696363
1.61264
2.07582
-0.273539
-1.07217
-0.36071
3.28363
0.872315
1.18181
-0.230917
0.684392
-0.222716
1.02704
-0.189477
1.39317
1.28254
-0.425584
0.789802
-0.620223
0.362223
-0.429281
-0.133468
-0.309248
-0.327352
-0.935706
1.09638
2.91515
-1.62454
1.22483
-0.0787621
-0.694875
1.40056
-0.486476
-1.05569
-2.00277
1.27563
-0.733352
-0.605523
-1.10309
1.75111
-0.030868
0.128842
0.0780171
-0.644919
0.96398
-0.466971
1.91591
2.72622
-1.06783
0.35138
-0.511365
1.51476
-0.444751
-0.180955
-0.637523
1.9025
-1.1838
-1.77315
-0.368328
-0.998441
-0.235769
-0.72543
-0.789024
-0.403485
1.98917
1.99487
-0.196807
-0.910877
-0.241866
-0.0523061
0.423036
-0.175727
-0.276575
-0.273907
-0.29
-0.874771
-0.426322
-0.880475
-0.372079
-0.313894
1.42932
0.974926
1.88919
-1.25229
-0.453357
0.516993
1.52486
1.83595
-0.959525
0.670026
0.0864964
-1.98319
1.97259
-0.934585
-0.146502
-0.935216
-0.130751
-0.395856
-0.237019
-0.23595
-0.829561
2.08088
1.29014
-0.607108
-0.750336
1.30866
3.34285
0.542605
-0.309717
-0.617209
1.32777
-1.00079
-0.310424
-1.02834
-0.957676
-0.713358
-0.568111
-0.668429
-0.912053
-0.260132
-0.59417
-0.708302
1.02354
-0.701226
-0.927379
-0.8157
-0.291395
-0.924851
-1.39295
-1.02531
-0.261206
1.99195
1.4582
1.84172
0.0425472
-0.735264
-0.660201
-0.87883
-0.111812
-0.906899
0.872993
-0.721584
1.82846
-1.22079
-0.932411
1.32036
0.646256
1.48875
-0.370615
-0.941607
0.765321
1.80353
0.0951109
0.951879
0.193911
2.12909
-0.696662
-0.670115
0.104137
0.139144
-0.877222
-0.571864
-0.96216
0.961445
1.41539
-0.896517
-0.660809
-0.93685
0.786661
-0.195871
-0.879407
1.43634
-0.954783
-0.950344
1.19814
-0.924071
3.33192
-0.279531
-0.896995
0.211138
-0.486009
0.564245
-1.00965
-1.05353
-0.452677
-0.044936
0.453781
0.0161916
1.86308
-1.35003
-0.861385
-0.890384
0.541838
1.89853
-0.497314
1.71623
-0.964096
0.607177
-0.631529
-0.856614
2.15793
-0.907099
-0.919343
-0.286992
-0.986385
1.38761
-0.911026
3.20248
-0.21716
1.92831
-0.200083
-0.921016
-1.18907
-0.226487
0.629831
0.520194
1.93148
1.60642
0.143006
1.11067
1.54264
-0.910692
0.682841
-0.316326
-0.943525
-0.998869
-0.993469
-0.708905
1.06478
1.90775
0.711447
1.16845
2.71109
1.62282
2.0871
-0.257639
-1.05621
0.313507
0.727354
1.46586
-0.919428
1.18559
0.819347
1.66084
1.72933
1.37601
0.63783
-0.923533
0.238406
-0.908814
2.97225
-1.57233
0.144357
-0.552569
-0.996507
-1.21155
1.9181
-0.412875
1.46504
1.0108
0.557505
0.912385
1.79735
0.597539
-0.0642037
-0.696635
-1.08434
0.961703
-0.678259
0.961066
0.430686
0.905892
-1.0669
0.908782
0.20502
-0.753752
-0.910447
-0.941415
-0.242026
2.88331
1.6047
0.548185
-0.849804
0.998649
0.0872398
-0.365855
-0.134944
1.07769
1.12907
-0.264085
1.0987
0.917706
0.897864
0.64954
-0.634531
0.895616
-0.472315
1.48071
-0.198451
-0.656313
0.854238
1.4086
-0.833952
-0.253618
0.743906
-0.836903
1.08494
1.25619
1.15563
1.52025
-0.272367
0.834032
-0.896838
-0.977895
0.95759
1.67527
-0.270309
0.778436
-0.202649
-0.816067
-0.656456
1.8002
1.37928
1.45249
-0.628563
-0.763977
1.53431
-0.397057
0.609758
-0.630605
1.6244
-0.889463
-0.708421
-0.280646
-0.297791
-0.911282
0.785976
1.23915
1.69331
2.63777
-0.983894
-0.185437
2.10988
1.03616
0.955275
-0.402269
-0.636737
-0.823246
1.83818
1.69396
0.555484
1.611
-0.187379
-0.435081
-0.876135
1.19888
-0.833911
-0.985267
-0.840177
1.69159
-0.454438
0.816558
-1.07027
-0.886049
1.54737
-0.332821
1.59468
-1.06784
0.486437
-1.29693
-0.585572
0.885821
-0.611256
1.50763
0.733202
-1.11046
1.25495
-0.898893
-0.54718
0.244846
2.05759
1.6913
0.905935
1.11021
1.56907
1.3125
1.55902
2.18572
-0.655672
-0.311686
0.973607
0.946173
1.04323
-0.224934
-0.791523
-0.94074
1.08361
-0.251291
1.27097
0.785706
1.16537
-0.930147
1.67524
1.7286
1.65306
-0.737461
1.66486
0.0999889
-0.859569
-0.875859
-0.604943
-0.615399
-0.460495
-0.91421
-0.177077
-0.25146
-0.673624
1.52457
1.59862
-0.663132
1.53257
1.46645
1.64135
-0.577185
1.44023
-0.0902651
-0.444001
-0.237099
-0.809757
-0.108106
1.14803
-0.354337
0.645854
1.41927
-0.920479
1.79359
0.950676
1.62528
0.314949
-0.564602
1.36101
0.379438
-0.71542
-0.804226
0.149732
2.08281
1.63719
-0.901555
1.58201
0.229662
0.189315
0.364902
2.58416
1.74579
-0.931047
-0.132491
2.18383
1.29153
0.83612
-0.626803
-1.18064
1.25426
-0.0267404
-0.608792
-0.534092
-0.362376
-0.459554
-0.871319
-0.665002
-0.248516
-0.677085
-0.0618017
-0.76822
-0.264491
1.80178
-0.919366
1.40234
-0.247746
2.13298
-0.438579
-0.186947
0.882465
0.434147
-0.207199
-0.908233
-0.334006
-0.143657
-0.858346
-0.76069
-0.964714
-0.977343
1.36261
-0.263957
-0.17288
-0.876386
0.0479055
-0.160072
1.48184
1.22008
3.16686
-0.348357
-0.789028
-0.876082
0.64868
1.37546
-0.983724
0.581606
-0.938598
0.892096
-0.834224
-0.558156
-0.863047
0.156058
-0.473816
1.43169
-0.298914
0.150588
-0.711389
-0.420702
1.30647
-0.697524
3.00562
-1.54307
-0.245963
-0.966739
-0.877384
1.36707
-0.849877
-0.846998
-0.889707
-0.274305
-0.280919
-0.571728
-0.229665
-0.641961
-0.233824
1.726
-1.08905
1.66496
-0.802518
-0.535093
-0.642276
-0.524796
-1.12799
-0.903269
0.831616
-0.355263
1.32728
-0.648106
-0.21662
1.4998
0.798005
0.462655
-0.313903
1.04328
-0.492545
-0.643593
-0.686669
1.4401
-0.380615
-0.422606
3.54507
-0.586631
-0.329584
-0.252255
-0.736848
-2.00838
-0.586676
1.69512
-0.252901
1.86828
-0.22812
-0.849667
-0.256035
-0.855581
-0.778432
-0.233505
-0.542781
1.13312
-0.90746
-0.973972
1.61
-0.243419
-0.22692
-0.963999
-0.603675
-0.478387
-0.923968
0.44909
3.20139
-0.366067
-0.622611
-0.887734
-0.763702
1.39074
-0.883681
-0.57772
-0.258296
-0.347935
0.563542
-0.853165
-0.248183
0.546314
0.186407
-0.769903
-0.349464
-0.751745
-1.7478
-0.333085
-0.567488
-0.673299
-0.593301
-0.900594
-0.394322
-0.704702
1.84324
-0.565345
-0.323339
-0.791476
-0.39824
-0.146776
-0.872663
-0.237334
-0.754555
0.660484
-0.764586
1.13401
-1.05152
-0.820175
-0.108727
1.69211
-0.602286
1.20047
-0.277673
1.28601
0.0700346
-0.449987
-0.963617
-0.185043
-0.595714
-0.368285
-0.247682
-0.447983
0.863273
1.73765
-0.67654
-0.347312
0.765964
-0.219853
1.11549
-0.556855
0.356632
2.86027
0.933711
-0.298966
0.592322
2.02337
-0.241167
1.35492
-0.973393
0.870225
-0.243477
0.384245
0.220026
0.0810255
2.39508
-0.717878
-0.582312
2.41041
-1.38227
-0.737955
0.0641097
-0.566475
0.40407
0.244572
-1.36555
-0.347163
0.917685
2.04766
-0.537027
-0.294224
-0.899426
-0.371618
1.27298
-0.946144
0.861788
-0.197148
-0.263129
-0.213891
-0.29523
0.520675
-0.272689
-0.250908
2.00805
-0.403199
1.91261
-0.508154
0.781714
-0.265985
1.50797
1.80391
0.937824
-0.382324
1.42233
-0.269001
-0.277411
-0.664957
-0.282505
-0.611794
-0.961944
-0.812675
-0.314341
-0.332289
-0.840377
-0.280071
-0.129238
0.118065
-0.423396
0.7303
0.815699
1.06021
-0.24336
1.74174
1.32261
0.968983
0.904385
0.640293
-0.317121
-0.873169
1.56026
0.986341
-0.199327
1.47572
-0.821448
-0.336764
-0.220097
-0.241215
1.04309
1.05979
-0.708038
-0.285075
-0.359144
-0.264166
1.47315
1.09273
1.10427
2.91773
-0.541328
-1.08856
-0.257253
-0.302152
1.0483
-0.261898
1.17249
0.600832
-0.254044
-0.892671
1.12019
-0.155434
-0.214391
-0.327728
-0.26508
1.14424
0.530031
1.66217
0.854741
1.23424
1.29824
-0.617829
-0.66226
-0.233155
-0.157187
1.35437
-0.3361
0.200444
-0.268385
-0.286665
-0.515617
1.28153
0.241356
0.918451
-0.272117
0.832785
-0.237343
-0.271187
-0.833421
1.53659
-0.452482
-0.808159
-0.290707
-0.25711
-0.426092
-0.551791
-0.241174
-0.273182
1.07814
0.807671
-0.240894
-0.955166
-0.226371
-0.258654
-0.737907
1.59575
-0.596319
-1.0151
0.21686
-0.196441
-1.05011
1.37176
-0.381369
-0.24848
-0.848909
1.63552
-0.327069
-0.205668
1.43286
-0.357838
0.191819
-1.67239
-0.250789
1.1269
-0.245378
-0.212869
-0.244323
1.09921
1.47576
-0.262828
-0.356222
-0.420218
-0.499366
-0.628088
-0.261019
-0.413134
-0.30457
0.704604
-0.237459
1.16701
-0.205452
1.01441
0.955799
-0.25634
-0.316163
-0.206631
-0.444416
0.448212
-0.269851
-0.279395
-0.17963
-0.289754
-0.288826
-0.171451
-0.351107
1.26957
-0.232741
-0.175107
-0.166719
-0.191871
0.891419
-0.188818
0.939555
-0.924229
0.731062
-0.447718
-0.61437
1.43687
0.406948
0.908182
-0.180091
-0.256697
-0.221758
-0.094963
0.883978
-0.249021
-0.913937
-0.737373
0.796642
-0.280962
-0.644378
-0.333179
0.35178
-0.677693
-0.24777
-0.1968
-0.206283
-0.178752
1.53043
-1.29373
-0.277033
-0.216703
-0.159551
0.439954
0.910914
0.0630776
-0.569439
-0.317962
-0.265069
0.0623305
-0.150951
-0.401476
-0.166078
-0.673525
-0.167498
-0.240936
0.900478
0.264426
-0.245378
-0.17379
-0.303972
0.6501
-0.920662
-0.735587
0.245838
-0.252621
0.331045
0.561976
-0.345684
-0.173947
1.06475
-0.248114
-0.261253
0.617342
-0.931636
-0.255082
-0.976282
-0.541985
-0.288726
-0.895679
-0.23566
-0.294451
-0.0737564
-0.30809
-0.274365
1.55408
1.69941
-0.822232
-0.485648
3.55431
-1.0622
-0.387504
-0.196065
0.709184
-0.317169
-0.872172
0.732547
-0.179081
-0.155209
-0.227006
-0.594062
-0.638771
-0.725377
-0.258297
2.1223
0.244321
-0.889145
-0.899061
-0.0129605
-0.260616
-0.357662
-0.89247
-0.445365
-0.578389
-0.506783
-0.583239
-0.458765
1.33316
1.32595
-0.89598
-0.723294
-0.161105
-0.178439
-0.243385
-0.324875
1.0178
-0.203164
-1.07146
-0.283688
2.22043
1.34122
-0.153994
-0.190884
-0.214949
-0.870301
1.86425
-0.85601
-0.172134
-0.202918
1.37084
1.6786
-0.241858
-0.517897
-0.00816416
-0.430508
-0.145612
-0.410577
-0.350141
0.0411674
-0.332564
-0.215332
-0.408518
-0.154924
1.82127
-0.869831
-0.203634
-0.231801
-0.160607
0.204197
-0.490486
-0.626581
-0.250377
-0.900812
-0.228256
-0.212379
-0.272429
-0.367693
-1.03635
0.041369
-0.357493
-0.459917
-0.243713
-0.258398
2.72689
0.791435
-0.325802
-0.4614
1.84193
-0.0856249
-0.231128
0.085519
-0.520955
-0.222482
-0.245429
-0.15102
-0.223357
-0.81094
-0.44118
-0.254719
-0.46719
-0.286876
-0.274037
-1.05292
-0.183657
1.69091
1.59894
-0.379232
-0.207251
-0.373124
-0.424334
0.00723657
-0.239546
-0.337541
-0.617603
2.02891
-0.290822
-0.245788
-0.347351
-0.181085
2.21
-0.422582
-0.544332
-1.02957
-0.308112
-0.206296
-0.144945
0.238618
2.27985
-0.987041
-0.477707
-0.346098
-0.234753
1.32755
-0.542442
-0.669656
-0.246315
-0.326729
-0.837918
-0.193902
-0.224764
-0.377629
-0.225618
1.3066
-0.248965
-0.175839
1.74816
1.21358
-0.367421
-0.390595
-0.220883
1.91578
-0.214301
-0.201531
-0.204742
-0.26388
-0.195114
1.62559
-0.234835
-0.437064
1.15415
-0.188158
-0.589972
-0.219132
-0.208683
-0.389803
1.40645
-0.220611
0.485367
-0.412523
1.47185
-0.537124
-0.242033
0.409207
-0.195987
-0.376829
-0.33794
-0.211829
-0.390272
-0.237186
-0.227711
-0.203553
-0.771981
-0.233905
-0.296892
0.238476
-0.356023
-0.230008
-0.304398
-0.242933
-0.280101
-0.462079
0.60978
1.41212
-0.218562
-0.38878
1.22361
1.23799
-0.224629
1.6326
0.394333
0.222189
0.0423552
0.429845
0.248161
0.0366931
-0.572585
-0.755351
-0.761739
-0.540741
2.33682
2.39961
-1.36891
-1.33851
-0.488001
-0.547755
-0.231561
-0.392382
-0.287983
1.25235
1.08687
-0.58304
-0.239299
0.973121
-0.416298
-0.280856
-0.237855
-0.435801
-0.492137
0.833628
-0.983676
-0.30496
-0.49193
0.71594
-0.314514
-0.51703
-0.235787
-0.33322
0.702669
-0.69331
-0.229385
-0.397124
1.59545
1.02674
1.67056
2.34677
-0.410827
-0.279339
-0.353863
-0.454667
0.831342
-0.818406
1.23903
-0.500476
-0.276094
0.133101
-0.952661
-0.944261
-0.149375
-0.062019
-0.565044
0.8992
-0.408698
-0.544742
-0.228061
-0.351706
-0.321906
1.08624
-1.00296
0.146438
-0.667508
-0.525594
2.17914
-0.970849
-0.800122
-0.374464
0.95434
1.4602
0.534428
-0.394543
0.970901
1.80993
-0.204661
-0.379939
-0.981546
-0.21782
-0.785737
-0.53393
1.01119
-0.316782
-0.3355
-0.212765
1.0958
-0.144323
-0.42019
-0.396673
-0.772998
-0.970909
-0.220229
-0.288829
-0.704779
1.14316
0.271055
-0.255051
1.29145
-0.497632
1.51379
1.75941
1.20383
1.33807
-0.3464
1.26334
-0.856688
-0.3241
-0.543423
-0.515777
-0.445853
-0.216152
-0.883106
1.39663
-0.198595
1.11723
-0.341243
2.25426
-0.372968
-0.209152
-0.381921
-0.703529
1.00568
-1.01475
0.766451
0.493615
1.58212
0.680277
1.01127
0.849397
-0.435986
1.63332
-0.360857
-0.566067
-0.59586
0.450268
0.938
-0.713021
-0.198248
-0.993973
0.960841
-0.322364
0.91003
-0.226133
1.24138
-0.332354
-0.197683
-0.455149
-1.3706
-0.430403
-1.07506
-0.595866
-0.469441
0.759449
-0.810665
-0.662467
0.650697
1.97771
-0.492998
0.578741
-0.384778
-0.952482
-0.564918
-0.233513
-0.58808
1.13108
0.973328
-0.940492
1.05624
-0.403968
-0.767772
-0.498268
-0.315281
-0.254652
1.20601
-0.227872
-0.467061
1.68482
1.51154
1.02921
-0.247328
-0.102206
-0.249198
-0.420441
0.819212
-0.442135
-0.524369
-0.201156
-0.794394
0.514858
-0.607068
-0.815612
-0.362061
1.73488
0.85739
-0.734364
-0.932027
1.6774
0.0735368
0.861795
-0.451005
0.896961
-0.483339
-0.208862
-0.307671
-0.77409
-0.911126
-0.438463
-0.470134
-0.228033
-0.452901
-0.29309
-0.495533
-0.357822
1.10618
1.44761
-0.445862
0.68521
-1.03146
-1.00265
-0.51958
-1.08569
-0.490991
1.30106
-0.67388
0.732775
-0.404957
1.33537
1.0303
-0.273011
1.05791
1.65672
0.120194
-0.91339
1.14112
1.22914
-0.215045
-0.569809
-0.511179
-0.377641
1.53511
-0.38195
0.184658
-0.440947
-0.20563
-0.550743
-0.272487
-0.188713
-0.304562
0.776797
-0.194029
1.16345
0.492078
-0.262399
1.53915
1.71105
-0.297748
-0.610311
1.19685
-0.894904
-0.317714
-0.832647
-0.229532
-0.403149
1.37339
-0.310271
1.36114
-0.529713
-0.553458
-1.11615
0.599637
-0.240067
-1.00976
-0.955256
-0.30412
-0.258468
-0.396477
-0.240139
-0.515655
-0.967525
-0.190511
1.33604
-0.590707
1.25054
-0.968324
-0.0911821
-0.627084
-1.02608
-0.543065
-0.829577
1.43013
-0.349392
-1.04632
1.03353
-1.0354
-0.66182
-0.52054
-0.327066
-0.316491
-0.936065
-0.665982
1.66975
1.08814
1.12486
-0.383665
1.78922
1.08653
1.16548
-0.546659
-0.468001
1.24659
-0.340469
1.09436
0.354922
-1.07592
0.818744
0.656544
-0.948635
0.85859
-0.584897
-0.370432
-0.563465
-1.03359
0.622686
-0.205307
-0.196356
1.19682
-1.0166
-1.03557
-0.316321
-0.967594
-0.5889
1.52889
0.852354
-1.10032
1.38246
-1.92313
-0.407468
1.02547
2.30137
-0.296124
-0.956667
-0.277509
0.21456
-0.00811853
-0.556229
1.61268
0.843679
1.43579
0.934034
-0.446779
-1.28825
-0.73308
0.894407
-0.232818
0.387832
1.61508
-0.409971
-0.495226
-0.859993
-1.07222
0.298263
-0.390044
-0.432178
-0.645146
0.0400807
-0.584042
1.7227
-0.696359
-0.580527
1.1498
1.0594
-0.178713
-0.940518
0.56812
1.20108
-0.378083
-0.783396
-1.04798
-0.96476
-1.05972
-0.309127
-0.795518
0.69243
1.57994
-0.184177
1.07255
-0.348043
-0.287049
2.04715
0.0647931
1.58357
-0.537351
2.2713
0.367563
-0.38968
-0.768502
-0.029102
-1.0625
1.20134
-1.03512
-0.995351
-0.986921
1.18064
-0.777759
-0.231437
-0.4671
-0.948954
-0.755853
-0.573895
-0.364367
-0.506734
-0.346808
-0.856436
-1.07257
-0.793074
1.44333
-0.68198
0.25924
-0.709914
-0.312998
1.6671
1.36399
-1.08727
1.92459
-1.09376
0.0168695
-0.55772
1.70646
0.351844
-0.325479
2.91678
0.847835
1.80512
-0.749147
-0.205084
-0.94982
-0.518355
-0.382876
-0.238719
-0.941806
-0.16954
-0.323105
-0.338887
-0.366166
-0.493898
-0.941032
-0.607057
-0.150711
-0.508982
1.38235
1.92425
-0.980742
0.704255
-0.509268
1.27581
-0.185046
-0.17301
-0.339517
-0.471113
0.0266766
-0.73016
1.28553
-0.555275
-0.951992
-0.601442
2.30006
-0.200017
2.4106
-0.0897828
0.797814
-0.942681
-0.216121
-1.21948
1.27972
1.69683
1.45413
1.01887
-0.464216
-1.02817
-0.161405
-0.0596061
-1.94493
-0.226237
0.754969
-1.36215
-0.497111
-0.488586
-0.393899
-0.33332
1.17309
-0.142641
-0.429666
-0.406013
1.52683
1.2188
-0.679126
0.89266
1.21614
-0.744163
2.00809
-0.51193
-1.01838
1.20966
1.00139
1.13457
-0.901367
0.918192
1.28556
1.00512
1.33982
0.996269
-0.825007
0.295909
-0.00182792
-0.571301
-0.859059
0.930657
-0.837926
1.06983
1.5762
1.88293
1.34179
-0.676442
-0.200269
-0.544212
-0.626641
-0.586887
-0.482695
1.18375
-0.845365
1.34035
1.58875
-0.876562
3.01391
-0.198421
1.14542
0.837385
1.05479
-0.732865
1.05688
1.89466
-0.464814
-0.376517
0.843098
-0.452044
-1.01226
-0.829022
2.49452
2.28351
-1.44484
3.10136
-0.647673
-0.460825
-1.25981
-0.0302571
1.40753
0.154253
1.86119
0.315692
0.510322
0.953339
-0.413824
-0.982009
1.56268
1.11591
-0.598156
-1.25689
1.39387
-0.185073
-0.958705
-0.437161
-0.188918
-0.325141
0.214762
-0.992654
0.944019
1.59939
1.16637
1.48814
1.26146
-0.278576
1.57148
-1.13909
-0.731203
1.25793
-0.154248
-0.655353
-0.423391
-0.20615
1.77033
1.02366
1.51107
1.06974
1.33313
1.23767
1.57757
-0.652669
1.20825
-0.70753
0.894848
-0.569109
-0.792218
1.4112
-0.553255
-0.816285
1.46188
1.64572
-0.437333
-1.10938
1.54348
1.32248
-0.69194
2.12907
0.749229
-0.338307
-0.500441
-0.819431
-0.473081
-0.341771
1.45975
1.17834
0.956657
0.566002
-0.857167
-0.882183
-0.446846
0.77048
1.203
-0.53167
-0.406546
1.66021
-0.525234
-0.749336
0.188498
-0.573227
-0.675133
-0.456871
0.693142
2.54869
-0.895358
2.25139
-0.0968442
1.78883
1.33507
0.880948
-0.495615
1.47523
-0.547952
1.30583
-0.28829
-0.533693
1.17995
-0.37296
-0.21926
-0.200063
1.3589
0.0877125
0.184417
0.688698
0.847556
3.23661
-0.515711
2.29414
-0.566383
-0.765005
-0.703835
-0.423809
0.597168
1.06454
-0.2998
0.465837
-0.425231
-0.781377
1.24708
-0.431958
-0.738937
1.22945
-0.615173
2.99746
-1.56818
-0.895346
0.720741
-0.157565
-0.163558
-0.950511
-1.02739
0.351975
1.98553
-0.823568
2.64012
-0.22953
0.389888
1.75749
0.813481
1.97552
0.90124
1.19236
-0.493741
0.547823
0.940753
1.25322
1.85196
0.595043
0.455847
-0.271236
-0.513743
-0.777088
-0.550379
0.788938
-0.364619
-0.974857
1.30657
1.31423
1.13022
-0.396386
-0.319323
0.817465
-0.63712
-0.762939
1.07257
-0.48499
-0.822316
-0.756125
-0.421292
1.05892
-1.00853
-0.214303
-0.886915
0.400329
0.293318
1.31268
-0.940913
1.26328
-0.263289
-0.403203
-0.796059
-1.07775
0.944309
1.59319
1.15623
-0.45365
-1.0755
-1.01864
-0.887782
-1.06147
-0.215138
-0.162016
-1.06197
-0.950885
-1.0428
-0.995896
1.633
-0.216708
0.0305359
1.11857
-1.04461
-0.374392
-0.408755
1.41723
-0.395121
-1.08024
0.673793
-0.922095
-1.08207
-0.833545
1.31186
0.599002
0.257076
-1.01551
-0.574267
1.27189
1.10929
0.0913967
0.292888
-0.212115
-0.287321
-1.02382
-0.293231
1.44414
1.36384
-1.10541
0.28907
-0.264933
0.291513
-0.387631
0.253881
-0.993441
-0.90091
-0.311818
-0.53866
0.241211
1.15347
0.829972
-1.04754
0.328807
-0.47271
-1.06039
-0.254096
-0.532368
-0.927571
-0.477658
-0.221345
0.159811
1.53567
-1.05585
-0.332636
-0.825881
-0.426526
-1.09394
-1.00738
-0.535513
0.952059
-0.96608
-0.193921
0.962681
1.21612
-0.492239
-0.0924673
0.404926
-0.547957
-0.963161
-1.09283
-0.48209
-0.867334
-0.799864
-0.0461996
-0.21723
-0.362424
-0.00262446
-1.08146
-1.10641
-1.21076
1.45041
1.6609
0.980772
-0.762867
0.322494
-0.227429
0.0108725
-0.914482
-0.797152
1.39214
-0.339583
-0.292797
-0.20968
-0.137421
1.11127
-0.916465
-0.0940407
-1.10102
-0.319457
0.3199
0.311837
-0.746273
0.317056
-1.00285
1.39676
-0.439555
-0.137821
1.13614
0.241958
1.62456
-0.19505
1.18733
-0.270692
1.24418
-0.733205
0.526558
-0.312225
-1.08671
-0.838962
-0.17757
-1.19251
-0.819901
1.42407
-1.06974
-0.816144
-0.0542074
1.45562
0.684436
1.17943
-0.523771
0.000255582
-0.507376
-0.452621
1.18073
-0.300524
-0.504561
0.561954
0.80818
-0.569084
-0.572852
1.68247
-1.98297
-0.289522
-0.360614
-0.299345
-0.495177
-0.168901
-0.448038
1.67143
1.70435
1.17183
-0.294557
-0.710958
1.75462
-0.829301
-0.480716
-0.611557
-1.65017
-1.38917
2.09543
-0.545724
-0.523778
-0.414271
2.41349
1.13923
-0.793395
0.908451
2.57763
-1.16645
-1.05042
1.42516
-0.306527
-0.827525
0.405313
1.82193
-0.904636
-0.348558
-0.298191
-0.235763
0.733211
-0.887773
-0.800844
1.248
1.84848
-0.951657
-0.458026
-0.798269
1.00402
1.11595
-0.878379
-1.37845
1.45293
-0.850555
2.34424
-1.11415
1.30633
-0.375749
1.13417
-0.259391
0.995226
1.55797
-1.04624
1.51351
-0.210409
-0.752156
0.881378
-0.0810242
-0.184094
-0.820011
-0.90388
1.09025
-0.377474
1.99357
-0.859159
0.680447
1.70822
-0.887164
2.56621
-0.163364
1.5027
1.34103
-1.57215
-1.1451
-0.828102
-0.305734
0.354961
0.523329
-1.23053
1.15519
2.07158
-0.874162
1.26369
0.48697
1.65844
-0.275485
-1.08885
1.47917
-0.204146
-0.99347
-0.677713
1.18449
-0.381312
-0.679103
1.14961
-0.775148
1.0708
-0.180622
0.417512
-1.19469
1.53075
-0.277086
0.820869
0.755191
-0.649456
-0.688891
3.43
-0.728003
-1.20986
0.433152
-0.966009
1.50302
0.148375
1.11365
1.10857
-0.743389
-0.685704
-0.863576
1.41493
-0.451328
-0.324049
-0.276186
1.33832
-0.426423
-0.435762
-0.0367158
-0.297082
2.82614
-0.204992
-1.12873
-0.93741
-0.337846
-0.509105
1.00246
-0.303286
2.23862
-0.833
0.0183553
-0.178645
1.63148
2.26652
-0.0652215
-0.724994
-0.55913
1.27231
-0.180287
-0.887743
-0.818133
1.22178
-0.168221
1.15389
1.52763
1.42669
1.48193
-1.0201
-0.206879
-0.457791
1.09056
4.49082
-0.861651
2.3021
-0.87879
-1.51041
-0.579009
1.03215
0.139262
-0.908463
3.53114
1.55125
3.32251
-0.0994542
-0.926686
-0.692739
-1.17509
-2.17577
-1.41519
0.0305858
-0.614492
2.47529
0.443848
-1.56395
0.689558
-0.456737
-0.768003
0.186252
0.276473
-0.0181855
0.358847
-0.52775
0.758837
-0.210981
-1.62403
-1.32678
2.36516
2.92288
-0.280982
2.58217
0.514341
0.594521
0.105852
-1.0795
2.82794
3.20004
3.05376
2.66436
-1.0095
-0.816577
0.984229
0.928989
-0.37657
1.04905
-1.25533
-1.98813
-1.73885
-0.128234
1.66762
1.50323
-1.48698
1.83788
-3.01407
1.95813
1.89211
2.73455
1.21333
1.5986
1.38314
1.2927
3.13132
2.12013
1.43844
1.14431
0.838716
2.98038
2.05355
1.74702
2.43558
-1.53626
-0.994298
1.08032
1.28614
0.384223
3.17865
-0.158384
-1.02338
-0.682089
-0.134351
-1.03838
-0.772749
0.968173
-0.926932
0.971587
1.12021
3.05212
0.0462093
0.826131
2.1332
-0.719333
0.906846
0.513304
-0.623336
1.20392
0.743792
1.21618
0.640195
-0.693458
-1.003
1.2745
0.417746
0.929148
0.782378
-0.185177
-1.06133
0.749601
-0.499078
-0.285014
-0.206448
2.25453
0.546019
-0.451294
0.444691
-2.17553
-0.579509
2.42337
2.53061
0.375361
0.0726777
1.61069
1.04635
-1.02692
-0.952103
-0.186243
-1.32333
0.45977
1.96039
-1.10345
1.46148
2.75132
1.04119
-0.641403
-0.323641
0.351019
-0.847636
-0.488636
-1.03423
0.0814284
1.38282
0.608907
-0.739148
0.0846065
0.997524
-0.93436
-0.714315
-1.13917
-0.353119
0.333997
2.66251
-0.866611
1.4
0.171601
-0.172879
0.95197
1.67532
0.00042553
-0.883713
-0.432468
-0.18761
-0.486821
0.564976
-0.860103
-1.20219
0.0746151
-0.299412
0.956884
-0.323784
-0.739523
1.28667
-0.927781
-0.79698
-0.395344
1.91308
-0.0528499
-0.94258
1.49125
2.04501
0.0846414
-1.12005
0.809632
-0.785
1.93454
2.41523
-0.893345
2.00031
1.80445
1.02144
0.483664
0.759611
-0.451148
-0.197852
-0.184621
-0.52965
-0.943786
-0.456501
-0.992039
1.58918
-0.0531325
0.0537263
1.69306
1.52983
-0.840574
-0.192586
-0.449336
0.579786
1.01491
-0.390846
-1.18932
1.92475
1.46911
-0.744235
-0.126917
-0.683369
1.14929
-0.770888
1.24914
1.37902
-0.287786
2.45098
-0.491728
0.144485
-0.707048
-0.289026
-0.245531
-0.526339
1.40248
0.877169
0.162463
-0.208586
1.06192
0.00831314
-0.688065
-0.578983
3.14756
0.363163
1.84408
2.49328
-0.828658
-0.279403
-0.318989
-0.993079
-0.260335
0.469474
-0.164312
0.623411
-0.948219
-0.160554
1.82258
-0.869012
-0.394324
-1.50353
-0.207067
-0.392181
0.706633
-1.65222
1.92095
-0.735699
-0.996613
1.46454
0.767229
-0.879613
0.097634
-0.744909
-1.08578
1.13152
-0.835224
-1.00968
-0.356676
-1.11366
-0.987241
0.574495
-1.04749
-1.5182
-0.418504
-0.779831
0.425194
-0.306275
1.5797
-0.452632
-0.686433
2.1873
1.44582
-0.169517
-0.544045
2.29008
1.25039
-0.277396
-0.281621
2.55894
-1.03689
1.8719
0.507997
-0.392286
-0.457184
0.677735
-0.603678
1.40742
-0.19514
-0.435158
-1.57094
-0.433226
-0.861384
-0.164925
1.61224
0.945436
0.63532
-0.747347
2.24941
-1.0086
-0.416772
-0.936756
2.00277
-2.19947
0.949262
3.3183
-0.959324
-0.798326
-1.08893
-0.938571
-0.55095
-0.870477
-0.362045
1.53849
-0.142893
0.0294767
1.8898
1.68928
-0.192917
-0.207562
2.75989
-0.989337
0.285172
1.38283
-0.50208
-0.347122
-0.741001
-0.965627
1.33112
-0.974616
0.996097
-0.666338
-0.707944
-0.0342484
-0.836844
1.74723
0.475602
-0.420397
-0.522164
1.02244
-0.992718
-0.262274
1.70547
-0.397735
-0.946693
-0.766962
-1.79835
0.897611
1.60682
-0.184757
-0.105661
-0.695451
1.72815
-0.676671
-0.423842
-2.00574
-0.0928223
1.1499
1.09102
-1.00041
-0.873996
0.758514
-0.499688
-0.334313
-0.157534
1.62519
-0.362597
2.28165
-1.15049
-0.736041
1.07974
0.364306
-0.331604
-0.863249
-0.862119
1.66214
0.946421
1.77511
1.04221
-0.963516
-1.2187
0.922349
1.58601
0.905466
-1.25092
1.00383
-0.828789
0.227479
-1.34543
1.0471
-0.517213
-1.07954
0.806499
1.13933
-0.696046
-0.744876
2.17301
-0.766373
1.64551
1.09042
0.956708
-1.11593
0.94698
-0.184841
0.986446
0.565712
-0.33071
-1.02963
-0.210979
0.951479
-0.208849
1.31062
-0.190114
1.8112
1.69323
-0.340827
1.1355
-0.591342
1.35791
1.33735
-0.49715
-0.461701
-0.587336
0.919285
1.52054
-0.160398
-0.489613
-0.292227
0.484168
-2.81064
0.687105
-0.167417
0.949927
-0.148796
-0.463397
-0.681078
-0.770663
0.980776
0.24902
1.6591
-0.143106
2.07617
0.480419
-0.782543
0.926958
-0.56928
1.77727
3.75365
0.973867
1.07297
0.720259
2.70578
1.40587
3.41277
3.23223
-0.748875
0.0496661
-0.551076
-0.932342
-0.667639
-0.922979
-2.41631
-1.35032
0.457501
0.301769
-1.14896
-1.17975
0.589562
0.421154
0.249031
-1.52988
0.0343716
0.717167
-0.764016
2.81834
2.5874
0.13142
-0.513593
0.834453
2.58011
-0.350344
-0.381254
-1.72978
-1.05209
-1.47222
-0.124501
0.62071
-0.133889
-0.253582
-2.06866
-1.57497
3.23297
2.42274
2.9896
2.70675
0.950442
2.83218
1.07235
-1.31219
2.98536
1.04509
1.74284
3.0681
1.28851
1.97987
1.4993
1.5265
1.85937
2.41983
1.62551
0.843013
1.29708
1.40461
1.9544
2.08044
1.17125
1.75134
-0.304153
2.3196
-1.02247
-0.486208
1.66389
-1.42192
-0.592107
-0.892563
-0.513471
-0.319444
-1.15538
-0.204499
-0.759047
-0.148277
-0.199491
-2.28629
-0.965185
-0.981389
-0.330453
-0.428271
-0.623409
0.0194254
0.700126
-0.127722
-0.679888
-0.869265
0.43996
1.14732
-0.2929
-1.29906
-0.773959
-0.906245
-0.214074
-0.265332
1.36677
-1.04064
1.58148
-0.685865
-0.627606
1.69591
-0.292171
-0.863181
-0.981548
0.889035
1.62867
0.457899
-1.72933
0.804206
1.00921
2.29295
-0.332326
-0.692223
3.03884
-1.51502
-1.8803
1.83134
-0.275178
0.950253
1.33692
-1.10957
0.13501
-0.742924
3.29629
-0.480321
-1.3614
-0.961775
-1.09985
1.81572
0.975825
-0.992356
-1.89441
-1.86942
-0.810044
-1.04185
-1.05575
1.38757
-0.441504
-0.790561
-1.35558
2.43347
-0.735701
-0.555649
0.0638405
0.251145
0.415775
2.76826
1.43724
0.89174
-1.88049
-0.994641
-0.845678
1.39908
-0.612868
0.694764
-0.611506
0.853852
1.41877
-0.262699
1.00555
0.0111063
-1.05032
-0.892873
-0.450037
2.15443
-0.153469
0.495618
-0.0427784
-0.3529
-1.02863
-0.190019
-0.385302
2.1514
1.13184
1.80975
-0.816747
0.377176
-0.828266
1.20832
1.20195
-0.199122
0.19956
-0.200224
0.631614
-0.706845
0.457849
-1.0221
1.1712
-1.91886
-0.707302
-0.902849
-0.92657
-0.96931
-0.733585
-0.21471
-0.946867
0.921061
2.89947
-0.583785
-0.952806
-0.974709
-1.33121
-0.194401
-0.46098
0.580883
-0.479869
-0.465345
-1.07079
-0.950474
-0.754786
3.06859
1.35722
2.0128
-0.635591
3.0304
-0.346672
-0.473443
-1.51359
3.00546
-1.02096
-0.64211
0.907088
-0.945559
0.556206
0.0184398
0.523298
1.08597
0.610213
-0.901679
-0.162528
-0.901816
-1.09063
-0.413568
-0.747778
0.979883
3.18994
0.474478
3.01206
-1.0646
-0.458918
0.463147
-1.88335
-0.414784
0.425093
0.498615
-0.552865
)
;

boundaryField
{
    frontAndBack
    {
        type            empty;
    }
    bottom
    {
        type            zeroGradient;
    }
    inlet
    {
        type            zeroGradient;
    }
    top
    {
        type            zeroGradient;
    }
    outlet
    {
        type            fixedValue;
        value           uniform 0;
    }
    car
    {
        type            zeroGradient;
    }
}


// ************************************************************************* //
