/*--------------------------------*- C++ -*----------------------------------*\
  =========                 |
  \\      /  F ield         | OpenFOAM: The Open Source CFD Toolbox
   \\    /   O peration     | Website:  https://openfoam.org
    \\  /    A nd           | Version:  7
     \\/     M anipulation  |
\*---------------------------------------------------------------------------*/
FoamFile
{
    version     2.0;
    format      ascii;
    class       volScalarField;
    location    "35.5";
    object      p;
}
// * * * * * * * * * * * * * * * * * * * * * * * * * * * * * * * * * * * * * //

dimensions      [0 2 -2 0 0 0 0];

internalField   nonuniform List<scalar> 
7807
(
0.259474
0.00351057
0.403944
0.26303
-0.00142495
-6.14186e-05
0.408663
-0.00853676
-0.000199657
0.114281
-5.73722e-05
0.00386718
-0.012776
0.0580401
0.118839
-0.0168886
0.269783
-0.0165762
0.00170406
-0.0822272
0.0786805
0.002544
0.0431095
0.214207
-0.0215502
0.269466
-0.00131883
0.0714631
0.181364
0.00394698
-0.0227131
0.622401
0.0423707
-0.000795687
-0.000172218
0.0943659
0.00454594
0.395996
-0.00721678
-0.000557551
-0.00659565
-0.0161302
-0.0856346
-0.0423537
-0.000331954
-0.000134293
0.00248451
-0.00751767
-0.000110914
-0.0801926
0.00582791
0.0677758
-0.0271241
-0.0042645
0.0934847
-0.00762827
0.00179518
-0.00850225
-0.0350554
-0.000826196
6.60979e-05
0.00746878
0.0584196
0.00427029
-0.00158794
-0.0222923
-0.000158541
6.63612e-06
0.0919961
-0.0070881
-0.000123298
-0.0640896
-0.0208687
-0.0348232
-0.0160822
-0.0497145
0.397763
0.0770054
0.0684702
-0.0684961
-0.0122602
0.366984
0.11075
-0.0367314
-0.00235853
-0.00373539
-0.00912938
-0.0263337
-0.0010786
-0.00723334
0.185137
-0.0499932
-0.000219189
0.0019149
-0.00575453
-0.0363453
-0.0602307
-0.000768657
-0.00260001
-0.00189049
-0.0599948
0.0768911
-0.00545449
-3.28313e-05
-0.0400214
0.189418
0.540772
-0.00811906
-8.6127e-07
0.0397403
0.248625
-0.0529073
-2.53076e-06
0.0422579
0.189808
0.000744092
-0.0648175
0.153585
-0.0446876
-0.0359181
-0.0624065
0.350885
-0.0787864
0.0163945
-0.0606874
-0.00158618
-0.0206826
0.00317152
-0.00168071
-0.0231059
-0.102083
0.0690727
-0.000997263
-0.00127077
-0.0380287
0.241287
0.43455
-2.81793e-05
0.0130511
-0.0783137
-0.0329929
-0.0547123
-0.0503707
-0.0335934
0.545866
-0.0216378
0.182348
-0.0345283
-0.0457113
0.349984
0.0901753
-0.0394067
-0.00249308
0.0719907
0.110123
0.36709
-0.0574483
-0.0127123
0.506764
-0.000100587
0.000908746
0.22137
-3.08033e-05
-0.00339389
-0.00647215
0.273331
0.274125
0.525829
-0.00383414
-0.00506205
7.72095e-06
-0.0643611
0.000736253
0.0109611
0.0141992
-0.0451999
-0.0179557
0.15468
-0.000218046
-0.00083786
0.267728
-0.000100452
-0.000185349
0.410055
-0.00144439
-0.0442293
-0.0421298
-0.0332732
-0.0255578
-0.0764113
-3.36526e-05
-0.0579795
0.160205
-0.00550984
0.000122322
0.203165
-0.00204978
-0.0217829
-0.0243424
9.25587e-06
0.00150129
0.2478
0.189593
0.369746
-0.0590319
-0.0471694
-0.11561
0.0776422
0.24529
-0.000356061
5.86281e-05
0.511135
-0.0143262
-0.00103378
-0.0553847
-0.0216515
0.335144
0.342852
-0.0603198
0.590704
-0.00190099
-0.0161721
-0.0615748
0.0936844
-0.106117
0.227752
0.508315
0.000107757
0.0171589
0.163256
-0.00683268
0.150438
-0.00091315
0.560065
0.360176
-0.00905025
0.00468065
-0.000517262
0.148315
-0.000157582
-0.0105678
-0.0747174
-0.000122746
-0.00223677
-0.000722024
0.168936
-3.0826e-05
-0.00750425
-0.0667434
0.621858
0.0604762
0.547736
-7.57115e-05
-0.0274802
-0.000314437
0.383375
0.00714574
0.435593
0.00227994
0.00126463
0.00759998
0.0810124
0.00101395
-0.000387374
0.000895323
-0.00720814
-0.0439076
-7.07092e-05
-0.0557641
-0.00616918
-0.000241426
-0.00106789
0.417167
-0.0127538
-0.00130656
0.594002
-0.00245867
0.257563
-0.000350699
0.000304626
1.31384e-05
-0.0401364
0.0899593
-0.00930543
-0.0354863
-0.000702644
-0.0699308
-0.0247222
-0.000305916
0.000871173
-0.00370631
-0.012337
0.00523848
-0.00211905
-0.0351432
-0.037236
-0.0346045
-0.0291857
-0.0434132
0.352608
0.366417
-0.00254077
-0.0412088
-1.22294e-05
-0.00405094
-0.0362886
0.208838
0.12326
0.000169202
-0.00375066
-0.0421582
0.178989
-0.0017062
0.00637101
0.00215698
0.0585662
-0.117137
0.332001
-0.00271877
0.0021425
-0.000195452
0.00727097
-8.98167e-05
-0.0279954
-0.000593256
0.00716106
-0.0705837
-0.044389
0.00272004
0.0155536
-0.00126392
0.0344919
-0.0126622
0.090461
0.172572
-0.151026
-0.0498104
-0.0252321
0.00907367
-0.0728156
0.535845
-0.0405166
0.0517326
0.579605
-0.00262492
-0.00298177
-0.0495639
-0.00187465
-0.0180592
0.0112132
-0.00478028
-0.00356427
0.172123
-0.000116557
0.0009724
0.000136237
-0.00578505
-0.011849
-1.48005e-05
-0.00187973
-0.033703
0.505776
0.00386923
-0.0140064
0.475397
0.311355
0.0777005
-0.0288063
-0.0648201
0.00878445
0.2647
-0.0179543
0.295874
-0.0303465
-0.0922807
0.193036
0.297169
-0.0520608
0.115826
0.224352
0.269876
0.0757139
-0.00517968
-0.00714584
-0.000151232
0.00472885
-0.0183004
0.00167813
-0.000184551
-0.00276777
-0.0698553
0.0950366
-0.026636
-0.00482918
-0.00642384
-0.000215205
-0.0117422
0.0030442
0.197977
-0.00322548
-3.70097e-05
-9.48239e-05
8.59503e-05
-0.032025
0.167291
-0.00680585
0.0475425
-0.115648
0.388391
0.00576374
0.0119987
-0.00862705
0.403013
-0.00182135
0.32729
0.18623
-0.000201479
-0.0333436
-0.00558169
-0.0517061
0.00100036
0.086438
0.00554304
0.0111203
-0.00147187
0.154705
0.182499
-0.0513533
-0.0340047
-0.00393664
-0.0267887
0.0700615
0.611604
-0.0554823
0.00798942
-1.40584e-06
-0.0210443
-0.00389275
0.0315801
-0.0934265
-0.052901
0.416399
0.166417
-0.103011
0.212333
0.393694
0.0473021
0.00207171
0.273531
-0.00156099
-0.000318406
-0.0269908
0.000154242
-0.129235
-0.000861744
-0.0361594
0.00333156
0.208805
-0.00305654
-4.07733e-05
-0.0991034
0.00302226
0.0396861
-0.0580266
-0.0773151
-0.0038256
0.164828
0.136252
0.139915
-0.000356992
0.0860473
0.0980621
-0.000914951
-0.0256547
0.00107412
0.00931143
-0.0046649
0.00835519
-0.00134871
0.142669
-3.34768e-05
0.000352287
0.0034676
-0.0332854
0.0351221
-0.0340515
-0.0383241
-0.0399675
-0.117975
0.0115248
0.264718
-0.0562726
-0.0109431
0.56715
-0.0583275
-0.012371
-0.038699
-0.0102947
-0.0313569
-0.0163052
0.0470446
-0.0466861
-4.38879e-05
0.0411737
-0.000166373
0.357234
0.101348
-0.00812451
-0.0218385
-0.000327732
0.368802
0.322098
0.0678999
0.149576
-0.0632405
0.448132
-0.000107974
0.0296809
-0.027508
0.161483
0.530529
0.0568784
0.160465
-0.0033937
-0.000353087
0.13654
-0.0808323
0.384871
0.0417019
0.232464
-0.0115587
0.396253
0.307732
-0.0145066
-0.0123653
0.114292
-0.0783916
-0.000146322
-0.0201581
-0.0755214
-0.0658733
0.0193668
0.0159774
-0.000219469
0.324115
-0.00189622
-0.000178591
-0.0331001
-0.000851419
-0.000387912
0.00557193
0.227599
-0.0873941
0.494846
0.000109415
0.224729
-0.0265072
-0.000130271
3.16974e-05
0.178852
0.22099
-0.0066897
0.20226
4.47419e-05
0.212605
-0.144078
-0.0151878
0.412899
-0.0527201
0.141972
-0.0371101
0.210004
0.217287
-0.0248589
-0.0313163
-0.00982174
-0.0047276
-0.000345494
-0.00207123
0.280721
-4.61548e-05
0.205547
-0.0844711
0.334362
0.195772
-0.0771593
0.480659
-0.0026746
0.00738614
-0.0481083
-0.0299762
-0.0104212
-0.030584
0.0451911
0.560887
7.41911e-05
-0.00314765
-0.0501136
1.06699e-05
0.363462
0.00306789
1.00836e-05
0.00033488
0.000666291
-0.0264658
0.0302216
-0.00254037
-0.000145743
-0.0110483
0.00381461
-0.101626
-0.0705978
0.0357023
-3.73967e-05
-0.144544
-0.0197297
0.121496
0.330097
0.00188232
0.129725
0.000266145
-0.0188963
0.10365
-0.0104628
0.241953
-0.0193953
0.0333618
0.107379
0.1632
0.00718822
-0.015537
0.187317
-0.0792055
0.389174
-0.0140406
0.266966
-0.0139413
-0.00189928
0.153076
0.000920486
0.101781
0.00316734
8.74855e-06
-0.114465
0.192579
0.0023959
0.117731
-0.0184498
-0.14468
0.00442717
-0.035246
-0.00274068
-0.0132781
-0.0683715
-0.0394666
-0.0146897
-0.000246189
0.410432
0.125327
0.0471792
-0.000331659
0.306622
7.2011e-06
-0.000305722
0.135967
0.00163428
0.168798
0.0702686
0.0277127
-0.0408756
-0.116929
-0.00580758
0.00219588
-0.0565303
-3.04786e-05
0.00602643
0.234426
-0.0237667
-0.00452141
-0.0132932
-0.00318476
-0.000673025
0.582691
-0.0148075
-0.000905732
-9.76908e-06
0.150132
-0.0417141
-0.000543743
-0.00447196
0.173031
0.0978848
-0.051138
2.43606e-06
0.190664
-0.0235827
0.19927
0.0270623
0.0331534
-0.0416131
-0.000157711
0.104792
0.0893575
0.0283933
-0.0769757
0.281375
0.0101283
0.1819
-0.00434514
-0.0317233
-0.000648614
-0.0027879
-0.00017452
0.172831
0.245534
-0.0024209
0.0308437
-0.025143
-0.0615752
-0.0695983
-0.00300818
0.0271082
0.554379
0.0111537
-9.02462e-05
0.0969753
-0.00613546
0.474753
-0.0182763
-0.0181865
-0.0049201
-0.0210171
-0.0110779
-0.0117353
-0.00564582
0.00250035
0.0376465
0.000180284
-0.13211
-0.012019
0.345142
-0.0492944
0.175533
0.00338819
-0.0465699
-0.0195834
0.21958
-0.0110808
0.000182093
-0.023093
-0.0085303
0.0299656
-0.0378702
-0.0326812
-0.0162177
-0.0212237
-0.00972779
-0.071889
9.5836e-06
0.0532227
-0.062052
0.152405
-0.0514069
0.101172
-0.0801362
0.310177
0.00738144
-0.0430268
-0.0221277
0.502161
-0.107959
-0.0191341
-0.107953
-0.0391993
-0.0977338
-0.0547892
0.178726
-0.00450151
0.258462
0.0145334
-0.000648223
-0.00202247
0.0858908
0.628473
0.00174107
-0.0272421
0.180981
3.78562e-05
-0.0300422
0.0434498
0.00174799
0.0147334
-0.00268903
-0.0403577
-0.00500353
4.82196e-05
-0.0502421
0.255532
0.00288986
-0.0241294
0.00312511
0.18068
-0.000630086
-0.00203106
-0.000591134
-0.00129366
0.0451623
0.00225996
0.00447002
-0.0259313
7.49215e-05
-0.107478
-0.0694583
-0.125328
-0.0228883
0.0240508
-0.000350693
-0.0189832
-0.0650287
0.0281145
0.33677
-0.00208058
-0.0692708
-0.00761683
0.0106027
0.155312
0.000736431
-0.000259261
0.12202
0.0152695
0.023793
-0.00480148
-0.00336356
-0.0601844
-0.000288628
-0.00166432
-0.0195721
0.292928
0.253389
-0.0393837
-0.0597647
0.011926
0.00594637
0.00285338
-0.0692428
-0.0174412
-8.80245e-07
-0.0008398
-0.0358461
-0.0757616
0.00589716
-0.054888
-0.00065727
-0.00485364
0.198118
-0.0400655
-6.63748e-06
-0.00455746
-0.0967576
-0.000273805
-0.02218
-8.20743e-05
0.00630488
-0.0985872
-0.0392654
-3.50502e-05
5.07998e-05
0.130766
-0.0477882
0.371438
0.25801
-0.00418377
-0.000978904
-0.017205
0.000364002
-0.100705
-0.0886125
-0.00993
-0.0235147
0.246945
0.0123896
0.000452703
0.00833483
-0.114993
0.00321113
-0.027656
-0.0631908
0.00205311
0.0260622
0.0753454
0.0117401
-0.0322847
-0.0666681
0.188995
-0.0333986
-4.35509e-07
-0.102208
-0.0665966
-0.0403366
0.00624752
0.00124668
0.0107691
-0.0994597
0.0376919
-0.0371176
0.130608
-0.047349
0.00903524
0.0228368
0.0167895
-0.03795
-0.111868
-0.000167841
0.148724
0.206754
0.00944004
0.198207
-0.0732921
0.051961
-0.0473498
0.198687
0.105006
0.547287
7.35962e-06
0.105092
0.176174
0.0177367
-0.00185532
-0.0203209
-0.0149847
7.10442e-05
-0.0203491
-0.0528383
-0.0222155
-0.0245444
0.000217103
-0.0843577
-0.000472887
-0.00109805
0.23546
0.00778498
0.0654807
0.0238227
0.204916
0.0129888
-0.000501533
-0.102406
0.00965304
0.35236
0.00159768
-0.0555638
-0.00028165
-0.000698024
0.00828873
-0.0547945
-3.91134e-05
-0.0123526
0.0332064
-0.00244207
5.06741e-05
-5.87265e-05
0.152734
-0.034048
0.00816573
-0.00138742
0.01033
0.0186312
0.0102023
-0.00036759
0.329052
-0.0895283
0.216996
0.2866
-0.000265933
0.0565019
0.112509
-0.000969513
-0.000333788
-0.00054153
-0.00564121
0.0171887
-0.0138338
-0.0234077
-0.067106
0.169781
-0.0982952
1.61107e-05
-0.0215807
-0.0207547
-0.0385543
-0.00526613
0.00723783
0.00154108
0.0324571
-0.00064656
-0.000294155
-0.019425
-0.00518074
-0.0275075
-1.94693e-05
-0.0165831
0.0386691
-0.0214789
-0.030336
-0.00981796
-0.0132099
-0.0103678
-0.00624491
0.00946321
-0.0107107
-0.000130868
-0.000504072
0.0270577
-0.0137348
-0.00591771
0.010101
0.00312846
-0.131111
-0.0124922
0.156228
-0.0141328
-0.0567055
-0.0274359
-0.0251243
-0.0173793
-0.00452017
0.00273605
-0.00424073
-0.0156831
-0.0179455
0.189365
0.148327
0.0547299
0.328632
-8.96319e-05
-0.00397864
-0.018289
-0.00922079
0.0927062
-0.0224495
0.0521225
-0.00516051
0.203337
-0.00234738
-0.0019697
0.0167673
-0.0208845
-0.000271271
-0.0246208
-0.00701804
-0.0230779
-2.51288e-05
-0.00790426
0.00240986
-0.0195067
0.0377676
0.0403281
0.0222188
-0.0156361
-0.0344852
0.117983
-0.00154961
-0.00236898
-0.00255115
0.470722
-0.000107774
0.076313
-0.0234851
-0.0226244
-0.0289652
-0.0452967
-0.0314546
-0.0373655
-0.02035
-0.00549192
-0.000120146
-0.00511454
-0.0241024
0.102742
0.00204678
0.146884
-0.0358893
-0.0148372
-0.00111115
-0.0316872
-0.000126601
0.148062
-0.0330279
-0.0287554
-0.0262801
-0.00473788
-0.0363755
-0.00202287
-0.0438626
0.104831
-0.0283957
-0.077607
-0.00176303
-0.0295922
-0.0204828
0.0180708
-0.00387948
0.142695
-0.00288337
-0.0212478
-0.000820142
0.159503
-0.0422141
-0.0290385
-0.0038936
-0.0110599
-0.00331122
0.184259
0.00951017
0.191916
-0.00580414
-0.000989029
-0.00151953
-0.00280079
0.168046
-0.0645711
-0.00805804
0.000416886
-0.0090259
-0.0134215
-0.00109187
-0.0168644
-0.0174572
0.0619697
-0.00589249
0.00499138
0.464002
-0.0657668
-0.0314545
-0.0615508
4.31169e-05
0.0801216
-0.00423624
-0.0294595
-0.00666266
-0.0387861
0.00502014
-0.000649649
-0.00348086
0.00394038
0.196741
-0.00693244
-0.00215232
-0.00552285
-0.0580218
-0.00975797
-0.0243376
0.0052168
-0.0102204
-0.0105555
-0.0039189
0.199846
-0.0494962
0.00386573
-0.00505574
-0.0301839
-0.0161758
-0.0529664
-0.00169323
0.0953935
0.0266448
-0.00922662
-0.00208331
-0.0156298
0.482272
0.198177
-0.0130974
-0.0006992
-0.00286413
0.00356047
-0.00474698
0.0243657
-0.000503297
-0.0193012
-0.00236801
-0.0191466
-0.0801327
-0.00128512
-0.0132729
-0.00162966
0.306451
-0.00761448
-0.0135502
-0.0262565
-0.00232651
-0.0328677
0.0586406
0.426613
-0.0124552
-0.0131938
-0.00254458
-0.000563558
2.23861e-06
-4.81788e-06
-0.0117824
-0.000809842
0.110234
-0.000810264
-0.00218097
0.00981657
-0.000312329
-0.0478546
-0.0643153
0.0201682
0.0441766
0.0301038
0.044062
-0.046496
0.0939575
0.0742692
0.0991798
0.124358
-0.0148961
-0.00102804
-0.00691704
-0.0721221
-0.0042093
-0.0171942
0.0286633
0.311258
-0.0556837
-0.000583838
-3.49073e-05
-0.00176388
-4.06583e-07
0.0100696
-0.00067845
-0.00554602
-0.0512225
0.000661496
0.00310309
-0.000265724
0.0686945
-0.0175567
-0.0431999
-0.00146387
0.312186
0.262058
-0.011689
-0.0801536
-0.0307502
-0.0266303
-0.0164759
-0.00225259
-0.0841228
-0.037481
-0.0463009
-0.068277
-6.00796e-05
0.186031
-0.0177204
-0.011176
-0.034292
0.0218986
-0.000643737
-0.00976766
-0.00163427
0.0144859
-0.00185472
0.162523
0.000427941
0.0119033
-0.000502335
-0.0924344
0.0104722
-0.000924379
0.00989316
0.000497893
0.0186143
0.119682
0.00131051
-0.00173055
-0.0001515
-0.000696561
-0.000610835
-0.0643958
0.126582
0.0108181
-0.000326128
0.010652
-0.00055448
0.223145
-0.0635682
0.241857
-0.0462209
-0.000544823
-0.000345952
-0.00855444
-0.00666241
-0.000763034
-2.19159e-05
0.0287051
0.0328761
-0.00028679
-0.000403807
-0.0221293
-2.63785e-05
0.167271
-0.00111446
-0.0557532
-0.0213868
-0.00745447
-0.0585326
-0.0647667
0.151845
-0.0228119
-0.0226391
-0.000382473
-0.0596001
-0.0231737
0.00652188
0.0978117
0.336385
-0.00140662
-0.0624077
0.0140874
0.29341
0.0436985
-0.000144172
-0.00709084
-0.00481892
-0.0058429
-0.0504911
0.0935336
0.000219816
0.0199349
0.00357301
0.0793674
-0.000629654
-0.000147403
-0.085258
0.268135
-0.0577392
0.146975
-0.00152208
-0.000244919
-2.84206e-06
-0.0932406
-0.0444201
-0.000411142
0.107046
0.0132159
-0.00630312
0.393208
-0.000474455
-0.00438015
-0.0624449
-0.0283411
-0.00272057
0.136375
-0.0661218
-0.000200523
0.0133509
-0.000210107
-0.000121105
0.140881
9.19337e-05
-0.000548134
-0.053918
-0.02718
-0.00414749
-0.0339108
0.00285927
-0.0253895
0.00196496
-0.00414026
-0.0680502
-0.040795
0.0198406
-0.00106975
0.156368
0.204797
-0.100425
0.0111358
0.0221798
-0.00505556
0.166356
0.109995
-0.0303933
-0.000196223
0.0113967
-0.0574931
0.012414
-0.0308533
-0.00251376
0.0473311
-0.0303378
-0.000165628
-8.7682e-05
-0.0409077
-0.0287299
-0.0284969
0.0112931
0.00340136
-0.0471098
-0.000184786
-0.0016683
-0.000250258
-0.0377948
-2.89229e-05
-0.00230574
-0.0506365
-0.107423
0.109321
-0.00353631
0.00496903
-0.0236929
-0.027947
-0.000155022
-0.0485434
0.102718
0.157706
2.84885e-05
-0.000134108
0.160619
-0.0029957
-0.0953475
-0.0429057
0.00402532
0.000576037
-0.069413
-0.0276201
0.164507
-0.058565
-0.00175147
-0.0111537
-0.0564763
-0.000696811
-0.000291002
-0.00107853
-0.0156905
-0.0537656
0.139192
-0.000254228
0.485227
-0.0225876
0.000141741
-0.00116261
0.000304689
0.000346859
-1.71907e-05
0.000168401
-0.0551844
-0.000865459
0.000521979
-0.000239538
0.142033
-0.00672955
-0.000233448
-5.25903e-05
0.339169
-0.0238925
-0.0409877
0.00134129
-0.000871995
0.0621206
-0.000117628
-0.0150188
-0.129232
0.00258888
-0.00765528
-0.000115812
-0.000250016
-0.0335602
-0.0687898
0.00856623
-0.118208
-0.0638147
-3.35582e-05
0.0246371
0.036785
0.111604
-0.0020421
-0.000188579
-0.0594866
-0.00713044
-0.000599532
-0.052028
-0.000165192
0.0431849
-0.000105269
-0.00151327
-0.00356734
-0.00251775
-0.0613839
0.442196
-0.00196461
0.000331455
-0.0585834
-0.0596201
0.0108498
0.00561724
-0.000181683
-0.0339798
-0.000100547
0.1946
0.589683
0.0782698
0.00360944
0.00428147
-2.23118e-05
-0.0306389
-6.8072e-05
-0.00839667
-0.00201996
0.000446774
-0.00396447
-0.0111277
-0.000147339
0.00103715
-0.00968162
-0.000375851
-0.0117512
-0.0184296
-0.00836549
-0.001382
0.527601
-0.000829802
0.00289231
0.000294706
0.0163087
-0.0523151
0.0113356
-0.000213051
-0.000119481
0.0031553
-0.000131076
-3.38474e-05
-0.0134174
0.000833785
-2.86938e-05
-0.0539289
-0.00271332
-0.0584388
-0.00195156
-8.122e-05
-0.0036903
-0.0096325
-0.0171371
-0.026492
0.00275347
0.00062829
-0.00055607
-0.00231086
-9.41631e-05
0.270036
0.00185387
-2.35605e-05
0.000696339
-0.0024074
-0.000427237
-0.0663433
-0.0570854
-0.000155523
-0.00810495
1.61794e-05
-0.00311876
-8.75575e-05
0.0397654
-0.000168011
-0.000221862
-0.00419527
-2.73537e-05
0.0158959
-0.000270216
-0.00149249
0.021965
1.47822e-05
0.362614
-0.0566056
-0.0445631
-2.96135e-05
-2.49124e-05
0.0022084
-0.00139955
-0.054989
-2.02698e-05
-2.79464e-06
0.000881971
-3.39694e-06
0.000454486
0.00053764
-0.000544823
0.000940815
-0.0553754
0.454871
-0.0375969
0.325567
0.0106886
-0.0190957
-2.20235e-05
-0.00104165
-0.0139046
0.000174291
0.000341366
0.000204673
0.0651411
-0.00161287
-0.000258617
0.468889
-0.00064593
0.000698652
0.000601504
-5.43716e-06
0.0317629
-0.00258012
0.00135237
0.000152023
-0.000636836
-8.13238e-05
-0.00111469
-0.0469793
-0.000493142
-0.00190113
-1.61216e-06
-0.000652918
-0.000308959
0.190895
-0.000522725
-0.000325155
-0.0724626
0.00446871
-0.00010078
-0.00157173
-7.30775e-05
0.174745
-0.0770637
-0.000353454
-0.000458249
-0.00223773
-0.000185054
0.0629804
0.117162
0.0323215
0.000608236
-8.01851e-06
-1.02598e-06
0.0602651
0.000304888
-0.0640892
-0.0274619
-0.0180156
-0.0254217
0.532766
0.00231499
0.193395
-0.016652
-0.031909
0.177602
-0.000422511
-0.0691008
-1.51948e-05
-0.0102885
-0.0517833
6.59312e-05
-0.053878
-0.00111713
-0.00824281
-0.00643912
-0.0454412
-0.0453381
-0.00374365
-0.0660649
-0.0465566
-0.000221563
-0.0138451
-6.09778e-05
-0.0404609
-3.30457e-05
-0.000220485
0.0193906
0.169006
-1.54711e-08
-0.0485506
0.00421261
9.09095e-05
-0.0235665
6.95342e-06
-0.0154757
-0.000305272
-0.041177
0.000154105
-0.000102374
-0.0023865
-5.49347e-05
0.164894
-0.0333381
0.0774699
-3.47175e-05
0.000749852
-0.0354452
8.20633e-07
-0.0604782
-0.0698287
-0.0586716
0.489677
-0.00744228
-2.06876e-05
0.0298618
-0.0447624
-0.00296783
-2.85927e-05
-0.000100469
-0.0502568
0.000154366
0.00104284
-5.17691e-07
0.000192582
-0.0307883
0.109923
-0.0713171
0.103515
-0.00614326
-1.22603e-06
0.00729441
-0.0561286
-2.44657e-05
-1.63607e-05
0.000384371
7.70709e-05
0.00048434
0.218107
0.0398801
6.71707e-05
1.31508e-05
-0.0691109
0.204795
0.180966
-5.32352e-05
-0.0392747
-0.0218047
-0.0120261
-0.050845
-0.00984893
-0.00336494
0.146982
-4.7771e-05
-0.0290389
0.173531
-0.0521609
-1.94774e-05
-0.064374
-0.000206045
0.276655
0.0320192
-1.56283e-05
-3.19491e-05
0.189046
4.13479e-06
-0.000215027
-0.013349
1.56672e-05
0.246455
0.00391591
-0.00843323
-0.0665942
-0.00433794
-0.084231
0.188289
-0.0133571
-0.0314627
0.00118729
-2.25914e-05
-0.00119754
-8.54515e-06
-1.83729e-05
0.026744
0.18596
0.155818
-0.000515458
0.248986
-0.0133169
9.01687e-06
-0.0485296
-1.98899e-05
-0.0306054
0.0331005
-0.0164833
0.00523563
0.00218654
-0.0105566
0.000300304
-0.00194231
0.0223664
-0.00330519
-5.5351e-05
3.53095e-05
-7.17234e-05
0.0358203
6.58558e-05
-0.0251483
0.261383
-0.0068666
6.04002e-05
-0.00398692
-1.12556e-05
0.0756455
-0.000417781
-7.62887e-05
-9.94427e-05
-1.53221e-05
0.214645
-0.00017882
0.236915
-0.0654971
0.000135999
-0.0564726
-0.00056606
0.162634
0.481476
-0.00162394
2.88065e-06
1.9214e-05
-2.45098e-05
0.142807
6.69956e-07
0.00123387
-0.0267902
0.224829
7.86456e-06
1.80454e-05
3.38787e-06
2.98117e-05
-0.0228012
2.07956e-06
0.255722
-0.0181166
-0.00014317
3.5694e-05
-0.00236994
-0.0311484
1.49832e-06
-6.57707e-05
0.171649
4.03327e-05
-0.0346975
-0.0596642
0.000159463
8.22226e-07
-0.144461
1.36366e-06
0.16898
1.76679e-05
-0.000518223
1.37486e-05
-0.000203716
0.0985484
3.58555e-06
-0.00189298
9.72498e-06
0.0146349
-0.00389323
-0.00728839
0.000930419
0.159653
-0.000312505
-9.30609e-05
-0.0100366
-0.0096882
-0.000282021
-6.11519e-05
-0.00103302
4.77099e-05
0.172072
-0.0116838
0.472881
-8.45442e-07
-0.00865254
-0.000180647
0.138876
6.73843e-05
-0.0290935
2.79751e-05
-0.00181911
-0.0362437
-0.000267835
-0.0175147
-0.0529815
0.00589208
-9.63155e-06
-0.0618311
-0.00038729
-0.000341576
-0.00629804
-0.0161472
0.00149351
-5.62497e-05
-0.000504077
-0.00105901
-0.0014677
1.5747e-05
-0.00138957
0.464981
0.000115596
-0.00373424
-0.0376758
-0.0758002
-0.066726
-0.0509713
-0.0239847
-0.000609086
-0.0181102
9.07771e-05
-9.4178e-05
0.465789
-0.00010908
0.179916
-0.000522042
0.000472765
-0.00130272
-0.075073
-0.000483474
0.000715262
-1.73703e-05
-0.000454044
-1.69716e-05
-9.20118e-05
-0.0165067
-0.00012685
-3.04436e-05
-9.60322e-05
0.000174766
-1.13334e-05
-0.0459598
0.225279
-1.1557e-05
-0.000697174
3.8173e-05
3.67663e-05
-0.000961012
1.08936e-05
-0.00104114
0.000336269
-0.000423978
-0.0672934
-0.000797993
-0.00209848
5.67178e-06
-0.00180561
0.000398995
-1.75699e-05
-1.14001e-05
1.60604e-05
-0.000916784
0.000638852
-0.0476274
-0.0299646
-0.0676762
0.000671118
-0.00213862
-0.0239217
-0.0681267
-0.000109355
0.017741
0.00793389
-0.00120799
-0.0131777
-0.058524
0.42112
-0.000483843
-1.74947e-05
0.00103078
5.84854e-05
2.11974e-05
0.0801783
0.00421909
0.0921163
-0.0403775
0.410346
-0.00060593
2.48036e-06
0.000180988
-2.08431e-05
-0.00157282
0.157904
0.222993
-6.10543e-06
-0.000198185
-1.945e-05
0.211553
0.0198997
-0.00660061
1.41007e-05
2.31674e-05
0.00834465
-0.000803775
-0.0757827
-0.0184554
2.90298e-05
0.00405034
-0.0341251
-6.94304e-05
0.00208982
-7.70382e-05
-0.0486919
-0.00199091
0.150527
1.98428e-05
0.00194358
-0.00012685
1.78581e-05
0.000205685
-0.0251121
1.75216e-05
-0.00105188
2.69829e-05
-0.0216176
-0.0479532
-0.00351864
-0.00809559
-0.00957547
0.0104235
-0.00971495
-0.00280411
7.97469e-05
0.000125611
2.43911e-05
2.12921e-05
-6.49686e-05
0.0104034
-0.062316
0.000582696
-0.0488314
-0.00349793
-0.0552774
0.000103212
-2.27706e-06
0.00151995
-0.0686456
2.15104e-05
-0.0483141
-0.0163264
0.0088676
-0.0492803
3.16367e-05
-0.00391245
0.000230951
-0.135662
0.138162
1.40103e-05
-0.0633973
-0.0243923
-0.00479471
4.5197e-05
-1.00008e-05
0.0295864
-0.0181214
2.87119e-05
-0.0075877
-4.27073e-06
0.000256588
0.127935
-9.73428e-06
4.54534e-06
-9.84017e-05
4.11054e-05
0.00104747
0.000103676
-0.00590699
0.000278062
-0.0138483
0.00128511
-0.000238217
-0.035227
-0.0457514
-0.00700591
-1.75506e-05
2.54276e-05
-0.0665587
0.00662511
-0.0503715
3.42634e-05
-0.00577889
-4.22541e-05
2.89337e-05
0.0772488
-0.00779537
-0.00314769
-7.41259e-07
-0.0192845
5.85191e-05
-0.070471
3.18855e-05
-0.0791888
2.31522e-05
-6.92965e-06
0.000100197
0.00119184
-0.0891843
-0.0196295
-0.0736485
1.91475e-05
0.000112817
-0.0810407
-0.0278227
-0.009326
-5.56157e-06
-0.0329935
-0.0540733
-0.0801664
4.57551e-06
-8.86344e-06
6.49457e-06
-0.0875718
-0.0716146
0.000843433
-0.0121461
-6.39036e-05
0.216516
0.000111829
1.74326e-05
0.000178951
-9.04444e-06
-9.70316e-06
-0.00407012
0.000135212
-0.00289643
-0.0690724
-0.0143058
-0.0600366
4.77774e-05
-5.89415e-05
0.0562683
-0.0573389
-0.00530217
0.116244
6.94249e-06
-1.52071e-05
-1.3979e-05
0.114109
0.000205614
7.64513e-07
-4.87559e-06
-0.0657358
-0.016868
7.50105e-06
9.41923e-05
-0.0101801
-0.00714378
0.000502895
0.225068
-0.0637989
0.000186558
0.596908
-1.97377e-05
-0.000786067
-0.00944735
-0.0786235
7.85387e-06
-1.87242e-06
2.54906e-05
0.00552792
-0.0357596
-0.000385701
-0.0522915
-0.00853804
3.25364e-05
-5.39224e-06
-0.011146
-0.00453628
-0.0144031
-0.0741109
-0.047761
-0.0413399
0.00193346
-0.0293678
-7.22815e-05
0.000417634
0.00854144
0.000623815
-8.90525e-05
0.000891741
3.74037e-05
-0.000103277
-0.0132568
-1.38383e-05
-3.18007e-05
0.0403251
-0.0232912
-0.00018393
-4.39909e-05
-6.14014e-06
0.24457
-0.007328
0.000915347
-0.0302848
0.000269684
0.000234779
0.000203587
-5.54731e-05
0.000567806
-0.0405211
0.0186459
-1.05186e-05
-0.000186515
-0.0447764
-0.0344743
0.0526172
-0.000562125
0.00211351
0.0201351
2.73162e-06
7.2294e-05
-0.0521535
2.6316e-05
0.166526
1.09063e-05
0.00482051
0.000197485
0.000263744
-0.0730734
-0.00808289
-0.0194091
-0.00269845
3.11855e-05
0.0073816
0.0654677
-0.0134458
-0.000153933
0.0983964
0.162658
4.02693e-06
-0.0549821
-7.58546e-05
-1.13491e-05
-5.10544e-05
-0.000648462
0.0222355
-5.49768e-06
0.000291718
-0.0267478
-0.0277007
-0.0238113
0.302606
2.16929e-05
-7.88847e-05
0.171204
-0.00649189
-0.00423623
-0.000746072
0.168669
5.27079e-05
-0.00035771
5.53601e-05
3.24303e-05
3.70699e-05
4.24113e-05
8.65037e-05
-0.0191769
1.04637e-05
-0.0037158
-0.0470269
0.236733
-0.000160795
-5.66661e-05
0.00540115
0.0887168
-0.0514493
-0.000857842
-0.073722
0.301298
5.07908e-05
0.387629
-5.12527e-06
0.00384271
0.0272075
0.000512366
0.418309
-1.50599e-05
-6.99815e-06
0.00133911
3.65627e-05
-0.000982323
0.000309225
1.37341e-05
-0.00220571
1.32264e-05
-0.00016614
-0.00369536
0.239668
0.0560054
0.0246894
-0.0462199
-5.88521e-06
-1.99912e-05
0.00391685
-0.0610396
-1.08454e-05
-0.0493522
-6.11037e-05
0.107312
0.0658904
-0.0357489
-0.00152618
-0.0132629
-0.00111557
-0.0161479
0.00432892
-0.00818377
0.0685324
2.47454e-06
0.237531
0.0370037
-0.000673875
0.209993
-0.0146023
-1.41937e-05
2.83531e-05
7.81385e-05
-0.000240438
-0.000139428
0.24259
-0.00111059
0.248446
-0.00122588
0.166839
0.220443
0.118881
-0.00777498
-5.43173e-06
7.68058e-05
-0.0116366
-0.138188
-0.0525943
0.00172143
2.48142e-05
-0.0406204
-0.000363177
9.33601e-06
0.00117131
-0.00120894
-0.000743206
0.0364783
8.84817e-05
-0.0510954
0.062984
6.81186e-05
0.000315761
-0.0157989
-0.0637441
-0.000830801
-0.0005925
1.63e-05
0.000294734
0.0883048
-0.0187139
-0.0521054
0.00151288
0.101611
-0.0419442
4.29479e-05
2.7325e-05
0.0231316
-0.00010167
0.0868896
0.00147374
-0.0148289
-0.00043613
0.00187246
-0.0393484
-3.87408e-05
0.000575281
0.000854551
-0.0786824
0.154862
-0.0658128
-0.0293549
-0.000188716
-5.21053e-05
0.00766567
5.48286e-05
-0.0785246
-0.0710662
0.00066004
0.00391949
0.00433521
-0.112472
0.000747809
0.000224759
4.54916e-05
-0.0448775
3.3849e-05
0.000654183
0.125362
0.180638
-0.126774
0.0531624
0.0523261
0.0222016
-0.00018204
0.013164
0.000145215
1.02358e-05
-8.33173e-05
-6.92142e-07
3.21729e-05
-0.000406799
-0.00846685
-0.0631521
-0.0107712
-0.032064
0.0572554
0.0478804
0.00467401
-0.0692693
0.000190947
0.00534988
0.0128851
-0.00044172
0.0812278
-0.00141132
-0.0121307
0.0136412
0.0062899
0.00117645
-0.00450916
0.0477816
0.000953662
-0.0215622
-0.0181078
0.491719
-0.0272847
0.0869898
0.0253149
-0.0415527
0.00252058
0.000121073
-0.00288318
6.74241e-05
-0.00296102
-0.0277914
-7.91607e-05
-5.1855e-05
0.268984
-0.00371136
-0.0451455
-0.0206033
0.00023887
-0.00162814
-2.58522e-05
9.38742e-06
0.0427121
4.77456e-05
-0.00330307
0.0819861
0.00718888
0.00129777
0.0208115
-0.00641852
0.00477178
-0.125298
0.00100265
-0.0049691
-0.0606201
-0.000977757
-0.00897695
0.000870191
0.00102475
0.00114449
0.0413742
-0.000363137
0.00647582
-0.0579643
-0.0227565
0.000362245
-0.0573173
-0.0164759
-0.0188181
0.000123454
0.00754678
-0.0770127
-0.000954431
-0.00543492
-0.0528664
0.000122553
-0.00132096
0.220675
-0.0240204
-4.7383e-05
0.00938438
-0.0555427
-0.00118963
0.195752
-0.00249391
0.00117062
0.0637951
-0.00161301
0.00951832
0.131547
7.42049e-05
0.00135217
0.000209262
4.39234e-05
-0.00504754
-0.00810656
-0.000151286
-0.026442
0.103704
-0.0401169
-0.0803092
0.00134074
-0.00367553
-0.000702147
-0.0525893
3.32589e-05
0.0190027
5.33088e-05
-0.0174983
-0.00219827
-0.00556651
-0.0355106
0.122723
-0.0886479
-6.00756e-05
0.19713
-0.00221613
-0.00289837
-0.0632187
-0.0924534
-0.0172334
-3.37978e-05
-0.00128722
0.00825525
-0.00347795
-0.00528777
0.000504087
0.0921347
-0.048089
-0.0123025
-0.00744687
0.0260721
-0.00290943
-0.00128163
0.0019599
-3.85668e-05
-0.00347176
0.120178
0.000915441
-0.139595
-6.29422e-05
-0.00816903
-0.00412882
-0.102113
-0.0127372
-0.121828
-7.29335e-05
-7.0495e-05
-0.00475539
0.0121341
0.00209262
-0.143954
0.092807
-0.0526471
0.000220326
-0.162026
1.1424e-05
-0.171586
-0.0278766
-0.189343
-0.189257
-0.181433
-0.144521
-0.0655834
-0.0344999
-0.00502399
0.0243405
0.0542753
0.140958
0.169618
0.196059
0.242548
-0.00895713
-0.00820716
0.0675033
-0.0201902
0.00103551
0.0175443
-0.0439949
0.000595933
-0.000772067
-3.32403e-06
-0.0157479
0.0200904
5.22171e-05
-0.00036513
-0.0116121
-0.00705102
-0.190892
-0.0149622
-0.0607246
-3.68688e-06
0.00066029
-5.96887e-05
-0.0610786
-0.00976219
-0.0399424
-0.0118569
0.00197645
0.000258507
0.0053874
-3.74474e-05
-0.0126806
-1.53703e-05
0.00043283
-0.006925
-0.0127093
-0.000322839
0.000381769
0.0528962
-0.0114746
0.0695224
-0.181391
-0.00924002
0.113017
-0.0205815
0.00423201
-0.0235231
-0.00365867
-0.0138178
-0.0141114
0.330927
-0.00149196
8.1479e-05
-0.00647425
-0.00992584
3.60576e-06
0.0852895
-0.00456681
0.310201
-0.0987504
-0.0472215
-0.0291687
0.0502704
-0.00554867
-5.58862e-05
-8.64673e-06
-0.0046624
-0.0648859
6.78707e-05
0.331065
-0.0030898
-0.00553429
-0.000101223
-0.000430261
-0.0071663
0.0834339
-0.0766298
0.124332
0.00074031
-0.0156234
-7.09862e-06
0.0300283
-0.00891308
0.0218836
-0.0221641
-0.00603837
-0.000954401
0.00142551
0.0134452
-1.37366e-05
-0.0109351
0.000583332
-0.000444054
0.000545663
-0.0334218
0.000248386
0.14818
-0.0116208
0.00432215
-0.0892596
0.0188709
-0.0846699
-0.0131562
0.0408243
-0.0198264
0.179877
-0.0181337
-0.00380797
-0.0542905
-0.000854401
-5.42791e-05
0.000510877
0.000105896
-0.00263377
0.00500261
0.000102156
-0.0155154
0.0244941
-0.003447
4.9252e-05
-0.00368736
-0.0456827
0.15378
-0.0379462
-0.0534982
0.00909124
0.0842253
-0.00139139
0.0324428
-0.012876
0.0060185
0.0399647
-0.066398
0.11331
-5.97608e-05
-0.0323063
0.00132519
-0.00174022
-1.11111e-05
-0.00666863
0.110176
0.000961372
0.235629
-0.0226424
-0.00491467
-0.0173029
0.000103412
-0.00218613
0.0688455
-0.137022
0.230419
0.0360651
0.0272446
0.173305
-0.0465178
-0.00479032
-0.0651042
0.000632229
-0.0364467
0.158534
-0.00322734
0.275443
-0.00171427
0.0962277
0.000116813
0.104853
0.13153
-0.00210469
-0.0215529
-0.000418151
-6.2903e-06
0.00596581
0.00224716
-0.042274
-0.0384177
-0.00626852
-0.0429754
0.165351
0.0547075
-0.0633467
-0.0181282
-1.07341e-05
0.00477051
0.206629
0.00519044
0.167278
-0.0665133
0.00602191
9.94161e-05
0.000435225
-0.0239116
-0.0012535
-0.00295411
-0.0465063
-0.000694748
0.00381698
-0.046771
-0.0450666
0.200273
-3.35644e-06
-0.0209053
0.000213098
-0.0277481
-0.000396243
-0.0648037
0.128268
-0.0460389
-0.0271407
-0.00193137
-0.0164327
-0.00081733
-0.00579341
0.0873147
-0.0328865
-2.09048e-05
-0.00842967
-0.00503576
-0.000407217
-0.00310442
0.0133468
-0.0116841
-0.0367084
-4.38903e-05
0.154578
-0.0313899
0.00767985
-0.000414191
-0.00893313
-0.000411046
-0.0247763
0.000334148
-0.026206
-0.000118643
-0.0403111
0.00308351
-0.000194221
-0.0127724
0.000349326
-0.0102957
0.00132658
0.170248
0.00138103
-0.0101645
-0.009714
0.00432995
0.128654
-0.0159956
-0.0772135
-0.0178947
0.000378209
0.125315
0.0521971
0.00145576
0.000134466
0.0572072
-0.0498984
0.00285859
-0.0296255
-0.000722505
0.000423458
0.0147529
-0.028733
-0.0145215
-0.0121982
0.290735
0.029918
-0.0619498
0.0363502
-0.000484471
3.0198e-05
0.00132382
0.00284663
0.134375
-0.00431538
0.0210104
0.000117623
0.454126
0.418016
-0.00165928
0.198652
0.569057
-0.0332491
2.16055e-05
0.104137
0.137398
-0.00411122
-0.0259928
0.000197698
7.5444e-06
0.146177
0.0129544
-2.55383e-06
-0.061464
0.000105342
0.0499154
0.0478864
-0.036802
-0.0363116
-0.0239951
-0.000348557
0.00130145
-0.0139046
0.0862841
-0.0479418
0.175431
-0.0106094
0.046732
-0.00285692
-0.000261847
0.000195552
-0.0032032
0.136582
-0.00593578
0.137162
-0.000348062
-0.095428
-0.0445531
0.136882
-0.00750058
0.000416079
-0.0403714
0.000456365
0.0141269
0.117361
-0.00950488
0.151879
-0.011533
-0.00448646
-0.109372
0.0274202
-0.0651829
-0.018637
-0.00103646
-0.0308906
0.00164576
-0.0104181
0.00177129
-0.0359081
-0.0138604
0.0475386
-0.00452998
-0.0724674
-0.0442123
0.0330756
0.0294766
0.118779
0.0047568
1.37821e-05
-0.00709628
0.193033
-0.000109345
-0.00654213
-1.79105e-05
-0.000278786
-0.0407624
-0.00129797
0.00373951
-0.00122313
-0.00185821
0.000389696
-0.0396334
-0.00298216
-0.0173713
-0.010625
-0.0035764
0.317749
0.056396
-0.0372783
-0.0156769
0.00177236
0.000136769
0.0146691
-0.00117271
0.00952625
0.335983
0.115217
0.0995972
-0.000315505
-0.0175519
-0.00161346
0.0284925
0.0858096
0.114704
0.150658
0.160073
-0.0163202
-0.000997782
-0.00246047
0.0390565
-0.00498932
0.167793
-1.37923e-06
-0.00183899
-1.38609e-06
-0.0073915
-0.040544
-0.0024998
-0.0162095
-0.0323327
-0.0604839
0.158413
0.139814
0.0159265
0.140908
0.0762067
0.0700037
-4.27318e-07
-0.00955534
-0.0124779
-0.164506
-0.00718556
-0.0434922
0.0631736
-0.146316
-0.00140924
-0.0634842
0.104008
0.126464
0.0602816
0.0611791
-0.0388072
-0.0190515
0.0254383
-0.00566567
0.353125
9.72446e-05
-0.0789663
0.0674786
0.0197251
-0.000903559
-0.047067
0.445676
-0.0219649
0.0626613
-0.000928917
-0.0784615
0.000346466
0.221117
-0.050402
-0.0250555
0.0558283
0.020438
0.0625938
0.393481
0.262523
0.00295322
0.000582162
-0.00302154
0.000195887
-0.031353
-0.00619215
0.0575545
5.73195e-06
-0.00217366
0.0839985
0.352007
-0.0278296
5.58359e-07
0.451532
-0.080291
-0.104102
-0.00430657
0.0818244
-0.0794295
0.0519215
0.141967
2.80798e-06
0.127694
-0.0310819
0.000234335
0.038084
0.0361535
0.0572377
0.345861
0.400493
0.00585914
0.0590606
0.000691872
-0.0381373
-0.0347211
-0.000133417
0.141426
-0.0912512
-0.0694369
-0.102407
-0.000991046
4.18805e-05
0.00575462
0.0184087
0.277568
-0.038324
-0.00297919
0.000174357
-0.00395257
9.69373e-05
-0.0220328
-0.0418929
-0.00938167
-0.0331692
-0.0643935
-0.0458558
-2.49023e-06
-0.0464667
-0.00308844
-0.0963752
0.0519093
-4.52971e-05
7.73242e-08
0.646397
0.353945
0.421733
0.241812
0.0179883
6.71616e-05
0.0243278
-0.035454
0.000192313
0.302927
-0.0044339
-0.000752867
0.0750805
0.0903717
0.0382891
-0.145137
-0.0591006
0.210036
-0.155982
0.0440165
0.00754793
-0.174966
-0.173969
-0.0445546
-0.0193925
0.0114749
0.0399026
0.152229
0.18366
0.0669242
-0.049191
0.526559
-0.00584583
0.0184261
-0.0560718
0.00669008
0.109568
-0.0187781
-0.0100471
-0.0763179
-0.174033
0.043549
0.000161124
-0.0506651
0.380658
0.00143066
0.329404
0.256361
0.493523
0.0512183
-0.161899
0.391512
0.0270259
0.128633
-0.00110368
-0.00527962
0.000408033
-0.0499489
0.0952134
-0.0668373
-0.0585522
-0.0123935
-0.0546079
0.0210936
-0.00152762
0.0958854
-0.0456148
0.00145476
-0.00101403
-0.175224
0.00534665
-0.0173761
-0.0252315
0.49543
1.35065e-05
-0.0763219
0.00257765
-0.0132989
0.00677061
0.0287364
0.00137763
-0.0692804
-8.47762e-05
-0.00496559
0.0896233
-0.0087053
-0.0337535
-0.00766042
5.2564e-05
0.0159275
0.0699354
-0.048265
-0.0287204
0.0327083
-0.0035066
-0.00218857
0.143542
1.10764e-06
0.0454678
0.0328433
-0.0718094
-3.68873e-06
-0.00173971
-2.90656e-05
-0.0439265
0.155197
-2.12937e-05
-0.00883763
0.000116719
-0.00536866
-0.0247373
0.000242243
-0.0417786
-0.064195
0.663503
-5.57287e-05
0.073615
0.00168855
-0.000804302
0.000847607
0.0978339
-0.0273227
-0.0511562
-0.0492206
0.241446
-0.0276053
0.107166
6.42077e-06
0.252955
0.0231741
1.10293e-05
-0.0917169
0.0900235
-0.000449432
-5.2155e-05
-0.0447188
-0.0410473
0.65449
5.48486e-05
-0.039603
-0.0459212
-3.31054e-05
0.0199878
0.000575984
-0.0268482
0.190746
-0.0366884
0.0329336
0.00703606
-0.00022793
0.287574
0.369673
0.00184297
-0.0128009
-0.0517542
0.252312
-0.0219597
-0.000210868
0.0732233
-0.104994
-0.0756001
-0.00130064
-0.00475744
0.0464764
0.0250724
-0.0581804
-0.0586317
-0.0735644
-0.0374794
0.0511903
4.10066e-05
-0.0223189
0.634385
-0.00129013
-0.00231474
-0.00452592
0.486839
0.115771
1.38944e-06
3.45966e-06
0.16874
0.167913
-0.0293932
-0.0669044
-0.0566191
-5.17472e-05
0.0263576
0.014806
0.13445
-0.00413014
0.20731
-0.0213733
0.0342613
0.3742
0.000271462
-0.0126162
-0.161677
-0.139067
-0.0211984
-0.000169735
0.313852
0.0689299
0.0281206
-0.0322199
-0.0745122
8.08544e-05
0.179957
0.000679045
0.000144054
-0.0450008
0.0764846
0.00166061
-0.0109469
-0.0492862
0.127966
-0.00293089
-0.0433964
0.000855875
-0.033158
0.000435895
-0.0173545
0.000374372
0.0257214
-0.0313971
0.173811
-0.0094813
-8.9634e-05
0.000272902
0.558586
-6.62649e-05
-0.0425785
-0.0512954
0.27996
0.048524
0.000128904
-0.0150381
-0.0218744
-0.0548938
0.0728298
-0.0522962
0.108318
-0.0145323
0.0403021
-0.021402
-0.0088653
0.285165
0.00261101
-0.0134685
0.156018
0.135578
0.446892
-0.0469358
-0.03216
-0.000939506
-0.038354
-0.0799381
0.0993405
-0.00163722
0.0348038
0.000167745
0.0188075
-0.00296904
0.00845824
-0.0283731
-0.027132
-0.00170125
-0.0247125
0.000141491
0.0360126
-0.0424104
-0.0014603
7.43356e-05
-0.0169856
0.582554
-0.0766821
-0.0188382
-0.0037066
-0.000298409
0.338739
0.0392859
1.65997e-05
0.00187025
-0.0862358
-5.89742e-06
-0.00115827
-0.0400099
-0.0106329
-0.00554187
0.124566
0.293136
0.274553
-0.0424004
0.000421775
-0.0492115
0.000123608
0.1767
0.485595
0.000126051
-0.00106393
0.011018
0.508287
3.66994e-06
0.275739
0.53193
-0.0459666
-0.011392
-0.00335957
0.278954
-0.0066753
-0.0778907
0.469187
-0.00549772
0.299162
-0.0230672
-0.0109592
0.463299
0.100472
0.286579
0.258007
0.00262076
-1.68044e-05
0.185592
0.0774062
-0.01556
-0.0855887
-0.00252237
-0.0711475
-0.015921
0.279435
0.000206295
-0.00616396
-0.0925289
-0.0660738
-0.0281409
-0.0643407
-0.0796782
0.290581
0.061311
0.0266242
0.443885
0.000979253
-4.56199e-05
0.0617486
0.0474961
0.0668966
-0.000257525
0.00748221
-2.84246e-06
-0.077102
0.0198536
-3.78178e-05
-0.00124624
0.000772364
8.78342e-05
0.0877323
-0.008916
0.000341601
-0.010427
-0.0759568
-0.0097304
-0.00323926
0.28799
-0.0220466
-0.0171727
0.00148799
-0.0150619
7.38016e-05
-0.0430495
0.128922
-0.0117381
0.140991
0.0092139
0.0981392
0.161204
0.210503
-0.0246211
0.370212
-0.0152065
0.29962
-0.126874
-1.09536e-05
-0.0138673
-0.0208079
0.0294137
0.148126
-0.0577933
0.00030697
0.654144
0.00838916
0.129292
-0.0390288
0.0612091
0.0833291
0.000868997
-0.0324432
-0.0737675
0.00252832
-0.000786123
-0.0110593
-0.0411529
-0.00517443
-0.00769969
-0.0756132
0.177483
-0.00557476
-0.0351743
-1.36108e-05
0.543376
0.614188
0.00684016
9.75393e-05
-0.0299851
-0.00064414
-0.0375225
0.000122235
0.0450695
-0.0315843
0.000201549
-0.000692637
-0.0583323
-0.000898188
-0.0208893
-0.0332936
0.320729
-0.071687
0.32088
-0.0007347
-0.0112505
-0.0153127
0.0554389
0.0502211
-0.0620487
0.00230031
-0.0151635
0.257667
-0.0388812
0.000365788
5.78154e-05
-0.00306891
5.15071e-06
-0.0196319
-0.00239949
0.0134839
-0.00674104
0.125376
5.36042e-05
0.00156979
0.205704
0.2306
-0.0264609
-0.00214248
0.179876
0.000296086
0.000312212
0.0421914
-0.00120218
0.482034
-0.038206
0.288172
-0.122962
-4.22007e-05
-0.00899869
0.401956
0.286066
0.0184248
0.00373866
-0.000309173
0.128532
0.0569739
0.0155078
-0.00135453
-0.0340599
-0.0515861
7.26503e-07
-0.0269963
-0.0504825
-0.0407526
-0.00533663
0.499107
-0.00523145
-0.0265221
-0.0422716
0.000617094
2.59671e-05
0.00169339
-0.00632096
0.339146
0.00651656
8.42205e-05
0.000893565
-0.0769599
0.425592
0.00022686
0.000739411
0.0356893
-0.0408583
0.392089
-0.0319402
0.319978
0.294973
0.000214895
0.269691
0.301781
-0.0304529
0.0418946
-0.000241083
0.314103
0.000619528
-0.000120978
-0.00432402
0.210695
-0.00851383
0.195886
0.00225809
0.503258
0.00264926
4.20105e-07
0.687787
0.0428675
0.547179
0.135144
-0.161521
0.0215855
-0.0625327
0.381296
0.000269829
-0.000135118
0.0534148
-0.000851022
0.490329
-0.124827
-0.13532
0.00234846
0.080798
0.119358
-0.0712511
0.014635
-0.0283856
-0.00558337
0.0300433
0.000460692
0.00291713
-0.0357042
-0.031237
-0.0527118
0.0545307
-0.00969511
0.0945501
0.0707489
0.538544
-0.0611294
0.0362928
0.000483414
-0.0792048
0.31482
-0.0153556
0.11493
0.239177
-0.0352854
0.0177441
-0.071662
-7.42587e-05
-0.00449129
-0.00276378
0.00907635
-0.00549547
-0.134453
0.000127544
0.150435
0.101132
0.200823
0.114277
0.226371
0.0133308
0.0650644
0.0217993
0.0271472
-0.0203761
-0.120419
0.0792311
0.314603
0.0455064
-0.00588229
-0.10507
0.106678
-0.0106391
-0.12164
0.200935
-0.0182153
-0.0402027
0.138779
0.0392889
0.475251
-3.7798e-05
2.11093e-05
-0.0639212
0.337041
0.356852
0.270476
0.366606
0.0639321
-0.00700438
-0.0130667
0.0693696
-0.0213813
-0.00286713
0.0274201
0.495856
0.00692349
0.328443
0.125659
0.0178743
0.000138352
-0.036341
0.369185
-0.0026703
-0.00852037
0.131068
-0.10502
0.000308396
-0.00779902
-0.0669765
0.604058
-0.0588277
0.173613
0.0754492
-0.0107151
0.0867015
0.290431
0.367417
0.136118
-0.068761
0.124201
0.11212
0.647558
0.000810322
-0.00498995
0.361638
-0.0670378
0.258183
0.394866
0.00365298
-0.0358758
0.143772
7.50385e-05
0.429871
-0.0139586
0.340654
0.0124633
0.00068321
-0.0150114
-0.00129578
0.636921
9.0676e-05
-0.109045
0.310065
-0.000478422
0.0237249
-0.0252158
-0.0253364
0.15683
-0.0211428
0.000912027
0.145907
-0.0240585
0.0007887
7.90703e-05
0.109473
-0.00284247
0.228767
-0.0731688
-0.0141219
0.0796548
-0.00155399
-0.0574612
0.0697579
-0.0710431
0.243157
-0.0224519
-0.00572441
0.182406
0.000209829
0.00200672
0.113024
-0.0139516
0.00712072
0.146144
0.433007
0.0898407
0.0178601
0.259114
0.381041
-0.0137167
-1.15376e-05
0.232034
-0.0930563
0.0153791
-0.000961028
-0.0609906
-0.000330856
-0.000790214
0.0582626
-0.00474817
-0.00931997
-0.0313612
-2.79036e-06
0.213009
-0.000738105
0.0329483
-0.133925
7.66707e-05
-0.0762898
-0.0251847
-0.0699888
0.000622008
0.026479
0.350101
0.438977
0.587283
3.01646e-07
-0.030568
9.23424e-05
4.67784e-05
1.46705e-05
0.000816383
-0.00134937
-0.00435032
0.266813
0.023902
-0.00325154
0.0615242
0.0245075
0.00860712
-0.0623117
-0.0490612
0.123762
0.281728
-6.28979e-06
0.0146402
-0.0803232
-1.37582e-06
-0.042483
0.0594577
0.230331
1.179e-06
0.445813
-0.0322823
0.11238
0.117836
0.00179153
0.171862
0.00278387
-0.0724613
0.545327
0.000176942
-0.00601055
0.161478
-0.000330405
-0.0266213
5.41767e-05
-0.000754572
0.00278187
-0.0144127
-0.00306244
0.000278814
4.82337e-05
-0.013699
-0.0636264
-0.0600085
0.155283
0.070978
-0.00919771
0.4973
0.0194695
0.471585
-0.0197923
0.520419
0.460759
0.476745
0.014032
-0.0108647
0.0114257
-0.00507663
0.000263343
0.231412
-0.0413504
0.00106624
0.228006
0.552701
0.167576
0.104465
-0.0537671
-0.019018
-0.00655601
-0.0115635
-0.0405861
-0.00930086
0.455277
-0.00045307
0.623015
0.278566
-0.000802673
0.199233
-0.0418283
-0.0788335
0.173203
0.0674216
-0.00452895
0.16593
-0.0167209
0.300421
0.0949175
0.00183852
4.55346e-05
0.0149391
-0.0687748
3.11715e-06
0.00268502
-0.154512
-0.000751868
-0.0331064
1.28078e-06
3.31912e-07
-0.0798002
-3.36917e-06
-0.00624799
0.000454065
-0.0276125
0.078663
-0.0530387
0.00990055
-0.00101935
-0.0446404
-0.145215
0.134667
0.0197152
0.0171214
0.340159
0.298974
-8.03625e-05
0.217455
-0.0605521
0.507545
0.24159
0.00293008
0.298585
0.513585
7.24172e-06
0.22159
0.0164848
0.0329564
-0.0441453
-2.48104e-05
0.00504173
-0.059043
-0.00470618
-0.000289618
8.42076e-05
0.0169375
0.00112884
-0.0609119
0.0761343
-8.8588e-06
-0.109659
0.0450202
-0.00813703
0.00158097
-0.00644676
-0.00094572
-4.17511e-05
0.48594
0.436384
0.0700038
-0.0518428
-0.00839849
-0.00206724
-0.000356817
0.00012833
-0.00331265
0.0122836
-0.0492826
-0.0417587
-0.122095
0.346523
-0.0463167
0.619797
0.000563881
-0.0364548
0.383282
0.000438999
-0.071566
0.00010082
-0.00118453
3.49077e-06
9.6003e-05
0.169576
0.000189607
0.00158503
0.173139
0.0149714
-0.00922972
-0.0144079
-0.00971087
-4.60035e-05
0.567563
-0.0560938
0.258941
0.136466
-0.00448952
0.323006
4.60386e-06
0.0654121
2.40194e-05
0.0033932
0.0114416
0.492727
-0.00109564
0.284858
0.0459956
-0.00045243
0.000100792
-0.0339662
0.344454
5.41308e-06
0.0132607
-0.000889094
-0.0731366
-0.0431036
-0.159947
-0.015999
-0.0277285
0.0222609
0.00332247
-0.124605
-0.14805
-0.00627438
-9.9801e-05
-4.26028e-05
0.000394619
-0.000909022
4.64407e-05
0.0651797
0.00185354
0.00145608
0.31518
-0.00113817
-0.0457269
0.220611
2.12872e-05
0.00173503
-0.104178
0.574706
-0.0106527
0.230331
-0.0587156
0.294376
-0.0227017
0.431611
-0.0586561
-0.068573
-0.0144797
0.47482
-0.0184785
-8.76967e-06
0.000477241
0.169836
0.0583523
0.144313
0.588177
-0.048545
-0.0770381
0.358636
0.00114841
0.0530396
0.000689633
-0.00455043
0.0016614
-0.00360092
-0.000252379
-0.0669273
0.163241
0.141191
-0.011957
-4.76983e-05
-4.17222e-05
6.65992e-06
-0.0080253
0.000179723
-0.0578375
0.358811
-0.0460252
0.64429
-0.146486
-0.00207631
0.617408
-0.0231808
-0.00791202
0.000435362
-0.00120078
-0.00902689
0.615528
0.591808
-0.0298286
-0.0146837
0.000243732
0.322323
0.184682
-0.00176816
0.116644
-0.0176977
-0.0185274
-0.00741856
0.468865
0.447943
0.138723
-0.00858032
0.00120037
-0.0186086
0.0308741
-0.000906478
0.311553
-0.00127228
-0.00454122
-0.00598443
-0.0702104
0.0755111
-0.0597015
-0.00962276
0.538234
0.17134
0.141556
-0.0703191
-0.00683545
-0.00795212
-4.04469e-05
0.371728
-0.00374149
-0.00434674
-0.055682
0.0485803
0.000126426
0.247215
0.0281133
-0.0591175
0.0225841
0.174793
-0.0441679
-0.00806916
0.0258835
0.605142
0.121121
0.429117
-0.000904404
0.113357
0.0166149
-0.00443303
0.30777
0.00182835
0.0181055
-0.0294051
0.137762
-0.0417767
-0.0359184
-0.0595723
-0.090583
-0.0012412
-0.0275675
0.477821
0.0369034
-0.0373841
-0.0102667
-0.0161396
-0.121267
0.597707
-0.0101149
-0.00833544
-0.169861
-0.00581696
-0.0147317
0.0261816
-0.00170608
0.652835
0.456592
0.0194771
0.42087
0.441284
-0.00859425
0.0164159
0.0314894
0.0844879
-0.000846724
0.0351468
-0.000273166
-0.0315072
-0.0716404
-0.0412141
-0.00327195
-0.130164
0.30746
0.0502301
0.406986
0.420735
0.460187
0.000140677
-0.00833078
0.472083
-0.0176005
0.564918
0.347563
0.00298444
0.515521
-1.00821e-07
-0.00313629
0.0347864
0.057972
0.384597
0.00315425
-0.000100904
0.00285354
0.336426
-0.0237711
0.0158321
0.454615
-0.0407746
0.466658
-0.0132059
-0.0593226
0.350358
0.459387
0.224549
0.240013
-0.0145757
-0.0079529
-0.134703
0.000247186
0.468784
0.234677
0.296282
0.247978
0.528924
0.016844
-0.133356
0.503349
-4.70499e-05
0.517363
0.12307
0.588462
0.564598
-4.29281e-05
-0.0413732
0.437498
0.00241516
-0.00308415
7.88254e-07
-0.0593952
0.0132485
0.38081
-0.0112273
0.0141319
0.130261
-0.0678664
-0.000834353
-0.0259398
0.446136
-0.0346555
0.449775
0.507908
0.372414
-0.0834776
0.0211377
-0.427268
0.213261
0.428712
0.645201
0.135044
-0.670686
-0.117027
0.434151
-0.511725
-0.115034
0.231585
-0.613024
0.665956
-0.935595
-0.0800215
0.808939
-0.187777
0.353341
-0.0489485
-1.23356
0.20841
0.64352
0.0029402
0.381575
-0.121561
0.729937
-0.897994
-0.673243
0.767085
0.98918
1.21122
0.311158
1.58271
-0.0669866
0.7215
0.0695578
-0.178158
-0.0803495
-0.101856
-0.933586
0.0335976
-0.0543866
-0.654108
0.00487878
0.499648
-0.125464
0.310876
-0.157612
-0.082094
-0.490278
-0.611496
0.174331
0.0918543
-0.126611
0.0795543
0.141221
-0.880704
-0.165808
-0.906601
1.44053
-0.124415
0.350051
0.222302
0.344507
-0.69256
0.0391354
1.58222
1.68299
-0.263859
0.65842
0.202527
0.666554
0.888038
-0.167855
0.210263
1.33248
1.11003
0.0240431
0.214413
0.241187
0.0574038
-0.64406
0.212317
0.264739
0.219289
-0.119571
-0.00825852
0.805789
-0.443207
-0.192675
0.223732
-0.139516
0.484982
-0.149077
0.102857
-0.211656
-0.449097
1.88203
0.778924
1.5711
1.00099
1.22303
0.323691
-0.0544894
0.760233
-0.462013
-0.369424
-0.0984344
-0.0857518
-1.0872
-0.13195
0.181548
0.751589
0.380481
-0.212785
0.93062
-0.133097
-0.101588
0.798404
0.289289
1.91061
-0.158982
1.47858
-0.0628806
-0.483354
-1.25349
-0.106917
-0.1791
-0.206836
0.32363
-0.108814
-0.0833451
0.312893
-0.168874
-0.133969
-0.430685
-0.0361425
-0.0269702
-0.553772
0.73223
-0.551096
0.686675
1.54253
0.87492
0.65088
1.09691
1.31916
0.194637
-0.183503
0.0625252
0.240916
0.370145
0.315385
-1.16944
0.263086
0.235598
-0.157803
-0.108317
-0.304584
-0.516478
0.0603846
-0.104261
-0.264111
-0.0153555
-0.10023
-0.316687
0.482411
0.321532
0.0440751
-0.0967988
0.139031
-1.28895
-0.235008
0.287933
0.244393
-0.674634
-0.0809457
0.332734
-0.0802017
0.0916798
1.69796
-0.0668153
-1.06431
-0.387041
-0.646177
-0.15808
-0.124276
0.193543
-0.00416412
-0.121557
-0.198771
-0.0308573
0.0661168
-0.180278
-0.394385
-0.348187
-0.0841403
0.109594
0.839385
0.0838291
-0.192079
0.153048
-0.0968778
0.127842
0.156665
0.553691
-0.260501
-0.00743456
0.890257
0.431547
0.474366
0.852706
-0.055558
-0.088331
0.0364093
-0.0789338
0.759493
-0.388559
-0.265401
0.690171
-0.183226
0.0444228
0.0889162
-0.63417
-0.638863
0.173936
0.184745
0.09452
-0.160624
-0.165221
0.242311
0.263306
0.067847
0.384889
0.135344
0.60359
-0.41775
0.131045
0.0550673
0.0395908
0.346918
-0.844737
-0.125041
-0.326286
-0.0408152
-0.899618
0.714083
-1.40059
0.562672
-0.196674
0.146543
-0.139456
0.391441
-0.274518
-0.0413614
-0.327715
-0.211011
1.9767
-0.852084
-0.145144
0.801708
1.02372
0.571241
1.5352
0.420662
0.497651
1.24613
0.360129
0.115058
-0.0180435
0.0420363
-0.337989
-0.263133
0.702213
0.0722708
1.82489
0.356049
0.0777832
-0.346055
0.448028
-0.341719
1.76481
-0.165935
0.682458
0.0596452
-0.0720338
0.108305
-0.143092
-0.0742067
-0.568271
-0.262707
-0.0849253
0.157337
0.247233
0.249846
0.190598
0.367913
0.260675
-1.04663
0.28829
0.835335
-0.0923942
0.312771
-0.202719
-0.0646987
0.14773
-0.206788
-0.244911
-0.052465
-0.604712
0.265468
-0.0465066
0.0185914
-0.326954
0.289587
0.377668
0.210126
1.93164
-0.217021
0.396465
-0.162203
-0.0989506
0.0160545
0.235929
-0.501919
-0.890977
0.0252827
0.15993
-0.0118848
-0.0668056
-0.201186
-0.193693
-0.0465227
-0.443699
0.183894
0.461836
-0.060182
0.0645538
-0.732865
-1.00459
-0.739021
-0.417505
-0.429911
-0.216638
-0.0861945
-0.196295
0.404257
-0.201833
-0.248913
0.240506
-0.40776
0.193493
0.180675
0.810871
0.0620781
0.136039
0.810888
0.734328
0.0382355
0.351703
-0.445198
0.704396
0.92661
1.64425
1.14866
1.37316
0.249207
-0.12893
0.134533
0.0053655
-0.744068
0.577046
-0.00817425
-0.131397
0.188726
-0.4954
-0.159683
0.185699
0.424305
-0.348036
0.441732
0.314397
-0.0508643
0.189207
0.0396676
-0.218187
-0.706096
0.13376
0.0359277
-0.882213
0.399594
1.70406
-0.0861915
-0.802069
-0.736045
-0.416971
-0.140428
0.295556
-0.622087
0.233274
0.644988
0.867041
1.08904
0.189011
1.31165
-0.189105
0.176188
0.0600579
0.379875
0.662489
0.809605
-0.437555
0.0036137
-0.181668
-0.319819
0.157261
0.296148
0.835436
0.125578
0.124394
0.902801
-0.107975
-0.17019
0.114252
-0.238758
-0.470045
0.176516
0.758496
1.40739
-0.556598
-0.43872
-0.273405
0.346509
0.097464
0.27998
-0.130646
0.844785
0.172104
0.271376
-0.128712
0.406386
0.309605
0.168931
-0.166565
0.261697
-0.191412
0.0584577
0.129511
0.609289
-0.359786
0.238119
0.091654
-0.670409
-0.83593
-0.862256
-0.156048
-0.0302757
-0.186369
-0.62119
-1.30655
-0.750946
0.157218
-0.201123
1.42451
-1.04567
0.0249775
0.125037
0.103152
-0.637806
0.080788
-0.097129
-0.11414
-0.147663
0.0410137
0.0255363
0.162109
0.645374
1.23497
-0.136442
-0.155956
-0.12244
-0.217294
0.670618
-0.349971
0.325624
0.189603
-0.255983
-0.253726
-0.298633
-0.18833
-0.576703
0.560039
-0.116668
0.034174
0.327094
-0.628912
-0.506823
-0.179371
-0.153497
0.326618
-0.379059
0.0656046
-0.172564
0.224858
-0.321979
1.82918
0.0956901
-0.144001
0.135695
1.62204
-0.106355
1.17059
0.271781
0.948515
0.726488
0.317913
-0.148369
-0.000219192
0.121703
0.0390178
0.0746217
0.717237
0.153616
0.0461794
0.547382
0.138922
0.304362
-0.916057
-0.606355
-0.0377329
-0.16692
0.229422
-0.864948
0.0699822
-0.505896
0.250413
-0.05641
-0.18666
-0.0406292
-0.191047
0.27419
-1.3844
-0.102193
0.617982
-0.418769
-0.742738
-0.0688163
0.0953703
1.21163
-1.36806
-0.0934434
0.660357
-0.186046
0.894797
0.671393
1.11681
1.3413
0.215265
-0.162882
-0.222089
0.374586
1.93233
-0.0186194
-1.02353
-0.202719
0.0988543
-0.14518
-0.176252
-0.76228
0.25859
-0.773431
-0.191515
-0.123754
-0.942831
-0.00616909
0.230012
-0.196445
1.76295
-0.410015
-0.167838
-0.122216
-0.406026
0.0141265
-0.138604
-0.204612
-0.311937
0.230459
-0.191443
1.67716
-0.231135
-0.123395
0.220943
0.428946
-0.141784
-0.139549
-0.890165
0.246885
0.119965
0.388119
0.215247
-0.154695
0.210898
0.327052
-0.0810753
0.357724
-0.856734
-1.32323
0.524845
0.557718
-0.234281
0.268832
-0.109493
0.301519
0.0958436
0.377906
0.014078
-0.291228
0.116653
0.123781
-0.101132
0.0561451
-0.676001
-0.0839503
1.04443
0.822424
1.26804
-0.234786
0.143405
0.599574
0.250233
0.0121196
0.229286
0.197982
-0.600841
-0.206174
-0.111913
0.421888
0.46932
0.0764178
-1.10314
-1.45768
1.19324
-0.101273
0.584462
0.392652
-1.00524
0.356702
-0.350169
0.925286
0.244189
-0.194264
0.117459
0.380027
-0.297537
0.640911
0.410068
0.371713
-0.0645642
-0.875334
0.667904
-0.801954
0.16975
1.82256
-0.850425
-0.0826896
-0.520145
0.871719
0.346193
-1.34663
0.112881
-0.758197
-0.043339
-0.265808
0.649088
-0.146722
0.699442
0.041968
-0.864727
0.0220307
0.248275
0.212772
-0.134179
0.0148898
0.126839
-0.137424
-0.216836
-0.649538
-0.354494
-0.0844599
-0.824307
-0.0722187
1.39069
0.0649771
0.518015
0.268379
-0.181141
0.0260426
0.247888
-0.803593
0.698828
-0.846688
0.837318
-0.161946
-0.259498
0.085009
-0.0777284
-0.138394
0.154448
-0.792296
-1.09845
0.318013
0.684498
0.337427
-0.226661
0.932658
0.419904
-0.722137
1.11694
0.0165598
0.0343351
0.192846
0.15846
-0.0417246
0.17433
-0.19613
0.0452106
0.0417157
-1.25818
0.120967
0.353822
-0.470296
-1.20407
0.42107
0.0514787
0.0286517
-1.0028
-1.19111
-0.359605
0.44157
-0.164316
-0.368889
-0.271575
0.308154
0.227116
0.180379
0.226651
-0.255804
-0.301811
-0.454055
0.672101
-0.910249
0.233278
0.211609
-0.686513
0.153189
-0.843913
-0.20223
-0.14673
-0.40426
-0.00879907
0.420427
0.202677
-0.0984305
-0.249667
0.0309816
0.290616
-0.320235
0.273807
0.242224
0.623718
-0.0498213
-0.505735
-0.223767
0.106173
0.378816
-0.588667
0.407349
-0.730913
-0.0861331
0.375099
-0.178296
-0.231484
-0.929174
-0.131732
-0.234689
-0.0353854
-0.233429
0.525639
0.401922
0.0155517
0.104645
0.688871
0.911382
1.66023
1.13341
1.35761
0.23289
-0.145244
-0.0891497
0.719457
0.288281
-0.214708
0.380762
0.78372
-0.519875
-0.145472
0.0240746
0.308018
-0.372826
0.297257
0.739338
0.644717
-0.0735899
-0.0404879
-0.383177
0.0467251
-0.213865
1.28574
0.164289
1.06383
0.841843
0.620477
-0.17891
0.134419
-0.0850677
0.117628
0.453442
0.363992
0.699511
-0.176672
0.272062
0.0253122
-0.63165
-0.111419
0.294663
0.0100547
0.0930738
-0.700436
0.310656
-0.0143581
-0.0538852
-0.0590271
0.488074
1.73288
0.122591
0.128617
1.21021
0.289145
-0.0343086
0.0481722
1.04026
0.253905
-0.00769068
-0.936548
0.223954
0.18293
0.289166
0.0186402
-0.3025
-0.0207752
0.223504
-0.0104338
0.283622
0.836508
-0.584982
0.23486
-0.562571
-0.194327
-0.175427
0.098919
0.191056
0.114687
-0.270253
-0.0502097
-0.732278
0.394963
-0.244764
0.222501
0.190617
0.668435
0.0352403
-1.28972
-0.0573075
0.214322
-0.369696
-1.14921
0.0448878
0.025209
0.0500758
0.222104
0.127741
0.106409
0.330039
0.183678
-1.25004
0.289586
0.166577
0.350442
0.148901
0.188583
0.135582
0.333622
0.254613
-0.534703
0.239951
0.265284
0.401702
-0.163454
-0.488083
0.596635
0.165915
-0.883032
-0.64635
-0.719294
0.33941
0.391862
0.217491
0.102381
-0.0968134
0.200853
-0.732999
0.0838045
0.0241521
0.27939
0.274978
0.306065
0.0264866
1.85081
-0.709907
0.150254
0.713644
0.935423
1.15741
1.63576
-0.120898
0.257218
1.37137
0.683548
-0.756764
-0.19008
0.357234
-0.856299
0.361073
0.124171
-0.225638
-0.0168259
0.00526601
-0.052461
0.361183
0.146039
0.0555036
-0.272479
-0.789097
0.0185287
-0.235828
-0.854034
0.176865
0.235288
0.190147
-0.224733
0.692493
-0.322823
-0.188119
-0.722472
-0.0239042
-0.103846
0.487099
0.290183
0.579726
0.233945
1.05843
0.377837
-0.228547
0.316882
0.0400352
0.25723
-0.125085
-0.1579
-0.358424
-0.198024
0.498825
0.320047
0.152731
0.1453
-0.280229
-0.0657057
0.289822
-0.265231
-0.169675
-0.395358
-1.22743
0.350795
-0.125634
0.459843
0.0556808
0.374974
0.18297
0.135182
0.454476
-0.29945
0.115752
0.192569
-0.460011
0.141066
-0.259331
0.255143
0.260345
0.590936
0.244427
0.2917
-0.133562
0.171242
0.611744
-0.0664506
-0.0336568
-0.237549
0.26209
1.28952
-0.375426
0.128523
0.115925
-0.634091
1.79289
1.0973
-0.846971
0.307301
-0.80238
0.630932
0.908237
-0.772495
0.372065
0.108653
-0.441913
-0.775311
-0.627009
-0.184481
0.259217
0.274918
-0.562413
0.334719
0.63606
0.0649072
0.0330585
0.123944
0.555521
2.02024
0.390074
0.464718
-0.183683
0.000223944
-0.638163
-0.234062
0.335636
0.2918
0.50743
0.318303
-0.165605
-0.377258
-0.202737
1.60924
1.18367
-0.0946608
0.283474
1.40169
0.961678
0.739482
0.0224156
1.53141
1.49539
-0.097693
0.422142
0.466049
-0.236537
-0.268416
0.172537
0.3608
-0.210743
-0.207486
0.119815
0.170181
-0.823008
0.353137
0.0383141
-1.45245
-0.344013
-0.887287
0.372404
0.567666
0.0730787
0.168977
1.39085
-0.187974
0.21027
0.0600974
0.645074
0.111008
-0.139461
-0.200783
0.591846
-0.110857
-0.367466
0.402898
0.575823
-0.0133559
-0.565579
0.115613
-0.0785249
0.339048
0.642218
0.106425
-0.0855267
-0.252937
-0.277425
0.242165
0.214675
-0.212789
0.245642
-0.378003
0.179921
0.293847
-0.202454
0.0150782
0.26443
0.240214
0.285158
-1.04864
-0.144979
-0.1284
-0.190893
0.0812058
0.0196861
0.29394
-0.0975231
0.607705
-1.15142
0.293593
0.205251
-0.0806791
0.257698
-0.194077
0.64133
0.695328
0.633995
-0.399509
-0.592959
0.243797
0.0815499
-0.134956
-0.151294
0.682574
-0.456601
0.111225
-0.67958
-0.084404
-0.311818
-0.144321
-0.234996
-0.0949962
0.241266
-0.182995
0.282937
-0.359278
-0.135712
0.185962
-0.431737
0.780797
0.222621
-0.689423
0.00719896
0.611501
-0.732849
0.180955
-0.100182
-0.22691
-0.66632
-0.788525
-0.285864
0.184337
-0.961419
-0.34223
-0.128285
0.837037
0.197232
-0.247328
0.250921
0.58112
0.133056
-0.290333
-0.139386
0.129587
0.310856
1.19716
-0.0969056
0.119775
-0.0696378
0.039985
-0.244042
0.27873
0.0261073
-0.150543
-0.456001
0.0130505
-0.300237
0.0893772
0.0355162
0.0523956
1.92324
0.0239899
0.334477
-0.478094
-0.0822703
-0.118443
0.284355
0.041358
-0.0322805
-0.280355
-0.067795
-0.211726
-1.28689
0.773109
-0.864201
-0.2533
0.342692
0.0606742
-0.2016
-0.0725197
-0.0977632
-0.132144
-0.0959611
-0.0837405
-0.0443373
0.239674
-0.17174
-0.124811
0.281475
-0.30225
0.174291
0.526247
-0.315933
0.310554
-0.177659
0.176439
-0.161817
0.282856
-0.188475
-0.696736
-0.211522
-0.681708
0.255506
-0.128041
-0.226598
-0.448395
-0.100945
-0.362612
-0.216051
-0.975432
0.202762
0.183722
0.796929
0.20613
-0.334362
-0.345308
-0.653222
0.298414
0.140611
0.393681
0.358208
-0.094649
-0.141604
0.166548
-0.340491
-0.269891
-0.484282
0.560544
-0.288143
0.32957
0.272056
-0.0466806
-0.169123
-0.195597
0.594714
0.622588
0.527922
0.217202
-0.100067
-0.34296
-0.274279
0.122322
0.305566
-0.181474
-0.321546
-0.156125
-0.273203
0.873017
-0.156934
0.0513579
-0.465977
-0.229026
-0.373527
-0.623262
0.0880202
-0.124629
-0.176004
-0.166292
-0.181992
0.272806
-0.362588
-0.607046
1.73621
-1.09181
0.457622
-0.240999
-0.175976
-0.0121362
0.846869
-0.295805
-0.158735
-0.150999
-0.825724
-0.6623
-0.726753
-0.406264
0.525972
0.44945
0.376992
1.52052
-0.00121019
0.0705559
1.49842
-0.307834
0.0196856
0.398532
0.0965188
0.552723
0.477324
-0.281696
-0.121507
-0.241977
0.141945
-0.0944663
-0.361163
0.223878
0.34559
-0.146447
-0.0703856
-0.344535
0.34109
0.203461
0.251902
0.184986
-0.198601
-0.205447
0.218175
-0.175726
0.161329
-0.215386
0.238568
-0.0412516
-0.101571
-0.233088
0.217089
0.0631689
-0.361884
-0.21826
0.22681
0.0365872
-0.134595
0.053414
-0.180835
0.0803616
0.181481
-0.0145991
-0.455261
-0.124245
-0.136843
0.0968839
0.635286
0.0269039
-0.181462
0.316219
0.00719317
0.127768
-0.119566
0.0228912
-0.107666
-0.00206949
0.146499
0.126686
-0.317863
-0.175091
-0.351104
0.0632194
-0.189169
-0.137601
-0.115571
0.477239
0.127892
-0.159602
-0.228413
-0.141906
-0.259174
-0.745591
-0.703677
-0.0951189
-0.130576
-0.170132
0.276882
-0.153587
-0.0159544
0.122961
-0.183527
-0.147289
-0.126162
1.75052
-0.00116634
0.0840837
-0.170341
-0.731105
-0.100428
-0.321974
-0.0822411
0.590605
0.341115
-0.0648004
0.366559
0.605667
0.0599644
-0.164859
0.0283936
-0.163655
0.439366
0.427974
-0.0759826
-0.86754
-0.197273
-0.0302193
0.286611
0.232005
-0.0923663
-0.153815
0.259112
-0.120825
0.69805
0.226917
-0.342613
0.743862
0.270729
-0.089811
0.203914
0.055637
-0.14249
-0.165911
-0.130765
-0.382798
0.754431
-0.377437
-0.18286
0.436506
0.29383
-0.0983261
0.125157
-0.223177
0.150622
-0.667654
-0.130879
-0.1111
0.177322
-0.114593
0.534881
-0.0210161
0.00170078
0.433804
-0.379998
-0.169731
-0.103777
-0.243233
-0.0797769
-0.121293
-0.0718992
-0.446186
-0.15366
-0.170802
-0.84292
-0.777527
-0.139509
-0.152957
0.230048
-0.393676
-0.124506
-0.447087
-0.319023
-0.116493
-0.1315
-0.461685
-0.134428
-0.0592301
-0.0742216
0.798033
0.806928
-0.123947
0.374023
-0.888213
-0.0764898
-0.261569
-0.709335
0.182313
0.217481
0.182032
0.484516
0.295576
-0.693473
-0.11234
0.137953
-0.0875144
-0.111608
-0.184015
-0.0798178
-0.1303
-0.113537
-0.087561
-0.0826386
-0.404043
-0.147137
-0.491203
-0.629856
0.415797
-0.0822311
-0.101134
-0.428392
-0.119776
0.299898
-0.0807349
-0.519195
-0.0788517
-0.219472
0.834067
0.398756
-0.196597
-0.0744865
-0.229658
-0.678692
-0.094807
-0.483813
0.160481
-0.259933
-0.150354
-0.238108
-0.300503
-0.07957
-0.518578
0.798225
-0.435011
0.0454736
-0.126799
-0.30121
-0.0697024
-0.125206
-0.0939353
1.81946
0.453523
-0.208193
-0.668903
-0.842148
-0.076492
-0.433691
-0.20793
-0.105887
-0.08597
-0.0991118
0.664884
0.474783
0.398428
0.219724
-0.731049
0.20442
0.390271
0.293698
0.409061
-1.12722
0.369975
0.265016
-0.115803
0.251589
0.321225
-0.116531
-0.0783242
-0.194105
-0.0760415
0.292215
-0.0743915
0.618827
-0.322042
-0.0784879
-0.758283
-0.156319
-0.428747
0.405097
0.538943
0.277706
0.513035
-0.136829
-0.077738
-0.649995
0.333752
-0.112017
0.216364
-0.467474
-0.679992
0.175765
-0.160799
0.235561
0.276575
-0.152782
-0.201374
0.631908
-0.334191
-0.13032
0.499704
0.187732
0.180734
-0.19202
-0.2492
0.462833
0.213917
0.975426
-0.826283
0.944962
-0.45108
0.488897
-0.236091
-0.0736886
0.43841
0.0897594
-0.395267
-0.576639
-0.108538
-0.103482
0.14371
0.137352
-1.4554
0.469398
-0.0940382
0.180334
-0.132102
-0.703009
-0.108956
-0.109709
0.123056
0.538404
-0.563591
0.463902
-0.240479
-0.029187
-0.130167
0.727087
-0.091795
-0.74575
-0.0503266
-0.167205
-0.451633
0.116526
0.121096
-0.205168
-0.441189
0.105662
-0.124492
-0.337276
-0.098336
0.335813
-0.129168
-0.135684
0.628314
-0.172624
-0.683276
0.304209
-0.249566
0.432132
0.431184
0.29854
-0.140954
0.0574814
-0.36907
-0.0983274
-0.439684
0.0254006
0.801895
-0.106139
0.0240052
0.045806
-0.106877
-0.0984288
0.0795826
-0.230748
0.225514
0.0408967
-0.31716
0.318928
-0.10378
-0.106738
0.435832
-0.106783
-0.709291
-0.0965493
0.992251
-0.361681
-0.614223
0.429529
0.522404
-0.899362
-0.121499
-0.0958358
-0.132036
-0.114727
-0.688429
0.0165401
-0.112492
-8.78552e-05
-0.465192
-0.136771
-0.29947
0.37772
0.457796
-0.0249869
0.672359
0.420318
-0.225632
-0.265632
0.34923
-0.630778
-0.033103
-0.103898
-0.549117
0.452467
0.148761
-0.0922403
-0.0807044
-0.109948
0.684948
-0.292384
-0.0967539
-0.0463359
0.325732
0.418024
-0.249617
-0.279364
-0.773533
-0.14393
1.5201
0.356706
-0.716877
-0.104219
-0.204959
-0.161762
0.123569
-0.0974204
0.292238
-0.0786294
-0.110262
-0.0957882
0.328868
0.0803152
-0.212432
-0.310461
-0.463285
-0.0993232
-0.359681
-0.17513
-0.10018
0.478025
-0.127082
-0.14528
0.371872
-0.181051
-0.101845
-0.084352
-0.0942726
-0.410887
-0.093749
-0.134426
-0.0986879
-0.581996
0.28151
-0.577617
0.164046
-0.129423
-0.10408
-0.67357
0.345982
-0.118818
-0.389754
-0.177809
-0.0911346
-0.0935006
-0.10115
-0.285833
-0.10746
-0.0997626
-0.0963053
0.523518
0.237838
-0.17977
0.0974079
-0.152811
0.26538
-0.160238
0.710733
-0.101153
-0.713543
-0.139928
-0.104672
-0.138306
-1.4336
0.53304
0.454759
0.374307
0.553509
0.473138
0.386056
0.0774852
-0.00364973
0.00794635
0.0972554
1.4874
1.51584
-0.300285
-0.280715
-0.17604
-0.737722
-0.525854
0.00284128
-0.127331
0.301051
-0.521959
-0.224083
-0.198205
-0.104726
0.211852
0.437813
-0.388941
0.249079
0.199999
-0.0925747
-0.107386
0.229285
-0.202073
-0.100109
-0.0242111
0.173908
0.355479
-0.329835
-0.118468
-0.154274
-0.345342
0.566856
-0.245542
0.272869
-0.154894
0.219518
0.24593
0.346809
-0.295397
1.00709
-0.102196
-0.72797
-0.789041
0.360572
0.219959
-0.11122
0.154195
0.219615
0.450801
-0.156784
0.891745
0.247153
-0.230341
-0.143756
0.0687801
0.0489171
0.0909085
0.113007
-0.828515
-0.240686
0.52319
-0.0411298
-0.756363
-0.302024
-0.152406
-0.172283
0.14178
-0.22232
-0.263843
-0.411728
0.673425
0.0983931
-0.192695
-0.283835
-0.11827
0.242975
0.522837
-0.479611
0.192721
-0.0900568
-0.095136
-0.0932488
-0.66286
-0.0481526
-0.203483
0.0330906
-0.170992
-0.254403
0.208781
-0.0986757
-0.1489
-0.0880594
-0.102486
-1.19422
-0.0290256
0.164179
0.13975
-0.200967
0.0145545
-0.166975
0.000348315
-0.0563807
-0.494667
0.0723673
0.0155316
0.0439649
0.882408
0.113139
-0.618433
-0.215476
-0.270935
-0.217534
-0.113958
-0.089256
0.403274
-0.322464
0.361632
-0.22686
0.438562
-0.015256
-0.684574
0.294205
0.397957
0.466541
0.481252
-0.173721
-0.111987
-0.186161
-0.211558
-0.309699
-0.134781
-1.20041
-0.0816403
-0.194117
-0.300731
-0.157768
-0.648301
-0.631358
-0.0457037
0.584426
-0.097325
-0.361183
0.469311
0.585299
-0.631276
-0.143838
0.846321
-0.561085
-0.223531
0.575424
0.44181
-0.361557
0.442024
1.40991
-0.183954
-0.180631
0.799248
0.432222
-0.116255
-0.418426
-0.27963
-0.167913
-0.113757
-0.0788633
-0.178131
0.127283
0.758369
0.310547
0.552013
-0.212303
-0.124542
-0.244248
0.777957
-0.2141
0.300326
0.183276
-0.708536
-0.355324
-0.211613
0.634401
-0.497614
-0.496807
-0.598726
0.301129
0.31944
-0.315605
-0.342086
-0.382694
0.591183
-0.250067
0.712545
-2.73008
-0.414266
0.281411
-0.243164
0.267169
-0.692933
0.268901
-0.628927
-0.121822
0.291505
0.567464
0.0283154
0.120652
0.26201
-0.41876
-0.212908
0.497042
-0.189981
0.247908
0.399254
0.474808
0.0827827
0.507923
0.282996
0.295215
0.308135
0.233464
0.194557
0.221191
0.270551
0.273737
0.349922
0.54945
0.245192
-0.0491086
-0.379295
0.467377
-0.338725
-0.0999576
0.592742
-0.229836
0.273444
0.220694
0.294438
-0.293242
0.387614
0.16596
-0.401539
-0.739109
-0.10588
0.212627
-0.397675
0.579092
-0.767727
-0.278097
0.323153
0.182903
0.195317
-0.0883758
-0.48421
0.138006
-0.107223
1.64713
0.152461
0.182504
-0.117046
0.734758
0.116176
0.160892
-0.453683
0.0966405
-0.245064
0.125412
0.209081
0.139749
0.288012
0.1195
0.290353
0.799342
0.0721436
-0.486897
0.367363
-0.501252
0.100515
0.410189
0.155963
-0.17496
-0.8146
-0.113605
0.437822
0.389374
-0.557246
-0.198106
0.182856
0.366872
0.0370265
0.0387518
0.262708
-0.448482
-0.296627
0.0287345
0.0666382
0.20405
-0.633479
-0.205363
0.411247
-0.528592
-2.03443
-0.602008
-0.222982
0.36324
0.0338786
-0.499069
0.00697004
-0.285546
-0.316717
-0.453836
-0.237551
-0.529874
0.422783
0.384888
0.00346388
-0.143292
-0.391831
0.1355
0.589047
-0.684412
0.524693
0.615652
0.558809
-0.036284
-1.22828
0.413116
-0.0203288
-0.267479
0.172991
0.344633
-0.0611148
0.450904
-0.0961071
-0.506961
-0.566155
-0.0849317
-0.313108
0.560628
-0.0909076
-0.0930637
0.412983
0.526568
0.811896
-0.101306
-0.645853
0.425419
0.577396
0.828593
0.0751327
-0.113878
-0.0854201
0.570257
-0.0909575
-1.14259
0.707291
0.41982
-0.282491
-0.167265
0.451801
0.575528
0.483683
1.88706
0.474608
-0.548131
-0.160024
0.322561
-0.144733
-0.598114
0.45918
0.213224
0.506798
-0.228624
-0.476634
-0.822862
-1.06756
-0.202608
0.541207
0.492628
-0.0187921
1.92202
-0.353712
0.381768
-1.70954
-0.0848049
-0.256016
-0.48835
-0.648906
-1.49928
-0.0248675
0.491612
0.554793
-0.518321
-1.34996
-0.839032
0.353
-0.636523
-0.105248
-0.0832576
-0.595806
-0.159524
-0.576488
-0.895282
-0.265839
0.405493
-1.00862
-0.517866
-0.146457
-0.521021
0.777201
0.557338
-0.385318
-0.970699
0.352768
-0.122288
0.581989
-0.094922
-0.514856
-0.721585
0.404101
-0.572478
-0.170094
0.32292
-0.00831882
0.555689
-0.0518786
0.0845264
-0.1149
-0.248693
-0.785712
-0.496657
-0.717432
0.429269
0.621894
0.0937985
-0.455078
0.493661
0.568788
-0.335276
-0.962289
-0.471638
0.677693
-0.165623
0.646529
0.1999
-0.278082
0.269025
0.40615
0.394259
0.541128
0.296447
0.468401
0.364875
0.0550124
0.299318
-0.301732
0.23899
-0.52015
-0.0906694
0.5956
0.222568
0.166558
0.753275
-0.380903
-0.426087
-0.144665
0.412799
-0.480659
-0.26354
-1.12512
0.469613
0.516286
0.321102
0.184398
-0.730351
-0.332415
0.416313
-0.674086
-0.0651162
0.367543
-0.210425
-0.0644557
0.191312
0.148232
-0.923614
0.422085
0.38295
0.451168
0.0479225
0.457927
0.498124
0.224301
0.180759
-0.0547124
-0.569497
0.508448
-0.103973
0.738441
-1.14105
0.474936
-0.61468
-0.751111
-0.487849
0.0224679
0.878439
0.148881
0.0964614
0.230911
-0.530622
-0.033941
1.55103
1.46201
-0.331107
0.0471623
0.129232
-0.248941
0.344223
1.02607
0.425928
1.248
0.502017
0.585545
0.804094
0.424804
0.116376
0.243979
0.255329
0.799599
-0.950419
-0.884778
0.488917
0.433735
0.111925
-0.0857905
0.702451
0.498398
-0.400705
0.560179
0.24593
0.762054
0.781834
0.0722649
-0.489505
0.130384
-0.0738355
0.362636
0.275174
0.165804
0.505207
0.940077
0.192422
-0.368122
-0.589617
0.210132
0.157915
0.0598557
0.872118
-0.588943
0.303652
0.263283
0.277515
0.0392032
-0.618504
-0.111727
-0.649712
0.199915
-0.555342
-0.801209
-0.258888
0.0314625
0.737366
0.499076
0.257231
0.209918
0.196141
-0.0873561
0.323892
-0.231547
-0.0225479
-0.662626
0.153241
0.0867961
0.254111
-0.893008
0.293667
0.161437
0.315002
1.58126
-0.0664789
1.43547
0.311648
1.21382
0.9919
0.769939
0.428513
0.0492245
-1.12911
-0.403254
0.394113
0.051662
-1.12045
0.463505
0.175589
-0.029013
0.275371
0.402485
0.325415
0.183908
0.482742
0.413169
0.302528
0.265554
0.500157
-0.0814744
-0.801341
0.292936
0.765311
-0.87823
0.390154
0.222791
0.267475
0.380004
0.220778
0.250051
0.4879
-0.0940281
0.0481142
-0.794445
-0.106809
0.269046
-1.00108
0.270344
-0.239827
-0.050383
0.406561
0.286092
-0.585523
0.458751
0.226792
1.77125
-0.402974
-0.113409
0.542714
-0.556203
-0.267556
-0.111805
0.435061
-0.554458
0.0589499
1.37624
-0.0858972
-0.120862
-0.0100055
0.590914
-0.132894
-0.00402211
-0.340387
0.375922
0.832727
0.369531
-0.0885483
0.236294
-0.899959
-0.543165
-0.37619
0.191885
0.288872
-0.179789
0.183554
-2.27892
-0.0968251
0.273684
-0.541615
-0.0738409
-0.442116
0.64834
0.200195
-0.299354
0.131722
0.0040934
-0.733064
-0.220154
0.185824
-0.407876
-0.618324
-0.0917943
0.139993
0.165876
-0.0859421
-0.262024
0.170388
0.161774
-0.337421
0.404919
0.780147
0.128184
-0.382598
0.171016
-0.86995
0.0890621
-0.0856415
0.0538131
-0.114814
-0.176273
-0.255308
-0.239843
-0.380156
0.547661
-0.253303
0.325992
0.234043
-0.802744
-0.356271
0.456854
0.522417
-1.03778
-0.85616
-0.160736
0.342098
0.0612501
-0.19321
1.04004
-0.464811
0.0385056
0.852011
0.28991
0.380247
-0.131304
-0.788555
0.216847
0.311407
0.0636488
0.537959
-0.483734
-0.573419
-0.0875776
0.176163
-1.10149
0.0125482
-0.0838405
-0.851146
0.0128182
-0.306647
-0.299768
0.448068
0.0321249
-0.157032
-0.35283
0.55336
0.296889
-0.0728899
-0.955562
-0.462768
0.343881
0.388457
0.0859052
0.658986
0.362495
0.251166
-0.159286
0.21201
0.589822
1.399
-0.0496021
-0.595242
-0.0404573
0.842708
-0.907293
0.636928
0.271405
-0.115862
-1.02681
-0.690826
-0.0387993
-0.36939
0.554206
-0.198022
0.939796
0.283533
0.183019
-0.0286957
-0.809223
-1.18903
0.538001
-0.935726
-0.314331
-0.820634
-0.194812
-1.87231
-0.216699
0.144814
0.291994
0.567126
0.387621
-0.877161
0.297204
0.787636
0.235412
-0.72873
-0.151811
-0.213831
0.392532
0.262103
-0.764683
-0.631985
-0.291179
-1.15329
-1.28755
0.518999
-0.156887
0.208205
-0.395423
-0.398539
-0.188242
-0.192172
0.45515
-1.10713
0.449708
0.117949
0.171982
-0.257223
-0.402611
0.336233
-0.113965
0.481423
0.391538
-0.849352
0.0443595
0.882411
0.49333
0.721001
0.518038
0.229442
0.491477
0.432224
-0.388429
0.429954
-0.606227
0.310406
0.532857
0.0733502
0.21773
-1.61232
0.124441
-0.127139
0.0620216
0.487906
-0.148986
0.929012
-0.218706
-1.4212
-0.101382
-1.03793
-0.797883
-0.564948
0.671302
0.138354
0.54253
-0.294159
-0.11423
-0.626506
-0.362436
-0.750578
0.00597527
0.0262198
-0.0181929
0.355934
-1.02942
-0.00364926
0.290541
0.0874712
0.403234
-0.567582
-0.781322
-0.0452061
0.973181
0.18638
-0.297989
0.33413
0.28533
-0.321157
0.169189
0.247171
-0.7775
-0.128112
-0.269479
0.467174
0.515703
0.0350297
-0.342761
0.295408
0.52095
-0.274773
1.29001
-0.984081
-0.806626
1.00233
0.191716
-0.218016
-1.02286
0.0191171
0.265052
0.218539
0.256119
0.0720149
0.712466
0.0718202
-0.115756
0.178434
-1.00605
0.719281
-0.363176
0.0959685
-0.569368
0.15616
0.227651
0.248328
-0.317326
0.186868
0.336103
0.463973
1.02958
0.361936
-0.171659
0.190363
0.125808
0.268335
0.16892
0.307252
-0.0721697
0.144654
-0.841176
0.031697
-0.919508
-0.729963
0.363847
0.133342
0.085315
-0.0617302
-0.296088
-0.942129
0.112641
-0.22006
-0.0885546
0.262159
0.231856
0.264509
-0.777892
0.143324
-0.88686
0.144558
0.226745
1.01593
-0.424082
0.461214
0.464069
-1.73327
-0.063026
0.277242
0.748288
-0.0865471
0.487753
0.40658
-0.310295
0.306406
-0.379461
1.19035
0.74643
0.992334
-0.454523
-0.0935813
-0.75428
0.527466
0.0237826
0.0215329
0.165289
0.437931
0.613644
-0.984705
-0.0107001
0.667826
0.327985
1.11544
-0.855839
0.0478328
0.192943
0.229897
-0.478964
0.0529719
-0.279492
0.0761322
-0.10533
0.933571
1.01543
-0.806829
-1.00154
0.358797
-0.930147
-0.516141
0.0691801
-0.230964
0.22254
-0.783699
0.147357
-0.777214
0.745831
0.546303
-0.820788
0.583768
-1.08044
-1.02782
0.0685955
0.610299
0.326466
0.219663
-0.489458
0.714164
0.166745
0.00702572
0.0740636
0.188298
-0.507487
0.109236
0.592718
-0.906726
0.625117
0.384288
-0.0519482
0.128707
-0.368055
0.986476
2.79784
0.155636
0.0605089
-0.0737229
0.0654581
-0.15093
0.695516
-0.32293
0.0336526
-0.141289
-0.0301992
-0.741667
-1.17801
2.00388
0.359741
2.11674
0.00960457
-0.114749
-1.81224
-0.481327
1.96847
-0.178309
-0.335045
-0.42697
-0.0590821
-0.0883537
0.333441
-0.0852065
0.0272185
-0.20048
-0.313547
0.368848
0.0649073
1.55622
0.55991
-0.387828
0.675755
0.139244
-0.00930368
0.443597
0.483009
0.337731
0.521516
0.103534
0.710296
0.254274
-0.42226
-0.274654
1.49181
1.75309
0.219537
1.60052
0.595554
0.633962
0.405398
-0.158591
1.71458
1.90759
1.82086
1.63894
-0.123856
-0.0403755
0.820875
0.789065
0.177645
0.856104
-0.238888
-0.575438
-0.46857
0.292909
1.15435
1.07808
-0.349975
1.23313
1.30025
1.26469
1.67366
0.932334
1.11991
1.01102
0.970292
1.85913
1.37664
1.04285
0.897906
0.748366
1.78828
1.34218
1.19232
1.5273
-0.500089
0.490526
-0.767819
0.285608
-0.312245
0.918476
0.892573
0.338238
-0.324073
-0.796871
-0.177737
1.01982
0.15674
0.501323
-0.291203
1.03987
-0.410138
0.111406
-0.223065
0.0924295
0.469139
-0.429088
0.503303
-0.415567
-0.775653
-0.0783872
0.192766
-0.109996
0.162711
0.693053
0.143223
-0.101815
-0.0999988
-0.380014
0.4159
0.080049
0.43378
-0.45074
0.0273437
0.266674
0.240017
0.187802
-0.00710284
0.278638
0.0584086
-0.774557
-0.618147
0.11816
0.298555
0.615147
0.703616
-0.756206
0.338832
0.121818
-0.0906593
0.149397
1.11983
0.0524938
-0.155656
0.565447
1.17401
-0.354796
0.265522
-0.879913
0.299338
-0.440541
0.962023
-0.0475109
-0.592982
-0.0718295
1.25355
-0.145868
0.827133
0.202295
-0.856845
0.105581
-0.492162
-0.157626
-0.122265
0.0288771
0.632275
1.92273
0.502159
1.79581
0.989772
0.497198
-0.222902
-0.832608
1.2164
-0.102672
-0.181111
-0.90524
0.865542
0.179139
0.717621
0.389505
-0.300631
1.81943
0.0413547
0.191096
0.426339
-0.356821
-0.162313
0.0067188
0.542382
-0.0933624
-0.313305
-0.220862
-1.29913
0.513789
-0.113485
0.194074
-0.859601
-0.195412
-0.0906073
-0.0124613
-0.341472
0.616716
0.833743
0.160488
-0.217628
1.27854
1.05572
-0.814772
-0.118215
-0.399924
0.422335
-0.214128
-0.631511
-0.96901
-0.112817
0.165746
-0.133958
-0.181602
-0.852982
0.195971
0.124472
0.472242
0.0268584
-0.172051
0.295353
-0.796393
-0.277903
0.0222609
0.191323
-1.07823
0.196972
-0.0660813
0.307313
-0.106256
0.0909805
0.186618
-0.509534
1.01223
0.311139
0.32148
1.91122
-0.430853
-0.0370374
-0.431138
-0.278586
-0.240089
0.526969
0.22834
-0.0701432
-0.755856
-0.207114
0.279772
-0.201407
-0.473697
-0.556784
0.0114034
0.205318
-0.0513602
0.342142
0.379492
0.0291082
-0.0288564
-0.532764
-1.4724
0.195499
-0.620405
-0.555327
0.0148073
0.564374
0.477337
-0.0657738
0.0753642
1.44414
0.406706
-0.0877864
-1.09283
0.856844
0.221309
2.08639
-0.0963925
-0.063423
0.0381559
-0.831134
0.0297216
-0.636727
0.475925
0.874618
0.297056
-0.156963
0.676078
-0.16033
0.153784
-0.752818
-0.146863
0.355843
-0.678737
-0.151219
0.245635
-0.986967
-0.105035
-1.00135
0.893753
0.41875
-0.0662479
-0.1537
0.0973542
-0.206133
0.189934
-0.0177529
-0.0595025
-1.63738
0.190447
-1.53756
-0.256954
-0.210793
0.384135
-0.0240976
-0.187461
-0.766837
-0.108302
-0.0836446
-0.106358
-0.346239
0.944505
0.455738
-0.0811432
-0.228283
-0.530104
0.967515
-0.100017
-0.743054
0.196192
-0.791257
-0.0835807
-0.106717
-0.516258
-0.724166
0.179966
0.471179
0.136546
-0.0182212
-0.0305632
-0.0203167
0.0387249
-0.143547
-0.174609
-0.275856
0.339212
0.0852364
-1.04388
-0.127412
-0.454904
0.548653
-0.0253837
0.437881
-0.579107
-0.506838
-1.01678
0.0251137
-0.519706
0.332245
0.0553663
1.45263
1.07705
0.139998
-0.708861
0.440139
0.219676
0.0193148
-0.232365
-0.0918154
-0.0666463
-0.206704
-1.00501
0.405025
-0.734894
0.192376
0.268744
0.49606
-0.0909447
-0.325453
0.376145
0.415676
0.286491
-0.0850784
-0.412974
0.103672
0.0432955
-0.603413
-0.194403
-0.405069
0.212355
0.131604
0.0131009
-0.510288
-0.979908
0.0197742
0.532552
-1.63993
0.935539
-0.0888501
0.159103
0.183516
0.430405
-0.127874
-0.834114
1.21772
-0.142105
-0.713933
0.529916
-0.572059
0.140718
0.0286965
-0.227442
-0.128388
0.194233
-0.847076
-0.291232
0.244669
2.43121
0.25889
0.247338
-0.0392204
0.170013
0.526869
-0.683417
0.511031
-0.753542
-0.766655
0.281401
-0.00145801
-0.469428
0.109796
0.310127
0.451812
0.0336662
0.454472
1.27493
-0.579103
-0.266135
0.125741
-0.257394
-0.12142
-0.650262
0.963433
2.3011
-0.0485723
-0.121062
0.560373
-0.0864999
-0.470951
-0.801045
-0.149057
-0.226549
2.02781
-0.161484
1.09987
-0.200338
-0.48273
-0.206045
1.93226
0.00514466
0.383299
0.0882769
-0.0978509
0.043338
-0.0740206
-0.289937
0.573653
0.499054
-0.206483
-0.190815
0.643573
0.544757
0.466893
-0.368907
0.358019
0.69081
-0.0200905
1.72373
1.61304
0.421643
0.117352
0.735964
1.58963
0.171657
0.187306
-0.453532
-0.143557
-0.335935
0.304103
0.627958
0.280264
0.234567
-0.40528
1.87733
1.53603
1.81463
1.65859
0.803161
1.70518
0.849327
-0.260778
1.76926
0.865957
1.17994
1.83603
0.957914
1.29311
1.08794
1.07129
1.24724
1.51377
1.1348
0.759614
0.98156
1.02513
1.31033
1.35769
0.912792
1.20358
-0.474164
0.279684
0.323476
0.516646
-0.4526
0.60852
0.192271
-0.00574346
-0.049854
0.710561
0.515624
2.04281
-0.548877
-0.230889
-0.246614
-0.198926
-0.537732
-0.891976
0.181225
0.671566
-0.0386906
1.08806
0.484768
0.158247
-0.218153
-0.141355
1.67432
0.269118
0.51483
0.226872
-0.356981
0.239476
-0.0322573
0.330124
-0.546898
-0.528412
-0.327732
0.0389927
0.0913084
0.57164
-0.124075
1.03905
-0.951372
0.0583985
0.247463
0.332937
-0.119297
1.17838
-1.31219
0.318394
0.537259
1.46677
0.0808324
-0.760984
0.611664
0.223426
-0.378301
0.423956
0.465065
-1.0962
0.435637
-0.105815
0.15861
-0.189784
-0.389637
-0.922295
-0.74516
0.233293
-0.244579
0.307669
-0.967571
-0.196136
-0.122459
-0.127939
0.0278342
-0.290351
1.51687
0.00706476
0.0880123
0.385402
0.467918
0.544359
0.318111
-0.494888
-0.0296116
0.379707
0.275014
-0.560088
0.0406077
-0.234494
-0.677399
0.445986
0.489222
0.0271765
0.0432097
0.131988
0.276016
0.259165
-1.55497
0.232206
-0.533113
0.291956
0.180653
1.36406
-0.227682
-0.202315
-0.95998
-0.870998
0.20912
0.312719
-0.0358756
-0.567951
-0.179149
-0.245706
-0.209828
0.518786
-0.277453
-1.01836
-0.0635229
0.10795
0.385261
-0.879039
0.955467
-0.395913
0.0511851
-0.730714
0.142268
0.721292
0.000748555
-0.557039
0.175479
-0.182388
1.29321
-0.00290429
0.228666
-0.314604
0.00440393
-0.916564
0.286654
0.7179
-0.216322
-0.765758
-0.942168
-1.52575
-0.726917
0.20768
-0.171921
0.0987311
-0.365874
0.265256
1.89219
-0.942952
0.319528
1.5485
0.0753636
0.120204
0.222463
-0.960689
0.152255
1.97499
0.371315
0.11601
0.698399
0.127628
1.94285
-0.0169271
-0.615757
0.0157174
1.22533
0.210146
0.686153
0.130257
0.215153
0.32016
-0.534608
0.143665
-0.521263
)
;

boundaryField
{
    frontAndBack
    {
        type            empty;
    }
    bottom
    {
        type            zeroGradient;
    }
    inlet
    {
        type            zeroGradient;
    }
    top
    {
        type            zeroGradient;
    }
    outlet
    {
        type            fixedValue;
        value           uniform 0;
    }
    car
    {
        type            zeroGradient;
    }
}


// ************************************************************************* //
